id	start_time	end_time	detail
622964	2024-07-13 00:01:04.528000+08:00	2024-07-13 00:01:04.528000+08:00	{'东门北侧': {'A': [1, 1, 1, 1, 1, 1, 1, 1, 1, 1], 'B': [1, 1, 1, 1, 1, 1, 1, 0, 1, 1], 'C': [0, 1, 1, 0, 1, 0, 1, 1, 1, 0], 'D': [1, 1, 1, 1, 1, 0, 0, 1, 0, 1], 'E': [1, 1, 1, 1, 1, 1, 1, 0, 1, 0], 'F': [0, 1, 1, 1, 1, 1, 1, 1, 1, 1], 'G': [0, 1, 1, 1, 1, 0, 1, 1, 0, 0], 'H': [1, 1, 1, 1, 0, 1, 1, 1, 0, 0], 'I': [0, 1, 0, 1, 1, 0, 1, 1, 1, 1], 'J': [1, 0, 0, 0, 1, 0, 1, 1, 1, 0], 'K': [0, 0, 1, 0, 0, 1, 1, 1, 0, 0]}, '东门南侧': {'A': [0, 0, 0, 1, 0, 0, 0, 0, 1, 1], 'B': [0, 0, 0, 0, 0, 0, 0, 0, 0, 0]}, '西门北侧': {'A': [1, 1, 1, 1, 1, 1, 1, 0, 1, 1], 'B': [0, 1, 0, 1, 1, 0, 1, 1, 0, 0], 'C': [1, 1, 0, 0, 1, 1, 1, 1, 1, 0]}, '西门南侧': {'A': [0, 1, 1, 1, 1, 0, 1, 0, 1, 1], 'B': [1, 1, 1, 1, 1, 1, 1, 1, 1, 1], 'C': [1, 0, 1, 1, 1, 1, 1, 1, 1, 1]}, '南门西侧': {'A': [1, 1, 0, 1, 1, 1, 1, 1, 1, 1], 'B': [1, 1, 1, 1, 0, 0, 1, 1, 0, 1]}, '南门东侧': {'A': [1, 0, 0, 1, 1, 1, 1, 1, 1, 1], 'B': [1, 1, 1, 1, 1, 1, 1, 1, 1, 1]}, '北门东北侧': {'A': [1, 1, 1, 1, 1, 1, 1, 1, 1, 1], 'B': [0, 0, 1, 1, 1, 1, 1, 1, 0, 1], 'C': [1, 1, 0, 1, 0, 1, 1, 1, 1, 0], 'D': [0, 0, 1, 1, 0, 0, 1, 0, 0, 1]}, '北门东南侧': {'A': [0, 1, 1, 0, 1, 0, 0, 1, 1, 1], 'B': [0, 1, 1, 0, 0, 1, 1, 0, 0, 0], 'C': [1, 1, 0, 1, 0, 0, 0, 0, 0, 0], 'D': [1, 1, 0, 0, 1, 1, 1, 1, 0, 1], 'E': [1, 1, 1, 1, 0, 0, 1, 0, 1, 1], 'F': [1, 0, 1, 1, 0, 1, 1, 0, 1, 1]}, '橘园北侧南': {'A': [0, 0, 0, 0, 0, 1, 0, 0, 0, 0], 'B': [0, 0, 0, 0, 0, 1, 1, 0, 0, 0], 'C': [0, 0, 1, 0, 0, 0, 0, 1, 0, 0], 'D': [0, 0, 0, 1, 0, 0, 0, 0, 1, 0], 'E': [0, 0, 0, 0, 0, 0, 0, 0, 0, 1], 'F': [0, 0, 0, 0, 0, 0, 0, 0, 0, 0], 'G': [0, 0, 0, 0, 0, 0, 0, 0, 0, 0], 'H': [0, 1, 1, 1, 1, 1, 1, 1, 1, 1], 'I': [0, 0, 0, 0, 0, 0, 0, 1, 0, 0], 'J': [0, 0, 0, 0, 0, 0, 0, 0, 0, 0]}, '校医院西': {'A': [1, 1, 1, 1, 1, 1, 1, 1, 1, 1], 'B': [1, 1, 1, 0, 1, 1, 0, 0, 1, 0], 'C': [1, 0, 1, 1, 0, 0, 1, 1, 0, 1], 'D': [0, 1, 1, 1, 1, 1, 0, 1, 1, 1], 'E': [1, 0, 1, 1, 1, 1, 1, 1, 1, 1], 'F': [0, 1, 0, 1, 1, 1, 1, 1, 1, 1], 'G': [0, 0, 0, 1, 0, 1, 1, 1, 0, 0], 'H': [0, 0, 0, 0, 0, 0, 0, 0, 0, 0], 'I': [0, 0, 0, 0, 0, 0, 1, 1, 0, 0]}}
622965	2024-07-13 00:01:52.258000+08:00	2024-07-13 00:01:52.258000+08:00	{'东门北侧': {'A': [1, 1, 1, 1, 1, 1, 1, 1, 1, 1], 'B': [1, 1, 1, 1, 1, 1, 1, 0, 1, 1], 'C': [0, 1, 1, 0, 1, 0, 1, 1, 1, 0], 'D': [1, 1, 1, 1, 1, 0, 0, 1, 0, 1], 'E': [1, 1, 1, 1, 1, 1, 1, 0, 1, 0], 'F': [0, 1, 1, 1, 1, 1, 1, 1, 1, 1], 'G': [0, 1, 1, 1, 1, 0, 1, 1, 0, 0], 'H': [1, 1, 1, 1, 0, 1, 1, 1, 0, 0], 'I': [0, 1, 0, 1, 1, 0, 1, 1, 1, 1], 'J': [1, 0, 0, 0, 1, 0, 1, 1, 1, 0], 'K': [0, 0, 1, 0, 0, 1, 1, 1, 0, 0]}, '东门南侧': {'A': [0, 0, 0, 1, 0, 0, 0, 0, 1, 1], 'B': [0, 0, 0, 0, 0, 0, 0, 0, 0, 0]}, '西门北侧': {'A': [1, 1, 1, 1, 1, 1, 1, 0, 1, 1], 'B': [0, 1, 0, 1, 1, 0, 1, 1, 0, 0], 'C': [1, 1, 0, 0, 1, 1, 1, 1, 1, 0]}, '西门南侧': {'A': [0, 1, 1, 1, 1, 0, 1, 0, 1, 1], 'B': [1, 1, 1, 1, 1, 1, 1, 1, 1, 1], 'C': [1, 0, 1, 1, 1, 1, 1, 1, 1, 1]}, '南门西侧': {'A': [1, 1, 0, 1, 1, 1, 1, 1, 1, 1], 'B': [1, 1, 1, 1, 0, 0, 1, 1, 0, 1]}, '南门东侧': {'A': [1, 0, 0, 1, 1, 1, 1, 1, 1, 1], 'B': [1, 1, 1, 1, 1, 1, 1, 1, 1, 1]}, '北门东北侧': {'A': [1, 1, 1, 1, 1, 1, 1, 1, 1, 1], 'B': [0, 0, 1, 1, 1, 1, 1, 1, 0, 1], 'C': [1, 1, 0, 1, 0, 1, 1, 1, 1, 0], 'D': [0, 0, 1, 1, 0, 0, 1, 0, 0, 1]}, '北门东南侧': {'A': [0, 1, 1, 0, 1, 0, 0, 1, 1, 1], 'B': [0, 1, 1, 0, 0, 1, 1, 0, 0, 0], 'C': [1, 1, 0, 1, 0, 0, 0, 0, 0, 0], 'D': [1, 1, 0, 0, 1, 1, 1, 1, 0, 1], 'E': [1, 1, 1, 1, 0, 0, 1, 0, 1, 1], 'F': [1, 0, 1, 1, 0, 1, 1, 0, 1, 1]}, '橘园北侧南': {'A': [0, 0, 0, 0, 0, 1, 0, 0, 0, 0], 'B': [0, 0, 0, 0, 0, 1, 1, 0, 0, 0], 'C': [0, 0, 1, 0, 0, 0, 0, 1, 0, 0], 'D': [0, 0, 0, 1, 0, 0, 0, 0, 1, 0], 'E': [0, 0, 0, 0, 0, 0, 0, 0, 0, 1], 'F': [0, 0, 0, 0, 0, 0, 0, 0, 0, 0], 'G': [0, 0, 0, 0, 0, 0, 0, 0, 0, 0], 'H': [0, 1, 1, 1, 1, 1, 1, 1, 1, 1], 'I': [0, 0, 0, 0, 0, 0, 0, 1, 0, 0], 'J': [0, 0, 0, 0, 0, 0, 0, 0, 0, 0]}, '校医院西': {'A': [1, 1, 1, 1, 1, 1, 1, 1, 1, 1], 'B': [1, 1, 1, 0, 1, 1, 0, 0, 1, 0], 'C': [1, 0, 1, 1, 0, 0, 1, 1, 0, 1], 'D': [0, 1, 1, 1, 1, 1, 0, 1, 1, 1], 'E': [1, 0, 1, 1, 1, 1, 1, 1, 1, 1], 'F': [0, 1, 0, 1, 1, 1, 1, 1, 1, 1], 'G': [0, 0, 0, 1, 0, 1, 1, 1, 0, 0], 'H': [0, 0, 0, 0, 0, 0, 0, 0, 0, 0], 'I': [0, 0, 0, 0, 0, 0, 1, 1, 0, 0]}}
622966	2024-07-13 00:02:52.563000+08:00	2024-07-13 00:02:52.563000+08:00	{'东门北侧': {'A': [1, 1, 1, 1, 1, 1, 1, 1, 1, 1], 'B': [1, 1, 1, 1, 1, 1, 1, 0, 1, 1], 'C': [0, 1, 1, 0, 1, 0, 1, 1, 1, 0], 'D': [1, 1, 1, 1, 1, 0, 0, 1, 0, 1], 'E': [1, 1, 1, 1, 1, 1, 1, 0, 1, 0], 'F': [0, 1, 1, 1, 1, 1, 1, 1, 1, 1], 'G': [0, 1, 1, 1, 1, 0, 1, 1, 0, 0], 'H': [1, 1, 1, 1, 0, 1, 1, 1, 0, 0], 'I': [0, 1, 0, 1, 1, 0, 1, 1, 1, 1], 'J': [1, 0, 0, 0, 1, 0, 1, 1, 1, 0], 'K': [0, 0, 1, 0, 0, 1, 1, 1, 0, 0]}, '东门南侧': {'A': [0, 0, 0, 1, 0, 0, 1, 0, 1, 1], 'B': [0, 0, 0, 0, 0, 0, 0, 0, 0, 0]}, '西门北侧': {'A': [1, 1, 1, 1, 1, 1, 1, 0, 1, 1], 'B': [0, 1, 0, 1, 1, 0, 1, 1, 0, 0], 'C': [1, 1, 0, 0, 1, 1, 1, 1, 1, 0]}, '西门南侧': {'A': [0, 1, 1, 1, 1, 0, 1, 0, 1, 1], 'B': [1, 1, 1, 1, 1, 1, 1, 1, 1, 1], 'C': [1, 0, 1, 1, 1, 1, 1, 1, 1, 1]}, '南门西侧': {'A': [1, 1, 0, 1, 1, 1, 1, 1, 1, 1], 'B': [1, 1, 1, 1, 0, 0, 1, 1, 0, 1]}, '南门东侧': {'A': [1, 0, 0, 1, 1, 1, 1, 1, 1, 1], 'B': [1, 1, 1, 1, 1, 1, 1, 1, 1, 1]}, '北门东北侧': {'A': [1, 1, 1, 1, 1, 1, 1, 1, 1, 1], 'B': [0, 0, 1, 1, 1, 1, 1, 1, 0, 1], 'C': [1, 1, 0, 1, 0, 1, 1, 1, 1, 0], 'D': [0, 0, 1, 1, 0, 0, 1, 0, 0, 1]}, '北门东南侧': {'A': [0, 1, 1, 0, 1, 0, 0, 1, 1, 1], 'B': [0, 1, 1, 0, 0, 1, 1, 0, 0, 0], 'C': [1, 1, 0, 1, 0, 0, 0, 0, 0, 0], 'D': [1, 1, 0, 0, 1, 1, 1, 1, 0, 1], 'E': [1, 1, 1, 1, 0, 0, 1, 0, 1, 1], 'F': [1, 0, 1, 1, 0, 1, 1, 0, 1, 1]}, '橘园北侧南': {'A': [0, 0, 0, 0, 0, 1, 0, 0, 0, 0], 'B': [0, 0, 0, 0, 0, 1, 1, 0, 0, 0], 'C': [0, 0, 1, 0, 0, 0, 0, 1, 0, 0], 'D': [0, 0, 0, 1, 0, 0, 0, 0, 1, 0], 'E': [0, 0, 0, 0, 0, 0, 0, 0, 0, 1], 'F': [0, 0, 0, 0, 0, 0, 0, 0, 0, 0], 'G': [0, 0, 0, 0, 0, 0, 0, 0, 0, 0], 'H': [0, 1, 1, 1, 1, 1, 1, 1, 1, 1], 'I': [0, 0, 0, 0, 0, 0, 0, 1, 0, 0], 'J': [0, 0, 0, 0, 0, 0, 0, 0, 0, 0]}, '校医院西': {'A': [1, 1, 1, 1, 1, 1, 1, 1, 1, 1], 'B': [1, 1, 1, 0, 1, 1, 1, 0, 1, 0], 'C': [1, 0, 1, 1, 0, 0, 1, 1, 0, 1], 'D': [0, 1, 1, 1, 1, 1, 0, 1, 1, 1], 'E': [1, 0, 1, 1, 1, 1, 1, 1, 1, 1], 'F': [0, 1, 0, 1, 1, 1, 1, 1, 1, 1], 'G': [0, 0, 0, 1, 0, 1, 1, 1, 0, 0], 'H': [0, 0, 0, 0, 0, 0, 0, 0, 0, 0], 'I': [0, 0, 0, 0, 0, 0, 1, 1, 0, 0]}}
622967	2024-07-13 00:03:50.528000+08:00	2024-07-13 00:03:50.528000+08:00	{'东门北侧': {'A': [1, 1, 1, 1, 1, 1, 1, 1, 1, 1], 'B': [1, 1, 1, 1, 1, 1, 1, 0, 1, 1], 'C': [0, 1, 1, 0, 1, 0, 1, 1, 1, 0], 'D': [1, 1, 1, 1, 1, 0, 0, 1, 0, 1], 'E': [1, 1, 1, 1, 1, 1, 1, 0, 1, 0], 'F': [0, 1, 1, 1, 1, 1, 1, 1, 1, 1], 'G': [0, 1, 1, 1, 1, 0, 1, 1, 0, 0], 'H': [1, 1, 1, 1, 0, 1, 1, 1, 0, 0], 'I': [0, 1, 0, 1, 1, 0, 1, 1, 1, 1], 'J': [1, 0, 0, 0, 1, 0, 1, 1, 1, 0], 'K': [0, 0, 1, 0, 0, 1, 1, 1, 0, 0]}, '东门南侧': {'A': [0, 0, 0, 1, 0, 0, 1, 0, 1, 1], 'B': [0, 0, 0, 0, 0, 0, 0, 0, 0, 0]}, '西门北侧': {'A': [1, 1, 1, 1, 1, 1, 1, 0, 1, 1], 'B': [0, 1, 0, 1, 1, 0, 1, 1, 0, 0], 'C': [1, 1, 0, 0, 1, 1, 1, 1, 1, 0]}, '西门南侧': {'A': [0, 1, 1, 1, 1, 0, 1, 0, 1, 1], 'B': [1, 1, 1, 1, 1, 1, 1, 1, 1, 1], 'C': [1, 0, 1, 1, 1, 1, 1, 1, 1, 1]}, '南门西侧': {'A': [1, 1, 0, 1, 1, 1, 1, 1, 1, 1], 'B': [1, 1, 1, 1, 0, 0, 1, 1, 0, 1]}, '南门东侧': {'A': [1, 0, 0, 1, 1, 1, 1, 1, 1, 1], 'B': [1, 1, 1, 1, 1, 1, 1, 1, 1, 1]}, '北门东北侧': {'A': [1, 1, 1, 1, 1, 1, 1, 1, 1, 1], 'B': [0, 0, 1, 1, 1, 1, 1, 1, 0, 1], 'C': [1, 1, 0, 1, 0, 1, 1, 1, 1, 0], 'D': [0, 0, 1, 1, 0, 0, 1, 0, 0, 1]}, '北门东南侧': {'A': [0, 1, 1, 0, 1, 0, 0, 1, 1, 1], 'B': [0, 1, 1, 0, 0, 1, 1, 0, 0, 0], 'C': [1, 1, 0, 1, 0, 0, 0, 0, 0, 0], 'D': [1, 1, 0, 0, 1, 1, 1, 1, 0, 1], 'E': [1, 1, 1, 1, 0, 0, 1, 0, 1, 1], 'F': [1, 0, 1, 1, 0, 1, 1, 0, 1, 1]}, '橘园北侧南': {'A': [0, 0, 0, 0, 0, 1, 0, 0, 0, 0], 'B': [0, 0, 0, 0, 0, 1, 1, 0, 0, 0], 'C': [0, 0, 1, 0, 0, 0, 0, 1, 0, 0], 'D': [0, 0, 0, 1, 0, 0, 0, 0, 1, 0], 'E': [0, 0, 0, 0, 0, 0, 0, 0, 0, 1], 'F': [0, 0, 0, 0, 0, 0, 0, 0, 0, 0], 'G': [0, 0, 0, 0, 0, 0, 0, 0, 0, 0], 'H': [0, 1, 1, 1, 1, 1, 1, 1, 1, 1], 'I': [0, 0, 0, 0, 0, 0, 0, 1, 0, 0], 'J': [0, 0, 0, 0, 0, 0, 0, 0, 0, 0]}, '校医院西': {'A': [1, 1, 1, 1, 1, 1, 1, 1, 1, 1], 'B': [1, 1, 1, 0, 1, 1, 1, 0, 1, 0], 'C': [1, 0, 1, 1, 0, 0, 1, 1, 0, 1], 'D': [0, 1, 1, 1, 1, 1, 0, 1, 1, 1], 'E': [1, 0, 1, 1, 1, 1, 1, 1, 1, 1], 'F': [0, 1, 0, 1, 1, 1, 1, 1, 1, 1], 'G': [0, 0, 0, 1, 0, 1, 1, 1, 0, 0], 'H': [0, 0, 0, 0, 0, 0, 0, 0, 0, 0], 'I': [0, 0, 0, 0, 0, 0, 1, 1, 0, 0]}}
622968	2024-07-13 00:04:57.841000+08:00	2024-07-13 00:04:57.841000+08:00	{'东门北侧': {'A': [1, 1, 1, 1, 1, 1, 1, 1, 1, 1], 'B': [1, 1, 1, 1, 1, 1, 1, 0, 1, 1], 'C': [0, 1, 1, 0, 1, 0, 1, 1, 1, 0], 'D': [1, 1, 1, 1, 1, 0, 0, 1, 0, 1], 'E': [1, 1, 1, 1, 1, 1, 1, 0, 1, 0], 'F': [0, 1, 1, 1, 1, 1, 1, 1, 1, 1], 'G': [0, 1, 1, 1, 1, 0, 1, 1, 0, 0], 'H': [1, 1, 1, 1, 0, 1, 1, 1, 0, 0], 'I': [0, 1, 0, 1, 1, 0, 1, 1, 1, 1], 'J': [1, 0, 0, 0, 1, 0, 1, 1, 1, 0], 'K': [0, 0, 1, 0, 0, 1, 1, 1, 0, 0]}, '东门南侧': {'A': [0, 0, 0, 1, 0, 0, 1, 0, 1, 1], 'B': [0, 0, 0, 0, 0, 0, 0, 0, 0, 0]}, '西门北侧': {'A': [1, 1, 1, 1, 1, 1, 1, 0, 1, 1], 'B': [0, 1, 0, 1, 1, 0, 1, 1, 0, 0], 'C': [1, 1, 0, 0, 1, 1, 1, 1, 1, 0]}, '西门南侧': {'A': [0, 1, 1, 1, 1, 0, 1, 0, 1, 1], 'B': [1, 1, 1, 1, 1, 1, 1, 1, 1, 1], 'C': [1, 0, 1, 1, 1, 1, 1, 1, 1, 1]}, '南门西侧': {'A': [1, 1, 0, 1, 1, 1, 1, 1, 1, 1], 'B': [1, 1, 1, 1, 0, 0, 1, 1, 0, 1]}, '南门东侧': {'A': [1, 0, 0, 1, 1, 1, 1, 1, 1, 1], 'B': [1, 1, 1, 1, 1, 1, 1, 1, 1, 1]}, '北门东北侧': {'A': [1, 1, 1, 1, 1, 1, 1, 1, 1, 1], 'B': [0, 0, 1, 1, 1, 1, 1, 1, 0, 1], 'C': [1, 1, 0, 1, 0, 1, 1, 1, 1, 0], 'D': [0, 0, 1, 1, 0, 0, 1, 0, 0, 1]}, '北门东南侧': {'A': [0, 1, 1, 0, 1, 0, 0, 1, 1, 1], 'B': [0, 1, 1, 0, 0, 1, 1, 0, 0, 0], 'C': [1, 1, 0, 1, 0, 0, 0, 0, 0, 0], 'D': [1, 1, 0, 0, 1, 1, 1, 1, 0, 1], 'E': [1, 1, 1, 1, 0, 0, 1, 0, 1, 1], 'F': [1, 0, 1, 1, 0, 1, 1, 0, 1, 1]}, '橘园北侧南': {'A': [0, 0, 0, 0, 0, 1, 0, 0, 0, 0], 'B': [0, 0, 0, 0, 0, 1, 1, 0, 0, 0], 'C': [0, 0, 1, 0, 0, 0, 0, 1, 0, 0], 'D': [0, 0, 0, 1, 0, 0, 0, 0, 1, 0], 'E': [0, 0, 0, 0, 0, 0, 0, 0, 0, 1], 'F': [0, 0, 0, 0, 0, 0, 0, 0, 0, 0], 'G': [0, 0, 0, 0, 0, 0, 0, 0, 0, 0], 'H': [0, 1, 1, 1, 1, 1, 1, 1, 1, 1], 'I': [0, 0, 0, 0, 0, 0, 0, 1, 0, 0], 'J': [0, 0, 0, 0, 0, 0, 0, 0, 0, 0]}, '校医院西': {'A': [1, 1, 1, 1, 1, 1, 1, 1, 1, 1], 'B': [1, 1, 1, 0, 1, 1, 1, 0, 1, 0], 'C': [1, 0, 1, 1, 0, 0, 1, 1, 0, 1], 'D': [0, 1, 1, 1, 1, 1, 0, 1, 1, 1], 'E': [1, 0, 1, 1, 1, 1, 1, 1, 1, 1], 'F': [0, 1, 0, 1, 1, 1, 1, 1, 1, 1], 'G': [0, 0, 0, 1, 0, 1, 1, 1, 0, 0], 'H': [0, 0, 0, 0, 0, 0, 0, 0, 0, 0], 'I': [0, 0, 0, 0, 0, 0, 1, 1, 0, 0]}}
622969	2024-07-13 00:05:50.322000+08:00	2024-07-13 00:05:50.322000+08:00	{'东门北侧': {'A': [1, 1, 1, 1, 1, 1, 1, 1, 1, 1], 'B': [1, 1, 1, 1, 1, 1, 1, 0, 1, 1], 'C': [0, 1, 1, 0, 1, 0, 1, 1, 1, 0], 'D': [1, 1, 1, 1, 1, 0, 0, 1, 0, 1], 'E': [1, 1, 1, 1, 1, 1, 1, 0, 1, 0], 'F': [0, 1, 1, 1, 1, 1, 1, 1, 1, 1], 'G': [0, 1, 1, 1, 1, 0, 1, 1, 0, 0], 'H': [1, 1, 1, 1, 0, 1, 1, 1, 0, 0], 'I': [0, 1, 0, 1, 1, 0, 1, 1, 1, 1], 'J': [1, 0, 0, 0, 1, 0, 1, 1, 1, 0], 'K': [0, 0, 1, 0, 0, 1, 1, 1, 0, 0]}, '东门南侧': {'A': [0, 0, 0, 1, 0, 0, 1, 0, 1, 1], 'B': [0, 0, 0, 0, 0, 0, 0, 0, 0, 0]}, '西门北侧': {'A': [1, 1, 1, 1, 1, 1, 1, 0, 1, 1], 'B': [0, 1, 0, 1, 1, 0, 1, 1, 0, 0], 'C': [1, 1, 0, 0, 1, 1, 1, 1, 1, 0]}, '西门南侧': {'A': [0, 1, 1, 1, 1, 0, 1, 0, 1, 1], 'B': [1, 1, 1, 1, 1, 1, 1, 1, 1, 1], 'C': [1, 0, 1, 1, 1, 1, 1, 1, 1, 1]}, '南门西侧': {'A': [1, 1, 0, 1, 1, 1, 1, 1, 1, 1], 'B': [1, 1, 1, 1, 0, 0, 1, 1, 0, 1]}, '南门东侧': {'A': [1, 0, 0, 1, 1, 1, 1, 1, 1, 1], 'B': [1, 1, 1, 1, 1, 1, 1, 1, 1, 1]}, '北门东北侧': {'A': [1, 1, 1, 1, 1, 1, 1, 1, 1, 1], 'B': [0, 0, 1, 1, 1, 1, 1, 1, 0, 1], 'C': [1, 1, 0, 1, 0, 1, 1, 1, 1, 0], 'D': [0, 0, 1, 1, 0, 0, 1, 0, 0, 1]}, '北门东南侧': {'A': [0, 1, 1, 0, 1, 0, 0, 1, 1, 1], 'B': [0, 1, 1, 0, 0, 1, 1, 0, 0, 0], 'C': [1, 1, 0, 1, 0, 0, 0, 0, 0, 0], 'D': [1, 1, 0, 0, 1, 1, 1, 1, 0, 1], 'E': [1, 1, 1, 1, 0, 0, 1, 0, 1, 1], 'F': [1, 0, 1, 1, 0, 1, 1, 0, 1, 1]}, '橘园北侧南': {'A': [0, 0, 0, 0, 0, 1, 0, 0, 0, 0], 'B': [0, 0, 0, 0, 0, 1, 1, 0, 0, 0], 'C': [0, 0, 1, 0, 0, 0, 0, 1, 0, 0], 'D': [0, 0, 0, 1, 0, 0, 0, 0, 1, 0], 'E': [0, 0, 0, 0, 0, 0, 0, 0, 0, 1], 'F': [0, 0, 0, 0, 0, 0, 0, 0, 0, 0], 'G': [0, 0, 0, 0, 0, 0, 0, 0, 0, 0], 'H': [0, 1, 1, 1, 1, 1, 1, 1, 1, 1], 'I': [0, 0, 0, 0, 0, 0, 0, 1, 0, 0], 'J': [0, 0, 0, 0, 0, 0, 0, 0, 0, 0]}, '校医院西': {'A': [1, 1, 1, 1, 1, 1, 1, 1, 1, 1], 'B': [1, 1, 1, 0, 1, 1, 1, 0, 1, 0], 'C': [1, 0, 1, 1, 0, 0, 1, 1, 0, 1], 'D': [0, 1, 1, 1, 1, 1, 0, 1, 1, 1], 'E': [1, 0, 1, 1, 1, 1, 1, 1, 1, 1], 'F': [0, 1, 0, 1, 1, 1, 1, 1, 1, 1], 'G': [0, 0, 0, 1, 0, 1, 1, 1, 0, 0], 'H': [0, 0, 0, 0, 0, 0, 0, 0, 0, 0], 'I': [0, 0, 0, 0, 0, 0, 1, 1, 0, 0]}}
622970	2024-07-13 00:06:49.044000+08:00	2024-07-13 00:06:49.044000+08:00	{'东门北侧': {'A': [1, 1, 1, 1, 1, 1, 1, 1, 1, 1], 'B': [1, 1, 1, 1, 1, 1, 1, 0, 1, 1], 'C': [0, 1, 1, 0, 1, 0, 1, 1, 1, 0], 'D': [1, 1, 1, 1, 1, 0, 0, 1, 0, 1], 'E': [1, 1, 1, 1, 1, 1, 1, 0, 1, 0], 'F': [0, 1, 1, 1, 1, 1, 1, 1, 1, 1], 'G': [0, 1, 1, 1, 1, 0, 1, 1, 0, 0], 'H': [1, 1, 1, 1, 0, 1, 1, 1, 0, 0], 'I': [0, 1, 0, 1, 1, 0, 1, 1, 1, 1], 'J': [1, 0, 0, 0, 1, 0, 1, 1, 1, 0], 'K': [0, 0, 1, 0, 0, 1, 1, 1, 0, 0]}, '东门南侧': {'A': [0, 0, 0, 1, 0, 0, 1, 0, 1, 1], 'B': [0, 0, 0, 0, 0, 0, 0, 0, 0, 0]}, '西门北侧': {'A': [1, 1, 1, 1, 1, 1, 1, 1, 1, 1], 'B': [0, 1, 0, 1, 1, 0, 1, 1, 0, 0], 'C': [1, 1, 0, 0, 1, 1, 1, 1, 1, 0]}, '西门南侧': {'A': [0, 1, 1, 1, 1, 0, 1, 0, 1, 1], 'B': [1, 1, 1, 1, 1, 1, 1, 1, 1, 1], 'C': [1, 0, 1, 1, 1, 1, 1, 1, 1, 1]}, '南门西侧': {'A': [1, 1, 0, 1, 1, 1, 1, 1, 1, 1], 'B': [1, 1, 1, 1, 0, 0, 1, 1, 0, 1]}, '南门东侧': {'A': [1, 0, 0, 1, 1, 1, 1, 1, 1, 1], 'B': [1, 1, 1, 1, 1, 1, 1, 1, 1, 1]}, '北门东北侧': {'A': [1, 1, 1, 1, 1, 1, 1, 1, 1, 1], 'B': [0, 0, 1, 1, 1, 1, 1, 1, 0, 1], 'C': [1, 1, 0, 1, 0, 1, 1, 1, 1, 0], 'D': [0, 0, 1, 1, 0, 0, 1, 0, 0, 1]}, '北门东南侧': {'A': [0, 1, 1, 0, 1, 0, 0, 1, 1, 1], 'B': [0, 1, 1, 0, 0, 1, 1, 0, 0, 0], 'C': [1, 1, 0, 1, 0, 0, 0, 0, 0, 0], 'D': [1, 1, 0, 0, 1, 1, 1, 1, 0, 1], 'E': [1, 1, 1, 1, 0, 0, 1, 0, 1, 1], 'F': [1, 0, 1, 1, 0, 1, 1, 0, 1, 1]}, '橘园北侧南': {'A': [0, 0, 0, 0, 0, 1, 0, 0, 0, 0], 'B': [0, 0, 0, 0, 0, 1, 1, 0, 0, 0], 'C': [0, 0, 1, 0, 0, 0, 0, 1, 0, 0], 'D': [0, 0, 0, 1, 0, 0, 0, 0, 1, 0], 'E': [0, 0, 0, 0, 0, 0, 0, 0, 0, 1], 'F': [0, 0, 0, 0, 0, 0, 0, 0, 0, 0], 'G': [0, 0, 0, 0, 0, 0, 0, 0, 0, 0], 'H': [0, 1, 1, 1, 1, 1, 1, 1, 1, 1], 'I': [0, 0, 0, 0, 0, 0, 0, 1, 0, 0], 'J': [0, 0, 0, 0, 0, 0, 0, 0, 0, 0]}, '校医院西': {'A': [1, 1, 1, 1, 1, 1, 1, 1, 1, 1], 'B': [1, 1, 1, 0, 1, 1, 1, 0, 1, 0], 'C': [1, 0, 1, 1, 0, 0, 1, 1, 0, 1], 'D': [0, 1, 1, 1, 1, 1, 0, 1, 1, 1], 'E': [1, 0, 1, 1, 1, 1, 1, 1, 1, 1], 'F': [0, 1, 0, 1, 1, 1, 1, 1, 1, 1], 'G': [0, 0, 0, 1, 0, 1, 1, 1, 0, 0], 'H': [0, 0, 0, 0, 0, 0, 0, 0, 0, 0], 'I': [0, 0, 0, 0, 0, 0, 1, 1, 0, 0]}}
622971	2024-07-13 00:07:53.253000+08:00	2024-07-13 00:07:53.253000+08:00	{'东门北侧': {'A': [1, 1, 1, 1, 1, 1, 1, 1, 1, 1], 'B': [1, 1, 1, 1, 1, 1, 1, 0, 1, 1], 'C': [0, 1, 1, 0, 1, 0, 1, 1, 1, 0], 'D': [1, 1, 1, 1, 1, 0, 0, 1, 0, 1], 'E': [1, 1, 1, 1, 1, 1, 1, 0, 1, 0], 'F': [0, 1, 1, 1, 1, 1, 1, 1, 1, 1], 'G': [0, 1, 1, 1, 1, 0, 1, 1, 0, 0], 'H': [1, 1, 1, 1, 0, 1, 1, 1, 0, 0], 'I': [0, 1, 0, 1, 1, 0, 1, 1, 1, 1], 'J': [1, 0, 0, 0, 1, 0, 1, 1, 1, 0], 'K': [0, 0, 1, 0, 0, 1, 1, 1, 0, 0]}, '东门南侧': {'A': [0, 0, 0, 1, 0, 0, 1, 0, 1, 1], 'B': [0, 0, 0, 0, 0, 0, 0, 0, 0, 0]}, '西门北侧': {'A': [1, 1, 1, 1, 1, 1, 1, 1, 1, 1], 'B': [0, 1, 0, 1, 1, 0, 1, 1, 0, 0], 'C': [1, 1, 0, 0, 1, 1, 1, 1, 1, 0]}, '西门南侧': {'A': [0, 1, 1, 1, 1, 0, 1, 0, 1, 1], 'B': [1, 1, 1, 1, 1, 1, 1, 1, 1, 1], 'C': [1, 0, 1, 1, 1, 1, 1, 1, 1, 1]}, '南门西侧': {'A': [1, 1, 0, 1, 1, 1, 1, 1, 1, 1], 'B': [1, 1, 1, 1, 0, 0, 1, 1, 0, 1]}, '南门东侧': {'A': [1, 0, 0, 1, 1, 1, 1, 1, 1, 1], 'B': [1, 1, 1, 1, 1, 1, 1, 1, 1, 1]}, '北门东北侧': {'A': [1, 1, 1, 1, 1, 1, 1, 1, 1, 1], 'B': [0, 0, 1, 1, 1, 1, 1, 1, 0, 1], 'C': [1, 1, 0, 1, 0, 1, 1, 1, 1, 0], 'D': [0, 0, 1, 1, 0, 0, 1, 0, 0, 1]}, '北门东南侧': {'A': [0, 1, 1, 0, 1, 0, 0, 1, 1, 1], 'B': [0, 1, 1, 0, 0, 1, 1, 0, 0, 0], 'C': [1, 1, 0, 1, 0, 0, 0, 0, 0, 0], 'D': [1, 1, 0, 0, 1, 1, 1, 1, 0, 1], 'E': [1, 1, 1, 1, 0, 0, 1, 0, 1, 1], 'F': [1, 0, 1, 1, 0, 1, 1, 0, 1, 1]}, '橘园北侧南': {'A': [0, 0, 0, 0, 0, 1, 0, 0, 0, 0], 'B': [0, 0, 0, 0, 0, 1, 1, 0, 0, 0], 'C': [0, 0, 1, 0, 0, 0, 0, 1, 0, 0], 'D': [0, 0, 0, 1, 0, 0, 0, 0, 1, 0], 'E': [0, 0, 0, 0, 0, 0, 0, 0, 0, 1], 'F': [0, 0, 0, 0, 0, 0, 0, 0, 0, 0], 'G': [0, 0, 0, 0, 0, 0, 0, 0, 0, 0], 'H': [0, 1, 1, 1, 1, 1, 1, 1, 1, 1], 'I': [0, 0, 0, 0, 0, 0, 0, 1, 0, 0], 'J': [0, 0, 0, 0, 0, 0, 0, 0, 0, 0]}, '校医院西': {'A': [1, 1, 1, 1, 1, 1, 1, 1, 1, 1], 'B': [1, 1, 1, 0, 1, 1, 1, 0, 1, 0], 'C': [1, 0, 1, 1, 0, 0, 1, 1, 0, 1], 'D': [0, 1, 1, 1, 1, 1, 0, 1, 1, 1], 'E': [1, 0, 1, 1, 1, 1, 1, 1, 1, 1], 'F': [0, 1, 0, 1, 0, 1, 1, 1, 1, 1], 'G': [0, 0, 0, 1, 0, 1, 1, 1, 0, 0], 'H': [0, 0, 0, 0, 0, 0, 0, 0, 0, 0], 'I': [0, 0, 0, 0, 0, 0, 1, 1, 0, 0]}}
622972	2024-07-13 00:08:49.187000+08:00	2024-07-13 00:08:49.187000+08:00	{'东门北侧': {'A': [1, 1, 1, 1, 1, 1, 1, 1, 1, 1], 'B': [1, 1, 1, 1, 1, 1, 1, 0, 1, 1], 'C': [0, 1, 1, 0, 1, 0, 1, 1, 1, 0], 'D': [1, 1, 1, 1, 1, 0, 0, 1, 0, 1], 'E': [1, 1, 1, 1, 1, 1, 1, 0, 1, 0], 'F': [0, 1, 1, 1, 1, 1, 1, 1, 1, 1], 'G': [0, 1, 1, 1, 1, 0, 1, 1, 0, 0], 'H': [1, 1, 1, 1, 0, 1, 1, 1, 0, 0], 'I': [0, 1, 0, 1, 1, 0, 1, 1, 1, 1], 'J': [1, 0, 0, 0, 1, 0, 1, 1, 1, 0], 'K': [0, 0, 1, 0, 0, 1, 1, 1, 0, 0]}, '东门南侧': {'A': [0, 0, 0, 1, 0, 0, 1, 0, 1, 1], 'B': [0, 0, 0, 0, 0, 0, 0, 0, 0, 0]}, '西门北侧': {'A': [1, 1, 1, 1, 1, 1, 1, 1, 1, 1], 'B': [0, 1, 0, 1, 1, 0, 1, 1, 0, 0], 'C': [1, 1, 0, 0, 1, 1, 1, 1, 1, 0]}, '西门南侧': {'A': [0, 1, 1, 1, 1, 0, 1, 0, 1, 1], 'B': [1, 1, 1, 1, 1, 1, 1, 1, 1, 1], 'C': [1, 0, 1, 1, 1, 1, 1, 1, 1, 1]}, '南门西侧': {'A': [1, 1, 0, 1, 1, 1, 1, 1, 1, 1], 'B': [1, 1, 1, 1, 0, 0, 1, 1, 0, 1]}, '南门东侧': {'A': [1, 0, 0, 1, 1, 1, 1, 1, 1, 1], 'B': [1, 1, 1, 1, 1, 1, 1, 1, 1, 1]}, '北门东北侧': {'A': [1, 1, 1, 1, 1, 1, 1, 1, 1, 1], 'B': [0, 0, 1, 1, 1, 1, 1, 1, 0, 1], 'C': [1, 1, 0, 1, 0, 1, 1, 1, 1, 0], 'D': [0, 0, 1, 1, 0, 0, 1, 0, 0, 1]}, '北门东南侧': {'A': [0, 1, 1, 0, 1, 0, 0, 1, 1, 1], 'B': [0, 1, 1, 0, 0, 1, 1, 0, 0, 0], 'C': [1, 1, 0, 1, 0, 0, 0, 0, 0, 0], 'D': [1, 1, 0, 0, 1, 1, 1, 1, 0, 1], 'E': [1, 1, 1, 1, 0, 0, 1, 0, 1, 1], 'F': [1, 0, 1, 1, 0, 1, 1, 0, 1, 1]}, '橘园北侧南': {'A': [0, 0, 0, 0, 0, 0, 0, 0, 0, 0], 'B': [0, 0, 0, 0, 0, 1, 1, 0, 0, 0], 'C': [0, 0, 1, 0, 0, 0, 0, 1, 0, 0], 'D': [0, 0, 0, 1, 0, 0, 0, 0, 1, 0], 'E': [0, 0, 0, 0, 0, 0, 0, 0, 0, 1], 'F': [0, 0, 0, 0, 0, 0, 0, 0, 0, 0], 'G': [0, 0, 0, 0, 0, 0, 0, 0, 0, 0], 'H': [0, 1, 1, 1, 1, 1, 1, 1, 1, 1], 'I': [0, 0, 0, 0, 0, 0, 0, 1, 0, 0], 'J': [0, 1, 0, 0, 0, 0, 0, 0, 0, 1]}, '校医院西': {'A': [1, 1, 1, 1, 1, 1, 1, 1, 1, 1], 'B': [1, 1, 1, 0, 1, 1, 1, 0, 1, 0], 'C': [1, 0, 1, 1, 0, 0, 1, 1, 0, 1], 'D': [0, 1, 1, 1, 1, 1, 0, 1, 1, 1], 'E': [1, 0, 1, 1, 1, 1, 1, 1, 1, 1], 'F': [0, 1, 0, 1, 0, 1, 1, 1, 1, 1], 'G': [0, 0, 0, 1, 0, 1, 1, 1, 0, 0], 'H': [0, 0, 0, 0, 0, 0, 0, 0, 0, 0], 'I': [0, 0, 0, 0, 0, 0, 1, 1, 0, 0]}}
622973	2024-07-13 00:09:48.727000+08:00	2024-07-13 00:09:48.727000+08:00	{'东门北侧': {'A': [1, 1, 1, 1, 1, 1, 1, 1, 1, 1], 'B': [1, 1, 1, 1, 1, 1, 1, 1, 1, 1], 'C': [0, 1, 1, 0, 1, 0, 1, 1, 1, 0], 'D': [1, 1, 1, 1, 1, 0, 0, 1, 0, 1], 'E': [1, 1, 1, 1, 1, 1, 1, 0, 1, 0], 'F': [0, 1, 1, 1, 1, 1, 1, 1, 1, 1], 'G': [0, 1, 1, 1, 1, 0, 1, 1, 0, 0], 'H': [1, 1, 1, 1, 0, 1, 1, 1, 0, 0], 'I': [0, 1, 0, 1, 1, 0, 1, 1, 1, 1], 'J': [1, 0, 0, 0, 1, 0, 1, 1, 1, 0], 'K': [0, 0, 1, 0, 0, 1, 1, 1, 0, 0]}, '东门南侧': {'A': [0, 0, 0, 1, 0, 0, 1, 0, 1, 0], 'B': [0, 0, 0, 0, 0, 0, 0, 0, 0, 0]}, '西门北侧': {'A': [1, 1, 1, 1, 1, 1, 1, 1, 1, 1], 'B': [0, 1, 0, 1, 1, 0, 1, 1, 0, 0], 'C': [1, 1, 0, 0, 1, 1, 1, 1, 1, 0]}, '西门南侧': {'A': [0, 1, 1, 1, 1, 0, 1, 0, 1, 1], 'B': [1, 1, 1, 1, 1, 1, 1, 1, 1, 1], 'C': [1, 0, 1, 1, 1, 1, 1, 1, 1, 1]}, '南门西侧': {'A': [1, 1, 0, 1, 1, 1, 1, 1, 1, 1], 'B': [1, 1, 1, 1, 0, 0, 1, 1, 0, 1]}, '南门东侧': {'A': [1, 0, 0, 1, 1, 1, 1, 1, 1, 1], 'B': [1, 1, 1, 1, 1, 1, 1, 1, 1, 1]}, '北门东北侧': {'A': [1, 1, 1, 1, 1, 1, 1, 1, 1, 1], 'B': [0, 0, 1, 1, 1, 1, 1, 1, 0, 1], 'C': [1, 1, 0, 1, 0, 1, 1, 1, 1, 0], 'D': [0, 0, 1, 1, 0, 0, 1, 0, 0, 1]}, '北门东南侧': {'A': [0, 1, 1, 0, 1, 0, 0, 1, 1, 1], 'B': [0, 1, 1, 0, 0, 1, 1, 0, 0, 0], 'C': [1, 1, 0, 1, 0, 0, 0, 0, 0, 0], 'D': [1, 1, 0, 0, 1, 1, 1, 1, 0, 1], 'E': [1, 1, 1, 1, 0, 0, 1, 0, 1, 1], 'F': [1, 0, 1, 1, 0, 1, 1, 0, 1, 1]}, '橘园北侧南': {'A': [0, 0, 0, 0, 0, 0, 0, 0, 0, 0], 'B': [0, 0, 0, 0, 0, 1, 1, 0, 0, 0], 'C': [0, 0, 1, 0, 0, 0, 0, 1, 0, 0], 'D': [0, 0, 0, 1, 0, 0, 0, 0, 1, 0], 'E': [0, 0, 0, 0, 0, 0, 0, 0, 0, 1], 'F': [0, 0, 0, 0, 0, 0, 0, 0, 0, 0], 'G': [0, 0, 0, 0, 0, 0, 0, 0, 0, 0], 'H': [0, 1, 1, 1, 1, 1, 1, 1, 1, 1], 'I': [0, 0, 0, 0, 0, 0, 0, 1, 0, 0], 'J': [0, 1, 0, 0, 0, 0, 0, 0, 0, 1]}, '校医院西': {'A': [1, 1, 1, 1, 1, 1, 1, 1, 1, 1], 'B': [1, 1, 1, 0, 1, 1, 1, 0, 1, 0], 'C': [1, 0, 1, 1, 0, 0, 1, 1, 0, 1], 'D': [0, 1, 1, 1, 1, 1, 0, 1, 1, 1], 'E': [1, 0, 1, 1, 1, 1, 1, 1, 1, 1], 'F': [0, 1, 0, 1, 0, 1, 1, 1, 1, 1], 'G': [0, 0, 0, 1, 0, 1, 1, 1, 0, 0], 'H': [0, 0, 0, 0, 0, 0, 0, 0, 0, 0], 'I': [0, 0, 0, 0, 0, 0, 1, 1, 0, 0]}}
622974	2024-07-13 00:10:50.834000+08:00	2024-07-13 00:10:50.834000+08:00	{'东门北侧': {'A': [1, 1, 1, 1, 1, 1, 1, 1, 1, 1], 'B': [1, 1, 1, 1, 1, 1, 1, 1, 1, 1], 'C': [0, 1, 1, 0, 1, 0, 1, 1, 1, 0], 'D': [1, 1, 1, 1, 1, 0, 0, 1, 0, 1], 'E': [1, 1, 1, 1, 1, 1, 1, 0, 1, 0], 'F': [0, 1, 1, 1, 1, 1, 1, 1, 1, 1], 'G': [0, 1, 1, 1, 1, 0, 1, 1, 0, 0], 'H': [1, 1, 1, 1, 0, 1, 1, 1, 0, 0], 'I': [0, 1, 0, 1, 1, 0, 1, 1, 1, 1], 'J': [1, 0, 0, 0, 1, 0, 1, 1, 1, 0], 'K': [0, 0, 1, 0, 0, 1, 1, 1, 0, 0]}, '东门南侧': {'A': [0, 0, 0, 1, 0, 0, 1, 0, 1, 0], 'B': [0, 0, 0, 0, 0, 0, 0, 0, 0, 0]}, '西门北侧': {'A': [1, 1, 1, 1, 1, 1, 1, 1, 1, 1], 'B': [0, 1, 0, 1, 1, 0, 1, 1, 0, 0], 'C': [1, 1, 0, 0, 1, 1, 1, 1, 1, 0]}, '西门南侧': {'A': [0, 1, 1, 1, 1, 0, 1, 0, 1, 1], 'B': [1, 1, 1, 1, 1, 1, 1, 1, 1, 1], 'C': [1, 0, 1, 1, 1, 1, 1, 1, 1, 1]}, '南门西侧': {'A': [1, 1, 0, 1, 1, 1, 1, 1, 1, 1], 'B': [1, 1, 1, 1, 0, 0, 1, 1, 0, 1]}, '南门东侧': {'A': [1, 0, 0, 1, 1, 1, 1, 1, 1, 1], 'B': [1, 1, 1, 1, 1, 1, 1, 1, 1, 1]}, '北门东北侧': {'A': [1, 1, 1, 1, 1, 1, 1, 1, 1, 1], 'B': [0, 0, 1, 1, 1, 1, 1, 1, 0, 1], 'C': [1, 1, 0, 1, 0, 1, 1, 1, 1, 0], 'D': [0, 0, 1, 1, 0, 0, 1, 0, 0, 1]}, '北门东南侧': {'A': [0, 1, 1, 0, 1, 0, 0, 1, 1, 1], 'B': [0, 1, 1, 0, 0, 1, 1, 0, 0, 0], 'C': [1, 1, 0, 1, 0, 0, 0, 0, 0, 0], 'D': [1, 1, 0, 0, 1, 1, 1, 1, 0, 1], 'E': [1, 1, 1, 1, 0, 0, 1, 0, 1, 1], 'F': [1, 1, 1, 1, 0, 1, 1, 0, 1, 1]}, '橘园北侧南': {'A': [0, 0, 0, 0, 0, 0, 0, 0, 0, 0], 'B': [0, 0, 0, 0, 0, 1, 1, 0, 0, 0], 'C': [0, 0, 1, 0, 0, 0, 0, 1, 0, 0], 'D': [0, 0, 0, 1, 0, 0, 0, 0, 1, 0], 'E': [0, 0, 0, 0, 0, 0, 0, 0, 0, 1], 'F': [0, 0, 0, 0, 0, 0, 0, 0, 0, 0], 'G': [0, 0, 0, 0, 0, 0, 0, 0, 0, 0], 'H': [0, 1, 1, 1, 1, 1, 1, 1, 1, 1], 'I': [0, 0, 0, 0, 0, 0, 0, 0, 0, 0], 'J': [0, 1, 0, 0, 0, 0, 0, 0, 0, 1]}, '校医院西': {'A': [1, 1, 1, 1, 1, 1, 1, 1, 1, 1], 'B': [1, 1, 1, 0, 1, 1, 1, 0, 1, 0], 'C': [1, 0, 1, 1, 0, 0, 1, 1, 0, 1], 'D': [0, 1, 1, 1, 1, 1, 0, 1, 1, 1], 'E': [1, 0, 1, 1, 1, 1, 1, 1, 1, 1], 'F': [0, 1, 0, 1, 0, 1, 1, 1, 1, 1], 'G': [0, 0, 0, 1, 0, 1, 1, 1, 0, 0], 'H': [0, 0, 0, 0, 0, 0, 0, 0, 0, 0], 'I': [0, 0, 0, 0, 0, 0, 1, 1, 0, 0]}}
622975	2024-07-13 00:11:50.498000+08:00	2024-07-13 00:11:50.498000+08:00	{'东门北侧': {'A': [1, 1, 1, 1, 1, 1, 1, 1, 1, 1], 'B': [1, 1, 1, 1, 1, 1, 1, 1, 1, 1], 'C': [0, 1, 1, 0, 1, 0, 1, 1, 1, 0], 'D': [1, 1, 1, 1, 1, 0, 0, 1, 0, 1], 'E': [1, 1, 1, 1, 1, 1, 1, 0, 1, 0], 'F': [0, 1, 1, 1, 1, 1, 1, 1, 1, 1], 'G': [0, 1, 1, 1, 1, 0, 1, 1, 0, 0], 'H': [1, 1, 1, 1, 0, 1, 1, 1, 0, 0], 'I': [0, 1, 0, 1, 1, 0, 1, 1, 1, 1], 'J': [1, 0, 0, 0, 1, 0, 1, 1, 1, 0], 'K': [0, 0, 1, 0, 0, 1, 1, 1, 0, 0]}, '东门南侧': {'A': [0, 0, 0, 1, 0, 0, 1, 0, 1, 0], 'B': [0, 0, 0, 0, 0, 0, 0, 0, 0, 0]}, '西门北侧': {'A': [1, 1, 1, 1, 1, 1, 1, 1, 1, 1], 'B': [0, 1, 0, 1, 1, 0, 1, 1, 0, 0], 'C': [1, 1, 0, 0, 1, 1, 1, 1, 1, 0]}, '西门南侧': {'A': [0, 1, 1, 1, 1, 0, 1, 0, 1, 1], 'B': [1, 1, 1, 1, 1, 1, 1, 1, 1, 1], 'C': [1, 0, 1, 1, 1, 1, 1, 1, 1, 1]}, '南门西侧': {'A': [1, 1, 0, 1, 1, 1, 1, 1, 1, 1], 'B': [1, 1, 1, 1, 0, 0, 1, 1, 0, 1]}, '南门东侧': {'A': [1, 0, 0, 1, 1, 1, 1, 1, 1, 1], 'B': [1, 1, 1, 1, 1, 1, 1, 1, 1, 1]}, '北门东北侧': {'A': [1, 1, 1, 1, 1, 1, 1, 1, 1, 1], 'B': [0, 0, 1, 1, 1, 1, 1, 1, 0, 1], 'C': [1, 1, 0, 1, 0, 1, 1, 1, 1, 0], 'D': [0, 0, 1, 1, 0, 0, 1, 0, 0, 1]}, '北门东南侧': {'A': [0, 1, 1, 0, 1, 0, 0, 1, 1, 1], 'B': [0, 1, 1, 0, 0, 1, 1, 0, 0, 0], 'C': [1, 1, 0, 1, 0, 0, 0, 0, 0, 0], 'D': [1, 1, 0, 0, 1, 1, 1, 1, 0, 1], 'E': [1, 1, 1, 1, 0, 0, 1, 0, 1, 1], 'F': [1, 1, 1, 1, 0, 1, 1, 0, 1, 1]}, '橘园北侧南': {'A': [0, 0, 0, 0, 0, 0, 0, 0, 0, 0], 'B': [0, 0, 0, 0, 0, 1, 1, 0, 0, 0], 'C': [0, 0, 1, 0, 0, 0, 0, 1, 0, 0], 'D': [0, 0, 0, 1, 0, 0, 0, 0, 1, 0], 'E': [0, 0, 0, 0, 0, 0, 0, 0, 0, 1], 'F': [0, 0, 0, 0, 0, 0, 0, 0, 0, 0], 'G': [0, 0, 0, 0, 0, 0, 0, 0, 0, 0], 'H': [0, 1, 1, 1, 1, 1, 1, 1, 1, 1], 'I': [0, 0, 0, 0, 0, 0, 0, 0, 0, 0], 'J': [0, 1, 0, 0, 0, 0, 0, 0, 0, 1]}, '校医院西': {'A': [1, 1, 1, 1, 1, 1, 1, 1, 1, 1], 'B': [1, 1, 1, 0, 1, 1, 1, 0, 1, 0], 'C': [1, 0, 1, 1, 0, 0, 1, 1, 0, 1], 'D': [0, 1, 1, 1, 1, 1, 0, 1, 1, 1], 'E': [1, 0, 1, 1, 1, 1, 1, 1, 1, 1], 'F': [0, 1, 0, 1, 0, 1, 1, 1, 1, 1], 'G': [0, 0, 1, 1, 0, 1, 1, 1, 0, 0], 'H': [0, 0, 0, 0, 0, 0, 0, 0, 0, 0], 'I': [0, 0, 0, 0, 0, 0, 1, 1, 0, 0]}}
622976	2024-07-13 00:12:50.354000+08:00	2024-07-13 00:12:50.354000+08:00	{'东门北侧': {'A': [1, 1, 1, 1, 1, 1, 1, 1, 1, 1], 'B': [1, 1, 1, 1, 1, 1, 1, 1, 1, 1], 'C': [0, 1, 1, 0, 1, 0, 1, 1, 1, 0], 'D': [1, 1, 1, 1, 1, 0, 0, 1, 0, 1], 'E': [1, 1, 1, 1, 1, 1, 1, 0, 1, 0], 'F': [0, 1, 1, 1, 1, 1, 1, 1, 1, 1], 'G': [0, 1, 1, 1, 1, 0, 1, 1, 0, 0], 'H': [1, 1, 1, 1, 0, 1, 1, 1, 0, 0], 'I': [0, 1, 0, 1, 1, 0, 1, 1, 1, 1], 'J': [1, 0, 0, 0, 1, 0, 1, 1, 1, 0], 'K': [0, 0, 1, 0, 0, 1, 1, 1, 0, 0]}, '东门南侧': {'A': [0, 0, 0, 1, 0, 0, 1, 0, 1, 0], 'B': [0, 0, 0, 0, 0, 0, 0, 0, 0, 0]}, '西门北侧': {'A': [1, 1, 1, 1, 1, 1, 1, 1, 1, 1], 'B': [0, 1, 0, 1, 1, 0, 1, 1, 0, 0], 'C': [1, 1, 0, 0, 1, 1, 1, 1, 1, 0]}, '西门南侧': {'A': [0, 1, 1, 1, 1, 0, 1, 0, 1, 1], 'B': [1, 1, 1, 1, 1, 1, 1, 1, 1, 1], 'C': [1, 0, 1, 1, 1, 1, 1, 1, 1, 1]}, '南门西侧': {'A': [1, 1, 0, 1, 1, 1, 1, 1, 1, 1], 'B': [1, 1, 1, 1, 0, 0, 1, 1, 0, 1]}, '南门东侧': {'A': [1, 0, 0, 1, 1, 1, 1, 1, 1, 1], 'B': [1, 1, 1, 1, 1, 1, 1, 1, 1, 1]}, '北门东北侧': {'A': [1, 1, 1, 1, 1, 1, 1, 1, 1, 1], 'B': [0, 0, 1, 1, 1, 1, 1, 1, 0, 1], 'C': [1, 1, 0, 1, 0, 1, 1, 1, 1, 0], 'D': [0, 0, 1, 1, 0, 0, 1, 0, 0, 1]}, '北门东南侧': {'A': [0, 1, 1, 0, 1, 0, 0, 1, 1, 1], 'B': [0, 1, 1, 0, 0, 1, 1, 0, 0, 0], 'C': [1, 1, 0, 1, 0, 0, 0, 0, 0, 0], 'D': [1, 1, 0, 0, 1, 1, 1, 1, 0, 1], 'E': [1, 1, 1, 1, 0, 0, 1, 0, 1, 1], 'F': [1, 1, 1, 1, 0, 1, 1, 0, 1, 1]}, '橘园北侧南': {'A': [0, 0, 0, 0, 0, 0, 0, 0, 0, 0], 'B': [0, 0, 0, 0, 0, 1, 1, 0, 0, 0], 'C': [0, 0, 1, 0, 0, 0, 0, 1, 0, 0], 'D': [0, 0, 0, 1, 0, 0, 0, 0, 1, 0], 'E': [0, 0, 0, 0, 0, 0, 0, 0, 0, 1], 'F': [0, 0, 0, 0, 0, 0, 0, 0, 0, 0], 'G': [0, 0, 0, 0, 0, 0, 0, 0, 0, 0], 'H': [0, 1, 1, 1, 1, 1, 1, 1, 1, 1], 'I': [0, 0, 0, 0, 0, 0, 0, 0, 0, 0], 'J': [0, 1, 0, 0, 0, 0, 0, 0, 0, 1]}, '校医院西': {'A': [1, 1, 1, 1, 1, 1, 1, 1, 1, 1], 'B': [1, 1, 1, 0, 1, 1, 1, 0, 1, 0], 'C': [1, 0, 1, 1, 0, 0, 1, 1, 0, 1], 'D': [0, 1, 1, 1, 1, 1, 0, 1, 1, 1], 'E': [1, 0, 1, 1, 1, 1, 1, 1, 1, 1], 'F': [0, 1, 0, 1, 0, 1, 1, 1, 1, 1], 'G': [0, 0, 1, 1, 0, 1, 1, 1, 0, 0], 'H': [0, 0, 0, 0, 0, 0, 0, 0, 0, 0], 'I': [0, 0, 0, 0, 0, 0, 1, 1, 0, 0]}}
622977	2024-07-13 00:13:50.585000+08:00	2024-07-13 00:13:50.585000+08:00	{'东门北侧': {'A': [1, 1, 1, 1, 1, 1, 1, 1, 1, 1], 'B': [1, 1, 1, 1, 1, 1, 1, 1, 1, 1], 'C': [0, 1, 1, 0, 1, 0, 1, 1, 1, 0], 'D': [1, 1, 1, 1, 1, 0, 0, 1, 0, 1], 'E': [1, 1, 1, 1, 1, 1, 1, 0, 1, 0], 'F': [0, 1, 1, 1, 1, 1, 1, 1, 1, 1], 'G': [0, 1, 1, 1, 1, 0, 1, 1, 0, 0], 'H': [1, 1, 1, 1, 0, 1, 1, 1, 0, 0], 'I': [0, 1, 0, 1, 1, 0, 1, 1, 1, 1], 'J': [1, 0, 0, 0, 1, 0, 1, 1, 1, 0], 'K': [0, 0, 1, 0, 0, 1, 1, 1, 0, 0]}, '东门南侧': {'A': [0, 0, 0, 1, 0, 0, 1, 0, 1, 0], 'B': [0, 0, 0, 0, 0, 0, 0, 0, 0, 0]}, '西门北侧': {'A': [1, 1, 1, 1, 1, 1, 1, 1, 1, 1], 'B': [0, 1, 0, 1, 1, 0, 1, 1, 0, 0], 'C': [1, 1, 0, 0, 1, 1, 1, 1, 1, 0]}, '西门南侧': {'A': [0, 1, 1, 1, 1, 0, 1, 0, 1, 1], 'B': [1, 1, 1, 1, 1, 1, 1, 1, 1, 1], 'C': [1, 0, 1, 1, 1, 1, 1, 1, 1, 1]}, '南门西侧': {'A': [1, 1, 0, 1, 1, 1, 1, 1, 1, 1], 'B': [1, 1, 1, 1, 0, 0, 1, 1, 0, 1]}, '南门东侧': {'A': [1, 0, 0, 1, 1, 1, 1, 1, 1, 1], 'B': [1, 1, 1, 1, 1, 1, 1, 1, 1, 1]}, '北门东北侧': {'A': [1, 1, 1, 1, 1, 1, 1, 1, 1, 1], 'B': [0, 0, 1, 1, 1, 1, 1, 1, 0, 1], 'C': [1, 1, 0, 1, 0, 1, 1, 1, 1, 0], 'D': [0, 0, 1, 1, 0, 0, 1, 0, 0, 1]}, '北门东南侧': {'A': [0, 1, 1, 0, 1, 0, 0, 1, 1, 1], 'B': [0, 1, 1, 0, 0, 1, 1, 0, 0, 0], 'C': [1, 1, 0, 1, 0, 0, 0, 0, 0, 0], 'D': [1, 1, 0, 0, 1, 1, 1, 1, 0, 1], 'E': [1, 1, 1, 1, 0, 0, 1, 0, 1, 1], 'F': [1, 1, 1, 1, 0, 1, 1, 0, 1, 1]}, '橘园北侧南': {'A': [0, 0, 0, 0, 0, 0, 0, 0, 0, 0], 'B': [0, 0, 0, 0, 0, 1, 1, 0, 0, 0], 'C': [0, 0, 1, 0, 0, 0, 0, 1, 0, 0], 'D': [0, 0, 0, 1, 0, 0, 0, 0, 1, 0], 'E': [0, 0, 0, 0, 0, 0, 0, 0, 0, 1], 'F': [0, 0, 0, 0, 0, 0, 0, 0, 0, 0], 'G': [0, 0, 0, 0, 0, 0, 0, 0, 0, 0], 'H': [0, 1, 1, 1, 1, 1, 1, 1, 1, 1], 'I': [0, 0, 0, 0, 0, 0, 0, 0, 0, 0], 'J': [0, 1, 0, 0, 0, 0, 0, 1, 0, 1]}, '校医院西': {'A': [1, 1, 1, 1, 1, 1, 1, 1, 1, 1], 'B': [1, 1, 1, 0, 1, 1, 1, 0, 1, 0], 'C': [1, 0, 1, 1, 0, 0, 1, 1, 0, 1], 'D': [0, 1, 1, 1, 1, 1, 0, 1, 1, 1], 'E': [1, 0, 1, 1, 1, 1, 1, 1, 1, 1], 'F': [0, 1, 0, 1, 0, 1, 1, 1, 1, 1], 'G': [0, 0, 1, 1, 0, 1, 1, 1, 0, 0], 'H': [0, 0, 0, 0, 0, 0, 0, 0, 0, 0], 'I': [0, 0, 0, 0, 0, 0, 1, 1, 0, 0]}}
622978	2024-07-13 00:14:52.863000+08:00	2024-07-13 00:14:52.863000+08:00	{'东门北侧': {'A': [1, 1, 1, 1, 1, 1, 1, 1, 1, 1], 'B': [1, 1, 1, 1, 1, 1, 1, 1, 1, 1], 'C': [0, 1, 1, 0, 1, 0, 1, 1, 1, 0], 'D': [1, 1, 1, 1, 1, 0, 0, 1, 0, 1], 'E': [1, 1, 1, 1, 1, 1, 1, 0, 1, 0], 'F': [0, 1, 1, 1, 1, 1, 1, 1, 1, 1], 'G': [0, 1, 1, 1, 1, 0, 1, 1, 0, 0], 'H': [1, 1, 1, 1, 0, 1, 1, 1, 0, 0], 'I': [0, 1, 0, 1, 1, 0, 1, 1, 1, 1], 'J': [1, 0, 0, 0, 1, 0, 1, 1, 1, 0], 'K': [0, 0, 1, 0, 0, 1, 1, 1, 0, 0]}, '东门南侧': {'A': [0, 0, 0, 1, 0, 0, 1, 0, 1, 0], 'B': [0, 0, 0, 0, 0, 0, 0, 0, 0, 0]}, '西门北侧': {'A': [1, 1, 1, 1, 1, 1, 1, 1, 1, 1], 'B': [0, 1, 0, 1, 1, 0, 1, 1, 0, 0], 'C': [1, 1, 0, 0, 1, 1, 1, 1, 1, 0]}, '西门南侧': {'A': [0, 1, 1, 1, 1, 0, 1, 0, 1, 1], 'B': [1, 1, 1, 1, 1, 1, 1, 1, 1, 1], 'C': [1, 0, 1, 1, 1, 1, 1, 1, 1, 1]}, '南门西侧': {'A': [1, 1, 0, 1, 1, 1, 1, 1, 1, 1], 'B': [1, 1, 1, 1, 0, 0, 1, 1, 0, 1]}, '南门东侧': {'A': [1, 0, 0, 1, 1, 1, 1, 1, 1, 1], 'B': [1, 1, 1, 1, 1, 1, 1, 1, 1, 1]}, '北门东北侧': {'A': [1, 1, 1, 1, 1, 1, 1, 1, 1, 1], 'B': [0, 0, 1, 1, 1, 1, 1, 1, 0, 1], 'C': [1, 1, 0, 1, 0, 1, 1, 1, 1, 0], 'D': [0, 0, 1, 1, 0, 0, 1, 0, 0, 1]}, '北门东南侧': {'A': [0, 1, 1, 0, 1, 0, 0, 1, 1, 1], 'B': [0, 1, 1, 0, 0, 1, 1, 0, 0, 0], 'C': [1, 1, 0, 1, 0, 0, 0, 0, 0, 0], 'D': [1, 1, 0, 0, 1, 1, 1, 1, 0, 1], 'E': [1, 1, 1, 1, 0, 0, 1, 0, 1, 1], 'F': [1, 1, 1, 1, 0, 1, 1, 0, 1, 1]}, '橘园北侧南': {'A': [0, 0, 0, 0, 0, 0, 0, 0, 0, 0], 'B': [0, 0, 0, 0, 0, 1, 1, 0, 0, 0], 'C': [0, 0, 1, 0, 0, 0, 0, 1, 0, 0], 'D': [0, 0, 0, 1, 0, 0, 0, 0, 1, 0], 'E': [0, 0, 0, 0, 0, 0, 0, 0, 0, 1], 'F': [0, 0, 0, 0, 0, 0, 0, 0, 0, 0], 'G': [0, 0, 0, 0, 0, 0, 0, 0, 0, 0], 'H': [0, 1, 1, 1, 1, 1, 1, 1, 1, 1], 'I': [0, 0, 0, 0, 0, 0, 0, 0, 0, 0], 'J': [0, 1, 0, 0, 0, 0, 0, 1, 0, 1]}, '校医院西': {'A': [1, 1, 1, 1, 1, 1, 1, 1, 1, 1], 'B': [1, 1, 1, 0, 1, 1, 1, 0, 1, 0], 'C': [1, 0, 1, 1, 0, 0, 1, 1, 0, 1], 'D': [0, 1, 1, 1, 1, 1, 0, 1, 1, 1], 'E': [1, 0, 1, 1, 1, 1, 1, 1, 1, 1], 'F': [0, 1, 0, 1, 0, 1, 1, 1, 1, 1], 'G': [0, 0, 1, 1, 0, 1, 1, 1, 0, 0], 'H': [0, 0, 0, 0, 0, 0, 0, 0, 0, 0], 'I': [0, 0, 0, 0, 0, 0, 1, 1, 0, 0]}}
622979	2024-07-13 00:15:48.140000+08:00	2024-07-13 00:15:48.140000+08:00	{'东门北侧': {'A': [1, 1, 1, 1, 1, 1, 1, 1, 1, 1], 'B': [1, 1, 1, 1, 1, 1, 1, 1, 1, 1], 'C': [0, 1, 1, 0, 1, 0, 1, 1, 1, 0], 'D': [1, 1, 1, 1, 1, 0, 0, 1, 0, 1], 'E': [1, 1, 1, 1, 1, 1, 1, 0, 1, 0], 'F': [0, 1, 1, 1, 1, 1, 1, 1, 1, 1], 'G': [0, 1, 1, 1, 1, 0, 1, 1, 0, 0], 'H': [1, 1, 1, 1, 0, 1, 1, 1, 0, 0], 'I': [0, 1, 0, 1, 1, 0, 1, 1, 1, 1], 'J': [1, 0, 0, 0, 1, 0, 1, 1, 1, 0], 'K': [0, 0, 1, 0, 0, 1, 1, 1, 0, 0]}, '东门南侧': {'A': [0, 0, 0, 1, 0, 0, 1, 0, 1, 0], 'B': [0, 0, 0, 0, 0, 0, 0, 0, 0, 0]}, '西门北侧': {'A': [1, 1, 1, 1, 1, 1, 1, 1, 1, 1], 'B': [0, 1, 0, 1, 1, 0, 1, 1, 0, 0], 'C': [1, 1, 0, 0, 1, 1, 1, 1, 1, 0]}, '西门南侧': {'A': [0, 1, 1, 1, 1, 0, 1, 0, 1, 1], 'B': [1, 1, 1, 1, 1, 1, 1, 1, 1, 1], 'C': [1, 0, 1, 1, 1, 1, 1, 1, 1, 1]}, '南门西侧': {'A': [1, 1, 0, 1, 1, 1, 1, 1, 1, 1], 'B': [1, 1, 1, 1, 0, 0, 1, 1, 0, 1]}, '南门东侧': {'A': [1, 0, 0, 1, 1, 1, 1, 1, 1, 1], 'B': [1, 1, 1, 1, 1, 1, 1, 1, 1, 1]}, '北门东北侧': {'A': [1, 1, 1, 1, 1, 1, 1, 1, 1, 1], 'B': [0, 0, 1, 1, 1, 1, 1, 1, 0, 1], 'C': [1, 1, 0, 1, 0, 1, 1, 1, 1, 0], 'D': [0, 0, 1, 1, 0, 0, 1, 0, 0, 1]}, '北门东南侧': {'A': [0, 1, 1, 0, 1, 0, 0, 1, 1, 1], 'B': [0, 1, 1, 0, 0, 1, 1, 0, 0, 0], 'C': [1, 1, 0, 1, 0, 0, 0, 0, 0, 0], 'D': [1, 1, 0, 0, 1, 1, 1, 1, 0, 1], 'E': [1, 1, 1, 1, 0, 0, 1, 0, 1, 1], 'F': [1, 1, 1, 1, 0, 1, 1, 0, 1, 1]}, '橘园北侧南': {'A': [0, 0, 0, 0, 0, 0, 0, 0, 0, 0], 'B': [0, 0, 0, 0, 0, 1, 1, 0, 0, 0], 'C': [0, 0, 1, 0, 0, 0, 0, 1, 0, 0], 'D': [0, 0, 0, 1, 0, 0, 0, 0, 1, 0], 'E': [0, 0, 0, 0, 0, 0, 0, 0, 0, 1], 'F': [0, 0, 0, 0, 0, 0, 0, 0, 0, 0], 'G': [0, 0, 0, 0, 0, 0, 0, 0, 0, 0], 'H': [0, 1, 1, 1, 1, 1, 1, 1, 1, 1], 'I': [0, 0, 0, 0, 0, 0, 0, 0, 0, 0], 'J': [0, 1, 0, 0, 0, 0, 0, 1, 0, 1]}, '校医院西': {'A': [1, 1, 1, 1, 1, 1, 1, 1, 1, 1], 'B': [1, 1, 1, 0, 1, 1, 1, 0, 1, 0], 'C': [1, 1, 1, 1, 0, 0, 1, 1, 0, 1], 'D': [0, 1, 1, 1, 1, 1, 0, 1, 1, 1], 'E': [1, 0, 1, 1, 1, 1, 1, 1, 1, 1], 'F': [0, 1, 0, 1, 0, 1, 1, 1, 1, 1], 'G': [0, 0, 1, 1, 0, 1, 1, 1, 0, 0], 'H': [0, 0, 0, 0, 0, 0, 0, 0, 0, 0], 'I': [0, 0, 0, 0, 0, 0, 1, 0, 0, 0]}}
622980	2024-07-13 00:18:15.001000+08:00	2024-07-13 00:18:15.001000+08:00	{'东门北侧': {'A': [1, 1, 1, 1, 1, 1, 1, 1, 1, 1], 'B': [1, 1, 1, 1, 1, 1, 1, 1, 1, 1], 'C': [0, 1, 1, 0, 1, 0, 1, 1, 1, 0], 'D': [1, 1, 1, 1, 1, 0, 0, 1, 0, 1], 'E': [1, 1, 1, 1, 1, 1, 1, 0, 1, 0], 'F': [0, 1, 1, 1, 1, 1, 1, 1, 1, 1], 'G': [0, 1, 1, 1, 1, 0, 1, 1, 0, 0], 'H': [1, 1, 1, 1, 0, 1, 1, 1, 0, 0], 'I': [0, 1, 0, 1, 1, 0, 1, 1, 1, 1], 'J': [1, 0, 0, 0, 1, 0, 1, 1, 1, 0], 'K': [0, 0, 1, 0, 0, 1, 1, 1, 0, 0]}, '东门南侧': {'A': [0, 0, 0, 1, 0, 0, 1, 0, 1, 0], 'B': [0, 0, 0, 0, 0, 0, 0, 0, 0, 0]}, '西门北侧': {'A': [1, 1, 1, 1, 1, 1, 1, 1, 1, 1], 'B': [0, 1, 0, 1, 1, 0, 1, 1, 0, 0], 'C': [1, 1, 0, 0, 1, 1, 1, 1, 1, 0]}, '西门南侧': {'A': [0, 1, 1, 1, 1, 0, 1, 0, 1, 1], 'B': [1, 1, 1, 1, 1, 1, 1, 1, 1, 1], 'C': [1, 0, 1, 1, 1, 1, 1, 1, 1, 1]}, '南门西侧': {'A': [1, 1, 0, 1, 1, 1, 1, 1, 1, 1], 'B': [1, 1, 1, 1, 0, 0, 1, 1, 0, 1]}, '南门东侧': {'A': [1, 0, 0, 1, 1, 1, 1, 1, 1, 1], 'B': [1, 1, 1, 1, 1, 1, 1, 1, 1, 1]}, '北门东北侧': {'A': [1, 1, 1, 1, 1, 1, 1, 1, 1, 1], 'B': [0, 0, 1, 1, 1, 1, 1, 1, 0, 1], 'C': [1, 1, 0, 1, 0, 1, 1, 1, 1, 1], 'D': [0, 0, 1, 1, 0, 0, 1, 0, 0, 1]}, '北门东南侧': {'A': [0, 1, 1, 0, 1, 0, 0, 1, 1, 1], 'B': [0, 1, 1, 0, 0, 1, 1, 0, 0, 0], 'C': [1, 1, 0, 1, 0, 0, 0, 0, 0, 0], 'D': [1, 1, 0, 0, 1, 1, 1, 1, 0, 1], 'E': [1, 1, 1, 1, 0, 0, 1, 0, 1, 1], 'F': [1, 1, 1, 1, 0, 1, 1, 0, 1, 1]}, '橘园北侧南': {'A': [0, 0, 0, 0, 0, 0, 0, 0, 0, 0], 'B': [0, 0, 0, 0, 0, 1, 1, 0, 0, 0], 'C': [0, 0, 1, 0, 0, 0, 0, 1, 0, 0], 'D': [0, 0, 0, 1, 0, 0, 0, 0, 1, 0], 'E': [0, 0, 0, 0, 0, 0, 0, 0, 0, 1], 'F': [0, 0, 0, 0, 0, 0, 0, 0, 0, 0], 'G': [0, 0, 0, 0, 0, 0, 0, 0, 0, 0], 'H': [0, 1, 1, 1, 1, 1, 1, 1, 1, 1], 'I': [0, 0, 0, 0, 0, 0, 0, 0, 0, 0], 'J': [0, 1, 0, 0, 0, 0, 0, 1, 0, 1]}, '校医院西': {'A': [1, 1, 1, 1, 1, 1, 1, 1, 1, 1], 'B': [1, 1, 1, 0, 1, 1, 1, 0, 1, 0], 'C': [1, 1, 1, 1, 0, 0, 1, 1, 0, 1], 'D': [0, 1, 1, 1, 1, 1, 0, 1, 1, 1], 'E': [1, 0, 1, 1, 1, 1, 1, 1, 1, 1], 'F': [0, 1, 0, 1, 0, 1, 1, 1, 1, 1], 'G': [0, 0, 1, 1, 0, 1, 1, 1, 0, 0], 'H': [0, 0, 0, 0, 0, 0, 0, 0, 0, 0], 'I': [0, 0, 0, 0, 0, 0, 1, 0, 0, 0]}}
622981	2024-07-13 00:19:54.110000+08:00	2024-07-13 00:19:54.110000+08:00	{'东门北侧': {'A': [1, 1, 1, 1, 1, 1, 1, 1, 1, 1], 'B': [1, 1, 1, 1, 1, 1, 1, 1, 1, 1], 'C': [0, 1, 1, 0, 1, 0, 1, 1, 1, 0], 'D': [1, 1, 1, 1, 1, 0, 0, 1, 0, 1], 'E': [1, 1, 1, 1, 1, 1, 1, 0, 1, 0], 'F': [0, 1, 1, 1, 1, 1, 1, 1, 1, 1], 'G': [0, 1, 1, 1, 1, 0, 1, 1, 0, 0], 'H': [1, 1, 1, 1, 0, 1, 1, 1, 0, 0], 'I': [0, 1, 0, 1, 1, 0, 1, 1, 1, 1], 'J': [1, 0, 0, 0, 1, 0, 1, 1, 1, 0], 'K': [0, 0, 1, 0, 0, 1, 1, 1, 0, 0]}, '东门南侧': {'A': [0, 0, 0, 1, 0, 0, 1, 0, 1, 0], 'B': [0, 0, 0, 0, 0, 0, 0, 0, 0, 0]}, '西门北侧': {'A': [1, 1, 1, 1, 1, 1, 1, 1, 1, 1], 'B': [0, 1, 0, 1, 1, 0, 1, 1, 0, 0], 'C': [1, 1, 0, 0, 1, 1, 1, 1, 1, 0]}, '西门南侧': {'A': [0, 1, 1, 1, 1, 0, 1, 0, 1, 1], 'B': [1, 1, 1, 1, 1, 1, 1, 1, 1, 1], 'C': [1, 0, 1, 1, 1, 1, 1, 1, 1, 1]}, '南门西侧': {'A': [1, 1, 0, 1, 1, 1, 1, 1, 1, 1], 'B': [1, 1, 1, 1, 0, 0, 1, 1, 0, 1]}, '南门东侧': {'A': [1, 0, 0, 1, 1, 1, 1, 1, 1, 1], 'B': [1, 1, 1, 1, 1, 1, 1, 1, 1, 1]}, '北门东北侧': {'A': [1, 1, 1, 1, 1, 1, 1, 1, 1, 1], 'B': [0, 0, 1, 1, 1, 1, 1, 1, 0, 1], 'C': [1, 1, 0, 1, 0, 1, 1, 1, 1, 1], 'D': [0, 0, 1, 1, 0, 0, 1, 0, 0, 1]}, '北门东南侧': {'A': [0, 1, 1, 0, 1, 0, 0, 1, 1, 1], 'B': [0, 1, 1, 0, 0, 1, 1, 0, 0, 0], 'C': [1, 1, 0, 1, 0, 0, 0, 0, 0, 0], 'D': [1, 1, 0, 0, 1, 1, 1, 1, 0, 1], 'E': [1, 1, 1, 1, 0, 0, 1, 0, 1, 1], 'F': [1, 1, 1, 1, 0, 1, 1, 0, 1, 1]}, '橘园北侧南': {'A': [0, 0, 0, 0, 0, 0, 0, 0, 0, 0], 'B': [0, 0, 0, 0, 0, 1, 1, 0, 0, 0], 'C': [0, 0, 1, 0, 0, 0, 0, 1, 0, 0], 'D': [0, 0, 0, 1, 0, 0, 0, 0, 1, 0], 'E': [0, 0, 0, 0, 0, 0, 0, 0, 0, 1], 'F': [0, 0, 0, 0, 0, 0, 0, 0, 0, 0], 'G': [0, 0, 0, 0, 0, 0, 0, 0, 0, 0], 'H': [0, 1, 1, 1, 1, 1, 1, 1, 1, 1], 'I': [0, 0, 0, 0, 0, 0, 0, 0, 0, 0], 'J': [0, 1, 0, 0, 0, 0, 0, 1, 0, 1]}, '校医院西': {'A': [1, 1, 1, 1, 1, 1, 1, 1, 1, 1], 'B': [1, 1, 1, 0, 1, 1, 1, 0, 1, 0], 'C': [1, 1, 1, 1, 0, 0, 1, 1, 0, 1], 'D': [0, 1, 1, 1, 1, 1, 0, 1, 1, 1], 'E': [1, 0, 1, 1, 1, 1, 1, 1, 1, 1], 'F': [0, 1, 0, 1, 0, 1, 1, 1, 1, 1], 'G': [0, 0, 1, 1, 0, 1, 1, 1, 0, 0], 'H': [0, 0, 0, 0, 0, 0, 0, 0, 0, 0], 'I': [0, 0, 0, 0, 0, 0, 1, 0, 0, 0]}}
622982	2024-07-13 00:21:52.580000+08:00	2024-07-13 00:21:52.580000+08:00	{'东门北侧': {'A': [1, 1, 1, 1, 1, 1, 1, 1, 1, 1], 'B': [1, 1, 1, 1, 1, 1, 1, 1, 1, 1], 'C': [0, 1, 1, 0, 1, 0, 1, 1, 1, 0], 'D': [1, 1, 1, 1, 1, 0, 0, 1, 0, 1], 'E': [1, 1, 1, 1, 1, 1, 1, 0, 1, 0], 'F': [0, 1, 1, 1, 1, 1, 1, 1, 1, 1], 'G': [0, 1, 1, 1, 1, 0, 1, 1, 0, 0], 'H': [1, 1, 1, 1, 0, 1, 1, 1, 0, 0], 'I': [0, 1, 0, 1, 1, 0, 1, 1, 1, 1], 'J': [1, 0, 0, 0, 1, 0, 1, 1, 1, 0], 'K': [0, 0, 1, 0, 0, 1, 1, 1, 0, 0]}, '东门南侧': {'A': [0, 0, 0, 1, 0, 0, 1, 0, 1, 0], 'B': [0, 0, 0, 0, 0, 0, 0, 0, 0, 0]}, '西门北侧': {'A': [1, 1, 1, 1, 1, 1, 1, 1, 1, 1], 'B': [0, 1, 0, 1, 1, 0, 1, 1, 0, 0], 'C': [1, 1, 0, 0, 1, 1, 1, 1, 1, 0]}, '西门南侧': {'A': [0, 1, 1, 1, 1, 0, 1, 0, 1, 1], 'B': [1, 1, 1, 1, 1, 1, 1, 1, 1, 1], 'C': [1, 0, 1, 1, 1, 1, 1, 1, 1, 1]}, '南门西侧': {'A': [1, 1, 0, 1, 1, 1, 1, 1, 1, 1], 'B': [1, 1, 1, 1, 0, 0, 1, 1, 0, 1]}, '南门东侧': {'A': [1, 0, 0, 1, 1, 1, 1, 1, 1, 1], 'B': [1, 1, 1, 1, 1, 1, 1, 1, 1, 1]}, '北门东北侧': {'A': [1, 1, 1, 1, 1, 1, 1, 1, 1, 1], 'B': [0, 0, 1, 1, 1, 1, 1, 1, 0, 1], 'C': [1, 1, 0, 1, 0, 1, 1, 1, 1, 1], 'D': [0, 0, 1, 1, 0, 0, 1, 0, 0, 1]}, '北门东南侧': {'A': [0, 1, 1, 0, 1, 0, 0, 1, 1, 1], 'B': [0, 1, 1, 0, 0, 1, 1, 0, 0, 0], 'C': [1, 1, 0, 1, 0, 0, 0, 0, 0, 0], 'D': [1, 1, 0, 0, 1, 1, 1, 1, 0, 1], 'E': [1, 1, 1, 1, 0, 0, 1, 0, 1, 1], 'F': [1, 1, 1, 1, 0, 1, 1, 1, 1, 1]}, '橘园北侧南': {'A': [0, 0, 0, 0, 0, 0, 0, 0, 0, 0], 'B': [0, 0, 0, 0, 0, 1, 1, 0, 0, 0], 'C': [0, 0, 1, 0, 0, 0, 0, 0, 0, 0], 'D': [0, 0, 0, 1, 0, 0, 0, 0, 1, 0], 'E': [0, 0, 0, 0, 0, 0, 0, 0, 0, 1], 'F': [0, 0, 0, 0, 0, 0, 0, 0, 0, 0], 'G': [0, 0, 0, 0, 0, 0, 0, 0, 0, 0], 'H': [0, 1, 1, 1, 1, 1, 1, 1, 1, 1], 'I': [0, 0, 0, 0, 0, 0, 0, 0, 0, 0], 'J': [0, 1, 0, 0, 0, 0, 0, 1, 0, 1]}, '校医院西': {'A': [1, 1, 1, 1, 1, 1, 1, 1, 1, 1], 'B': [1, 1, 1, 0, 1, 1, 1, 0, 1, 0], 'C': [1, 1, 1, 1, 0, 0, 1, 1, 0, 1], 'D': [0, 1, 1, 1, 1, 1, 0, 1, 1, 1], 'E': [1, 0, 1, 1, 1, 1, 1, 1, 1, 1], 'F': [0, 1, 0, 1, 0, 1, 1, 1, 1, 1], 'G': [0, 0, 1, 1, 0, 1, 1, 1, 0, 0], 'H': [0, 0, 0, 0, 0, 0, 0, 0, 0, 0], 'I': [0, 0, 0, 0, 0, 0, 0, 0, 0, 0]}}
622983	2024-07-13 00:22:54.144000+08:00	2024-07-13 00:22:54.144000+08:00	{'东门北侧': {'A': [1, 1, 1, 1, 1, 1, 1, 1, 1, 1], 'B': [1, 1, 1, 1, 1, 1, 1, 1, 1, 1], 'C': [0, 1, 1, 0, 1, 0, 1, 1, 1, 0], 'D': [1, 1, 1, 1, 1, 0, 0, 1, 0, 1], 'E': [1, 1, 1, 1, 1, 1, 1, 0, 1, 0], 'F': [0, 1, 1, 1, 1, 1, 1, 1, 1, 1], 'G': [0, 1, 1, 1, 1, 0, 1, 1, 0, 0], 'H': [1, 1, 1, 1, 0, 1, 1, 1, 0, 0], 'I': [0, 1, 0, 1, 1, 0, 1, 1, 1, 1], 'J': [1, 0, 0, 0, 1, 0, 1, 1, 1, 0], 'K': [0, 0, 1, 0, 0, 1, 1, 1, 0, 0]}, '东门南侧': {'A': [0, 0, 0, 1, 0, 0, 1, 0, 1, 0], 'B': [0, 0, 0, 0, 0, 0, 0, 0, 0, 0]}, '西门北侧': {'A': [1, 1, 1, 1, 1, 1, 1, 1, 1, 1], 'B': [0, 1, 0, 1, 1, 0, 1, 1, 0, 0], 'C': [1, 1, 0, 0, 1, 1, 1, 1, 1, 0]}, '西门南侧': {'A': [0, 1, 1, 1, 1, 0, 1, 0, 1, 1], 'B': [1, 1, 1, 1, 1, 1, 1, 1, 1, 1], 'C': [1, 0, 1, 1, 1, 1, 1, 1, 1, 1]}, '南门西侧': {'A': [1, 1, 0, 1, 1, 1, 1, 1, 1, 1], 'B': [1, 1, 1, 1, 0, 0, 1, 1, 0, 1]}, '南门东侧': {'A': [1, 0, 0, 1, 1, 1, 1, 1, 1, 1], 'B': [1, 1, 1, 1, 1, 1, 1, 1, 1, 1]}, '北门东北侧': {'A': [1, 1, 1, 1, 1, 1, 1, 1, 1, 1], 'B': [0, 0, 1, 1, 1, 1, 1, 1, 0, 1], 'C': [1, 1, 0, 1, 0, 1, 1, 1, 1, 1], 'D': [0, 0, 1, 1, 0, 0, 1, 0, 0, 1]}, '北门东南侧': {'A': [0, 1, 1, 0, 1, 0, 0, 1, 1, 1], 'B': [0, 1, 1, 0, 0, 1, 1, 0, 0, 0], 'C': [1, 1, 0, 1, 0, 0, 0, 0, 0, 0], 'D': [1, 1, 0, 0, 1, 1, 1, 1, 0, 1], 'E': [1, 1, 1, 1, 0, 0, 1, 0, 1, 1], 'F': [1, 1, 1, 1, 0, 1, 1, 1, 1, 1]}, '橘园北侧南': {'A': [0, 0, 0, 0, 0, 0, 0, 0, 0, 0], 'B': [0, 0, 0, 0, 0, 1, 1, 0, 0, 0], 'C': [0, 0, 1, 0, 0, 0, 0, 0, 0, 0], 'D': [0, 0, 0, 1, 0, 0, 0, 0, 1, 0], 'E': [0, 0, 0, 0, 0, 0, 0, 0, 0, 1], 'F': [0, 0, 0, 0, 0, 0, 0, 0, 0, 0], 'G': [0, 0, 0, 0, 0, 0, 0, 0, 0, 0], 'H': [0, 1, 1, 1, 1, 1, 1, 1, 1, 1], 'I': [0, 0, 0, 0, 0, 0, 0, 0, 0, 0], 'J': [0, 1, 0, 0, 0, 0, 0, 1, 0, 1]}, '校医院西': {'A': [1, 1, 1, 1, 1, 1, 1, 1, 1, 1], 'B': [1, 1, 1, 0, 1, 1, 1, 0, 1, 0], 'C': [1, 1, 1, 1, 0, 0, 1, 1, 0, 1], 'D': [0, 1, 1, 1, 1, 1, 0, 1, 1, 1], 'E': [1, 0, 1, 1, 1, 1, 1, 1, 1, 1], 'F': [0, 1, 0, 1, 0, 1, 1, 1, 1, 1], 'G': [0, 0, 1, 1, 0, 1, 1, 1, 0, 0], 'H': [0, 0, 0, 0, 0, 0, 0, 0, 0, 0], 'I': [0, 0, 0, 0, 0, 0, 0, 0, 0, 0]}}
622984	2024-07-13 00:24:51.070000+08:00	2024-07-13 00:24:51.070000+08:00	{'东门北侧': {'A': [1, 1, 1, 1, 1, 1, 1, 1, 1, 1], 'B': [1, 1, 1, 1, 1, 1, 1, 1, 1, 1], 'C': [0, 1, 1, 0, 1, 0, 1, 1, 1, 0], 'D': [1, 1, 1, 1, 1, 0, 0, 1, 0, 1], 'E': [1, 1, 1, 1, 1, 1, 1, 0, 1, 0], 'F': [0, 1, 1, 1, 1, 1, 1, 1, 1, 1], 'G': [0, 1, 1, 1, 1, 0, 1, 1, 0, 0], 'H': [1, 1, 1, 1, 0, 1, 1, 1, 0, 0], 'I': [0, 1, 0, 1, 1, 0, 1, 1, 1, 1], 'J': [1, 0, 0, 0, 1, 0, 1, 1, 1, 0], 'K': [0, 0, 1, 0, 0, 1, 1, 1, 0, 0]}, '东门南侧': {'A': [0, 0, 0, 1, 0, 0, 1, 0, 1, 0], 'B': [0, 0, 0, 0, 0, 0, 0, 0, 0, 0]}, '西门北侧': {'A': [1, 1, 1, 1, 1, 1, 1, 1, 1, 1], 'B': [0, 1, 0, 1, 1, 0, 1, 1, 0, 0], 'C': [1, 1, 0, 0, 1, 1, 1, 1, 1, 0]}, '西门南侧': {'A': [0, 1, 1, 1, 1, 0, 1, 0, 1, 1], 'B': [1, 1, 1, 1, 1, 1, 1, 1, 1, 1], 'C': [1, 0, 1, 1, 1, 1, 1, 1, 1, 1]}, '南门西侧': {'A': [1, 1, 0, 1, 1, 1, 1, 1, 1, 1], 'B': [1, 1, 1, 1, 0, 0, 1, 1, 0, 1]}, '南门东侧': {'A': [1, 0, 0, 1, 1, 1, 1, 1, 1, 1], 'B': [1, 1, 1, 1, 1, 1, 1, 1, 1, 1]}, '北门东北侧': {'A': [1, 1, 1, 1, 1, 1, 1, 1, 1, 1], 'B': [0, 0, 1, 1, 1, 1, 1, 1, 0, 1], 'C': [1, 1, 0, 1, 0, 1, 1, 1, 1, 1], 'D': [0, 0, 1, 1, 0, 0, 1, 0, 0, 1]}, '北门东南侧': {'A': [0, 1, 1, 0, 1, 0, 0, 1, 1, 1], 'B': [0, 1, 1, 0, 0, 1, 1, 0, 0, 0], 'C': [1, 1, 0, 1, 0, 0, 0, 0, 0, 0], 'D': [1, 1, 0, 0, 1, 1, 1, 1, 0, 1], 'E': [1, 1, 1, 1, 0, 0, 1, 0, 1, 1], 'F': [1, 1, 1, 1, 0, 1, 1, 1, 1, 1]}, '橘园北侧南': {'A': [0, 0, 0, 0, 0, 0, 0, 0, 0, 0], 'B': [0, 0, 0, 0, 0, 1, 1, 0, 0, 0], 'C': [0, 0, 1, 0, 0, 0, 0, 0, 0, 0], 'D': [0, 0, 0, 1, 0, 0, 0, 0, 1, 0], 'E': [0, 0, 0, 0, 0, 0, 0, 0, 0, 1], 'F': [0, 0, 0, 0, 0, 0, 0, 0, 0, 0], 'G': [0, 0, 0, 0, 0, 0, 0, 0, 0, 0], 'H': [0, 1, 1, 1, 1, 1, 1, 1, 1, 1], 'I': [0, 0, 0, 0, 0, 0, 0, 0, 0, 0], 'J': [0, 1, 0, 0, 0, 0, 0, 1, 0, 1]}, '校医院西': {'A': [1, 1, 1, 1, 1, 1, 1, 1, 1, 1], 'B': [1, 1, 1, 0, 1, 1, 1, 0, 1, 0], 'C': [1, 1, 1, 1, 0, 0, 1, 1, 0, 1], 'D': [0, 1, 1, 1, 1, 1, 0, 1, 1, 1], 'E': [1, 0, 1, 1, 1, 1, 1, 1, 1, 1], 'F': [0, 1, 0, 1, 0, 1, 1, 1, 1, 1], 'G': [0, 0, 1, 1, 0, 1, 1, 1, 0, 0], 'H': [0, 0, 0, 0, 0, 0, 0, 0, 0, 0], 'I': [0, 0, 0, 0, 0, 0, 0, 0, 0, 0]}}
622985	2024-07-13 00:26:18.763000+08:00	2024-07-13 00:26:18.763000+08:00	{'东门北侧': {'A': [1, 1, 1, 1, 1, 1, 1, 1, 1, 1], 'B': [1, 1, 1, 1, 1, 1, 1, 1, 1, 1], 'C': [0, 1, 1, 0, 1, 0, 1, 1, 1, 0], 'D': [1, 1, 1, 1, 1, 0, 0, 1, 0, 1], 'E': [1, 1, 1, 1, 1, 1, 1, 0, 1, 0], 'F': [0, 1, 1, 1, 1, 1, 1, 1, 1, 1], 'G': [0, 1, 1, 1, 1, 0, 1, 1, 0, 0], 'H': [1, 1, 1, 1, 0, 1, 1, 1, 0, 0], 'I': [0, 1, 0, 1, 1, 0, 1, 1, 1, 1], 'J': [1, 0, 0, 0, 1, 0, 1, 1, 1, 0], 'K': [0, 0, 1, 0, 0, 1, 1, 1, 0, 0]}, '东门南侧': {'A': [0, 0, 0, 1, 0, 0, 1, 0, 1, 0], 'B': [0, 0, 0, 0, 0, 0, 0, 0, 0, 0]}, '西门北侧': {'A': [1, 1, 1, 1, 1, 1, 1, 1, 1, 1], 'B': [0, 1, 0, 1, 1, 0, 1, 1, 0, 0], 'C': [1, 1, 0, 0, 1, 1, 1, 1, 1, 0]}, '西门南侧': {'A': [0, 1, 1, 1, 1, 0, 1, 0, 1, 1], 'B': [1, 1, 1, 1, 1, 1, 1, 1, 1, 1], 'C': [1, 0, 1, 1, 1, 1, 1, 1, 1, 1]}, '南门西侧': {'A': [1, 1, 0, 1, 1, 1, 1, 1, 1, 1], 'B': [1, 1, 1, 1, 0, 0, 1, 1, 0, 1]}, '南门东侧': {'A': [1, 0, 0, 1, 1, 1, 1, 1, 1, 1], 'B': [1, 1, 1, 1, 1, 1, 1, 1, 1, 1]}, '北门东北侧': {'A': [1, 1, 1, 1, 1, 1, 1, 1, 1, 1], 'B': [0, 0, 1, 1, 1, 1, 1, 1, 0, 1], 'C': [1, 1, 0, 1, 0, 1, 1, 1, 1, 1], 'D': [0, 0, 1, 1, 0, 0, 1, 0, 0, 1]}, '北门东南侧': {'A': [0, 1, 1, 0, 1, 0, 0, 1, 1, 1], 'B': [0, 1, 1, 0, 0, 1, 1, 0, 0, 0], 'C': [1, 1, 0, 1, 0, 0, 0, 0, 0, 0], 'D': [1, 1, 0, 0, 1, 1, 1, 1, 0, 1], 'E': [1, 1, 1, 1, 0, 0, 1, 0, 1, 1], 'F': [1, 1, 1, 1, 0, 1, 1, 1, 1, 1]}, '橘园北侧南': {'A': [0, 0, 0, 0, 0, 0, 0, 0, 0, 1], 'B': [0, 0, 0, 0, 0, 1, 1, 0, 0, 0], 'C': [0, 0, 1, 0, 0, 0, 0, 0, 0, 0], 'D': [0, 0, 0, 1, 0, 0, 0, 0, 0, 0], 'E': [0, 0, 0, 0, 0, 0, 0, 0, 0, 1], 'F': [0, 0, 0, 0, 0, 0, 0, 0, 0, 0], 'G': [0, 0, 0, 0, 0, 0, 0, 0, 0, 0], 'H': [0, 1, 1, 1, 1, 1, 1, 1, 1, 1], 'I': [0, 0, 0, 0, 0, 0, 0, 0, 0, 0], 'J': [0, 1, 0, 0, 0, 0, 0, 1, 0, 1]}, '校医院西': {'A': [1, 1, 1, 1, 1, 1, 1, 1, 1, 1], 'B': [1, 1, 1, 0, 1, 1, 1, 0, 1, 0], 'C': [1, 1, 1, 1, 0, 0, 1, 1, 0, 1], 'D': [0, 1, 1, 1, 1, 1, 0, 1, 1, 1], 'E': [1, 0, 1, 1, 1, 1, 1, 1, 1, 1], 'F': [0, 1, 1, 1, 0, 1, 1, 1, 1, 1], 'G': [0, 0, 1, 1, 0, 1, 1, 1, 0, 0], 'H': [0, 0, 0, 0, 0, 0, 0, 0, 0, 0], 'I': [0, 0, 0, 0, 0, 0, 0, 0, 0, 0]}}
622986	2024-07-13 00:26:57.454000+08:00	2024-07-13 00:26:57.454000+08:00	{'东门北侧': {'A': [1, 1, 1, 1, 1, 1, 1, 1, 1, 1], 'B': [1, 1, 1, 1, 1, 1, 1, 1, 1, 1], 'C': [0, 1, 1, 0, 1, 0, 1, 1, 1, 0], 'D': [1, 1, 1, 1, 1, 0, 0, 1, 0, 1], 'E': [1, 1, 1, 1, 1, 1, 1, 0, 1, 0], 'F': [0, 1, 1, 1, 1, 1, 1, 1, 1, 1], 'G': [0, 1, 1, 1, 1, 0, 1, 1, 0, 0], 'H': [1, 1, 1, 1, 0, 1, 1, 1, 0, 0], 'I': [0, 1, 0, 1, 1, 0, 1, 1, 1, 1], 'J': [1, 0, 0, 0, 1, 0, 1, 1, 1, 0], 'K': [0, 0, 1, 0, 0, 1, 1, 1, 0, 0]}, '东门南侧': {'A': [0, 0, 0, 1, 0, 0, 1, 0, 1, 0], 'B': [0, 0, 0, 0, 0, 0, 0, 0, 0, 0]}, '西门北侧': {'A': [1, 1, 1, 1, 1, 1, 1, 1, 1, 1], 'B': [0, 1, 0, 1, 1, 0, 1, 1, 0, 0], 'C': [1, 1, 0, 0, 1, 1, 1, 1, 1, 0]}, '西门南侧': {'A': [0, 1, 1, 1, 1, 0, 1, 0, 1, 1], 'B': [1, 1, 1, 1, 1, 1, 1, 1, 1, 1], 'C': [1, 0, 1, 1, 1, 1, 1, 1, 1, 1]}, '南门西侧': {'A': [1, 1, 0, 1, 1, 1, 1, 1, 1, 1], 'B': [1, 1, 1, 1, 0, 0, 1, 1, 0, 1]}, '南门东侧': {'A': [1, 0, 0, 1, 1, 1, 1, 1, 1, 1], 'B': [1, 1, 1, 1, 1, 1, 1, 1, 1, 1]}, '北门东北侧': {'A': [1, 1, 1, 1, 1, 1, 1, 1, 1, 1], 'B': [0, 0, 1, 1, 1, 1, 1, 1, 0, 1], 'C': [1, 1, 0, 1, 0, 1, 1, 1, 1, 1], 'D': [0, 0, 1, 1, 0, 0, 1, 0, 0, 1]}, '北门东南侧': {'A': [0, 1, 1, 0, 1, 0, 0, 1, 1, 1], 'B': [0, 1, 1, 0, 0, 1, 1, 0, 0, 0], 'C': [1, 1, 0, 1, 0, 0, 0, 0, 0, 0], 'D': [1, 1, 0, 0, 1, 1, 1, 1, 0, 1], 'E': [1, 1, 1, 1, 0, 0, 1, 0, 1, 1], 'F': [1, 1, 1, 1, 0, 1, 1, 1, 1, 1]}, '橘园北侧南': {'A': [0, 0, 0, 0, 0, 0, 0, 0, 0, 1], 'B': [0, 0, 0, 0, 0, 1, 1, 0, 0, 0], 'C': [0, 0, 1, 0, 0, 0, 0, 0, 0, 0], 'D': [0, 0, 0, 1, 0, 0, 0, 0, 0, 0], 'E': [0, 0, 0, 0, 0, 0, 0, 0, 0, 1], 'F': [0, 0, 0, 0, 0, 0, 0, 0, 0, 0], 'G': [0, 0, 0, 0, 0, 0, 0, 0, 0, 0], 'H': [0, 1, 1, 1, 1, 1, 1, 1, 1, 1], 'I': [0, 0, 0, 0, 0, 0, 0, 0, 0, 0], 'J': [0, 1, 0, 0, 0, 0, 0, 1, 0, 1]}, '校医院西': {'A': [1, 1, 1, 1, 1, 1, 1, 1, 1, 1], 'B': [1, 1, 1, 0, 1, 1, 1, 0, 1, 0], 'C': [1, 1, 1, 1, 0, 0, 1, 1, 0, 1], 'D': [0, 1, 1, 1, 1, 1, 0, 1, 1, 1], 'E': [1, 0, 1, 1, 1, 1, 1, 1, 1, 1], 'F': [0, 1, 1, 1, 0, 1, 1, 1, 1, 1], 'G': [0, 0, 1, 1, 0, 1, 1, 1, 0, 0], 'H': [0, 0, 0, 0, 0, 0, 0, 0, 0, 0], 'I': [0, 0, 0, 0, 0, 0, 0, 0, 0, 0]}}
622987	2024-07-13 00:28:05.587000+08:00	2024-07-13 00:28:05.587000+08:00	{'东门北侧': {'A': [1, 1, 1, 1, 1, 1, 1, 1, 1, 1], 'B': [1, 1, 1, 1, 1, 1, 1, 1, 1, 1], 'C': [0, 1, 1, 0, 1, 0, 1, 1, 1, 0], 'D': [1, 1, 1, 1, 1, 0, 0, 1, 0, 1], 'E': [1, 1, 1, 1, 1, 1, 1, 0, 1, 0], 'F': [0, 1, 1, 1, 1, 1, 1, 1, 1, 1], 'G': [0, 1, 1, 1, 1, 0, 1, 1, 0, 0], 'H': [1, 1, 1, 1, 0, 1, 1, 1, 0, 0], 'I': [0, 1, 0, 1, 1, 0, 1, 1, 1, 1], 'J': [1, 0, 0, 0, 1, 0, 1, 1, 1, 0], 'K': [0, 0, 1, 0, 0, 1, 1, 1, 0, 0]}, '东门南侧': {'A': [0, 0, 0, 1, 0, 0, 1, 0, 1, 0], 'B': [0, 0, 0, 0, 0, 0, 0, 0, 0, 0]}, '西门北侧': {'A': [1, 1, 1, 1, 1, 1, 1, 1, 1, 1], 'B': [0, 1, 0, 1, 1, 0, 1, 1, 0, 0], 'C': [1, 1, 0, 0, 1, 1, 1, 1, 1, 0]}, '西门南侧': {'A': [0, 1, 1, 1, 1, 0, 1, 0, 1, 1], 'B': [1, 1, 1, 1, 1, 1, 1, 1, 1, 1], 'C': [1, 0, 1, 1, 1, 1, 1, 1, 1, 1]}, '南门西侧': {'A': [1, 1, 0, 1, 1, 1, 1, 1, 1, 1], 'B': [1, 1, 1, 1, 0, 0, 1, 1, 0, 1]}, '南门东侧': {'A': [1, 0, 0, 1, 1, 1, 1, 1, 1, 1], 'B': [1, 1, 1, 1, 1, 1, 1, 1, 1, 1]}, '北门东北侧': {'A': [1, 1, 1, 1, 1, 1, 1, 1, 1, 1], 'B': [0, 0, 1, 1, 1, 1, 1, 1, 0, 1], 'C': [1, 1, 0, 1, 0, 1, 1, 1, 1, 1], 'D': [0, 0, 1, 1, 0, 0, 1, 0, 0, 1]}, '北门东南侧': {'A': [0, 1, 1, 0, 1, 0, 0, 1, 1, 1], 'B': [0, 1, 1, 0, 0, 1, 1, 0, 0, 0], 'C': [1, 1, 0, 1, 0, 0, 0, 0, 0, 0], 'D': [1, 1, 0, 0, 1, 1, 1, 1, 0, 1], 'E': [1, 1, 1, 1, 0, 0, 1, 0, 1, 1], 'F': [1, 1, 1, 1, 0, 1, 1, 1, 1, 1]}, '橘园北侧南': {'A': [0, 0, 0, 0, 0, 0, 0, 0, 0, 1], 'B': [0, 0, 0, 0, 0, 1, 1, 0, 0, 0], 'C': [0, 0, 1, 0, 0, 0, 0, 0, 0, 0], 'D': [0, 0, 0, 1, 0, 0, 0, 0, 0, 0], 'E': [0, 0, 0, 0, 0, 0, 0, 0, 0, 1], 'F': [0, 0, 0, 0, 0, 0, 0, 0, 0, 0], 'G': [0, 0, 0, 0, 0, 0, 0, 0, 0, 0], 'H': [0, 1, 1, 1, 1, 1, 1, 1, 1, 1], 'I': [0, 0, 0, 0, 0, 0, 0, 0, 0, 0], 'J': [0, 1, 0, 0, 0, 0, 0, 1, 0, 1]}, '校医院西': {'A': [1, 1, 1, 1, 1, 1, 1, 1, 1, 1], 'B': [1, 1, 1, 0, 1, 1, 1, 0, 1, 0], 'C': [1, 1, 1, 1, 0, 0, 1, 1, 0, 1], 'D': [0, 1, 1, 1, 1, 1, 0, 1, 1, 1], 'E': [1, 0, 1, 1, 1, 1, 1, 1, 1, 1], 'F': [0, 1, 1, 1, 0, 1, 1, 1, 1, 1], 'G': [0, 0, 1, 1, 0, 1, 1, 1, 0, 0], 'H': [0, 0, 0, 0, 0, 0, 0, 0, 0, 0], 'I': [0, 0, 0, 0, 0, 0, 0, 0, 0, 0]}}
622988	2024-07-13 00:29:01.654000+08:00	2024-07-13 00:29:01.654000+08:00	{'东门北侧': {'A': [1, 1, 1, 1, 1, 1, 1, 1, 1, 1], 'B': [1, 1, 1, 1, 1, 1, 1, 1, 1, 1], 'C': [0, 1, 1, 0, 1, 0, 1, 1, 1, 0], 'D': [1, 1, 1, 1, 1, 0, 0, 1, 0, 1], 'E': [1, 1, 1, 1, 1, 1, 1, 0, 1, 0], 'F': [0, 1, 1, 1, 1, 1, 1, 1, 1, 1], 'G': [0, 1, 1, 1, 1, 0, 1, 1, 0, 0], 'H': [1, 1, 1, 1, 0, 1, 1, 1, 0, 0], 'I': [0, 1, 0, 1, 1, 0, 1, 1, 1, 1], 'J': [1, 0, 0, 0, 1, 0, 1, 1, 1, 0], 'K': [0, 0, 1, 0, 0, 1, 1, 1, 0, 0]}, '东门南侧': {'A': [0, 0, 0, 1, 0, 0, 1, 0, 1, 0], 'B': [0, 0, 0, 0, 0, 0, 0, 0, 0, 0]}, '西门北侧': {'A': [1, 1, 1, 1, 1, 1, 1, 1, 1, 1], 'B': [0, 1, 0, 1, 1, 0, 1, 1, 0, 0], 'C': [1, 1, 0, 0, 1, 1, 1, 1, 1, 0]}, '西门南侧': {'A': [0, 1, 1, 1, 1, 0, 1, 0, 1, 1], 'B': [1, 1, 1, 1, 1, 1, 1, 1, 1, 1], 'C': [1, 0, 1, 1, 1, 1, 1, 1, 1, 1]}, '南门西侧': {'A': [1, 1, 0, 1, 1, 1, 1, 1, 1, 1], 'B': [1, 1, 1, 1, 0, 0, 1, 1, 0, 1]}, '南门东侧': {'A': [1, 0, 0, 1, 1, 1, 1, 1, 1, 1], 'B': [1, 1, 1, 1, 1, 1, 1, 1, 1, 1]}, '北门东北侧': {'A': [1, 1, 1, 1, 1, 1, 1, 1, 1, 1], 'B': [0, 0, 1, 1, 1, 1, 1, 1, 0, 1], 'C': [1, 1, 0, 1, 0, 1, 1, 1, 1, 1], 'D': [0, 0, 1, 1, 0, 0, 1, 0, 0, 1]}, '北门东南侧': {'A': [0, 1, 1, 0, 1, 0, 0, 1, 1, 1], 'B': [0, 1, 1, 0, 0, 1, 1, 0, 0, 0], 'C': [1, 1, 0, 1, 0, 0, 0, 0, 0, 0], 'D': [1, 1, 0, 0, 1, 1, 1, 1, 0, 1], 'E': [1, 1, 1, 1, 0, 0, 1, 0, 1, 1], 'F': [1, 1, 1, 1, 0, 1, 1, 1, 1, 1]}, '橘园北侧南': {'A': [0, 0, 0, 0, 0, 0, 0, 0, 0, 1], 'B': [0, 0, 0, 0, 0, 1, 1, 0, 0, 0], 'C': [0, 0, 1, 0, 0, 0, 0, 0, 0, 0], 'D': [0, 0, 0, 1, 0, 0, 0, 0, 0, 0], 'E': [0, 0, 0, 0, 0, 0, 0, 0, 0, 1], 'F': [0, 0, 0, 0, 0, 0, 0, 0, 0, 0], 'G': [0, 0, 0, 0, 0, 0, 0, 0, 0, 0], 'H': [0, 1, 1, 1, 1, 1, 1, 1, 1, 1], 'I': [0, 0, 0, 0, 0, 0, 0, 0, 0, 0], 'J': [0, 1, 0, 0, 0, 0, 0, 1, 0, 1]}, '校医院西': {'A': [1, 1, 1, 1, 1, 1, 1, 1, 1, 1], 'B': [1, 1, 1, 0, 1, 1, 1, 0, 1, 0], 'C': [1, 1, 1, 1, 0, 0, 1, 1, 0, 1], 'D': [0, 1, 1, 1, 1, 1, 0, 1, 1, 1], 'E': [1, 0, 1, 1, 1, 1, 1, 1, 1, 1], 'F': [0, 1, 1, 1, 0, 1, 1, 1, 1, 1], 'G': [0, 0, 1, 1, 0, 1, 1, 1, 0, 0], 'H': [0, 0, 0, 0, 0, 0, 0, 0, 0, 0], 'I': [0, 0, 0, 0, 0, 0, 0, 0, 0, 0]}}
622989	2024-07-13 00:29:51.320000+08:00	2024-07-13 00:29:51.320000+08:00	{'东门北侧': {'A': [1, 1, 1, 1, 1, 1, 1, 1, 1, 1], 'B': [1, 1, 1, 1, 1, 1, 1, 1, 1, 1], 'C': [0, 1, 1, 0, 1, 0, 1, 1, 1, 0], 'D': [1, 1, 1, 1, 1, 0, 0, 1, 0, 1], 'E': [1, 1, 1, 1, 1, 1, 1, 0, 1, 0], 'F': [0, 1, 1, 1, 1, 1, 1, 1, 1, 1], 'G': [0, 1, 1, 1, 1, 0, 1, 1, 0, 0], 'H': [1, 1, 1, 1, 0, 1, 1, 1, 0, 0], 'I': [0, 1, 0, 1, 1, 0, 1, 1, 1, 1], 'J': [1, 0, 0, 0, 1, 0, 1, 1, 1, 0], 'K': [0, 1, 1, 0, 0, 1, 1, 1, 0, 0]}, '东门南侧': {'A': [0, 0, 0, 1, 0, 0, 1, 0, 1, 0], 'B': [0, 0, 0, 0, 0, 0, 0, 0, 0, 0]}, '西门北侧': {'A': [1, 1, 1, 1, 1, 1, 1, 1, 1, 1], 'B': [0, 1, 0, 1, 1, 0, 1, 1, 0, 1], 'C': [1, 1, 0, 0, 1, 1, 1, 1, 1, 0]}, '西门南侧': {'A': [0, 1, 1, 1, 1, 0, 1, 0, 1, 1], 'B': [1, 1, 1, 1, 1, 1, 1, 1, 1, 1], 'C': [1, 0, 1, 1, 1, 1, 1, 1, 1, 1]}, '南门西侧': {'A': [1, 1, 0, 1, 1, 1, 1, 1, 1, 1], 'B': [1, 1, 1, 1, 0, 0, 1, 1, 0, 1]}, '南门东侧': {'A': [1, 0, 0, 1, 1, 1, 1, 1, 1, 1], 'B': [1, 1, 1, 1, 1, 1, 1, 1, 1, 1]}, '北门东北侧': {'A': [1, 1, 1, 1, 1, 1, 1, 1, 1, 1], 'B': [0, 0, 1, 1, 1, 1, 1, 1, 0, 1], 'C': [1, 1, 0, 1, 0, 1, 1, 1, 1, 1], 'D': [0, 0, 1, 1, 0, 0, 1, 0, 0, 1]}, '北门东南侧': {'A': [0, 1, 1, 0, 1, 0, 0, 1, 1, 1], 'B': [0, 1, 1, 0, 0, 1, 1, 0, 0, 0], 'C': [1, 1, 0, 1, 0, 0, 0, 0, 0, 0], 'D': [1, 1, 0, 0, 1, 1, 1, 1, 0, 1], 'E': [1, 1, 1, 1, 0, 0, 1, 0, 1, 1], 'F': [1, 1, 1, 1, 0, 1, 1, 1, 1, 1]}, '橘园北侧南': {'A': [0, 0, 0, 0, 0, 0, 0, 0, 0, 1], 'B': [0, 0, 0, 0, 0, 1, 1, 0, 0, 0], 'C': [0, 0, 1, 0, 0, 0, 0, 0, 0, 0], 'D': [0, 0, 0, 1, 0, 0, 0, 0, 0, 0], 'E': [0, 0, 0, 0, 0, 0, 0, 0, 0, 1], 'F': [0, 0, 0, 0, 0, 0, 0, 0, 0, 0], 'G': [0, 0, 0, 0, 0, 0, 0, 0, 1, 0], 'H': [0, 1, 1, 1, 1, 1, 1, 1, 1, 1], 'I': [0, 0, 0, 0, 0, 0, 0, 0, 0, 0], 'J': [0, 1, 0, 0, 0, 0, 0, 1, 0, 1]}, '校医院西': {'A': [1, 1, 1, 1, 1, 1, 1, 1, 1, 1], 'B': [1, 1, 1, 0, 1, 1, 1, 0, 1, 0], 'C': [1, 1, 1, 1, 0, 0, 1, 1, 0, 1], 'D': [0, 1, 1, 1, 1, 1, 0, 1, 1, 1], 'E': [1, 0, 1, 1, 1, 1, 1, 1, 1, 1], 'F': [0, 1, 1, 1, 0, 1, 1, 1, 1, 1], 'G': [0, 0, 1, 1, 0, 1, 1, 1, 0, 0], 'H': [0, 0, 0, 0, 0, 0, 0, 0, 0, 0], 'I': [0, 0, 0, 0, 0, 0, 0, 0, 0, 0]}}
622990	2024-07-13 00:31:51.445000+08:00	2024-07-13 00:31:51.445000+08:00	{'东门北侧': {'A': [1, 1, 1, 1, 1, 1, 1, 1, 1, 1], 'B': [1, 1, 1, 1, 1, 1, 1, 1, 1, 1], 'C': [0, 1, 1, 0, 1, 0, 1, 1, 1, 0], 'D': [1, 1, 1, 1, 1, 0, 0, 1, 0, 1], 'E': [1, 1, 1, 1, 1, 1, 1, 0, 1, 1], 'F': [0, 1, 1, 1, 1, 1, 1, 1, 1, 1], 'G': [0, 1, 1, 1, 1, 0, 1, 1, 0, 0], 'H': [1, 1, 1, 1, 0, 1, 1, 1, 0, 0], 'I': [0, 1, 0, 1, 1, 0, 1, 1, 1, 1], 'J': [1, 0, 0, 0, 1, 0, 1, 1, 1, 0], 'K': [0, 1, 1, 0, 0, 1, 1, 1, 0, 0]}, '东门南侧': {'A': [0, 0, 0, 1, 0, 0, 1, 0, 1, 0], 'B': [0, 0, 0, 0, 0, 0, 0, 0, 0, 0]}, '西门北侧': {'A': [1, 1, 1, 1, 1, 1, 1, 1, 1, 1], 'B': [0, 1, 0, 1, 1, 0, 1, 1, 0, 1], 'C': [1, 1, 0, 0, 1, 1, 1, 1, 1, 0]}, '西门南侧': {'A': [0, 1, 1, 1, 1, 0, 1, 0, 1, 1], 'B': [1, 1, 1, 1, 1, 1, 1, 1, 1, 1], 'C': [1, 0, 1, 1, 1, 1, 1, 1, 1, 1]}, '南门西侧': {'A': [1, 1, 0, 1, 1, 1, 1, 1, 1, 1], 'B': [1, 1, 1, 1, 0, 0, 1, 1, 0, 1]}, '南门东侧': {'A': [1, 0, 0, 1, 1, 1, 1, 1, 1, 1], 'B': [1, 1, 1, 1, 1, 1, 1, 1, 1, 1]}, '北门东北侧': {'A': [1, 1, 1, 1, 1, 1, 1, 1, 1, 1], 'B': [0, 0, 1, 1, 1, 1, 1, 1, 0, 1], 'C': [1, 1, 0, 1, 0, 1, 1, 1, 1, 1], 'D': [0, 0, 1, 1, 0, 0, 1, 0, 0, 1]}, '北门东南侧': {'A': [0, 1, 1, 0, 1, 0, 0, 1, 1, 1], 'B': [0, 1, 1, 0, 0, 1, 1, 0, 0, 0], 'C': [1, 1, 0, 1, 0, 0, 0, 0, 0, 0], 'D': [1, 1, 0, 0, 1, 1, 1, 1, 0, 1], 'E': [1, 1, 1, 1, 0, 0, 1, 0, 1, 1], 'F': [1, 1, 1, 1, 0, 1, 1, 1, 1, 1]}, '橘园北侧南': {'A': [0, 0, 0, 0, 0, 0, 0, 0, 0, 1], 'B': [0, 0, 0, 0, 0, 1, 1, 0, 1, 0], 'C': [0, 0, 1, 0, 0, 0, 0, 0, 0, 0], 'D': [0, 0, 0, 1, 0, 0, 0, 0, 0, 0], 'E': [0, 0, 0, 0, 0, 0, 0, 0, 0, 1], 'F': [0, 0, 0, 0, 0, 0, 0, 0, 0, 0], 'G': [0, 0, 0, 0, 0, 0, 0, 0, 1, 0], 'H': [0, 1, 1, 1, 1, 1, 1, 1, 1, 1], 'I': [0, 0, 0, 0, 0, 0, 0, 0, 0, 0], 'J': [0, 1, 0, 0, 0, 0, 0, 1, 0, 1]}, '校医院西': {'A': [1, 1, 1, 1, 1, 1, 1, 1, 1, 1], 'B': [1, 1, 1, 0, 1, 1, 1, 0, 1, 0], 'C': [1, 1, 1, 1, 0, 0, 1, 1, 0, 1], 'D': [0, 1, 1, 1, 1, 1, 0, 1, 1, 1], 'E': [1, 0, 1, 1, 1, 1, 1, 1, 1, 1], 'F': [0, 1, 1, 1, 0, 1, 1, 1, 1, 1], 'G': [0, 0, 1, 1, 0, 1, 1, 1, 0, 0], 'H': [0, 0, 0, 0, 0, 0, 0, 0, 0, 0], 'I': [0, 0, 0, 0, 0, 0, 0, 0, 0, 0]}}
622991	2024-07-13 00:32:50.567000+08:00	2024-07-13 00:32:50.567000+08:00	{'东门北侧': {'A': [1, 1, 1, 1, 1, 1, 1, 1, 1, 1], 'B': [1, 1, 1, 1, 1, 1, 1, 1, 1, 1], 'C': [0, 1, 1, 0, 1, 0, 1, 1, 1, 0], 'D': [1, 1, 1, 1, 1, 0, 0, 1, 0, 1], 'E': [1, 1, 1, 1, 1, 1, 1, 0, 1, 1], 'F': [0, 1, 1, 1, 1, 1, 1, 1, 1, 1], 'G': [0, 1, 1, 1, 1, 0, 1, 1, 0, 0], 'H': [1, 1, 1, 1, 0, 1, 1, 1, 0, 0], 'I': [0, 1, 0, 1, 1, 0, 1, 1, 1, 1], 'J': [1, 0, 0, 0, 1, 0, 1, 1, 1, 0], 'K': [0, 1, 1, 0, 0, 1, 1, 1, 0, 0]}, '东门南侧': {'A': [0, 0, 0, 1, 0, 0, 1, 0, 1, 0], 'B': [0, 0, 0, 0, 0, 0, 0, 0, 0, 0]}, '西门北侧': {'A': [1, 1, 1, 1, 1, 1, 1, 1, 1, 1], 'B': [0, 1, 0, 1, 1, 0, 1, 1, 0, 1], 'C': [1, 1, 0, 0, 1, 1, 1, 1, 1, 0]}, '西门南侧': {'A': [0, 1, 1, 1, 1, 0, 1, 0, 1, 1], 'B': [1, 1, 1, 1, 1, 1, 1, 1, 1, 1], 'C': [1, 0, 1, 1, 1, 1, 1, 1, 1, 1]}, '南门西侧': {'A': [1, 1, 0, 1, 1, 1, 1, 1, 1, 1], 'B': [1, 1, 1, 1, 0, 0, 1, 1, 0, 1]}, '南门东侧': {'A': [1, 0, 0, 1, 1, 1, 1, 1, 1, 1], 'B': [1, 1, 1, 1, 1, 1, 1, 1, 1, 1]}, '北门东北侧': {'A': [1, 1, 1, 1, 1, 1, 1, 1, 1, 1], 'B': [0, 0, 1, 1, 1, 1, 1, 1, 0, 1], 'C': [1, 1, 0, 1, 0, 1, 1, 1, 1, 1], 'D': [0, 0, 1, 1, 0, 0, 1, 0, 0, 1]}, '北门东南侧': {'A': [0, 1, 1, 0, 1, 0, 0, 1, 1, 1], 'B': [0, 1, 1, 0, 0, 1, 1, 0, 0, 0], 'C': [1, 1, 0, 1, 0, 0, 0, 0, 0, 0], 'D': [1, 1, 0, 0, 1, 1, 1, 1, 0, 1], 'E': [1, 1, 1, 1, 0, 0, 1, 0, 1, 1], 'F': [1, 1, 1, 1, 0, 1, 1, 1, 1, 1]}, '橘园北侧南': {'A': [0, 0, 0, 0, 0, 0, 0, 0, 0, 1], 'B': [0, 0, 0, 0, 0, 1, 1, 0, 1, 0], 'C': [0, 0, 1, 0, 0, 0, 0, 0, 0, 0], 'D': [0, 0, 0, 1, 0, 0, 0, 0, 0, 0], 'E': [0, 0, 0, 0, 0, 0, 0, 0, 0, 1], 'F': [0, 0, 0, 0, 0, 0, 0, 0, 0, 0], 'G': [0, 0, 0, 0, 0, 0, 0, 0, 1, 0], 'H': [0, 1, 1, 1, 1, 1, 1, 1, 1, 1], 'I': [0, 0, 0, 0, 0, 0, 0, 0, 0, 0], 'J': [0, 1, 0, 0, 0, 0, 0, 1, 0, 1]}, '校医院西': {'A': [1, 1, 1, 1, 1, 1, 1, 1, 1, 1], 'B': [1, 1, 1, 0, 1, 1, 1, 0, 1, 0], 'C': [1, 1, 1, 1, 0, 0, 1, 1, 0, 1], 'D': [0, 1, 1, 1, 1, 1, 0, 1, 1, 1], 'E': [1, 0, 1, 1, 1, 1, 1, 1, 1, 1], 'F': [0, 1, 1, 1, 0, 1, 1, 1, 1, 1], 'G': [0, 0, 1, 1, 0, 1, 1, 1, 0, 0], 'H': [0, 0, 0, 0, 0, 0, 0, 0, 0, 0], 'I': [0, 0, 0, 0, 0, 0, 0, 0, 0, 0]}}
622992	2024-07-13 00:33:49.063000+08:00	2024-07-13 00:33:49.063000+08:00	{'东门北侧': {'A': [1, 1, 1, 1, 1, 1, 1, 1, 1, 1], 'B': [1, 1, 1, 1, 1, 1, 1, 1, 1, 1], 'C': [0, 1, 1, 0, 1, 0, 1, 1, 1, 0], 'D': [1, 1, 1, 1, 1, 0, 0, 1, 0, 1], 'E': [1, 1, 1, 1, 1, 1, 1, 0, 1, 1], 'F': [0, 1, 1, 1, 1, 1, 1, 1, 1, 1], 'G': [0, 1, 1, 1, 1, 0, 1, 1, 0, 0], 'H': [1, 1, 1, 1, 0, 1, 1, 1, 0, 0], 'I': [0, 1, 0, 1, 1, 0, 1, 1, 1, 1], 'J': [1, 0, 0, 0, 1, 0, 1, 1, 1, 0], 'K': [0, 1, 1, 0, 0, 1, 1, 1, 0, 0]}, '东门南侧': {'A': [0, 0, 0, 1, 0, 0, 1, 0, 1, 0], 'B': [0, 0, 0, 0, 0, 0, 0, 0, 0, 0]}, '西门北侧': {'A': [1, 1, 1, 1, 1, 1, 1, 1, 1, 1], 'B': [0, 1, 0, 1, 1, 0, 1, 1, 0, 1], 'C': [1, 1, 0, 0, 1, 1, 1, 1, 1, 0]}, '西门南侧': {'A': [0, 1, 1, 1, 1, 0, 1, 0, 1, 1], 'B': [1, 1, 1, 1, 1, 1, 1, 1, 1, 1], 'C': [1, 0, 1, 1, 1, 1, 1, 1, 1, 1]}, '南门西侧': {'A': [1, 1, 0, 1, 1, 1, 1, 1, 1, 1], 'B': [1, 1, 1, 1, 0, 0, 1, 1, 0, 1]}, '南门东侧': {'A': [1, 0, 0, 1, 1, 1, 1, 1, 1, 1], 'B': [1, 1, 1, 1, 1, 1, 1, 1, 1, 1]}, '北门东北侧': {'A': [1, 1, 1, 1, 1, 1, 1, 1, 1, 1], 'B': [0, 0, 1, 1, 1, 1, 1, 1, 0, 1], 'C': [1, 1, 0, 1, 0, 1, 1, 1, 1, 1], 'D': [0, 0, 1, 1, 0, 0, 1, 0, 0, 1]}, '北门东南侧': {'A': [0, 1, 1, 0, 1, 0, 0, 1, 1, 1], 'B': [0, 1, 1, 0, 0, 1, 1, 0, 0, 0], 'C': [1, 1, 0, 1, 0, 0, 0, 0, 0, 0], 'D': [1, 1, 0, 0, 1, 1, 1, 1, 0, 1], 'E': [1, 1, 1, 1, 0, 0, 1, 0, 1, 1], 'F': [1, 1, 1, 1, 0, 1, 1, 1, 1, 1]}, '橘园北侧南': {'A': [0, 0, 0, 0, 0, 0, 0, 0, 0, 1], 'B': [0, 0, 0, 0, 0, 1, 1, 0, 1, 0], 'C': [0, 0, 1, 0, 0, 0, 0, 0, 0, 0], 'D': [0, 0, 0, 1, 0, 0, 0, 0, 0, 0], 'E': [0, 0, 0, 0, 0, 0, 0, 0, 0, 1], 'F': [0, 0, 0, 0, 0, 0, 0, 0, 0, 0], 'G': [0, 0, 0, 0, 0, 0, 0, 0, 1, 0], 'H': [0, 1, 1, 1, 1, 1, 1, 1, 1, 1], 'I': [0, 0, 0, 0, 0, 0, 0, 0, 0, 0], 'J': [0, 1, 0, 0, 0, 0, 0, 1, 0, 1]}, '校医院西': {'A': [1, 1, 1, 1, 1, 1, 1, 1, 1, 1], 'B': [1, 1, 1, 0, 1, 1, 1, 0, 1, 0], 'C': [1, 1, 1, 1, 0, 0, 1, 1, 0, 1], 'D': [0, 1, 1, 1, 1, 1, 0, 1, 1, 1], 'E': [1, 0, 1, 1, 1, 1, 1, 1, 1, 1], 'F': [0, 1, 1, 1, 0, 1, 1, 1, 1, 1], 'G': [0, 0, 1, 1, 0, 1, 1, 1, 0, 0], 'H': [0, 0, 0, 0, 0, 0, 0, 0, 0, 0], 'I': [0, 0, 0, 0, 0, 0, 0, 0, 0, 0]}}
622993	2024-07-13 00:34:51.095000+08:00	2024-07-13 00:34:51.095000+08:00	{'东门北侧': {'A': [1, 1, 1, 1, 1, 1, 1, 1, 1, 1], 'B': [1, 1, 1, 1, 1, 1, 1, 1, 1, 1], 'C': [0, 1, 1, 0, 1, 0, 1, 1, 1, 0], 'D': [1, 1, 1, 1, 1, 0, 0, 1, 0, 1], 'E': [1, 1, 1, 1, 1, 1, 1, 0, 1, 1], 'F': [0, 1, 1, 1, 1, 1, 1, 1, 1, 1], 'G': [0, 1, 1, 1, 1, 0, 1, 1, 0, 0], 'H': [1, 1, 1, 1, 0, 1, 1, 1, 0, 0], 'I': [0, 1, 0, 1, 1, 0, 1, 1, 1, 1], 'J': [1, 0, 0, 0, 1, 0, 1, 1, 1, 0], 'K': [0, 1, 1, 0, 0, 1, 1, 1, 0, 0]}, '东门南侧': {'A': [0, 0, 0, 1, 0, 0, 1, 0, 1, 0], 'B': [0, 0, 0, 0, 0, 0, 0, 0, 0, 0]}, '西门北侧': {'A': [1, 1, 1, 1, 1, 1, 1, 1, 1, 1], 'B': [0, 1, 0, 1, 1, 0, 1, 1, 0, 1], 'C': [1, 1, 0, 0, 1, 1, 1, 1, 1, 0]}, '西门南侧': {'A': [0, 1, 1, 1, 1, 0, 1, 0, 1, 1], 'B': [1, 1, 1, 1, 1, 1, 1, 1, 1, 1], 'C': [1, 0, 1, 1, 1, 1, 1, 1, 1, 1]}, '南门西侧': {'A': [1, 1, 0, 1, 1, 1, 1, 1, 1, 1], 'B': [1, 1, 1, 1, 0, 0, 1, 1, 0, 1]}, '南门东侧': {'A': [1, 0, 0, 1, 1, 1, 1, 1, 1, 1], 'B': [1, 1, 1, 1, 1, 1, 1, 1, 1, 1]}, '北门东北侧': {'A': [1, 1, 1, 1, 1, 1, 1, 1, 1, 1], 'B': [0, 0, 1, 1, 1, 1, 1, 1, 0, 1], 'C': [1, 1, 0, 1, 0, 1, 1, 1, 1, 1], 'D': [0, 0, 1, 1, 0, 0, 1, 0, 0, 1]}, '北门东南侧': {'A': [0, 1, 1, 0, 1, 0, 0, 1, 1, 1], 'B': [0, 1, 1, 0, 0, 1, 1, 0, 0, 0], 'C': [1, 1, 0, 1, 0, 0, 0, 0, 0, 0], 'D': [1, 1, 0, 0, 1, 1, 1, 1, 0, 1], 'E': [1, 1, 1, 1, 0, 0, 1, 0, 1, 1], 'F': [1, 1, 1, 1, 0, 1, 1, 1, 1, 1]}, '橘园北侧南': {'A': [0, 0, 0, 0, 0, 0, 0, 0, 0, 1], 'B': [0, 0, 0, 0, 0, 1, 1, 0, 1, 0], 'C': [0, 0, 1, 0, 0, 0, 0, 0, 0, 0], 'D': [0, 0, 0, 1, 0, 0, 0, 0, 0, 0], 'E': [0, 0, 0, 0, 0, 0, 0, 0, 0, 1], 'F': [0, 0, 0, 0, 0, 0, 0, 0, 0, 0], 'G': [0, 0, 0, 0, 0, 0, 0, 0, 1, 0], 'H': [0, 1, 1, 1, 1, 1, 1, 1, 1, 1], 'I': [0, 0, 0, 0, 0, 0, 0, 0, 0, 0], 'J': [0, 1, 0, 0, 0, 0, 0, 1, 0, 1]}, '校医院西': {'A': [1, 1, 1, 1, 1, 1, 1, 1, 1, 1], 'B': [1, 1, 1, 0, 1, 1, 1, 0, 1, 0], 'C': [1, 1, 1, 1, 0, 0, 1, 1, 0, 1], 'D': [0, 1, 1, 1, 1, 1, 0, 1, 1, 1], 'E': [1, 0, 1, 1, 1, 1, 1, 1, 1, 1], 'F': [0, 1, 1, 1, 0, 1, 1, 1, 1, 1], 'G': [0, 0, 1, 1, 0, 1, 1, 1, 0, 0], 'H': [0, 0, 0, 0, 0, 0, 0, 0, 0, 0], 'I': [0, 0, 0, 0, 0, 0, 0, 0, 0, 0]}}
622994	2024-07-13 00:35:03.361000+08:00	2024-07-13 00:35:03.361000+08:00	{'东门北侧': {'A': [1, 1, 1, 1, 1, 1, 1, 1, 1, 1], 'B': [1, 1, 1, 1, 1, 1, 1, 1, 1, 1], 'C': [0, 1, 1, 0, 1, 0, 1, 1, 1, 0], 'D': [1, 1, 1, 1, 1, 0, 0, 1, 0, 1], 'E': [1, 1, 1, 1, 1, 1, 1, 0, 1, 1], 'F': [0, 1, 1, 1, 1, 1, 1, 1, 1, 1], 'G': [0, 1, 1, 1, 1, 0, 1, 1, 0, 0], 'H': [1, 1, 1, 1, 0, 1, 1, 1, 0, 0], 'I': [0, 1, 0, 1, 1, 0, 1, 1, 1, 1], 'J': [1, 0, 0, 0, 1, 0, 1, 1, 1, 0], 'K': [0, 1, 1, 0, 0, 1, 1, 1, 0, 0]}, '东门南侧': {'A': [0, 0, 0, 1, 0, 0, 1, 0, 1, 0], 'B': [0, 0, 0, 0, 0, 0, 0, 0, 0, 0]}, '西门北侧': {'A': [1, 1, 1, 1, 1, 1, 1, 1, 1, 1], 'B': [0, 1, 0, 1, 1, 0, 1, 1, 0, 1], 'C': [1, 1, 0, 0, 1, 1, 1, 1, 1, 0]}, '西门南侧': {'A': [0, 1, 1, 1, 1, 0, 1, 0, 1, 1], 'B': [1, 1, 1, 1, 1, 1, 1, 1, 1, 1], 'C': [1, 0, 1, 1, 1, 1, 1, 1, 1, 1]}, '南门西侧': {'A': [1, 1, 0, 1, 1, 1, 1, 1, 1, 1], 'B': [1, 1, 1, 1, 0, 0, 1, 1, 0, 1]}, '南门东侧': {'A': [1, 0, 0, 1, 1, 1, 1, 1, 1, 1], 'B': [1, 1, 1, 1, 1, 1, 1, 1, 1, 1]}, '北门东北侧': {'A': [1, 1, 1, 1, 1, 1, 1, 1, 1, 1], 'B': [0, 0, 1, 1, 1, 1, 1, 1, 0, 1], 'C': [1, 1, 0, 1, 0, 1, 1, 1, 1, 1], 'D': [0, 0, 1, 1, 0, 0, 1, 0, 0, 1]}, '北门东南侧': {'A': [0, 1, 1, 0, 1, 0, 0, 1, 1, 1], 'B': [0, 1, 1, 0, 0, 1, 1, 0, 0, 0], 'C': [1, 1, 0, 1, 0, 0, 0, 0, 0, 0], 'D': [1, 1, 0, 0, 1, 1, 1, 1, 0, 1], 'E': [1, 1, 1, 1, 0, 0, 1, 0, 1, 1], 'F': [1, 1, 1, 1, 0, 1, 1, 1, 1, 1]}, '橘园北侧南': {'A': [0, 0, 0, 0, 0, 0, 0, 0, 0, 1], 'B': [0, 0, 0, 0, 0, 1, 1, 0, 1, 0], 'C': [0, 0, 1, 0, 0, 0, 0, 0, 0, 0], 'D': [0, 0, 0, 1, 0, 0, 0, 0, 0, 0], 'E': [0, 0, 0, 0, 0, 0, 0, 0, 0, 1], 'F': [0, 0, 0, 0, 0, 0, 0, 0, 0, 0], 'G': [0, 0, 0, 0, 0, 0, 0, 0, 1, 0], 'H': [0, 1, 1, 1, 1, 1, 1, 1, 1, 1], 'I': [0, 0, 0, 0, 0, 0, 0, 0, 0, 0], 'J': [0, 1, 0, 0, 0, 0, 0, 1, 0, 1]}, '校医院西': {'A': [1, 1, 1, 1, 1, 1, 1, 1, 1, 1], 'B': [1, 1, 1, 0, 1, 1, 1, 0, 1, 0], 'C': [1, 1, 1, 1, 0, 0, 1, 1, 0, 1], 'D': [0, 1, 1, 1, 1, 1, 0, 1, 1, 1], 'E': [1, 0, 1, 1, 1, 1, 1, 1, 1, 1], 'F': [0, 1, 1, 1, 0, 1, 1, 1, 1, 1], 'G': [0, 0, 1, 1, 0, 1, 1, 1, 0, 0], 'H': [0, 0, 0, 0, 0, 0, 0, 0, 0, 0], 'I': [0, 0, 0, 0, 0, 0, 0, 0, 0, 0]}}
622995	2024-07-13 00:35:50.268000+08:00	2024-07-13 00:35:50.268000+08:00	{'东门北侧': {'A': [1, 1, 1, 1, 1, 1, 1, 1, 1, 1], 'B': [1, 1, 1, 1, 1, 1, 1, 1, 1, 1], 'C': [0, 1, 1, 0, 1, 0, 1, 1, 1, 0], 'D': [1, 1, 1, 1, 1, 0, 0, 1, 0, 1], 'E': [1, 1, 1, 1, 1, 1, 1, 0, 1, 1], 'F': [0, 1, 1, 1, 1, 1, 1, 1, 1, 1], 'G': [0, 1, 1, 1, 1, 0, 1, 1, 0, 0], 'H': [1, 1, 1, 1, 0, 1, 1, 1, 0, 0], 'I': [0, 1, 0, 1, 1, 0, 1, 1, 1, 1], 'J': [1, 0, 0, 0, 1, 0, 1, 1, 1, 0], 'K': [0, 1, 1, 0, 0, 1, 1, 1, 0, 0]}, '东门南侧': {'A': [0, 0, 0, 1, 0, 0, 1, 0, 1, 0], 'B': [0, 0, 0, 0, 0, 0, 0, 0, 0, 0]}, '西门北侧': {'A': [1, 1, 1, 1, 1, 1, 1, 1, 1, 1], 'B': [0, 1, 0, 1, 1, 0, 1, 1, 0, 1], 'C': [1, 1, 0, 0, 1, 1, 1, 1, 1, 0]}, '西门南侧': {'A': [0, 1, 1, 1, 1, 0, 1, 0, 1, 1], 'B': [1, 1, 1, 1, 1, 1, 1, 1, 1, 1], 'C': [1, 0, 1, 1, 1, 1, 1, 1, 1, 1]}, '南门西侧': {'A': [1, 1, 0, 1, 1, 1, 1, 1, 1, 1], 'B': [1, 1, 1, 1, 0, 0, 1, 1, 0, 1]}, '南门东侧': {'A': [1, 0, 0, 1, 1, 1, 1, 1, 1, 1], 'B': [1, 1, 1, 1, 1, 1, 1, 1, 1, 1]}, '北门东北侧': {'A': [1, 1, 1, 1, 1, 1, 1, 1, 1, 1], 'B': [0, 0, 1, 1, 1, 1, 1, 1, 0, 1], 'C': [1, 1, 0, 1, 0, 1, 1, 1, 1, 1], 'D': [0, 0, 1, 1, 0, 0, 1, 0, 0, 1]}, '北门东南侧': {'A': [0, 1, 1, 0, 1, 0, 0, 1, 1, 1], 'B': [0, 1, 1, 0, 0, 1, 1, 0, 0, 0], 'C': [1, 1, 0, 1, 0, 0, 0, 0, 0, 0], 'D': [1, 1, 0, 0, 1, 1, 1, 1, 0, 1], 'E': [1, 1, 1, 1, 0, 0, 1, 0, 1, 1], 'F': [1, 1, 1, 1, 0, 1, 1, 1, 1, 1]}, '橘园北侧南': {'A': [0, 0, 0, 0, 0, 0, 0, 0, 0, 1], 'B': [0, 0, 0, 0, 0, 1, 1, 0, 1, 0], 'C': [0, 0, 1, 0, 0, 0, 0, 0, 0, 0], 'D': [0, 0, 0, 1, 0, 0, 0, 0, 0, 0], 'E': [0, 0, 0, 0, 0, 0, 0, 0, 0, 1], 'F': [0, 0, 0, 0, 0, 0, 0, 0, 0, 0], 'G': [0, 0, 0, 0, 0, 0, 0, 0, 1, 0], 'H': [0, 1, 1, 1, 1, 1, 1, 1, 1, 1], 'I': [0, 0, 0, 0, 0, 0, 0, 0, 0, 0], 'J': [0, 1, 0, 0, 0, 0, 0, 1, 0, 1]}, '校医院西': {'A': [1, 1, 1, 1, 1, 1, 1, 1, 1, 1], 'B': [1, 1, 1, 0, 1, 1, 1, 0, 1, 0], 'C': [1, 1, 1, 1, 0, 0, 1, 1, 0, 1], 'D': [0, 1, 1, 1, 1, 1, 0, 1, 1, 1], 'E': [1, 0, 1, 1, 1, 1, 1, 1, 1, 1], 'F': [0, 1, 1, 1, 0, 1, 1, 1, 1, 1], 'G': [0, 0, 1, 1, 0, 1, 1, 1, 0, 0], 'H': [0, 0, 0, 0, 0, 0, 0, 0, 0, 0], 'I': [0, 0, 0, 0, 0, 0, 0, 0, 0, 0]}}
622996	2024-07-13 00:37:59.316000+08:00	2024-07-13 00:37:59.316000+08:00	{'东门北侧': {'A': [1, 1, 1, 1, 1, 1, 1, 1, 1, 1], 'B': [1, 1, 1, 1, 1, 1, 1, 1, 1, 1], 'C': [0, 1, 1, 0, 1, 0, 1, 1, 1, 0], 'D': [1, 1, 1, 1, 1, 0, 0, 1, 0, 1], 'E': [1, 1, 1, 1, 1, 1, 1, 0, 1, 1], 'F': [0, 1, 1, 1, 1, 1, 1, 1, 1, 1], 'G': [0, 1, 1, 1, 1, 0, 1, 1, 0, 0], 'H': [1, 1, 1, 1, 0, 1, 1, 1, 0, 0], 'I': [0, 1, 0, 1, 1, 0, 1, 1, 1, 1], 'J': [1, 0, 1, 0, 1, 0, 1, 1, 1, 0], 'K': [0, 1, 1, 0, 0, 1, 1, 1, 0, 0]}, '东门南侧': {'A': [0, 0, 0, 1, 0, 0, 1, 0, 1, 0], 'B': [0, 0, 0, 0, 0, 0, 0, 0, 0, 0]}, '西门北侧': {'A': [1, 1, 1, 1, 1, 1, 1, 1, 1, 1], 'B': [0, 1, 0, 1, 1, 0, 1, 1, 0, 1], 'C': [1, 1, 0, 0, 1, 1, 1, 1, 1, 0]}, '西门南侧': {'A': [0, 1, 1, 1, 1, 0, 1, 0, 1, 1], 'B': [1, 1, 1, 1, 1, 1, 1, 1, 1, 1], 'C': [1, 0, 1, 1, 1, 1, 1, 1, 1, 1]}, '南门西侧': {'A': [1, 1, 0, 1, 1, 1, 1, 1, 1, 1], 'B': [1, 1, 1, 1, 0, 0, 1, 1, 0, 1]}, '南门东侧': {'A': [1, 0, 0, 1, 1, 1, 1, 1, 1, 1], 'B': [1, 1, 1, 1, 1, 1, 1, 1, 1, 1]}, '北门东北侧': {'A': [1, 1, 1, 1, 1, 1, 1, 1, 1, 1], 'B': [0, 0, 1, 1, 1, 1, 1, 1, 0, 1], 'C': [1, 1, 0, 1, 0, 1, 1, 1, 1, 1], 'D': [0, 0, 1, 1, 0, 0, 1, 0, 0, 1]}, '北门东南侧': {'A': [0, 1, 1, 0, 1, 0, 0, 1, 1, 1], 'B': [0, 1, 1, 0, 0, 1, 1, 0, 0, 0], 'C': [1, 1, 0, 1, 0, 0, 0, 0, 0, 0], 'D': [1, 1, 0, 0, 1, 1, 1, 1, 0, 1], 'E': [1, 1, 1, 1, 0, 0, 1, 0, 1, 1], 'F': [1, 1, 1, 1, 0, 1, 1, 1, 1, 1]}, '橘园北侧南': {'A': [0, 0, 0, 0, 0, 0, 0, 0, 0, 1], 'B': [0, 0, 0, 0, 0, 1, 1, 0, 1, 0], 'C': [0, 0, 1, 0, 0, 0, 0, 0, 0, 0], 'D': [0, 0, 0, 1, 0, 0, 0, 0, 0, 0], 'E': [0, 0, 0, 0, 0, 0, 0, 0, 0, 1], 'F': [0, 0, 0, 0, 0, 0, 0, 0, 0, 0], 'G': [0, 0, 0, 0, 0, 0, 0, 0, 1, 0], 'H': [0, 1, 1, 1, 1, 1, 1, 1, 1, 1], 'I': [0, 0, 0, 0, 0, 0, 0, 0, 0, 0], 'J': [0, 1, 0, 0, 0, 0, 0, 1, 0, 1]}, '校医院西': {'A': [1, 1, 1, 1, 1, 1, 1, 1, 1, 1], 'B': [1, 1, 1, 0, 1, 1, 1, 0, 1, 0], 'C': [1, 1, 1, 1, 0, 0, 1, 1, 0, 1], 'D': [0, 1, 1, 1, 1, 1, 0, 1, 1, 1], 'E': [1, 0, 1, 1, 1, 1, 1, 1, 1, 1], 'F': [0, 1, 1, 1, 0, 1, 1, 1, 1, 1], 'G': [0, 0, 1, 1, 0, 1, 1, 1, 0, 0], 'H': [0, 0, 0, 0, 0, 0, 0, 0, 0, 0], 'I': [0, 0, 0, 0, 0, 0, 0, 0, 0, 0]}}
622997	2024-07-13 00:38:52.461000+08:00	2024-07-13 00:38:52.461000+08:00	{'东门北侧': {'A': [1, 1, 1, 1, 1, 1, 1, 1, 1, 1], 'B': [1, 1, 1, 1, 1, 1, 1, 1, 1, 1], 'C': [0, 1, 1, 0, 1, 0, 1, 1, 1, 0], 'D': [1, 1, 1, 1, 1, 0, 0, 1, 0, 1], 'E': [1, 1, 1, 1, 1, 1, 1, 0, 1, 1], 'F': [0, 1, 1, 1, 1, 1, 1, 1, 1, 1], 'G': [0, 1, 1, 1, 1, 0, 1, 1, 0, 0], 'H': [1, 1, 1, 1, 0, 1, 1, 1, 0, 0], 'I': [0, 1, 0, 1, 1, 0, 1, 1, 1, 1], 'J': [1, 0, 1, 0, 1, 0, 1, 1, 1, 0], 'K': [0, 1, 1, 0, 0, 1, 1, 1, 0, 0]}, '东门南侧': {'A': [0, 0, 0, 1, 0, 0, 1, 0, 1, 0], 'B': [0, 0, 0, 0, 0, 0, 0, 0, 0, 0]}, '西门北侧': {'A': [1, 1, 1, 1, 1, 1, 1, 1, 1, 1], 'B': [0, 1, 0, 1, 1, 0, 1, 1, 0, 1], 'C': [1, 1, 0, 0, 1, 1, 1, 1, 1, 0]}, '西门南侧': {'A': [0, 1, 1, 1, 1, 0, 1, 0, 1, 1], 'B': [1, 1, 1, 1, 1, 1, 1, 1, 1, 1], 'C': [1, 0, 1, 1, 1, 1, 1, 1, 1, 1]}, '南门西侧': {'A': [1, 1, 0, 1, 1, 1, 1, 1, 1, 1], 'B': [1, 1, 1, 1, 0, 0, 1, 1, 0, 1]}, '南门东侧': {'A': [1, 0, 0, 1, 1, 1, 1, 1, 1, 1], 'B': [1, 1, 1, 1, 1, 1, 1, 1, 1, 1]}, '北门东北侧': {'A': [1, 1, 1, 1, 1, 1, 1, 1, 1, 1], 'B': [0, 0, 1, 1, 1, 1, 1, 1, 0, 1], 'C': [1, 1, 0, 1, 0, 1, 1, 1, 1, 1], 'D': [0, 0, 1, 1, 0, 0, 1, 0, 0, 1]}, '北门东南侧': {'A': [0, 1, 1, 0, 1, 0, 0, 1, 1, 1], 'B': [0, 1, 1, 0, 0, 1, 1, 0, 0, 0], 'C': [1, 1, 0, 1, 0, 0, 0, 0, 0, 0], 'D': [1, 1, 0, 0, 1, 1, 1, 1, 0, 1], 'E': [1, 1, 1, 1, 0, 0, 1, 0, 1, 1], 'F': [1, 1, 1, 1, 0, 1, 1, 1, 1, 1]}, '橘园北侧南': {'A': [0, 0, 0, 1, 0, 0, 0, 0, 0, 1], 'B': [0, 0, 0, 0, 0, 1, 1, 0, 1, 0], 'C': [0, 0, 1, 0, 0, 0, 0, 0, 0, 0], 'D': [0, 0, 0, 1, 0, 0, 0, 0, 0, 0], 'E': [0, 0, 0, 0, 0, 0, 0, 0, 0, 1], 'F': [0, 0, 0, 0, 0, 0, 0, 0, 0, 0], 'G': [0, 0, 0, 0, 0, 0, 0, 0, 1, 0], 'H': [0, 1, 1, 1, 1, 1, 1, 1, 1, 1], 'I': [0, 0, 0, 0, 0, 0, 0, 0, 0, 0], 'J': [0, 1, 0, 0, 0, 0, 0, 1, 0, 1]}, '校医院西': {'A': [1, 1, 1, 1, 1, 1, 1, 1, 1, 1], 'B': [1, 1, 1, 0, 1, 1, 1, 0, 1, 0], 'C': [1, 1, 1, 1, 0, 0, 1, 1, 0, 1], 'D': [0, 1, 1, 1, 1, 1, 0, 1, 1, 1], 'E': [1, 0, 1, 1, 1, 1, 1, 1, 1, 1], 'F': [0, 1, 1, 1, 0, 1, 1, 1, 1, 1], 'G': [0, 0, 1, 1, 0, 1, 1, 1, 0, 0], 'H': [0, 0, 0, 0, 0, 0, 0, 0, 0, 0], 'I': [0, 0, 0, 0, 0, 0, 0, 0, 0, 0]}}
622998	2024-07-13 00:39:54.103000+08:00	2024-07-13 00:39:54.103000+08:00	{'东门北侧': {'A': [1, 1, 1, 1, 1, 1, 1, 1, 1, 1], 'B': [1, 1, 1, 1, 1, 1, 1, 1, 1, 1], 'C': [0, 1, 1, 0, 1, 0, 1, 1, 1, 0], 'D': [1, 1, 1, 1, 1, 0, 0, 1, 0, 1], 'E': [1, 1, 1, 1, 1, 1, 1, 0, 1, 1], 'F': [0, 1, 1, 1, 1, 1, 1, 1, 1, 1], 'G': [0, 1, 1, 1, 1, 0, 1, 1, 0, 0], 'H': [1, 1, 1, 1, 0, 1, 1, 1, 0, 0], 'I': [0, 1, 0, 1, 1, 0, 1, 1, 1, 1], 'J': [1, 0, 1, 0, 1, 0, 1, 1, 1, 0], 'K': [0, 1, 1, 0, 0, 1, 1, 1, 0, 0]}, '东门南侧': {'A': [0, 0, 0, 1, 0, 0, 1, 0, 1, 0], 'B': [0, 0, 0, 0, 0, 0, 0, 0, 0, 0]}, '西门北侧': {'A': [1, 1, 1, 1, 1, 1, 1, 1, 1, 1], 'B': [0, 1, 0, 1, 1, 0, 1, 1, 0, 1], 'C': [1, 1, 0, 0, 1, 1, 1, 1, 1, 0]}, '西门南侧': {'A': [0, 1, 1, 1, 1, 0, 1, 0, 1, 1], 'B': [1, 1, 1, 1, 1, 1, 1, 1, 1, 1], 'C': [1, 0, 1, 1, 1, 1, 1, 1, 1, 1]}, '南门西侧': {'A': [1, 1, 0, 1, 1, 1, 1, 1, 1, 1], 'B': [1, 1, 1, 1, 0, 0, 1, 1, 0, 1]}, '南门东侧': {'A': [1, 0, 0, 1, 1, 1, 1, 1, 1, 1], 'B': [1, 1, 1, 1, 1, 1, 1, 1, 1, 1]}, '北门东北侧': {'A': [1, 1, 1, 1, 1, 1, 1, 1, 1, 1], 'B': [0, 0, 1, 1, 1, 1, 1, 1, 0, 1], 'C': [1, 1, 0, 1, 0, 1, 1, 1, 1, 1], 'D': [0, 0, 1, 1, 0, 0, 1, 0, 0, 1]}, '北门东南侧': {'A': [0, 1, 1, 0, 1, 0, 0, 1, 1, 1], 'B': [0, 1, 1, 0, 0, 1, 1, 0, 0, 0], 'C': [1, 1, 0, 1, 0, 0, 0, 0, 0, 0], 'D': [1, 1, 0, 0, 1, 1, 1, 1, 0, 1], 'E': [1, 1, 1, 1, 0, 0, 1, 0, 1, 1], 'F': [1, 1, 1, 1, 0, 1, 1, 1, 1, 1]}, '橘园北侧南': {'A': [0, 0, 0, 1, 0, 0, 0, 0, 0, 1], 'B': [0, 0, 0, 0, 0, 1, 1, 0, 1, 0], 'C': [0, 0, 1, 0, 0, 0, 0, 0, 0, 0], 'D': [0, 0, 0, 1, 0, 0, 0, 0, 0, 0], 'E': [0, 0, 0, 0, 0, 0, 0, 0, 0, 1], 'F': [0, 0, 0, 0, 0, 0, 0, 0, 0, 0], 'G': [0, 0, 0, 0, 0, 0, 0, 0, 1, 0], 'H': [0, 1, 1, 1, 1, 1, 1, 1, 1, 1], 'I': [0, 0, 0, 0, 0, 0, 0, 0, 0, 0], 'J': [0, 1, 0, 0, 0, 0, 0, 1, 0, 1]}, '校医院西': {'A': [1, 1, 1, 1, 1, 1, 1, 1, 1, 1], 'B': [1, 1, 1, 0, 1, 1, 1, 0, 1, 0], 'C': [1, 1, 1, 1, 0, 0, 1, 1, 0, 1], 'D': [0, 1, 1, 1, 1, 1, 0, 1, 1, 1], 'E': [1, 0, 1, 1, 1, 1, 1, 1, 1, 1], 'F': [0, 1, 1, 1, 0, 1, 1, 1, 1, 1], 'G': [0, 0, 1, 1, 0, 1, 1, 1, 0, 0], 'H': [0, 0, 0, 0, 0, 0, 0, 0, 0, 0], 'I': [0, 0, 0, 0, 0, 0, 0, 0, 0, 0]}}
622999	2024-07-13 00:40:53.128000+08:00	2024-07-13 00:40:53.128000+08:00	{'东门北侧': {'A': [1, 1, 1, 1, 1, 1, 1, 1, 1, 1], 'B': [1, 1, 1, 1, 1, 1, 1, 1, 1, 1], 'C': [0, 1, 1, 0, 1, 0, 1, 1, 1, 0], 'D': [1, 1, 1, 1, 1, 0, 0, 1, 0, 1], 'E': [1, 1, 1, 1, 1, 1, 1, 0, 1, 1], 'F': [0, 1, 1, 1, 1, 1, 1, 1, 1, 1], 'G': [0, 1, 1, 1, 1, 0, 1, 1, 0, 0], 'H': [1, 1, 1, 1, 0, 1, 1, 1, 0, 0], 'I': [0, 1, 0, 1, 1, 0, 1, 1, 1, 1], 'J': [1, 0, 1, 0, 1, 0, 1, 1, 1, 0], 'K': [0, 1, 1, 0, 0, 1, 1, 1, 0, 0]}, '东门南侧': {'A': [0, 0, 0, 1, 0, 0, 1, 0, 1, 0], 'B': [0, 0, 0, 0, 0, 0, 0, 0, 0, 0]}, '西门北侧': {'A': [1, 1, 1, 1, 1, 1, 1, 1, 1, 1], 'B': [0, 1, 0, 1, 1, 0, 1, 1, 0, 1], 'C': [1, 1, 0, 0, 1, 1, 1, 1, 1, 0]}, '西门南侧': {'A': [0, 1, 1, 1, 1, 0, 1, 0, 1, 1], 'B': [1, 1, 1, 1, 1, 1, 1, 1, 1, 1], 'C': [1, 0, 1, 1, 1, 1, 1, 1, 1, 1]}, '南门西侧': {'A': [1, 1, 0, 1, 1, 1, 1, 1, 1, 1], 'B': [1, 1, 1, 1, 0, 0, 1, 1, 0, 1]}, '南门东侧': {'A': [1, 0, 0, 1, 1, 1, 1, 1, 1, 1], 'B': [1, 1, 1, 1, 1, 1, 1, 1, 1, 1]}, '北门东北侧': {'A': [1, 1, 1, 1, 1, 1, 1, 1, 1, 1], 'B': [0, 0, 1, 1, 1, 1, 1, 1, 0, 1], 'C': [1, 1, 0, 1, 0, 1, 1, 1, 1, 1], 'D': [0, 0, 1, 1, 0, 0, 1, 0, 0, 1]}, '北门东南侧': {'A': [0, 1, 1, 0, 1, 0, 0, 1, 1, 1], 'B': [0, 1, 1, 0, 0, 1, 1, 0, 0, 0], 'C': [1, 1, 0, 1, 0, 0, 0, 0, 0, 0], 'D': [1, 1, 0, 0, 1, 1, 1, 1, 0, 1], 'E': [1, 1, 1, 1, 0, 0, 1, 0, 1, 1], 'F': [1, 1, 1, 1, 0, 1, 1, 1, 1, 1]}, '橘园北侧南': {'A': [0, 0, 0, 1, 0, 0, 0, 0, 0, 1], 'B': [0, 0, 0, 0, 0, 1, 1, 0, 1, 0], 'C': [0, 0, 1, 0, 0, 0, 0, 0, 0, 0], 'D': [0, 0, 0, 1, 0, 0, 0, 0, 0, 0], 'E': [0, 0, 0, 0, 0, 0, 0, 0, 0, 1], 'F': [0, 0, 0, 0, 0, 0, 0, 0, 0, 0], 'G': [0, 0, 0, 0, 0, 0, 0, 0, 1, 0], 'H': [0, 1, 1, 1, 1, 1, 1, 1, 1, 1], 'I': [0, 0, 0, 0, 0, 0, 0, 0, 0, 0], 'J': [0, 1, 0, 0, 0, 0, 0, 1, 0, 1]}, '校医院西': {'A': [1, 1, 1, 1, 1, 1, 1, 1, 1, 1], 'B': [1, 1, 1, 0, 1, 1, 1, 0, 1, 0], 'C': [1, 1, 1, 1, 0, 0, 1, 1, 0, 1], 'D': [0, 1, 1, 1, 1, 1, 0, 1, 1, 1], 'E': [1, 0, 1, 1, 1, 1, 1, 1, 1, 1], 'F': [0, 1, 1, 1, 0, 1, 1, 1, 1, 1], 'G': [0, 0, 1, 1, 0, 1, 1, 1, 0, 0], 'H': [0, 0, 0, 0, 0, 0, 0, 0, 0, 0], 'I': [0, 0, 0, 0, 0, 0, 0, 0, 0, 0]}}
623000	2024-07-13 00:41:53.270000+08:00	2024-07-13 00:41:53.270000+08:00	{'东门北侧': {'A': [1, 1, 1, 1, 1, 1, 1, 1, 1, 1], 'B': [1, 1, 1, 1, 1, 1, 1, 1, 1, 1], 'C': [0, 1, 1, 0, 1, 0, 1, 1, 1, 0], 'D': [1, 1, 1, 1, 1, 0, 0, 1, 0, 1], 'E': [1, 1, 1, 1, 1, 1, 1, 0, 1, 1], 'F': [0, 1, 1, 1, 1, 1, 1, 1, 1, 1], 'G': [0, 1, 1, 1, 1, 0, 1, 1, 0, 0], 'H': [1, 1, 1, 1, 0, 1, 1, 1, 0, 0], 'I': [0, 1, 0, 1, 1, 0, 1, 1, 1, 1], 'J': [1, 0, 1, 0, 1, 0, 1, 1, 1, 0], 'K': [0, 1, 1, 0, 0, 1, 1, 1, 0, 0]}, '东门南侧': {'A': [0, 0, 0, 1, 0, 0, 1, 0, 1, 0], 'B': [0, 0, 0, 0, 0, 0, 0, 0, 0, 0]}, '西门北侧': {'A': [1, 1, 1, 1, 1, 1, 1, 1, 1, 1], 'B': [0, 1, 0, 1, 1, 0, 1, 1, 0, 1], 'C': [1, 1, 0, 0, 1, 1, 1, 1, 1, 0]}, '西门南侧': {'A': [0, 1, 1, 1, 1, 0, 1, 0, 1, 1], 'B': [1, 1, 1, 1, 1, 1, 1, 1, 1, 1], 'C': [1, 0, 1, 1, 1, 1, 1, 1, 1, 1]}, '南门西侧': {'A': [1, 1, 0, 1, 1, 1, 1, 1, 1, 1], 'B': [1, 1, 1, 1, 0, 0, 1, 1, 0, 1]}, '南门东侧': {'A': [1, 0, 0, 1, 1, 1, 1, 1, 1, 1], 'B': [1, 1, 1, 1, 1, 1, 1, 1, 1, 1]}, '北门东北侧': {'A': [1, 1, 1, 1, 1, 1, 1, 1, 1, 1], 'B': [0, 0, 1, 1, 1, 1, 1, 1, 0, 1], 'C': [1, 1, 0, 1, 0, 1, 1, 1, 1, 1], 'D': [0, 0, 1, 1, 0, 0, 1, 0, 0, 1]}, '北门东南侧': {'A': [0, 1, 1, 0, 1, 0, 0, 1, 1, 1], 'B': [0, 1, 1, 0, 0, 1, 1, 0, 0, 0], 'C': [1, 1, 0, 1, 0, 0, 0, 0, 0, 0], 'D': [1, 1, 0, 0, 1, 1, 1, 1, 0, 1], 'E': [1, 1, 1, 1, 0, 0, 1, 0, 1, 1], 'F': [1, 1, 1, 1, 0, 1, 1, 1, 1, 1]}, '橘园北侧南': {'A': [0, 0, 0, 1, 0, 0, 0, 0, 0, 1], 'B': [0, 0, 0, 0, 0, 1, 1, 0, 1, 0], 'C': [0, 0, 1, 0, 0, 0, 0, 0, 0, 0], 'D': [0, 0, 0, 1, 0, 0, 0, 0, 0, 0], 'E': [0, 0, 0, 0, 0, 0, 0, 0, 0, 1], 'F': [0, 0, 0, 0, 0, 0, 0, 0, 0, 0], 'G': [0, 0, 0, 0, 0, 0, 0, 0, 1, 0], 'H': [0, 1, 1, 1, 1, 1, 1, 1, 1, 1], 'I': [0, 0, 0, 0, 0, 0, 0, 0, 0, 0], 'J': [0, 1, 0, 0, 0, 0, 0, 1, 0, 1]}, '校医院西': {'A': [1, 1, 1, 1, 1, 1, 1, 1, 1, 1], 'B': [1, 1, 1, 0, 1, 1, 1, 0, 1, 0], 'C': [1, 1, 1, 1, 0, 0, 1, 1, 0, 1], 'D': [0, 1, 1, 1, 1, 1, 0, 1, 1, 1], 'E': [1, 0, 1, 1, 1, 1, 1, 1, 1, 1], 'F': [0, 1, 1, 1, 0, 1, 1, 1, 1, 1], 'G': [0, 0, 1, 1, 0, 1, 1, 1, 0, 0], 'H': [0, 0, 0, 0, 0, 0, 0, 0, 0, 0], 'I': [0, 0, 0, 0, 0, 0, 0, 0, 0, 0]}}
623001	2024-07-13 00:43:20.066000+08:00	2024-07-13 00:43:20.066000+08:00	{'东门北侧': {'A': [1, 1, 1, 1, 1, 1, 1, 1, 1, 1], 'B': [1, 1, 1, 1, 1, 1, 1, 1, 1, 1], 'C': [0, 1, 1, 0, 1, 0, 1, 1, 1, 0], 'D': [1, 1, 1, 1, 1, 0, 0, 1, 0, 1], 'E': [1, 1, 1, 1, 1, 1, 1, 0, 1, 1], 'F': [0, 1, 1, 1, 1, 1, 1, 1, 1, 1], 'G': [0, 1, 1, 1, 1, 0, 1, 1, 0, 0], 'H': [1, 1, 1, 1, 0, 1, 1, 1, 0, 0], 'I': [0, 1, 0, 1, 1, 0, 1, 1, 1, 1], 'J': [1, 0, 1, 0, 1, 0, 1, 1, 1, 0], 'K': [0, 1, 1, 0, 0, 1, 1, 1, 0, 0]}, '东门南侧': {'A': [0, 0, 0, 1, 0, 0, 1, 0, 1, 0], 'B': [0, 0, 0, 0, 0, 0, 0, 0, 0, 0]}, '西门北侧': {'A': [1, 1, 1, 1, 1, 1, 1, 1, 1, 1], 'B': [0, 1, 0, 1, 1, 0, 1, 1, 0, 1], 'C': [1, 1, 0, 0, 1, 1, 1, 1, 1, 0]}, '西门南侧': {'A': [0, 1, 1, 1, 1, 0, 1, 0, 1, 1], 'B': [1, 1, 1, 1, 1, 1, 1, 1, 1, 1], 'C': [1, 0, 1, 1, 1, 1, 1, 1, 1, 1]}, '南门西侧': {'A': [1, 1, 0, 1, 1, 1, 1, 1, 1, 1], 'B': [1, 1, 1, 1, 0, 0, 1, 1, 0, 1]}, '南门东侧': {'A': [1, 0, 0, 1, 1, 1, 1, 1, 1, 1], 'B': [1, 1, 1, 1, 1, 1, 1, 1, 1, 1]}, '北门东北侧': {'A': [1, 1, 1, 1, 1, 1, 1, 1, 1, 1], 'B': [0, 0, 1, 1, 1, 1, 1, 1, 0, 1], 'C': [1, 1, 0, 1, 0, 1, 1, 1, 1, 1], 'D': [0, 0, 1, 1, 0, 0, 1, 0, 0, 1]}, '北门东南侧': {'A': [0, 1, 1, 0, 1, 0, 0, 1, 1, 1], 'B': [0, 1, 1, 0, 0, 1, 1, 0, 0, 0], 'C': [1, 1, 0, 1, 0, 0, 0, 0, 0, 0], 'D': [1, 1, 0, 0, 1, 1, 1, 1, 0, 1], 'E': [1, 1, 1, 1, 0, 0, 1, 0, 1, 1], 'F': [1, 1, 1, 1, 0, 1, 1, 1, 1, 1]}, '橘园北侧南': {'A': [0, 0, 0, 1, 0, 0, 0, 0, 0, 1], 'B': [0, 0, 0, 0, 0, 1, 1, 0, 1, 0], 'C': [0, 0, 1, 0, 0, 0, 0, 0, 0, 0], 'D': [0, 0, 0, 1, 0, 0, 0, 0, 0, 0], 'E': [0, 0, 0, 0, 0, 0, 0, 0, 0, 1], 'F': [0, 0, 0, 0, 0, 0, 0, 0, 0, 0], 'G': [0, 0, 0, 0, 0, 0, 0, 0, 1, 0], 'H': [0, 1, 1, 1, 1, 1, 1, 1, 1, 1], 'I': [0, 0, 0, 0, 0, 0, 0, 0, 0, 0], 'J': [0, 1, 0, 0, 0, 0, 0, 1, 0, 1]}, '校医院西': {'A': [1, 1, 1, 1, 1, 1, 1, 1, 1, 1], 'B': [1, 1, 1, 0, 1, 1, 1, 0, 1, 0], 'C': [1, 1, 1, 1, 0, 0, 1, 1, 0, 1], 'D': [0, 1, 1, 1, 1, 1, 0, 1, 1, 1], 'E': [1, 0, 1, 1, 1, 1, 1, 1, 1, 1], 'F': [0, 1, 1, 1, 0, 1, 1, 1, 1, 1], 'G': [0, 0, 1, 1, 0, 1, 1, 1, 0, 0], 'H': [0, 0, 0, 0, 0, 0, 0, 0, 0, 0], 'I': [0, 0, 0, 0, 0, 0, 0, 0, 0, 0]}}
623002	2024-07-13 00:43:49.311000+08:00	2024-07-13 00:43:49.311000+08:00	{'东门北侧': {'A': [1, 1, 1, 1, 1, 1, 1, 1, 1, 1], 'B': [1, 1, 1, 1, 1, 1, 1, 1, 1, 1], 'C': [0, 1, 1, 0, 1, 0, 1, 1, 1, 0], 'D': [1, 1, 1, 1, 1, 0, 0, 1, 0, 1], 'E': [1, 1, 1, 1, 1, 1, 1, 0, 1, 1], 'F': [0, 1, 1, 1, 1, 1, 1, 1, 1, 1], 'G': [0, 1, 1, 1, 1, 0, 1, 1, 0, 0], 'H': [1, 1, 1, 1, 0, 1, 1, 1, 0, 0], 'I': [0, 1, 0, 1, 1, 0, 1, 1, 1, 1], 'J': [1, 0, 1, 0, 1, 0, 1, 1, 1, 0], 'K': [0, 1, 1, 0, 0, 1, 1, 1, 0, 0]}, '东门南侧': {'A': [0, 0, 0, 1, 0, 0, 1, 0, 1, 0], 'B': [0, 0, 0, 0, 0, 0, 0, 0, 0, 0]}, '西门北侧': {'A': [1, 1, 1, 1, 1, 1, 1, 1, 1, 1], 'B': [0, 1, 0, 1, 1, 0, 1, 1, 0, 1], 'C': [1, 1, 0, 0, 1, 1, 1, 1, 1, 0]}, '西门南侧': {'A': [0, 1, 1, 1, 1, 0, 1, 0, 1, 1], 'B': [1, 1, 1, 1, 1, 1, 1, 1, 1, 1], 'C': [1, 0, 1, 1, 1, 1, 1, 1, 1, 1]}, '南门西侧': {'A': [1, 1, 0, 1, 1, 1, 1, 1, 1, 1], 'B': [1, 1, 1, 1, 0, 0, 1, 1, 0, 1]}, '南门东侧': {'A': [1, 0, 0, 1, 1, 1, 1, 1, 1, 1], 'B': [1, 1, 1, 1, 1, 1, 1, 1, 1, 1]}, '北门东北侧': {'A': [1, 1, 1, 1, 1, 1, 1, 1, 1, 1], 'B': [0, 0, 1, 1, 1, 1, 1, 1, 0, 1], 'C': [1, 1, 0, 1, 0, 1, 1, 1, 1, 1], 'D': [0, 0, 1, 1, 0, 0, 1, 0, 0, 1]}, '北门东南侧': {'A': [0, 1, 1, 0, 1, 0, 0, 1, 1, 1], 'B': [0, 1, 1, 0, 0, 1, 1, 0, 0, 0], 'C': [1, 1, 0, 1, 0, 0, 0, 0, 0, 0], 'D': [1, 1, 0, 0, 1, 1, 1, 1, 0, 1], 'E': [1, 1, 1, 1, 0, 0, 1, 0, 1, 1], 'F': [1, 1, 1, 1, 0, 1, 1, 1, 1, 1]}, '橘园北侧南': {'A': [0, 0, 0, 1, 0, 0, 0, 0, 0, 1], 'B': [0, 0, 0, 0, 0, 1, 1, 0, 1, 0], 'C': [0, 0, 1, 0, 0, 0, 0, 0, 0, 0], 'D': [0, 0, 0, 1, 0, 0, 0, 0, 0, 0], 'E': [0, 0, 0, 0, 0, 0, 0, 0, 0, 1], 'F': [0, 0, 0, 0, 0, 0, 0, 0, 0, 0], 'G': [0, 0, 0, 0, 0, 0, 0, 0, 1, 0], 'H': [0, 1, 1, 1, 1, 1, 1, 1, 1, 1], 'I': [0, 0, 0, 0, 0, 0, 0, 0, 0, 0], 'J': [0, 1, 0, 0, 0, 0, 0, 1, 0, 1]}, '校医院西': {'A': [1, 1, 1, 1, 1, 1, 1, 1, 1, 1], 'B': [1, 1, 1, 0, 1, 1, 1, 0, 1, 0], 'C': [1, 1, 1, 1, 0, 0, 1, 1, 0, 1], 'D': [0, 1, 1, 1, 1, 1, 0, 1, 1, 1], 'E': [1, 0, 1, 1, 1, 1, 1, 1, 1, 1], 'F': [0, 1, 1, 1, 0, 1, 1, 1, 1, 1], 'G': [0, 0, 1, 1, 0, 1, 1, 1, 0, 0], 'H': [0, 0, 0, 0, 0, 0, 0, 0, 0, 0], 'I': [0, 0, 0, 0, 0, 0, 0, 0, 0, 0]}}
623003	2024-07-13 00:44:54.753000+08:00	2024-07-13 00:44:54.753000+08:00	{'东门北侧': {'A': [1, 1, 1, 1, 1, 1, 1, 1, 1, 1], 'B': [1, 1, 1, 1, 1, 1, 1, 1, 1, 1], 'C': [0, 1, 1, 0, 1, 0, 1, 1, 1, 0], 'D': [1, 1, 1, 1, 1, 0, 0, 1, 0, 1], 'E': [1, 1, 1, 1, 1, 1, 1, 0, 1, 1], 'F': [0, 1, 1, 1, 1, 1, 1, 1, 1, 1], 'G': [0, 1, 1, 1, 1, 0, 1, 1, 0, 0], 'H': [1, 1, 1, 1, 0, 1, 1, 1, 0, 0], 'I': [0, 1, 0, 1, 1, 0, 1, 1, 1, 1], 'J': [1, 0, 1, 0, 1, 0, 1, 1, 1, 0], 'K': [0, 1, 1, 0, 0, 1, 1, 1, 0, 0]}, '东门南侧': {'A': [0, 0, 0, 1, 0, 0, 1, 0, 1, 0], 'B': [0, 0, 0, 0, 0, 0, 0, 0, 0, 0]}, '西门北侧': {'A': [1, 1, 1, 1, 1, 1, 1, 1, 1, 1], 'B': [0, 1, 0, 1, 1, 0, 1, 1, 0, 1], 'C': [1, 1, 0, 0, 1, 1, 1, 1, 1, 0]}, '西门南侧': {'A': [0, 1, 1, 1, 1, 0, 1, 0, 1, 1], 'B': [1, 1, 1, 1, 1, 1, 1, 1, 1, 1], 'C': [1, 0, 1, 1, 1, 1, 1, 1, 1, 1]}, '南门西侧': {'A': [1, 1, 0, 1, 1, 1, 1, 1, 1, 1], 'B': [1, 1, 1, 1, 0, 0, 1, 1, 0, 1]}, '南门东侧': {'A': [1, 0, 0, 1, 1, 1, 1, 1, 1, 1], 'B': [1, 1, 1, 1, 1, 1, 1, 1, 1, 1]}, '北门东北侧': {'A': [1, 1, 1, 1, 1, 1, 1, 1, 1, 1], 'B': [0, 0, 1, 1, 1, 1, 1, 1, 0, 1], 'C': [1, 1, 0, 1, 0, 1, 1, 1, 1, 1], 'D': [0, 0, 1, 1, 0, 0, 1, 0, 0, 1]}, '北门东南侧': {'A': [0, 1, 1, 0, 1, 0, 0, 1, 1, 1], 'B': [0, 1, 1, 0, 0, 1, 1, 0, 0, 0], 'C': [1, 1, 0, 1, 0, 0, 0, 0, 0, 0], 'D': [1, 1, 0, 0, 1, 1, 1, 1, 0, 1], 'E': [1, 1, 1, 1, 0, 0, 1, 0, 1, 1], 'F': [1, 1, 1, 1, 0, 1, 1, 1, 1, 1]}, '橘园北侧南': {'A': [0, 0, 0, 1, 0, 0, 0, 0, 0, 1], 'B': [0, 0, 0, 0, 0, 1, 1, 0, 1, 0], 'C': [0, 0, 1, 0, 0, 0, 0, 0, 0, 0], 'D': [0, 0, 0, 1, 0, 0, 0, 0, 0, 0], 'E': [0, 0, 0, 0, 0, 0, 0, 0, 0, 1], 'F': [0, 0, 0, 0, 0, 0, 0, 0, 0, 0], 'G': [0, 0, 0, 0, 0, 0, 0, 0, 1, 0], 'H': [0, 1, 1, 1, 1, 1, 1, 1, 1, 1], 'I': [0, 0, 0, 0, 0, 0, 0, 0, 0, 0], 'J': [0, 1, 0, 0, 0, 0, 0, 1, 0, 1]}, '校医院西': {'A': [1, 1, 1, 1, 1, 1, 1, 1, 1, 1], 'B': [1, 1, 1, 0, 1, 1, 1, 0, 1, 0], 'C': [1, 1, 1, 1, 0, 0, 1, 1, 0, 1], 'D': [0, 1, 1, 1, 1, 1, 0, 1, 1, 1], 'E': [1, 0, 1, 1, 1, 1, 1, 1, 1, 1], 'F': [0, 1, 1, 1, 0, 1, 1, 1, 1, 1], 'G': [0, 0, 1, 1, 0, 1, 1, 1, 0, 0], 'H': [0, 0, 0, 0, 0, 0, 0, 0, 0, 0], 'I': [0, 0, 0, 0, 0, 0, 0, 0, 0, 0]}}
623004	2024-07-13 00:45:51.114000+08:00	2024-07-13 00:45:51.114000+08:00	{'东门北侧': {'A': [1, 1, 1, 1, 1, 1, 1, 1, 1, 1], 'B': [1, 1, 1, 1, 1, 1, 1, 1, 1, 1], 'C': [0, 1, 1, 0, 1, 0, 1, 1, 1, 0], 'D': [1, 1, 1, 1, 1, 0, 0, 1, 0, 1], 'E': [1, 1, 1, 1, 1, 1, 1, 0, 1, 1], 'F': [0, 1, 1, 1, 1, 1, 1, 1, 1, 1], 'G': [0, 1, 1, 1, 1, 0, 1, 1, 0, 0], 'H': [1, 1, 1, 1, 0, 1, 1, 1, 0, 0], 'I': [0, 1, 0, 1, 1, 0, 1, 1, 1, 1], 'J': [1, 0, 1, 0, 1, 0, 1, 1, 1, 0], 'K': [0, 1, 1, 0, 0, 1, 1, 1, 0, 0]}, '东门南侧': {'A': [0, 0, 0, 1, 0, 0, 1, 0, 1, 0], 'B': [0, 0, 0, 0, 0, 0, 0, 0, 0, 0]}, '西门北侧': {'A': [1, 1, 1, 1, 1, 1, 1, 1, 1, 1], 'B': [0, 1, 0, 1, 1, 0, 1, 1, 0, 1], 'C': [1, 1, 0, 0, 1, 1, 1, 1, 1, 0]}, '西门南侧': {'A': [0, 1, 1, 1, 1, 0, 1, 0, 1, 1], 'B': [1, 1, 1, 1, 1, 1, 1, 1, 1, 1], 'C': [1, 0, 1, 1, 1, 1, 1, 1, 1, 1]}, '南门西侧': {'A': [1, 1, 0, 1, 1, 1, 1, 1, 1, 1], 'B': [1, 1, 1, 1, 0, 0, 1, 1, 0, 1]}, '南门东侧': {'A': [1, 0, 0, 1, 1, 1, 1, 1, 1, 1], 'B': [1, 1, 1, 1, 1, 1, 1, 1, 1, 1]}, '北门东北侧': {'A': [1, 1, 1, 1, 1, 1, 1, 1, 1, 1], 'B': [0, 0, 1, 1, 1, 1, 1, 1, 0, 1], 'C': [1, 1, 0, 1, 0, 1, 1, 1, 1, 1], 'D': [0, 0, 1, 1, 0, 0, 1, 0, 0, 1]}, '北门东南侧': {'A': [0, 1, 1, 0, 1, 0, 0, 1, 1, 1], 'B': [0, 1, 1, 0, 0, 1, 1, 0, 0, 0], 'C': [1, 1, 0, 1, 0, 0, 0, 0, 0, 0], 'D': [1, 1, 0, 0, 1, 1, 1, 1, 0, 1], 'E': [1, 1, 1, 1, 0, 0, 1, 0, 1, 1], 'F': [1, 1, 1, 1, 0, 1, 1, 1, 1, 1]}, '橘园北侧南': {'A': [0, 0, 0, 1, 0, 0, 0, 0, 0, 1], 'B': [0, 0, 0, 0, 0, 1, 1, 0, 1, 0], 'C': [0, 0, 1, 0, 0, 0, 0, 0, 0, 0], 'D': [0, 0, 0, 1, 0, 0, 0, 0, 0, 0], 'E': [0, 0, 0, 0, 0, 0, 0, 0, 0, 1], 'F': [0, 0, 0, 0, 0, 0, 0, 0, 0, 0], 'G': [0, 0, 0, 0, 0, 0, 0, 0, 1, 0], 'H': [0, 1, 1, 1, 1, 1, 1, 1, 1, 1], 'I': [0, 0, 0, 0, 0, 0, 0, 0, 0, 0], 'J': [0, 1, 0, 0, 0, 0, 0, 1, 0, 0]}, '校医院西': {'A': [1, 1, 1, 1, 1, 1, 1, 1, 1, 1], 'B': [1, 1, 1, 0, 1, 1, 1, 0, 1, 0], 'C': [1, 1, 1, 1, 0, 0, 1, 1, 0, 1], 'D': [0, 1, 1, 1, 1, 1, 0, 1, 1, 1], 'E': [1, 0, 1, 1, 1, 1, 1, 1, 1, 1], 'F': [0, 1, 1, 1, 0, 1, 1, 1, 1, 1], 'G': [0, 0, 1, 1, 0, 1, 1, 1, 0, 0], 'H': [0, 0, 0, 0, 0, 0, 0, 0, 0, 0], 'I': [0, 0, 0, 0, 0, 0, 0, 0, 0, 0]}}
623005	2024-07-13 00:47:04.168000+08:00	2024-07-13 00:47:04.168000+08:00	{'东门北侧': {'A': [1, 1, 1, 1, 1, 1, 1, 1, 1, 1], 'B': [1, 1, 1, 1, 1, 1, 1, 1, 1, 1], 'C': [0, 1, 1, 0, 1, 0, 1, 1, 1, 0], 'D': [1, 1, 1, 1, 1, 0, 0, 1, 0, 1], 'E': [1, 1, 1, 1, 1, 1, 1, 0, 1, 1], 'F': [0, 1, 1, 1, 1, 1, 1, 1, 1, 1], 'G': [0, 1, 1, 1, 1, 0, 1, 1, 0, 0], 'H': [1, 1, 1, 1, 0, 1, 1, 1, 0, 0], 'I': [0, 1, 0, 1, 1, 0, 1, 1, 1, 1], 'J': [1, 0, 1, 0, 1, 0, 1, 1, 1, 0], 'K': [0, 1, 1, 0, 0, 1, 1, 1, 0, 0]}, '东门南侧': {'A': [0, 0, 0, 1, 0, 0, 1, 0, 1, 0], 'B': [0, 0, 0, 0, 0, 0, 0, 0, 0, 0]}, '西门北侧': {'A': [1, 1, 1, 1, 1, 1, 1, 1, 1, 1], 'B': [0, 1, 0, 1, 1, 0, 1, 1, 0, 1], 'C': [1, 1, 0, 0, 1, 1, 1, 1, 1, 0]}, '西门南侧': {'A': [0, 1, 1, 1, 1, 0, 1, 0, 1, 1], 'B': [1, 1, 1, 1, 1, 1, 1, 1, 1, 1], 'C': [1, 0, 1, 1, 1, 1, 1, 1, 1, 1]}, '南门西侧': {'A': [1, 1, 0, 1, 1, 1, 1, 1, 1, 1], 'B': [1, 1, 1, 1, 0, 0, 1, 1, 0, 1]}, '南门东侧': {'A': [1, 0, 0, 1, 1, 1, 1, 1, 1, 1], 'B': [1, 1, 1, 1, 1, 1, 1, 1, 1, 1]}, '北门东北侧': {'A': [1, 1, 1, 1, 1, 1, 1, 1, 1, 1], 'B': [0, 0, 1, 1, 1, 1, 1, 1, 0, 1], 'C': [1, 1, 0, 1, 0, 1, 1, 1, 1, 1], 'D': [0, 0, 1, 1, 0, 0, 1, 0, 0, 1]}, '北门东南侧': {'A': [0, 1, 1, 1, 1, 0, 0, 1, 1, 1], 'B': [0, 1, 1, 0, 0, 1, 1, 0, 0, 0], 'C': [1, 1, 0, 1, 0, 0, 0, 0, 0, 0], 'D': [1, 1, 0, 0, 1, 1, 1, 1, 0, 1], 'E': [1, 1, 1, 1, 0, 0, 1, 0, 1, 1], 'F': [1, 1, 1, 1, 0, 1, 1, 1, 1, 1]}, '橘园北侧南': {'A': [0, 0, 0, 1, 0, 0, 0, 0, 0, 1], 'B': [0, 0, 0, 0, 0, 1, 1, 0, 1, 0], 'C': [0, 0, 1, 0, 0, 0, 0, 0, 0, 0], 'D': [0, 0, 0, 1, 0, 0, 0, 0, 0, 0], 'E': [0, 0, 0, 0, 0, 0, 0, 0, 0, 1], 'F': [0, 0, 0, 0, 0, 0, 0, 0, 0, 0], 'G': [0, 0, 0, 0, 0, 0, 0, 0, 1, 0], 'H': [0, 1, 1, 1, 1, 1, 1, 1, 1, 1], 'I': [0, 0, 0, 0, 0, 0, 0, 0, 0, 0], 'J': [0, 1, 0, 0, 0, 0, 0, 1, 0, 0]}, '校医院西': {'A': [1, 1, 1, 1, 1, 1, 1, 1, 1, 1], 'B': [1, 1, 1, 0, 1, 1, 1, 0, 1, 0], 'C': [1, 1, 1, 1, 0, 0, 1, 1, 0, 1], 'D': [0, 1, 1, 1, 1, 1, 0, 1, 1, 1], 'E': [1, 0, 1, 1, 1, 1, 1, 1, 1, 1], 'F': [0, 1, 1, 1, 0, 1, 1, 1, 1, 1], 'G': [0, 0, 1, 1, 0, 1, 1, 1, 0, 0], 'H': [0, 0, 0, 0, 0, 0, 0, 0, 0, 0], 'I': [0, 0, 0, 0, 0, 0, 0, 0, 0, 0]}}
623006	2024-07-13 00:47:48.927000+08:00	2024-07-13 00:47:48.927000+08:00	{'东门北侧': {'A': [1, 1, 1, 1, 1, 1, 1, 1, 1, 1], 'B': [1, 1, 1, 1, 1, 1, 1, 1, 1, 1], 'C': [0, 1, 1, 0, 1, 0, 1, 1, 1, 0], 'D': [1, 1, 1, 1, 1, 0, 0, 1, 0, 1], 'E': [1, 1, 1, 1, 1, 1, 1, 0, 1, 1], 'F': [0, 1, 1, 1, 1, 1, 1, 1, 1, 1], 'G': [0, 1, 1, 1, 1, 0, 1, 1, 0, 0], 'H': [1, 1, 1, 1, 0, 1, 1, 1, 0, 0], 'I': [0, 1, 0, 1, 1, 0, 1, 1, 1, 1], 'J': [1, 0, 1, 0, 1, 0, 1, 1, 1, 0], 'K': [0, 1, 1, 0, 0, 1, 1, 1, 0, 0]}, '东门南侧': {'A': [0, 0, 0, 1, 0, 0, 1, 0, 1, 0], 'B': [0, 0, 0, 0, 0, 0, 0, 0, 0, 0]}, '西门北侧': {'A': [1, 1, 1, 1, 1, 1, 1, 1, 1, 1], 'B': [0, 1, 0, 1, 1, 0, 1, 1, 0, 1], 'C': [1, 1, 0, 0, 1, 1, 1, 1, 1, 0]}, '西门南侧': {'A': [0, 1, 1, 1, 1, 0, 1, 0, 1, 1], 'B': [1, 1, 1, 1, 1, 1, 1, 1, 1, 1], 'C': [1, 0, 1, 1, 1, 1, 1, 1, 1, 1]}, '南门西侧': {'A': [1, 1, 0, 1, 1, 1, 1, 1, 1, 1], 'B': [1, 1, 1, 1, 0, 0, 1, 1, 0, 1]}, '南门东侧': {'A': [1, 0, 0, 1, 1, 1, 1, 1, 1, 1], 'B': [1, 1, 1, 1, 1, 1, 1, 1, 1, 1]}, '北门东北侧': {'A': [1, 1, 1, 1, 1, 1, 1, 1, 1, 1], 'B': [0, 0, 1, 1, 1, 1, 1, 1, 0, 1], 'C': [1, 1, 0, 1, 0, 1, 1, 1, 1, 1], 'D': [0, 0, 1, 1, 0, 0, 1, 0, 0, 1]}, '北门东南侧': {'A': [0, 1, 1, 1, 1, 0, 0, 1, 1, 1], 'B': [0, 1, 1, 0, 0, 1, 1, 0, 0, 0], 'C': [1, 1, 0, 1, 0, 0, 0, 0, 0, 0], 'D': [1, 1, 0, 0, 1, 1, 1, 1, 0, 1], 'E': [1, 1, 1, 1, 0, 0, 1, 0, 1, 1], 'F': [1, 1, 1, 1, 0, 1, 1, 1, 1, 1]}, '橘园北侧南': {'A': [0, 0, 0, 1, 0, 0, 0, 0, 0, 1], 'B': [0, 0, 0, 0, 0, 1, 1, 0, 1, 0], 'C': [0, 0, 1, 0, 0, 0, 0, 0, 0, 0], 'D': [0, 0, 0, 1, 0, 0, 0, 0, 0, 0], 'E': [0, 0, 0, 0, 0, 0, 0, 0, 0, 1], 'F': [0, 0, 0, 0, 0, 0, 0, 0, 0, 0], 'G': [0, 0, 0, 0, 0, 0, 0, 0, 1, 0], 'H': [0, 1, 1, 1, 1, 1, 1, 1, 1, 1], 'I': [0, 0, 0, 0, 0, 0, 0, 0, 0, 0], 'J': [0, 1, 0, 0, 0, 0, 0, 1, 0, 0]}, '校医院西': {'A': [1, 1, 1, 1, 1, 1, 1, 1, 1, 1], 'B': [1, 1, 1, 0, 1, 1, 1, 0, 1, 0], 'C': [1, 1, 1, 1, 0, 0, 1, 1, 0, 1], 'D': [0, 1, 1, 1, 1, 1, 0, 1, 1, 1], 'E': [1, 0, 1, 1, 1, 1, 1, 1, 1, 1], 'F': [0, 1, 1, 1, 0, 1, 1, 1, 1, 1], 'G': [0, 0, 1, 1, 0, 1, 1, 1, 0, 0], 'H': [0, 0, 0, 0, 0, 0, 0, 0, 0, 0], 'I': [0, 0, 0, 0, 0, 0, 0, 0, 0, 0]}}
623007	2024-07-13 00:48:52.225000+08:00	2024-07-13 00:48:52.225000+08:00	{'东门北侧': {'A': [1, 1, 1, 1, 1, 1, 1, 1, 1, 1], 'B': [1, 1, 1, 1, 1, 1, 1, 1, 1, 1], 'C': [0, 1, 1, 0, 1, 0, 1, 1, 1, 0], 'D': [1, 1, 1, 1, 1, 0, 0, 1, 0, 1], 'E': [1, 1, 1, 1, 1, 1, 1, 0, 1, 1], 'F': [0, 1, 1, 1, 1, 1, 1, 1, 1, 1], 'G': [0, 1, 1, 1, 1, 0, 1, 1, 0, 0], 'H': [1, 1, 1, 1, 0, 1, 1, 1, 0, 0], 'I': [0, 1, 0, 1, 1, 0, 1, 1, 1, 1], 'J': [1, 0, 1, 0, 1, 0, 1, 1, 1, 0], 'K': [0, 1, 1, 0, 0, 1, 1, 1, 0, 0]}, '东门南侧': {'A': [0, 0, 0, 1, 0, 0, 1, 0, 1, 0], 'B': [0, 0, 0, 0, 0, 0, 0, 0, 0, 0]}, '西门北侧': {'A': [1, 1, 1, 1, 1, 1, 1, 1, 1, 1], 'B': [0, 1, 0, 1, 1, 0, 1, 1, 0, 1], 'C': [1, 1, 0, 0, 1, 1, 1, 1, 1, 0]}, '西门南侧': {'A': [0, 1, 1, 1, 1, 0, 1, 0, 1, 1], 'B': [1, 1, 1, 1, 1, 1, 1, 1, 1, 1], 'C': [1, 0, 1, 1, 1, 1, 1, 1, 1, 1]}, '南门西侧': {'A': [1, 1, 0, 1, 1, 1, 1, 1, 1, 1], 'B': [1, 1, 1, 1, 0, 0, 1, 1, 0, 1]}, '南门东侧': {'A': [1, 0, 0, 1, 1, 1, 1, 1, 1, 1], 'B': [1, 1, 1, 1, 1, 1, 1, 1, 1, 1]}, '北门东北侧': {'A': [1, 1, 1, 1, 1, 1, 1, 1, 1, 1], 'B': [0, 0, 1, 1, 1, 1, 1, 1, 0, 1], 'C': [1, 1, 0, 1, 0, 1, 1, 1, 1, 1], 'D': [0, 0, 1, 1, 0, 0, 1, 0, 0, 1]}, '北门东南侧': {'A': [0, 1, 1, 1, 1, 0, 0, 1, 1, 1], 'B': [0, 1, 1, 0, 0, 1, 1, 0, 0, 0], 'C': [1, 1, 0, 1, 0, 0, 0, 0, 0, 0], 'D': [1, 1, 0, 0, 1, 1, 1, 1, 0, 1], 'E': [1, 1, 1, 1, 0, 0, 1, 0, 1, 1], 'F': [1, 1, 1, 1, 0, 1, 1, 1, 1, 1]}, '橘园北侧南': {'A': [0, 0, 0, 1, 0, 0, 0, 0, 0, 1], 'B': [0, 0, 0, 0, 0, 1, 1, 0, 1, 0], 'C': [0, 0, 1, 0, 0, 0, 0, 0, 0, 0], 'D': [0, 0, 0, 1, 0, 0, 0, 0, 0, 0], 'E': [0, 0, 0, 0, 0, 0, 0, 0, 0, 1], 'F': [0, 0, 0, 0, 0, 0, 0, 0, 0, 0], 'G': [0, 0, 0, 0, 0, 0, 0, 0, 1, 0], 'H': [0, 1, 1, 1, 1, 1, 1, 1, 1, 1], 'I': [0, 0, 0, 0, 0, 0, 0, 0, 0, 0], 'J': [0, 1, 0, 0, 0, 0, 0, 1, 0, 0]}, '校医院西': {'A': [1, 1, 1, 1, 1, 1, 1, 1, 1, 1], 'B': [1, 1, 1, 0, 1, 1, 1, 0, 1, 0], 'C': [1, 1, 1, 1, 0, 0, 1, 1, 0, 1], 'D': [0, 1, 1, 1, 1, 1, 0, 1, 1, 1], 'E': [1, 0, 1, 1, 1, 1, 1, 1, 1, 1], 'F': [0, 1, 1, 1, 0, 1, 1, 1, 1, 1], 'G': [0, 0, 1, 1, 0, 1, 1, 1, 0, 0], 'H': [0, 0, 0, 0, 0, 0, 0, 0, 0, 0], 'I': [0, 0, 0, 0, 0, 0, 0, 0, 0, 0]}}
623008	2024-07-13 00:49:51.532000+08:00	2024-07-13 00:49:51.532000+08:00	{'东门北侧': {'A': [1, 1, 1, 1, 1, 1, 1, 1, 1, 1], 'B': [1, 1, 1, 1, 1, 1, 1, 1, 1, 1], 'C': [0, 1, 1, 0, 1, 0, 1, 1, 1, 0], 'D': [1, 1, 1, 1, 1, 0, 0, 1, 0, 1], 'E': [1, 1, 1, 1, 1, 1, 1, 0, 1, 1], 'F': [0, 1, 1, 1, 1, 1, 1, 1, 1, 1], 'G': [0, 1, 1, 1, 1, 0, 1, 1, 0, 0], 'H': [1, 1, 1, 1, 0, 1, 1, 1, 0, 0], 'I': [0, 1, 0, 1, 1, 0, 1, 1, 1, 1], 'J': [1, 0, 1, 0, 1, 0, 1, 1, 1, 0], 'K': [0, 1, 1, 0, 0, 1, 1, 1, 0, 0]}, '东门南侧': {'A': [0, 0, 0, 1, 0, 0, 1, 0, 1, 0], 'B': [0, 0, 0, 0, 0, 0, 0, 0, 0, 0]}, '西门北侧': {'A': [1, 1, 1, 1, 1, 1, 1, 1, 1, 1], 'B': [0, 1, 0, 1, 1, 0, 1, 1, 0, 1], 'C': [1, 1, 0, 0, 1, 1, 1, 1, 1, 0]}, '西门南侧': {'A': [0, 1, 1, 1, 1, 0, 1, 0, 1, 1], 'B': [1, 1, 1, 1, 1, 1, 1, 1, 1, 1], 'C': [1, 0, 1, 1, 1, 1, 1, 1, 1, 1]}, '南门西侧': {'A': [1, 1, 0, 1, 1, 1, 1, 1, 1, 1], 'B': [1, 1, 1, 1, 0, 0, 1, 1, 0, 1]}, '南门东侧': {'A': [1, 0, 0, 1, 1, 1, 1, 1, 1, 1], 'B': [1, 1, 1, 1, 1, 1, 1, 1, 1, 1]}, '北门东北侧': {'A': [1, 1, 1, 1, 1, 1, 1, 1, 1, 1], 'B': [0, 0, 1, 1, 1, 1, 1, 1, 0, 1], 'C': [1, 1, 0, 1, 0, 1, 1, 1, 1, 1], 'D': [0, 0, 1, 1, 0, 0, 1, 0, 0, 1]}, '北门东南侧': {'A': [0, 1, 1, 1, 1, 0, 0, 1, 1, 1], 'B': [0, 1, 1, 0, 0, 1, 1, 0, 0, 0], 'C': [1, 1, 0, 1, 0, 0, 0, 0, 0, 0], 'D': [1, 1, 0, 0, 1, 1, 1, 1, 0, 1], 'E': [1, 1, 1, 1, 0, 0, 1, 0, 1, 1], 'F': [1, 1, 1, 1, 0, 1, 1, 1, 1, 1]}, '橘园北侧南': {'A': [0, 0, 0, 1, 0, 0, 0, 0, 0, 1], 'B': [0, 0, 0, 0, 0, 1, 1, 0, 1, 0], 'C': [0, 0, 1, 0, 0, 0, 0, 0, 0, 0], 'D': [0, 0, 0, 1, 0, 0, 0, 0, 0, 0], 'E': [0, 0, 0, 0, 0, 0, 0, 0, 0, 1], 'F': [0, 0, 0, 0, 0, 0, 0, 0, 0, 0], 'G': [0, 0, 0, 0, 0, 0, 0, 0, 1, 0], 'H': [0, 1, 1, 1, 1, 1, 1, 1, 1, 1], 'I': [0, 0, 0, 0, 0, 0, 0, 0, 0, 0], 'J': [0, 1, 0, 0, 0, 0, 0, 1, 0, 0]}, '校医院西': {'A': [1, 1, 1, 1, 1, 1, 1, 1, 1, 1], 'B': [1, 1, 1, 0, 1, 1, 1, 0, 1, 0], 'C': [1, 1, 1, 1, 0, 0, 1, 1, 0, 1], 'D': [0, 1, 1, 1, 1, 1, 0, 1, 1, 1], 'E': [1, 0, 1, 1, 1, 1, 1, 1, 1, 1], 'F': [0, 1, 1, 1, 0, 1, 1, 1, 1, 1], 'G': [0, 0, 1, 1, 0, 1, 1, 1, 0, 0], 'H': [0, 0, 0, 0, 0, 0, 0, 0, 0, 0], 'I': [0, 0, 0, 0, 0, 0, 0, 0, 0, 0]}}
623009	2024-07-13 00:51:26.589000+08:00	2024-07-13 00:51:26.589000+08:00	{'东门北侧': {'A': [1, 1, 1, 1, 1, 1, 1, 1, 1, 1], 'B': [1, 1, 1, 1, 1, 1, 1, 1, 1, 1], 'C': [0, 1, 1, 0, 1, 0, 1, 1, 1, 0], 'D': [1, 1, 1, 1, 1, 0, 0, 1, 0, 1], 'E': [1, 1, 1, 1, 1, 1, 1, 0, 1, 1], 'F': [0, 1, 1, 1, 1, 1, 1, 1, 1, 1], 'G': [0, 1, 1, 1, 1, 0, 1, 1, 0, 0], 'H': [1, 1, 1, 1, 0, 1, 1, 1, 0, 0], 'I': [0, 1, 0, 1, 1, 0, 1, 1, 1, 1], 'J': [1, 0, 1, 0, 1, 0, 1, 1, 1, 0], 'K': [0, 1, 1, 0, 0, 1, 1, 1, 0, 0]}, '东门南侧': {'A': [0, 0, 0, 1, 0, 0, 1, 0, 1, 0], 'B': [0, 0, 0, 0, 0, 0, 0, 0, 0, 0]}, '西门北侧': {'A': [1, 1, 1, 1, 1, 1, 1, 1, 1, 1], 'B': [0, 1, 0, 1, 1, 0, 1, 1, 0, 1], 'C': [1, 1, 0, 0, 1, 1, 1, 1, 1, 0]}, '西门南侧': {'A': [0, 1, 1, 1, 1, 0, 1, 0, 1, 1], 'B': [1, 1, 1, 1, 1, 1, 1, 1, 1, 1], 'C': [1, 0, 1, 1, 1, 1, 1, 1, 1, 1]}, '南门西侧': {'A': [1, 1, 0, 1, 1, 1, 1, 1, 1, 1], 'B': [1, 1, 1, 1, 0, 0, 1, 1, 0, 1]}, '南门东侧': {'A': [1, 0, 0, 1, 1, 1, 1, 1, 1, 1], 'B': [1, 1, 1, 1, 1, 1, 1, 1, 1, 1]}, '北门东北侧': {'A': [1, 1, 1, 1, 1, 1, 1, 1, 1, 1], 'B': [0, 0, 1, 1, 1, 1, 1, 1, 0, 1], 'C': [1, 1, 0, 1, 0, 1, 1, 1, 1, 1], 'D': [0, 0, 1, 1, 0, 0, 1, 0, 0, 1]}, '北门东南侧': {'A': [0, 1, 1, 1, 1, 0, 0, 1, 1, 1], 'B': [0, 1, 1, 0, 0, 1, 1, 0, 0, 0], 'C': [1, 1, 0, 1, 0, 0, 0, 0, 0, 0], 'D': [1, 1, 0, 0, 1, 1, 1, 1, 0, 1], 'E': [1, 1, 1, 1, 0, 0, 1, 0, 1, 1], 'F': [1, 1, 1, 1, 0, 1, 1, 1, 1, 1]}, '橘园北侧南': {'A': [0, 0, 0, 1, 0, 0, 0, 0, 0, 1], 'B': [0, 0, 0, 0, 0, 1, 1, 0, 1, 0], 'C': [0, 0, 1, 0, 0, 0, 0, 0, 0, 0], 'D': [0, 0, 0, 1, 0, 0, 0, 0, 0, 0], 'E': [0, 0, 0, 0, 0, 0, 0, 0, 0, 1], 'F': [0, 0, 0, 0, 0, 0, 0, 0, 0, 0], 'G': [0, 0, 0, 0, 0, 0, 0, 0, 1, 0], 'H': [0, 1, 1, 1, 1, 1, 1, 1, 1, 1], 'I': [0, 0, 0, 0, 0, 0, 0, 0, 0, 0], 'J': [0, 1, 0, 0, 0, 0, 0, 1, 0, 0]}, '校医院西': {'A': [1, 1, 1, 1, 1, 1, 1, 1, 1, 1], 'B': [1, 1, 1, 0, 1, 1, 1, 0, 1, 0], 'C': [1, 1, 1, 1, 0, 0, 1, 1, 0, 1], 'D': [1, 1, 1, 1, 1, 1, 0, 1, 1, 1], 'E': [1, 0, 1, 1, 1, 1, 1, 1, 1, 1], 'F': [0, 1, 1, 1, 0, 1, 1, 1, 1, 1], 'G': [0, 0, 1, 1, 0, 1, 1, 1, 0, 0], 'H': [0, 0, 0, 0, 0, 0, 0, 0, 0, 0], 'I': [0, 0, 0, 0, 0, 0, 0, 0, 0, 0]}}
623010	2024-07-13 00:51:53.318000+08:00	2024-07-13 00:51:53.318000+08:00	{'东门北侧': {'A': [1, 1, 1, 1, 1, 1, 1, 1, 1, 1], 'B': [1, 1, 1, 1, 1, 1, 1, 1, 1, 1], 'C': [0, 1, 1, 0, 1, 0, 1, 1, 1, 0], 'D': [1, 1, 1, 1, 1, 0, 0, 1, 0, 1], 'E': [1, 1, 1, 1, 1, 1, 1, 0, 1, 1], 'F': [0, 1, 1, 1, 1, 1, 1, 1, 1, 1], 'G': [0, 1, 1, 1, 1, 0, 1, 1, 0, 0], 'H': [1, 1, 1, 1, 0, 1, 1, 1, 0, 0], 'I': [0, 1, 0, 1, 1, 0, 1, 1, 1, 1], 'J': [1, 0, 1, 0, 1, 0, 1, 1, 1, 0], 'K': [0, 1, 1, 0, 0, 1, 1, 1, 0, 0]}, '东门南侧': {'A': [0, 0, 0, 1, 0, 0, 1, 0, 1, 0], 'B': [0, 0, 0, 0, 0, 0, 0, 0, 0, 0]}, '西门北侧': {'A': [1, 1, 1, 1, 1, 1, 1, 1, 1, 1], 'B': [0, 1, 0, 1, 1, 0, 1, 1, 0, 1], 'C': [1, 1, 0, 0, 1, 1, 1, 1, 1, 0]}, '西门南侧': {'A': [0, 1, 1, 1, 1, 0, 1, 0, 1, 1], 'B': [1, 1, 1, 1, 1, 1, 1, 1, 1, 1], 'C': [1, 0, 1, 1, 1, 1, 1, 1, 1, 1]}, '南门西侧': {'A': [1, 1, 0, 1, 1, 1, 1, 1, 1, 1], 'B': [1, 1, 1, 1, 0, 0, 1, 1, 0, 1]}, '南门东侧': {'A': [1, 0, 0, 1, 1, 1, 1, 1, 1, 1], 'B': [1, 1, 1, 1, 1, 1, 1, 1, 1, 1]}, '北门东北侧': {'A': [1, 1, 1, 1, 1, 1, 1, 1, 1, 1], 'B': [0, 0, 1, 1, 1, 1, 1, 1, 0, 1], 'C': [1, 1, 0, 1, 0, 1, 1, 1, 1, 1], 'D': [0, 0, 1, 1, 0, 0, 1, 0, 0, 1]}, '北门东南侧': {'A': [0, 1, 1, 1, 1, 0, 0, 1, 1, 1], 'B': [0, 1, 1, 0, 0, 1, 1, 0, 0, 0], 'C': [1, 1, 0, 1, 0, 0, 0, 0, 0, 0], 'D': [1, 1, 0, 0, 1, 1, 1, 1, 0, 1], 'E': [1, 1, 1, 1, 0, 0, 1, 0, 1, 1], 'F': [1, 1, 1, 1, 0, 1, 1, 1, 1, 1]}, '橘园北侧南': {'A': [0, 0, 0, 1, 0, 0, 0, 0, 0, 1], 'B': [0, 0, 0, 0, 0, 1, 1, 0, 1, 0], 'C': [0, 0, 1, 0, 0, 0, 0, 0, 0, 0], 'D': [0, 0, 0, 1, 0, 0, 0, 0, 0, 0], 'E': [0, 0, 0, 0, 0, 0, 0, 0, 0, 1], 'F': [0, 0, 0, 0, 0, 0, 0, 0, 0, 0], 'G': [0, 0, 0, 0, 0, 0, 0, 0, 1, 0], 'H': [0, 1, 1, 1, 1, 1, 1, 1, 1, 1], 'I': [0, 0, 0, 0, 0, 0, 0, 0, 0, 0], 'J': [0, 1, 0, 0, 0, 0, 0, 1, 0, 0]}, '校医院西': {'A': [1, 1, 1, 1, 1, 1, 1, 1, 1, 1], 'B': [1, 1, 1, 0, 1, 1, 1, 0, 1, 1], 'C': [1, 1, 1, 1, 0, 0, 1, 1, 0, 1], 'D': [1, 1, 1, 1, 1, 1, 0, 1, 1, 1], 'E': [1, 0, 1, 1, 1, 1, 1, 1, 1, 1], 'F': [0, 1, 1, 1, 0, 1, 1, 1, 1, 1], 'G': [0, 0, 1, 1, 0, 1, 1, 1, 0, 0], 'H': [0, 0, 0, 0, 0, 0, 0, 0, 0, 0], 'I': [0, 0, 0, 0, 0, 0, 0, 0, 0, 0]}}
623011	2024-07-13 00:52:50.471000+08:00	2024-07-13 00:52:50.471000+08:00	{'东门北侧': {'A': [1, 1, 1, 1, 1, 1, 1, 1, 1, 1], 'B': [1, 1, 1, 1, 1, 1, 1, 1, 1, 1], 'C': [0, 1, 1, 0, 1, 0, 1, 1, 1, 0], 'D': [1, 1, 1, 1, 1, 0, 0, 1, 0, 1], 'E': [1, 1, 1, 1, 1, 1, 1, 0, 1, 1], 'F': [0, 1, 1, 1, 1, 1, 1, 1, 1, 1], 'G': [0, 1, 1, 1, 1, 0, 1, 1, 0, 0], 'H': [1, 1, 1, 1, 0, 1, 1, 1, 0, 0], 'I': [0, 1, 0, 1, 1, 0, 1, 1, 1, 1], 'J': [1, 0, 1, 0, 1, 0, 1, 1, 1, 0], 'K': [0, 1, 1, 0, 0, 1, 1, 1, 0, 0]}, '东门南侧': {'A': [0, 0, 0, 1, 0, 0, 1, 0, 1, 0], 'B': [0, 0, 0, 0, 0, 0, 0, 0, 0, 0]}, '西门北侧': {'A': [1, 1, 1, 1, 1, 1, 1, 1, 1, 1], 'B': [0, 1, 0, 1, 1, 0, 1, 1, 0, 1], 'C': [1, 1, 0, 0, 1, 1, 1, 1, 1, 0]}, '西门南侧': {'A': [0, 1, 1, 1, 1, 0, 1, 0, 1, 1], 'B': [1, 1, 1, 1, 1, 1, 1, 1, 1, 1], 'C': [1, 0, 1, 1, 1, 1, 1, 1, 1, 1]}, '南门西侧': {'A': [1, 1, 0, 1, 1, 1, 1, 1, 1, 1], 'B': [1, 1, 1, 1, 0, 0, 1, 1, 0, 1]}, '南门东侧': {'A': [1, 0, 0, 1, 1, 1, 1, 1, 1, 1], 'B': [1, 1, 1, 1, 1, 1, 1, 1, 1, 1]}, '北门东北侧': {'A': [1, 1, 1, 1, 1, 1, 1, 1, 1, 1], 'B': [0, 0, 1, 1, 1, 1, 1, 1, 0, 1], 'C': [1, 1, 0, 1, 0, 1, 1, 1, 1, 1], 'D': [0, 0, 1, 1, 0, 0, 1, 0, 0, 1]}, '北门东南侧': {'A': [0, 1, 1, 1, 1, 0, 0, 1, 1, 1], 'B': [0, 1, 1, 0, 0, 1, 1, 0, 0, 0], 'C': [1, 1, 0, 1, 0, 0, 0, 0, 0, 0], 'D': [1, 1, 0, 0, 1, 1, 1, 1, 0, 1], 'E': [1, 1, 1, 1, 0, 0, 1, 0, 1, 1], 'F': [1, 1, 1, 1, 0, 1, 1, 1, 1, 1]}, '橘园北侧南': {'A': [0, 0, 0, 1, 0, 0, 0, 0, 0, 1], 'B': [0, 0, 0, 0, 0, 1, 1, 0, 1, 0], 'C': [0, 0, 1, 0, 0, 0, 0, 0, 0, 0], 'D': [0, 0, 0, 1, 0, 0, 0, 0, 0, 0], 'E': [0, 0, 0, 0, 0, 0, 0, 0, 0, 1], 'F': [0, 0, 0, 0, 0, 0, 0, 0, 0, 0], 'G': [0, 0, 0, 0, 0, 0, 0, 0, 1, 0], 'H': [0, 1, 1, 1, 1, 1, 1, 1, 1, 1], 'I': [0, 0, 0, 0, 0, 0, 0, 0, 0, 0], 'J': [0, 1, 0, 0, 0, 0, 0, 1, 0, 0]}, '校医院西': {'A': [1, 1, 1, 1, 1, 1, 1, 1, 1, 1], 'B': [1, 1, 1, 0, 1, 1, 1, 0, 1, 1], 'C': [1, 1, 1, 1, 0, 0, 1, 1, 0, 1], 'D': [1, 1, 1, 1, 1, 1, 0, 1, 1, 1], 'E': [1, 0, 1, 1, 1, 1, 1, 1, 1, 1], 'F': [0, 1, 1, 1, 0, 1, 1, 1, 1, 1], 'G': [0, 0, 1, 1, 0, 1, 1, 1, 0, 0], 'H': [0, 0, 0, 0, 0, 0, 0, 0, 0, 0], 'I': [0, 0, 0, 0, 0, 0, 0, 0, 0, 0]}}
623012	2024-07-13 00:53:49.084000+08:00	2024-07-13 00:53:49.084000+08:00	{'东门北侧': {'A': [1, 1, 1, 1, 1, 1, 1, 1, 1, 1], 'B': [1, 1, 1, 1, 1, 1, 1, 1, 1, 1], 'C': [0, 1, 1, 0, 1, 0, 1, 1, 1, 0], 'D': [1, 1, 1, 1, 1, 0, 0, 1, 0, 1], 'E': [1, 1, 1, 1, 1, 1, 1, 0, 1, 1], 'F': [0, 1, 1, 1, 1, 1, 1, 1, 1, 1], 'G': [0, 1, 1, 1, 1, 0, 1, 1, 0, 0], 'H': [1, 1, 1, 1, 0, 1, 1, 1, 0, 0], 'I': [0, 1, 0, 1, 1, 0, 1, 1, 1, 1], 'J': [1, 0, 1, 0, 1, 0, 1, 1, 1, 0], 'K': [0, 1, 1, 0, 0, 1, 1, 1, 0, 0]}, '东门南侧': {'A': [0, 0, 0, 1, 0, 0, 1, 0, 1, 0], 'B': [0, 0, 0, 0, 0, 0, 0, 0, 0, 0]}, '西门北侧': {'A': [1, 1, 1, 1, 1, 1, 1, 1, 1, 1], 'B': [0, 1, 0, 1, 1, 0, 1, 1, 0, 1], 'C': [1, 1, 0, 0, 1, 1, 1, 1, 1, 0]}, '西门南侧': {'A': [0, 1, 1, 1, 1, 0, 1, 0, 1, 1], 'B': [1, 1, 1, 1, 1, 1, 1, 1, 1, 1], 'C': [1, 0, 1, 1, 1, 1, 1, 1, 1, 1]}, '南门西侧': {'A': [1, 1, 0, 1, 1, 1, 1, 1, 1, 1], 'B': [1, 1, 1, 1, 0, 0, 1, 1, 0, 1]}, '南门东侧': {'A': [1, 0, 0, 1, 1, 1, 1, 1, 1, 1], 'B': [1, 1, 1, 1, 1, 1, 1, 1, 1, 1]}, '北门东北侧': {'A': [1, 1, 1, 1, 1, 1, 1, 1, 1, 1], 'B': [0, 0, 1, 1, 1, 1, 1, 1, 0, 1], 'C': [1, 1, 0, 1, 0, 1, 1, 1, 1, 1], 'D': [0, 0, 1, 1, 0, 0, 1, 0, 0, 1]}, '北门东南侧': {'A': [0, 1, 1, 1, 1, 0, 0, 1, 1, 1], 'B': [0, 1, 1, 0, 0, 1, 1, 0, 0, 0], 'C': [1, 1, 0, 1, 0, 0, 0, 0, 0, 0], 'D': [1, 1, 0, 0, 1, 1, 1, 1, 0, 1], 'E': [1, 1, 1, 1, 0, 0, 1, 0, 1, 1], 'F': [1, 1, 1, 1, 0, 1, 1, 1, 1, 1]}, '橘园北侧南': {'A': [0, 0, 0, 1, 0, 0, 0, 0, 0, 1], 'B': [0, 0, 0, 0, 0, 1, 1, 0, 1, 0], 'C': [0, 0, 1, 0, 0, 0, 0, 0, 0, 0], 'D': [0, 0, 0, 1, 0, 0, 0, 0, 0, 0], 'E': [0, 0, 0, 0, 0, 0, 0, 0, 0, 1], 'F': [0, 0, 0, 0, 0, 0, 0, 0, 0, 0], 'G': [0, 0, 0, 0, 0, 0, 0, 0, 1, 0], 'H': [0, 1, 1, 1, 1, 1, 1, 1, 1, 1], 'I': [0, 0, 0, 0, 0, 0, 0, 0, 0, 0], 'J': [0, 1, 0, 0, 0, 0, 0, 1, 0, 0]}, '校医院西': {'A': [1, 1, 1, 1, 1, 1, 1, 1, 1, 1], 'B': [1, 1, 1, 0, 1, 1, 1, 0, 1, 1], 'C': [1, 1, 1, 1, 0, 0, 1, 1, 0, 1], 'D': [1, 1, 1, 1, 1, 1, 0, 1, 1, 1], 'E': [1, 0, 1, 1, 1, 1, 1, 1, 1, 1], 'F': [0, 1, 1, 1, 0, 1, 1, 1, 1, 1], 'G': [0, 0, 1, 1, 0, 1, 1, 1, 0, 0], 'H': [0, 0, 0, 0, 0, 0, 0, 0, 0, 0], 'I': [0, 0, 0, 0, 0, 0, 0, 0, 0, 0]}}
623013	2024-07-13 00:54:55.841000+08:00	2024-07-13 00:54:55.841000+08:00	{'东门北侧': {'A': [1, 1, 1, 1, 1, 1, 1, 1, 1, 1], 'B': [1, 1, 1, 1, 1, 1, 1, 1, 1, 1], 'C': [0, 1, 1, 0, 1, 0, 1, 1, 1, 0], 'D': [1, 1, 1, 1, 1, 0, 0, 1, 0, 1], 'E': [1, 1, 1, 1, 1, 1, 1, 0, 1, 1], 'F': [0, 1, 1, 1, 1, 1, 1, 1, 1, 1], 'G': [0, 1, 1, 1, 1, 0, 1, 1, 0, 0], 'H': [1, 1, 1, 1, 0, 1, 1, 1, 0, 0], 'I': [0, 1, 0, 1, 1, 0, 1, 1, 1, 1], 'J': [1, 0, 1, 0, 1, 0, 1, 1, 1, 0], 'K': [0, 1, 1, 0, 0, 1, 1, 1, 0, 0]}, '东门南侧': {'A': [0, 0, 0, 1, 0, 0, 1, 0, 1, 0], 'B': [0, 0, 0, 0, 0, 0, 0, 0, 0, 0]}, '西门北侧': {'A': [1, 1, 1, 1, 1, 1, 1, 1, 1, 1], 'B': [0, 1, 0, 1, 1, 0, 1, 1, 0, 1], 'C': [1, 1, 0, 0, 1, 1, 1, 1, 1, 0]}, '西门南侧': {'A': [0, 1, 1, 1, 1, 0, 1, 0, 1, 1], 'B': [1, 1, 1, 1, 1, 1, 1, 1, 1, 1], 'C': [1, 0, 1, 1, 1, 1, 1, 1, 1, 1]}, '南门西侧': {'A': [1, 1, 0, 1, 1, 1, 1, 1, 1, 1], 'B': [1, 1, 1, 1, 0, 0, 1, 1, 0, 1]}, '南门东侧': {'A': [1, 0, 0, 1, 1, 1, 1, 1, 1, 1], 'B': [1, 1, 1, 1, 1, 1, 1, 1, 1, 1]}, '北门东北侧': {'A': [1, 1, 1, 1, 1, 1, 1, 1, 1, 1], 'B': [0, 0, 1, 1, 1, 1, 1, 1, 0, 1], 'C': [1, 1, 0, 1, 0, 1, 1, 1, 1, 1], 'D': [0, 0, 1, 1, 0, 0, 1, 0, 0, 1]}, '北门东南侧': {'A': [0, 1, 1, 1, 1, 0, 0, 1, 1, 1], 'B': [0, 1, 1, 0, 0, 1, 1, 0, 0, 0], 'C': [1, 1, 0, 1, 0, 0, 0, 0, 0, 0], 'D': [1, 1, 0, 0, 1, 1, 1, 1, 0, 1], 'E': [1, 1, 1, 1, 0, 0, 1, 0, 1, 1], 'F': [1, 1, 1, 1, 0, 1, 1, 1, 1, 1]}, '橘园北侧南': {'A': [0, 0, 0, 1, 0, 0, 0, 0, 0, 1], 'B': [0, 0, 0, 0, 0, 1, 1, 0, 1, 0], 'C': [0, 0, 1, 0, 0, 0, 0, 0, 0, 0], 'D': [0, 0, 0, 1, 0, 0, 0, 0, 0, 0], 'E': [0, 0, 0, 0, 0, 0, 0, 0, 0, 1], 'F': [0, 0, 0, 0, 0, 0, 0, 0, 0, 0], 'G': [0, 0, 0, 0, 0, 0, 0, 0, 1, 0], 'H': [0, 1, 1, 1, 1, 1, 1, 1, 1, 1], 'I': [0, 0, 0, 0, 0, 0, 0, 0, 0, 0], 'J': [0, 1, 0, 0, 0, 0, 0, 1, 0, 0]}, '校医院西': {'A': [1, 1, 1, 1, 1, 1, 1, 1, 1, 1], 'B': [1, 1, 1, 0, 1, 1, 1, 0, 1, 1], 'C': [1, 1, 1, 1, 0, 0, 1, 1, 0, 1], 'D': [1, 1, 1, 1, 1, 1, 0, 1, 1, 1], 'E': [1, 0, 1, 1, 1, 1, 1, 1, 1, 1], 'F': [0, 1, 1, 1, 0, 1, 1, 1, 1, 1], 'G': [0, 0, 1, 1, 0, 1, 1, 1, 0, 0], 'H': [0, 0, 0, 0, 0, 0, 0, 0, 0, 0], 'I': [0, 0, 0, 0, 0, 0, 0, 0, 0, 0]}}
623014	2024-07-13 00:55:54.017000+08:00	2024-07-13 00:55:54.017000+08:00	{'东门北侧': {'A': [1, 1, 1, 1, 1, 1, 1, 1, 1, 1], 'B': [1, 1, 1, 1, 1, 1, 1, 1, 1, 1], 'C': [0, 1, 1, 0, 1, 0, 1, 1, 1, 0], 'D': [1, 1, 1, 1, 1, 0, 0, 1, 0, 1], 'E': [1, 1, 1, 1, 1, 1, 1, 0, 1, 1], 'F': [0, 1, 1, 1, 1, 1, 1, 1, 1, 1], 'G': [0, 1, 1, 1, 1, 0, 1, 1, 0, 0], 'H': [1, 1, 1, 1, 0, 1, 1, 1, 0, 0], 'I': [0, 1, 0, 1, 1, 0, 1, 1, 1, 1], 'J': [1, 0, 1, 0, 1, 0, 1, 1, 1, 0], 'K': [0, 1, 1, 0, 0, 1, 1, 1, 0, 0]}, '东门南侧': {'A': [0, 0, 0, 1, 0, 0, 1, 0, 1, 0], 'B': [0, 0, 0, 0, 0, 0, 0, 0, 0, 0]}, '西门北侧': {'A': [1, 1, 1, 1, 1, 1, 1, 1, 1, 1], 'B': [0, 1, 0, 1, 1, 0, 1, 1, 0, 1], 'C': [1, 1, 0, 0, 1, 1, 1, 1, 1, 0]}, '西门南侧': {'A': [0, 1, 1, 1, 1, 0, 1, 0, 1, 1], 'B': [1, 1, 1, 1, 1, 1, 1, 1, 1, 1], 'C': [1, 0, 1, 1, 1, 1, 1, 1, 1, 1]}, '南门西侧': {'A': [1, 1, 0, 1, 1, 1, 1, 1, 1, 1], 'B': [1, 1, 1, 1, 0, 0, 1, 1, 0, 1]}, '南门东侧': {'A': [1, 0, 0, 1, 1, 1, 1, 1, 1, 1], 'B': [1, 1, 1, 1, 1, 1, 1, 1, 1, 1]}, '北门东北侧': {'A': [1, 1, 1, 1, 1, 1, 1, 1, 1, 1], 'B': [0, 0, 1, 1, 1, 1, 1, 1, 0, 1], 'C': [1, 1, 0, 1, 0, 1, 1, 1, 1, 1], 'D': [0, 0, 1, 1, 0, 0, 1, 0, 0, 1]}, '北门东南侧': {'A': [0, 1, 1, 1, 1, 0, 0, 1, 1, 1], 'B': [0, 1, 1, 0, 0, 1, 1, 0, 0, 0], 'C': [1, 1, 0, 1, 0, 0, 0, 0, 0, 0], 'D': [1, 1, 0, 0, 1, 1, 1, 1, 0, 1], 'E': [1, 1, 1, 1, 0, 0, 1, 0, 1, 1], 'F': [1, 1, 1, 1, 0, 1, 1, 1, 1, 1]}, '橘园北侧南': {'A': [0, 0, 0, 1, 0, 0, 0, 0, 0, 1], 'B': [0, 0, 0, 0, 0, 1, 1, 0, 1, 0], 'C': [0, 0, 1, 0, 0, 0, 0, 0, 0, 0], 'D': [0, 0, 0, 1, 0, 0, 0, 0, 0, 0], 'E': [0, 0, 0, 0, 0, 0, 0, 0, 0, 1], 'F': [0, 0, 0, 0, 0, 0, 0, 0, 0, 0], 'G': [0, 0, 0, 0, 0, 0, 0, 0, 1, 0], 'H': [0, 1, 1, 1, 1, 1, 1, 1, 1, 1], 'I': [0, 0, 0, 0, 0, 0, 0, 0, 0, 0], 'J': [0, 1, 0, 0, 0, 0, 0, 1, 0, 0]}, '校医院西': {'A': [1, 1, 1, 1, 1, 1, 1, 1, 1, 1], 'B': [1, 1, 1, 0, 1, 1, 1, 0, 1, 1], 'C': [1, 1, 1, 1, 0, 0, 1, 1, 0, 1], 'D': [1, 1, 1, 1, 1, 1, 0, 1, 1, 1], 'E': [1, 0, 1, 1, 1, 1, 1, 1, 1, 1], 'F': [0, 1, 1, 1, 0, 1, 1, 1, 1, 1], 'G': [0, 0, 1, 1, 0, 1, 1, 1, 0, 0], 'H': [0, 0, 0, 0, 0, 0, 0, 0, 0, 0], 'I': [0, 0, 0, 0, 0, 0, 0, 0, 0, 0]}}
623015	2024-07-13 00:56:57.659000+08:00	2024-07-13 00:56:57.659000+08:00	{'东门北侧': {'A': [1, 1, 1, 1, 1, 1, 1, 1, 1, 1], 'B': [1, 1, 1, 1, 1, 1, 1, 1, 1, 1], 'C': [0, 1, 1, 0, 1, 0, 1, 1, 1, 0], 'D': [1, 1, 1, 1, 1, 0, 0, 1, 0, 1], 'E': [1, 1, 1, 1, 1, 1, 1, 0, 1, 1], 'F': [0, 1, 1, 1, 1, 1, 1, 1, 1, 1], 'G': [0, 1, 1, 1, 1, 0, 1, 1, 0, 0], 'H': [1, 1, 1, 1, 0, 1, 1, 1, 0, 0], 'I': [0, 1, 0, 1, 1, 0, 1, 1, 1, 1], 'J': [1, 0, 1, 0, 1, 0, 1, 1, 1, 0], 'K': [0, 1, 1, 0, 0, 1, 1, 1, 0, 0]}, '东门南侧': {'A': [0, 0, 0, 1, 0, 0, 1, 0, 1, 0], 'B': [0, 0, 0, 0, 0, 0, 0, 0, 0, 0]}, '西门北侧': {'A': [1, 1, 1, 1, 1, 1, 1, 1, 1, 1], 'B': [0, 1, 0, 1, 1, 0, 1, 1, 0, 1], 'C': [1, 1, 0, 0, 1, 1, 1, 1, 1, 0]}, '西门南侧': {'A': [0, 1, 1, 1, 1, 0, 1, 0, 1, 1], 'B': [1, 1, 1, 1, 1, 1, 1, 1, 1, 1], 'C': [1, 0, 1, 1, 1, 1, 1, 1, 1, 1]}, '南门西侧': {'A': [1, 1, 0, 1, 1, 1, 1, 1, 1, 1], 'B': [1, 1, 1, 1, 0, 0, 1, 1, 0, 1]}, '南门东侧': {'A': [1, 0, 0, 1, 1, 1, 1, 1, 1, 1], 'B': [1, 1, 1, 1, 1, 1, 1, 1, 1, 1]}, '北门东北侧': {'A': [1, 1, 1, 1, 1, 1, 1, 1, 1, 1], 'B': [0, 0, 1, 1, 1, 1, 1, 1, 0, 1], 'C': [1, 1, 0, 1, 0, 1, 1, 1, 1, 1], 'D': [0, 0, 1, 1, 0, 0, 1, 0, 0, 1]}, '北门东南侧': {'A': [0, 1, 1, 1, 1, 0, 0, 1, 1, 1], 'B': [0, 1, 1, 0, 0, 1, 1, 0, 0, 0], 'C': [1, 1, 0, 1, 0, 0, 0, 0, 0, 0], 'D': [1, 1, 0, 0, 1, 1, 1, 1, 0, 1], 'E': [1, 1, 1, 1, 0, 0, 1, 0, 1, 1], 'F': [1, 1, 1, 1, 0, 1, 1, 1, 1, 1]}, '橘园北侧南': {'A': [0, 0, 0, 1, 0, 0, 0, 0, 0, 1], 'B': [0, 0, 0, 0, 0, 1, 1, 0, 1, 0], 'C': [0, 0, 1, 0, 0, 0, 0, 0, 0, 0], 'D': [0, 0, 0, 1, 0, 0, 0, 0, 0, 0], 'E': [0, 0, 0, 0, 0, 0, 0, 0, 0, 1], 'F': [0, 0, 0, 0, 0, 0, 0, 0, 0, 0], 'G': [0, 0, 0, 0, 0, 0, 0, 0, 1, 0], 'H': [0, 1, 1, 1, 1, 1, 1, 1, 1, 1], 'I': [0, 0, 0, 0, 0, 0, 0, 0, 0, 0], 'J': [0, 1, 0, 0, 0, 0, 0, 1, 0, 0]}, '校医院西': {'A': [1, 1, 1, 1, 1, 1, 1, 1, 1, 1], 'B': [1, 1, 1, 0, 1, 1, 1, 0, 1, 1], 'C': [1, 1, 1, 1, 0, 0, 1, 1, 0, 1], 'D': [1, 1, 1, 1, 1, 1, 0, 1, 1, 1], 'E': [1, 0, 1, 1, 1, 1, 1, 1, 1, 1], 'F': [0, 1, 1, 1, 0, 1, 1, 1, 1, 1], 'G': [0, 0, 1, 1, 0, 1, 1, 1, 1, 0], 'H': [0, 0, 0, 0, 0, 0, 0, 0, 0, 0], 'I': [0, 0, 0, 0, 0, 0, 0, 0, 0, 0]}}
623016	2024-07-13 00:57:57.576000+08:00	2024-07-13 00:57:57.576000+08:00	{'东门北侧': {'A': [1, 1, 1, 1, 1, 1, 1, 1, 1, 1], 'B': [1, 1, 1, 1, 1, 1, 1, 1, 1, 1], 'C': [0, 1, 1, 0, 1, 0, 1, 1, 1, 0], 'D': [1, 1, 1, 1, 1, 0, 0, 1, 0, 1], 'E': [1, 1, 1, 1, 1, 1, 1, 0, 1, 1], 'F': [0, 1, 1, 1, 1, 1, 1, 1, 1, 1], 'G': [0, 1, 1, 1, 1, 0, 1, 1, 0, 0], 'H': [1, 1, 1, 1, 0, 1, 1, 1, 0, 0], 'I': [0, 1, 0, 1, 1, 0, 1, 1, 1, 1], 'J': [1, 0, 1, 0, 1, 0, 1, 1, 1, 0], 'K': [0, 1, 1, 0, 0, 1, 1, 1, 0, 0]}, '东门南侧': {'A': [0, 0, 0, 1, 0, 0, 1, 0, 1, 0], 'B': [0, 0, 0, 0, 0, 0, 0, 0, 0, 0]}, '西门北侧': {'A': [1, 1, 1, 1, 1, 1, 1, 1, 1, 1], 'B': [0, 1, 0, 1, 1, 0, 1, 1, 0, 1], 'C': [1, 1, 0, 0, 1, 1, 1, 1, 1, 0]}, '西门南侧': {'A': [0, 1, 1, 1, 1, 0, 1, 0, 1, 1], 'B': [1, 1, 1, 1, 1, 1, 1, 1, 1, 1], 'C': [1, 0, 1, 1, 1, 1, 1, 1, 1, 1]}, '南门西侧': {'A': [1, 1, 0, 1, 1, 1, 1, 1, 1, 1], 'B': [1, 1, 1, 1, 0, 0, 1, 1, 0, 1]}, '南门东侧': {'A': [1, 0, 0, 1, 1, 1, 1, 1, 1, 1], 'B': [1, 1, 1, 1, 1, 1, 1, 1, 1, 1]}, '北门东北侧': {'A': [1, 1, 1, 1, 1, 1, 1, 1, 1, 1], 'B': [0, 0, 1, 1, 1, 1, 1, 1, 0, 1], 'C': [1, 1, 0, 1, 0, 1, 1, 1, 1, 1], 'D': [0, 0, 1, 1, 0, 0, 1, 0, 0, 1]}, '北门东南侧': {'A': [0, 1, 1, 1, 1, 0, 0, 1, 1, 1], 'B': [0, 1, 1, 0, 0, 1, 1, 0, 0, 0], 'C': [1, 1, 0, 1, 0, 0, 0, 0, 0, 0], 'D': [1, 1, 0, 0, 1, 1, 1, 1, 0, 1], 'E': [1, 1, 1, 1, 0, 0, 1, 0, 1, 1], 'F': [1, 1, 1, 1, 0, 1, 1, 1, 1, 1]}, '橘园北侧南': {'A': [0, 0, 0, 1, 0, 0, 0, 0, 0, 1], 'B': [0, 0, 0, 0, 0, 1, 1, 0, 1, 0], 'C': [0, 0, 1, 0, 0, 0, 0, 0, 0, 0], 'D': [0, 0, 0, 1, 0, 0, 0, 0, 0, 0], 'E': [0, 0, 0, 0, 0, 0, 0, 0, 0, 1], 'F': [0, 0, 0, 0, 0, 0, 0, 0, 0, 0], 'G': [0, 0, 0, 1, 0, 0, 0, 0, 1, 0], 'H': [0, 1, 1, 1, 1, 1, 1, 1, 1, 1], 'I': [0, 0, 0, 0, 0, 0, 0, 0, 0, 0], 'J': [0, 1, 0, 0, 0, 0, 0, 1, 0, 0]}, '校医院西': {'A': [1, 1, 1, 1, 1, 1, 1, 1, 1, 1], 'B': [1, 1, 1, 0, 1, 1, 1, 0, 1, 1], 'C': [1, 1, 1, 1, 0, 0, 1, 1, 0, 1], 'D': [1, 1, 1, 1, 1, 1, 0, 1, 1, 1], 'E': [1, 0, 1, 1, 1, 1, 1, 1, 1, 1], 'F': [0, 1, 1, 1, 0, 1, 1, 1, 1, 1], 'G': [0, 0, 1, 1, 0, 1, 1, 1, 1, 0], 'H': [0, 0, 0, 0, 0, 0, 0, 0, 0, 0], 'I': [0, 0, 0, 0, 0, 0, 0, 0, 0, 0]}}
623017	2024-07-13 00:58:53.837000+08:00	2024-07-13 00:58:53.837000+08:00	{'东门北侧': {'A': [1, 1, 1, 1, 1, 1, 1, 1, 1, 1], 'B': [1, 1, 1, 1, 1, 1, 1, 1, 1, 1], 'C': [0, 1, 1, 0, 1, 0, 1, 1, 1, 0], 'D': [1, 1, 1, 1, 1, 0, 0, 1, 0, 1], 'E': [1, 1, 1, 1, 1, 1, 1, 0, 1, 1], 'F': [0, 1, 1, 1, 1, 1, 1, 1, 1, 1], 'G': [0, 1, 1, 1, 1, 0, 1, 1, 0, 0], 'H': [1, 1, 1, 1, 0, 1, 1, 1, 0, 0], 'I': [0, 1, 0, 1, 1, 0, 1, 1, 1, 1], 'J': [1, 0, 1, 0, 1, 0, 1, 1, 1, 0], 'K': [0, 1, 1, 0, 0, 1, 1, 1, 0, 0]}, '东门南侧': {'A': [0, 0, 0, 1, 0, 0, 1, 0, 1, 0], 'B': [0, 0, 0, 0, 0, 0, 0, 0, 0, 0]}, '西门北侧': {'A': [1, 1, 1, 1, 1, 1, 1, 1, 1, 1], 'B': [0, 1, 0, 1, 1, 0, 1, 1, 0, 1], 'C': [1, 1, 0, 0, 1, 1, 1, 1, 1, 0]}, '西门南侧': {'A': [0, 1, 1, 1, 1, 0, 1, 0, 1, 1], 'B': [1, 1, 1, 1, 1, 1, 1, 1, 1, 1], 'C': [1, 0, 1, 1, 1, 1, 1, 1, 1, 1]}, '南门西侧': {'A': [1, 1, 0, 1, 1, 1, 1, 1, 1, 1], 'B': [1, 1, 1, 1, 0, 0, 1, 1, 0, 1]}, '南门东侧': {'A': [1, 0, 0, 1, 1, 1, 1, 1, 1, 1], 'B': [1, 1, 1, 1, 1, 1, 1, 1, 1, 1]}, '北门东北侧': {'A': [1, 1, 1, 1, 1, 1, 1, 1, 1, 1], 'B': [0, 0, 1, 1, 1, 1, 1, 1, 0, 1], 'C': [1, 1, 0, 1, 0, 1, 1, 1, 1, 1], 'D': [0, 0, 1, 1, 0, 0, 1, 0, 0, 1]}, '北门东南侧': {'A': [0, 1, 1, 1, 1, 0, 0, 1, 1, 1], 'B': [0, 1, 1, 0, 0, 1, 1, 0, 0, 0], 'C': [1, 1, 0, 1, 0, 0, 0, 0, 0, 0], 'D': [1, 1, 0, 0, 1, 1, 1, 1, 0, 1], 'E': [1, 1, 1, 1, 0, 0, 1, 0, 1, 1], 'F': [1, 1, 1, 1, 0, 1, 1, 1, 1, 1]}, '橘园北侧南': {'A': [0, 0, 0, 1, 0, 0, 0, 0, 0, 1], 'B': [0, 0, 0, 0, 0, 1, 1, 0, 1, 0], 'C': [0, 0, 1, 0, 0, 0, 0, 0, 0, 0], 'D': [0, 0, 0, 1, 0, 0, 0, 0, 0, 0], 'E': [0, 0, 0, 0, 0, 0, 0, 0, 0, 1], 'F': [0, 0, 0, 0, 0, 0, 0, 0, 0, 0], 'G': [0, 0, 0, 1, 0, 0, 0, 0, 1, 0], 'H': [0, 1, 1, 1, 1, 1, 1, 1, 1, 1], 'I': [0, 0, 0, 0, 0, 0, 0, 0, 0, 0], 'J': [0, 1, 0, 0, 0, 0, 0, 1, 0, 0]}, '校医院西': {'A': [1, 1, 1, 1, 1, 1, 1, 1, 1, 1], 'B': [1, 1, 1, 0, 1, 1, 1, 0, 1, 1], 'C': [1, 1, 1, 1, 0, 0, 1, 1, 0, 1], 'D': [1, 1, 1, 1, 1, 1, 0, 1, 1, 1], 'E': [1, 0, 1, 1, 1, 1, 1, 1, 1, 1], 'F': [0, 1, 1, 1, 0, 1, 1, 1, 1, 1], 'G': [0, 0, 1, 1, 0, 1, 1, 1, 1, 0], 'H': [0, 0, 0, 0, 0, 0, 0, 0, 0, 0], 'I': [0, 0, 0, 0, 0, 0, 0, 0, 0, 0]}}
623018	2024-07-13 01:01:01.569000+08:00	2024-07-13 01:01:01.569000+08:00	{'东门北侧': {'A': [1, 1, 1, 1, 1, 1, 1, 1, 1, 1], 'B': [1, 1, 1, 1, 1, 1, 1, 1, 1, 1], 'C': [0, 1, 1, 0, 1, 0, 1, 1, 1, 0], 'D': [1, 1, 1, 1, 1, 0, 0, 1, 0, 1], 'E': [1, 1, 1, 1, 1, 1, 1, 0, 1, 1], 'F': [0, 1, 1, 1, 1, 1, 1, 1, 1, 1], 'G': [0, 1, 1, 1, 1, 0, 1, 1, 0, 0], 'H': [1, 1, 1, 1, 0, 1, 1, 1, 0, 0], 'I': [0, 1, 0, 1, 1, 0, 1, 1, 1, 1], 'J': [1, 0, 1, 0, 1, 0, 1, 1, 1, 0], 'K': [0, 1, 1, 0, 0, 1, 1, 1, 0, 0]}, '东门南侧': {'A': [0, 0, 0, 1, 0, 0, 1, 0, 1, 0], 'B': [0, 0, 0, 0, 0, 0, 0, 0, 0, 0]}, '西门北侧': {'A': [1, 1, 1, 1, 1, 1, 1, 1, 1, 1], 'B': [0, 1, 0, 1, 1, 0, 1, 1, 0, 1], 'C': [1, 1, 0, 0, 1, 1, 1, 1, 1, 0]}, '西门南侧': {'A': [0, 1, 1, 1, 1, 0, 1, 0, 1, 1], 'B': [1, 1, 1, 1, 1, 1, 1, 1, 1, 1], 'C': [1, 0, 1, 1, 1, 1, 1, 1, 1, 1]}, '南门西侧': {'A': [1, 1, 0, 1, 1, 1, 1, 1, 1, 1], 'B': [1, 1, 1, 1, 0, 0, 1, 1, 0, 1]}, '南门东侧': {'A': [1, 0, 0, 1, 1, 1, 1, 1, 1, 1], 'B': [1, 1, 1, 1, 1, 1, 1, 1, 1, 1]}, '北门东北侧': {'A': [1, 1, 1, 1, 1, 1, 1, 1, 1, 1], 'B': [0, 0, 1, 1, 1, 1, 1, 1, 0, 1], 'C': [1, 1, 0, 1, 0, 1, 1, 1, 1, 1], 'D': [0, 0, 1, 1, 0, 0, 1, 0, 0, 1]}, '北门东南侧': {'A': [0, 1, 1, 1, 1, 0, 0, 1, 1, 1], 'B': [0, 1, 1, 0, 0, 1, 1, 0, 0, 0], 'C': [1, 1, 0, 1, 0, 0, 0, 0, 0, 0], 'D': [1, 1, 0, 0, 1, 1, 1, 1, 0, 1], 'E': [1, 1, 1, 1, 0, 0, 1, 0, 1, 1], 'F': [1, 1, 1, 1, 0, 1, 1, 1, 1, 1]}, '橘园北侧南': {'A': [0, 0, 0, 1, 0, 0, 0, 0, 0, 1], 'B': [0, 0, 0, 0, 0, 1, 1, 0, 1, 0], 'C': [0, 0, 1, 0, 0, 0, 0, 0, 0, 0], 'D': [0, 0, 0, 1, 0, 0, 0, 0, 0, 0], 'E': [0, 0, 0, 0, 0, 0, 0, 0, 0, 1], 'F': [0, 0, 0, 0, 0, 0, 0, 0, 0, 0], 'G': [0, 0, 0, 1, 0, 0, 0, 0, 1, 0], 'H': [0, 1, 1, 1, 1, 1, 1, 1, 1, 1], 'I': [0, 0, 0, 0, 0, 0, 0, 0, 0, 0], 'J': [0, 1, 0, 0, 0, 0, 0, 1, 0, 0]}, '校医院西': {'A': [1, 1, 1, 1, 1, 1, 1, 1, 1, 1], 'B': [1, 1, 1, 0, 1, 1, 1, 0, 1, 1], 'C': [1, 1, 1, 1, 0, 0, 1, 1, 0, 1], 'D': [1, 1, 1, 1, 1, 1, 0, 1, 1, 1], 'E': [1, 0, 1, 1, 1, 1, 1, 1, 1, 1], 'F': [0, 1, 1, 1, 0, 1, 1, 1, 1, 1], 'G': [0, 0, 1, 1, 0, 1, 1, 1, 1, 0], 'H': [0, 0, 0, 0, 0, 0, 0, 0, 0, 0], 'I': [0, 0, 0, 0, 0, 0, 0, 0, 0, 0]}}
623019	2024-07-13 01:02:10.436000+08:00	2024-07-13 01:02:10.436000+08:00	{'东门北侧': {'A': [1, 1, 1, 1, 1, 1, 1, 1, 1, 1], 'B': [1, 1, 1, 1, 1, 1, 1, 1, 1, 1], 'C': [0, 1, 1, 0, 1, 0, 1, 1, 1, 0], 'D': [1, 1, 1, 1, 1, 0, 0, 1, 0, 1], 'E': [1, 1, 1, 1, 1, 1, 1, 0, 1, 1], 'F': [0, 1, 1, 1, 1, 1, 1, 1, 1, 1], 'G': [0, 1, 1, 1, 1, 0, 1, 1, 0, 0], 'H': [1, 1, 1, 1, 0, 1, 1, 1, 0, 0], 'I': [0, 1, 0, 1, 1, 0, 1, 1, 1, 1], 'J': [1, 0, 1, 0, 1, 0, 1, 1, 1, 0], 'K': [0, 1, 1, 0, 0, 1, 1, 1, 0, 0]}, '东门南侧': {'A': [0, 0, 0, 1, 0, 0, 1, 0, 1, 0], 'B': [0, 0, 0, 0, 0, 0, 0, 0, 0, 0]}, '西门北侧': {'A': [1, 1, 1, 1, 1, 1, 1, 1, 1, 1], 'B': [0, 1, 0, 1, 1, 0, 1, 1, 0, 1], 'C': [1, 1, 0, 0, 1, 1, 1, 1, 1, 0]}, '西门南侧': {'A': [0, 1, 1, 1, 1, 0, 1, 0, 1, 1], 'B': [1, 1, 1, 1, 1, 1, 1, 1, 1, 1], 'C': [1, 0, 1, 1, 1, 1, 1, 1, 1, 1]}, '南门西侧': {'A': [1, 1, 0, 1, 1, 1, 1, 1, 1, 1], 'B': [1, 1, 1, 1, 0, 0, 1, 1, 0, 1]}, '南门东侧': {'A': [1, 0, 0, 1, 1, 1, 1, 1, 1, 1], 'B': [1, 1, 1, 1, 1, 1, 1, 1, 1, 1]}, '北门东北侧': {'A': [1, 1, 1, 1, 1, 1, 1, 1, 1, 1], 'B': [0, 0, 1, 1, 1, 1, 1, 1, 0, 1], 'C': [1, 1, 0, 1, 0, 1, 1, 1, 1, 1], 'D': [0, 0, 1, 1, 0, 0, 1, 0, 0, 1]}, '北门东南侧': {'A': [0, 1, 1, 1, 1, 0, 0, 1, 1, 1], 'B': [0, 1, 1, 0, 0, 1, 1, 0, 0, 0], 'C': [1, 1, 0, 1, 0, 0, 0, 0, 0, 0], 'D': [1, 1, 0, 0, 1, 1, 1, 1, 0, 1], 'E': [1, 1, 1, 1, 0, 0, 1, 0, 1, 1], 'F': [1, 1, 1, 1, 0, 1, 1, 1, 1, 1]}, '橘园北侧南': {'A': [0, 0, 0, 1, 0, 0, 0, 0, 0, 1], 'B': [0, 0, 0, 0, 0, 1, 1, 0, 1, 0], 'C': [0, 0, 1, 0, 0, 0, 0, 0, 0, 0], 'D': [0, 0, 0, 1, 0, 0, 0, 0, 0, 0], 'E': [0, 0, 0, 0, 0, 0, 0, 0, 0, 1], 'F': [0, 0, 0, 0, 0, 0, 0, 0, 0, 0], 'G': [0, 0, 0, 1, 0, 0, 0, 0, 1, 0], 'H': [0, 1, 1, 1, 1, 1, 1, 1, 1, 1], 'I': [0, 0, 0, 0, 1, 0, 0, 0, 0, 0], 'J': [0, 1, 0, 0, 0, 0, 0, 1, 0, 0]}, '校医院西': {'A': [1, 1, 1, 1, 1, 1, 1, 1, 1, 1], 'B': [1, 1, 1, 0, 1, 1, 1, 0, 1, 1], 'C': [1, 1, 1, 1, 0, 0, 1, 1, 0, 1], 'D': [1, 1, 1, 1, 1, 1, 0, 1, 1, 1], 'E': [1, 0, 1, 1, 1, 1, 1, 1, 1, 1], 'F': [0, 1, 1, 1, 0, 1, 1, 1, 1, 1], 'G': [0, 0, 1, 1, 0, 1, 1, 1, 1, 0], 'H': [0, 0, 0, 0, 0, 0, 0, 0, 0, 1], 'I': [0, 0, 0, 0, 0, 0, 0, 0, 0, 0]}}
623020	2024-07-13 01:02:59.538000+08:00	2024-07-13 01:02:59.538000+08:00	{'东门北侧': {'A': [1, 1, 1, 1, 1, 1, 1, 1, 1, 1], 'B': [1, 1, 1, 1, 1, 1, 1, 1, 1, 1], 'C': [0, 1, 1, 0, 1, 0, 1, 1, 1, 0], 'D': [1, 1, 1, 1, 1, 0, 0, 1, 0, 1], 'E': [1, 1, 1, 1, 1, 1, 1, 0, 1, 1], 'F': [0, 1, 1, 1, 1, 1, 1, 1, 1, 1], 'G': [0, 1, 1, 1, 1, 0, 1, 1, 0, 0], 'H': [1, 1, 1, 1, 0, 1, 1, 1, 0, 0], 'I': [0, 1, 0, 1, 1, 0, 1, 1, 1, 1], 'J': [1, 0, 1, 0, 1, 0, 1, 1, 1, 0], 'K': [0, 1, 1, 0, 0, 1, 1, 1, 0, 0]}, '东门南侧': {'A': [0, 0, 0, 1, 0, 0, 1, 0, 1, 0], 'B': [0, 0, 0, 0, 0, 0, 0, 0, 0, 0]}, '西门北侧': {'A': [1, 1, 1, 1, 1, 1, 1, 1, 1, 1], 'B': [0, 1, 0, 1, 1, 0, 1, 1, 0, 1], 'C': [1, 1, 0, 0, 1, 1, 1, 1, 1, 0]}, '西门南侧': {'A': [0, 1, 1, 1, 1, 0, 1, 0, 1, 1], 'B': [1, 1, 1, 1, 1, 1, 1, 1, 1, 1], 'C': [1, 0, 1, 1, 1, 1, 1, 1, 1, 1]}, '南门西侧': {'A': [1, 1, 0, 1, 1, 1, 1, 1, 1, 1], 'B': [1, 1, 1, 1, 0, 0, 1, 1, 0, 1]}, '南门东侧': {'A': [1, 0, 0, 1, 1, 1, 1, 1, 1, 1], 'B': [1, 1, 1, 1, 1, 1, 1, 1, 1, 1]}, '北门东北侧': {'A': [1, 1, 1, 1, 1, 1, 1, 1, 1, 1], 'B': [0, 0, 1, 1, 1, 1, 1, 1, 0, 1], 'C': [1, 1, 0, 1, 0, 1, 1, 1, 1, 1], 'D': [0, 0, 1, 1, 0, 0, 1, 0, 0, 1]}, '北门东南侧': {'A': [0, 1, 1, 1, 1, 0, 0, 1, 1, 1], 'B': [0, 1, 1, 0, 0, 1, 1, 0, 0, 0], 'C': [1, 1, 0, 1, 0, 0, 0, 0, 0, 0], 'D': [1, 1, 0, 0, 1, 1, 1, 1, 0, 1], 'E': [1, 1, 1, 1, 0, 0, 1, 0, 1, 1], 'F': [1, 1, 1, 1, 0, 1, 1, 1, 1, 1]}, '橘园北侧南': {'A': [0, 0, 0, 1, 0, 0, 0, 0, 0, 1], 'B': [0, 0, 0, 0, 0, 1, 1, 0, 1, 0], 'C': [0, 0, 1, 0, 0, 0, 0, 0, 0, 0], 'D': [0, 0, 0, 1, 0, 0, 0, 0, 0, 0], 'E': [0, 0, 0, 0, 0, 0, 0, 0, 0, 1], 'F': [0, 0, 0, 0, 0, 0, 0, 0, 0, 0], 'G': [0, 0, 0, 1, 0, 0, 0, 0, 1, 0], 'H': [0, 1, 1, 1, 1, 1, 1, 1, 1, 1], 'I': [0, 0, 0, 0, 1, 0, 0, 0, 0, 0], 'J': [0, 1, 0, 0, 0, 0, 0, 1, 0, 0]}, '校医院西': {'A': [1, 1, 1, 1, 1, 1, 1, 1, 1, 1], 'B': [1, 1, 1, 0, 1, 1, 1, 0, 1, 1], 'C': [1, 1, 1, 1, 0, 0, 1, 1, 0, 1], 'D': [1, 1, 1, 1, 1, 1, 0, 1, 1, 1], 'E': [1, 0, 1, 1, 1, 1, 1, 1, 1, 1], 'F': [0, 1, 1, 1, 0, 1, 1, 1, 1, 1], 'G': [0, 0, 1, 1, 0, 1, 1, 1, 1, 0], 'H': [0, 0, 0, 0, 0, 0, 0, 0, 0, 1], 'I': [0, 0, 0, 0, 0, 0, 0, 0, 0, 0]}}
623021	2024-07-13 01:03:56.356000+08:00	2024-07-13 01:03:56.356000+08:00	{'东门北侧': {'A': [1, 1, 1, 1, 1, 1, 1, 1, 1, 1], 'B': [1, 1, 1, 1, 1, 1, 1, 1, 1, 1], 'C': [0, 1, 1, 0, 1, 0, 1, 1, 1, 0], 'D': [1, 1, 1, 1, 1, 0, 0, 1, 0, 1], 'E': [1, 1, 1, 1, 1, 1, 1, 0, 1, 1], 'F': [0, 1, 1, 1, 1, 1, 1, 1, 1, 1], 'G': [0, 1, 1, 1, 1, 0, 1, 1, 0, 0], 'H': [1, 1, 1, 1, 0, 1, 1, 1, 0, 0], 'I': [0, 1, 0, 1, 1, 0, 1, 1, 1, 1], 'J': [1, 0, 1, 0, 1, 0, 1, 1, 1, 0], 'K': [0, 1, 1, 0, 0, 1, 1, 1, 0, 0]}, '东门南侧': {'A': [0, 0, 0, 1, 0, 0, 1, 0, 1, 0], 'B': [0, 0, 0, 0, 0, 0, 0, 0, 0, 0]}, '西门北侧': {'A': [1, 1, 1, 1, 1, 1, 1, 1, 1, 1], 'B': [0, 1, 0, 1, 1, 0, 1, 1, 0, 1], 'C': [1, 1, 0, 0, 1, 1, 1, 1, 1, 0]}, '西门南侧': {'A': [0, 1, 1, 1, 1, 0, 1, 0, 1, 1], 'B': [1, 1, 1, 1, 1, 1, 1, 1, 1, 1], 'C': [1, 0, 1, 1, 1, 1, 1, 1, 1, 1]}, '南门西侧': {'A': [1, 1, 0, 1, 1, 1, 1, 1, 1, 1], 'B': [1, 1, 1, 1, 0, 0, 1, 1, 0, 1]}, '南门东侧': {'A': [1, 0, 0, 1, 1, 1, 1, 1, 1, 1], 'B': [1, 1, 1, 1, 1, 1, 1, 1, 1, 1]}, '北门东北侧': {'A': [1, 1, 1, 1, 1, 1, 1, 1, 1, 1], 'B': [0, 0, 1, 1, 1, 1, 1, 1, 0, 1], 'C': [1, 1, 0, 1, 0, 1, 1, 1, 1, 1], 'D': [0, 0, 1, 1, 0, 0, 1, 0, 0, 1]}, '北门东南侧': {'A': [0, 1, 1, 1, 1, 0, 0, 1, 1, 1], 'B': [0, 1, 1, 0, 0, 1, 1, 0, 0, 0], 'C': [1, 1, 0, 1, 0, 0, 0, 0, 0, 0], 'D': [1, 1, 0, 0, 1, 1, 1, 1, 0, 1], 'E': [1, 1, 1, 1, 0, 0, 1, 0, 1, 1], 'F': [1, 1, 1, 1, 0, 1, 1, 1, 1, 1]}, '橘园北侧南': {'A': [0, 0, 0, 1, 0, 0, 0, 0, 0, 1], 'B': [0, 0, 0, 0, 0, 1, 1, 0, 1, 0], 'C': [0, 0, 1, 0, 0, 0, 0, 0, 0, 0], 'D': [0, 0, 0, 1, 0, 0, 0, 0, 0, 0], 'E': [0, 0, 0, 0, 0, 0, 0, 0, 0, 1], 'F': [0, 0, 0, 0, 0, 0, 0, 0, 0, 0], 'G': [0, 0, 0, 1, 0, 0, 0, 0, 1, 0], 'H': [0, 1, 1, 1, 1, 1, 1, 1, 1, 1], 'I': [0, 0, 0, 0, 1, 0, 0, 0, 0, 0], 'J': [0, 1, 0, 0, 0, 0, 0, 1, 0, 0]}, '校医院西': {'A': [1, 1, 1, 1, 1, 1, 1, 1, 1, 1], 'B': [1, 1, 1, 0, 1, 1, 1, 0, 1, 1], 'C': [1, 1, 1, 1, 0, 0, 1, 1, 0, 1], 'D': [1, 1, 1, 1, 1, 1, 0, 1, 1, 1], 'E': [1, 0, 1, 1, 1, 1, 1, 1, 1, 1], 'F': [0, 1, 1, 1, 0, 1, 1, 1, 1, 1], 'G': [0, 0, 1, 1, 0, 1, 1, 1, 1, 0], 'H': [0, 0, 0, 0, 0, 0, 0, 0, 0, 1], 'I': [0, 0, 0, 0, 0, 0, 0, 0, 0, 0]}}
623022	2024-07-13 01:05:01.220000+08:00	2024-07-13 01:05:01.220000+08:00	{'东门北侧': {'A': [1, 1, 1, 1, 1, 1, 1, 1, 1, 1], 'B': [1, 1, 1, 1, 1, 1, 1, 1, 1, 1], 'C': [0, 1, 1, 0, 1, 0, 1, 1, 1, 0], 'D': [1, 1, 1, 1, 1, 0, 0, 1, 0, 1], 'E': [1, 1, 1, 1, 1, 1, 1, 0, 1, 1], 'F': [0, 1, 1, 1, 1, 1, 1, 1, 1, 1], 'G': [0, 1, 1, 1, 1, 0, 1, 1, 0, 0], 'H': [1, 1, 1, 1, 0, 1, 1, 1, 0, 0], 'I': [0, 1, 0, 1, 1, 0, 1, 1, 1, 1], 'J': [1, 0, 1, 0, 1, 0, 1, 1, 1, 0], 'K': [0, 1, 1, 0, 0, 1, 1, 1, 0, 0]}, '东门南侧': {'A': [0, 0, 0, 1, 0, 0, 1, 0, 1, 0], 'B': [0, 0, 0, 0, 0, 0, 0, 0, 0, 0]}, '西门北侧': {'A': [1, 1, 1, 1, 1, 1, 1, 1, 1, 1], 'B': [0, 1, 0, 1, 1, 0, 1, 1, 0, 1], 'C': [1, 1, 0, 0, 1, 1, 1, 1, 1, 0]}, '西门南侧': {'A': [0, 1, 1, 1, 1, 0, 1, 0, 1, 1], 'B': [1, 1, 1, 1, 1, 1, 1, 1, 1, 1], 'C': [1, 0, 1, 1, 1, 1, 1, 1, 1, 1]}, '南门西侧': {'A': [1, 1, 0, 1, 1, 1, 1, 1, 1, 1], 'B': [1, 1, 1, 1, 0, 0, 1, 1, 0, 1]}, '南门东侧': {'A': [1, 0, 0, 1, 1, 1, 1, 1, 1, 1], 'B': [1, 1, 1, 1, 1, 1, 1, 1, 1, 1]}, '北门东北侧': {'A': [1, 1, 1, 1, 1, 1, 1, 1, 1, 1], 'B': [0, 0, 1, 1, 1, 1, 1, 1, 0, 1], 'C': [1, 1, 0, 1, 0, 1, 1, 1, 1, 1], 'D': [0, 0, 1, 1, 0, 0, 1, 0, 0, 1]}, '北门东南侧': {'A': [0, 1, 1, 1, 1, 0, 0, 1, 1, 1], 'B': [0, 1, 1, 0, 0, 1, 1, 0, 0, 0], 'C': [1, 1, 0, 1, 0, 0, 0, 0, 0, 0], 'D': [1, 1, 0, 0, 1, 1, 1, 1, 0, 1], 'E': [1, 1, 1, 1, 0, 0, 1, 0, 1, 1], 'F': [1, 1, 1, 1, 0, 1, 1, 1, 1, 1]}, '橘园北侧南': {'A': [0, 0, 0, 1, 0, 0, 0, 0, 0, 1], 'B': [0, 0, 0, 0, 0, 1, 1, 0, 1, 0], 'C': [0, 0, 1, 0, 0, 0, 0, 0, 0, 0], 'D': [0, 0, 0, 1, 0, 0, 0, 0, 0, 0], 'E': [0, 0, 0, 0, 0, 0, 0, 0, 0, 1], 'F': [0, 0, 0, 0, 0, 0, 0, 0, 0, 0], 'G': [0, 0, 0, 1, 0, 0, 0, 0, 1, 0], 'H': [0, 1, 1, 1, 1, 1, 1, 1, 1, 1], 'I': [0, 0, 0, 0, 1, 0, 0, 0, 0, 0], 'J': [0, 1, 0, 0, 0, 0, 0, 1, 0, 0]}, '校医院西': {'A': [1, 1, 1, 1, 1, 1, 1, 1, 1, 1], 'B': [1, 1, 1, 0, 1, 1, 1, 0, 1, 1], 'C': [1, 1, 1, 1, 0, 0, 1, 1, 0, 1], 'D': [1, 1, 1, 1, 1, 1, 0, 1, 1, 1], 'E': [1, 0, 1, 1, 1, 1, 1, 1, 1, 1], 'F': [0, 1, 1, 1, 0, 1, 1, 1, 1, 1], 'G': [0, 0, 1, 1, 0, 1, 1, 1, 1, 0], 'H': [0, 0, 0, 0, 0, 0, 0, 0, 0, 1], 'I': [0, 0, 0, 1, 0, 0, 0, 0, 0, 0]}}
623023	2024-07-13 01:05:51.225000+08:00	2024-07-13 01:05:51.225000+08:00	{'东门北侧': {'A': [1, 1, 1, 1, 1, 1, 1, 1, 1, 1], 'B': [1, 1, 1, 1, 1, 1, 1, 1, 1, 1], 'C': [0, 1, 1, 0, 1, 0, 1, 1, 1, 0], 'D': [1, 1, 1, 1, 1, 0, 0, 1, 0, 1], 'E': [1, 1, 1, 1, 1, 1, 1, 0, 1, 1], 'F': [0, 1, 1, 1, 1, 1, 1, 1, 1, 1], 'G': [0, 1, 1, 1, 1, 0, 1, 1, 0, 0], 'H': [1, 1, 1, 1, 0, 1, 1, 1, 0, 0], 'I': [0, 1, 0, 1, 1, 0, 1, 1, 1, 1], 'J': [1, 0, 1, 0, 1, 0, 1, 1, 1, 0], 'K': [0, 1, 1, 0, 0, 1, 1, 1, 0, 0]}, '东门南侧': {'A': [0, 0, 0, 1, 0, 0, 1, 0, 1, 0], 'B': [0, 0, 0, 0, 0, 0, 0, 0, 0, 0]}, '西门北侧': {'A': [1, 1, 1, 1, 1, 1, 1, 1, 1, 1], 'B': [0, 1, 0, 1, 1, 0, 1, 1, 0, 1], 'C': [1, 1, 0, 0, 1, 1, 1, 1, 1, 0]}, '西门南侧': {'A': [0, 1, 1, 1, 1, 0, 1, 0, 1, 1], 'B': [1, 1, 1, 1, 1, 1, 1, 1, 1, 1], 'C': [1, 0, 1, 1, 1, 1, 1, 1, 1, 1]}, '南门西侧': {'A': [1, 1, 0, 1, 1, 1, 1, 1, 1, 1], 'B': [1, 1, 1, 1, 0, 0, 1, 1, 0, 1]}, '南门东侧': {'A': [1, 0, 0, 1, 1, 1, 1, 1, 1, 1], 'B': [1, 1, 1, 1, 1, 1, 1, 1, 1, 1]}, '北门东北侧': {'A': [1, 1, 1, 1, 1, 1, 1, 1, 1, 1], 'B': [0, 0, 1, 1, 1, 1, 1, 1, 0, 1], 'C': [1, 1, 0, 1, 0, 1, 1, 1, 1, 1], 'D': [0, 0, 1, 1, 0, 0, 1, 0, 0, 1]}, '北门东南侧': {'A': [0, 1, 1, 1, 1, 0, 0, 1, 1, 1], 'B': [0, 1, 1, 0, 0, 1, 1, 0, 0, 0], 'C': [1, 1, 0, 1, 0, 0, 0, 0, 0, 0], 'D': [1, 1, 0, 0, 1, 1, 1, 1, 0, 1], 'E': [1, 1, 1, 1, 0, 0, 1, 0, 1, 1], 'F': [1, 1, 1, 1, 0, 1, 1, 1, 1, 1]}, '橘园北侧南': {'A': [0, 0, 0, 1, 0, 0, 0, 0, 0, 1], 'B': [0, 0, 0, 0, 0, 1, 1, 0, 1, 0], 'C': [0, 0, 1, 0, 0, 0, 0, 0, 0, 0], 'D': [0, 0, 0, 1, 0, 0, 0, 0, 0, 0], 'E': [0, 0, 0, 0, 0, 0, 0, 0, 0, 1], 'F': [0, 0, 0, 0, 0, 0, 0, 0, 0, 0], 'G': [0, 0, 0, 1, 0, 0, 0, 0, 1, 0], 'H': [0, 1, 1, 1, 1, 1, 1, 1, 1, 1], 'I': [0, 0, 0, 0, 1, 0, 0, 0, 0, 0], 'J': [0, 1, 0, 0, 0, 0, 0, 1, 0, 0]}, '校医院西': {'A': [1, 1, 1, 1, 1, 1, 1, 1, 1, 1], 'B': [1, 1, 1, 0, 1, 1, 1, 0, 1, 1], 'C': [1, 1, 1, 1, 0, 0, 1, 1, 0, 1], 'D': [1, 1, 1, 1, 1, 1, 0, 1, 1, 1], 'E': [1, 0, 1, 1, 1, 1, 1, 1, 1, 1], 'F': [0, 1, 1, 1, 0, 1, 1, 1, 1, 1], 'G': [0, 0, 1, 1, 0, 1, 1, 1, 1, 0], 'H': [0, 0, 0, 0, 0, 0, 0, 0, 0, 1], 'I': [0, 0, 0, 1, 0, 0, 0, 0, 0, 0]}}
623024	2024-07-13 01:06:50.800000+08:00	2024-07-13 01:06:50.800000+08:00	{'东门北侧': {'A': [1, 1, 1, 1, 1, 1, 1, 1, 1, 1], 'B': [1, 1, 1, 1, 1, 1, 1, 1, 1, 1], 'C': [0, 1, 1, 0, 1, 0, 1, 1, 1, 0], 'D': [1, 1, 1, 1, 1, 0, 0, 1, 0, 1], 'E': [1, 1, 1, 1, 1, 1, 1, 0, 1, 1], 'F': [0, 1, 1, 1, 1, 1, 1, 1, 1, 1], 'G': [0, 1, 1, 1, 1, 0, 1, 1, 0, 0], 'H': [1, 1, 1, 1, 0, 1, 1, 1, 0, 0], 'I': [0, 1, 0, 1, 1, 0, 1, 1, 1, 1], 'J': [1, 0, 1, 0, 1, 0, 1, 1, 1, 0], 'K': [0, 1, 1, 0, 0, 1, 1, 1, 0, 0]}, '东门南侧': {'A': [0, 0, 0, 1, 0, 0, 1, 0, 1, 0], 'B': [0, 0, 0, 0, 0, 0, 0, 0, 0, 0]}, '西门北侧': {'A': [1, 1, 1, 1, 1, 1, 1, 1, 1, 1], 'B': [0, 1, 0, 1, 1, 0, 1, 1, 0, 1], 'C': [1, 1, 0, 0, 1, 1, 1, 1, 1, 0]}, '西门南侧': {'A': [0, 1, 1, 1, 1, 0, 1, 0, 1, 1], 'B': [1, 1, 1, 1, 1, 1, 1, 1, 1, 1], 'C': [1, 1, 1, 1, 1, 1, 1, 1, 1, 1]}, '南门西侧': {'A': [1, 1, 0, 1, 1, 1, 1, 1, 1, 1], 'B': [1, 1, 1, 1, 0, 0, 1, 1, 0, 1]}, '南门东侧': {'A': [1, 0, 0, 1, 1, 1, 1, 1, 1, 1], 'B': [1, 1, 1, 1, 1, 1, 1, 1, 1, 1]}, '北门东北侧': {'A': [1, 1, 1, 1, 1, 1, 1, 1, 1, 1], 'B': [0, 0, 1, 1, 1, 1, 1, 1, 0, 1], 'C': [1, 1, 0, 1, 0, 1, 1, 1, 1, 1], 'D': [0, 0, 1, 1, 0, 0, 1, 0, 0, 1]}, '北门东南侧': {'A': [0, 1, 1, 1, 1, 0, 0, 1, 1, 1], 'B': [0, 1, 1, 0, 0, 1, 1, 0, 0, 0], 'C': [1, 1, 0, 1, 0, 0, 0, 0, 0, 0], 'D': [1, 1, 0, 0, 1, 1, 1, 1, 0, 1], 'E': [1, 1, 1, 1, 0, 0, 1, 0, 1, 1], 'F': [1, 1, 1, 1, 0, 1, 1, 1, 1, 1]}, '橘园北侧南': {'A': [0, 0, 0, 1, 0, 0, 0, 0, 0, 1], 'B': [0, 0, 0, 0, 0, 1, 1, 0, 1, 0], 'C': [0, 0, 1, 0, 0, 0, 0, 0, 0, 0], 'D': [0, 0, 0, 1, 0, 0, 0, 0, 0, 0], 'E': [0, 0, 0, 0, 0, 0, 0, 0, 0, 1], 'F': [0, 0, 0, 0, 0, 0, 0, 0, 0, 0], 'G': [0, 0, 0, 1, 0, 0, 0, 0, 1, 0], 'H': [0, 1, 1, 1, 1, 1, 1, 1, 1, 1], 'I': [0, 0, 0, 0, 1, 0, 0, 0, 0, 0], 'J': [0, 1, 0, 0, 0, 0, 0, 1, 0, 0]}, '校医院西': {'A': [1, 1, 1, 1, 1, 1, 1, 1, 1, 1], 'B': [1, 1, 1, 0, 1, 1, 1, 0, 1, 1], 'C': [1, 1, 1, 1, 0, 0, 1, 1, 0, 1], 'D': [1, 1, 1, 1, 1, 1, 0, 1, 1, 1], 'E': [1, 0, 1, 1, 1, 1, 1, 1, 1, 1], 'F': [0, 1, 1, 1, 0, 1, 1, 1, 1, 1], 'G': [0, 0, 1, 1, 0, 1, 1, 1, 1, 0], 'H': [0, 0, 0, 0, 0, 0, 0, 0, 0, 1], 'I': [0, 0, 0, 1, 0, 0, 0, 0, 0, 0]}}
623025	2024-07-13 01:07:51.633000+08:00	2024-07-13 01:07:51.633000+08:00	{'东门北侧': {'A': [1, 1, 1, 1, 1, 1, 1, 1, 1, 1], 'B': [1, 1, 1, 1, 1, 1, 1, 1, 1, 1], 'C': [0, 1, 1, 0, 1, 0, 1, 1, 1, 0], 'D': [1, 1, 1, 1, 1, 0, 0, 1, 0, 1], 'E': [1, 1, 1, 1, 1, 1, 1, 0, 1, 1], 'F': [0, 1, 1, 1, 1, 1, 1, 1, 1, 1], 'G': [0, 1, 1, 1, 1, 0, 1, 1, 0, 0], 'H': [1, 1, 1, 1, 0, 1, 1, 1, 0, 0], 'I': [0, 1, 0, 1, 1, 0, 1, 1, 1, 1], 'J': [1, 0, 1, 0, 1, 0, 1, 1, 1, 0], 'K': [0, 1, 1, 0, 0, 1, 1, 1, 0, 0]}, '东门南侧': {'A': [0, 0, 0, 1, 0, 0, 1, 0, 1, 0], 'B': [0, 0, 0, 0, 0, 0, 0, 0, 0, 0]}, '西门北侧': {'A': [1, 1, 1, 1, 1, 1, 1, 1, 1, 1], 'B': [0, 1, 0, 1, 1, 0, 1, 1, 0, 1], 'C': [1, 1, 0, 0, 1, 1, 1, 1, 1, 0]}, '西门南侧': {'A': [0, 1, 1, 1, 1, 0, 1, 0, 1, 1], 'B': [1, 1, 1, 1, 1, 1, 1, 1, 1, 1], 'C': [1, 1, 1, 1, 1, 1, 1, 1, 1, 1]}, '南门西侧': {'A': [1, 1, 0, 1, 1, 1, 1, 1, 1, 1], 'B': [1, 1, 1, 1, 0, 0, 1, 1, 0, 1]}, '南门东侧': {'A': [1, 0, 0, 1, 1, 1, 1, 1, 1, 1], 'B': [1, 1, 1, 1, 1, 1, 1, 1, 1, 1]}, '北门东北侧': {'A': [1, 1, 1, 1, 1, 1, 1, 1, 1, 1], 'B': [0, 0, 1, 1, 1, 1, 1, 1, 0, 1], 'C': [1, 1, 0, 1, 0, 1, 1, 1, 1, 1], 'D': [0, 0, 1, 1, 0, 0, 1, 0, 0, 1]}, '北门东南侧': {'A': [0, 1, 1, 1, 1, 0, 0, 1, 1, 1], 'B': [0, 1, 1, 0, 0, 1, 1, 0, 0, 0], 'C': [1, 1, 0, 1, 0, 0, 0, 0, 0, 0], 'D': [1, 1, 0, 0, 1, 1, 1, 1, 0, 1], 'E': [1, 1, 1, 1, 0, 0, 1, 0, 1, 1], 'F': [1, 1, 1, 1, 0, 1, 1, 1, 1, 1]}, '橘园北侧南': {'A': [0, 0, 0, 1, 0, 0, 0, 0, 0, 1], 'B': [0, 0, 0, 0, 0, 1, 1, 0, 1, 0], 'C': [0, 0, 1, 0, 0, 0, 0, 0, 0, 0], 'D': [0, 0, 0, 1, 0, 0, 0, 0, 0, 0], 'E': [0, 0, 0, 0, 0, 0, 0, 0, 0, 1], 'F': [0, 0, 0, 0, 0, 0, 0, 0, 0, 0], 'G': [0, 0, 0, 1, 0, 0, 0, 0, 1, 0], 'H': [0, 1, 1, 1, 1, 1, 1, 1, 1, 1], 'I': [0, 0, 0, 0, 1, 0, 0, 0, 0, 0], 'J': [0, 1, 0, 0, 0, 0, 0, 1, 0, 0]}, '校医院西': {'A': [1, 1, 1, 1, 1, 1, 1, 1, 1, 1], 'B': [1, 1, 1, 0, 1, 1, 1, 0, 1, 1], 'C': [1, 1, 1, 1, 0, 0, 1, 1, 0, 1], 'D': [1, 1, 1, 1, 1, 1, 0, 1, 1, 1], 'E': [1, 0, 1, 1, 1, 1, 1, 1, 1, 1], 'F': [0, 1, 1, 1, 0, 1, 1, 1, 1, 1], 'G': [0, 0, 1, 1, 0, 1, 1, 1, 1, 0], 'H': [0, 0, 0, 0, 0, 0, 0, 0, 0, 1], 'I': [0, 0, 0, 1, 0, 0, 0, 0, 0, 0]}}
623026	2024-07-13 01:08:47.850000+08:00	2024-07-13 01:08:47.850000+08:00	{'东门北侧': {'A': [1, 1, 1, 1, 1, 1, 1, 1, 1, 1], 'B': [1, 1, 1, 1, 1, 1, 1, 1, 1, 1], 'C': [0, 1, 1, 0, 1, 0, 1, 1, 1, 0], 'D': [1, 1, 1, 1, 1, 0, 0, 1, 0, 1], 'E': [1, 1, 1, 1, 1, 1, 1, 0, 1, 1], 'F': [0, 1, 1, 1, 1, 1, 1, 1, 1, 1], 'G': [0, 1, 1, 1, 1, 0, 1, 1, 0, 0], 'H': [1, 1, 1, 1, 0, 1, 1, 1, 0, 0], 'I': [0, 1, 0, 1, 1, 0, 1, 1, 1, 1], 'J': [1, 0, 1, 0, 1, 0, 1, 1, 1, 0], 'K': [0, 1, 1, 0, 0, 1, 1, 1, 0, 0]}, '东门南侧': {'A': [0, 0, 0, 1, 0, 0, 1, 0, 1, 0], 'B': [0, 0, 0, 0, 0, 0, 0, 0, 0, 0]}, '西门北侧': {'A': [1, 1, 1, 1, 1, 1, 1, 1, 1, 1], 'B': [0, 1, 0, 1, 1, 0, 1, 1, 0, 1], 'C': [1, 1, 0, 0, 1, 1, 1, 1, 1, 0]}, '西门南侧': {'A': [0, 1, 1, 1, 1, 0, 1, 0, 1, 1], 'B': [1, 1, 1, 1, 1, 1, 1, 1, 1, 1], 'C': [1, 1, 1, 1, 1, 1, 1, 1, 1, 1]}, '南门西侧': {'A': [1, 1, 0, 1, 1, 1, 1, 1, 1, 1], 'B': [1, 1, 1, 1, 0, 0, 1, 1, 0, 1]}, '南门东侧': {'A': [1, 0, 0, 1, 1, 1, 1, 1, 1, 1], 'B': [1, 1, 1, 1, 1, 1, 1, 1, 1, 1]}, '北门东北侧': {'A': [1, 1, 1, 1, 1, 1, 1, 1, 1, 1], 'B': [1, 0, 1, 1, 1, 1, 1, 1, 0, 1], 'C': [1, 1, 0, 1, 0, 1, 1, 1, 1, 1], 'D': [0, 0, 1, 1, 0, 0, 1, 0, 0, 1]}, '北门东南侧': {'A': [0, 1, 1, 1, 1, 0, 0, 1, 1, 1], 'B': [0, 1, 1, 0, 0, 1, 1, 0, 0, 0], 'C': [1, 1, 0, 1, 0, 0, 0, 0, 0, 0], 'D': [1, 1, 0, 0, 1, 1, 1, 1, 0, 1], 'E': [1, 1, 1, 1, 0, 0, 1, 0, 1, 1], 'F': [1, 1, 1, 1, 0, 1, 1, 1, 1, 1]}, '橘园北侧南': {'A': [0, 0, 0, 1, 0, 0, 0, 0, 0, 1], 'B': [0, 0, 0, 0, 0, 1, 1, 0, 1, 0], 'C': [0, 0, 1, 0, 0, 0, 0, 0, 0, 0], 'D': [0, 0, 0, 1, 0, 0, 0, 0, 0, 0], 'E': [0, 0, 0, 0, 0, 0, 0, 0, 0, 1], 'F': [0, 0, 0, 0, 0, 0, 0, 0, 0, 0], 'G': [0, 0, 0, 1, 0, 0, 0, 0, 1, 0], 'H': [0, 1, 1, 1, 1, 1, 1, 1, 1, 1], 'I': [0, 0, 0, 0, 1, 0, 0, 0, 0, 0], 'J': [0, 1, 0, 0, 0, 0, 0, 1, 0, 0]}, '校医院西': {'A': [1, 1, 1, 1, 1, 1, 1, 1, 1, 1], 'B': [1, 1, 1, 0, 1, 1, 1, 0, 1, 1], 'C': [1, 1, 1, 1, 0, 0, 1, 1, 0, 1], 'D': [1, 1, 1, 1, 1, 1, 0, 1, 1, 1], 'E': [1, 0, 1, 1, 1, 1, 1, 1, 1, 1], 'F': [0, 1, 1, 1, 0, 1, 1, 1, 1, 1], 'G': [0, 0, 1, 1, 0, 1, 1, 1, 1, 0], 'H': [0, 0, 0, 0, 0, 0, 0, 0, 0, 1], 'I': [0, 0, 0, 1, 0, 0, 0, 0, 0, 0]}}
623027	2024-07-13 01:09:51.289000+08:00	2024-07-13 01:09:51.289000+08:00	{'东门北侧': {'A': [1, 1, 1, 1, 1, 1, 1, 1, 1, 1], 'B': [1, 1, 1, 1, 1, 1, 1, 1, 1, 1], 'C': [0, 1, 1, 0, 1, 0, 1, 1, 1, 0], 'D': [1, 1, 1, 1, 1, 0, 0, 1, 0, 1], 'E': [1, 1, 1, 1, 1, 1, 1, 0, 1, 1], 'F': [0, 1, 1, 1, 1, 1, 1, 1, 1, 1], 'G': [0, 1, 1, 1, 1, 0, 1, 1, 0, 0], 'H': [1, 1, 1, 1, 0, 1, 1, 1, 0, 0], 'I': [0, 1, 0, 1, 1, 0, 1, 1, 1, 1], 'J': [1, 0, 1, 0, 1, 0, 1, 1, 1, 0], 'K': [0, 1, 1, 0, 0, 1, 1, 1, 0, 0]}, '东门南侧': {'A': [0, 0, 0, 1, 0, 0, 1, 0, 1, 0], 'B': [0, 0, 0, 0, 0, 0, 0, 0, 0, 0]}, '西门北侧': {'A': [1, 1, 1, 1, 1, 1, 1, 1, 1, 1], 'B': [0, 1, 0, 1, 1, 0, 1, 1, 0, 1], 'C': [1, 1, 0, 0, 1, 1, 1, 1, 1, 0]}, '西门南侧': {'A': [0, 1, 1, 1, 1, 0, 1, 0, 1, 1], 'B': [1, 1, 1, 1, 1, 1, 1, 1, 1, 1], 'C': [1, 1, 1, 1, 1, 1, 1, 1, 1, 1]}, '南门西侧': {'A': [1, 1, 0, 1, 1, 1, 1, 1, 1, 1], 'B': [1, 1, 1, 1, 0, 0, 1, 1, 0, 1]}, '南门东侧': {'A': [1, 0, 0, 1, 1, 1, 1, 1, 1, 1], 'B': [1, 1, 1, 1, 1, 1, 1, 1, 1, 1]}, '北门东北侧': {'A': [1, 1, 1, 1, 1, 1, 1, 1, 1, 1], 'B': [1, 0, 1, 1, 1, 1, 1, 1, 0, 1], 'C': [1, 1, 0, 1, 0, 1, 1, 1, 1, 1], 'D': [0, 0, 1, 1, 0, 0, 1, 0, 0, 1]}, '北门东南侧': {'A': [0, 1, 1, 1, 1, 0, 0, 1, 1, 1], 'B': [0, 1, 1, 0, 0, 1, 1, 0, 0, 0], 'C': [1, 1, 0, 1, 0, 0, 0, 0, 0, 0], 'D': [1, 1, 0, 0, 1, 1, 1, 1, 0, 1], 'E': [1, 1, 1, 1, 0, 0, 1, 0, 1, 1], 'F': [1, 1, 1, 1, 0, 1, 1, 1, 1, 1]}, '橘园北侧南': {'A': [0, 0, 0, 1, 0, 0, 0, 0, 0, 1], 'B': [0, 0, 0, 0, 0, 1, 1, 0, 1, 0], 'C': [0, 0, 1, 0, 0, 0, 0, 0, 0, 0], 'D': [0, 0, 0, 1, 0, 0, 0, 0, 0, 0], 'E': [0, 0, 0, 0, 0, 0, 0, 0, 0, 1], 'F': [0, 0, 0, 0, 0, 0, 0, 0, 0, 0], 'G': [0, 0, 0, 1, 0, 0, 0, 0, 1, 0], 'H': [0, 1, 1, 1, 1, 1, 1, 1, 1, 1], 'I': [0, 0, 0, 0, 1, 0, 0, 0, 0, 0], 'J': [0, 1, 0, 0, 0, 0, 0, 1, 0, 0]}, '校医院西': {'A': [1, 1, 1, 1, 1, 1, 1, 1, 1, 1], 'B': [1, 1, 1, 0, 1, 1, 1, 0, 1, 1], 'C': [1, 1, 1, 1, 0, 0, 1, 1, 0, 1], 'D': [1, 1, 1, 1, 1, 1, 0, 1, 1, 1], 'E': [1, 0, 1, 1, 1, 1, 1, 1, 1, 1], 'F': [0, 1, 1, 1, 0, 1, 1, 1, 1, 1], 'G': [0, 0, 1, 1, 0, 1, 1, 1, 1, 0], 'H': [0, 0, 0, 0, 0, 0, 0, 0, 0, 1], 'I': [0, 0, 0, 1, 0, 0, 0, 0, 0, 0]}}
623028	2024-07-13 01:10:50.939000+08:00	2024-07-13 01:10:50.939000+08:00	{'东门北侧': {'A': [1, 1, 1, 1, 1, 1, 1, 1, 1, 1], 'B': [1, 1, 1, 1, 1, 1, 1, 1, 1, 1], 'C': [0, 1, 1, 0, 1, 0, 1, 1, 1, 0], 'D': [1, 1, 1, 1, 1, 0, 0, 1, 0, 1], 'E': [1, 1, 1, 1, 1, 1, 1, 0, 1, 1], 'F': [0, 1, 1, 1, 1, 1, 1, 1, 1, 1], 'G': [0, 1, 1, 1, 1, 0, 1, 1, 0, 0], 'H': [1, 1, 1, 1, 0, 1, 1, 1, 0, 0], 'I': [0, 1, 0, 1, 1, 0, 1, 1, 1, 1], 'J': [1, 0, 1, 0, 1, 0, 1, 1, 1, 0], 'K': [0, 1, 1, 0, 0, 1, 1, 1, 0, 0]}, '东门南侧': {'A': [0, 0, 0, 1, 0, 0, 1, 0, 1, 0], 'B': [0, 0, 0, 0, 0, 0, 0, 0, 0, 0]}, '西门北侧': {'A': [1, 1, 1, 1, 1, 1, 1, 1, 1, 1], 'B': [0, 1, 0, 1, 1, 0, 1, 1, 0, 1], 'C': [1, 1, 0, 0, 1, 1, 1, 1, 1, 0]}, '西门南侧': {'A': [0, 1, 1, 1, 1, 0, 1, 0, 1, 1], 'B': [1, 1, 1, 1, 1, 1, 1, 1, 1, 1], 'C': [1, 1, 1, 1, 1, 1, 1, 1, 1, 1]}, '南门西侧': {'A': [1, 1, 0, 1, 1, 1, 1, 1, 1, 1], 'B': [1, 1, 1, 1, 0, 0, 1, 1, 0, 1]}, '南门东侧': {'A': [1, 0, 0, 1, 1, 1, 1, 1, 1, 1], 'B': [1, 1, 1, 1, 1, 1, 1, 1, 1, 1]}, '北门东北侧': {'A': [1, 1, 1, 1, 1, 1, 1, 1, 1, 1], 'B': [1, 0, 1, 1, 1, 1, 1, 1, 0, 1], 'C': [1, 1, 0, 1, 0, 1, 1, 1, 1, 1], 'D': [0, 0, 1, 1, 0, 0, 1, 0, 0, 1]}, '北门东南侧': {'A': [0, 1, 1, 1, 1, 0, 0, 1, 1, 1], 'B': [0, 1, 1, 0, 0, 1, 1, 0, 0, 0], 'C': [1, 1, 0, 1, 0, 0, 0, 0, 0, 0], 'D': [1, 1, 0, 0, 1, 1, 1, 1, 0, 1], 'E': [1, 1, 1, 1, 0, 0, 1, 0, 1, 1], 'F': [1, 1, 1, 1, 0, 1, 1, 1, 1, 1]}, '橘园北侧南': {'A': [0, 0, 0, 1, 0, 0, 0, 0, 0, 1], 'B': [0, 0, 0, 0, 0, 1, 1, 0, 1, 0], 'C': [0, 0, 1, 0, 0, 0, 0, 0, 0, 0], 'D': [0, 0, 0, 1, 0, 0, 0, 0, 0, 0], 'E': [0, 0, 0, 0, 0, 0, 0, 0, 0, 1], 'F': [0, 0, 0, 0, 0, 0, 0, 0, 0, 0], 'G': [0, 0, 0, 1, 0, 0, 0, 0, 1, 0], 'H': [0, 1, 1, 1, 1, 1, 1, 1, 1, 1], 'I': [0, 0, 0, 0, 1, 0, 0, 0, 0, 0], 'J': [0, 1, 0, 0, 0, 0, 0, 1, 0, 0]}, '校医院西': {'A': [1, 1, 1, 1, 1, 1, 1, 1, 1, 1], 'B': [1, 1, 1, 0, 1, 1, 1, 0, 1, 1], 'C': [1, 1, 1, 1, 0, 0, 1, 1, 0, 1], 'D': [1, 1, 1, 1, 1, 1, 0, 1, 1, 1], 'E': [1, 0, 1, 1, 1, 1, 1, 1, 1, 1], 'F': [0, 1, 1, 1, 0, 1, 1, 1, 1, 1], 'G': [0, 0, 1, 1, 0, 1, 1, 1, 1, 0], 'H': [0, 0, 0, 0, 0, 0, 0, 0, 0, 1], 'I': [0, 0, 0, 1, 0, 0, 0, 0, 0, 0]}}
623029	2024-07-13 01:11:49.372000+08:00	2024-07-13 01:11:49.372000+08:00	{'东门北侧': {'A': [1, 1, 1, 1, 1, 1, 1, 1, 1, 1], 'B': [1, 1, 1, 1, 1, 1, 1, 1, 1, 1], 'C': [0, 1, 1, 0, 1, 0, 1, 1, 1, 0], 'D': [1, 1, 1, 1, 1, 0, 0, 1, 0, 1], 'E': [1, 1, 1, 1, 1, 1, 1, 0, 1, 1], 'F': [0, 1, 1, 1, 1, 1, 1, 1, 1, 1], 'G': [0, 1, 1, 1, 1, 0, 1, 1, 0, 0], 'H': [1, 1, 1, 1, 0, 1, 1, 1, 0, 0], 'I': [0, 1, 0, 1, 1, 0, 1, 1, 1, 1], 'J': [1, 0, 1, 0, 1, 0, 1, 1, 1, 0], 'K': [0, 1, 1, 0, 0, 1, 1, 1, 0, 0]}, '东门南侧': {'A': [0, 0, 0, 1, 0, 0, 1, 0, 1, 0], 'B': [0, 0, 0, 0, 0, 0, 0, 0, 0, 0]}, '西门北侧': {'A': [1, 1, 1, 1, 1, 1, 1, 1, 1, 1], 'B': [0, 1, 0, 1, 1, 0, 1, 1, 0, 1], 'C': [1, 1, 0, 0, 1, 1, 1, 1, 1, 0]}, '西门南侧': {'A': [0, 1, 1, 1, 1, 0, 1, 0, 1, 1], 'B': [1, 1, 1, 1, 1, 1, 1, 1, 1, 1], 'C': [1, 1, 1, 1, 1, 1, 1, 1, 1, 1]}, '南门西侧': {'A': [1, 1, 0, 1, 1, 1, 1, 1, 1, 1], 'B': [1, 1, 1, 1, 0, 0, 1, 1, 0, 1]}, '南门东侧': {'A': [1, 0, 0, 1, 1, 1, 1, 1, 1, 1], 'B': [1, 1, 1, 1, 1, 1, 1, 1, 1, 1]}, '北门东北侧': {'A': [1, 1, 1, 1, 1, 1, 1, 1, 1, 1], 'B': [1, 0, 1, 1, 1, 1, 1, 1, 0, 1], 'C': [1, 1, 0, 1, 0, 1, 1, 1, 1, 1], 'D': [0, 0, 1, 1, 0, 0, 1, 0, 0, 1]}, '北门东南侧': {'A': [0, 1, 1, 1, 1, 0, 0, 1, 1, 1], 'B': [0, 1, 1, 0, 0, 1, 1, 0, 0, 0], 'C': [1, 1, 0, 1, 0, 0, 0, 0, 0, 0], 'D': [1, 1, 0, 0, 1, 1, 1, 1, 0, 1], 'E': [1, 1, 1, 1, 0, 0, 1, 0, 1, 1], 'F': [1, 1, 1, 1, 0, 1, 1, 1, 1, 1]}, '橘园北侧南': {'A': [0, 0, 0, 1, 0, 0, 0, 0, 0, 1], 'B': [0, 0, 0, 0, 0, 1, 1, 0, 1, 0], 'C': [0, 0, 1, 0, 0, 0, 0, 0, 0, 0], 'D': [0, 0, 0, 1, 0, 0, 0, 0, 0, 0], 'E': [0, 0, 0, 0, 0, 0, 0, 0, 0, 1], 'F': [0, 0, 0, 0, 0, 0, 0, 0, 0, 0], 'G': [0, 0, 0, 1, 0, 0, 0, 0, 1, 0], 'H': [0, 1, 1, 1, 1, 1, 1, 1, 1, 1], 'I': [0, 0, 0, 0, 1, 0, 0, 0, 0, 0], 'J': [0, 1, 0, 0, 0, 0, 0, 1, 0, 0]}, '校医院西': {'A': [1, 1, 1, 1, 1, 1, 1, 1, 1, 1], 'B': [1, 1, 1, 0, 1, 1, 1, 0, 1, 1], 'C': [1, 1, 1, 1, 0, 0, 1, 1, 0, 1], 'D': [1, 1, 1, 1, 1, 1, 0, 1, 1, 1], 'E': [1, 0, 1, 1, 1, 1, 1, 1, 1, 1], 'F': [0, 1, 1, 1, 0, 1, 1, 1, 1, 1], 'G': [0, 0, 1, 1, 0, 1, 1, 1, 1, 0], 'H': [0, 0, 0, 0, 0, 0, 0, 0, 0, 1], 'I': [0, 0, 0, 1, 0, 0, 0, 0, 0, 0]}}
623030	2024-07-13 01:12:50.251000+08:00	2024-07-13 01:12:50.251000+08:00	{'东门北侧': {'A': [1, 1, 1, 1, 1, 1, 1, 1, 1, 1], 'B': [1, 1, 1, 1, 1, 1, 1, 1, 1, 1], 'C': [0, 1, 1, 0, 1, 0, 1, 1, 1, 0], 'D': [1, 1, 1, 1, 1, 0, 0, 1, 0, 1], 'E': [1, 1, 1, 1, 1, 1, 1, 0, 1, 1], 'F': [0, 1, 1, 1, 1, 1, 1, 1, 1, 1], 'G': [0, 1, 1, 1, 1, 0, 1, 1, 0, 0], 'H': [1, 1, 1, 1, 0, 1, 1, 1, 0, 0], 'I': [0, 1, 0, 1, 1, 0, 1, 1, 1, 1], 'J': [1, 0, 1, 0, 1, 0, 1, 1, 1, 0], 'K': [0, 1, 1, 0, 0, 1, 1, 1, 0, 0]}, '东门南侧': {'A': [0, 0, 0, 1, 0, 0, 1, 0, 1, 0], 'B': [0, 0, 0, 0, 0, 0, 0, 0, 0, 0]}, '西门北侧': {'A': [1, 1, 1, 1, 1, 1, 1, 1, 1, 1], 'B': [0, 1, 0, 1, 1, 0, 1, 1, 0, 1], 'C': [1, 1, 0, 0, 1, 1, 1, 1, 1, 0]}, '西门南侧': {'A': [0, 1, 1, 1, 1, 0, 1, 0, 1, 1], 'B': [1, 1, 1, 1, 1, 1, 1, 1, 1, 1], 'C': [1, 1, 1, 1, 1, 1, 1, 1, 1, 1]}, '南门西侧': {'A': [1, 1, 0, 1, 1, 1, 1, 1, 1, 1], 'B': [1, 1, 1, 1, 0, 0, 1, 1, 0, 1]}, '南门东侧': {'A': [1, 0, 0, 1, 1, 1, 1, 1, 1, 1], 'B': [1, 1, 1, 1, 1, 1, 1, 1, 1, 1]}, '北门东北侧': {'A': [1, 1, 1, 1, 1, 1, 1, 1, 1, 1], 'B': [1, 0, 1, 1, 1, 1, 1, 1, 0, 1], 'C': [1, 1, 0, 1, 0, 1, 1, 1, 1, 1], 'D': [0, 0, 1, 1, 0, 0, 1, 0, 0, 1]}, '北门东南侧': {'A': [0, 1, 1, 1, 1, 0, 0, 1, 1, 1], 'B': [0, 1, 1, 0, 0, 1, 1, 0, 0, 0], 'C': [1, 1, 0, 1, 0, 0, 0, 0, 0, 0], 'D': [1, 1, 0, 0, 1, 1, 1, 1, 0, 1], 'E': [1, 1, 1, 1, 0, 0, 1, 0, 1, 1], 'F': [1, 1, 1, 1, 0, 1, 1, 1, 1, 1]}, '橘园北侧南': {'A': [0, 0, 0, 1, 0, 0, 0, 0, 0, 1], 'B': [0, 0, 0, 0, 0, 1, 1, 0, 1, 0], 'C': [0, 0, 1, 0, 0, 0, 0, 0, 0, 0], 'D': [0, 0, 0, 1, 0, 0, 0, 0, 0, 0], 'E': [0, 0, 0, 0, 0, 0, 0, 0, 0, 1], 'F': [0, 0, 0, 0, 0, 0, 0, 0, 0, 0], 'G': [0, 0, 0, 1, 0, 0, 0, 0, 1, 0], 'H': [0, 1, 1, 1, 1, 1, 1, 1, 1, 1], 'I': [0, 0, 0, 0, 1, 0, 0, 0, 0, 0], 'J': [0, 1, 0, 0, 0, 0, 0, 1, 0, 0]}, '校医院西': {'A': [1, 1, 1, 1, 1, 1, 1, 1, 1, 1], 'B': [1, 1, 1, 0, 1, 1, 1, 0, 1, 1], 'C': [1, 1, 1, 1, 0, 0, 1, 1, 0, 1], 'D': [1, 1, 1, 1, 1, 1, 0, 1, 1, 1], 'E': [1, 0, 1, 1, 1, 1, 1, 1, 1, 1], 'F': [0, 1, 1, 1, 0, 1, 1, 1, 1, 1], 'G': [0, 0, 1, 1, 0, 1, 1, 1, 1, 0], 'H': [0, 0, 0, 0, 0, 0, 0, 0, 0, 1], 'I': [0, 0, 0, 1, 0, 0, 0, 0, 0, 0]}}
623031	2024-07-13 01:13:51.751000+08:00	2024-07-13 01:13:51.751000+08:00	{'东门北侧': {'A': [1, 1, 1, 1, 1, 1, 1, 1, 1, 1], 'B': [1, 1, 1, 1, 1, 1, 1, 1, 1, 1], 'C': [0, 1, 1, 0, 1, 0, 1, 1, 1, 0], 'D': [1, 1, 1, 1, 1, 0, 0, 1, 0, 1], 'E': [1, 1, 1, 1, 1, 1, 1, 0, 1, 1], 'F': [0, 1, 1, 1, 1, 1, 1, 1, 1, 1], 'G': [0, 1, 1, 1, 1, 0, 1, 1, 0, 0], 'H': [1, 1, 1, 1, 0, 1, 1, 1, 0, 0], 'I': [0, 1, 0, 1, 1, 0, 1, 1, 1, 1], 'J': [1, 0, 1, 0, 1, 0, 1, 1, 1, 0], 'K': [0, 1, 1, 0, 0, 1, 1, 1, 0, 0]}, '东门南侧': {'A': [0, 0, 0, 1, 0, 0, 1, 0, 1, 0], 'B': [0, 0, 0, 0, 0, 0, 0, 0, 0, 0]}, '西门北侧': {'A': [1, 1, 1, 1, 1, 1, 1, 1, 1, 1], 'B': [0, 1, 0, 1, 1, 0, 1, 1, 0, 1], 'C': [1, 1, 0, 0, 1, 1, 1, 1, 1, 0]}, '西门南侧': {'A': [0, 1, 1, 1, 1, 0, 1, 0, 1, 1], 'B': [1, 1, 1, 1, 1, 1, 1, 1, 1, 1], 'C': [1, 1, 1, 1, 1, 1, 1, 1, 1, 1]}, '南门西侧': {'A': [1, 1, 0, 1, 1, 1, 1, 1, 1, 1], 'B': [1, 1, 1, 1, 0, 0, 1, 1, 0, 1]}, '南门东侧': {'A': [1, 0, 0, 1, 1, 1, 1, 1, 1, 1], 'B': [1, 1, 1, 1, 1, 1, 1, 1, 1, 1]}, '北门东北侧': {'A': [1, 1, 1, 1, 1, 1, 1, 1, 1, 1], 'B': [1, 0, 1, 1, 1, 1, 1, 1, 0, 1], 'C': [1, 1, 0, 1, 0, 1, 1, 1, 1, 0], 'D': [0, 0, 1, 1, 0, 0, 1, 0, 0, 1]}, '北门东南侧': {'A': [0, 1, 1, 1, 1, 0, 0, 1, 1, 1], 'B': [0, 1, 1, 0, 0, 1, 1, 0, 0, 0], 'C': [1, 1, 0, 1, 0, 0, 0, 0, 0, 0], 'D': [1, 1, 0, 0, 1, 1, 1, 1, 0, 1], 'E': [1, 1, 1, 1, 0, 0, 1, 0, 1, 1], 'F': [1, 1, 1, 1, 0, 1, 1, 1, 1, 1]}, '橘园北侧南': {'A': [0, 0, 0, 1, 0, 0, 0, 0, 0, 1], 'B': [0, 0, 0, 0, 0, 1, 1, 0, 1, 0], 'C': [0, 0, 1, 0, 0, 0, 0, 0, 0, 0], 'D': [0, 0, 0, 1, 0, 0, 0, 0, 0, 0], 'E': [0, 0, 0, 0, 0, 0, 0, 0, 0, 1], 'F': [0, 0, 0, 0, 0, 0, 0, 0, 0, 0], 'G': [0, 0, 0, 1, 0, 0, 0, 0, 1, 0], 'H': [0, 1, 1, 1, 1, 1, 1, 1, 1, 1], 'I': [0, 0, 0, 0, 1, 0, 0, 0, 0, 0], 'J': [0, 1, 0, 0, 0, 0, 0, 1, 0, 0]}, '校医院西': {'A': [1, 1, 1, 1, 1, 1, 1, 1, 1, 1], 'B': [1, 1, 1, 0, 1, 1, 1, 0, 1, 1], 'C': [1, 1, 1, 1, 0, 0, 1, 1, 0, 1], 'D': [1, 1, 1, 1, 1, 1, 0, 1, 1, 1], 'E': [1, 0, 1, 1, 1, 1, 1, 1, 1, 1], 'F': [0, 1, 1, 1, 0, 1, 1, 1, 1, 1], 'G': [0, 0, 1, 1, 0, 1, 1, 1, 1, 0], 'H': [0, 0, 0, 0, 0, 0, 0, 0, 0, 1], 'I': [0, 0, 0, 1, 0, 0, 0, 0, 0, 0]}}
623032	2024-07-13 01:14:47.389000+08:00	2024-07-13 01:14:47.389000+08:00	{'东门北侧': {'A': [1, 1, 1, 1, 1, 1, 1, 1, 1, 1], 'B': [1, 1, 1, 1, 1, 1, 1, 1, 1, 1], 'C': [0, 1, 1, 0, 1, 0, 1, 1, 1, 0], 'D': [1, 1, 1, 1, 1, 0, 0, 1, 0, 1], 'E': [1, 1, 1, 1, 1, 1, 1, 0, 1, 1], 'F': [0, 1, 1, 1, 1, 1, 1, 1, 1, 1], 'G': [0, 1, 1, 1, 1, 0, 1, 1, 0, 0], 'H': [1, 1, 1, 1, 0, 1, 1, 1, 0, 0], 'I': [0, 1, 0, 1, 1, 0, 1, 1, 1, 1], 'J': [1, 0, 1, 0, 1, 0, 1, 1, 1, 0], 'K': [0, 1, 1, 0, 0, 1, 1, 1, 0, 0]}, '东门南侧': {'A': [0, 0, 0, 1, 0, 0, 1, 0, 1, 0], 'B': [0, 0, 0, 0, 0, 0, 0, 0, 0, 0]}, '西门北侧': {'A': [1, 1, 1, 1, 1, 1, 1, 1, 1, 1], 'B': [0, 1, 0, 1, 1, 0, 1, 1, 0, 1], 'C': [1, 1, 0, 0, 1, 1, 1, 1, 1, 0]}, '西门南侧': {'A': [0, 1, 1, 1, 1, 0, 1, 0, 1, 1], 'B': [1, 1, 1, 1, 1, 1, 1, 1, 1, 1], 'C': [1, 1, 1, 1, 1, 1, 1, 1, 1, 1]}, '南门西侧': {'A': [1, 1, 0, 1, 1, 1, 1, 1, 1, 1], 'B': [1, 1, 1, 1, 0, 0, 1, 1, 0, 1]}, '南门东侧': {'A': [1, 0, 0, 1, 1, 1, 1, 1, 1, 1], 'B': [1, 1, 1, 1, 1, 1, 1, 1, 1, 1]}, '北门东北侧': {'A': [1, 1, 1, 1, 1, 1, 1, 1, 1, 1], 'B': [1, 0, 1, 1, 1, 1, 1, 1, 0, 1], 'C': [1, 1, 0, 1, 0, 1, 1, 1, 1, 0], 'D': [0, 0, 1, 1, 0, 0, 1, 0, 0, 1]}, '北门东南侧': {'A': [0, 1, 1, 1, 1, 0, 0, 1, 1, 1], 'B': [0, 1, 1, 0, 0, 1, 1, 0, 0, 0], 'C': [1, 1, 0, 1, 0, 0, 0, 0, 0, 0], 'D': [1, 1, 0, 0, 1, 1, 1, 1, 0, 1], 'E': [1, 1, 1, 1, 0, 0, 1, 0, 1, 1], 'F': [1, 1, 1, 1, 0, 1, 1, 1, 1, 1]}, '橘园北侧南': {'A': [0, 0, 0, 1, 0, 0, 0, 0, 0, 1], 'B': [0, 0, 0, 0, 0, 1, 1, 0, 1, 0], 'C': [0, 0, 1, 0, 0, 0, 0, 0, 0, 0], 'D': [0, 0, 0, 1, 0, 0, 0, 0, 0, 0], 'E': [0, 0, 0, 0, 0, 0, 0, 0, 0, 1], 'F': [0, 0, 0, 0, 0, 0, 0, 0, 0, 0], 'G': [0, 0, 0, 1, 0, 0, 0, 0, 1, 0], 'H': [0, 1, 1, 1, 1, 1, 1, 1, 1, 1], 'I': [0, 0, 0, 0, 1, 0, 0, 0, 0, 0], 'J': [0, 1, 0, 0, 0, 0, 0, 1, 0, 0]}, '校医院西': {'A': [1, 1, 1, 1, 1, 1, 1, 1, 1, 1], 'B': [1, 1, 1, 0, 1, 1, 1, 0, 1, 1], 'C': [1, 1, 1, 1, 0, 0, 1, 1, 0, 1], 'D': [1, 1, 1, 1, 1, 1, 0, 1, 1, 1], 'E': [1, 0, 1, 1, 1, 1, 1, 1, 1, 1], 'F': [0, 1, 1, 1, 0, 1, 1, 1, 1, 1], 'G': [0, 0, 1, 1, 0, 1, 1, 1, 1, 0], 'H': [0, 0, 0, 0, 0, 0, 0, 0, 0, 1], 'I': [0, 0, 0, 1, 0, 0, 0, 0, 0, 0]}}
623033	2024-07-13 01:15:51.264000+08:00	2024-07-13 01:15:51.264000+08:00	{'东门北侧': {'A': [1, 1, 1, 1, 1, 1, 1, 1, 1, 1], 'B': [1, 1, 1, 1, 1, 1, 1, 1, 1, 1], 'C': [0, 1, 1, 0, 1, 0, 1, 1, 1, 0], 'D': [1, 1, 1, 1, 1, 0, 0, 1, 0, 1], 'E': [1, 1, 1, 1, 1, 1, 1, 0, 1, 1], 'F': [0, 1, 1, 1, 1, 1, 1, 1, 1, 1], 'G': [0, 1, 1, 1, 1, 0, 1, 1, 0, 0], 'H': [1, 1, 1, 1, 0, 1, 1, 1, 0, 0], 'I': [0, 1, 0, 1, 1, 0, 1, 1, 1, 1], 'J': [1, 0, 1, 0, 1, 0, 1, 1, 1, 0], 'K': [0, 1, 1, 0, 0, 1, 1, 1, 0, 0]}, '东门南侧': {'A': [0, 0, 0, 1, 0, 0, 1, 0, 1, 0], 'B': [0, 0, 0, 0, 0, 0, 0, 0, 0, 0]}, '西门北侧': {'A': [1, 1, 1, 1, 1, 1, 1, 1, 1, 1], 'B': [0, 1, 0, 1, 1, 0, 1, 1, 0, 1], 'C': [1, 1, 0, 0, 1, 1, 1, 1, 1, 0]}, '西门南侧': {'A': [0, 1, 1, 1, 1, 0, 1, 0, 1, 1], 'B': [1, 1, 1, 1, 1, 1, 1, 1, 1, 1], 'C': [1, 1, 1, 1, 1, 1, 1, 1, 1, 1]}, '南门西侧': {'A': [1, 1, 0, 1, 1, 1, 1, 1, 1, 1], 'B': [1, 1, 1, 1, 0, 0, 1, 1, 0, 1]}, '南门东侧': {'A': [1, 0, 0, 1, 1, 1, 1, 1, 1, 1], 'B': [1, 1, 1, 1, 1, 1, 1, 1, 1, 1]}, '北门东北侧': {'A': [1, 1, 1, 1, 1, 1, 1, 1, 1, 1], 'B': [1, 0, 1, 1, 1, 1, 1, 1, 0, 1], 'C': [1, 1, 0, 1, 0, 1, 1, 1, 1, 0], 'D': [0, 0, 1, 1, 0, 0, 1, 0, 0, 1]}, '北门东南侧': {'A': [0, 1, 1, 1, 1, 0, 1, 1, 1, 1], 'B': [0, 1, 1, 0, 0, 1, 1, 0, 0, 0], 'C': [1, 1, 0, 1, 0, 0, 0, 0, 0, 0], 'D': [1, 1, 0, 0, 1, 1, 1, 1, 0, 1], 'E': [1, 1, 1, 1, 0, 0, 1, 0, 1, 1], 'F': [1, 1, 1, 1, 0, 1, 1, 1, 1, 1]}, '橘园北侧南': {'A': [0, 0, 0, 1, 0, 0, 0, 0, 0, 1], 'B': [0, 0, 0, 0, 0, 1, 1, 0, 1, 0], 'C': [0, 0, 1, 0, 0, 0, 0, 0, 0, 0], 'D': [0, 0, 0, 1, 0, 0, 0, 0, 0, 0], 'E': [0, 0, 0, 0, 0, 0, 0, 0, 0, 1], 'F': [0, 0, 0, 0, 0, 0, 0, 0, 0, 0], 'G': [0, 0, 0, 1, 0, 0, 0, 0, 1, 0], 'H': [0, 1, 1, 1, 1, 1, 1, 1, 1, 1], 'I': [0, 0, 0, 0, 1, 0, 0, 0, 0, 0], 'J': [0, 1, 0, 0, 0, 0, 0, 1, 0, 0]}, '校医院西': {'A': [1, 1, 1, 1, 1, 1, 1, 1, 1, 1], 'B': [1, 1, 1, 0, 1, 1, 1, 0, 1, 1], 'C': [1, 1, 1, 1, 0, 0, 1, 1, 0, 1], 'D': [1, 1, 1, 1, 1, 1, 0, 1, 1, 1], 'E': [1, 0, 1, 1, 1, 1, 1, 1, 1, 1], 'F': [0, 1, 1, 1, 0, 1, 1, 1, 1, 1], 'G': [0, 0, 1, 1, 0, 1, 1, 1, 1, 0], 'H': [0, 0, 0, 0, 0, 0, 0, 0, 0, 1], 'I': [0, 0, 0, 1, 0, 0, 0, 0, 0, 0]}}
623034	2024-07-13 01:16:50.396000+08:00	2024-07-13 01:16:50.396000+08:00	{'东门北侧': {'A': [1, 1, 1, 1, 1, 1, 1, 1, 1, 1], 'B': [1, 1, 1, 1, 1, 1, 1, 1, 1, 1], 'C': [0, 1, 1, 0, 1, 0, 1, 1, 1, 0], 'D': [1, 1, 1, 1, 1, 0, 0, 1, 0, 1], 'E': [1, 1, 1, 1, 1, 1, 1, 0, 1, 1], 'F': [0, 1, 1, 1, 1, 1, 1, 1, 1, 1], 'G': [0, 1, 1, 1, 1, 0, 1, 1, 0, 0], 'H': [1, 1, 1, 1, 0, 1, 1, 1, 0, 0], 'I': [0, 1, 0, 1, 1, 0, 1, 1, 1, 1], 'J': [1, 0, 1, 0, 1, 0, 1, 1, 1, 0], 'K': [0, 1, 1, 0, 0, 1, 1, 1, 0, 0]}, '东门南侧': {'A': [0, 0, 0, 1, 0, 0, 1, 0, 1, 0], 'B': [0, 0, 0, 0, 0, 0, 0, 0, 0, 0]}, '西门北侧': {'A': [1, 1, 1, 1, 1, 1, 1, 1, 1, 1], 'B': [0, 1, 0, 1, 1, 0, 1, 1, 0, 1], 'C': [1, 1, 0, 0, 1, 1, 1, 1, 1, 0]}, '西门南侧': {'A': [0, 1, 1, 1, 1, 0, 1, 0, 1, 1], 'B': [1, 1, 1, 1, 1, 1, 1, 1, 1, 1], 'C': [1, 1, 1, 1, 1, 1, 1, 1, 1, 1]}, '南门西侧': {'A': [1, 1, 0, 1, 1, 1, 1, 1, 1, 1], 'B': [1, 1, 1, 1, 0, 0, 1, 1, 0, 1]}, '南门东侧': {'A': [1, 0, 0, 1, 1, 1, 1, 1, 1, 1], 'B': [1, 1, 1, 1, 1, 1, 1, 1, 1, 1]}, '北门东北侧': {'A': [1, 1, 1, 1, 1, 1, 1, 1, 1, 1], 'B': [1, 0, 1, 1, 1, 1, 1, 1, 0, 1], 'C': [1, 1, 0, 1, 0, 1, 1, 1, 1, 0], 'D': [0, 0, 1, 1, 0, 0, 1, 0, 0, 1]}, '北门东南侧': {'A': [0, 1, 1, 1, 1, 0, 1, 1, 1, 1], 'B': [0, 1, 1, 0, 0, 1, 1, 0, 0, 0], 'C': [1, 1, 0, 1, 0, 0, 0, 0, 0, 0], 'D': [1, 1, 0, 0, 1, 1, 1, 1, 0, 1], 'E': [1, 1, 1, 1, 0, 0, 1, 0, 1, 1], 'F': [1, 1, 1, 1, 0, 1, 1, 1, 1, 1]}, '橘园北侧南': {'A': [0, 0, 0, 1, 0, 0, 0, 0, 0, 1], 'B': [0, 0, 0, 0, 0, 1, 1, 0, 1, 0], 'C': [0, 0, 1, 0, 0, 0, 0, 0, 1, 0], 'D': [0, 0, 0, 1, 0, 0, 0, 0, 0, 0], 'E': [0, 0, 0, 0, 0, 0, 0, 0, 0, 1], 'F': [0, 0, 0, 0, 0, 0, 0, 0, 0, 0], 'G': [0, 0, 0, 1, 0, 1, 0, 0, 1, 0], 'H': [0, 1, 1, 1, 1, 1, 1, 1, 1, 1], 'I': [0, 0, 0, 0, 1, 0, 0, 0, 0, 0], 'J': [0, 1, 0, 0, 0, 0, 0, 1, 0, 0]}, '校医院西': {'A': [1, 1, 1, 1, 1, 1, 1, 1, 1, 1], 'B': [1, 1, 1, 0, 1, 1, 1, 0, 1, 1], 'C': [1, 1, 1, 1, 0, 0, 1, 1, 0, 1], 'D': [1, 1, 1, 1, 1, 1, 0, 1, 1, 1], 'E': [1, 0, 1, 1, 1, 1, 1, 1, 1, 1], 'F': [0, 1, 1, 1, 0, 1, 1, 1, 1, 1], 'G': [0, 0, 1, 1, 0, 1, 1, 1, 1, 0], 'H': [0, 0, 0, 0, 0, 0, 0, 0, 0, 1], 'I': [0, 0, 0, 1, 0, 0, 0, 0, 0, 0]}}
623035	2024-07-13 01:17:54.085000+08:00	2024-07-13 01:17:54.085000+08:00	{'东门北侧': {'A': [1, 1, 1, 1, 1, 1, 1, 1, 1, 1], 'B': [1, 1, 1, 1, 1, 1, 1, 1, 1, 1], 'C': [0, 1, 1, 0, 1, 0, 1, 1, 1, 0], 'D': [1, 1, 1, 1, 1, 0, 0, 1, 0, 1], 'E': [1, 1, 1, 1, 1, 1, 1, 0, 1, 1], 'F': [0, 1, 1, 1, 1, 1, 1, 1, 1, 1], 'G': [0, 1, 1, 1, 1, 0, 1, 1, 0, 0], 'H': [1, 1, 1, 1, 0, 1, 1, 1, 0, 0], 'I': [0, 1, 0, 1, 1, 0, 1, 1, 1, 1], 'J': [1, 0, 1, 0, 1, 0, 1, 1, 1, 0], 'K': [0, 1, 1, 0, 0, 1, 1, 1, 0, 0]}, '东门南侧': {'A': [0, 0, 0, 1, 0, 0, 1, 0, 1, 0], 'B': [0, 0, 0, 0, 0, 0, 0, 0, 0, 0]}, '西门北侧': {'A': [1, 1, 1, 1, 1, 1, 1, 1, 1, 1], 'B': [0, 1, 0, 1, 1, 0, 1, 1, 0, 1], 'C': [1, 1, 0, 0, 1, 1, 1, 1, 1, 0]}, '西门南侧': {'A': [0, 1, 1, 1, 1, 0, 1, 0, 1, 1], 'B': [1, 1, 1, 1, 1, 1, 1, 1, 1, 1], 'C': [1, 1, 1, 1, 1, 1, 1, 1, 1, 1]}, '南门西侧': {'A': [1, 1, 0, 1, 1, 1, 1, 1, 1, 1], 'B': [1, 1, 1, 1, 0, 0, 1, 1, 0, 1]}, '南门东侧': {'A': [1, 0, 0, 1, 1, 1, 1, 1, 1, 1], 'B': [1, 1, 1, 1, 1, 1, 1, 1, 1, 1]}, '北门东北侧': {'A': [1, 1, 1, 1, 1, 1, 1, 1, 1, 1], 'B': [1, 0, 1, 1, 1, 1, 1, 1, 0, 1], 'C': [1, 1, 0, 1, 0, 1, 1, 1, 1, 0], 'D': [0, 0, 1, 1, 0, 0, 1, 0, 0, 1]}, '北门东南侧': {'A': [0, 1, 1, 1, 1, 0, 1, 1, 1, 1], 'B': [0, 1, 1, 0, 0, 1, 1, 0, 0, 0], 'C': [1, 1, 0, 1, 0, 0, 0, 0, 0, 0], 'D': [1, 1, 0, 0, 1, 1, 1, 1, 0, 1], 'E': [1, 1, 1, 1, 0, 0, 1, 0, 1, 1], 'F': [1, 1, 1, 1, 0, 1, 1, 1, 1, 1]}, '橘园北侧南': {'A': [0, 0, 0, 1, 0, 0, 0, 0, 0, 1], 'B': [0, 0, 0, 0, 0, 1, 1, 0, 1, 0], 'C': [0, 0, 1, 0, 0, 0, 0, 0, 1, 0], 'D': [0, 0, 0, 1, 0, 0, 0, 0, 0, 0], 'E': [0, 0, 0, 0, 0, 0, 0, 0, 0, 1], 'F': [0, 0, 0, 0, 0, 0, 0, 0, 0, 0], 'G': [0, 0, 0, 1, 0, 1, 0, 0, 1, 0], 'H': [0, 1, 1, 1, 1, 1, 1, 1, 1, 1], 'I': [0, 0, 0, 0, 1, 0, 0, 0, 0, 0], 'J': [0, 1, 0, 0, 0, 0, 0, 1, 0, 0]}, '校医院西': {'A': [1, 1, 1, 1, 1, 1, 1, 1, 1, 1], 'B': [1, 1, 1, 0, 1, 1, 1, 0, 1, 1], 'C': [1, 1, 1, 1, 0, 0, 1, 1, 0, 1], 'D': [1, 1, 1, 1, 1, 1, 0, 1, 1, 1], 'E': [1, 0, 1, 1, 1, 1, 1, 1, 1, 1], 'F': [0, 1, 1, 1, 0, 1, 1, 1, 1, 1], 'G': [0, 0, 1, 1, 0, 1, 1, 1, 1, 0], 'H': [0, 0, 0, 0, 0, 0, 0, 0, 0, 1], 'I': [0, 0, 0, 1, 0, 0, 0, 0, 0, 0]}}
623036	2024-07-13 01:18:50.288000+08:00	2024-07-13 01:18:50.288000+08:00	{'东门北侧': {'A': [1, 1, 1, 1, 1, 1, 1, 1, 1, 1], 'B': [1, 1, 1, 1, 1, 1, 1, 1, 1, 1], 'C': [0, 1, 1, 1, 1, 0, 1, 1, 1, 0], 'D': [1, 1, 1, 1, 1, 0, 0, 1, 0, 1], 'E': [1, 1, 1, 1, 1, 1, 1, 0, 1, 1], 'F': [0, 1, 1, 1, 1, 1, 1, 1, 1, 1], 'G': [0, 1, 1, 1, 1, 0, 1, 1, 0, 0], 'H': [1, 1, 1, 1, 0, 1, 1, 1, 0, 0], 'I': [0, 1, 0, 1, 1, 0, 1, 1, 1, 1], 'J': [1, 0, 1, 0, 1, 0, 1, 1, 1, 0], 'K': [0, 1, 1, 0, 0, 1, 1, 1, 0, 0]}, '东门南侧': {'A': [0, 0, 0, 1, 0, 0, 1, 0, 1, 0], 'B': [0, 0, 0, 0, 0, 0, 0, 0, 0, 0]}, '西门北侧': {'A': [1, 1, 1, 1, 1, 1, 1, 1, 1, 1], 'B': [0, 1, 0, 1, 1, 0, 1, 1, 0, 1], 'C': [1, 1, 0, 0, 1, 1, 1, 1, 1, 0]}, '西门南侧': {'A': [0, 1, 1, 1, 1, 0, 1, 0, 1, 1], 'B': [1, 1, 1, 1, 1, 1, 1, 1, 1, 1], 'C': [1, 1, 1, 1, 1, 1, 1, 1, 1, 1]}, '南门西侧': {'A': [1, 1, 0, 1, 1, 1, 1, 1, 1, 1], 'B': [1, 1, 1, 1, 0, 0, 1, 1, 0, 1]}, '南门东侧': {'A': [1, 0, 0, 1, 1, 1, 1, 1, 1, 1], 'B': [1, 1, 1, 1, 1, 1, 1, 1, 1, 1]}, '北门东北侧': {'A': [1, 1, 1, 1, 1, 1, 1, 1, 1, 1], 'B': [1, 0, 1, 1, 1, 1, 1, 1, 0, 1], 'C': [1, 1, 0, 1, 0, 1, 1, 1, 1, 0], 'D': [0, 0, 1, 1, 0, 0, 1, 0, 0, 1]}, '北门东南侧': {'A': [0, 1, 1, 1, 1, 0, 1, 1, 1, 1], 'B': [0, 1, 1, 0, 0, 1, 1, 0, 0, 0], 'C': [1, 1, 0, 1, 0, 0, 0, 0, 0, 0], 'D': [1, 1, 0, 0, 1, 1, 1, 1, 0, 1], 'E': [1, 1, 1, 1, 0, 0, 1, 0, 1, 1], 'F': [1, 1, 1, 1, 0, 1, 1, 1, 1, 1]}, '橘园北侧南': {'A': [0, 0, 0, 1, 0, 0, 0, 0, 0, 1], 'B': [0, 0, 0, 0, 0, 1, 1, 0, 1, 0], 'C': [0, 0, 1, 0, 0, 0, 0, 0, 1, 0], 'D': [0, 0, 0, 1, 0, 0, 0, 0, 0, 0], 'E': [0, 0, 0, 0, 0, 0, 0, 0, 0, 1], 'F': [0, 0, 0, 0, 0, 0, 0, 0, 0, 0], 'G': [0, 0, 0, 1, 0, 1, 0, 0, 1, 0], 'H': [0, 1, 1, 1, 1, 1, 1, 1, 1, 1], 'I': [0, 0, 0, 0, 1, 0, 0, 0, 0, 0], 'J': [0, 1, 0, 0, 0, 0, 0, 1, 0, 0]}, '校医院西': {'A': [1, 1, 1, 1, 1, 1, 1, 1, 1, 1], 'B': [1, 1, 1, 0, 1, 1, 1, 0, 1, 1], 'C': [1, 1, 1, 1, 0, 0, 1, 1, 0, 1], 'D': [1, 1, 1, 1, 1, 1, 0, 1, 1, 1], 'E': [1, 0, 1, 1, 1, 1, 1, 1, 1, 1], 'F': [0, 1, 1, 1, 0, 1, 1, 1, 1, 1], 'G': [0, 0, 1, 1, 0, 1, 1, 1, 1, 0], 'H': [0, 0, 0, 0, 0, 0, 0, 0, 0, 1], 'I': [0, 0, 0, 1, 0, 0, 0, 0, 0, 0]}}
623037	2024-07-13 01:19:53.408000+08:00	2024-07-13 01:19:53.408000+08:00	{'东门北侧': {'A': [1, 1, 1, 1, 1, 1, 1, 1, 1, 1], 'B': [1, 1, 1, 1, 1, 1, 1, 1, 1, 1], 'C': [0, 1, 1, 1, 1, 0, 1, 1, 1, 0], 'D': [1, 1, 1, 1, 1, 0, 0, 1, 0, 1], 'E': [1, 1, 1, 1, 1, 1, 1, 0, 1, 1], 'F': [0, 1, 1, 1, 1, 1, 1, 1, 1, 1], 'G': [0, 1, 1, 1, 1, 0, 1, 1, 0, 0], 'H': [1, 1, 1, 1, 0, 1, 1, 1, 0, 0], 'I': [0, 1, 0, 1, 1, 0, 1, 1, 1, 1], 'J': [1, 0, 1, 0, 1, 0, 1, 1, 1, 0], 'K': [0, 1, 1, 0, 0, 1, 1, 1, 0, 0]}, '东门南侧': {'A': [0, 0, 0, 1, 0, 0, 1, 0, 1, 0], 'B': [0, 0, 0, 0, 0, 0, 0, 0, 0, 0]}, '西门北侧': {'A': [1, 1, 1, 1, 1, 1, 1, 1, 1, 1], 'B': [0, 1, 0, 1, 1, 0, 1, 1, 0, 1], 'C': [1, 1, 0, 0, 1, 1, 1, 1, 1, 0]}, '西门南侧': {'A': [0, 1, 1, 1, 1, 0, 1, 0, 1, 1], 'B': [1, 1, 1, 1, 1, 1, 1, 1, 1, 1], 'C': [1, 1, 1, 1, 1, 1, 1, 1, 1, 1]}, '南门西侧': {'A': [1, 1, 0, 1, 1, 1, 1, 1, 1, 1], 'B': [1, 1, 1, 1, 0, 0, 1, 1, 0, 1]}, '南门东侧': {'A': [1, 0, 0, 1, 1, 1, 1, 1, 1, 1], 'B': [1, 1, 1, 1, 1, 1, 1, 1, 1, 1]}, '北门东北侧': {'A': [1, 1, 1, 1, 1, 1, 1, 1, 1, 1], 'B': [1, 0, 1, 1, 1, 1, 1, 1, 0, 1], 'C': [1, 1, 0, 1, 0, 1, 1, 1, 1, 0], 'D': [0, 0, 1, 1, 0, 0, 1, 0, 0, 1]}, '北门东南侧': {'A': [0, 1, 1, 1, 1, 0, 1, 1, 1, 1], 'B': [0, 1, 1, 0, 0, 1, 1, 0, 0, 0], 'C': [1, 1, 0, 1, 0, 0, 0, 0, 0, 0], 'D': [1, 1, 0, 0, 1, 1, 1, 1, 0, 1], 'E': [1, 1, 1, 1, 0, 0, 1, 0, 1, 1], 'F': [1, 1, 1, 1, 0, 1, 1, 1, 1, 1]}, '橘园北侧南': {'A': [0, 0, 0, 1, 0, 0, 0, 0, 0, 1], 'B': [0, 0, 0, 0, 0, 1, 1, 0, 1, 0], 'C': [0, 0, 1, 0, 0, 0, 0, 0, 1, 0], 'D': [0, 0, 0, 1, 0, 0, 0, 0, 0, 0], 'E': [0, 0, 0, 0, 0, 0, 0, 0, 0, 1], 'F': [0, 0, 0, 0, 0, 0, 0, 0, 0, 0], 'G': [0, 0, 0, 1, 0, 1, 0, 0, 1, 0], 'H': [0, 1, 1, 1, 1, 1, 1, 1, 1, 1], 'I': [0, 0, 0, 0, 1, 0, 0, 0, 0, 0], 'J': [0, 1, 0, 0, 0, 0, 0, 1, 0, 0]}, '校医院西': {'A': [1, 1, 1, 1, 1, 1, 1, 1, 1, 1], 'B': [1, 1, 1, 0, 1, 1, 1, 0, 1, 1], 'C': [1, 1, 1, 1, 0, 0, 1, 1, 0, 1], 'D': [1, 1, 1, 1, 1, 1, 0, 1, 1, 1], 'E': [1, 0, 1, 1, 1, 1, 1, 1, 1, 1], 'F': [0, 1, 1, 1, 0, 1, 1, 1, 1, 1], 'G': [0, 0, 1, 1, 0, 1, 1, 1, 1, 0], 'H': [0, 0, 0, 0, 0, 0, 0, 0, 0, 1], 'I': [0, 0, 0, 1, 0, 0, 0, 0, 0, 0]}}
623038	2024-07-13 01:21:13.141000+08:00	2024-07-13 01:21:13.141000+08:00	{'东门北侧': {'A': [1, 1, 1, 1, 1, 1, 1, 1, 1, 1], 'B': [1, 1, 1, 1, 1, 1, 1, 1, 1, 1], 'C': [0, 1, 1, 1, 1, 1, 1, 1, 1, 0], 'D': [1, 1, 1, 1, 1, 0, 0, 1, 0, 1], 'E': [1, 1, 1, 1, 1, 1, 1, 0, 1, 1], 'F': [0, 1, 1, 1, 1, 1, 1, 1, 1, 1], 'G': [0, 1, 1, 1, 1, 0, 1, 1, 0, 0], 'H': [1, 1, 1, 1, 0, 1, 1, 1, 0, 0], 'I': [0, 1, 0, 1, 1, 0, 1, 1, 1, 1], 'J': [1, 0, 1, 0, 1, 0, 1, 1, 1, 0], 'K': [0, 1, 1, 0, 0, 1, 1, 1, 0, 0]}, '东门南侧': {'A': [0, 0, 0, 1, 0, 0, 1, 0, 1, 0], 'B': [0, 0, 0, 0, 0, 0, 0, 0, 0, 0]}, '西门北侧': {'A': [1, 1, 1, 1, 1, 1, 1, 1, 1, 1], 'B': [0, 1, 0, 1, 1, 0, 1, 1, 0, 1], 'C': [1, 1, 0, 0, 1, 1, 1, 1, 1, 0]}, '西门南侧': {'A': [0, 1, 1, 1, 1, 0, 1, 0, 1, 1], 'B': [1, 1, 1, 1, 1, 1, 1, 1, 1, 1], 'C': [1, 1, 1, 1, 1, 1, 1, 1, 1, 1]}, '南门西侧': {'A': [1, 1, 0, 1, 1, 1, 1, 1, 1, 1], 'B': [1, 1, 1, 1, 0, 0, 1, 1, 0, 1]}, '南门东侧': {'A': [1, 0, 0, 1, 1, 1, 1, 1, 1, 1], 'B': [1, 1, 1, 1, 1, 1, 1, 1, 1, 1]}, '北门东北侧': {'A': [1, 1, 1, 1, 1, 1, 1, 1, 1, 1], 'B': [1, 0, 1, 1, 1, 1, 1, 1, 0, 1], 'C': [1, 1, 0, 1, 0, 1, 1, 1, 1, 0], 'D': [0, 0, 1, 1, 0, 0, 1, 0, 0, 1]}, '北门东南侧': {'A': [0, 1, 1, 1, 1, 0, 1, 1, 1, 1], 'B': [0, 1, 1, 0, 0, 1, 1, 0, 0, 0], 'C': [1, 1, 0, 1, 0, 0, 0, 0, 0, 0], 'D': [1, 1, 0, 0, 1, 1, 1, 1, 0, 1], 'E': [1, 1, 1, 1, 0, 0, 1, 0, 1, 1], 'F': [1, 1, 1, 1, 0, 1, 1, 1, 1, 1]}, '橘园北侧南': {'A': [0, 0, 0, 1, 0, 0, 0, 0, 0, 1], 'B': [0, 0, 0, 0, 0, 1, 1, 0, 1, 0], 'C': [0, 0, 1, 0, 0, 0, 0, 0, 1, 0], 'D': [0, 0, 0, 1, 0, 0, 0, 0, 0, 0], 'E': [0, 0, 0, 0, 0, 0, 0, 0, 0, 1], 'F': [0, 0, 0, 0, 0, 0, 0, 0, 0, 0], 'G': [0, 0, 0, 1, 0, 1, 0, 0, 1, 0], 'H': [0, 1, 1, 1, 1, 1, 1, 1, 1, 1], 'I': [0, 0, 0, 0, 1, 0, 0, 0, 0, 0], 'J': [0, 1, 0, 0, 0, 0, 0, 1, 0, 0]}, '校医院西': {'A': [1, 1, 1, 1, 1, 1, 1, 1, 1, 1], 'B': [1, 1, 1, 0, 1, 1, 1, 0, 1, 1], 'C': [1, 1, 1, 1, 0, 0, 1, 1, 0, 1], 'D': [1, 1, 1, 1, 1, 1, 0, 1, 1, 1], 'E': [1, 0, 1, 1, 1, 1, 1, 1, 1, 1], 'F': [0, 1, 1, 1, 0, 1, 1, 1, 1, 1], 'G': [0, 0, 1, 1, 0, 1, 1, 1, 1, 0], 'H': [0, 0, 0, 0, 0, 0, 0, 0, 0, 1], 'I': [0, 0, 0, 1, 0, 0, 0, 0, 0, 0]}}
623039	2024-07-13 01:21:52.121000+08:00	2024-07-13 01:21:52.121000+08:00	{'东门北侧': {'A': [1, 1, 1, 1, 1, 1, 1, 1, 1, 1], 'B': [1, 1, 1, 1, 1, 1, 1, 1, 1, 1], 'C': [0, 1, 1, 1, 1, 1, 1, 1, 1, 0], 'D': [1, 1, 1, 1, 1, 0, 0, 1, 0, 1], 'E': [1, 1, 1, 1, 1, 1, 1, 0, 1, 1], 'F': [0, 1, 1, 1, 1, 1, 1, 1, 1, 1], 'G': [0, 1, 1, 1, 1, 0, 1, 1, 0, 0], 'H': [1, 1, 1, 1, 0, 1, 1, 1, 0, 0], 'I': [0, 1, 0, 1, 1, 0, 1, 1, 1, 1], 'J': [1, 0, 1, 0, 1, 0, 1, 1, 1, 0], 'K': [0, 1, 1, 0, 0, 1, 1, 1, 0, 0]}, '东门南侧': {'A': [0, 0, 0, 1, 0, 0, 1, 0, 1, 0], 'B': [0, 0, 0, 0, 0, 0, 0, 0, 0, 0]}, '西门北侧': {'A': [1, 1, 1, 1, 1, 1, 1, 1, 1, 1], 'B': [0, 1, 0, 1, 1, 0, 1, 1, 0, 1], 'C': [1, 1, 0, 0, 1, 1, 1, 1, 1, 0]}, '西门南侧': {'A': [0, 1, 1, 1, 1, 0, 1, 0, 1, 1], 'B': [1, 1, 1, 1, 1, 1, 1, 1, 1, 1], 'C': [1, 1, 1, 1, 1, 1, 1, 1, 1, 1]}, '南门西侧': {'A': [1, 1, 0, 1, 1, 1, 1, 1, 1, 1], 'B': [1, 1, 1, 1, 0, 0, 1, 1, 0, 1]}, '南门东侧': {'A': [1, 0, 0, 1, 1, 1, 1, 1, 1, 1], 'B': [1, 1, 1, 1, 1, 1, 1, 1, 1, 1]}, '北门东北侧': {'A': [1, 1, 1, 1, 1, 1, 1, 1, 1, 1], 'B': [1, 0, 1, 1, 1, 1, 1, 1, 0, 1], 'C': [1, 1, 0, 1, 0, 1, 1, 1, 1, 0], 'D': [0, 0, 1, 1, 0, 0, 1, 0, 0, 1]}, '北门东南侧': {'A': [0, 1, 1, 1, 1, 0, 1, 1, 1, 1], 'B': [0, 1, 1, 0, 0, 1, 1, 0, 0, 0], 'C': [1, 1, 0, 1, 0, 0, 0, 0, 0, 0], 'D': [1, 1, 0, 0, 1, 1, 1, 1, 0, 1], 'E': [1, 1, 1, 1, 0, 0, 1, 0, 1, 1], 'F': [1, 1, 1, 1, 0, 1, 1, 1, 1, 1]}, '橘园北侧南': {'A': [0, 0, 0, 1, 0, 0, 0, 0, 0, 1], 'B': [0, 0, 0, 0, 0, 1, 1, 0, 1, 0], 'C': [0, 0, 1, 0, 0, 0, 0, 0, 1, 0], 'D': [0, 0, 0, 1, 0, 0, 0, 0, 0, 0], 'E': [0, 0, 0, 0, 0, 0, 0, 0, 0, 1], 'F': [0, 0, 0, 0, 0, 0, 0, 0, 0, 0], 'G': [0, 0, 0, 1, 0, 1, 0, 0, 1, 0], 'H': [0, 1, 1, 1, 1, 1, 1, 1, 1, 1], 'I': [0, 0, 0, 0, 1, 0, 0, 0, 0, 0], 'J': [0, 1, 0, 0, 0, 0, 0, 1, 0, 0]}, '校医院西': {'A': [1, 1, 1, 1, 1, 1, 1, 1, 1, 1], 'B': [1, 1, 1, 0, 1, 1, 1, 0, 1, 1], 'C': [1, 1, 1, 1, 0, 0, 1, 1, 0, 1], 'D': [1, 1, 1, 1, 1, 1, 0, 1, 1, 1], 'E': [1, 0, 1, 1, 1, 1, 1, 1, 1, 1], 'F': [0, 1, 1, 1, 0, 1, 1, 1, 1, 1], 'G': [0, 0, 1, 1, 0, 1, 1, 1, 1, 0], 'H': [0, 0, 0, 0, 0, 0, 0, 0, 0, 1], 'I': [0, 0, 0, 1, 0, 0, 0, 0, 0, 0]}}
623040	2024-07-13 01:22:48.949000+08:00	2024-07-13 01:22:48.949000+08:00	{'东门北侧': {'A': [1, 1, 1, 1, 1, 1, 1, 1, 1, 1], 'B': [1, 1, 1, 1, 1, 1, 1, 1, 1, 1], 'C': [0, 1, 1, 1, 1, 1, 1, 1, 1, 0], 'D': [1, 1, 1, 1, 1, 0, 0, 1, 0, 1], 'E': [1, 1, 1, 1, 1, 1, 1, 0, 1, 1], 'F': [0, 1, 1, 1, 1, 1, 1, 1, 1, 1], 'G': [0, 1, 1, 1, 1, 0, 1, 1, 0, 0], 'H': [1, 1, 1, 1, 0, 1, 1, 1, 0, 0], 'I': [0, 1, 0, 1, 1, 0, 1, 1, 1, 1], 'J': [1, 0, 1, 0, 1, 0, 1, 1, 1, 0], 'K': [0, 1, 1, 0, 0, 1, 1, 1, 0, 0]}, '东门南侧': {'A': [0, 0, 0, 1, 0, 0, 1, 0, 1, 0], 'B': [0, 0, 0, 0, 0, 0, 0, 0, 0, 0]}, '西门北侧': {'A': [1, 1, 1, 1, 1, 1, 1, 1, 1, 1], 'B': [0, 1, 0, 1, 1, 0, 1, 1, 0, 1], 'C': [1, 1, 0, 0, 1, 1, 1, 1, 1, 0]}, '西门南侧': {'A': [0, 1, 1, 1, 1, 0, 1, 0, 1, 1], 'B': [1, 1, 1, 1, 1, 1, 1, 1, 1, 1], 'C': [1, 1, 1, 1, 1, 1, 1, 1, 1, 1]}, '南门西侧': {'A': [1, 1, 0, 1, 1, 1, 1, 1, 1, 1], 'B': [1, 1, 1, 1, 0, 0, 1, 1, 0, 1]}, '南门东侧': {'A': [1, 0, 0, 1, 1, 1, 1, 1, 1, 1], 'B': [1, 1, 1, 1, 1, 1, 1, 1, 1, 1]}, '北门东北侧': {'A': [1, 1, 1, 1, 1, 1, 1, 1, 1, 1], 'B': [1, 0, 1, 1, 1, 1, 1, 1, 0, 1], 'C': [1, 1, 0, 1, 0, 1, 1, 1, 1, 0], 'D': [0, 0, 1, 1, 0, 0, 1, 0, 0, 1]}, '北门东南侧': {'A': [0, 1, 1, 1, 1, 0, 1, 1, 1, 1], 'B': [0, 1, 1, 0, 0, 1, 1, 0, 0, 0], 'C': [1, 1, 0, 1, 0, 0, 0, 0, 0, 0], 'D': [1, 1, 0, 0, 1, 1, 1, 1, 0, 1], 'E': [1, 1, 1, 1, 0, 0, 1, 0, 1, 1], 'F': [1, 1, 1, 1, 0, 1, 1, 1, 1, 1]}, '橘园北侧南': {'A': [0, 0, 0, 1, 0, 0, 0, 0, 0, 1], 'B': [0, 0, 0, 0, 0, 1, 1, 0, 1, 0], 'C': [0, 0, 1, 0, 0, 0, 0, 0, 1, 0], 'D': [0, 0, 0, 1, 0, 0, 0, 0, 0, 0], 'E': [0, 0, 0, 0, 0, 0, 0, 0, 0, 1], 'F': [0, 0, 0, 0, 0, 0, 0, 0, 0, 0], 'G': [0, 0, 0, 1, 0, 1, 0, 0, 1, 0], 'H': [0, 1, 1, 1, 1, 1, 1, 1, 1, 1], 'I': [0, 0, 0, 0, 1, 0, 0, 0, 0, 0], 'J': [0, 1, 0, 0, 0, 0, 0, 1, 0, 0]}, '校医院西': {'A': [1, 1, 1, 1, 1, 1, 1, 1, 1, 1], 'B': [1, 1, 1, 0, 1, 1, 1, 0, 1, 1], 'C': [1, 1, 1, 1, 0, 0, 1, 1, 0, 1], 'D': [1, 1, 1, 1, 1, 1, 0, 1, 1, 1], 'E': [1, 0, 1, 1, 1, 1, 1, 1, 1, 1], 'F': [0, 1, 1, 1, 0, 1, 1, 1, 1, 1], 'G': [0, 0, 1, 1, 0, 1, 1, 1, 1, 0], 'H': [0, 0, 0, 0, 0, 0, 0, 0, 0, 1], 'I': [0, 0, 0, 1, 0, 0, 0, 0, 0, 0]}}
623041	2024-07-13 01:23:51.052000+08:00	2024-07-13 01:23:51.052000+08:00	{'东门北侧': {'A': [1, 1, 1, 1, 1, 1, 1, 1, 1, 1], 'B': [1, 1, 1, 1, 1, 1, 1, 1, 1, 1], 'C': [0, 1, 1, 1, 1, 1, 1, 1, 1, 0], 'D': [1, 1, 1, 1, 1, 0, 0, 1, 0, 1], 'E': [1, 1, 1, 1, 1, 1, 1, 0, 1, 1], 'F': [0, 1, 1, 1, 1, 1, 1, 1, 1, 1], 'G': [0, 1, 1, 1, 1, 0, 1, 1, 0, 0], 'H': [1, 1, 1, 1, 0, 1, 1, 1, 0, 0], 'I': [0, 1, 0, 1, 1, 0, 1, 1, 1, 1], 'J': [1, 0, 1, 0, 1, 0, 1, 1, 1, 0], 'K': [0, 1, 1, 0, 0, 1, 1, 1, 0, 0]}, '东门南侧': {'A': [0, 0, 0, 1, 0, 0, 1, 0, 1, 0], 'B': [0, 0, 0, 0, 0, 0, 0, 0, 0, 0]}, '西门北侧': {'A': [1, 1, 1, 1, 1, 1, 1, 1, 1, 1], 'B': [0, 1, 0, 1, 1, 0, 1, 1, 0, 1], 'C': [1, 1, 0, 0, 1, 1, 1, 1, 1, 0]}, '西门南侧': {'A': [0, 1, 1, 1, 1, 0, 1, 0, 1, 1], 'B': [1, 1, 1, 1, 1, 1, 1, 1, 1, 1], 'C': [1, 1, 1, 1, 1, 1, 1, 1, 1, 1]}, '南门西侧': {'A': [1, 1, 0, 1, 1, 1, 1, 1, 1, 1], 'B': [1, 1, 1, 1, 0, 0, 1, 1, 0, 1]}, '南门东侧': {'A': [1, 0, 0, 1, 1, 1, 1, 1, 1, 1], 'B': [1, 1, 1, 1, 1, 1, 1, 1, 1, 1]}, '北门东北侧': {'A': [1, 1, 1, 1, 1, 1, 1, 1, 1, 1], 'B': [1, 0, 1, 1, 1, 1, 1, 1, 0, 1], 'C': [1, 1, 0, 1, 0, 1, 1, 1, 1, 0], 'D': [0, 0, 1, 1, 0, 0, 1, 0, 0, 1]}, '北门东南侧': {'A': [0, 1, 1, 1, 1, 0, 1, 1, 1, 1], 'B': [0, 1, 1, 0, 0, 1, 1, 1, 0, 0], 'C': [1, 1, 0, 1, 0, 0, 0, 0, 0, 0], 'D': [1, 1, 0, 0, 1, 1, 1, 1, 0, 1], 'E': [1, 1, 1, 1, 0, 0, 1, 0, 1, 1], 'F': [1, 1, 1, 1, 0, 1, 1, 1, 1, 1]}, '橘园北侧南': {'A': [0, 0, 0, 1, 0, 0, 0, 0, 0, 1], 'B': [0, 0, 0, 0, 0, 1, 1, 0, 1, 0], 'C': [0, 0, 1, 0, 0, 0, 0, 0, 1, 0], 'D': [0, 0, 0, 1, 0, 0, 0, 0, 0, 0], 'E': [0, 0, 0, 0, 0, 0, 0, 0, 0, 1], 'F': [0, 0, 0, 0, 0, 0, 0, 0, 0, 0], 'G': [0, 0, 0, 1, 0, 1, 0, 0, 1, 0], 'H': [0, 1, 1, 1, 1, 1, 1, 1, 1, 1], 'I': [0, 0, 0, 0, 1, 0, 0, 0, 0, 0], 'J': [0, 1, 0, 0, 0, 0, 0, 1, 0, 0]}, '校医院西': {'A': [1, 1, 1, 1, 1, 1, 1, 1, 1, 1], 'B': [1, 1, 1, 0, 1, 1, 1, 0, 1, 1], 'C': [1, 1, 1, 1, 0, 0, 1, 1, 0, 1], 'D': [1, 1, 1, 1, 1, 1, 0, 1, 1, 1], 'E': [1, 0, 1, 1, 1, 1, 1, 1, 1, 1], 'F': [0, 1, 1, 1, 0, 1, 1, 1, 1, 1], 'G': [0, 0, 1, 1, 0, 1, 1, 1, 1, 0], 'H': [0, 0, 0, 0, 0, 0, 0, 0, 0, 1], 'I': [0, 0, 0, 1, 0, 0, 0, 0, 0, 0]}}
623042	2024-07-13 01:24:51.652000+08:00	2024-07-13 01:24:51.652000+08:00	{'东门北侧': {'A': [1, 1, 1, 1, 1, 1, 1, 1, 1, 1], 'B': [1, 1, 1, 1, 1, 1, 1, 1, 1, 1], 'C': [0, 1, 1, 1, 1, 1, 1, 1, 1, 0], 'D': [1, 1, 1, 1, 1, 0, 0, 1, 0, 1], 'E': [1, 1, 1, 1, 1, 1, 1, 0, 1, 1], 'F': [0, 1, 1, 1, 1, 1, 1, 1, 1, 1], 'G': [0, 1, 1, 1, 1, 0, 1, 1, 0, 0], 'H': [1, 1, 1, 1, 0, 1, 1, 1, 0, 0], 'I': [0, 1, 0, 1, 1, 0, 1, 1, 1, 1], 'J': [1, 0, 1, 0, 1, 0, 1, 1, 1, 0], 'K': [0, 1, 1, 0, 0, 1, 1, 1, 0, 0]}, '东门南侧': {'A': [0, 0, 0, 1, 0, 0, 1, 0, 1, 0], 'B': [0, 0, 0, 0, 0, 0, 0, 0, 0, 0]}, '西门北侧': {'A': [1, 1, 1, 1, 1, 1, 1, 1, 1, 1], 'B': [0, 1, 0, 1, 1, 0, 1, 1, 0, 1], 'C': [1, 1, 0, 0, 1, 1, 1, 1, 1, 0]}, '西门南侧': {'A': [0, 1, 1, 1, 1, 0, 1, 0, 1, 1], 'B': [1, 1, 1, 1, 1, 1, 1, 1, 1, 1], 'C': [1, 1, 1, 1, 1, 1, 1, 1, 1, 1]}, '南门西侧': {'A': [1, 1, 0, 1, 1, 1, 1, 1, 1, 1], 'B': [1, 1, 1, 1, 0, 0, 1, 1, 0, 1]}, '南门东侧': {'A': [1, 0, 0, 1, 1, 1, 1, 1, 1, 1], 'B': [1, 1, 1, 1, 1, 1, 1, 1, 1, 1]}, '北门东北侧': {'A': [1, 1, 1, 1, 1, 1, 1, 1, 1, 1], 'B': [1, 0, 1, 1, 1, 1, 1, 1, 0, 1], 'C': [1, 1, 0, 1, 0, 1, 1, 1, 1, 0], 'D': [0, 0, 1, 1, 0, 0, 1, 0, 0, 1]}, '北门东南侧': {'A': [0, 1, 1, 1, 1, 0, 1, 1, 1, 1], 'B': [0, 1, 1, 0, 0, 1, 1, 1, 0, 0], 'C': [1, 1, 0, 1, 0, 0, 0, 0, 0, 0], 'D': [1, 1, 0, 0, 1, 1, 1, 1, 0, 1], 'E': [1, 1, 1, 1, 0, 0, 1, 0, 1, 1], 'F': [1, 1, 1, 1, 0, 1, 1, 1, 1, 1]}, '橘园北侧南': {'A': [0, 0, 0, 1, 0, 0, 0, 0, 0, 1], 'B': [0, 0, 0, 0, 0, 1, 1, 0, 1, 0], 'C': [0, 0, 1, 0, 0, 0, 0, 0, 1, 0], 'D': [0, 0, 0, 1, 0, 0, 0, 0, 0, 0], 'E': [0, 0, 0, 0, 0, 0, 0, 0, 0, 1], 'F': [0, 0, 0, 0, 0, 0, 0, 0, 0, 0], 'G': [0, 0, 0, 1, 0, 1, 0, 0, 1, 0], 'H': [0, 1, 1, 1, 1, 1, 1, 1, 1, 1], 'I': [0, 0, 0, 0, 1, 0, 0, 0, 0, 0], 'J': [0, 1, 0, 0, 0, 0, 0, 1, 0, 0]}, '校医院西': {'A': [1, 1, 1, 1, 1, 1, 1, 1, 1, 1], 'B': [1, 1, 1, 0, 1, 1, 1, 0, 1, 1], 'C': [1, 1, 1, 1, 0, 0, 1, 1, 0, 1], 'D': [1, 1, 1, 1, 1, 1, 0, 1, 1, 1], 'E': [1, 0, 1, 1, 1, 1, 1, 1, 1, 1], 'F': [0, 1, 1, 1, 0, 1, 1, 1, 1, 1], 'G': [0, 0, 1, 1, 0, 1, 1, 1, 1, 0], 'H': [0, 0, 0, 0, 0, 0, 0, 0, 0, 1], 'I': [0, 0, 0, 1, 0, 0, 0, 0, 0, 0]}}
623043	2024-07-13 01:25:53.727000+08:00	2024-07-13 01:25:53.727000+08:00	{'东门北侧': {'A': [1, 1, 1, 1, 1, 1, 1, 1, 1, 1], 'B': [1, 1, 1, 1, 1, 1, 1, 1, 1, 1], 'C': [0, 1, 1, 1, 1, 1, 1, 1, 1, 0], 'D': [1, 1, 1, 1, 1, 0, 0, 1, 0, 1], 'E': [1, 1, 1, 1, 1, 1, 1, 0, 1, 1], 'F': [0, 1, 1, 1, 1, 1, 1, 1, 1, 1], 'G': [0, 1, 1, 1, 1, 0, 1, 1, 0, 0], 'H': [1, 1, 1, 1, 0, 1, 1, 1, 0, 0], 'I': [0, 1, 0, 1, 1, 0, 1, 1, 1, 1], 'J': [1, 0, 1, 0, 1, 0, 1, 1, 1, 0], 'K': [0, 1, 1, 0, 0, 1, 1, 1, 0, 0]}, '东门南侧': {'A': [0, 0, 0, 1, 0, 0, 1, 0, 1, 0], 'B': [0, 0, 0, 0, 0, 0, 0, 0, 0, 0]}, '西门北侧': {'A': [1, 1, 1, 1, 1, 1, 1, 1, 1, 1], 'B': [0, 1, 0, 1, 1, 0, 1, 1, 0, 1], 'C': [1, 1, 0, 0, 1, 1, 1, 1, 1, 0]}, '西门南侧': {'A': [0, 1, 1, 1, 1, 0, 1, 0, 1, 1], 'B': [1, 1, 1, 1, 1, 1, 1, 1, 1, 1], 'C': [1, 1, 1, 1, 1, 1, 1, 1, 1, 1]}, '南门西侧': {'A': [1, 1, 0, 1, 1, 1, 1, 1, 1, 1], 'B': [1, 1, 1, 1, 0, 0, 1, 1, 0, 1]}, '南门东侧': {'A': [1, 0, 0, 1, 1, 1, 1, 1, 1, 1], 'B': [1, 1, 1, 1, 1, 1, 1, 1, 1, 1]}, '北门东北侧': {'A': [1, 1, 1, 1, 1, 1, 1, 1, 1, 1], 'B': [1, 0, 1, 1, 1, 1, 1, 1, 0, 1], 'C': [1, 1, 0, 1, 0, 1, 1, 1, 1, 0], 'D': [0, 0, 1, 1, 0, 0, 1, 0, 0, 1]}, '北门东南侧': {'A': [0, 1, 1, 1, 1, 0, 1, 1, 1, 1], 'B': [0, 1, 1, 0, 0, 1, 1, 1, 0, 0], 'C': [1, 1, 0, 1, 0, 0, 0, 0, 0, 0], 'D': [1, 1, 0, 0, 1, 1, 1, 1, 0, 1], 'E': [1, 1, 1, 1, 0, 0, 1, 0, 1, 1], 'F': [1, 1, 1, 1, 0, 1, 1, 1, 1, 1]}, '橘园北侧南': {'A': [0, 0, 0, 1, 0, 0, 0, 0, 0, 1], 'B': [0, 0, 0, 0, 0, 1, 1, 0, 1, 0], 'C': [0, 0, 1, 0, 0, 0, 0, 0, 1, 0], 'D': [0, 0, 0, 1, 0, 0, 0, 0, 0, 0], 'E': [0, 0, 0, 0, 0, 0, 0, 0, 0, 1], 'F': [0, 0, 0, 0, 0, 0, 0, 0, 0, 0], 'G': [0, 0, 0, 1, 0, 1, 0, 0, 1, 0], 'H': [0, 1, 1, 1, 1, 1, 1, 1, 1, 1], 'I': [0, 0, 0, 0, 1, 0, 0, 0, 0, 0], 'J': [0, 1, 0, 0, 0, 0, 0, 1, 0, 0]}, '校医院西': {'A': [1, 1, 1, 1, 1, 1, 1, 1, 1, 1], 'B': [1, 1, 1, 0, 1, 1, 1, 0, 1, 1], 'C': [1, 1, 1, 1, 0, 0, 1, 1, 0, 1], 'D': [1, 1, 1, 1, 1, 1, 0, 1, 1, 1], 'E': [1, 0, 1, 1, 1, 1, 1, 1, 1, 1], 'F': [0, 1, 1, 1, 0, 1, 1, 1, 1, 1], 'G': [0, 0, 1, 1, 0, 1, 1, 1, 1, 0], 'H': [0, 0, 0, 0, 0, 0, 0, 0, 0, 1], 'I': [0, 0, 0, 1, 0, 0, 0, 0, 0, 0]}}
623044	2024-07-13 01:26:49.303000+08:00	2024-07-13 01:26:49.303000+08:00	{'东门北侧': {'A': [1, 1, 1, 1, 1, 1, 1, 1, 1, 1], 'B': [1, 1, 1, 1, 1, 1, 1, 1, 1, 1], 'C': [0, 1, 1, 1, 1, 1, 1, 1, 1, 0], 'D': [1, 1, 1, 1, 1, 0, 0, 1, 0, 1], 'E': [1, 1, 1, 1, 1, 1, 1, 0, 1, 1], 'F': [0, 1, 1, 1, 1, 1, 1, 1, 1, 1], 'G': [0, 1, 1, 1, 1, 0, 1, 1, 0, 0], 'H': [1, 1, 1, 1, 0, 1, 1, 1, 0, 0], 'I': [0, 1, 0, 1, 1, 0, 1, 1, 1, 1], 'J': [1, 0, 1, 0, 1, 0, 1, 1, 1, 0], 'K': [0, 1, 1, 0, 0, 1, 1, 1, 0, 0]}, '东门南侧': {'A': [0, 0, 0, 1, 0, 0, 1, 0, 1, 0], 'B': [0, 0, 0, 0, 0, 0, 0, 0, 0, 0]}, '西门北侧': {'A': [1, 1, 1, 1, 1, 1, 1, 1, 1, 1], 'B': [0, 1, 0, 1, 1, 0, 1, 1, 0, 1], 'C': [1, 1, 0, 0, 1, 1, 1, 1, 1, 0]}, '西门南侧': {'A': [0, 1, 1, 1, 1, 0, 1, 0, 1, 1], 'B': [1, 1, 1, 1, 1, 1, 1, 1, 1, 1], 'C': [1, 1, 1, 1, 1, 1, 1, 1, 1, 1]}, '南门西侧': {'A': [1, 1, 0, 1, 1, 1, 1, 1, 1, 1], 'B': [1, 1, 1, 1, 0, 0, 1, 1, 0, 1]}, '南门东侧': {'A': [1, 0, 0, 1, 1, 1, 1, 1, 1, 1], 'B': [1, 1, 1, 1, 1, 1, 1, 1, 1, 1]}, '北门东北侧': {'A': [1, 1, 1, 1, 1, 1, 1, 1, 1, 1], 'B': [1, 0, 1, 1, 1, 1, 1, 1, 0, 1], 'C': [1, 1, 0, 1, 0, 1, 1, 1, 1, 0], 'D': [0, 0, 1, 1, 0, 0, 1, 0, 0, 1]}, '北门东南侧': {'A': [0, 1, 1, 1, 1, 0, 1, 1, 1, 1], 'B': [0, 1, 1, 0, 0, 1, 1, 1, 0, 0], 'C': [1, 1, 0, 1, 0, 0, 0, 0, 0, 0], 'D': [1, 1, 0, 0, 1, 1, 1, 1, 0, 1], 'E': [1, 1, 1, 1, 0, 0, 1, 0, 1, 1], 'F': [1, 1, 1, 1, 0, 1, 1, 1, 1, 1]}, '橘园北侧南': {'A': [0, 0, 0, 1, 0, 0, 0, 0, 0, 1], 'B': [0, 0, 0, 0, 0, 1, 1, 0, 1, 0], 'C': [0, 0, 1, 0, 0, 0, 0, 0, 1, 0], 'D': [0, 0, 0, 1, 0, 0, 0, 0, 0, 0], 'E': [0, 0, 0, 0, 0, 0, 0, 0, 0, 1], 'F': [0, 0, 0, 0, 0, 0, 0, 0, 0, 0], 'G': [0, 0, 0, 1, 0, 1, 0, 0, 1, 0], 'H': [0, 1, 1, 1, 1, 1, 1, 1, 1, 1], 'I': [0, 0, 0, 0, 1, 0, 0, 0, 0, 0], 'J': [0, 1, 0, 0, 0, 0, 0, 1, 0, 0]}, '校医院西': {'A': [1, 1, 1, 1, 1, 1, 1, 1, 1, 1], 'B': [1, 1, 1, 0, 1, 1, 1, 0, 1, 1], 'C': [1, 1, 1, 1, 0, 0, 1, 1, 0, 1], 'D': [1, 1, 1, 1, 1, 1, 0, 1, 1, 1], 'E': [1, 0, 1, 1, 1, 1, 1, 1, 1, 1], 'F': [0, 1, 1, 1, 0, 1, 1, 1, 1, 1], 'G': [0, 0, 1, 1, 0, 1, 1, 1, 1, 0], 'H': [0, 0, 0, 0, 0, 0, 0, 0, 0, 1], 'I': [0, 0, 0, 1, 0, 0, 0, 0, 0, 0]}}
623045	2024-07-13 01:27:50.461000+08:00	2024-07-13 01:27:50.461000+08:00	{'东门北侧': {'A': [1, 1, 1, 1, 1, 1, 1, 1, 1, 1], 'B': [1, 1, 1, 1, 1, 1, 1, 1, 1, 1], 'C': [0, 1, 1, 1, 1, 1, 1, 1, 1, 0], 'D': [1, 1, 1, 1, 1, 0, 0, 1, 0, 1], 'E': [1, 1, 1, 1, 1, 1, 1, 0, 1, 1], 'F': [0, 1, 1, 1, 1, 1, 1, 1, 1, 1], 'G': [0, 1, 1, 1, 1, 0, 1, 1, 0, 0], 'H': [1, 1, 1, 1, 0, 1, 1, 1, 0, 0], 'I': [0, 1, 0, 1, 1, 0, 1, 1, 1, 1], 'J': [1, 0, 1, 0, 1, 0, 1, 1, 1, 0], 'K': [0, 1, 1, 0, 0, 1, 1, 1, 0, 0]}, '东门南侧': {'A': [0, 0, 0, 1, 0, 0, 1, 0, 1, 0], 'B': [0, 0, 0, 0, 0, 0, 0, 0, 0, 0]}, '西门北侧': {'A': [1, 1, 1, 1, 1, 1, 1, 1, 1, 1], 'B': [0, 1, 0, 1, 1, 0, 1, 1, 0, 1], 'C': [1, 1, 0, 0, 1, 1, 1, 1, 1, 0]}, '西门南侧': {'A': [0, 1, 1, 1, 1, 0, 1, 0, 1, 1], 'B': [1, 1, 1, 1, 1, 1, 1, 1, 1, 1], 'C': [1, 1, 1, 1, 1, 1, 1, 1, 1, 1]}, '南门西侧': {'A': [1, 1, 0, 1, 1, 1, 1, 1, 1, 1], 'B': [1, 1, 1, 1, 0, 0, 1, 1, 0, 1]}, '南门东侧': {'A': [1, 0, 0, 1, 1, 1, 1, 1, 1, 1], 'B': [1, 1, 1, 1, 1, 1, 1, 1, 1, 1]}, '北门东北侧': {'A': [1, 1, 1, 1, 1, 1, 1, 1, 1, 1], 'B': [1, 0, 1, 1, 1, 1, 1, 1, 0, 1], 'C': [1, 1, 0, 1, 0, 1, 1, 1, 1, 0], 'D': [0, 0, 1, 1, 0, 0, 1, 0, 0, 1]}, '北门东南侧': {'A': [0, 1, 1, 1, 1, 0, 1, 1, 1, 1], 'B': [0, 1, 1, 0, 0, 1, 1, 1, 0, 0], 'C': [1, 1, 0, 1, 0, 0, 0, 0, 0, 0], 'D': [1, 1, 0, 0, 1, 1, 1, 1, 0, 1], 'E': [1, 1, 1, 1, 0, 0, 1, 0, 1, 1], 'F': [1, 1, 1, 1, 0, 1, 1, 1, 1, 1]}, '橘园北侧南': {'A': [0, 0, 0, 1, 0, 0, 0, 0, 0, 1], 'B': [0, 0, 0, 0, 0, 1, 1, 0, 1, 0], 'C': [0, 0, 1, 0, 0, 0, 0, 0, 1, 0], 'D': [0, 0, 0, 1, 0, 0, 0, 0, 0, 0], 'E': [0, 0, 0, 0, 0, 0, 0, 0, 0, 1], 'F': [0, 0, 0, 0, 0, 0, 0, 0, 0, 0], 'G': [0, 0, 0, 1, 0, 1, 0, 0, 1, 0], 'H': [0, 1, 1, 1, 1, 1, 1, 1, 1, 1], 'I': [0, 0, 0, 0, 1, 0, 0, 0, 0, 0], 'J': [0, 1, 0, 0, 0, 0, 0, 1, 0, 0]}, '校医院西': {'A': [1, 1, 1, 1, 1, 1, 1, 1, 1, 1], 'B': [1, 1, 1, 0, 1, 1, 1, 0, 1, 1], 'C': [1, 1, 1, 1, 0, 0, 1, 1, 0, 1], 'D': [1, 1, 1, 1, 1, 1, 0, 1, 1, 1], 'E': [1, 0, 1, 1, 1, 1, 1, 1, 1, 1], 'F': [0, 1, 1, 1, 0, 1, 1, 1, 1, 1], 'G': [0, 0, 1, 1, 0, 1, 1, 1, 1, 0], 'H': [0, 0, 0, 0, 0, 0, 0, 0, 0, 1], 'I': [0, 0, 0, 1, 0, 0, 0, 0, 0, 0]}}
623046	2024-07-13 01:29:49.121000+08:00	2024-07-13 01:29:49.121000+08:00	{'东门北侧': {'A': [1, 1, 1, 1, 1, 1, 1, 1, 1, 1], 'B': [1, 1, 1, 1, 1, 1, 1, 1, 1, 1], 'C': [0, 1, 1, 1, 1, 1, 1, 1, 1, 0], 'D': [1, 1, 1, 1, 1, 0, 0, 1, 0, 1], 'E': [1, 1, 1, 1, 1, 1, 1, 0, 1, 1], 'F': [0, 1, 1, 1, 1, 1, 1, 1, 1, 1], 'G': [0, 1, 1, 1, 1, 0, 1, 1, 0, 0], 'H': [1, 1, 1, 1, 0, 1, 1, 1, 0, 0], 'I': [0, 1, 0, 1, 1, 0, 1, 1, 1, 1], 'J': [1, 0, 1, 0, 1, 0, 1, 1, 1, 0], 'K': [0, 1, 1, 0, 0, 1, 1, 1, 0, 0]}, '东门南侧': {'A': [0, 0, 0, 1, 0, 0, 1, 0, 1, 0], 'B': [0, 0, 0, 0, 0, 0, 0, 0, 0, 0]}, '西门北侧': {'A': [1, 1, 1, 1, 1, 1, 1, 1, 1, 1], 'B': [0, 1, 0, 1, 1, 0, 1, 1, 0, 1], 'C': [1, 1, 0, 0, 1, 1, 1, 1, 1, 0]}, '西门南侧': {'A': [0, 1, 1, 1, 1, 0, 1, 0, 1, 1], 'B': [1, 1, 1, 1, 1, 1, 1, 1, 1, 1], 'C': [1, 1, 1, 1, 1, 1, 1, 1, 1, 1]}, '南门西侧': {'A': [1, 1, 0, 1, 1, 1, 1, 1, 1, 1], 'B': [1, 1, 1, 1, 0, 0, 1, 1, 0, 1]}, '南门东侧': {'A': [1, 0, 0, 1, 1, 1, 1, 1, 1, 1], 'B': [1, 1, 1, 1, 1, 1, 1, 1, 1, 1]}, '北门东北侧': {'A': [1, 1, 1, 1, 1, 1, 1, 1, 1, 1], 'B': [1, 0, 1, 1, 1, 1, 1, 1, 0, 1], 'C': [1, 1, 0, 1, 0, 1, 1, 1, 1, 0], 'D': [0, 0, 1, 1, 0, 0, 1, 0, 0, 1]}, '北门东南侧': {'A': [0, 1, 1, 1, 1, 0, 1, 1, 1, 1], 'B': [0, 1, 1, 0, 0, 1, 1, 1, 0, 0], 'C': [1, 1, 0, 1, 0, 0, 0, 0, 0, 0], 'D': [1, 1, 0, 0, 1, 1, 1, 1, 0, 1], 'E': [1, 1, 1, 1, 0, 0, 1, 0, 1, 1], 'F': [1, 1, 1, 1, 0, 1, 1, 1, 1, 1]}, '橘园北侧南': {'A': [0, 0, 0, 1, 0, 0, 0, 0, 0, 1], 'B': [0, 0, 0, 0, 0, 1, 1, 0, 1, 0], 'C': [0, 0, 1, 0, 0, 0, 0, 0, 1, 0], 'D': [0, 0, 0, 1, 0, 0, 0, 0, 0, 0], 'E': [0, 0, 0, 0, 0, 0, 0, 0, 0, 1], 'F': [0, 0, 0, 0, 0, 0, 0, 0, 0, 0], 'G': [0, 0, 0, 1, 0, 1, 0, 0, 1, 0], 'H': [0, 1, 1, 1, 1, 1, 1, 1, 1, 1], 'I': [0, 0, 0, 0, 1, 0, 0, 0, 0, 0], 'J': [0, 1, 0, 0, 0, 0, 0, 1, 0, 0]}, '校医院西': {'A': [1, 1, 1, 1, 1, 1, 1, 1, 1, 1], 'B': [1, 1, 1, 0, 1, 1, 1, 0, 1, 1], 'C': [1, 1, 1, 1, 0, 0, 1, 1, 0, 1], 'D': [1, 1, 1, 1, 1, 1, 0, 1, 1, 1], 'E': [1, 0, 1, 1, 1, 1, 1, 1, 1, 1], 'F': [0, 1, 1, 1, 0, 1, 1, 1, 1, 1], 'G': [0, 0, 1, 1, 0, 1, 1, 1, 1, 0], 'H': [0, 0, 0, 0, 0, 0, 0, 0, 0, 1], 'I': [0, 0, 0, 1, 0, 0, 0, 0, 0, 0]}}
623047	2024-07-13 01:30:52.675000+08:00	2024-07-13 01:30:52.675000+08:00	{'东门北侧': {'A': [1, 1, 1, 1, 1, 1, 1, 1, 1, 1], 'B': [1, 1, 1, 1, 1, 1, 1, 1, 1, 1], 'C': [0, 1, 1, 1, 1, 1, 1, 1, 1, 0], 'D': [1, 1, 1, 1, 1, 0, 0, 1, 0, 1], 'E': [1, 1, 1, 1, 1, 1, 1, 0, 1, 1], 'F': [0, 1, 1, 1, 1, 1, 1, 1, 1, 1], 'G': [0, 1, 1, 1, 1, 0, 1, 1, 0, 0], 'H': [1, 1, 1, 1, 0, 1, 1, 1, 0, 0], 'I': [0, 1, 0, 1, 1, 0, 1, 1, 1, 1], 'J': [1, 0, 1, 0, 1, 0, 1, 1, 1, 0], 'K': [0, 1, 1, 0, 0, 1, 1, 1, 0, 0]}, '东门南侧': {'A': [0, 0, 0, 1, 0, 0, 1, 0, 1, 0], 'B': [0, 0, 0, 0, 0, 0, 0, 0, 0, 0]}, '西门北侧': {'A': [1, 1, 1, 1, 1, 1, 1, 1, 1, 1], 'B': [0, 1, 0, 1, 1, 0, 1, 1, 0, 1], 'C': [1, 1, 0, 0, 1, 1, 1, 1, 1, 0]}, '西门南侧': {'A': [0, 1, 1, 1, 1, 0, 1, 0, 1, 1], 'B': [1, 1, 1, 1, 1, 1, 1, 1, 1, 1], 'C': [1, 1, 1, 1, 1, 1, 1, 1, 1, 1]}, '南门西侧': {'A': [1, 1, 0, 1, 1, 1, 1, 1, 1, 1], 'B': [1, 1, 1, 1, 0, 0, 1, 1, 0, 1]}, '南门东侧': {'A': [1, 0, 0, 1, 1, 1, 1, 1, 1, 1], 'B': [1, 1, 1, 1, 1, 1, 1, 1, 1, 1]}, '北门东北侧': {'A': [1, 1, 1, 1, 1, 1, 1, 1, 1, 1], 'B': [1, 0, 1, 1, 1, 1, 1, 1, 0, 1], 'C': [1, 1, 0, 1, 0, 1, 1, 1, 1, 0], 'D': [0, 0, 1, 1, 0, 0, 1, 0, 0, 1]}, '北门东南侧': {'A': [0, 1, 1, 1, 1, 0, 1, 1, 1, 1], 'B': [0, 1, 1, 0, 0, 1, 1, 1, 0, 0], 'C': [1, 1, 0, 1, 0, 0, 0, 0, 0, 0], 'D': [1, 1, 0, 0, 1, 1, 1, 1, 0, 1], 'E': [1, 1, 1, 1, 0, 0, 1, 0, 1, 1], 'F': [1, 1, 1, 1, 0, 1, 1, 1, 1, 1]}, '橘园北侧南': {'A': [0, 0, 0, 1, 0, 0, 0, 0, 0, 1], 'B': [0, 0, 0, 0, 0, 1, 1, 0, 1, 0], 'C': [0, 0, 1, 0, 0, 0, 0, 0, 1, 0], 'D': [0, 0, 0, 1, 0, 0, 0, 0, 0, 0], 'E': [0, 0, 0, 0, 0, 0, 0, 0, 0, 1], 'F': [0, 0, 0, 0, 0, 0, 0, 0, 0, 0], 'G': [0, 0, 0, 1, 0, 1, 0, 0, 1, 0], 'H': [0, 1, 1, 1, 1, 1, 1, 1, 1, 1], 'I': [0, 0, 0, 0, 1, 0, 0, 0, 0, 0], 'J': [0, 0, 0, 0, 0, 0, 0, 1, 0, 0]}, '校医院西': {'A': [1, 1, 1, 1, 1, 1, 1, 1, 1, 1], 'B': [1, 1, 1, 0, 1, 1, 1, 0, 1, 1], 'C': [1, 1, 1, 1, 0, 0, 1, 1, 0, 1], 'D': [1, 1, 1, 1, 1, 1, 0, 1, 1, 1], 'E': [1, 0, 1, 1, 1, 1, 1, 1, 1, 1], 'F': [0, 1, 1, 1, 0, 1, 1, 1, 1, 1], 'G': [0, 0, 1, 1, 0, 1, 1, 1, 1, 0], 'H': [0, 0, 0, 0, 0, 0, 0, 0, 0, 1], 'I': [0, 0, 0, 1, 0, 0, 0, 0, 0, 0]}}
623048	2024-07-13 01:31:50.825000+08:00	2024-07-13 01:31:50.825000+08:00	{'东门北侧': {'A': [1, 1, 1, 1, 1, 1, 1, 1, 1, 1], 'B': [1, 1, 1, 1, 1, 1, 1, 1, 1, 1], 'C': [0, 1, 1, 1, 1, 1, 1, 1, 1, 0], 'D': [1, 1, 1, 1, 1, 0, 0, 1, 0, 1], 'E': [1, 1, 1, 1, 1, 1, 1, 0, 1, 1], 'F': [0, 1, 1, 1, 1, 1, 1, 1, 1, 1], 'G': [0, 1, 1, 1, 1, 0, 1, 1, 0, 0], 'H': [1, 1, 1, 1, 0, 1, 1, 1, 0, 0], 'I': [0, 1, 0, 1, 1, 0, 1, 1, 1, 1], 'J': [1, 0, 1, 0, 1, 0, 1, 1, 1, 0], 'K': [0, 1, 1, 0, 0, 1, 1, 1, 0, 0]}, '东门南侧': {'A': [0, 0, 0, 1, 0, 0, 1, 0, 1, 0], 'B': [0, 0, 0, 0, 0, 0, 0, 0, 0, 0]}, '西门北侧': {'A': [1, 1, 1, 1, 1, 1, 1, 1, 1, 1], 'B': [0, 1, 0, 1, 1, 0, 1, 1, 0, 1], 'C': [1, 1, 0, 0, 1, 1, 1, 1, 1, 0]}, '西门南侧': {'A': [0, 1, 1, 1, 1, 0, 1, 0, 1, 1], 'B': [1, 1, 1, 1, 1, 1, 1, 1, 1, 1], 'C': [1, 1, 1, 1, 1, 1, 1, 1, 1, 1]}, '南门西侧': {'A': [1, 1, 0, 1, 1, 1, 1, 1, 1, 1], 'B': [1, 1, 1, 1, 0, 0, 1, 1, 0, 1]}, '南门东侧': {'A': [1, 0, 0, 1, 1, 1, 1, 1, 1, 1], 'B': [1, 1, 1, 1, 1, 1, 1, 1, 1, 1]}, '北门东北侧': {'A': [1, 1, 1, 1, 1, 1, 1, 1, 1, 1], 'B': [1, 0, 1, 1, 1, 1, 1, 1, 0, 1], 'C': [1, 1, 0, 1, 0, 1, 1, 1, 1, 0], 'D': [0, 0, 1, 1, 0, 0, 1, 0, 0, 1]}, '北门东南侧': {'A': [0, 1, 1, 1, 1, 0, 1, 1, 1, 1], 'B': [0, 1, 1, 0, 0, 1, 1, 1, 0, 0], 'C': [1, 1, 0, 1, 0, 0, 0, 0, 0, 0], 'D': [1, 1, 0, 0, 1, 1, 1, 1, 0, 1], 'E': [1, 1, 1, 1, 0, 0, 1, 0, 1, 1], 'F': [1, 1, 1, 1, 0, 1, 1, 1, 1, 1]}, '橘园北侧南': {'A': [0, 0, 0, 1, 0, 0, 0, 0, 0, 1], 'B': [0, 0, 0, 0, 0, 1, 1, 0, 1, 0], 'C': [0, 0, 1, 0, 0, 0, 0, 0, 1, 0], 'D': [0, 0, 0, 1, 0, 0, 0, 0, 0, 0], 'E': [1, 0, 0, 0, 0, 0, 0, 0, 0, 1], 'F': [0, 0, 0, 0, 0, 0, 0, 0, 0, 0], 'G': [0, 0, 0, 1, 0, 1, 0, 0, 1, 0], 'H': [0, 1, 1, 1, 1, 1, 1, 1, 1, 1], 'I': [0, 0, 0, 0, 1, 0, 0, 0, 0, 0], 'J': [0, 0, 0, 0, 0, 0, 0, 1, 0, 0]}, '校医院西': {'A': [1, 1, 1, 1, 1, 1, 1, 1, 1, 1], 'B': [1, 1, 1, 0, 1, 1, 1, 0, 1, 1], 'C': [1, 1, 1, 1, 0, 0, 1, 1, 0, 1], 'D': [1, 1, 1, 1, 1, 1, 0, 1, 1, 1], 'E': [1, 0, 1, 1, 1, 1, 1, 1, 1, 1], 'F': [0, 1, 1, 1, 0, 1, 1, 1, 1, 1], 'G': [0, 0, 1, 1, 0, 1, 1, 1, 1, 0], 'H': [0, 0, 0, 0, 0, 0, 0, 0, 0, 1], 'I': [0, 0, 0, 1, 0, 0, 0, 0, 0, 0]}}
623049	2024-07-13 01:33:22.947000+08:00	2024-07-13 01:33:22.947000+08:00	{'东门北侧': {'A': [1, 1, 1, 1, 1, 1, 1, 1, 1, 1], 'B': [1, 1, 1, 1, 1, 1, 1, 1, 1, 1], 'C': [0, 1, 1, 1, 1, 1, 1, 1, 1, 0], 'D': [1, 1, 1, 1, 1, 0, 0, 1, 0, 1], 'E': [1, 1, 1, 1, 1, 1, 1, 0, 1, 1], 'F': [0, 1, 1, 1, 1, 1, 1, 1, 1, 1], 'G': [0, 1, 1, 1, 1, 0, 1, 1, 0, 0], 'H': [1, 1, 1, 1, 0, 1, 1, 1, 0, 0], 'I': [0, 1, 0, 1, 1, 0, 1, 1, 1, 1], 'J': [1, 0, 1, 0, 1, 0, 1, 1, 1, 0], 'K': [0, 1, 1, 0, 0, 1, 1, 1, 0, 0]}, '东门南侧': {'A': [0, 0, 0, 1, 0, 0, 1, 0, 1, 0], 'B': [0, 0, 0, 0, 0, 0, 0, 0, 0, 0]}, '西门北侧': {'A': [1, 1, 1, 1, 1, 1, 1, 1, 1, 1], 'B': [0, 1, 0, 1, 1, 0, 1, 1, 0, 1], 'C': [1, 1, 0, 0, 1, 1, 1, 1, 1, 0]}, '西门南侧': {'A': [0, 1, 1, 1, 1, 0, 1, 0, 1, 1], 'B': [1, 1, 1, 1, 1, 1, 1, 1, 1, 1], 'C': [1, 1, 1, 1, 1, 1, 1, 1, 1, 1]}, '南门西侧': {'A': [1, 1, 0, 1, 1, 1, 1, 1, 1, 1], 'B': [1, 1, 1, 1, 0, 0, 1, 1, 0, 1]}, '南门东侧': {'A': [1, 0, 0, 1, 1, 1, 1, 1, 1, 1], 'B': [1, 1, 1, 1, 1, 1, 1, 1, 1, 1]}, '北门东北侧': {'A': [1, 1, 1, 1, 1, 1, 1, 1, 1, 1], 'B': [1, 0, 1, 1, 1, 1, 1, 1, 0, 1], 'C': [1, 1, 0, 1, 0, 1, 1, 1, 1, 0], 'D': [0, 0, 1, 1, 0, 0, 1, 0, 0, 1]}, '北门东南侧': {'A': [0, 1, 1, 1, 1, 0, 1, 1, 1, 1], 'B': [0, 1, 1, 0, 0, 1, 1, 1, 0, 0], 'C': [1, 1, 0, 1, 0, 0, 0, 0, 0, 0], 'D': [1, 1, 0, 0, 1, 1, 1, 1, 0, 1], 'E': [1, 1, 1, 1, 0, 0, 1, 0, 1, 1], 'F': [1, 1, 1, 1, 0, 1, 1, 1, 1, 1]}, '橘园北侧南': {'A': [0, 0, 0, 1, 0, 0, 0, 0, 0, 1], 'B': [0, 0, 0, 0, 0, 1, 1, 0, 1, 0], 'C': [0, 0, 1, 0, 0, 0, 0, 0, 1, 0], 'D': [0, 0, 0, 1, 0, 0, 0, 0, 0, 0], 'E': [1, 0, 0, 0, 0, 0, 0, 0, 0, 1], 'F': [0, 0, 0, 0, 0, 0, 0, 0, 0, 0], 'G': [0, 0, 0, 1, 0, 1, 0, 0, 1, 0], 'H': [0, 1, 1, 1, 1, 1, 1, 1, 1, 1], 'I': [0, 0, 0, 0, 1, 0, 0, 0, 0, 0], 'J': [0, 0, 0, 0, 0, 0, 0, 1, 0, 0]}, '校医院西': {'A': [1, 1, 1, 1, 1, 1, 1, 1, 1, 1], 'B': [1, 1, 1, 0, 1, 1, 1, 0, 1, 1], 'C': [1, 1, 1, 1, 0, 0, 1, 1, 0, 1], 'D': [1, 1, 1, 1, 1, 1, 0, 1, 1, 1], 'E': [1, 1, 1, 1, 1, 1, 1, 1, 1, 1], 'F': [0, 1, 1, 1, 0, 1, 1, 1, 1, 1], 'G': [0, 0, 1, 1, 0, 1, 1, 1, 1, 0], 'H': [0, 0, 0, 0, 0, 0, 0, 0, 0, 1], 'I': [0, 0, 0, 1, 0, 0, 0, 0, 0, 0]}}
623050	2024-07-13 01:33:48.622000+08:00	2024-07-13 01:33:48.622000+08:00	{'东门北侧': {'A': [1, 1, 1, 1, 1, 1, 1, 1, 1, 1], 'B': [1, 1, 1, 1, 1, 1, 1, 1, 1, 1], 'C': [0, 1, 1, 1, 1, 1, 1, 1, 1, 0], 'D': [1, 1, 1, 1, 1, 0, 0, 1, 0, 1], 'E': [1, 1, 1, 1, 1, 1, 1, 0, 1, 1], 'F': [0, 1, 1, 1, 1, 1, 1, 1, 1, 1], 'G': [0, 1, 1, 1, 1, 0, 1, 1, 0, 0], 'H': [1, 1, 1, 1, 0, 1, 1, 1, 0, 0], 'I': [0, 1, 0, 1, 1, 0, 1, 1, 1, 1], 'J': [1, 0, 1, 0, 1, 0, 1, 1, 1, 0], 'K': [0, 1, 1, 0, 0, 1, 1, 1, 0, 0]}, '东门南侧': {'A': [0, 0, 0, 1, 0, 0, 1, 0, 1, 0], 'B': [0, 0, 0, 0, 0, 0, 0, 0, 0, 0]}, '西门北侧': {'A': [1, 1, 1, 1, 1, 1, 1, 1, 1, 1], 'B': [0, 1, 0, 1, 1, 0, 1, 1, 0, 1], 'C': [1, 1, 0, 0, 1, 1, 1, 1, 1, 0]}, '西门南侧': {'A': [0, 1, 1, 1, 1, 0, 1, 0, 1, 1], 'B': [1, 1, 1, 1, 1, 1, 1, 1, 1, 1], 'C': [1, 1, 1, 1, 1, 1, 1, 1, 1, 1]}, '南门西侧': {'A': [1, 1, 0, 1, 1, 1, 1, 1, 1, 1], 'B': [1, 1, 1, 1, 0, 0, 1, 1, 0, 1]}, '南门东侧': {'A': [1, 0, 0, 1, 1, 1, 1, 1, 1, 1], 'B': [1, 1, 1, 1, 1, 1, 1, 1, 1, 1]}, '北门东北侧': {'A': [1, 1, 1, 1, 1, 1, 1, 1, 1, 1], 'B': [1, 0, 1, 1, 1, 1, 1, 1, 0, 1], 'C': [1, 1, 0, 1, 0, 1, 1, 1, 1, 0], 'D': [0, 0, 1, 1, 0, 0, 1, 0, 0, 1]}, '北门东南侧': {'A': [0, 1, 1, 1, 1, 0, 1, 1, 1, 1], 'B': [0, 1, 1, 0, 0, 1, 1, 1, 0, 0], 'C': [1, 1, 0, 1, 0, 0, 0, 0, 0, 0], 'D': [1, 1, 0, 0, 1, 1, 1, 1, 0, 1], 'E': [1, 1, 1, 1, 0, 0, 1, 0, 1, 1], 'F': [1, 1, 1, 1, 0, 1, 1, 1, 1, 1]}, '橘园北侧南': {'A': [0, 0, 0, 1, 0, 0, 0, 0, 0, 1], 'B': [0, 0, 0, 0, 0, 1, 1, 0, 1, 0], 'C': [0, 0, 1, 0, 0, 0, 0, 0, 1, 0], 'D': [0, 0, 0, 1, 0, 0, 0, 0, 0, 0], 'E': [1, 0, 0, 0, 0, 0, 0, 0, 0, 1], 'F': [0, 0, 0, 0, 0, 0, 0, 0, 0, 0], 'G': [0, 0, 0, 1, 0, 1, 0, 0, 1, 0], 'H': [0, 1, 1, 1, 1, 1, 1, 1, 1, 1], 'I': [0, 0, 0, 0, 1, 0, 0, 0, 0, 0], 'J': [0, 0, 0, 0, 0, 0, 0, 1, 0, 0]}, '校医院西': {'A': [1, 1, 1, 1, 1, 1, 1, 1, 1, 1], 'B': [1, 1, 1, 0, 1, 1, 1, 0, 1, 1], 'C': [1, 1, 1, 1, 0, 0, 1, 1, 0, 1], 'D': [1, 1, 1, 1, 1, 1, 0, 1, 1, 1], 'E': [1, 1, 1, 1, 1, 1, 1, 1, 1, 1], 'F': [0, 1, 1, 1, 0, 1, 1, 1, 1, 1], 'G': [0, 0, 1, 1, 0, 1, 1, 1, 1, 0], 'H': [0, 0, 0, 0, 0, 0, 0, 0, 0, 1], 'I': [0, 0, 0, 1, 0, 0, 0, 0, 0, 0]}}
623051	2024-07-13 01:34:50.897000+08:00	2024-07-13 01:34:50.897000+08:00	{'东门北侧': {'A': [1, 1, 1, 1, 1, 1, 1, 1, 1, 1], 'B': [1, 1, 1, 1, 1, 1, 1, 1, 1, 1], 'C': [0, 1, 1, 1, 1, 1, 1, 1, 1, 0], 'D': [1, 1, 1, 1, 1, 0, 0, 1, 0, 1], 'E': [1, 1, 1, 1, 1, 1, 1, 0, 1, 1], 'F': [0, 1, 1, 1, 1, 1, 1, 1, 1, 1], 'G': [0, 1, 1, 1, 1, 0, 1, 1, 0, 0], 'H': [1, 1, 1, 1, 0, 1, 1, 1, 0, 0], 'I': [0, 1, 0, 1, 1, 0, 1, 1, 1, 1], 'J': [1, 0, 1, 0, 1, 0, 1, 1, 1, 0], 'K': [0, 1, 1, 0, 0, 1, 1, 1, 0, 0]}, '东门南侧': {'A': [0, 0, 0, 1, 0, 0, 1, 0, 1, 0], 'B': [0, 0, 0, 0, 0, 0, 0, 0, 0, 0]}, '西门北侧': {'A': [1, 1, 1, 1, 1, 1, 1, 1, 1, 1], 'B': [0, 1, 0, 1, 1, 0, 1, 1, 0, 1], 'C': [1, 1, 0, 0, 1, 1, 1, 1, 1, 0]}, '西门南侧': {'A': [0, 1, 1, 1, 1, 0, 1, 0, 1, 1], 'B': [1, 1, 1, 1, 1, 1, 1, 1, 1, 1], 'C': [1, 1, 1, 1, 1, 1, 1, 1, 1, 1]}, '南门西侧': {'A': [1, 1, 0, 1, 1, 1, 1, 1, 1, 1], 'B': [1, 1, 1, 1, 0, 0, 1, 1, 0, 1]}, '南门东侧': {'A': [1, 0, 0, 1, 1, 1, 1, 1, 1, 1], 'B': [1, 1, 1, 1, 1, 1, 1, 1, 1, 1]}, '北门东北侧': {'A': [1, 1, 1, 1, 1, 1, 1, 1, 1, 1], 'B': [1, 0, 1, 1, 1, 1, 1, 1, 0, 1], 'C': [1, 1, 0, 1, 0, 1, 1, 1, 1, 0], 'D': [0, 0, 1, 1, 0, 0, 1, 0, 0, 1]}, '北门东南侧': {'A': [0, 1, 1, 1, 1, 0, 1, 1, 1, 1], 'B': [0, 1, 1, 0, 0, 1, 1, 1, 0, 0], 'C': [1, 1, 0, 1, 0, 0, 0, 0, 0, 0], 'D': [1, 1, 0, 0, 1, 1, 1, 1, 0, 1], 'E': [1, 1, 1, 1, 0, 0, 1, 0, 1, 1], 'F': [1, 1, 1, 1, 0, 1, 1, 1, 1, 1]}, '橘园北侧南': {'A': [0, 0, 0, 1, 0, 0, 0, 0, 0, 1], 'B': [0, 0, 0, 0, 0, 1, 1, 0, 1, 0], 'C': [0, 0, 1, 0, 0, 0, 0, 0, 1, 0], 'D': [0, 0, 0, 1, 0, 0, 0, 0, 0, 0], 'E': [1, 0, 0, 0, 0, 0, 0, 0, 0, 1], 'F': [0, 0, 0, 0, 0, 0, 0, 0, 0, 0], 'G': [0, 0, 0, 1, 0, 1, 0, 0, 1, 0], 'H': [0, 1, 1, 1, 1, 1, 1, 1, 1, 1], 'I': [0, 0, 0, 0, 1, 0, 0, 0, 0, 0], 'J': [0, 0, 0, 0, 0, 0, 0, 1, 0, 0]}, '校医院西': {'A': [1, 1, 1, 1, 1, 1, 1, 1, 1, 1], 'B': [1, 1, 1, 0, 1, 1, 1, 0, 1, 1], 'C': [1, 1, 1, 1, 0, 0, 1, 1, 0, 1], 'D': [1, 1, 1, 1, 1, 1, 0, 1, 1, 1], 'E': [1, 1, 1, 1, 1, 1, 1, 1, 1, 1], 'F': [0, 1, 1, 1, 0, 1, 1, 1, 1, 1], 'G': [0, 0, 1, 1, 0, 1, 1, 1, 1, 0], 'H': [0, 0, 0, 0, 0, 0, 0, 0, 0, 1], 'I': [0, 0, 0, 1, 0, 0, 0, 0, 0, 0]}}
623052	2024-07-13 01:35:49.562000+08:00	2024-07-13 01:35:49.562000+08:00	{'东门北侧': {'A': [1, 1, 1, 1, 1, 1, 1, 1, 1, 1], 'B': [1, 1, 1, 1, 1, 1, 1, 1, 1, 1], 'C': [0, 1, 1, 1, 1, 1, 1, 1, 1, 0], 'D': [1, 1, 1, 1, 1, 0, 0, 1, 0, 1], 'E': [1, 1, 1, 1, 1, 1, 1, 0, 1, 1], 'F': [0, 1, 1, 1, 1, 1, 1, 1, 1, 1], 'G': [0, 1, 1, 1, 1, 0, 1, 1, 0, 0], 'H': [1, 1, 1, 1, 0, 1, 1, 1, 0, 0], 'I': [0, 1, 0, 1, 1, 0, 1, 1, 1, 1], 'J': [1, 0, 1, 0, 1, 0, 1, 1, 1, 0], 'K': [0, 1, 1, 0, 0, 1, 1, 1, 0, 0]}, '东门南侧': {'A': [0, 0, 0, 1, 0, 0, 1, 0, 1, 0], 'B': [0, 0, 0, 0, 0, 0, 0, 0, 0, 0]}, '西门北侧': {'A': [1, 1, 1, 1, 1, 1, 1, 1, 1, 1], 'B': [0, 1, 0, 1, 1, 0, 1, 1, 0, 1], 'C': [1, 1, 0, 0, 1, 1, 1, 1, 1, 0]}, '西门南侧': {'A': [0, 1, 1, 1, 1, 0, 1, 0, 1, 1], 'B': [1, 1, 1, 1, 1, 1, 1, 1, 1, 1], 'C': [1, 1, 1, 1, 1, 1, 1, 1, 1, 1]}, '南门西侧': {'A': [1, 1, 0, 1, 1, 1, 1, 1, 1, 1], 'B': [1, 1, 1, 1, 0, 0, 1, 1, 0, 1]}, '南门东侧': {'A': [1, 0, 0, 1, 1, 1, 1, 1, 1, 1], 'B': [1, 1, 1, 1, 1, 1, 1, 1, 1, 1]}, '北门东北侧': {'A': [1, 1, 1, 1, 1, 1, 1, 1, 1, 1], 'B': [1, 0, 1, 1, 1, 1, 1, 1, 0, 1], 'C': [1, 1, 0, 1, 0, 1, 1, 1, 1, 0], 'D': [0, 0, 1, 1, 0, 0, 1, 0, 0, 1]}, '北门东南侧': {'A': [0, 1, 1, 1, 1, 0, 1, 1, 1, 1], 'B': [0, 1, 1, 0, 0, 1, 1, 1, 0, 0], 'C': [1, 1, 0, 1, 0, 0, 0, 0, 0, 0], 'D': [1, 1, 0, 0, 1, 1, 1, 1, 0, 1], 'E': [1, 1, 1, 1, 0, 0, 1, 0, 1, 1], 'F': [1, 1, 1, 1, 0, 1, 1, 1, 1, 1]}, '橘园北侧南': {'A': [0, 0, 0, 1, 0, 0, 0, 0, 0, 1], 'B': [0, 0, 0, 0, 0, 1, 1, 0, 1, 0], 'C': [0, 0, 1, 0, 0, 0, 0, 0, 1, 0], 'D': [0, 0, 0, 1, 0, 0, 0, 1, 0, 0], 'E': [1, 0, 0, 0, 0, 0, 0, 0, 0, 1], 'F': [0, 0, 0, 0, 0, 0, 0, 0, 0, 0], 'G': [0, 0, 0, 1, 0, 1, 0, 0, 1, 0], 'H': [0, 1, 1, 1, 1, 1, 1, 1, 1, 1], 'I': [0, 0, 0, 0, 1, 0, 0, 0, 0, 0], 'J': [0, 0, 0, 0, 0, 0, 0, 1, 0, 0]}, '校医院西': {'A': [1, 1, 1, 1, 1, 1, 1, 1, 1, 1], 'B': [1, 1, 1, 0, 1, 1, 1, 0, 1, 1], 'C': [1, 1, 1, 1, 0, 0, 1, 1, 0, 1], 'D': [1, 1, 1, 1, 1, 1, 0, 1, 1, 1], 'E': [1, 1, 1, 1, 1, 1, 1, 1, 1, 1], 'F': [0, 1, 1, 1, 0, 1, 1, 1, 1, 1], 'G': [0, 0, 1, 1, 0, 1, 1, 1, 1, 0], 'H': [0, 0, 0, 0, 0, 0, 0, 0, 0, 1], 'I': [0, 0, 0, 1, 0, 0, 0, 0, 0, 0]}}
623053	2024-07-13 01:36:54.825000+08:00	2024-07-13 01:36:54.825000+08:00	{'东门北侧': {'A': [1, 1, 1, 1, 1, 1, 1, 1, 1, 1], 'B': [1, 1, 1, 1, 1, 1, 1, 1, 1, 1], 'C': [0, 1, 1, 1, 1, 1, 1, 1, 1, 0], 'D': [1, 1, 1, 1, 1, 0, 0, 1, 0, 1], 'E': [1, 1, 1, 1, 1, 1, 1, 0, 1, 1], 'F': [0, 1, 1, 1, 1, 1, 1, 1, 1, 1], 'G': [0, 1, 1, 1, 1, 0, 1, 1, 0, 0], 'H': [1, 1, 1, 1, 0, 1, 1, 1, 0, 0], 'I': [0, 1, 0, 1, 1, 0, 1, 1, 1, 1], 'J': [1, 0, 1, 0, 1, 0, 1, 1, 1, 0], 'K': [0, 1, 1, 0, 0, 1, 1, 1, 0, 0]}, '东门南侧': {'A': [0, 0, 0, 1, 0, 0, 1, 0, 1, 0], 'B': [0, 0, 0, 0, 0, 0, 0, 0, 0, 0]}, '西门北侧': {'A': [1, 1, 1, 1, 1, 1, 1, 1, 1, 1], 'B': [0, 1, 0, 1, 1, 0, 1, 1, 0, 1], 'C': [1, 1, 0, 0, 1, 1, 1, 1, 1, 0]}, '西门南侧': {'A': [0, 1, 1, 1, 1, 0, 1, 0, 1, 1], 'B': [1, 1, 1, 1, 1, 1, 1, 1, 1, 1], 'C': [1, 1, 1, 1, 1, 1, 1, 1, 1, 1]}, '南门西侧': {'A': [1, 1, 0, 1, 1, 1, 1, 1, 1, 1], 'B': [1, 1, 1, 1, 0, 0, 1, 1, 0, 1]}, '南门东侧': {'A': [1, 0, 0, 1, 1, 1, 1, 1, 1, 1], 'B': [1, 1, 1, 1, 1, 1, 1, 1, 1, 1]}, '北门东北侧': {'A': [1, 1, 1, 1, 1, 1, 1, 1, 1, 1], 'B': [1, 0, 1, 1, 1, 1, 1, 1, 0, 1], 'C': [1, 1, 0, 1, 0, 1, 1, 1, 1, 0], 'D': [0, 0, 1, 1, 0, 0, 1, 0, 0, 1]}, '北门东南侧': {'A': [0, 1, 1, 1, 1, 0, 1, 1, 1, 1], 'B': [0, 1, 1, 0, 0, 1, 1, 1, 0, 0], 'C': [1, 1, 0, 1, 0, 0, 0, 0, 0, 0], 'D': [1, 1, 0, 0, 1, 1, 1, 1, 0, 1], 'E': [1, 1, 1, 1, 0, 0, 1, 0, 1, 1], 'F': [1, 1, 1, 1, 0, 1, 1, 1, 1, 1]}, '橘园北侧南': {'A': [0, 0, 0, 1, 0, 0, 0, 0, 0, 1], 'B': [0, 0, 0, 0, 0, 1, 1, 0, 1, 0], 'C': [0, 0, 1, 0, 0, 0, 0, 0, 1, 0], 'D': [0, 0, 0, 1, 0, 0, 0, 1, 0, 0], 'E': [1, 0, 0, 0, 0, 0, 0, 0, 0, 1], 'F': [0, 0, 0, 0, 0, 0, 0, 0, 0, 0], 'G': [0, 0, 0, 1, 0, 1, 0, 0, 1, 0], 'H': [0, 1, 1, 1, 1, 1, 1, 1, 1, 1], 'I': [0, 0, 0, 0, 1, 0, 0, 0, 0, 0], 'J': [0, 0, 0, 0, 0, 0, 1, 1, 0, 0]}, '校医院西': {'A': [1, 1, 1, 1, 1, 1, 1, 1, 1, 1], 'B': [1, 1, 1, 0, 1, 1, 1, 0, 1, 1], 'C': [1, 1, 1, 1, 0, 0, 1, 1, 0, 1], 'D': [1, 1, 1, 1, 1, 1, 0, 1, 1, 1], 'E': [1, 1, 1, 1, 1, 1, 1, 1, 1, 1], 'F': [0, 1, 1, 1, 0, 1, 1, 1, 1, 1], 'G': [0, 0, 1, 1, 0, 1, 1, 1, 1, 0], 'H': [0, 0, 0, 0, 0, 0, 0, 0, 0, 1], 'I': [0, 0, 0, 1, 0, 0, 0, 0, 0, 0]}}
623054	2024-07-13 01:37:48.858000+08:00	2024-07-13 01:37:48.858000+08:00	{'东门北侧': {'A': [1, 1, 1, 1, 1, 1, 1, 1, 1, 1], 'B': [1, 1, 1, 1, 1, 1, 1, 1, 1, 1], 'C': [0, 1, 1, 1, 1, 1, 1, 1, 1, 0], 'D': [1, 1, 1, 1, 1, 0, 0, 1, 0, 1], 'E': [1, 1, 1, 1, 1, 1, 1, 0, 1, 1], 'F': [0, 1, 1, 1, 1, 1, 1, 1, 1, 1], 'G': [0, 1, 1, 1, 1, 0, 1, 1, 0, 0], 'H': [1, 1, 1, 1, 0, 1, 1, 1, 0, 0], 'I': [0, 1, 0, 1, 1, 0, 1, 1, 1, 1], 'J': [1, 0, 1, 0, 1, 0, 1, 1, 1, 0], 'K': [0, 1, 1, 0, 0, 1, 1, 1, 0, 0]}, '东门南侧': {'A': [0, 0, 0, 1, 0, 0, 1, 0, 1, 0], 'B': [0, 0, 0, 0, 0, 0, 0, 0, 0, 0]}, '西门北侧': {'A': [1, 1, 1, 1, 1, 1, 1, 1, 1, 1], 'B': [0, 1, 0, 1, 1, 0, 1, 1, 0, 1], 'C': [1, 1, 0, 0, 1, 1, 1, 1, 1, 0]}, '西门南侧': {'A': [0, 1, 1, 1, 1, 0, 1, 0, 1, 1], 'B': [1, 1, 1, 1, 1, 1, 1, 1, 1, 1], 'C': [1, 1, 1, 1, 1, 1, 1, 1, 1, 1]}, '南门西侧': {'A': [1, 1, 0, 1, 1, 1, 1, 1, 1, 1], 'B': [1, 1, 1, 1, 0, 0, 1, 1, 0, 1]}, '南门东侧': {'A': [1, 0, 0, 1, 1, 1, 1, 1, 1, 1], 'B': [1, 1, 1, 1, 1, 1, 1, 1, 1, 1]}, '北门东北侧': {'A': [1, 1, 1, 1, 1, 1, 1, 1, 1, 1], 'B': [1, 0, 1, 1, 1, 1, 1, 1, 0, 1], 'C': [1, 1, 0, 1, 0, 1, 1, 1, 1, 0], 'D': [0, 0, 1, 1, 0, 0, 1, 0, 0, 1]}, '北门东南侧': {'A': [0, 1, 1, 1, 1, 0, 1, 1, 1, 1], 'B': [0, 1, 1, 0, 0, 1, 1, 1, 0, 0], 'C': [1, 1, 0, 1, 0, 0, 0, 0, 0, 0], 'D': [1, 1, 0, 0, 1, 1, 1, 1, 0, 1], 'E': [1, 1, 1, 1, 0, 0, 1, 0, 1, 1], 'F': [1, 1, 1, 1, 0, 1, 1, 1, 1, 1]}, '橘园北侧南': {'A': [0, 0, 0, 1, 0, 0, 0, 0, 0, 1], 'B': [0, 0, 0, 0, 0, 1, 1, 0, 1, 0], 'C': [0, 0, 1, 0, 0, 0, 0, 0, 1, 0], 'D': [0, 0, 0, 1, 0, 0, 0, 1, 0, 0], 'E': [1, 0, 0, 0, 0, 0, 0, 0, 0, 1], 'F': [0, 0, 0, 0, 0, 0, 0, 0, 0, 0], 'G': [0, 0, 0, 1, 0, 1, 0, 0, 1, 0], 'H': [0, 1, 1, 1, 1, 1, 1, 1, 1, 1], 'I': [0, 0, 0, 0, 1, 0, 0, 0, 0, 0], 'J': [0, 0, 0, 0, 0, 0, 1, 1, 0, 0]}, '校医院西': {'A': [1, 1, 1, 1, 1, 1, 1, 1, 1, 1], 'B': [1, 1, 1, 0, 1, 1, 1, 0, 1, 1], 'C': [1, 1, 1, 1, 0, 0, 1, 1, 0, 1], 'D': [1, 1, 1, 1, 1, 1, 0, 1, 1, 1], 'E': [1, 1, 1, 1, 1, 1, 1, 1, 1, 1], 'F': [0, 1, 1, 1, 0, 1, 1, 1, 1, 1], 'G': [0, 0, 1, 1, 0, 1, 1, 1, 1, 0], 'H': [0, 0, 0, 0, 0, 0, 0, 0, 0, 1], 'I': [0, 0, 0, 1, 0, 0, 0, 0, 0, 0]}}
623055	2024-07-13 01:38:50.786000+08:00	2024-07-13 01:38:50.786000+08:00	{'东门北侧': {'A': [1, 1, 1, 1, 1, 1, 1, 1, 1, 1], 'B': [1, 1, 1, 1, 1, 1, 1, 1, 1, 1], 'C': [0, 1, 1, 1, 1, 1, 1, 1, 1, 0], 'D': [1, 1, 1, 1, 1, 0, 0, 1, 0, 1], 'E': [1, 1, 1, 1, 1, 1, 1, 0, 1, 1], 'F': [0, 1, 1, 1, 1, 1, 1, 1, 1, 1], 'G': [0, 1, 1, 1, 1, 0, 1, 1, 0, 0], 'H': [1, 1, 1, 1, 0, 1, 1, 1, 0, 0], 'I': [0, 1, 0, 1, 1, 0, 1, 1, 1, 1], 'J': [1, 0, 1, 0, 1, 0, 1, 1, 1, 0], 'K': [0, 1, 1, 0, 0, 1, 1, 1, 0, 0]}, '东门南侧': {'A': [0, 0, 0, 1, 0, 0, 1, 0, 1, 0], 'B': [0, 0, 0, 0, 0, 0, 0, 0, 0, 0]}, '西门北侧': {'A': [1, 1, 1, 1, 1, 1, 1, 1, 1, 1], 'B': [0, 1, 0, 1, 1, 0, 1, 1, 0, 1], 'C': [1, 1, 0, 0, 1, 1, 1, 1, 1, 0]}, '西门南侧': {'A': [0, 1, 1, 1, 1, 0, 1, 0, 1, 1], 'B': [1, 1, 1, 1, 1, 1, 1, 1, 1, 1], 'C': [1, 1, 1, 1, 1, 1, 1, 1, 1, 1]}, '南门西侧': {'A': [1, 1, 0, 1, 1, 1, 1, 1, 1, 1], 'B': [1, 1, 1, 1, 0, 0, 1, 1, 0, 1]}, '南门东侧': {'A': [1, 0, 0, 1, 1, 1, 1, 1, 1, 1], 'B': [1, 1, 1, 1, 1, 1, 1, 1, 1, 1]}, '北门东北侧': {'A': [1, 1, 1, 1, 1, 1, 1, 1, 1, 1], 'B': [1, 0, 1, 1, 1, 1, 1, 1, 0, 1], 'C': [1, 1, 0, 1, 0, 1, 1, 1, 1, 0], 'D': [0, 0, 1, 1, 0, 0, 1, 0, 0, 1]}, '北门东南侧': {'A': [0, 1, 1, 1, 1, 0, 1, 1, 1, 1], 'B': [0, 1, 1, 0, 0, 1, 1, 1, 0, 0], 'C': [1, 1, 0, 1, 0, 0, 0, 0, 0, 0], 'D': [1, 1, 0, 0, 1, 1, 1, 1, 0, 1], 'E': [1, 1, 1, 1, 0, 0, 1, 0, 1, 1], 'F': [1, 1, 1, 1, 0, 1, 1, 1, 1, 1]}, '橘园北侧南': {'A': [0, 0, 0, 1, 0, 0, 0, 0, 0, 1], 'B': [0, 0, 0, 0, 0, 1, 1, 0, 1, 0], 'C': [0, 0, 1, 0, 0, 0, 0, 0, 1, 0], 'D': [0, 0, 0, 1, 0, 0, 0, 1, 0, 0], 'E': [1, 0, 0, 0, 0, 0, 0, 0, 0, 1], 'F': [0, 0, 0, 0, 0, 0, 0, 0, 0, 0], 'G': [0, 0, 0, 1, 0, 1, 0, 0, 1, 0], 'H': [0, 1, 1, 1, 1, 1, 1, 1, 1, 1], 'I': [0, 0, 0, 0, 1, 0, 0, 0, 0, 0], 'J': [0, 0, 0, 0, 0, 0, 1, 1, 0, 0]}, '校医院西': {'A': [1, 1, 1, 1, 1, 1, 1, 1, 1, 1], 'B': [1, 1, 1, 0, 1, 1, 1, 0, 1, 1], 'C': [1, 1, 1, 1, 0, 0, 1, 1, 0, 1], 'D': [1, 1, 1, 1, 1, 1, 0, 1, 1, 1], 'E': [1, 1, 1, 1, 1, 1, 1, 1, 1, 1], 'F': [0, 1, 1, 1, 0, 1, 1, 1, 1, 1], 'G': [0, 0, 1, 1, 0, 1, 1, 1, 1, 0], 'H': [0, 0, 0, 0, 0, 0, 0, 0, 0, 1], 'I': [0, 0, 0, 1, 0, 0, 0, 0, 0, 0]}}
623056	2024-07-13 01:39:51.453000+08:00	2024-07-13 01:39:51.453000+08:00	{'东门北侧': {'A': [1, 1, 1, 1, 1, 1, 1, 1, 1, 1], 'B': [1, 1, 1, 1, 1, 1, 1, 1, 1, 1], 'C': [0, 1, 1, 1, 1, 1, 1, 1, 1, 0], 'D': [1, 1, 1, 1, 1, 0, 0, 1, 0, 1], 'E': [1, 1, 1, 1, 1, 1, 1, 0, 1, 1], 'F': [0, 1, 1, 1, 1, 1, 1, 1, 1, 1], 'G': [0, 1, 1, 1, 1, 0, 1, 1, 0, 0], 'H': [1, 1, 1, 1, 0, 1, 1, 1, 0, 0], 'I': [0, 1, 0, 1, 1, 0, 1, 1, 1, 1], 'J': [1, 0, 1, 0, 1, 0, 1, 1, 1, 0], 'K': [0, 1, 1, 0, 0, 1, 1, 1, 0, 0]}, '东门南侧': {'A': [0, 0, 0, 1, 0, 0, 1, 0, 1, 0], 'B': [0, 0, 0, 0, 0, 0, 0, 0, 0, 0]}, '西门北侧': {'A': [1, 1, 1, 1, 1, 1, 1, 1, 1, 1], 'B': [0, 1, 0, 1, 1, 0, 1, 1, 0, 1], 'C': [1, 1, 0, 0, 1, 1, 1, 1, 1, 0]}, '西门南侧': {'A': [0, 1, 1, 1, 1, 0, 1, 0, 1, 1], 'B': [1, 1, 1, 1, 1, 1, 1, 1, 1, 1], 'C': [1, 1, 1, 1, 1, 1, 1, 1, 1, 1]}, '南门西侧': {'A': [1, 1, 0, 1, 1, 1, 1, 1, 1, 1], 'B': [1, 1, 1, 1, 0, 0, 1, 1, 0, 1]}, '南门东侧': {'A': [1, 0, 0, 1, 1, 1, 1, 1, 1, 1], 'B': [1, 1, 1, 1, 1, 1, 1, 1, 1, 1]}, '北门东北侧': {'A': [1, 1, 1, 1, 1, 1, 1, 1, 1, 1], 'B': [1, 0, 1, 1, 1, 1, 1, 1, 0, 1], 'C': [1, 1, 0, 1, 0, 1, 1, 1, 1, 0], 'D': [0, 0, 1, 1, 0, 0, 1, 0, 0, 1]}, '北门东南侧': {'A': [0, 1, 1, 1, 1, 0, 1, 1, 1, 1], 'B': [0, 1, 1, 0, 0, 1, 1, 1, 0, 0], 'C': [1, 1, 0, 1, 0, 0, 0, 0, 0, 0], 'D': [1, 1, 0, 0, 1, 1, 1, 1, 0, 1], 'E': [1, 1, 1, 1, 0, 0, 1, 0, 1, 1], 'F': [1, 1, 1, 1, 0, 1, 1, 1, 1, 1]}, '橘园北侧南': {'A': [0, 0, 0, 1, 0, 0, 0, 0, 0, 1], 'B': [0, 0, 0, 0, 0, 1, 1, 0, 1, 0], 'C': [0, 0, 1, 0, 0, 0, 0, 0, 1, 0], 'D': [0, 0, 0, 1, 0, 0, 0, 1, 0, 0], 'E': [1, 0, 0, 0, 0, 0, 0, 0, 0, 1], 'F': [0, 0, 0, 0, 0, 0, 0, 0, 0, 0], 'G': [0, 0, 0, 1, 0, 1, 0, 0, 1, 0], 'H': [0, 1, 1, 1, 1, 1, 1, 1, 1, 1], 'I': [0, 0, 0, 0, 1, 0, 0, 0, 1, 0], 'J': [0, 0, 0, 0, 0, 0, 1, 1, 0, 0]}, '校医院西': {'A': [1, 1, 1, 1, 1, 1, 1, 1, 1, 1], 'B': [1, 1, 1, 0, 1, 1, 1, 0, 1, 1], 'C': [1, 1, 1, 1, 0, 0, 1, 1, 0, 1], 'D': [1, 1, 1, 1, 1, 1, 0, 1, 1, 1], 'E': [1, 1, 1, 1, 1, 1, 1, 1, 1, 1], 'F': [0, 1, 1, 1, 0, 1, 1, 1, 1, 1], 'G': [0, 0, 1, 1, 0, 1, 1, 1, 1, 0], 'H': [0, 0, 0, 0, 0, 0, 0, 0, 0, 1], 'I': [0, 0, 0, 1, 0, 0, 0, 0, 0, 0]}}
623057	2024-07-13 01:40:48.507000+08:00	2024-07-13 01:40:48.507000+08:00	{'东门北侧': {'A': [1, 1, 1, 1, 1, 1, 1, 1, 1, 1], 'B': [1, 1, 1, 1, 1, 1, 1, 1, 1, 1], 'C': [0, 1, 1, 1, 1, 1, 1, 1, 1, 0], 'D': [1, 1, 1, 1, 1, 0, 0, 1, 0, 1], 'E': [1, 1, 1, 1, 1, 1, 1, 0, 1, 1], 'F': [0, 1, 1, 1, 1, 1, 1, 1, 1, 1], 'G': [0, 1, 1, 1, 1, 0, 1, 1, 0, 0], 'H': [1, 1, 1, 1, 0, 1, 1, 1, 0, 0], 'I': [0, 1, 0, 1, 1, 0, 1, 1, 1, 1], 'J': [1, 0, 1, 0, 1, 0, 1, 1, 1, 0], 'K': [0, 1, 1, 0, 0, 1, 1, 1, 0, 0]}, '东门南侧': {'A': [0, 0, 0, 1, 0, 0, 1, 0, 1, 0], 'B': [0, 0, 0, 0, 0, 0, 0, 0, 0, 0]}, '西门北侧': {'A': [1, 1, 1, 1, 1, 1, 1, 1, 1, 1], 'B': [0, 1, 0, 1, 1, 0, 1, 1, 0, 1], 'C': [1, 1, 0, 0, 1, 1, 1, 1, 1, 0]}, '西门南侧': {'A': [0, 1, 1, 1, 1, 0, 1, 0, 1, 1], 'B': [1, 1, 1, 1, 1, 1, 1, 1, 1, 1], 'C': [1, 1, 1, 1, 1, 1, 1, 1, 1, 1]}, '南门西侧': {'A': [1, 1, 0, 1, 1, 1, 1, 1, 1, 1], 'B': [1, 1, 1, 1, 0, 0, 1, 1, 0, 1]}, '南门东侧': {'A': [1, 0, 0, 1, 1, 1, 1, 1, 1, 1], 'B': [1, 1, 1, 1, 1, 1, 1, 1, 1, 1]}, '北门东北侧': {'A': [1, 1, 1, 1, 1, 1, 1, 1, 1, 1], 'B': [1, 0, 1, 1, 1, 1, 1, 1, 0, 1], 'C': [1, 1, 0, 1, 0, 1, 1, 1, 1, 0], 'D': [0, 0, 1, 1, 0, 0, 1, 0, 0, 1]}, '北门东南侧': {'A': [0, 1, 1, 1, 1, 0, 1, 1, 1, 1], 'B': [0, 1, 1, 0, 0, 1, 1, 1, 0, 0], 'C': [1, 1, 0, 1, 0, 0, 0, 0, 0, 0], 'D': [1, 1, 0, 0, 1, 1, 1, 1, 0, 1], 'E': [1, 1, 1, 1, 0, 0, 1, 0, 1, 1], 'F': [1, 1, 1, 1, 0, 1, 1, 1, 1, 1]}, '橘园北侧南': {'A': [0, 0, 0, 1, 0, 0, 0, 0, 0, 1], 'B': [0, 0, 0, 0, 0, 1, 1, 0, 1, 0], 'C': [0, 0, 1, 0, 0, 0, 0, 0, 1, 0], 'D': [0, 0, 0, 1, 0, 0, 0, 1, 0, 0], 'E': [1, 0, 0, 0, 0, 0, 0, 0, 0, 1], 'F': [0, 0, 0, 0, 0, 0, 0, 0, 0, 0], 'G': [0, 0, 0, 1, 0, 1, 0, 0, 1, 0], 'H': [0, 1, 1, 1, 1, 1, 1, 1, 1, 1], 'I': [0, 0, 0, 0, 1, 0, 0, 0, 1, 0], 'J': [0, 0, 0, 0, 0, 0, 1, 1, 0, 0]}, '校医院西': {'A': [1, 1, 1, 1, 1, 1, 1, 1, 1, 1], 'B': [1, 1, 1, 0, 1, 1, 1, 0, 1, 1], 'C': [1, 1, 1, 1, 0, 0, 1, 1, 0, 1], 'D': [1, 1, 1, 1, 1, 1, 0, 1, 1, 1], 'E': [1, 1, 1, 1, 1, 1, 1, 1, 1, 1], 'F': [0, 1, 1, 1, 0, 1, 1, 1, 1, 1], 'G': [0, 0, 1, 1, 0, 1, 1, 1, 1, 0], 'H': [0, 0, 0, 0, 0, 0, 0, 0, 0, 1], 'I': [0, 0, 0, 1, 0, 0, 0, 0, 0, 0]}}
623058	2024-07-13 01:41:48.335000+08:00	2024-07-13 01:41:48.335000+08:00	{'东门北侧': {'A': [1, 1, 1, 1, 1, 1, 1, 1, 1, 1], 'B': [1, 1, 1, 1, 1, 1, 1, 1, 1, 1], 'C': [0, 1, 1, 1, 1, 1, 1, 1, 1, 0], 'D': [1, 1, 1, 1, 1, 0, 0, 1, 0, 1], 'E': [1, 1, 1, 1, 1, 1, 1, 0, 1, 1], 'F': [0, 1, 1, 1, 1, 1, 1, 1, 1, 1], 'G': [0, 1, 1, 1, 1, 0, 1, 1, 0, 0], 'H': [1, 1, 1, 1, 0, 1, 1, 1, 0, 0], 'I': [0, 1, 0, 1, 1, 0, 1, 1, 1, 1], 'J': [1, 0, 1, 0, 1, 0, 1, 1, 1, 0], 'K': [0, 1, 1, 0, 0, 1, 1, 1, 0, 0]}, '东门南侧': {'A': [0, 0, 0, 1, 0, 0, 1, 0, 1, 0], 'B': [0, 0, 0, 0, 0, 0, 0, 0, 0, 0]}, '西门北侧': {'A': [1, 1, 1, 1, 1, 1, 1, 1, 1, 1], 'B': [0, 1, 0, 1, 1, 0, 1, 1, 0, 1], 'C': [1, 1, 0, 0, 1, 1, 1, 1, 1, 0]}, '西门南侧': {'A': [0, 1, 1, 1, 1, 0, 1, 0, 1, 1], 'B': [1, 1, 1, 1, 1, 1, 1, 1, 1, 1], 'C': [1, 1, 1, 1, 1, 1, 1, 1, 1, 1]}, '南门西侧': {'A': [1, 1, 0, 1, 1, 1, 1, 1, 1, 1], 'B': [1, 1, 1, 1, 0, 0, 1, 1, 0, 1]}, '南门东侧': {'A': [1, 0, 0, 1, 1, 1, 1, 1, 1, 1], 'B': [1, 1, 1, 1, 1, 1, 1, 1, 1, 1]}, '北门东北侧': {'A': [1, 1, 1, 1, 1, 1, 1, 1, 1, 1], 'B': [1, 0, 1, 1, 1, 1, 1, 1, 0, 1], 'C': [1, 1, 0, 1, 0, 1, 1, 1, 1, 0], 'D': [0, 0, 1, 1, 0, 0, 1, 0, 0, 1]}, '北门东南侧': {'A': [0, 1, 1, 1, 1, 0, 1, 1, 1, 1], 'B': [0, 1, 1, 0, 0, 1, 1, 1, 0, 0], 'C': [1, 1, 0, 1, 0, 0, 0, 0, 0, 0], 'D': [1, 1, 0, 0, 1, 1, 1, 1, 0, 1], 'E': [1, 1, 1, 1, 0, 0, 1, 0, 1, 1], 'F': [1, 1, 1, 1, 0, 1, 1, 1, 1, 1]}, '橘园北侧南': {'A': [0, 0, 0, 1, 0, 0, 0, 0, 0, 1], 'B': [0, 0, 0, 0, 0, 1, 1, 0, 1, 0], 'C': [0, 0, 1, 0, 0, 0, 0, 0, 1, 0], 'D': [0, 0, 0, 1, 0, 0, 0, 1, 0, 0], 'E': [1, 0, 0, 0, 0, 0, 0, 0, 0, 1], 'F': [0, 0, 0, 0, 0, 0, 0, 0, 0, 0], 'G': [0, 0, 0, 1, 0, 1, 0, 0, 1, 0], 'H': [0, 1, 1, 1, 1, 1, 1, 1, 1, 1], 'I': [0, 0, 0, 0, 1, 0, 0, 0, 1, 0], 'J': [0, 0, 0, 0, 0, 0, 1, 1, 0, 0]}, '校医院西': {'A': [1, 1, 1, 1, 1, 1, 1, 1, 1, 1], 'B': [1, 1, 1, 0, 1, 1, 1, 0, 1, 1], 'C': [1, 1, 1, 1, 0, 0, 1, 1, 0, 1], 'D': [1, 1, 1, 1, 1, 1, 1, 1, 1, 1], 'E': [1, 1, 1, 1, 1, 1, 1, 1, 1, 1], 'F': [0, 1, 1, 1, 0, 1, 1, 1, 1, 1], 'G': [0, 0, 1, 1, 0, 1, 1, 1, 1, 0], 'H': [0, 0, 0, 0, 0, 0, 1, 0, 0, 1], 'I': [0, 0, 0, 1, 0, 0, 0, 0, 0, 0]}}
623059	2024-07-13 01:42:49.963000+08:00	2024-07-13 01:42:49.963000+08:00	{'东门北侧': {'A': [1, 1, 1, 1, 1, 1, 1, 1, 1, 1], 'B': [1, 1, 1, 1, 1, 1, 1, 1, 1, 1], 'C': [0, 1, 1, 1, 1, 1, 1, 1, 1, 0], 'D': [1, 1, 1, 1, 1, 0, 0, 1, 0, 1], 'E': [1, 1, 1, 1, 1, 1, 1, 0, 1, 1], 'F': [0, 1, 1, 1, 1, 1, 1, 1, 1, 1], 'G': [0, 1, 1, 1, 1, 0, 1, 1, 0, 0], 'H': [1, 1, 1, 1, 0, 1, 1, 1, 0, 0], 'I': [0, 1, 0, 1, 1, 0, 1, 1, 1, 1], 'J': [1, 0, 1, 0, 1, 0, 1, 1, 1, 0], 'K': [0, 1, 1, 0, 0, 1, 1, 1, 0, 0]}, '东门南侧': {'A': [0, 0, 0, 1, 0, 0, 1, 0, 1, 0], 'B': [0, 0, 0, 0, 0, 0, 0, 0, 0, 0]}, '西门北侧': {'A': [1, 1, 1, 1, 1, 1, 1, 1, 1, 1], 'B': [0, 1, 0, 1, 1, 0, 1, 1, 0, 1], 'C': [1, 1, 0, 0, 1, 1, 1, 1, 1, 0]}, '西门南侧': {'A': [0, 1, 1, 1, 1, 0, 1, 0, 1, 1], 'B': [1, 1, 1, 1, 1, 1, 1, 1, 1, 1], 'C': [1, 1, 1, 1, 1, 1, 1, 1, 1, 1]}, '南门西侧': {'A': [1, 1, 0, 1, 1, 1, 1, 1, 1, 1], 'B': [1, 1, 1, 1, 0, 0, 1, 1, 0, 1]}, '南门东侧': {'A': [1, 0, 0, 1, 1, 1, 1, 1, 1, 1], 'B': [1, 1, 1, 1, 1, 1, 1, 1, 1, 1]}, '北门东北侧': {'A': [1, 1, 1, 1, 1, 1, 1, 1, 1, 1], 'B': [1, 0, 1, 1, 1, 1, 1, 1, 0, 1], 'C': [1, 1, 0, 1, 0, 1, 1, 1, 1, 0], 'D': [0, 0, 1, 1, 0, 0, 1, 0, 0, 1]}, '北门东南侧': {'A': [0, 1, 1, 1, 1, 0, 1, 1, 1, 1], 'B': [0, 1, 1, 0, 0, 1, 1, 1, 0, 0], 'C': [1, 1, 0, 1, 0, 0, 0, 0, 0, 0], 'D': [1, 1, 0, 0, 1, 1, 1, 1, 0, 1], 'E': [1, 1, 1, 1, 0, 0, 1, 0, 1, 1], 'F': [1, 1, 1, 1, 0, 1, 1, 1, 1, 1]}, '橘园北侧南': {'A': [0, 0, 0, 1, 0, 0, 0, 0, 0, 1], 'B': [0, 0, 0, 0, 0, 1, 1, 0, 1, 0], 'C': [0, 0, 1, 0, 0, 0, 0, 0, 1, 0], 'D': [0, 0, 0, 1, 0, 0, 0, 1, 0, 0], 'E': [1, 0, 0, 0, 0, 0, 0, 0, 0, 1], 'F': [0, 0, 0, 0, 0, 0, 0, 0, 0, 0], 'G': [0, 0, 0, 1, 0, 1, 0, 0, 1, 0], 'H': [0, 1, 1, 1, 1, 1, 1, 1, 1, 1], 'I': [0, 0, 0, 0, 1, 0, 0, 0, 1, 0], 'J': [0, 0, 0, 0, 0, 0, 1, 1, 0, 0]}, '校医院西': {'A': [1, 1, 1, 1, 1, 1, 1, 1, 1, 1], 'B': [1, 1, 1, 0, 1, 1, 1, 0, 1, 1], 'C': [1, 1, 1, 1, 0, 0, 1, 1, 0, 1], 'D': [1, 1, 1, 1, 1, 1, 1, 1, 1, 1], 'E': [1, 1, 1, 1, 1, 1, 1, 1, 1, 1], 'F': [0, 1, 1, 1, 0, 1, 1, 1, 1, 1], 'G': [0, 0, 1, 1, 0, 1, 1, 1, 1, 0], 'H': [0, 0, 0, 0, 0, 0, 1, 0, 0, 1], 'I': [0, 0, 0, 1, 0, 0, 0, 0, 0, 1]}}
623060	2024-07-13 01:43:51.710000+08:00	2024-07-13 01:43:51.710000+08:00	{'东门北侧': {'A': [1, 1, 1, 1, 1, 1, 1, 1, 1, 1], 'B': [1, 1, 1, 1, 1, 1, 1, 1, 1, 1], 'C': [0, 1, 1, 1, 1, 1, 1, 1, 1, 0], 'D': [1, 1, 1, 1, 1, 0, 0, 1, 0, 1], 'E': [1, 1, 1, 1, 1, 1, 1, 0, 1, 1], 'F': [0, 1, 1, 1, 1, 1, 1, 1, 1, 1], 'G': [0, 1, 1, 1, 1, 0, 1, 1, 0, 0], 'H': [1, 1, 1, 1, 0, 1, 1, 1, 0, 0], 'I': [0, 1, 0, 1, 1, 0, 1, 1, 1, 1], 'J': [1, 0, 1, 0, 1, 0, 1, 1, 1, 0], 'K': [0, 1, 1, 0, 0, 1, 1, 1, 0, 0]}, '东门南侧': {'A': [0, 0, 0, 1, 0, 0, 1, 0, 1, 0], 'B': [0, 0, 0, 0, 0, 0, 0, 0, 0, 0]}, '西门北侧': {'A': [1, 1, 1, 1, 1, 1, 1, 1, 1, 1], 'B': [0, 1, 0, 1, 1, 0, 1, 1, 0, 1], 'C': [1, 1, 0, 0, 1, 1, 1, 1, 1, 0]}, '西门南侧': {'A': [0, 1, 1, 1, 1, 0, 1, 0, 1, 1], 'B': [1, 1, 1, 1, 1, 1, 1, 1, 1, 1], 'C': [1, 1, 1, 1, 1, 1, 1, 1, 1, 1]}, '南门西侧': {'A': [1, 1, 0, 1, 1, 1, 1, 1, 1, 1], 'B': [1, 1, 1, 1, 0, 0, 1, 1, 0, 1]}, '南门东侧': {'A': [1, 0, 0, 1, 1, 1, 1, 1, 1, 1], 'B': [1, 1, 1, 1, 1, 1, 1, 1, 1, 1]}, '北门东北侧': {'A': [1, 1, 1, 1, 1, 1, 1, 1, 1, 1], 'B': [1, 0, 1, 1, 1, 1, 1, 1, 0, 1], 'C': [1, 1, 0, 1, 0, 1, 1, 1, 1, 0], 'D': [0, 0, 1, 1, 0, 0, 1, 0, 0, 1]}, '北门东南侧': {'A': [0, 1, 1, 1, 1, 0, 1, 1, 1, 1], 'B': [0, 1, 1, 0, 0, 1, 1, 1, 0, 0], 'C': [1, 1, 0, 1, 0, 0, 0, 0, 0, 0], 'D': [1, 1, 0, 0, 1, 1, 1, 1, 0, 1], 'E': [1, 1, 1, 1, 0, 0, 1, 0, 1, 1], 'F': [1, 1, 1, 1, 0, 1, 1, 1, 1, 1]}, '橘园北侧南': {'A': [0, 0, 0, 1, 0, 0, 0, 0, 0, 1], 'B': [0, 0, 0, 0, 0, 1, 1, 0, 1, 0], 'C': [0, 0, 1, 0, 0, 0, 0, 0, 1, 0], 'D': [0, 0, 0, 1, 0, 0, 0, 1, 0, 0], 'E': [1, 0, 0, 0, 0, 0, 0, 0, 0, 1], 'F': [0, 0, 0, 0, 0, 0, 0, 0, 0, 0], 'G': [0, 0, 0, 1, 0, 1, 0, 0, 1, 0], 'H': [0, 1, 1, 1, 1, 1, 1, 1, 1, 1], 'I': [0, 0, 0, 0, 1, 0, 0, 0, 1, 0], 'J': [0, 0, 0, 0, 0, 0, 1, 1, 0, 0]}, '校医院西': {'A': [1, 1, 1, 1, 1, 1, 1, 1, 1, 1], 'B': [1, 1, 1, 0, 1, 1, 1, 0, 1, 1], 'C': [1, 1, 1, 1, 0, 0, 1, 1, 0, 1], 'D': [1, 1, 1, 1, 1, 1, 1, 1, 1, 1], 'E': [1, 1, 1, 1, 1, 1, 1, 1, 1, 1], 'F': [0, 1, 1, 1, 0, 1, 1, 1, 1, 1], 'G': [0, 0, 1, 1, 0, 1, 1, 1, 1, 0], 'H': [0, 0, 0, 0, 0, 0, 1, 0, 0, 1], 'I': [0, 0, 0, 1, 0, 0, 0, 0, 0, 1]}}
623061	2024-07-13 01:44:50.958000+08:00	2024-07-13 01:44:50.958000+08:00	{'东门北侧': {'A': [1, 1, 1, 1, 1, 1, 1, 1, 1, 1], 'B': [1, 1, 1, 1, 1, 1, 1, 1, 1, 1], 'C': [0, 1, 1, 1, 1, 1, 1, 1, 1, 0], 'D': [1, 1, 1, 1, 1, 0, 0, 1, 0, 1], 'E': [1, 1, 1, 1, 1, 1, 1, 0, 1, 1], 'F': [0, 1, 1, 1, 1, 1, 1, 1, 1, 1], 'G': [0, 1, 1, 1, 1, 0, 1, 1, 0, 0], 'H': [1, 1, 1, 1, 0, 1, 1, 1, 0, 0], 'I': [0, 1, 0, 1, 1, 0, 1, 1, 1, 1], 'J': [1, 0, 1, 0, 1, 0, 1, 1, 1, 0], 'K': [0, 1, 1, 0, 0, 1, 1, 1, 0, 0]}, '东门南侧': {'A': [0, 0, 0, 1, 0, 0, 1, 0, 1, 0], 'B': [0, 0, 0, 0, 0, 0, 0, 0, 0, 0]}, '西门北侧': {'A': [1, 1, 1, 1, 1, 1, 1, 1, 1, 1], 'B': [0, 1, 0, 1, 1, 0, 1, 1, 0, 1], 'C': [1, 1, 0, 0, 1, 1, 1, 1, 1, 0]}, '西门南侧': {'A': [0, 1, 1, 1, 1, 0, 1, 0, 1, 1], 'B': [1, 1, 1, 1, 1, 1, 1, 1, 1, 1], 'C': [1, 1, 1, 1, 1, 1, 1, 1, 1, 1]}, '南门西侧': {'A': [1, 1, 0, 1, 1, 1, 1, 1, 1, 1], 'B': [1, 1, 1, 1, 0, 0, 1, 1, 0, 1]}, '南门东侧': {'A': [1, 0, 0, 1, 1, 1, 1, 1, 1, 1], 'B': [1, 1, 1, 1, 1, 1, 1, 1, 1, 1]}, '北门东北侧': {'A': [1, 1, 1, 1, 1, 1, 1, 1, 1, 1], 'B': [1, 0, 1, 1, 1, 1, 1, 1, 0, 1], 'C': [1, 1, 0, 1, 0, 1, 1, 1, 1, 0], 'D': [0, 0, 1, 1, 0, 0, 1, 0, 0, 1]}, '北门东南侧': {'A': [0, 1, 1, 1, 1, 0, 1, 1, 1, 1], 'B': [0, 1, 1, 0, 0, 1, 1, 1, 0, 0], 'C': [1, 1, 0, 1, 0, 0, 0, 0, 0, 0], 'D': [1, 1, 0, 0, 1, 1, 1, 1, 0, 1], 'E': [1, 1, 1, 1, 0, 0, 1, 0, 1, 1], 'F': [1, 1, 1, 1, 0, 1, 1, 1, 1, 1]}, '橘园北侧南': {'A': [0, 0, 0, 1, 0, 0, 0, 0, 0, 1], 'B': [0, 0, 0, 0, 0, 1, 1, 0, 1, 0], 'C': [0, 0, 1, 0, 0, 0, 0, 0, 1, 0], 'D': [0, 0, 0, 1, 0, 0, 0, 1, 0, 0], 'E': [1, 0, 0, 0, 0, 0, 0, 0, 0, 1], 'F': [0, 0, 0, 0, 0, 0, 0, 0, 0, 0], 'G': [0, 0, 0, 1, 0, 1, 0, 0, 1, 0], 'H': [0, 1, 1, 1, 1, 1, 1, 1, 1, 1], 'I': [0, 0, 0, 0, 1, 0, 0, 0, 1, 0], 'J': [0, 0, 0, 0, 0, 0, 1, 1, 0, 0]}, '校医院西': {'A': [1, 1, 1, 1, 1, 1, 1, 1, 1, 1], 'B': [1, 1, 1, 0, 1, 1, 1, 0, 1, 1], 'C': [1, 1, 1, 1, 0, 0, 1, 1, 0, 1], 'D': [1, 1, 1, 1, 1, 1, 1, 1, 1, 1], 'E': [1, 1, 1, 1, 1, 1, 1, 1, 1, 1], 'F': [0, 1, 1, 1, 0, 1, 1, 1, 1, 1], 'G': [0, 0, 1, 1, 0, 1, 1, 1, 1, 0], 'H': [0, 0, 0, 0, 0, 0, 1, 0, 0, 1], 'I': [0, 0, 0, 1, 0, 0, 0, 0, 0, 1]}}
623062	2024-07-13 01:45:50.234000+08:00	2024-07-13 01:45:50.234000+08:00	{'东门北侧': {'A': [1, 1, 1, 1, 1, 1, 1, 1, 1, 1], 'B': [1, 1, 1, 1, 1, 1, 1, 1, 1, 1], 'C': [0, 1, 1, 1, 1, 1, 1, 1, 1, 0], 'D': [1, 1, 1, 1, 1, 0, 0, 1, 0, 1], 'E': [1, 1, 1, 1, 1, 1, 1, 0, 1, 1], 'F': [0, 1, 1, 1, 1, 1, 1, 1, 1, 1], 'G': [0, 1, 1, 1, 1, 0, 1, 1, 0, 0], 'H': [1, 1, 1, 1, 0, 1, 1, 1, 0, 0], 'I': [0, 1, 0, 1, 1, 0, 1, 1, 1, 1], 'J': [1, 0, 1, 0, 1, 0, 1, 1, 1, 0], 'K': [0, 1, 1, 0, 0, 1, 1, 1, 0, 0]}, '东门南侧': {'A': [0, 0, 0, 1, 0, 0, 1, 0, 1, 0], 'B': [0, 0, 0, 0, 0, 0, 0, 0, 0, 0]}, '西门北侧': {'A': [1, 1, 1, 1, 1, 1, 1, 1, 1, 1], 'B': [0, 1, 0, 1, 1, 0, 1, 1, 0, 1], 'C': [1, 1, 0, 0, 1, 1, 1, 1, 1, 0]}, '西门南侧': {'A': [0, 1, 1, 1, 1, 0, 1, 0, 1, 1], 'B': [1, 1, 1, 1, 1, 1, 1, 1, 1, 1], 'C': [1, 1, 1, 1, 1, 1, 1, 1, 1, 1]}, '南门西侧': {'A': [1, 1, 0, 1, 1, 1, 1, 1, 1, 1], 'B': [1, 1, 1, 1, 0, 0, 1, 1, 0, 1]}, '南门东侧': {'A': [1, 0, 0, 1, 1, 1, 1, 1, 1, 1], 'B': [1, 1, 1, 1, 1, 1, 1, 1, 1, 1]}, '北门东北侧': {'A': [1, 1, 1, 1, 1, 1, 1, 1, 1, 1], 'B': [1, 0, 1, 1, 1, 1, 1, 1, 0, 1], 'C': [1, 1, 0, 1, 0, 1, 1, 1, 1, 0], 'D': [0, 0, 1, 1, 0, 0, 1, 0, 0, 1]}, '北门东南侧': {'A': [0, 1, 1, 1, 1, 0, 1, 1, 1, 1], 'B': [0, 1, 1, 0, 0, 1, 1, 1, 0, 0], 'C': [1, 1, 0, 1, 0, 0, 0, 0, 0, 0], 'D': [1, 1, 0, 0, 1, 1, 1, 1, 0, 1], 'E': [1, 1, 1, 1, 0, 0, 1, 0, 1, 1], 'F': [1, 1, 1, 1, 0, 1, 1, 1, 1, 1]}, '橘园北侧南': {'A': [0, 0, 0, 1, 0, 0, 0, 0, 0, 1], 'B': [0, 0, 0, 0, 0, 1, 1, 0, 1, 0], 'C': [0, 0, 1, 0, 0, 0, 0, 0, 1, 0], 'D': [0, 0, 0, 1, 0, 0, 0, 1, 0, 0], 'E': [1, 0, 0, 0, 0, 0, 0, 0, 0, 1], 'F': [0, 0, 0, 0, 1, 0, 0, 0, 0, 0], 'G': [0, 0, 0, 1, 0, 1, 0, 0, 1, 0], 'H': [0, 1, 1, 1, 1, 1, 1, 1, 1, 1], 'I': [0, 0, 0, 0, 1, 0, 0, 0, 1, 0], 'J': [0, 0, 0, 0, 0, 0, 1, 1, 0, 0]}, '校医院西': {'A': [1, 1, 1, 1, 1, 1, 1, 1, 1, 1], 'B': [1, 1, 1, 0, 1, 1, 1, 0, 1, 1], 'C': [1, 1, 1, 1, 0, 0, 1, 1, 0, 1], 'D': [1, 1, 1, 1, 1, 1, 1, 1, 1, 1], 'E': [1, 1, 1, 1, 1, 1, 1, 1, 1, 1], 'F': [0, 1, 1, 1, 0, 1, 1, 1, 1, 1], 'G': [0, 0, 1, 1, 0, 1, 1, 1, 1, 0], 'H': [0, 0, 0, 0, 0, 0, 1, 0, 0, 1], 'I': [0, 0, 0, 1, 0, 0, 0, 0, 0, 1]}}
623063	2024-07-13 01:47:18.716000+08:00	2024-07-13 01:47:18.716000+08:00	{'东门北侧': {'A': [1, 1, 1, 1, 1, 1, 1, 1, 1, 1], 'B': [1, 1, 1, 1, 1, 1, 1, 1, 1, 1], 'C': [0, 1, 1, 1, 1, 1, 1, 1, 1, 0], 'D': [1, 1, 1, 1, 1, 0, 0, 1, 0, 1], 'E': [1, 1, 1, 1, 1, 1, 1, 0, 1, 1], 'F': [0, 1, 1, 1, 1, 1, 1, 1, 1, 1], 'G': [0, 1, 1, 1, 1, 0, 1, 1, 0, 0], 'H': [1, 1, 1, 1, 0, 1, 1, 1, 0, 0], 'I': [0, 1, 0, 1, 1, 0, 1, 1, 1, 1], 'J': [1, 0, 1, 0, 1, 0, 1, 1, 1, 0], 'K': [0, 1, 1, 0, 0, 1, 1, 1, 0, 0]}, '东门南侧': {'A': [0, 0, 0, 1, 0, 0, 1, 0, 1, 0], 'B': [0, 0, 0, 0, 0, 0, 0, 0, 0, 0]}, '西门北侧': {'A': [1, 1, 1, 1, 1, 1, 1, 1, 1, 1], 'B': [0, 1, 0, 1, 1, 0, 1, 1, 0, 1], 'C': [1, 1, 0, 0, 1, 1, 1, 1, 1, 0]}, '西门南侧': {'A': [0, 1, 1, 1, 1, 0, 1, 0, 1, 1], 'B': [1, 1, 1, 1, 1, 1, 1, 1, 1, 1], 'C': [1, 1, 1, 1, 1, 1, 1, 1, 1, 1]}, '南门西侧': {'A': [1, 1, 0, 1, 1, 1, 1, 1, 1, 1], 'B': [1, 1, 1, 1, 0, 0, 1, 1, 0, 1]}, '南门东侧': {'A': [1, 0, 0, 1, 1, 1, 1, 1, 1, 1], 'B': [1, 1, 1, 1, 1, 1, 1, 1, 1, 1]}, '北门东北侧': {'A': [1, 1, 1, 1, 1, 1, 1, 1, 1, 1], 'B': [1, 0, 1, 1, 1, 1, 1, 1, 0, 1], 'C': [1, 1, 0, 1, 0, 1, 1, 1, 1, 0], 'D': [0, 0, 1, 1, 0, 0, 1, 0, 0, 1]}, '北门东南侧': {'A': [0, 1, 1, 1, 1, 0, 1, 1, 1, 1], 'B': [0, 1, 1, 0, 0, 1, 1, 1, 0, 0], 'C': [1, 1, 0, 1, 0, 0, 0, 0, 0, 0], 'D': [1, 1, 0, 0, 1, 1, 1, 1, 0, 1], 'E': [1, 1, 1, 1, 0, 0, 1, 0, 1, 1], 'F': [1, 1, 1, 1, 0, 1, 1, 1, 1, 1]}, '橘园北侧南': {'A': [0, 0, 0, 1, 0, 0, 0, 0, 0, 1], 'B': [0, 0, 0, 0, 0, 1, 1, 0, 1, 0], 'C': [0, 0, 1, 0, 0, 0, 0, 0, 1, 0], 'D': [0, 0, 0, 1, 0, 0, 0, 1, 0, 0], 'E': [1, 0, 0, 0, 0, 0, 0, 0, 0, 1], 'F': [0, 0, 0, 0, 1, 0, 0, 0, 0, 0], 'G': [0, 0, 0, 1, 0, 1, 0, 0, 1, 0], 'H': [0, 1, 1, 1, 1, 1, 1, 1, 1, 1], 'I': [0, 0, 0, 0, 1, 0, 0, 0, 1, 0], 'J': [0, 0, 0, 0, 0, 0, 1, 1, 0, 0]}, '校医院西': {'A': [1, 1, 1, 1, 1, 1, 1, 1, 1, 1], 'B': [1, 1, 1, 0, 1, 1, 1, 0, 1, 1], 'C': [1, 1, 1, 1, 0, 0, 1, 1, 0, 1], 'D': [1, 1, 1, 1, 1, 1, 1, 1, 1, 1], 'E': [1, 1, 1, 1, 1, 1, 1, 1, 1, 1], 'F': [0, 1, 1, 1, 0, 1, 1, 1, 1, 1], 'G': [0, 0, 1, 1, 0, 1, 1, 1, 1, 0], 'H': [0, 0, 0, 0, 0, 0, 1, 0, 0, 1], 'I': [0, 0, 0, 1, 0, 0, 0, 0, 0, 1]}}
623064	2024-07-13 01:47:54.940000+08:00	2024-07-13 01:47:54.940000+08:00	{'东门北侧': {'A': [1, 1, 1, 1, 1, 1, 1, 1, 1, 1], 'B': [1, 1, 1, 1, 1, 1, 1, 1, 1, 1], 'C': [0, 1, 1, 1, 1, 1, 1, 1, 1, 0], 'D': [1, 1, 1, 1, 1, 0, 0, 1, 0, 1], 'E': [1, 1, 1, 0, 1, 1, 1, 0, 1, 1], 'F': [0, 1, 1, 1, 1, 1, 1, 1, 1, 1], 'G': [0, 1, 1, 1, 1, 0, 1, 1, 0, 0], 'H': [1, 1, 1, 1, 0, 1, 1, 1, 0, 0], 'I': [0, 1, 0, 1, 1, 0, 1, 1, 1, 1], 'J': [1, 0, 1, 0, 1, 0, 1, 1, 1, 0], 'K': [0, 1, 1, 0, 0, 1, 1, 1, 0, 0]}, '东门南侧': {'A': [0, 0, 0, 1, 0, 0, 1, 0, 1, 0], 'B': [0, 0, 0, 0, 0, 0, 0, 0, 0, 0]}, '西门北侧': {'A': [1, 1, 1, 1, 1, 1, 1, 1, 1, 1], 'B': [0, 1, 0, 1, 1, 0, 1, 1, 0, 1], 'C': [1, 1, 0, 0, 1, 1, 1, 1, 1, 0]}, '西门南侧': {'A': [0, 1, 1, 1, 1, 0, 1, 0, 1, 1], 'B': [1, 1, 1, 1, 1, 1, 1, 1, 1, 1], 'C': [1, 1, 1, 1, 1, 1, 1, 1, 1, 1]}, '南门西侧': {'A': [1, 1, 0, 1, 1, 1, 1, 1, 1, 1], 'B': [1, 1, 1, 1, 0, 0, 1, 1, 0, 1]}, '南门东侧': {'A': [1, 0, 0, 1, 1, 1, 1, 1, 1, 1], 'B': [1, 1, 1, 1, 1, 1, 1, 1, 1, 1]}, '北门东北侧': {'A': [1, 1, 1, 1, 1, 1, 1, 1, 1, 1], 'B': [1, 0, 1, 1, 1, 1, 1, 1, 0, 1], 'C': [1, 1, 0, 1, 0, 1, 1, 1, 1, 0], 'D': [0, 0, 1, 1, 0, 0, 1, 0, 0, 1]}, '北门东南侧': {'A': [0, 1, 1, 1, 1, 0, 1, 1, 1, 1], 'B': [0, 1, 1, 0, 0, 1, 1, 1, 0, 0], 'C': [1, 1, 0, 1, 0, 0, 0, 0, 0, 0], 'D': [1, 1, 0, 0, 1, 1, 1, 1, 0, 1], 'E': [1, 1, 1, 1, 0, 0, 1, 0, 1, 1], 'F': [1, 1, 1, 1, 0, 1, 1, 1, 1, 1]}, '橘园北侧南': {'A': [0, 0, 0, 1, 0, 0, 0, 0, 0, 1], 'B': [0, 0, 0, 0, 0, 1, 1, 0, 1, 0], 'C': [0, 0, 1, 0, 0, 0, 0, 0, 1, 1], 'D': [0, 0, 0, 1, 0, 0, 0, 1, 0, 0], 'E': [1, 0, 0, 0, 0, 0, 0, 0, 0, 1], 'F': [0, 0, 0, 0, 1, 0, 0, 0, 0, 0], 'G': [0, 0, 0, 1, 0, 1, 0, 0, 1, 0], 'H': [0, 1, 1, 1, 1, 1, 1, 1, 1, 1], 'I': [0, 0, 0, 0, 1, 0, 0, 0, 1, 0], 'J': [0, 0, 0, 0, 0, 0, 1, 1, 0, 0]}, '校医院西': {'A': [1, 1, 1, 1, 1, 1, 1, 1, 1, 1], 'B': [1, 1, 1, 0, 1, 1, 1, 0, 1, 1], 'C': [1, 1, 1, 1, 0, 0, 1, 1, 0, 1], 'D': [1, 1, 1, 1, 1, 1, 1, 1, 1, 1], 'E': [1, 1, 1, 1, 1, 1, 1, 1, 1, 1], 'F': [0, 1, 1, 1, 0, 1, 1, 1, 1, 1], 'G': [0, 0, 1, 1, 0, 1, 1, 1, 1, 0], 'H': [0, 0, 0, 0, 0, 0, 1, 0, 0, 1], 'I': [0, 0, 0, 1, 0, 0, 0, 0, 0, 1]}}
623065	2024-07-13 01:48:59.587000+08:00	2024-07-13 01:48:59.587000+08:00	{'东门北侧': {'A': [1, 1, 1, 1, 1, 1, 1, 1, 1, 1], 'B': [1, 1, 1, 1, 1, 1, 1, 1, 1, 1], 'C': [0, 1, 1, 1, 1, 1, 1, 1, 1, 0], 'D': [1, 1, 1, 1, 1, 0, 0, 1, 0, 1], 'E': [1, 1, 1, 0, 1, 1, 1, 0, 1, 1], 'F': [0, 1, 1, 1, 1, 1, 1, 1, 1, 1], 'G': [0, 1, 1, 1, 1, 0, 1, 1, 0, 0], 'H': [1, 1, 1, 1, 0, 1, 1, 1, 0, 0], 'I': [0, 1, 0, 1, 1, 0, 1, 1, 1, 1], 'J': [1, 0, 1, 0, 1, 0, 1, 1, 1, 0], 'K': [0, 1, 1, 0, 0, 1, 1, 1, 0, 0]}, '东门南侧': {'A': [0, 0, 0, 1, 0, 0, 1, 0, 1, 0], 'B': [0, 0, 0, 0, 0, 0, 0, 0, 0, 0]}, '西门北侧': {'A': [1, 1, 1, 1, 1, 1, 1, 1, 1, 1], 'B': [0, 1, 0, 1, 1, 0, 1, 1, 0, 1], 'C': [1, 1, 0, 0, 1, 1, 1, 1, 1, 0]}, '西门南侧': {'A': [0, 1, 1, 1, 1, 0, 1, 0, 1, 1], 'B': [1, 1, 1, 1, 1, 1, 1, 1, 1, 1], 'C': [1, 1, 1, 1, 1, 1, 1, 1, 1, 1]}, '南门西侧': {'A': [1, 1, 0, 1, 1, 1, 1, 1, 1, 1], 'B': [1, 1, 1, 1, 0, 0, 1, 1, 0, 1]}, '南门东侧': {'A': [1, 0, 0, 1, 1, 1, 1, 1, 1, 1], 'B': [1, 1, 1, 1, 1, 1, 1, 1, 1, 1]}, '北门东北侧': {'A': [1, 1, 1, 1, 1, 1, 1, 1, 1, 1], 'B': [1, 0, 1, 1, 1, 1, 1, 1, 0, 1], 'C': [1, 1, 0, 1, 0, 1, 1, 1, 1, 0], 'D': [0, 0, 1, 1, 0, 0, 1, 0, 0, 1]}, '北门东南侧': {'A': [0, 1, 1, 1, 1, 0, 1, 1, 1, 1], 'B': [0, 1, 1, 0, 0, 1, 1, 1, 0, 0], 'C': [1, 1, 0, 1, 0, 0, 0, 0, 0, 0], 'D': [1, 1, 0, 0, 1, 1, 1, 1, 0, 1], 'E': [1, 1, 1, 1, 0, 0, 1, 0, 1, 1], 'F': [1, 1, 1, 1, 0, 1, 1, 1, 1, 1]}, '橘园北侧南': {'A': [0, 0, 0, 1, 0, 0, 0, 0, 0, 1], 'B': [0, 0, 0, 0, 0, 1, 1, 0, 1, 0], 'C': [0, 0, 1, 0, 0, 0, 0, 0, 1, 1], 'D': [0, 0, 0, 1, 0, 0, 0, 1, 0, 0], 'E': [1, 0, 0, 0, 0, 0, 0, 0, 0, 1], 'F': [0, 0, 0, 0, 1, 0, 0, 0, 0, 0], 'G': [0, 0, 0, 1, 0, 1, 0, 0, 1, 0], 'H': [0, 1, 1, 1, 1, 1, 1, 1, 1, 1], 'I': [0, 0, 0, 0, 1, 0, 0, 0, 1, 0], 'J': [0, 0, 0, 0, 0, 0, 1, 1, 0, 0]}, '校医院西': {'A': [1, 1, 1, 1, 1, 1, 1, 1, 1, 1], 'B': [1, 1, 1, 0, 1, 1, 1, 0, 1, 1], 'C': [1, 1, 1, 1, 0, 0, 1, 1, 0, 1], 'D': [1, 1, 1, 1, 1, 1, 1, 1, 1, 1], 'E': [1, 1, 1, 1, 1, 1, 1, 1, 1, 1], 'F': [0, 1, 1, 1, 0, 1, 1, 1, 1, 1], 'G': [0, 0, 1, 1, 0, 1, 1, 1, 1, 0], 'H': [1, 0, 0, 0, 0, 0, 1, 0, 0, 1], 'I': [0, 0, 0, 1, 0, 0, 0, 0, 0, 1]}}
623066	2024-07-13 01:50:06.472000+08:00	2024-07-13 01:50:06.472000+08:00	{'东门北侧': {'A': [1, 1, 1, 1, 1, 1, 1, 1, 1, 1], 'B': [1, 1, 1, 1, 1, 1, 1, 1, 1, 1], 'C': [0, 1, 1, 1, 1, 1, 1, 1, 1, 0], 'D': [1, 1, 1, 1, 1, 0, 0, 1, 0, 1], 'E': [1, 1, 1, 0, 1, 1, 1, 0, 1, 1], 'F': [0, 1, 1, 1, 1, 1, 1, 1, 1, 1], 'G': [0, 1, 1, 1, 1, 0, 1, 1, 0, 0], 'H': [1, 1, 1, 1, 0, 1, 1, 1, 0, 0], 'I': [0, 1, 0, 1, 1, 0, 1, 1, 1, 1], 'J': [1, 0, 1, 0, 1, 0, 1, 1, 1, 0], 'K': [0, 1, 1, 0, 0, 1, 1, 1, 0, 0]}, '东门南侧': {'A': [0, 0, 0, 1, 0, 0, 1, 0, 1, 0], 'B': [0, 0, 0, 0, 0, 0, 0, 0, 0, 0]}, '西门北侧': {'A': [1, 1, 1, 1, 1, 1, 1, 1, 1, 1], 'B': [0, 1, 0, 1, 1, 0, 1, 1, 0, 1], 'C': [1, 1, 0, 0, 1, 1, 1, 1, 1, 0]}, '西门南侧': {'A': [0, 1, 1, 1, 1, 0, 1, 0, 1, 1], 'B': [1, 1, 1, 1, 1, 1, 1, 1, 1, 1], 'C': [1, 1, 1, 1, 1, 1, 1, 1, 1, 1]}, '南门西侧': {'A': [1, 1, 0, 1, 1, 1, 1, 1, 1, 1], 'B': [1, 1, 1, 1, 0, 0, 1, 1, 0, 1]}, '南门东侧': {'A': [1, 0, 0, 1, 1, 1, 1, 1, 1, 1], 'B': [1, 1, 1, 1, 1, 1, 1, 1, 1, 1]}, '北门东北侧': {'A': [1, 1, 1, 1, 1, 1, 1, 1, 1, 1], 'B': [1, 0, 1, 1, 1, 1, 1, 1, 0, 1], 'C': [1, 1, 0, 1, 0, 1, 1, 1, 1, 0], 'D': [0, 0, 1, 1, 0, 0, 1, 0, 0, 1]}, '北门东南侧': {'A': [0, 1, 1, 1, 1, 0, 1, 1, 1, 1], 'B': [0, 1, 1, 0, 0, 1, 1, 1, 0, 0], 'C': [1, 1, 0, 1, 0, 0, 0, 0, 0, 0], 'D': [1, 1, 0, 0, 1, 1, 1, 1, 0, 1], 'E': [1, 1, 1, 1, 0, 0, 1, 0, 1, 1], 'F': [1, 1, 1, 1, 0, 1, 1, 1, 1, 1]}, '橘园北侧南': {'A': [0, 0, 0, 1, 0, 0, 0, 0, 0, 1], 'B': [0, 0, 0, 0, 0, 1, 1, 0, 1, 0], 'C': [0, 0, 1, 0, 0, 0, 0, 0, 1, 1], 'D': [0, 0, 0, 1, 0, 0, 0, 1, 0, 0], 'E': [1, 0, 0, 0, 0, 0, 0, 0, 0, 1], 'F': [0, 0, 0, 0, 0, 0, 0, 0, 0, 0], 'G': [0, 0, 0, 1, 0, 1, 0, 0, 1, 0], 'H': [0, 1, 1, 1, 1, 1, 1, 1, 1, 1], 'I': [0, 0, 0, 0, 1, 0, 0, 0, 1, 0], 'J': [0, 0, 0, 0, 0, 0, 1, 1, 0, 0]}, '校医院西': {'A': [1, 1, 1, 1, 1, 1, 1, 1, 1, 1], 'B': [1, 1, 1, 0, 1, 1, 1, 0, 1, 1], 'C': [1, 1, 1, 1, 0, 0, 1, 1, 0, 1], 'D': [1, 1, 1, 1, 1, 1, 1, 1, 1, 1], 'E': [1, 1, 1, 1, 1, 1, 1, 1, 1, 1], 'F': [0, 1, 1, 1, 0, 1, 1, 1, 1, 1], 'G': [0, 0, 1, 1, 0, 1, 1, 1, 1, 0], 'H': [1, 0, 0, 0, 0, 0, 1, 0, 0, 1], 'I': [0, 0, 0, 1, 0, 0, 0, 0, 0, 1]}}
623067	2024-07-13 01:50:48.047000+08:00	2024-07-13 01:50:48.047000+08:00	{'东门北侧': {'A': [1, 1, 1, 1, 1, 1, 1, 1, 1, 1], 'B': [1, 1, 1, 1, 1, 1, 1, 1, 1, 1], 'C': [0, 1, 1, 1, 1, 1, 1, 1, 1, 0], 'D': [1, 1, 1, 1, 1, 0, 0, 1, 0, 1], 'E': [1, 1, 1, 0, 1, 1, 1, 0, 1, 1], 'F': [0, 1, 1, 1, 1, 1, 1, 1, 1, 1], 'G': [0, 1, 1, 1, 1, 0, 1, 1, 0, 0], 'H': [1, 1, 1, 1, 0, 1, 1, 1, 0, 0], 'I': [0, 1, 0, 1, 1, 0, 1, 1, 1, 1], 'J': [1, 0, 1, 0, 1, 0, 1, 1, 1, 0], 'K': [0, 1, 1, 0, 0, 1, 1, 1, 0, 0]}, '东门南侧': {'A': [0, 0, 0, 1, 0, 0, 1, 0, 1, 0], 'B': [0, 0, 0, 0, 0, 0, 0, 0, 0, 0]}, '西门北侧': {'A': [1, 1, 1, 1, 1, 1, 1, 1, 1, 1], 'B': [0, 1, 0, 1, 1, 0, 1, 1, 0, 1], 'C': [1, 1, 0, 0, 1, 1, 1, 1, 1, 0]}, '西门南侧': {'A': [0, 1, 1, 1, 1, 0, 1, 0, 1, 1], 'B': [1, 1, 1, 1, 1, 1, 1, 1, 1, 1], 'C': [1, 1, 1, 1, 1, 1, 1, 1, 1, 1]}, '南门西侧': {'A': [1, 1, 0, 1, 1, 1, 1, 1, 1, 1], 'B': [1, 1, 1, 1, 0, 0, 1, 1, 0, 1]}, '南门东侧': {'A': [1, 0, 0, 1, 1, 1, 1, 1, 1, 1], 'B': [1, 1, 1, 1, 1, 1, 1, 1, 1, 1]}, '北门东北侧': {'A': [1, 1, 1, 1, 1, 1, 1, 1, 1, 1], 'B': [1, 0, 1, 1, 1, 1, 1, 1, 0, 1], 'C': [1, 1, 0, 1, 0, 1, 1, 1, 1, 0], 'D': [0, 0, 1, 1, 0, 0, 1, 0, 0, 1]}, '北门东南侧': {'A': [0, 1, 1, 1, 1, 0, 1, 1, 1, 1], 'B': [0, 1, 1, 0, 0, 1, 1, 1, 0, 0], 'C': [1, 1, 0, 1, 0, 0, 0, 0, 0, 0], 'D': [1, 1, 0, 0, 1, 1, 1, 1, 0, 1], 'E': [1, 1, 1, 1, 0, 0, 1, 0, 1, 1], 'F': [1, 1, 1, 1, 0, 1, 1, 1, 1, 1]}, '橘园北侧南': {'A': [0, 0, 0, 1, 0, 0, 0, 0, 0, 1], 'B': [0, 0, 0, 0, 0, 1, 1, 0, 1, 0], 'C': [0, 0, 1, 0, 0, 0, 0, 0, 1, 1], 'D': [0, 0, 0, 1, 0, 0, 0, 1, 0, 0], 'E': [1, 0, 0, 0, 0, 0, 0, 0, 0, 1], 'F': [0, 0, 0, 0, 0, 0, 0, 0, 0, 0], 'G': [0, 0, 0, 1, 0, 1, 0, 0, 1, 0], 'H': [0, 1, 1, 1, 1, 1, 1, 1, 1, 1], 'I': [0, 0, 0, 0, 1, 0, 0, 0, 1, 0], 'J': [0, 0, 0, 0, 0, 0, 1, 1, 0, 0]}, '校医院西': {'A': [1, 1, 1, 1, 1, 1, 1, 1, 1, 1], 'B': [1, 1, 1, 0, 1, 1, 1, 0, 1, 1], 'C': [1, 1, 1, 1, 0, 0, 1, 1, 0, 1], 'D': [1, 1, 1, 1, 1, 1, 1, 1, 1, 1], 'E': [1, 1, 1, 1, 1, 1, 1, 1, 1, 1], 'F': [0, 1, 1, 1, 0, 1, 1, 1, 1, 1], 'G': [0, 0, 1, 1, 0, 1, 1, 1, 1, 0], 'H': [1, 0, 0, 0, 0, 0, 1, 0, 0, 1], 'I': [0, 1, 0, 1, 0, 0, 0, 0, 0, 1]}}
623068	2024-07-13 01:52:52.908000+08:00	2024-07-13 01:52:52.908000+08:00	{'东门北侧': {'A': [1, 1, 1, 1, 1, 1, 1, 1, 1, 1], 'B': [1, 1, 1, 1, 1, 1, 1, 1, 1, 1], 'C': [0, 1, 1, 1, 1, 1, 1, 1, 1, 0], 'D': [1, 1, 1, 1, 1, 0, 1, 1, 0, 1], 'E': [1, 1, 1, 0, 1, 1, 1, 0, 1, 1], 'F': [0, 1, 1, 1, 1, 1, 1, 1, 1, 1], 'G': [0, 1, 1, 1, 1, 0, 1, 1, 0, 0], 'H': [1, 1, 1, 1, 0, 1, 1, 1, 0, 0], 'I': [0, 1, 0, 1, 1, 0, 1, 1, 1, 1], 'J': [1, 0, 1, 0, 1, 0, 1, 1, 1, 0], 'K': [0, 1, 1, 0, 0, 1, 1, 1, 0, 0]}, '东门南侧': {'A': [0, 0, 0, 1, 0, 0, 1, 0, 1, 0], 'B': [0, 0, 0, 0, 0, 0, 0, 0, 0, 0]}, '西门北侧': {'A': [1, 1, 1, 1, 1, 1, 1, 1, 1, 1], 'B': [0, 1, 0, 1, 1, 0, 1, 1, 0, 1], 'C': [1, 1, 0, 0, 1, 1, 1, 1, 1, 0]}, '西门南侧': {'A': [0, 1, 1, 1, 1, 0, 1, 0, 1, 1], 'B': [1, 1, 1, 1, 1, 1, 1, 1, 1, 1], 'C': [1, 1, 1, 1, 1, 1, 1, 1, 1, 1]}, '南门西侧': {'A': [1, 1, 0, 1, 1, 1, 1, 1, 1, 1], 'B': [1, 1, 1, 1, 0, 0, 1, 1, 0, 1]}, '南门东侧': {'A': [1, 0, 0, 1, 1, 1, 1, 1, 1, 1], 'B': [1, 1, 1, 1, 1, 1, 1, 1, 1, 1]}, '北门东北侧': {'A': [1, 1, 1, 1, 1, 1, 1, 1, 1, 1], 'B': [1, 0, 1, 1, 1, 1, 1, 1, 0, 1], 'C': [1, 1, 0, 1, 0, 1, 1, 1, 1, 0], 'D': [0, 0, 1, 1, 0, 0, 1, 0, 0, 1]}, '北门东南侧': {'A': [0, 1, 1, 1, 1, 0, 1, 1, 1, 1], 'B': [0, 1, 1, 0, 0, 1, 1, 1, 0, 0], 'C': [1, 1, 0, 1, 0, 0, 0, 0, 0, 0], 'D': [1, 1, 0, 0, 1, 1, 1, 1, 0, 1], 'E': [1, 1, 1, 1, 0, 0, 1, 0, 1, 1], 'F': [1, 1, 1, 1, 0, 1, 1, 1, 1, 1]}, '橘园北侧南': {'A': [0, 0, 0, 1, 0, 0, 0, 0, 0, 1], 'B': [0, 0, 0, 0, 0, 1, 1, 0, 1, 0], 'C': [0, 0, 1, 0, 0, 0, 0, 0, 1, 1], 'D': [0, 0, 0, 1, 0, 0, 0, 1, 0, 0], 'E': [1, 0, 0, 0, 0, 0, 0, 0, 0, 1], 'F': [0, 0, 0, 0, 0, 0, 0, 0, 0, 0], 'G': [0, 0, 0, 1, 0, 1, 0, 0, 1, 0], 'H': [0, 1, 1, 1, 1, 1, 1, 1, 1, 1], 'I': [0, 0, 0, 0, 1, 0, 0, 0, 1, 0], 'J': [0, 0, 0, 0, 0, 0, 1, 1, 0, 0]}, '校医院西': {'A': [1, 1, 1, 1, 1, 1, 1, 1, 1, 1], 'B': [1, 1, 1, 0, 1, 1, 1, 0, 1, 1], 'C': [1, 1, 1, 1, 0, 0, 1, 1, 0, 1], 'D': [1, 1, 1, 1, 1, 1, 1, 1, 1, 1], 'E': [1, 1, 1, 1, 1, 1, 1, 1, 1, 1], 'F': [0, 1, 1, 1, 0, 1, 1, 1, 1, 1], 'G': [0, 0, 1, 1, 0, 1, 1, 1, 1, 0], 'H': [1, 0, 0, 0, 0, 0, 1, 0, 0, 1], 'I': [0, 1, 0, 1, 0, 0, 0, 0, 0, 1]}}
623069	2024-07-13 01:53:48.902000+08:00	2024-07-13 01:53:48.902000+08:00	{'东门北侧': {'A': [1, 1, 1, 1, 1, 1, 1, 1, 1, 1], 'B': [1, 1, 1, 1, 1, 1, 1, 1, 1, 1], 'C': [0, 1, 1, 1, 1, 1, 1, 1, 1, 0], 'D': [1, 1, 1, 1, 1, 0, 1, 1, 0, 1], 'E': [1, 1, 1, 0, 1, 1, 1, 0, 1, 1], 'F': [0, 1, 1, 1, 1, 1, 1, 1, 1, 1], 'G': [0, 1, 1, 1, 1, 0, 1, 1, 0, 0], 'H': [1, 1, 1, 1, 0, 1, 1, 1, 0, 0], 'I': [0, 1, 0, 1, 1, 0, 1, 1, 1, 1], 'J': [1, 0, 1, 0, 1, 0, 1, 1, 1, 0], 'K': [0, 1, 1, 0, 0, 1, 1, 1, 0, 0]}, '东门南侧': {'A': [0, 0, 0, 1, 0, 0, 1, 0, 1, 0], 'B': [0, 0, 0, 0, 0, 0, 0, 0, 0, 0]}, '西门北侧': {'A': [1, 1, 1, 1, 1, 1, 1, 1, 1, 1], 'B': [0, 1, 0, 1, 1, 0, 1, 1, 0, 1], 'C': [1, 1, 0, 0, 1, 1, 1, 1, 1, 0]}, '西门南侧': {'A': [0, 1, 1, 1, 1, 0, 1, 0, 1, 1], 'B': [1, 1, 1, 1, 1, 1, 1, 1, 1, 1], 'C': [1, 1, 1, 1, 1, 1, 1, 1, 1, 1]}, '南门西侧': {'A': [1, 1, 0, 1, 1, 1, 1, 1, 1, 1], 'B': [1, 1, 1, 1, 0, 0, 1, 1, 0, 1]}, '南门东侧': {'A': [1, 0, 0, 1, 1, 1, 1, 1, 1, 1], 'B': [1, 1, 1, 1, 1, 1, 1, 1, 1, 1]}, '北门东北侧': {'A': [1, 1, 1, 1, 1, 1, 1, 1, 1, 1], 'B': [1, 0, 1, 1, 1, 1, 1, 1, 0, 1], 'C': [1, 1, 0, 1, 0, 1, 1, 1, 1, 0], 'D': [0, 0, 1, 1, 0, 0, 1, 0, 0, 1]}, '北门东南侧': {'A': [0, 1, 1, 1, 1, 0, 1, 1, 1, 1], 'B': [0, 1, 1, 0, 0, 1, 1, 1, 0, 0], 'C': [1, 1, 0, 1, 0, 0, 0, 0, 0, 0], 'D': [1, 1, 0, 0, 1, 1, 1, 1, 0, 1], 'E': [1, 1, 1, 1, 0, 0, 1, 0, 1, 1], 'F': [1, 1, 1, 1, 0, 1, 1, 1, 1, 1]}, '橘园北侧南': {'A': [0, 0, 0, 1, 0, 0, 0, 0, 0, 1], 'B': [0, 0, 0, 0, 0, 1, 1, 0, 1, 0], 'C': [0, 0, 1, 0, 0, 0, 0, 0, 1, 1], 'D': [0, 0, 0, 1, 0, 0, 0, 1, 0, 0], 'E': [1, 0, 0, 0, 0, 0, 0, 0, 0, 1], 'F': [0, 0, 0, 0, 0, 0, 0, 0, 0, 0], 'G': [0, 0, 0, 1, 0, 1, 0, 0, 1, 0], 'H': [0, 1, 1, 1, 1, 1, 1, 1, 1, 1], 'I': [0, 0, 0, 0, 1, 0, 0, 0, 1, 0], 'J': [0, 0, 0, 0, 0, 0, 1, 1, 0, 0]}, '校医院西': {'A': [1, 1, 1, 1, 1, 1, 1, 1, 1, 1], 'B': [1, 1, 1, 0, 1, 1, 1, 0, 1, 1], 'C': [1, 1, 1, 1, 0, 0, 1, 1, 0, 1], 'D': [1, 1, 1, 1, 1, 1, 1, 1, 1, 1], 'E': [1, 1, 1, 1, 1, 1, 1, 1, 1, 1], 'F': [0, 1, 1, 1, 0, 1, 1, 1, 1, 1], 'G': [0, 0, 1, 1, 0, 1, 1, 1, 1, 0], 'H': [1, 0, 0, 0, 0, 0, 1, 0, 0, 1], 'I': [0, 1, 0, 1, 0, 0, 0, 0, 0, 1]}}
623070	2024-07-13 01:54:54.244000+08:00	2024-07-13 01:54:54.244000+08:00	{'东门北侧': {'A': [1, 1, 1, 1, 1, 1, 1, 1, 1, 1], 'B': [1, 1, 1, 1, 1, 1, 1, 1, 1, 1], 'C': [0, 1, 1, 1, 1, 1, 1, 1, 1, 0], 'D': [1, 1, 1, 1, 1, 0, 1, 1, 0, 1], 'E': [1, 1, 1, 0, 1, 1, 1, 0, 1, 1], 'F': [0, 1, 1, 1, 1, 1, 1, 1, 1, 1], 'G': [0, 1, 1, 1, 1, 0, 1, 1, 0, 0], 'H': [1, 1, 1, 1, 0, 1, 1, 1, 0, 0], 'I': [0, 1, 0, 1, 1, 0, 1, 1, 1, 1], 'J': [1, 0, 1, 0, 1, 0, 1, 1, 1, 0], 'K': [0, 1, 1, 0, 0, 1, 1, 1, 0, 0]}, '东门南侧': {'A': [0, 0, 0, 1, 0, 0, 1, 0, 1, 0], 'B': [0, 0, 0, 0, 0, 0, 0, 0, 0, 0]}, '西门北侧': {'A': [1, 1, 1, 1, 1, 1, 1, 1, 1, 1], 'B': [0, 1, 0, 1, 1, 0, 1, 1, 0, 1], 'C': [1, 1, 0, 0, 1, 1, 1, 1, 1, 0]}, '西门南侧': {'A': [0, 1, 1, 1, 1, 0, 1, 0, 1, 1], 'B': [1, 1, 1, 1, 1, 1, 1, 1, 1, 1], 'C': [1, 1, 1, 1, 1, 1, 1, 1, 1, 1]}, '南门西侧': {'A': [1, 1, 0, 1, 1, 1, 1, 1, 1, 1], 'B': [1, 1, 1, 1, 0, 0, 1, 1, 0, 1]}, '南门东侧': {'A': [1, 0, 0, 1, 1, 1, 1, 1, 1, 1], 'B': [1, 1, 1, 1, 1, 1, 1, 1, 1, 1]}, '北门东北侧': {'A': [1, 1, 1, 1, 1, 1, 1, 1, 1, 1], 'B': [1, 0, 1, 1, 1, 1, 1, 1, 0, 1], 'C': [1, 1, 0, 1, 0, 1, 1, 1, 1, 0], 'D': [0, 0, 1, 1, 0, 0, 1, 0, 0, 1]}, '北门东南侧': {'A': [0, 1, 1, 1, 1, 0, 1, 1, 1, 1], 'B': [0, 1, 1, 0, 0, 1, 1, 1, 0, 0], 'C': [1, 1, 0, 1, 0, 0, 0, 0, 0, 0], 'D': [1, 1, 0, 0, 1, 1, 1, 1, 0, 1], 'E': [1, 1, 1, 1, 0, 0, 1, 0, 1, 1], 'F': [1, 1, 1, 1, 0, 1, 1, 1, 1, 1]}, '橘园北侧南': {'A': [0, 0, 0, 1, 0, 0, 0, 0, 0, 1], 'B': [0, 0, 0, 0, 0, 0, 1, 0, 1, 0], 'C': [0, 0, 1, 0, 0, 0, 0, 0, 1, 1], 'D': [0, 0, 0, 1, 0, 0, 0, 1, 0, 0], 'E': [1, 0, 0, 0, 0, 0, 0, 0, 0, 1], 'F': [0, 0, 0, 0, 0, 0, 0, 0, 0, 0], 'G': [0, 0, 0, 1, 0, 1, 0, 0, 1, 0], 'H': [0, 1, 1, 1, 1, 1, 1, 1, 1, 1], 'I': [0, 0, 0, 0, 1, 0, 0, 0, 1, 0], 'J': [0, 0, 0, 0, 0, 0, 1, 1, 0, 0]}, '校医院西': {'A': [1, 1, 1, 1, 1, 1, 1, 1, 1, 1], 'B': [1, 1, 1, 0, 1, 1, 1, 0, 1, 1], 'C': [1, 1, 1, 1, 0, 0, 1, 1, 0, 1], 'D': [1, 1, 1, 1, 1, 1, 1, 1, 1, 1], 'E': [1, 1, 1, 1, 1, 1, 1, 1, 1, 1], 'F': [0, 1, 1, 1, 0, 1, 1, 1, 1, 1], 'G': [0, 0, 1, 1, 0, 1, 1, 1, 1, 0], 'H': [1, 0, 0, 0, 0, 0, 1, 0, 0, 1], 'I': [0, 1, 0, 1, 0, 0, 0, 0, 0, 1]}}
623071	2024-07-13 01:55:48.749000+08:00	2024-07-13 01:55:48.749000+08:00	{'东门北侧': {'A': [1, 1, 1, 1, 1, 1, 1, 1, 1, 1], 'B': [1, 1, 1, 1, 1, 1, 1, 1, 1, 1], 'C': [0, 1, 1, 1, 1, 1, 1, 1, 1, 0], 'D': [1, 1, 1, 1, 1, 0, 1, 1, 0, 1], 'E': [1, 1, 1, 0, 1, 1, 1, 0, 1, 1], 'F': [0, 1, 1, 1, 1, 1, 1, 1, 1, 1], 'G': [0, 1, 1, 1, 1, 0, 1, 1, 0, 0], 'H': [1, 1, 1, 1, 0, 1, 1, 1, 0, 0], 'I': [0, 1, 0, 1, 1, 0, 1, 1, 1, 1], 'J': [1, 0, 1, 0, 1, 0, 1, 1, 1, 0], 'K': [0, 1, 1, 0, 0, 1, 1, 1, 0, 0]}, '东门南侧': {'A': [0, 0, 0, 1, 0, 0, 1, 0, 1, 0], 'B': [0, 0, 0, 0, 0, 0, 0, 0, 0, 0]}, '西门北侧': {'A': [1, 1, 1, 1, 1, 1, 1, 1, 1, 1], 'B': [0, 1, 0, 1, 1, 0, 1, 1, 0, 1], 'C': [1, 1, 0, 0, 1, 1, 1, 1, 1, 0]}, '西门南侧': {'A': [0, 1, 1, 1, 1, 0, 1, 0, 1, 1], 'B': [1, 1, 1, 1, 1, 1, 1, 1, 1, 1], 'C': [1, 1, 1, 1, 1, 1, 1, 1, 1, 1]}, '南门西侧': {'A': [1, 1, 0, 1, 1, 1, 1, 1, 1, 1], 'B': [1, 1, 1, 1, 0, 0, 1, 1, 0, 1]}, '南门东侧': {'A': [1, 0, 0, 1, 1, 1, 1, 1, 1, 1], 'B': [1, 1, 1, 1, 1, 1, 1, 1, 1, 1]}, '北门东北侧': {'A': [1, 1, 1, 1, 1, 1, 1, 1, 1, 1], 'B': [1, 0, 1, 1, 1, 1, 1, 1, 0, 1], 'C': [1, 1, 0, 1, 0, 1, 1, 1, 1, 0], 'D': [0, 0, 1, 1, 0, 0, 1, 0, 0, 1]}, '北门东南侧': {'A': [0, 1, 1, 1, 1, 0, 1, 1, 1, 1], 'B': [0, 1, 1, 0, 0, 1, 1, 1, 0, 0], 'C': [1, 1, 0, 1, 0, 0, 0, 0, 0, 0], 'D': [1, 1, 0, 0, 1, 1, 1, 1, 0, 1], 'E': [1, 1, 1, 1, 0, 0, 1, 0, 1, 1], 'F': [1, 1, 1, 1, 0, 1, 1, 1, 1, 1]}, '橘园北侧南': {'A': [0, 0, 0, 1, 0, 0, 0, 0, 0, 1], 'B': [0, 0, 0, 0, 0, 0, 1, 0, 1, 0], 'C': [0, 0, 1, 0, 0, 0, 0, 0, 1, 1], 'D': [0, 0, 0, 1, 0, 0, 0, 1, 0, 0], 'E': [1, 0, 0, 0, 0, 0, 0, 0, 0, 1], 'F': [0, 0, 0, 0, 0, 0, 0, 0, 0, 0], 'G': [0, 0, 0, 1, 0, 1, 0, 0, 1, 0], 'H': [0, 1, 1, 1, 1, 1, 1, 1, 1, 1], 'I': [0, 0, 0, 0, 1, 0, 0, 0, 1, 0], 'J': [0, 0, 0, 0, 0, 0, 1, 1, 0, 0]}, '校医院西': {'A': [1, 1, 1, 1, 1, 1, 1, 1, 1, 1], 'B': [1, 1, 1, 0, 1, 1, 1, 0, 1, 1], 'C': [1, 1, 1, 1, 0, 0, 1, 1, 0, 1], 'D': [1, 1, 1, 1, 1, 1, 1, 1, 1, 1], 'E': [1, 1, 1, 1, 1, 1, 1, 1, 1, 1], 'F': [0, 1, 1, 1, 0, 1, 1, 1, 1, 1], 'G': [0, 0, 1, 1, 0, 1, 1, 1, 1, 0], 'H': [1, 0, 0, 0, 0, 0, 1, 0, 0, 1], 'I': [0, 1, 0, 1, 0, 0, 0, 0, 0, 1]}}
623072	2024-07-13 01:56:49.905000+08:00	2024-07-13 01:56:49.905000+08:00	{'东门北侧': {'A': [1, 1, 1, 1, 1, 1, 1, 1, 1, 1], 'B': [1, 1, 1, 1, 1, 1, 1, 1, 1, 1], 'C': [0, 1, 1, 1, 1, 1, 1, 1, 1, 0], 'D': [1, 1, 1, 1, 1, 0, 1, 1, 0, 1], 'E': [1, 1, 1, 0, 1, 1, 1, 0, 1, 1], 'F': [0, 1, 1, 1, 1, 1, 1, 1, 1, 1], 'G': [0, 1, 1, 1, 1, 0, 1, 1, 0, 0], 'H': [1, 1, 1, 1, 0, 1, 1, 1, 0, 0], 'I': [0, 1, 0, 1, 1, 0, 1, 1, 1, 1], 'J': [1, 0, 1, 0, 1, 0, 1, 1, 1, 0], 'K': [0, 1, 1, 0, 0, 1, 1, 1, 0, 0]}, '东门南侧': {'A': [0, 0, 0, 1, 0, 0, 1, 0, 1, 0], 'B': [0, 0, 0, 0, 0, 0, 0, 0, 0, 0]}, '西门北侧': {'A': [1, 1, 1, 1, 1, 1, 1, 1, 1, 1], 'B': [0, 1, 0, 1, 1, 0, 1, 1, 0, 1], 'C': [1, 1, 0, 0, 1, 1, 1, 1, 1, 0]}, '西门南侧': {'A': [0, 1, 1, 1, 1, 0, 1, 0, 1, 1], 'B': [1, 1, 1, 1, 1, 1, 1, 1, 1, 1], 'C': [1, 1, 1, 1, 1, 1, 1, 1, 1, 1]}, '南门西侧': {'A': [1, 1, 0, 1, 1, 1, 1, 1, 1, 1], 'B': [1, 1, 1, 1, 0, 0, 1, 1, 0, 1]}, '南门东侧': {'A': [1, 0, 0, 1, 1, 1, 1, 1, 1, 1], 'B': [1, 1, 1, 1, 1, 1, 1, 1, 1, 1]}, '北门东北侧': {'A': [1, 1, 1, 1, 1, 1, 1, 1, 1, 1], 'B': [1, 0, 1, 1, 1, 1, 1, 1, 0, 1], 'C': [1, 1, 0, 1, 0, 1, 1, 1, 1, 0], 'D': [0, 0, 1, 1, 0, 0, 1, 0, 0, 1]}, '北门东南侧': {'A': [0, 1, 1, 1, 1, 0, 1, 1, 1, 1], 'B': [0, 1, 1, 0, 0, 1, 1, 1, 0, 0], 'C': [1, 1, 0, 1, 0, 0, 0, 0, 0, 0], 'D': [1, 1, 0, 0, 1, 1, 1, 1, 0, 1], 'E': [1, 1, 1, 1, 0, 0, 1, 0, 1, 1], 'F': [1, 1, 1, 1, 0, 1, 1, 1, 1, 1]}, '橘园北侧南': {'A': [0, 0, 0, 1, 0, 0, 0, 0, 0, 1], 'B': [0, 0, 0, 0, 0, 0, 1, 0, 1, 0], 'C': [0, 0, 1, 0, 0, 0, 0, 0, 1, 1], 'D': [0, 0, 0, 1, 0, 0, 0, 1, 0, 0], 'E': [1, 0, 0, 0, 0, 0, 0, 0, 0, 1], 'F': [0, 0, 0, 0, 0, 0, 0, 0, 0, 0], 'G': [0, 0, 0, 1, 0, 1, 0, 0, 1, 0], 'H': [0, 1, 1, 1, 1, 1, 1, 1, 1, 1], 'I': [0, 0, 0, 0, 1, 0, 0, 0, 1, 0], 'J': [0, 0, 0, 0, 0, 0, 1, 1, 0, 0]}, '校医院西': {'A': [1, 1, 1, 1, 1, 1, 1, 1, 1, 1], 'B': [1, 1, 1, 0, 1, 1, 1, 0, 1, 1], 'C': [1, 1, 1, 1, 0, 0, 1, 1, 0, 1], 'D': [1, 1, 1, 1, 1, 1, 1, 1, 1, 1], 'E': [1, 1, 1, 1, 1, 1, 1, 1, 1, 1], 'F': [0, 1, 1, 1, 0, 1, 1, 1, 1, 1], 'G': [0, 0, 1, 1, 0, 1, 1, 1, 1, 0], 'H': [1, 0, 0, 0, 0, 0, 1, 0, 0, 1], 'I': [0, 1, 0, 1, 0, 0, 0, 0, 0, 1]}}
623073	2024-07-13 01:57:51.203000+08:00	2024-07-13 01:57:51.203000+08:00	{'东门北侧': {'A': [1, 1, 1, 1, 1, 1, 1, 1, 1, 1], 'B': [1, 1, 1, 1, 1, 1, 1, 1, 1, 1], 'C': [0, 1, 1, 1, 1, 1, 1, 1, 1, 0], 'D': [1, 1, 1, 1, 1, 0, 1, 1, 0, 1], 'E': [1, 1, 1, 0, 1, 1, 1, 0, 1, 1], 'F': [0, 1, 1, 1, 1, 1, 1, 1, 1, 1], 'G': [0, 1, 1, 1, 1, 0, 1, 1, 0, 0], 'H': [1, 1, 1, 1, 0, 1, 1, 1, 0, 0], 'I': [0, 1, 0, 1, 1, 0, 1, 1, 1, 1], 'J': [1, 0, 1, 0, 1, 0, 1, 1, 1, 0], 'K': [0, 1, 1, 0, 0, 1, 1, 1, 0, 0]}, '东门南侧': {'A': [0, 0, 0, 1, 0, 0, 1, 0, 1, 0], 'B': [0, 0, 0, 0, 0, 0, 0, 0, 0, 0]}, '西门北侧': {'A': [1, 1, 1, 1, 1, 1, 1, 1, 1, 1], 'B': [0, 1, 0, 1, 1, 0, 1, 1, 0, 1], 'C': [1, 1, 0, 0, 1, 1, 1, 1, 1, 0]}, '西门南侧': {'A': [0, 1, 1, 1, 1, 0, 1, 0, 1, 1], 'B': [1, 1, 1, 1, 1, 1, 1, 1, 1, 1], 'C': [1, 1, 1, 1, 1, 1, 1, 1, 1, 1]}, '南门西侧': {'A': [1, 1, 0, 1, 1, 1, 1, 1, 1, 1], 'B': [1, 1, 1, 1, 0, 0, 1, 1, 0, 1]}, '南门东侧': {'A': [1, 0, 0, 1, 1, 1, 1, 1, 1, 1], 'B': [1, 1, 1, 1, 1, 1, 1, 1, 1, 1]}, '北门东北侧': {'A': [1, 1, 1, 1, 1, 1, 1, 1, 1, 1], 'B': [1, 0, 1, 1, 1, 1, 1, 1, 0, 1], 'C': [1, 1, 0, 1, 0, 1, 1, 1, 1, 0], 'D': [0, 0, 1, 1, 0, 0, 1, 0, 0, 1]}, '北门东南侧': {'A': [0, 1, 1, 1, 1, 0, 1, 1, 1, 1], 'B': [0, 1, 1, 0, 0, 1, 1, 1, 0, 0], 'C': [1, 1, 0, 1, 0, 0, 0, 0, 0, 0], 'D': [1, 1, 0, 0, 1, 1, 1, 1, 0, 1], 'E': [1, 1, 1, 1, 0, 0, 1, 0, 1, 1], 'F': [1, 1, 1, 1, 0, 1, 1, 1, 1, 1]}, '橘园北侧南': {'A': [0, 0, 0, 1, 0, 0, 0, 0, 0, 1], 'B': [0, 0, 0, 0, 0, 0, 1, 0, 1, 0], 'C': [0, 0, 1, 0, 0, 0, 0, 0, 1, 1], 'D': [0, 0, 0, 1, 0, 0, 0, 1, 0, 0], 'E': [1, 0, 0, 0, 0, 0, 0, 0, 0, 1], 'F': [0, 0, 0, 0, 0, 0, 0, 0, 0, 0], 'G': [0, 0, 0, 1, 0, 1, 0, 0, 1, 0], 'H': [0, 1, 1, 1, 1, 1, 1, 1, 1, 1], 'I': [0, 0, 0, 0, 1, 0, 0, 0, 1, 0], 'J': [0, 0, 0, 0, 0, 0, 1, 1, 0, 0]}, '校医院西': {'A': [1, 1, 1, 1, 1, 1, 1, 1, 1, 1], 'B': [1, 1, 1, 0, 1, 1, 1, 0, 1, 1], 'C': [1, 1, 1, 1, 0, 0, 1, 1, 0, 1], 'D': [1, 1, 1, 1, 1, 1, 1, 1, 1, 1], 'E': [1, 1, 1, 1, 1, 1, 1, 1, 1, 1], 'F': [0, 1, 1, 1, 0, 1, 1, 1, 1, 1], 'G': [0, 0, 1, 1, 0, 1, 1, 1, 1, 0], 'H': [1, 0, 0, 0, 0, 0, 1, 0, 0, 1], 'I': [0, 1, 0, 1, 0, 0, 0, 0, 0, 1]}}
623074	2024-07-13 01:58:51.859000+08:00	2024-07-13 01:58:51.859000+08:00	{'东门北侧': {'A': [1, 1, 1, 1, 1, 1, 1, 1, 1, 1], 'B': [1, 1, 1, 1, 1, 1, 1, 1, 1, 1], 'C': [0, 1, 1, 1, 1, 1, 1, 1, 1, 0], 'D': [1, 1, 1, 1, 1, 0, 1, 1, 0, 1], 'E': [1, 1, 1, 0, 1, 1, 1, 0, 1, 1], 'F': [0, 1, 1, 1, 1, 1, 1, 1, 1, 1], 'G': [0, 1, 1, 1, 1, 0, 1, 1, 0, 0], 'H': [1, 1, 1, 1, 0, 1, 1, 1, 0, 0], 'I': [0, 1, 0, 1, 1, 0, 1, 1, 1, 1], 'J': [1, 0, 1, 0, 1, 0, 1, 1, 1, 0], 'K': [0, 1, 1, 0, 0, 1, 1, 1, 0, 0]}, '东门南侧': {'A': [0, 0, 0, 1, 0, 0, 1, 0, 1, 0], 'B': [0, 0, 0, 0, 0, 0, 0, 0, 0, 0]}, '西门北侧': {'A': [1, 1, 1, 1, 1, 1, 1, 1, 1, 1], 'B': [0, 1, 0, 1, 1, 0, 1, 1, 0, 1], 'C': [1, 1, 0, 0, 1, 1, 1, 1, 1, 0]}, '西门南侧': {'A': [0, 1, 1, 1, 1, 0, 1, 0, 1, 1], 'B': [1, 1, 1, 1, 1, 1, 1, 1, 1, 1], 'C': [1, 1, 1, 1, 1, 1, 1, 1, 1, 1]}, '南门西侧': {'A': [1, 1, 0, 1, 1, 1, 1, 1, 1, 1], 'B': [1, 1, 1, 1, 0, 0, 1, 1, 0, 1]}, '南门东侧': {'A': [1, 0, 0, 1, 1, 1, 1, 1, 1, 1], 'B': [1, 1, 1, 1, 1, 1, 1, 1, 1, 1]}, '北门东北侧': {'A': [1, 1, 1, 1, 1, 1, 1, 1, 1, 1], 'B': [1, 0, 1, 1, 1, 1, 1, 1, 0, 1], 'C': [1, 1, 0, 1, 0, 1, 1, 1, 1, 0], 'D': [0, 0, 1, 1, 0, 0, 1, 0, 0, 1]}, '北门东南侧': {'A': [0, 1, 1, 1, 1, 0, 1, 1, 1, 1], 'B': [0, 1, 1, 0, 0, 1, 1, 1, 0, 0], 'C': [1, 1, 0, 1, 0, 0, 0, 0, 0, 0], 'D': [1, 1, 0, 0, 1, 1, 1, 1, 0, 1], 'E': [1, 1, 1, 1, 0, 0, 1, 0, 1, 1], 'F': [1, 1, 1, 1, 0, 1, 1, 1, 1, 1]}, '橘园北侧南': {'A': [0, 0, 0, 1, 0, 0, 0, 0, 0, 1], 'B': [0, 0, 0, 0, 0, 0, 1, 0, 1, 0], 'C': [0, 0, 1, 0, 0, 0, 0, 0, 1, 1], 'D': [0, 0, 0, 1, 0, 0, 0, 1, 0, 0], 'E': [1, 0, 0, 0, 0, 0, 0, 0, 0, 1], 'F': [0, 0, 0, 0, 0, 0, 0, 0, 0, 0], 'G': [0, 0, 0, 1, 0, 1, 0, 0, 1, 0], 'H': [0, 1, 1, 1, 1, 1, 1, 1, 1, 1], 'I': [0, 0, 0, 0, 1, 0, 0, 0, 1, 0], 'J': [0, 0, 0, 0, 0, 0, 1, 1, 0, 0]}, '校医院西': {'A': [1, 1, 1, 1, 1, 1, 1, 1, 1, 1], 'B': [1, 1, 1, 0, 1, 1, 1, 0, 1, 1], 'C': [1, 1, 1, 1, 0, 0, 1, 1, 0, 1], 'D': [1, 1, 1, 1, 1, 1, 1, 1, 1, 1], 'E': [1, 1, 1, 1, 1, 1, 1, 1, 1, 1], 'F': [0, 1, 1, 1, 0, 1, 1, 1, 1, 1], 'G': [0, 0, 1, 1, 0, 1, 1, 1, 1, 0], 'H': [1, 0, 0, 0, 0, 0, 1, 0, 0, 1], 'I': [0, 1, 0, 1, 0, 0, 0, 0, 0, 1]}}
623075	2024-07-13 01:59:52.480000+08:00	2024-07-13 01:59:52.480000+08:00	{'东门北侧': {'A': [1, 1, 1, 1, 1, 1, 1, 1, 1, 1], 'B': [1, 1, 1, 1, 1, 1, 1, 1, 1, 1], 'C': [0, 1, 1, 1, 1, 1, 1, 1, 1, 0], 'D': [1, 1, 1, 1, 1, 0, 1, 1, 0, 1], 'E': [1, 1, 1, 0, 1, 1, 1, 0, 1, 1], 'F': [0, 1, 1, 1, 1, 1, 1, 1, 1, 1], 'G': [0, 1, 1, 1, 1, 0, 1, 1, 0, 0], 'H': [1, 1, 1, 1, 0, 1, 1, 1, 0, 0], 'I': [0, 1, 0, 1, 1, 0, 1, 1, 1, 1], 'J': [1, 0, 1, 0, 1, 0, 1, 1, 1, 0], 'K': [0, 1, 1, 0, 0, 1, 1, 1, 0, 0]}, '东门南侧': {'A': [0, 0, 0, 1, 0, 0, 1, 0, 1, 0], 'B': [0, 0, 0, 0, 0, 0, 0, 0, 0, 0]}, '西门北侧': {'A': [1, 1, 1, 1, 1, 1, 1, 1, 1, 1], 'B': [0, 1, 0, 1, 1, 0, 1, 1, 0, 1], 'C': [1, 1, 0, 0, 1, 1, 1, 1, 1, 0]}, '西门南侧': {'A': [0, 1, 1, 1, 1, 0, 1, 0, 1, 1], 'B': [1, 1, 1, 1, 1, 1, 1, 1, 1, 1], 'C': [1, 1, 1, 1, 1, 1, 1, 1, 1, 1]}, '南门西侧': {'A': [1, 1, 0, 1, 1, 1, 1, 1, 1, 1], 'B': [1, 1, 1, 1, 0, 0, 1, 1, 0, 1]}, '南门东侧': {'A': [1, 0, 0, 1, 1, 1, 1, 1, 1, 1], 'B': [1, 1, 1, 1, 1, 1, 1, 1, 1, 1]}, '北门东北侧': {'A': [1, 1, 1, 1, 1, 1, 1, 1, 1, 1], 'B': [1, 0, 1, 1, 1, 1, 1, 1, 0, 1], 'C': [1, 1, 0, 1, 0, 1, 1, 1, 1, 0], 'D': [0, 0, 1, 1, 0, 0, 1, 0, 0, 1]}, '北门东南侧': {'A': [0, 1, 1, 1, 1, 0, 1, 1, 1, 1], 'B': [0, 1, 1, 0, 0, 1, 1, 1, 0, 0], 'C': [1, 1, 0, 1, 0, 0, 0, 0, 0, 0], 'D': [1, 1, 0, 0, 1, 1, 1, 1, 0, 1], 'E': [1, 1, 1, 1, 0, 0, 1, 0, 1, 1], 'F': [1, 1, 1, 1, 0, 1, 1, 1, 1, 1]}, '橘园北侧南': {'A': [0, 0, 0, 1, 0, 0, 0, 0, 0, 1], 'B': [0, 0, 0, 0, 0, 0, 1, 0, 1, 0], 'C': [0, 0, 1, 0, 0, 0, 0, 0, 1, 1], 'D': [0, 0, 0, 1, 0, 0, 0, 1, 0, 0], 'E': [1, 0, 0, 0, 0, 0, 0, 0, 0, 1], 'F': [0, 0, 0, 0, 0, 0, 0, 0, 0, 0], 'G': [0, 0, 0, 1, 0, 1, 0, 0, 1, 0], 'H': [0, 1, 1, 1, 1, 1, 1, 1, 1, 1], 'I': [0, 1, 0, 0, 1, 0, 0, 0, 1, 0], 'J': [0, 0, 0, 0, 0, 0, 1, 1, 0, 0]}, '校医院西': {'A': [1, 1, 1, 1, 1, 1, 1, 1, 1, 1], 'B': [1, 1, 1, 0, 1, 1, 1, 0, 1, 1], 'C': [1, 1, 1, 1, 0, 0, 1, 1, 0, 1], 'D': [1, 1, 1, 1, 1, 1, 1, 1, 1, 1], 'E': [1, 1, 1, 1, 1, 1, 1, 1, 1, 1], 'F': [0, 1, 1, 1, 0, 1, 1, 1, 1, 1], 'G': [0, 0, 1, 1, 0, 1, 1, 1, 1, 0], 'H': [1, 0, 0, 0, 0, 0, 1, 0, 0, 1], 'I': [0, 1, 0, 1, 0, 0, 0, 0, 0, 1]}}
623076	2024-07-13 02:00:55.313000+08:00	2024-07-13 02:00:55.313000+08:00	{'东门北侧': {'A': [1, 1, 1, 1, 1, 1, 1, 1, 1, 1], 'B': [1, 1, 1, 1, 1, 1, 1, 1, 1, 1], 'C': [0, 1, 1, 1, 1, 1, 1, 1, 1, 0], 'D': [1, 1, 1, 1, 1, 0, 1, 1, 0, 1], 'E': [1, 1, 1, 0, 1, 1, 1, 0, 1, 1], 'F': [0, 1, 1, 1, 1, 1, 1, 1, 1, 1], 'G': [0, 1, 1, 1, 1, 0, 1, 1, 0, 0], 'H': [1, 1, 1, 1, 0, 1, 1, 1, 0, 0], 'I': [0, 1, 0, 1, 1, 0, 1, 1, 1, 1], 'J': [1, 0, 1, 0, 1, 0, 1, 1, 1, 0], 'K': [0, 1, 1, 0, 0, 1, 1, 1, 0, 0]}, '东门南侧': {'A': [0, 0, 0, 1, 0, 0, 1, 0, 1, 0], 'B': [0, 0, 0, 0, 0, 0, 0, 0, 0, 0]}, '西门北侧': {'A': [1, 1, 1, 1, 1, 1, 1, 1, 1, 1], 'B': [0, 1, 0, 1, 1, 0, 1, 1, 0, 1], 'C': [1, 1, 0, 0, 1, 1, 1, 1, 1, 0]}, '西门南侧': {'A': [0, 1, 1, 1, 1, 0, 1, 0, 1, 1], 'B': [1, 1, 1, 1, 1, 1, 1, 1, 1, 1], 'C': [1, 1, 1, 1, 1, 1, 1, 1, 1, 1]}, '南门西侧': {'A': [1, 1, 0, 1, 1, 1, 1, 1, 1, 1], 'B': [1, 1, 1, 1, 0, 0, 1, 1, 0, 1]}, '南门东侧': {'A': [1, 0, 0, 1, 1, 1, 1, 1, 1, 1], 'B': [1, 1, 1, 1, 1, 1, 1, 1, 1, 1]}, '北门东北侧': {'A': [1, 1, 1, 1, 1, 1, 1, 1, 1, 1], 'B': [1, 0, 1, 1, 1, 1, 1, 1, 0, 1], 'C': [1, 1, 0, 1, 0, 1, 1, 1, 1, 0], 'D': [0, 0, 1, 1, 0, 0, 1, 0, 0, 1]}, '北门东南侧': {'A': [0, 1, 1, 1, 1, 0, 1, 1, 1, 1], 'B': [0, 1, 1, 0, 0, 1, 1, 1, 0, 0], 'C': [1, 1, 0, 1, 0, 0, 0, 0, 0, 0], 'D': [1, 1, 0, 0, 1, 1, 1, 1, 0, 1], 'E': [1, 1, 1, 1, 0, 0, 1, 0, 1, 1], 'F': [1, 1, 1, 1, 0, 1, 1, 1, 1, 1]}, '橘园北侧南': {'A': [0, 0, 0, 1, 0, 0, 0, 0, 0, 1], 'B': [0, 0, 0, 0, 0, 0, 1, 0, 1, 0], 'C': [0, 0, 1, 0, 0, 0, 0, 0, 1, 1], 'D': [0, 0, 0, 1, 0, 0, 0, 1, 0, 0], 'E': [1, 0, 0, 0, 0, 0, 0, 0, 0, 1], 'F': [0, 0, 0, 0, 0, 0, 0, 0, 0, 0], 'G': [0, 0, 0, 1, 0, 1, 0, 0, 1, 0], 'H': [0, 1, 1, 1, 1, 1, 1, 1, 1, 1], 'I': [0, 1, 0, 0, 1, 0, 0, 0, 1, 0], 'J': [0, 0, 0, 0, 0, 0, 1, 1, 0, 0]}, '校医院西': {'A': [1, 1, 1, 1, 1, 1, 1, 1, 1, 1], 'B': [1, 1, 1, 0, 1, 1, 1, 0, 1, 1], 'C': [1, 1, 1, 1, 0, 0, 1, 1, 0, 1], 'D': [1, 1, 1, 1, 1, 1, 1, 1, 1, 1], 'E': [1, 1, 1, 1, 1, 1, 1, 1, 1, 1], 'F': [0, 1, 1, 1, 0, 1, 1, 1, 1, 1], 'G': [0, 0, 1, 1, 0, 1, 1, 1, 1, 0], 'H': [1, 0, 0, 0, 0, 0, 1, 0, 0, 1], 'I': [0, 1, 0, 1, 0, 0, 0, 0, 0, 1]}}
623077	2024-07-13 02:01:48.968000+08:00	2024-07-13 02:01:48.968000+08:00	{'东门北侧': {'A': [1, 1, 1, 1, 1, 1, 1, 1, 1, 1], 'B': [1, 1, 1, 1, 1, 1, 1, 1, 1, 1], 'C': [0, 1, 1, 1, 1, 1, 1, 1, 1, 0], 'D': [1, 1, 1, 1, 1, 0, 1, 1, 0, 1], 'E': [1, 1, 1, 0, 1, 1, 1, 0, 1, 1], 'F': [0, 1, 1, 1, 1, 1, 1, 1, 1, 1], 'G': [0, 1, 1, 1, 1, 0, 1, 1, 0, 0], 'H': [1, 1, 1, 1, 0, 1, 1, 1, 0, 0], 'I': [0, 1, 0, 1, 1, 0, 1, 1, 1, 1], 'J': [1, 0, 1, 0, 1, 0, 1, 1, 1, 0], 'K': [0, 1, 1, 0, 0, 1, 1, 1, 0, 0]}, '东门南侧': {'A': [0, 0, 0, 1, 0, 0, 1, 0, 1, 0], 'B': [0, 0, 0, 0, 0, 0, 0, 0, 0, 0]}, '西门北侧': {'A': [1, 1, 1, 1, 1, 1, 1, 1, 1, 1], 'B': [0, 1, 0, 1, 1, 0, 1, 1, 0, 1], 'C': [1, 1, 0, 0, 1, 1, 1, 1, 1, 0]}, '西门南侧': {'A': [0, 1, 1, 1, 1, 0, 1, 0, 1, 1], 'B': [1, 1, 1, 1, 1, 1, 1, 1, 1, 1], 'C': [1, 1, 1, 1, 1, 1, 1, 1, 1, 1]}, '南门西侧': {'A': [1, 1, 0, 1, 1, 1, 1, 1, 1, 1], 'B': [1, 1, 1, 1, 0, 0, 1, 1, 0, 1]}, '南门东侧': {'A': [1, 0, 0, 1, 1, 1, 1, 1, 1, 1], 'B': [1, 1, 1, 1, 1, 1, 1, 1, 1, 1]}, '北门东北侧': {'A': [1, 1, 1, 1, 1, 1, 1, 1, 1, 1], 'B': [1, 0, 1, 1, 1, 1, 1, 1, 0, 1], 'C': [1, 1, 0, 1, 0, 1, 1, 1, 1, 0], 'D': [0, 0, 1, 1, 0, 0, 1, 0, 0, 1]}, '北门东南侧': {'A': [0, 1, 1, 1, 1, 0, 1, 1, 1, 1], 'B': [0, 1, 1, 0, 0, 1, 1, 1, 0, 0], 'C': [1, 1, 0, 1, 0, 0, 0, 0, 0, 0], 'D': [1, 1, 0, 0, 1, 1, 1, 1, 0, 1], 'E': [1, 1, 1, 1, 0, 0, 1, 0, 1, 1], 'F': [1, 1, 1, 1, 0, 1, 1, 1, 1, 1]}, '橘园北侧南': {'A': [0, 0, 0, 1, 0, 0, 0, 0, 0, 1], 'B': [0, 0, 0, 0, 0, 0, 1, 0, 1, 0], 'C': [0, 0, 1, 0, 0, 0, 0, 0, 1, 1], 'D': [0, 0, 0, 1, 0, 0, 0, 1, 0, 0], 'E': [1, 0, 0, 0, 0, 0, 0, 0, 0, 1], 'F': [0, 0, 0, 0, 0, 0, 0, 0, 0, 0], 'G': [0, 0, 0, 1, 0, 1, 0, 0, 1, 0], 'H': [0, 1, 1, 1, 1, 1, 1, 1, 1, 1], 'I': [0, 1, 0, 0, 1, 0, 0, 0, 1, 0], 'J': [0, 0, 0, 0, 0, 0, 1, 1, 0, 0]}, '校医院西': {'A': [1, 1, 1, 1, 1, 1, 1, 1, 1, 1], 'B': [1, 1, 1, 0, 1, 1, 1, 0, 1, 1], 'C': [1, 1, 1, 1, 0, 0, 1, 1, 0, 1], 'D': [1, 1, 1, 1, 1, 1, 1, 1, 1, 1], 'E': [1, 1, 1, 1, 1, 1, 1, 1, 1, 1], 'F': [0, 1, 1, 1, 0, 1, 1, 1, 1, 1], 'G': [0, 0, 1, 1, 0, 1, 1, 1, 1, 0], 'H': [1, 0, 0, 0, 0, 0, 1, 0, 0, 1], 'I': [0, 1, 0, 1, 0, 0, 0, 0, 0, 1]}}
623078	2024-07-13 02:02:50.244000+08:00	2024-07-13 02:02:50.244000+08:00	{'东门北侧': {'A': [1, 1, 1, 1, 1, 1, 1, 1, 1, 1], 'B': [1, 1, 1, 1, 1, 1, 1, 1, 1, 1], 'C': [0, 1, 1, 1, 1, 1, 1, 1, 1, 0], 'D': [1, 1, 1, 1, 1, 0, 1, 1, 0, 1], 'E': [1, 1, 1, 0, 1, 1, 1, 0, 1, 1], 'F': [0, 1, 1, 1, 1, 1, 1, 1, 1, 1], 'G': [0, 1, 1, 1, 1, 0, 1, 1, 0, 0], 'H': [1, 1, 1, 1, 0, 1, 1, 1, 0, 0], 'I': [0, 1, 0, 1, 1, 0, 1, 1, 1, 1], 'J': [1, 0, 1, 0, 1, 0, 1, 1, 1, 0], 'K': [0, 1, 1, 0, 0, 1, 1, 1, 0, 0]}, '东门南侧': {'A': [0, 0, 0, 1, 0, 0, 1, 0, 1, 0], 'B': [0, 0, 0, 0, 0, 0, 0, 0, 0, 0]}, '西门北侧': {'A': [1, 1, 1, 1, 1, 1, 1, 1, 1, 1], 'B': [0, 1, 0, 1, 1, 0, 1, 1, 0, 1], 'C': [1, 1, 0, 0, 1, 1, 1, 1, 1, 0]}, '西门南侧': {'A': [0, 1, 1, 1, 1, 0, 1, 0, 1, 1], 'B': [1, 1, 1, 1, 1, 1, 1, 1, 1, 1], 'C': [1, 1, 1, 1, 1, 1, 1, 1, 1, 1]}, '南门西侧': {'A': [1, 1, 0, 1, 1, 1, 1, 1, 1, 1], 'B': [1, 1, 1, 1, 0, 0, 1, 1, 0, 1]}, '南门东侧': {'A': [1, 0, 0, 1, 1, 1, 1, 1, 1, 1], 'B': [1, 1, 1, 1, 1, 1, 1, 1, 1, 1]}, '北门东北侧': {'A': [1, 1, 1, 1, 1, 1, 1, 1, 1, 1], 'B': [1, 0, 1, 1, 1, 1, 1, 1, 0, 1], 'C': [1, 1, 0, 1, 0, 1, 1, 1, 1, 0], 'D': [0, 0, 1, 1, 0, 0, 1, 0, 0, 1]}, '北门东南侧': {'A': [0, 1, 1, 1, 1, 0, 1, 1, 1, 1], 'B': [0, 1, 1, 0, 0, 1, 1, 1, 0, 0], 'C': [1, 1, 0, 1, 0, 0, 0, 0, 0, 0], 'D': [1, 1, 0, 0, 1, 1, 1, 1, 0, 1], 'E': [1, 1, 1, 1, 0, 0, 1, 0, 1, 1], 'F': [1, 1, 1, 1, 0, 1, 1, 1, 1, 1]}, '橘园北侧南': {'A': [0, 0, 0, 1, 0, 0, 0, 0, 0, 1], 'B': [0, 0, 0, 0, 1, 0, 1, 0, 1, 0], 'C': [0, 0, 1, 0, 0, 0, 0, 0, 1, 1], 'D': [0, 0, 0, 1, 0, 0, 0, 1, 0, 0], 'E': [1, 0, 0, 0, 0, 0, 1, 0, 0, 1], 'F': [0, 0, 0, 0, 0, 0, 0, 0, 0, 0], 'G': [0, 0, 0, 1, 0, 1, 0, 0, 1, 0], 'H': [0, 1, 1, 1, 1, 1, 1, 1, 1, 1], 'I': [0, 1, 0, 0, 1, 0, 0, 0, 1, 0], 'J': [0, 0, 0, 0, 0, 0, 1, 1, 0, 0]}, '校医院西': {'A': [1, 1, 1, 1, 1, 1, 1, 1, 1, 1], 'B': [1, 1, 1, 0, 1, 1, 1, 0, 1, 1], 'C': [1, 1, 1, 1, 0, 0, 1, 1, 0, 1], 'D': [1, 1, 1, 1, 1, 1, 1, 1, 1, 1], 'E': [1, 1, 1, 1, 1, 1, 1, 1, 1, 1], 'F': [0, 1, 1, 1, 0, 1, 1, 1, 1, 1], 'G': [0, 0, 1, 1, 0, 1, 1, 1, 1, 0], 'H': [1, 0, 0, 0, 0, 0, 1, 0, 0, 1], 'I': [0, 1, 0, 1, 0, 0, 0, 0, 0, 1]}}
623079	2024-07-13 02:04:08.569000+08:00	2024-07-13 02:04:08.569000+08:00	{'东门北侧': {'A': [1, 1, 1, 1, 1, 1, 1, 1, 1, 1], 'B': [1, 1, 1, 1, 1, 1, 1, 1, 1, 1], 'C': [0, 1, 1, 1, 1, 1, 1, 1, 1, 0], 'D': [1, 1, 1, 1, 1, 0, 1, 1, 0, 1], 'E': [1, 1, 1, 0, 1, 1, 1, 0, 1, 1], 'F': [0, 1, 1, 1, 1, 1, 1, 1, 1, 1], 'G': [0, 1, 1, 1, 1, 0, 1, 1, 0, 0], 'H': [1, 1, 1, 1, 0, 1, 1, 1, 0, 0], 'I': [0, 1, 0, 1, 1, 0, 1, 1, 1, 1], 'J': [1, 0, 1, 0, 1, 0, 1, 1, 1, 0], 'K': [0, 1, 1, 0, 0, 1, 1, 1, 0, 0]}, '东门南侧': {'A': [0, 0, 0, 1, 0, 0, 1, 0, 1, 0], 'B': [0, 0, 0, 0, 0, 0, 0, 0, 0, 0]}, '西门北侧': {'A': [1, 1, 1, 1, 1, 1, 1, 1, 1, 1], 'B': [0, 1, 0, 1, 1, 0, 1, 1, 0, 1], 'C': [1, 1, 0, 0, 1, 1, 1, 1, 1, 0]}, '西门南侧': {'A': [0, 1, 1, 1, 1, 0, 1, 0, 1, 1], 'B': [1, 1, 1, 1, 1, 1, 1, 1, 1, 1], 'C': [1, 1, 1, 1, 1, 1, 1, 1, 1, 1]}, '南门西侧': {'A': [1, 1, 0, 1, 1, 1, 1, 1, 1, 1], 'B': [1, 1, 1, 1, 0, 0, 1, 1, 0, 1]}, '南门东侧': {'A': [1, 0, 0, 1, 1, 1, 1, 1, 1, 1], 'B': [1, 1, 1, 1, 1, 1, 1, 1, 1, 1]}, '北门东北侧': {'A': [1, 1, 1, 1, 1, 1, 1, 1, 1, 1], 'B': [1, 0, 1, 1, 1, 1, 1, 1, 0, 1], 'C': [1, 1, 0, 1, 0, 1, 1, 1, 1, 0], 'D': [0, 0, 1, 1, 0, 0, 1, 0, 0, 1]}, '北门东南侧': {'A': [0, 1, 1, 1, 1, 0, 1, 1, 1, 1], 'B': [0, 1, 1, 0, 0, 1, 1, 1, 0, 0], 'C': [1, 1, 0, 1, 0, 0, 0, 0, 0, 0], 'D': [1, 1, 0, 1, 1, 1, 1, 1, 0, 1], 'E': [1, 1, 1, 1, 0, 0, 1, 0, 1, 1], 'F': [1, 1, 1, 1, 0, 1, 1, 1, 1, 1]}, '橘园北侧南': {'A': [0, 0, 0, 1, 0, 0, 0, 0, 0, 1], 'B': [0, 0, 0, 0, 1, 0, 1, 0, 1, 0], 'C': [0, 0, 1, 0, 0, 0, 0, 0, 1, 1], 'D': [0, 0, 0, 1, 0, 0, 0, 1, 0, 0], 'E': [1, 0, 0, 0, 0, 0, 1, 0, 0, 1], 'F': [0, 0, 0, 0, 0, 0, 0, 0, 0, 0], 'G': [0, 0, 0, 1, 0, 1, 0, 0, 1, 0], 'H': [0, 1, 1, 1, 1, 1, 1, 1, 1, 1], 'I': [0, 1, 0, 0, 1, 0, 0, 0, 1, 0], 'J': [0, 0, 0, 0, 0, 0, 1, 1, 0, 0]}, '校医院西': {'A': [1, 1, 1, 1, 1, 1, 1, 1, 1, 1], 'B': [1, 1, 1, 0, 1, 1, 1, 0, 1, 1], 'C': [1, 1, 1, 1, 0, 0, 1, 1, 0, 1], 'D': [1, 1, 1, 1, 1, 1, 1, 1, 1, 1], 'E': [1, 1, 1, 1, 1, 1, 1, 1, 1, 1], 'F': [0, 1, 1, 1, 0, 1, 1, 1, 1, 1], 'G': [0, 0, 1, 1, 0, 1, 1, 1, 1, 0], 'H': [1, 1, 0, 0, 0, 0, 1, 0, 0, 1], 'I': [0, 1, 0, 1, 0, 0, 0, 0, 0, 1]}}
623080	2024-07-13 02:04:52.003000+08:00	2024-07-13 02:04:52.003000+08:00	{'东门北侧': {'A': [1, 1, 1, 1, 1, 1, 1, 1, 1, 1], 'B': [1, 1, 1, 1, 1, 1, 1, 1, 1, 1], 'C': [0, 1, 1, 1, 1, 1, 1, 1, 1, 0], 'D': [1, 1, 1, 1, 1, 0, 1, 1, 0, 1], 'E': [1, 1, 1, 0, 1, 1, 1, 0, 1, 1], 'F': [0, 1, 1, 1, 1, 1, 1, 1, 1, 1], 'G': [0, 1, 1, 1, 1, 0, 1, 1, 0, 0], 'H': [1, 1, 1, 1, 0, 1, 1, 1, 0, 0], 'I': [0, 1, 0, 1, 1, 0, 1, 1, 1, 1], 'J': [1, 0, 1, 0, 1, 0, 1, 1, 1, 0], 'K': [0, 1, 1, 0, 0, 1, 1, 1, 0, 0]}, '东门南侧': {'A': [0, 0, 0, 1, 0, 0, 1, 0, 1, 0], 'B': [0, 0, 0, 0, 0, 0, 0, 0, 0, 0]}, '西门北侧': {'A': [1, 1, 1, 1, 1, 1, 1, 1, 1, 1], 'B': [0, 1, 0, 1, 1, 0, 1, 1, 0, 1], 'C': [1, 1, 0, 0, 1, 1, 1, 1, 1, 0]}, '西门南侧': {'A': [0, 1, 1, 1, 1, 0, 1, 0, 1, 1], 'B': [1, 1, 1, 1, 1, 1, 1, 1, 1, 1], 'C': [1, 1, 1, 1, 1, 1, 1, 1, 1, 1]}, '南门西侧': {'A': [1, 1, 0, 1, 1, 1, 1, 1, 1, 1], 'B': [1, 1, 1, 1, 0, 0, 1, 1, 0, 1]}, '南门东侧': {'A': [1, 0, 0, 1, 1, 1, 1, 1, 1, 1], 'B': [1, 1, 1, 1, 1, 1, 1, 1, 1, 1]}, '北门东北侧': {'A': [1, 1, 1, 1, 1, 1, 1, 1, 1, 1], 'B': [1, 0, 1, 1, 1, 1, 1, 1, 0, 1], 'C': [1, 1, 0, 1, 0, 1, 1, 1, 1, 0], 'D': [0, 0, 1, 1, 0, 0, 1, 0, 0, 1]}, '北门东南侧': {'A': [0, 1, 1, 1, 1, 0, 1, 1, 1, 1], 'B': [0, 1, 1, 0, 0, 1, 1, 1, 0, 0], 'C': [1, 1, 0, 1, 0, 0, 0, 0, 0, 0], 'D': [1, 1, 0, 1, 1, 1, 1, 1, 0, 1], 'E': [1, 1, 1, 1, 0, 0, 1, 0, 1, 1], 'F': [1, 1, 1, 1, 0, 1, 1, 1, 1, 1]}, '橘园北侧南': {'A': [0, 0, 0, 1, 0, 0, 0, 0, 0, 1], 'B': [0, 0, 0, 0, 1, 0, 1, 0, 1, 0], 'C': [0, 0, 1, 0, 0, 0, 0, 0, 1, 1], 'D': [0, 0, 0, 1, 0, 0, 0, 1, 0, 0], 'E': [1, 0, 0, 0, 0, 0, 1, 0, 0, 1], 'F': [0, 0, 0, 0, 0, 0, 0, 0, 0, 0], 'G': [0, 0, 0, 1, 0, 1, 0, 0, 1, 0], 'H': [0, 1, 1, 1, 1, 1, 1, 1, 1, 1], 'I': [0, 1, 0, 0, 1, 0, 0, 0, 1, 0], 'J': [0, 0, 0, 0, 0, 0, 1, 1, 0, 0]}, '校医院西': {'A': [1, 1, 1, 1, 1, 1, 1, 1, 1, 1], 'B': [1, 1, 1, 0, 1, 1, 1, 0, 1, 1], 'C': [1, 1, 1, 1, 0, 0, 1, 1, 0, 1], 'D': [1, 1, 1, 1, 1, 1, 1, 1, 1, 1], 'E': [1, 1, 1, 1, 1, 1, 1, 1, 1, 1], 'F': [0, 1, 1, 1, 0, 1, 1, 1, 1, 1], 'G': [0, 0, 1, 1, 0, 1, 1, 1, 1, 0], 'H': [1, 1, 0, 0, 0, 0, 1, 0, 0, 1], 'I': [0, 1, 0, 1, 0, 0, 0, 0, 0, 1]}}
623081	2024-07-13 02:05:57.417000+08:00	2024-07-13 02:05:57.417000+08:00	{'东门北侧': {'A': [1, 1, 1, 1, 1, 1, 1, 1, 1, 1], 'B': [1, 1, 1, 1, 1, 1, 1, 1, 1, 1], 'C': [0, 1, 1, 1, 1, 1, 1, 1, 1, 0], 'D': [1, 1, 1, 1, 1, 0, 1, 1, 0, 1], 'E': [1, 1, 1, 0, 1, 1, 1, 0, 1, 1], 'F': [0, 1, 1, 1, 1, 1, 1, 1, 1, 1], 'G': [0, 1, 1, 1, 1, 0, 1, 1, 0, 0], 'H': [1, 1, 1, 1, 0, 1, 1, 1, 0, 0], 'I': [0, 1, 0, 1, 1, 0, 1, 1, 1, 1], 'J': [1, 0, 1, 0, 1, 0, 1, 1, 1, 0], 'K': [0, 1, 1, 0, 0, 1, 1, 1, 0, 0]}, '东门南侧': {'A': [0, 0, 0, 1, 0, 0, 1, 0, 1, 0], 'B': [0, 0, 0, 0, 0, 0, 0, 0, 0, 0]}, '西门北侧': {'A': [1, 1, 1, 1, 1, 1, 1, 1, 1, 1], 'B': [0, 1, 0, 1, 1, 0, 1, 1, 0, 1], 'C': [1, 1, 0, 0, 1, 1, 1, 1, 1, 0]}, '西门南侧': {'A': [0, 1, 1, 1, 1, 0, 1, 0, 1, 1], 'B': [1, 1, 1, 1, 1, 1, 1, 1, 1, 1], 'C': [1, 1, 1, 1, 1, 1, 1, 1, 1, 1]}, '南门西侧': {'A': [1, 1, 0, 1, 1, 1, 1, 1, 1, 1], 'B': [1, 1, 1, 1, 0, 0, 1, 1, 0, 1]}, '南门东侧': {'A': [1, 0, 0, 1, 1, 1, 1, 1, 1, 1], 'B': [1, 1, 1, 1, 1, 1, 1, 1, 1, 1]}, '北门东北侧': {'A': [1, 1, 1, 1, 1, 1, 1, 1, 1, 1], 'B': [1, 0, 1, 1, 1, 1, 1, 1, 0, 1], 'C': [1, 1, 0, 1, 0, 1, 1, 1, 1, 0], 'D': [0, 0, 1, 1, 0, 0, 1, 0, 0, 1]}, '北门东南侧': {'A': [0, 1, 1, 1, 1, 0, 1, 1, 1, 1], 'B': [0, 1, 1, 0, 0, 1, 1, 1, 0, 0], 'C': [1, 1, 0, 1, 0, 0, 0, 0, 0, 0], 'D': [1, 1, 0, 1, 1, 1, 1, 1, 0, 1], 'E': [1, 1, 1, 1, 0, 0, 1, 0, 1, 1], 'F': [1, 1, 1, 1, 0, 1, 1, 1, 1, 1]}, '橘园北侧南': {'A': [0, 0, 0, 1, 0, 0, 0, 0, 0, 1], 'B': [0, 0, 0, 0, 1, 0, 1, 0, 1, 0], 'C': [0, 0, 1, 0, 0, 0, 0, 0, 1, 1], 'D': [0, 0, 0, 1, 0, 0, 0, 1, 0, 0], 'E': [1, 0, 0, 0, 0, 0, 1, 0, 0, 1], 'F': [0, 0, 0, 0, 0, 0, 0, 0, 0, 0], 'G': [0, 0, 0, 1, 0, 1, 0, 0, 1, 0], 'H': [0, 1, 1, 1, 1, 1, 1, 1, 1, 1], 'I': [0, 1, 0, 0, 1, 0, 0, 0, 1, 0], 'J': [0, 0, 0, 0, 0, 0, 1, 1, 0, 0]}, '校医院西': {'A': [1, 1, 1, 1, 1, 1, 1, 1, 1, 1], 'B': [1, 1, 1, 0, 1, 1, 1, 0, 1, 1], 'C': [1, 1, 1, 1, 0, 0, 1, 1, 0, 1], 'D': [1, 1, 1, 1, 1, 1, 1, 1, 1, 1], 'E': [1, 1, 1, 1, 1, 1, 1, 1, 1, 1], 'F': [0, 1, 1, 1, 0, 1, 1, 1, 1, 1], 'G': [0, 0, 1, 1, 0, 1, 1, 1, 1, 0], 'H': [1, 1, 0, 0, 0, 0, 1, 0, 0, 1], 'I': [0, 1, 0, 1, 0, 0, 0, 0, 0, 1]}}
623082	2024-07-13 02:07:00.212000+08:00	2024-07-13 02:07:00.212000+08:00	{'东门北侧': {'A': [1, 1, 1, 1, 1, 1, 1, 1, 1, 1], 'B': [1, 1, 1, 1, 1, 1, 1, 1, 1, 1], 'C': [0, 1, 1, 1, 1, 1, 1, 1, 1, 0], 'D': [1, 1, 1, 1, 1, 0, 1, 1, 0, 1], 'E': [1, 1, 1, 0, 1, 1, 1, 0, 1, 1], 'F': [0, 1, 1, 1, 1, 1, 1, 1, 1, 1], 'G': [0, 1, 1, 1, 1, 0, 1, 1, 0, 0], 'H': [1, 1, 1, 1, 0, 1, 1, 1, 0, 0], 'I': [0, 1, 0, 1, 1, 0, 1, 1, 1, 1], 'J': [1, 0, 1, 0, 1, 0, 1, 1, 1, 0], 'K': [0, 1, 1, 0, 0, 1, 1, 1, 0, 0]}, '东门南侧': {'A': [0, 0, 0, 1, 0, 0, 1, 0, 1, 0], 'B': [0, 0, 0, 0, 0, 0, 0, 0, 0, 0]}, '西门北侧': {'A': [1, 1, 1, 1, 1, 1, 1, 1, 1, 1], 'B': [0, 1, 0, 1, 1, 0, 1, 1, 0, 1], 'C': [1, 1, 0, 0, 1, 1, 1, 1, 1, 0]}, '西门南侧': {'A': [0, 1, 1, 1, 1, 0, 1, 0, 1, 1], 'B': [1, 1, 1, 1, 1, 1, 1, 1, 1, 1], 'C': [1, 1, 1, 1, 1, 1, 1, 1, 1, 1]}, '南门西侧': {'A': [1, 1, 0, 1, 1, 1, 1, 1, 1, 1], 'B': [1, 1, 1, 1, 0, 0, 1, 1, 0, 1]}, '南门东侧': {'A': [1, 0, 0, 1, 1, 1, 1, 1, 1, 1], 'B': [1, 1, 1, 1, 1, 1, 1, 1, 1, 1]}, '北门东北侧': {'A': [1, 1, 1, 1, 1, 1, 1, 1, 1, 1], 'B': [1, 0, 1, 1, 1, 1, 1, 1, 0, 1], 'C': [1, 1, 0, 1, 0, 1, 1, 1, 1, 0], 'D': [0, 0, 1, 1, 0, 0, 1, 0, 0, 1]}, '北门东南侧': {'A': [0, 1, 1, 1, 1, 0, 1, 1, 1, 1], 'B': [0, 1, 1, 0, 0, 1, 1, 1, 0, 0], 'C': [1, 1, 0, 1, 1, 0, 0, 0, 0, 0], 'D': [1, 1, 0, 1, 1, 1, 1, 1, 0, 1], 'E': [1, 1, 1, 1, 0, 0, 1, 0, 1, 1], 'F': [1, 1, 1, 1, 0, 1, 1, 1, 1, 1]}, '橘园北侧南': {'A': [0, 0, 0, 1, 0, 0, 0, 0, 0, 1], 'B': [0, 0, 0, 0, 1, 0, 1, 0, 1, 0], 'C': [0, 0, 1, 0, 0, 0, 0, 0, 1, 1], 'D': [0, 0, 0, 1, 0, 0, 0, 1, 0, 0], 'E': [1, 0, 0, 0, 0, 0, 1, 0, 0, 1], 'F': [0, 0, 0, 0, 0, 0, 0, 0, 0, 0], 'G': [0, 0, 0, 1, 0, 1, 0, 0, 1, 0], 'H': [0, 1, 1, 1, 1, 1, 1, 1, 1, 1], 'I': [0, 1, 0, 0, 1, 0, 0, 0, 1, 0], 'J': [0, 0, 0, 0, 0, 0, 1, 1, 0, 0]}, '校医院西': {'A': [1, 1, 1, 1, 1, 1, 1, 1, 1, 1], 'B': [1, 1, 1, 0, 1, 1, 1, 0, 1, 1], 'C': [1, 1, 1, 1, 0, 0, 1, 1, 0, 1], 'D': [1, 1, 1, 1, 1, 1, 1, 1, 1, 1], 'E': [1, 1, 1, 1, 1, 1, 1, 1, 1, 1], 'F': [0, 1, 1, 1, 0, 1, 1, 1, 1, 1], 'G': [0, 0, 1, 1, 0, 1, 1, 1, 1, 0], 'H': [1, 1, 0, 0, 0, 0, 1, 0, 0, 1], 'I': [0, 1, 0, 1, 0, 0, 0, 0, 0, 1]}}
623083	2024-07-13 02:07:50.832000+08:00	2024-07-13 02:07:50.832000+08:00	{'东门北侧': {'A': [1, 1, 1, 1, 1, 1, 1, 1, 1, 1], 'B': [1, 1, 1, 1, 1, 1, 1, 1, 1, 1], 'C': [0, 1, 1, 1, 1, 1, 1, 1, 1, 0], 'D': [1, 1, 1, 1, 1, 0, 1, 1, 0, 1], 'E': [1, 1, 1, 0, 1, 1, 1, 0, 1, 1], 'F': [0, 1, 1, 1, 1, 1, 1, 1, 1, 1], 'G': [0, 1, 1, 1, 1, 0, 1, 1, 0, 0], 'H': [1, 1, 1, 1, 0, 1, 1, 1, 0, 0], 'I': [0, 1, 0, 1, 1, 0, 1, 1, 1, 1], 'J': [1, 0, 1, 0, 1, 0, 1, 1, 1, 0], 'K': [0, 1, 1, 0, 0, 1, 1, 1, 0, 0]}, '东门南侧': {'A': [0, 0, 0, 1, 0, 0, 1, 0, 1, 0], 'B': [0, 0, 0, 0, 0, 0, 0, 0, 0, 0]}, '西门北侧': {'A': [1, 1, 1, 1, 1, 1, 1, 1, 1, 1], 'B': [0, 1, 0, 1, 1, 0, 1, 1, 0, 1], 'C': [1, 1, 0, 0, 1, 1, 1, 1, 1, 0]}, '西门南侧': {'A': [0, 1, 1, 1, 1, 0, 1, 0, 1, 1], 'B': [1, 1, 1, 1, 1, 1, 1, 1, 1, 1], 'C': [1, 1, 1, 1, 1, 1, 1, 1, 1, 1]}, '南门西侧': {'A': [1, 1, 0, 1, 1, 1, 1, 1, 1, 1], 'B': [1, 1, 1, 1, 0, 0, 1, 1, 0, 1]}, '南门东侧': {'A': [1, 0, 0, 1, 1, 1, 1, 1, 1, 1], 'B': [1, 1, 1, 1, 1, 1, 1, 1, 1, 1]}, '北门东北侧': {'A': [1, 1, 1, 1, 1, 1, 1, 1, 1, 1], 'B': [1, 0, 1, 1, 1, 1, 1, 1, 0, 1], 'C': [1, 1, 0, 1, 0, 1, 1, 1, 1, 0], 'D': [0, 0, 1, 1, 0, 0, 1, 0, 0, 1]}, '北门东南侧': {'A': [0, 1, 1, 1, 1, 0, 1, 1, 1, 1], 'B': [0, 1, 1, 0, 0, 1, 1, 1, 0, 0], 'C': [1, 1, 0, 1, 1, 0, 0, 0, 0, 0], 'D': [1, 1, 0, 1, 1, 1, 1, 1, 0, 1], 'E': [1, 1, 1, 1, 0, 0, 1, 0, 1, 1], 'F': [1, 1, 1, 1, 0, 1, 1, 1, 1, 1]}, '橘园北侧南': {'A': [0, 0, 0, 1, 0, 0, 0, 0, 0, 1], 'B': [0, 0, 0, 0, 1, 0, 1, 0, 1, 0], 'C': [0, 0, 1, 0, 0, 0, 0, 0, 1, 1], 'D': [0, 0, 0, 1, 0, 0, 0, 1, 0, 0], 'E': [1, 0, 0, 0, 0, 0, 1, 0, 0, 1], 'F': [1, 0, 0, 0, 0, 0, 0, 0, 0, 0], 'G': [0, 0, 0, 1, 0, 1, 0, 0, 1, 0], 'H': [0, 1, 1, 1, 1, 1, 1, 1, 1, 1], 'I': [0, 1, 0, 0, 1, 0, 0, 0, 1, 0], 'J': [0, 0, 0, 0, 0, 0, 1, 1, 0, 0]}, '校医院西': {'A': [1, 1, 1, 1, 1, 1, 1, 1, 1, 1], 'B': [1, 1, 1, 0, 1, 1, 1, 0, 1, 1], 'C': [1, 1, 1, 1, 0, 0, 1, 1, 0, 1], 'D': [1, 1, 1, 1, 1, 1, 1, 1, 1, 1], 'E': [1, 1, 1, 1, 1, 1, 1, 1, 1, 1], 'F': [0, 1, 1, 1, 0, 1, 1, 1, 1, 1], 'G': [0, 0, 1, 1, 0, 1, 1, 1, 1, 0], 'H': [1, 1, 0, 0, 0, 0, 1, 0, 0, 1], 'I': [0, 1, 0, 1, 0, 0, 0, 0, 0, 1]}}
623084	2024-07-13 02:08:55.088000+08:00	2024-07-13 02:08:55.088000+08:00	{'东门北侧': {'A': [1, 1, 1, 1, 1, 1, 1, 1, 1, 1], 'B': [1, 1, 1, 1, 1, 1, 1, 1, 1, 1], 'C': [0, 1, 1, 1, 1, 1, 1, 1, 1, 0], 'D': [1, 1, 1, 1, 1, 0, 1, 1, 0, 1], 'E': [1, 1, 1, 0, 1, 1, 1, 0, 1, 1], 'F': [0, 1, 1, 1, 1, 1, 1, 1, 1, 1], 'G': [0, 1, 1, 1, 1, 0, 1, 1, 0, 0], 'H': [1, 1, 1, 1, 0, 1, 1, 1, 0, 0], 'I': [0, 1, 0, 1, 1, 0, 1, 1, 1, 1], 'J': [1, 0, 1, 0, 1, 0, 1, 1, 1, 0], 'K': [0, 1, 1, 0, 0, 1, 1, 1, 0, 0]}, '东门南侧': {'A': [0, 0, 0, 1, 0, 0, 1, 0, 1, 0], 'B': [0, 0, 0, 0, 0, 0, 0, 0, 0, 0]}, '西门北侧': {'A': [1, 1, 1, 1, 1, 1, 1, 1, 1, 1], 'B': [0, 1, 0, 1, 1, 0, 1, 1, 0, 1], 'C': [1, 1, 0, 0, 1, 1, 1, 1, 1, 0]}, '西门南侧': {'A': [0, 1, 1, 1, 1, 0, 1, 0, 1, 1], 'B': [1, 1, 1, 1, 1, 1, 1, 1, 1, 1], 'C': [1, 1, 1, 1, 1, 1, 1, 1, 1, 1]}, '南门西侧': {'A': [1, 1, 0, 1, 1, 1, 1, 1, 1, 1], 'B': [1, 1, 1, 1, 0, 0, 1, 1, 0, 1]}, '南门东侧': {'A': [1, 0, 0, 1, 1, 1, 1, 1, 1, 1], 'B': [1, 1, 1, 1, 1, 1, 1, 1, 1, 1]}, '北门东北侧': {'A': [1, 1, 1, 1, 1, 1, 1, 1, 1, 1], 'B': [1, 0, 1, 1, 1, 1, 1, 1, 0, 1], 'C': [1, 1, 0, 1, 0, 1, 1, 1, 1, 0], 'D': [0, 0, 1, 1, 0, 0, 1, 0, 0, 1]}, '北门东南侧': {'A': [0, 1, 1, 1, 1, 0, 1, 1, 1, 1], 'B': [0, 1, 1, 0, 0, 1, 1, 1, 0, 0], 'C': [1, 1, 0, 1, 1, 0, 0, 0, 0, 0], 'D': [1, 1, 0, 1, 1, 1, 1, 1, 0, 1], 'E': [1, 1, 1, 1, 0, 0, 1, 0, 1, 1], 'F': [1, 1, 1, 1, 0, 1, 1, 1, 1, 1]}, '橘园北侧南': {'A': [0, 0, 0, 1, 0, 0, 0, 0, 0, 1], 'B': [0, 0, 0, 0, 1, 0, 1, 0, 1, 0], 'C': [0, 0, 1, 0, 0, 0, 0, 0, 1, 1], 'D': [0, 0, 0, 1, 0, 0, 0, 1, 0, 0], 'E': [1, 0, 0, 0, 0, 0, 1, 0, 0, 1], 'F': [1, 0, 0, 0, 0, 0, 0, 0, 0, 0], 'G': [0, 0, 0, 1, 0, 1, 0, 0, 1, 0], 'H': [0, 1, 1, 1, 1, 1, 1, 1, 1, 1], 'I': [0, 1, 0, 0, 1, 0, 0, 0, 1, 0], 'J': [0, 0, 0, 0, 0, 0, 1, 1, 0, 0]}, '校医院西': {'A': [1, 1, 1, 1, 1, 1, 1, 1, 1, 1], 'B': [1, 1, 1, 0, 1, 1, 1, 0, 1, 1], 'C': [1, 1, 1, 1, 0, 0, 1, 1, 0, 1], 'D': [1, 1, 1, 1, 1, 1, 1, 1, 1, 1], 'E': [1, 1, 1, 1, 1, 1, 1, 1, 1, 1], 'F': [0, 1, 1, 1, 0, 1, 1, 1, 1, 1], 'G': [0, 0, 1, 1, 0, 1, 1, 1, 1, 0], 'H': [1, 1, 0, 0, 0, 0, 1, 0, 0, 1], 'I': [0, 1, 0, 1, 0, 0, 0, 0, 0, 1]}}
623085	2024-07-13 02:09:47.876000+08:00	2024-07-13 02:09:47.876000+08:00	{'东门北侧': {'A': [1, 1, 1, 1, 1, 1, 1, 1, 1, 1], 'B': [1, 1, 1, 1, 1, 1, 1, 1, 1, 1], 'C': [0, 1, 1, 1, 1, 1, 1, 1, 1, 0], 'D': [1, 1, 1, 1, 1, 0, 1, 1, 0, 1], 'E': [1, 1, 1, 0, 1, 1, 1, 0, 1, 1], 'F': [0, 1, 1, 1, 1, 1, 1, 1, 1, 1], 'G': [0, 1, 1, 1, 1, 0, 1, 1, 0, 0], 'H': [1, 1, 1, 1, 0, 1, 1, 1, 0, 0], 'I': [0, 1, 0, 1, 1, 0, 1, 1, 1, 1], 'J': [1, 0, 1, 0, 1, 0, 1, 1, 1, 0], 'K': [0, 1, 1, 0, 0, 1, 1, 1, 0, 0]}, '东门南侧': {'A': [0, 0, 0, 1, 0, 0, 1, 0, 1, 0], 'B': [0, 0, 0, 0, 0, 0, 0, 0, 0, 0]}, '西门北侧': {'A': [1, 1, 1, 1, 1, 1, 1, 1, 1, 1], 'B': [0, 1, 0, 1, 1, 0, 1, 1, 0, 1], 'C': [1, 1, 0, 0, 1, 1, 1, 1, 1, 0]}, '西门南侧': {'A': [0, 1, 1, 1, 1, 0, 1, 0, 1, 1], 'B': [1, 1, 1, 1, 1, 1, 1, 1, 1, 1], 'C': [1, 1, 1, 1, 1, 1, 1, 1, 1, 1]}, '南门西侧': {'A': [1, 1, 0, 1, 1, 1, 1, 1, 1, 1], 'B': [1, 1, 1, 1, 0, 0, 1, 1, 0, 1]}, '南门东侧': {'A': [1, 0, 0, 1, 1, 1, 1, 1, 1, 1], 'B': [1, 1, 1, 1, 1, 1, 1, 1, 1, 1]}, '北门东北侧': {'A': [1, 1, 1, 1, 1, 1, 1, 1, 1, 1], 'B': [1, 0, 1, 1, 1, 1, 1, 1, 0, 1], 'C': [1, 1, 0, 1, 0, 1, 1, 1, 1, 0], 'D': [0, 0, 1, 1, 0, 0, 1, 0, 0, 1]}, '北门东南侧': {'A': [0, 1, 1, 1, 1, 0, 1, 1, 1, 1], 'B': [0, 1, 1, 0, 0, 1, 1, 1, 0, 0], 'C': [1, 1, 0, 1, 1, 0, 0, 0, 0, 0], 'D': [1, 1, 0, 1, 1, 1, 1, 1, 0, 1], 'E': [1, 1, 1, 1, 0, 0, 1, 0, 1, 1], 'F': [1, 1, 1, 1, 0, 1, 1, 1, 1, 1]}, '橘园北侧南': {'A': [0, 0, 0, 1, 0, 0, 0, 0, 0, 1], 'B': [0, 0, 0, 0, 1, 0, 1, 0, 1, 0], 'C': [0, 0, 1, 0, 0, 0, 0, 0, 1, 1], 'D': [0, 0, 0, 1, 0, 0, 0, 1, 0, 0], 'E': [1, 0, 0, 0, 0, 0, 1, 0, 0, 1], 'F': [1, 0, 0, 0, 0, 0, 0, 0, 0, 0], 'G': [0, 0, 0, 1, 0, 1, 0, 0, 1, 0], 'H': [0, 1, 1, 1, 1, 1, 1, 1, 1, 1], 'I': [0, 1, 0, 0, 1, 0, 0, 0, 1, 0], 'J': [0, 0, 0, 0, 0, 0, 1, 1, 0, 0]}, '校医院西': {'A': [1, 1, 1, 1, 1, 1, 1, 1, 1, 1], 'B': [1, 1, 1, 0, 1, 1, 1, 0, 1, 1], 'C': [1, 1, 1, 1, 0, 0, 1, 1, 0, 1], 'D': [1, 1, 1, 1, 1, 1, 1, 1, 1, 1], 'E': [1, 1, 1, 1, 1, 1, 1, 1, 1, 1], 'F': [0, 1, 1, 1, 0, 1, 1, 1, 1, 1], 'G': [0, 0, 1, 1, 0, 1, 1, 1, 1, 0], 'H': [1, 1, 0, 0, 0, 0, 1, 0, 0, 1], 'I': [0, 1, 0, 1, 0, 0, 0, 0, 0, 1]}}
623086	2024-07-13 02:11:47.919000+08:00	2024-07-13 02:11:47.919000+08:00	{'东门北侧': {'A': [1, 1, 1, 1, 1, 1, 1, 1, 1, 1], 'B': [1, 1, 1, 1, 1, 1, 1, 1, 1, 1], 'C': [0, 1, 1, 1, 1, 1, 1, 1, 1, 0], 'D': [1, 1, 1, 1, 1, 0, 1, 1, 0, 1], 'E': [1, 1, 1, 0, 1, 1, 1, 0, 1, 1], 'F': [0, 1, 1, 1, 1, 1, 1, 1, 1, 1], 'G': [0, 1, 1, 1, 1, 0, 1, 1, 0, 0], 'H': [1, 1, 1, 1, 0, 1, 1, 1, 0, 0], 'I': [0, 1, 0, 1, 1, 0, 1, 1, 1, 1], 'J': [1, 0, 1, 0, 1, 0, 1, 1, 1, 0], 'K': [0, 1, 1, 0, 0, 1, 1, 1, 0, 0]}, '东门南侧': {'A': [0, 0, 0, 1, 0, 0, 1, 0, 1, 0], 'B': [0, 0, 0, 0, 0, 0, 0, 0, 0, 0]}, '西门北侧': {'A': [1, 1, 1, 1, 1, 1, 1, 1, 1, 1], 'B': [0, 1, 0, 1, 1, 0, 1, 1, 0, 1], 'C': [1, 1, 0, 0, 1, 1, 1, 1, 1, 0]}, '西门南侧': {'A': [0, 1, 1, 1, 1, 0, 1, 0, 1, 1], 'B': [1, 1, 1, 1, 1, 1, 1, 1, 1, 1], 'C': [1, 1, 1, 1, 1, 1, 1, 1, 1, 1]}, '南门西侧': {'A': [1, 1, 0, 1, 1, 1, 1, 1, 1, 1], 'B': [1, 1, 1, 1, 0, 0, 1, 1, 0, 1]}, '南门东侧': {'A': [1, 0, 0, 1, 1, 1, 1, 1, 1, 1], 'B': [1, 1, 1, 1, 1, 1, 1, 1, 1, 1]}, '北门东北侧': {'A': [1, 1, 1, 1, 1, 1, 1, 1, 1, 1], 'B': [1, 0, 1, 1, 1, 1, 1, 1, 0, 1], 'C': [1, 1, 0, 1, 0, 1, 1, 1, 1, 0], 'D': [0, 0, 1, 1, 0, 0, 1, 0, 0, 1]}, '北门东南侧': {'A': [0, 1, 1, 1, 1, 0, 1, 1, 1, 1], 'B': [0, 1, 1, 0, 0, 1, 1, 1, 0, 0], 'C': [1, 1, 0, 1, 1, 0, 0, 0, 0, 0], 'D': [1, 1, 0, 1, 1, 1, 1, 1, 0, 1], 'E': [1, 1, 1, 1, 0, 0, 1, 0, 1, 1], 'F': [1, 1, 1, 1, 0, 1, 1, 1, 1, 1]}, '橘园北侧南': {'A': [0, 0, 0, 1, 0, 0, 0, 0, 0, 1], 'B': [0, 0, 0, 0, 1, 0, 1, 0, 1, 0], 'C': [0, 0, 1, 0, 0, 0, 0, 0, 1, 1], 'D': [0, 0, 0, 1, 0, 0, 0, 1, 0, 0], 'E': [1, 0, 0, 0, 0, 0, 1, 0, 0, 1], 'F': [1, 0, 0, 0, 0, 0, 0, 0, 0, 0], 'G': [0, 0, 0, 1, 0, 1, 0, 0, 1, 0], 'H': [0, 1, 1, 1, 1, 1, 1, 1, 1, 1], 'I': [0, 1, 0, 0, 1, 0, 0, 0, 1, 0], 'J': [0, 0, 0, 0, 0, 0, 1, 1, 0, 0]}, '校医院西': {'A': [1, 1, 1, 1, 1, 1, 1, 1, 1, 1], 'B': [1, 1, 1, 0, 1, 1, 1, 0, 1, 1], 'C': [1, 1, 1, 1, 0, 0, 1, 1, 0, 1], 'D': [1, 1, 1, 1, 1, 1, 1, 1, 1, 1], 'E': [1, 1, 1, 1, 1, 1, 1, 1, 1, 1], 'F': [0, 1, 1, 1, 0, 1, 1, 1, 1, 1], 'G': [0, 0, 1, 1, 0, 1, 1, 1, 1, 0], 'H': [1, 1, 0, 0, 0, 0, 1, 0, 0, 1], 'I': [0, 1, 0, 1, 0, 0, 0, 0, 0, 1]}}
623087	2024-07-13 02:12:50.763000+08:00	2024-07-13 02:12:50.763000+08:00	{'东门北侧': {'A': [1, 1, 1, 1, 1, 1, 1, 1, 1, 1], 'B': [1, 1, 1, 1, 1, 1, 1, 1, 1, 1], 'C': [0, 1, 1, 1, 1, 1, 1, 1, 1, 0], 'D': [1, 1, 1, 1, 1, 0, 1, 1, 0, 1], 'E': [1, 1, 1, 0, 1, 1, 1, 0, 1, 1], 'F': [0, 1, 1, 1, 1, 1, 1, 1, 1, 1], 'G': [0, 1, 1, 1, 1, 0, 1, 1, 0, 0], 'H': [1, 1, 1, 1, 0, 1, 1, 1, 0, 0], 'I': [0, 1, 0, 1, 1, 0, 1, 1, 1, 1], 'J': [1, 0, 1, 0, 1, 0, 1, 1, 1, 0], 'K': [0, 1, 1, 0, 0, 1, 1, 1, 0, 0]}, '东门南侧': {'A': [0, 0, 0, 1, 0, 0, 1, 0, 1, 0], 'B': [0, 0, 0, 0, 0, 0, 0, 0, 0, 0]}, '西门北侧': {'A': [1, 1, 1, 1, 1, 1, 1, 1, 1, 1], 'B': [0, 1, 0, 1, 1, 0, 1, 1, 0, 1], 'C': [1, 1, 0, 0, 1, 1, 1, 1, 1, 0]}, '西门南侧': {'A': [0, 1, 1, 1, 1, 0, 1, 0, 1, 1], 'B': [1, 1, 1, 1, 1, 1, 1, 1, 1, 1], 'C': [1, 1, 1, 1, 1, 1, 1, 1, 1, 1]}, '南门西侧': {'A': [1, 1, 0, 1, 1, 1, 1, 1, 1, 1], 'B': [1, 1, 1, 1, 0, 0, 1, 1, 0, 1]}, '南门东侧': {'A': [1, 0, 0, 1, 1, 1, 1, 1, 1, 1], 'B': [1, 1, 1, 1, 1, 1, 1, 1, 1, 1]}, '北门东北侧': {'A': [1, 1, 1, 1, 1, 1, 1, 1, 1, 1], 'B': [1, 0, 1, 1, 1, 1, 1, 1, 0, 1], 'C': [1, 1, 0, 1, 0, 1, 1, 1, 1, 0], 'D': [0, 0, 1, 1, 0, 0, 1, 0, 0, 1]}, '北门东南侧': {'A': [0, 1, 1, 1, 1, 0, 1, 1, 1, 1], 'B': [0, 1, 1, 0, 0, 1, 1, 1, 0, 0], 'C': [1, 1, 0, 1, 1, 0, 0, 0, 0, 0], 'D': [1, 1, 0, 1, 1, 1, 1, 1, 0, 1], 'E': [1, 1, 1, 1, 0, 0, 1, 0, 1, 1], 'F': [1, 1, 1, 1, 0, 1, 1, 1, 1, 1]}, '橘园北侧南': {'A': [0, 0, 0, 1, 0, 0, 0, 0, 0, 1], 'B': [0, 0, 0, 0, 1, 0, 1, 0, 1, 0], 'C': [0, 0, 1, 0, 0, 0, 0, 0, 1, 1], 'D': [0, 0, 0, 1, 0, 0, 0, 1, 0, 0], 'E': [1, 0, 0, 0, 0, 0, 1, 0, 0, 1], 'F': [1, 0, 0, 0, 0, 0, 0, 0, 0, 0], 'G': [0, 0, 0, 1, 0, 1, 0, 0, 1, 0], 'H': [0, 1, 1, 1, 1, 1, 1, 1, 1, 1], 'I': [0, 1, 0, 0, 1, 0, 0, 0, 1, 0], 'J': [0, 0, 0, 0, 0, 0, 1, 1, 0, 0]}, '校医院西': {'A': [1, 1, 1, 1, 1, 1, 1, 1, 1, 1], 'B': [1, 1, 1, 0, 1, 1, 1, 0, 1, 1], 'C': [1, 1, 1, 1, 0, 0, 1, 1, 0, 1], 'D': [1, 1, 1, 1, 1, 1, 1, 1, 1, 1], 'E': [1, 1, 1, 1, 1, 1, 1, 1, 1, 1], 'F': [0, 1, 1, 1, 0, 1, 1, 1, 1, 1], 'G': [0, 0, 1, 1, 0, 1, 1, 1, 1, 0], 'H': [1, 1, 0, 0, 0, 0, 1, 0, 0, 1], 'I': [0, 1, 0, 1, 0, 0, 0, 0, 0, 1]}}
623088	2024-07-13 02:13:48.416000+08:00	2024-07-13 02:13:48.416000+08:00	{'东门北侧': {'A': [1, 1, 1, 1, 1, 1, 1, 1, 1, 1], 'B': [1, 1, 1, 1, 1, 1, 1, 1, 1, 1], 'C': [0, 1, 1, 1, 1, 1, 1, 1, 1, 0], 'D': [1, 1, 1, 1, 1, 0, 1, 1, 0, 1], 'E': [1, 1, 1, 0, 1, 1, 1, 0, 1, 1], 'F': [0, 1, 1, 1, 1, 1, 1, 1, 1, 1], 'G': [0, 1, 1, 1, 1, 0, 1, 1, 0, 0], 'H': [1, 1, 1, 1, 0, 1, 1, 1, 0, 0], 'I': [0, 1, 0, 1, 1, 0, 1, 1, 1, 1], 'J': [1, 0, 1, 0, 1, 0, 1, 1, 1, 0], 'K': [0, 1, 1, 0, 0, 1, 1, 1, 0, 0]}, '东门南侧': {'A': [0, 0, 0, 1, 0, 0, 1, 0, 1, 0], 'B': [0, 0, 0, 0, 0, 0, 0, 0, 0, 0]}, '西门北侧': {'A': [1, 1, 1, 1, 1, 1, 1, 1, 1, 1], 'B': [0, 1, 0, 1, 1, 0, 1, 1, 0, 1], 'C': [1, 1, 0, 0, 1, 1, 1, 1, 1, 0]}, '西门南侧': {'A': [0, 1, 1, 1, 1, 0, 1, 0, 1, 1], 'B': [1, 1, 1, 1, 1, 1, 1, 1, 1, 1], 'C': [1, 1, 1, 1, 1, 1, 1, 1, 1, 1]}, '南门西侧': {'A': [1, 1, 0, 1, 1, 1, 1, 1, 1, 1], 'B': [1, 1, 1, 1, 0, 0, 1, 1, 0, 1]}, '南门东侧': {'A': [1, 0, 0, 1, 1, 1, 1, 1, 1, 1], 'B': [1, 1, 1, 1, 1, 1, 1, 1, 1, 1]}, '北门东北侧': {'A': [1, 1, 1, 1, 1, 1, 1, 1, 1, 1], 'B': [1, 0, 1, 1, 1, 1, 1, 1, 0, 1], 'C': [1, 1, 0, 1, 0, 1, 1, 1, 1, 0], 'D': [0, 0, 1, 1, 0, 0, 1, 0, 0, 1]}, '北门东南侧': {'A': [0, 1, 1, 1, 1, 0, 1, 1, 1, 1], 'B': [0, 1, 1, 0, 0, 1, 1, 1, 0, 0], 'C': [1, 1, 0, 1, 1, 0, 0, 0, 0, 0], 'D': [1, 1, 0, 1, 1, 1, 1, 1, 0, 1], 'E': [1, 1, 1, 1, 0, 0, 1, 0, 1, 1], 'F': [1, 1, 1, 1, 0, 1, 1, 1, 1, 1]}, '橘园北侧南': {'A': [0, 0, 0, 1, 0, 0, 0, 0, 0, 1], 'B': [0, 0, 0, 0, 1, 0, 1, 0, 1, 0], 'C': [0, 0, 1, 0, 0, 0, 0, 0, 1, 1], 'D': [0, 0, 0, 1, 0, 0, 0, 1, 0, 0], 'E': [1, 0, 0, 0, 0, 0, 1, 0, 0, 1], 'F': [1, 0, 0, 0, 0, 0, 0, 0, 0, 0], 'G': [0, 0, 0, 1, 0, 1, 0, 0, 1, 0], 'H': [0, 1, 1, 1, 1, 1, 1, 1, 1, 1], 'I': [0, 1, 0, 0, 1, 0, 0, 0, 1, 0], 'J': [0, 0, 0, 0, 0, 0, 1, 1, 0, 0]}, '校医院西': {'A': [1, 1, 1, 1, 1, 1, 1, 1, 1, 1], 'B': [1, 1, 1, 0, 1, 1, 1, 0, 1, 1], 'C': [1, 1, 1, 1, 0, 0, 1, 1, 0, 1], 'D': [1, 1, 1, 1, 1, 1, 1, 1, 1, 1], 'E': [1, 1, 1, 1, 1, 1, 1, 1, 1, 1], 'F': [0, 1, 1, 1, 0, 1, 1, 1, 1, 1], 'G': [1, 0, 1, 1, 0, 1, 1, 1, 1, 0], 'H': [1, 1, 0, 0, 0, 0, 1, 0, 0, 1], 'I': [1, 1, 0, 1, 0, 0, 0, 0, 0, 1]}}
623089	2024-07-13 02:14:48.666000+08:00	2024-07-13 02:14:48.666000+08:00	{'东门北侧': {'A': [1, 1, 1, 1, 1, 1, 1, 1, 1, 1], 'B': [1, 1, 1, 1, 1, 1, 1, 1, 1, 1], 'C': [0, 1, 1, 1, 1, 1, 1, 1, 1, 0], 'D': [1, 1, 1, 1, 1, 0, 1, 1, 0, 1], 'E': [1, 1, 1, 0, 1, 1, 1, 0, 1, 1], 'F': [0, 1, 1, 1, 1, 1, 1, 1, 1, 1], 'G': [0, 1, 1, 1, 1, 0, 1, 1, 0, 0], 'H': [1, 1, 1, 1, 0, 1, 1, 1, 0, 0], 'I': [0, 1, 0, 1, 1, 0, 1, 1, 1, 1], 'J': [1, 0, 1, 0, 1, 0, 1, 1, 1, 0], 'K': [0, 1, 1, 0, 0, 1, 1, 1, 0, 0]}, '东门南侧': {'A': [0, 0, 0, 1, 0, 0, 1, 0, 1, 0], 'B': [0, 0, 0, 0, 0, 0, 0, 0, 0, 0]}, '西门北侧': {'A': [1, 1, 1, 1, 1, 1, 1, 1, 1, 1], 'B': [0, 1, 0, 1, 1, 0, 1, 1, 0, 1], 'C': [1, 1, 0, 0, 1, 1, 1, 1, 1, 0]}, '西门南侧': {'A': [0, 1, 1, 1, 1, 0, 1, 0, 1, 1], 'B': [1, 1, 1, 1, 1, 1, 1, 1, 1, 1], 'C': [1, 1, 1, 1, 1, 1, 1, 1, 1, 1]}, '南门西侧': {'A': [1, 1, 0, 1, 1, 1, 1, 1, 1, 1], 'B': [1, 1, 1, 1, 0, 0, 1, 1, 0, 1]}, '南门东侧': {'A': [1, 0, 0, 1, 1, 1, 1, 1, 1, 1], 'B': [1, 1, 1, 1, 1, 1, 1, 1, 1, 1]}, '北门东北侧': {'A': [1, 1, 1, 1, 1, 1, 1, 1, 1, 1], 'B': [1, 0, 1, 1, 1, 1, 1, 1, 0, 1], 'C': [1, 1, 0, 1, 0, 1, 1, 1, 1, 0], 'D': [0, 0, 1, 1, 0, 0, 1, 0, 0, 1]}, '北门东南侧': {'A': [0, 1, 1, 1, 1, 0, 1, 1, 1, 1], 'B': [0, 1, 1, 0, 0, 1, 1, 1, 0, 0], 'C': [1, 1, 0, 1, 1, 0, 0, 0, 0, 0], 'D': [1, 1, 0, 1, 1, 1, 1, 1, 0, 1], 'E': [1, 1, 1, 1, 0, 0, 1, 0, 1, 1], 'F': [1, 1, 1, 1, 0, 1, 1, 1, 1, 1]}, '橘园北侧南': {'A': [0, 0, 0, 1, 0, 0, 0, 0, 0, 1], 'B': [0, 0, 0, 0, 1, 0, 1, 0, 1, 0], 'C': [0, 0, 1, 0, 0, 0, 0, 0, 1, 1], 'D': [0, 0, 0, 1, 0, 0, 0, 1, 0, 0], 'E': [1, 0, 0, 0, 0, 0, 1, 0, 0, 1], 'F': [1, 0, 0, 0, 0, 0, 0, 0, 0, 0], 'G': [0, 0, 0, 1, 0, 1, 0, 0, 1, 0], 'H': [0, 1, 1, 1, 1, 1, 1, 1, 1, 1], 'I': [0, 1, 0, 0, 1, 0, 0, 0, 1, 0], 'J': [0, 0, 0, 0, 0, 0, 1, 1, 0, 0]}, '校医院西': {'A': [1, 1, 1, 1, 1, 1, 1, 1, 1, 1], 'B': [1, 1, 1, 0, 1, 1, 1, 0, 1, 1], 'C': [1, 1, 1, 1, 0, 0, 1, 1, 0, 1], 'D': [1, 1, 1, 1, 1, 1, 1, 1, 1, 1], 'E': [1, 1, 1, 1, 1, 1, 1, 1, 1, 1], 'F': [0, 1, 1, 1, 0, 1, 1, 1, 1, 1], 'G': [1, 0, 1, 1, 0, 1, 1, 1, 1, 0], 'H': [1, 1, 0, 0, 0, 0, 1, 0, 0, 1], 'I': [1, 1, 0, 1, 0, 0, 0, 0, 0, 1]}}
623090	2024-07-13 02:15:48.069000+08:00	2024-07-13 02:15:48.069000+08:00	{'东门北侧': {'A': [1, 1, 1, 1, 1, 1, 1, 1, 1, 1], 'B': [1, 1, 1, 1, 1, 1, 1, 1, 1, 1], 'C': [0, 1, 1, 1, 1, 1, 1, 1, 1, 0], 'D': [1, 1, 1, 1, 1, 0, 1, 1, 0, 1], 'E': [1, 1, 1, 0, 1, 1, 1, 0, 1, 1], 'F': [0, 1, 1, 1, 1, 1, 1, 1, 1, 1], 'G': [0, 1, 1, 1, 1, 0, 1, 1, 0, 0], 'H': [1, 1, 1, 1, 0, 1, 1, 1, 0, 0], 'I': [0, 1, 0, 1, 1, 0, 1, 1, 1, 1], 'J': [1, 0, 1, 0, 1, 0, 1, 1, 1, 0], 'K': [0, 1, 1, 0, 0, 1, 1, 1, 0, 0]}, '东门南侧': {'A': [0, 0, 0, 1, 0, 0, 1, 0, 1, 0], 'B': [0, 0, 0, 0, 0, 0, 0, 0, 0, 0]}, '西门北侧': {'A': [1, 1, 1, 1, 1, 1, 1, 1, 1, 1], 'B': [0, 1, 0, 1, 1, 0, 1, 1, 0, 1], 'C': [1, 1, 0, 0, 1, 1, 1, 1, 1, 0]}, '西门南侧': {'A': [0, 1, 1, 1, 1, 0, 1, 0, 1, 1], 'B': [1, 1, 1, 1, 1, 1, 1, 1, 1, 1], 'C': [1, 1, 1, 1, 1, 1, 1, 1, 1, 1]}, '南门西侧': {'A': [1, 1, 0, 1, 1, 1, 1, 1, 1, 1], 'B': [1, 1, 1, 1, 0, 0, 1, 1, 0, 1]}, '南门东侧': {'A': [1, 0, 0, 1, 1, 1, 1, 1, 1, 1], 'B': [1, 1, 1, 1, 1, 1, 1, 1, 1, 1]}, '北门东北侧': {'A': [1, 1, 1, 1, 1, 1, 1, 1, 1, 1], 'B': [1, 0, 1, 1, 1, 1, 1, 1, 0, 1], 'C': [1, 1, 0, 1, 0, 1, 1, 1, 1, 0], 'D': [0, 0, 1, 1, 0, 0, 1, 0, 0, 1]}, '北门东南侧': {'A': [0, 1, 1, 1, 1, 0, 1, 1, 1, 1], 'B': [0, 1, 1, 0, 0, 1, 1, 1, 0, 0], 'C': [1, 1, 0, 1, 1, 0, 0, 0, 0, 0], 'D': [1, 1, 0, 1, 1, 1, 1, 1, 0, 1], 'E': [1, 1, 1, 1, 0, 0, 1, 0, 1, 1], 'F': [1, 1, 1, 1, 0, 1, 1, 1, 1, 1]}, '橘园北侧南': {'A': [0, 0, 0, 1, 0, 0, 0, 0, 0, 1], 'B': [0, 0, 0, 0, 1, 0, 1, 0, 1, 0], 'C': [0, 0, 1, 0, 0, 0, 0, 0, 1, 1], 'D': [0, 0, 0, 1, 0, 0, 0, 1, 0, 0], 'E': [1, 0, 0, 0, 0, 0, 1, 0, 0, 1], 'F': [1, 0, 0, 0, 0, 0, 0, 0, 0, 0], 'G': [0, 0, 0, 1, 0, 1, 0, 0, 1, 0], 'H': [0, 1, 1, 1, 1, 1, 1, 1, 1, 1], 'I': [0, 1, 0, 0, 1, 0, 0, 0, 1, 0], 'J': [0, 0, 0, 0, 0, 0, 1, 1, 0, 0]}, '校医院西': {'A': [1, 1, 1, 1, 1, 1, 1, 1, 1, 1], 'B': [1, 1, 1, 0, 1, 1, 1, 0, 1, 1], 'C': [1, 1, 1, 1, 0, 0, 1, 1, 0, 1], 'D': [1, 1, 1, 1, 1, 1, 1, 1, 1, 1], 'E': [1, 1, 1, 1, 1, 1, 1, 1, 1, 1], 'F': [0, 1, 1, 1, 0, 1, 1, 1, 1, 1], 'G': [1, 0, 1, 1, 0, 1, 1, 1, 1, 0], 'H': [1, 1, 0, 0, 0, 0, 1, 0, 0, 1], 'I': [1, 1, 0, 1, 0, 0, 0, 0, 0, 1]}}
623091	2024-07-13 02:16:48.825000+08:00	2024-07-13 02:16:48.825000+08:00	{'东门北侧': {'A': [1, 1, 1, 1, 1, 1, 1, 1, 1, 1], 'B': [1, 1, 1, 1, 1, 1, 1, 1, 1, 1], 'C': [0, 1, 1, 1, 1, 1, 1, 1, 1, 0], 'D': [1, 1, 1, 1, 1, 0, 1, 1, 0, 1], 'E': [1, 1, 1, 0, 1, 1, 1, 0, 1, 1], 'F': [0, 1, 1, 1, 1, 1, 1, 1, 1, 1], 'G': [0, 1, 1, 1, 1, 0, 1, 1, 0, 0], 'H': [1, 1, 1, 1, 0, 1, 1, 1, 0, 0], 'I': [0, 1, 0, 1, 1, 0, 1, 1, 1, 1], 'J': [1, 0, 1, 0, 1, 0, 1, 1, 1, 0], 'K': [0, 1, 1, 0, 0, 1, 1, 1, 0, 0]}, '东门南侧': {'A': [0, 0, 0, 1, 0, 0, 1, 0, 1, 0], 'B': [0, 0, 0, 0, 0, 0, 0, 0, 0, 0]}, '西门北侧': {'A': [1, 1, 1, 1, 1, 1, 1, 1, 1, 1], 'B': [0, 1, 0, 1, 1, 0, 1, 1, 0, 1], 'C': [1, 1, 0, 0, 1, 1, 1, 1, 1, 0]}, '西门南侧': {'A': [0, 1, 1, 1, 1, 0, 1, 0, 1, 1], 'B': [1, 1, 1, 1, 1, 1, 1, 1, 1, 1], 'C': [1, 1, 1, 1, 1, 1, 1, 1, 1, 1]}, '南门西侧': {'A': [1, 1, 0, 1, 1, 1, 1, 1, 1, 1], 'B': [1, 1, 1, 1, 0, 0, 1, 1, 0, 1]}, '南门东侧': {'A': [1, 0, 0, 1, 1, 1, 1, 1, 1, 1], 'B': [1, 1, 1, 1, 1, 1, 1, 1, 1, 1]}, '北门东北侧': {'A': [1, 1, 1, 1, 1, 1, 1, 1, 1, 1], 'B': [1, 0, 1, 1, 1, 1, 1, 1, 0, 1], 'C': [1, 1, 0, 1, 0, 1, 1, 1, 1, 0], 'D': [0, 0, 1, 1, 0, 0, 1, 0, 0, 1]}, '北门东南侧': {'A': [0, 1, 1, 1, 1, 0, 1, 1, 1, 1], 'B': [0, 1, 1, 0, 0, 1, 1, 1, 0, 0], 'C': [1, 1, 0, 1, 1, 0, 0, 0, 0, 0], 'D': [1, 1, 0, 1, 1, 1, 1, 1, 0, 1], 'E': [1, 1, 1, 1, 0, 0, 1, 0, 1, 1], 'F': [1, 1, 1, 1, 0, 1, 1, 1, 1, 1]}, '橘园北侧南': {'A': [0, 0, 0, 1, 0, 0, 0, 0, 0, 1], 'B': [0, 0, 0, 0, 1, 0, 1, 0, 1, 0], 'C': [0, 0, 1, 0, 0, 0, 0, 0, 1, 1], 'D': [0, 0, 0, 1, 0, 0, 0, 1, 0, 0], 'E': [1, 0, 0, 0, 0, 0, 1, 0, 0, 1], 'F': [1, 0, 0, 0, 0, 0, 0, 0, 0, 0], 'G': [0, 0, 0, 1, 0, 1, 0, 0, 1, 0], 'H': [0, 1, 1, 1, 1, 1, 1, 1, 1, 1], 'I': [0, 1, 0, 0, 1, 0, 0, 0, 1, 0], 'J': [0, 0, 0, 0, 0, 0, 1, 1, 0, 0]}, '校医院西': {'A': [1, 1, 1, 1, 1, 1, 1, 1, 1, 1], 'B': [1, 1, 1, 0, 1, 1, 1, 0, 1, 1], 'C': [1, 1, 1, 1, 0, 0, 1, 1, 0, 1], 'D': [1, 1, 1, 1, 1, 1, 1, 1, 1, 1], 'E': [1, 1, 1, 1, 1, 1, 1, 1, 1, 1], 'F': [0, 1, 1, 1, 0, 1, 1, 1, 1, 1], 'G': [1, 0, 1, 1, 0, 1, 1, 1, 1, 0], 'H': [1, 1, 0, 0, 0, 0, 1, 0, 0, 1], 'I': [1, 1, 0, 1, 0, 0, 0, 0, 0, 1]}}
623092	2024-07-13 02:17:51.816000+08:00	2024-07-13 02:17:51.816000+08:00	{'东门北侧': {'A': [1, 1, 1, 1, 1, 1, 1, 1, 1, 1], 'B': [1, 1, 1, 1, 1, 1, 1, 1, 1, 1], 'C': [0, 1, 1, 1, 1, 1, 1, 1, 1, 0], 'D': [1, 1, 1, 1, 1, 0, 1, 1, 0, 1], 'E': [1, 1, 1, 0, 1, 1, 1, 0, 1, 1], 'F': [0, 1, 1, 1, 1, 1, 1, 1, 1, 1], 'G': [0, 1, 1, 1, 1, 0, 1, 1, 0, 0], 'H': [1, 1, 1, 1, 0, 1, 1, 1, 0, 0], 'I': [0, 1, 0, 1, 1, 0, 1, 1, 1, 1], 'J': [1, 0, 1, 0, 1, 0, 1, 1, 1, 0], 'K': [0, 1, 1, 0, 0, 1, 1, 1, 0, 0]}, '东门南侧': {'A': [0, 0, 0, 1, 0, 0, 1, 0, 1, 0], 'B': [0, 0, 0, 0, 0, 0, 0, 0, 0, 0]}, '西门北侧': {'A': [1, 1, 1, 1, 1, 1, 1, 1, 1, 1], 'B': [0, 1, 0, 1, 1, 0, 1, 1, 0, 1], 'C': [1, 1, 0, 0, 1, 1, 1, 1, 1, 0]}, '西门南侧': {'A': [0, 1, 1, 1, 1, 0, 1, 0, 1, 1], 'B': [1, 1, 1, 1, 1, 1, 1, 1, 1, 1], 'C': [1, 1, 1, 1, 1, 1, 1, 1, 1, 1]}, '南门西侧': {'A': [1, 1, 0, 1, 1, 1, 1, 1, 1, 1], 'B': [1, 1, 1, 1, 0, 0, 1, 1, 0, 1]}, '南门东侧': {'A': [1, 0, 0, 1, 1, 1, 1, 1, 1, 1], 'B': [1, 1, 1, 1, 1, 1, 1, 1, 1, 1]}, '北门东北侧': {'A': [1, 1, 1, 1, 1, 1, 1, 1, 1, 1], 'B': [1, 0, 1, 1, 1, 1, 1, 1, 0, 1], 'C': [1, 1, 0, 1, 0, 1, 1, 1, 1, 0], 'D': [0, 0, 1, 1, 0, 0, 1, 0, 0, 1]}, '北门东南侧': {'A': [0, 1, 1, 1, 1, 0, 1, 1, 1, 1], 'B': [0, 1, 1, 0, 0, 1, 1, 1, 0, 0], 'C': [1, 1, 0, 1, 1, 0, 0, 0, 0, 0], 'D': [1, 1, 0, 1, 1, 1, 1, 1, 1, 1], 'E': [1, 1, 1, 1, 0, 0, 1, 0, 1, 1], 'F': [1, 1, 1, 1, 0, 1, 1, 1, 1, 1]}, '橘园北侧南': {'A': [0, 0, 0, 1, 0, 0, 0, 0, 0, 1], 'B': [0, 0, 0, 0, 1, 0, 1, 0, 1, 0], 'C': [0, 0, 1, 0, 1, 0, 0, 0, 1, 1], 'D': [0, 0, 0, 1, 0, 0, 0, 1, 0, 0], 'E': [1, 0, 0, 0, 0, 0, 1, 0, 0, 1], 'F': [1, 0, 0, 0, 0, 0, 0, 0, 0, 0], 'G': [0, 0, 0, 1, 0, 1, 0, 0, 1, 0], 'H': [0, 1, 1, 1, 1, 1, 1, 1, 1, 1], 'I': [0, 1, 0, 0, 1, 0, 0, 0, 1, 0], 'J': [0, 0, 0, 0, 0, 0, 1, 1, 0, 0]}, '校医院西': {'A': [1, 1, 1, 1, 1, 1, 1, 1, 1, 1], 'B': [1, 1, 1, 0, 1, 1, 1, 0, 1, 1], 'C': [1, 1, 1, 1, 0, 0, 1, 1, 0, 1], 'D': [1, 1, 1, 1, 1, 1, 1, 1, 1, 1], 'E': [1, 1, 1, 1, 1, 1, 1, 1, 1, 1], 'F': [0, 1, 1, 1, 0, 1, 1, 1, 1, 1], 'G': [1, 0, 1, 1, 0, 1, 1, 1, 1, 0], 'H': [1, 1, 0, 0, 0, 0, 1, 0, 0, 1], 'I': [1, 1, 0, 1, 0, 0, 0, 0, 0, 1]}}
623093	2024-07-13 02:18:50.285000+08:00	2024-07-13 02:18:50.285000+08:00	{'东门北侧': {'A': [1, 1, 1, 1, 1, 1, 1, 1, 1, 1], 'B': [1, 1, 1, 1, 1, 1, 1, 1, 1, 1], 'C': [0, 1, 1, 1, 1, 1, 1, 1, 1, 0], 'D': [1, 1, 1, 1, 1, 0, 1, 1, 0, 1], 'E': [1, 1, 1, 0, 1, 1, 1, 0, 1, 1], 'F': [0, 1, 1, 1, 1, 1, 1, 1, 1, 1], 'G': [0, 1, 1, 1, 1, 0, 1, 1, 0, 0], 'H': [1, 1, 1, 1, 0, 1, 1, 1, 0, 0], 'I': [0, 1, 0, 1, 1, 0, 1, 1, 1, 1], 'J': [1, 0, 1, 0, 1, 0, 1, 1, 1, 0], 'K': [0, 1, 1, 0, 0, 1, 1, 1, 0, 0]}, '东门南侧': {'A': [0, 0, 0, 1, 0, 0, 1, 0, 1, 0], 'B': [0, 0, 0, 0, 0, 0, 0, 0, 0, 0]}, '西门北侧': {'A': [1, 1, 1, 1, 1, 1, 1, 1, 1, 1], 'B': [0, 1, 0, 1, 1, 0, 1, 1, 0, 1], 'C': [1, 1, 0, 0, 1, 1, 1, 1, 1, 0]}, '西门南侧': {'A': [0, 1, 1, 1, 1, 0, 1, 0, 1, 1], 'B': [1, 1, 1, 1, 1, 1, 1, 1, 1, 1], 'C': [1, 1, 1, 1, 1, 1, 1, 1, 1, 1]}, '南门西侧': {'A': [1, 1, 0, 1, 1, 1, 1, 1, 1, 1], 'B': [1, 1, 1, 1, 0, 0, 1, 1, 0, 1]}, '南门东侧': {'A': [1, 0, 0, 1, 1, 1, 1, 1, 1, 1], 'B': [1, 1, 1, 1, 1, 1, 1, 1, 1, 1]}, '北门东北侧': {'A': [1, 1, 1, 1, 1, 1, 1, 1, 1, 1], 'B': [1, 0, 1, 1, 1, 1, 1, 1, 0, 1], 'C': [1, 1, 0, 1, 0, 1, 1, 1, 1, 0], 'D': [0, 0, 1, 1, 0, 0, 1, 0, 0, 1]}, '北门东南侧': {'A': [0, 1, 1, 1, 1, 0, 1, 1, 1, 1], 'B': [0, 1, 1, 0, 0, 1, 1, 1, 0, 0], 'C': [1, 1, 0, 1, 1, 0, 0, 0, 0, 0], 'D': [1, 1, 0, 1, 1, 1, 1, 1, 1, 1], 'E': [1, 1, 1, 1, 0, 0, 1, 0, 1, 1], 'F': [1, 1, 1, 1, 0, 1, 1, 1, 1, 1]}, '橘园北侧南': {'A': [0, 0, 0, 1, 0, 0, 0, 0, 0, 1], 'B': [0, 0, 0, 0, 1, 0, 1, 0, 1, 0], 'C': [0, 0, 1, 0, 1, 0, 0, 0, 1, 1], 'D': [0, 0, 0, 1, 0, 0, 0, 1, 0, 0], 'E': [1, 0, 0, 0, 0, 0, 1, 0, 0, 1], 'F': [1, 0, 0, 0, 0, 0, 0, 0, 0, 0], 'G': [0, 0, 0, 1, 0, 1, 0, 0, 1, 0], 'H': [0, 1, 1, 1, 1, 1, 1, 1, 1, 1], 'I': [0, 1, 0, 0, 1, 0, 0, 0, 1, 0], 'J': [0, 0, 0, 0, 0, 0, 1, 1, 0, 0]}, '校医院西': {'A': [1, 1, 1, 1, 1, 1, 1, 1, 1, 1], 'B': [1, 1, 1, 0, 1, 1, 1, 0, 1, 1], 'C': [1, 1, 1, 1, 0, 0, 1, 1, 0, 1], 'D': [1, 1, 1, 1, 1, 1, 1, 1, 1, 1], 'E': [1, 1, 1, 1, 1, 1, 1, 1, 1, 1], 'F': [0, 1, 1, 1, 0, 1, 1, 1, 1, 1], 'G': [1, 0, 1, 1, 0, 1, 1, 1, 1, 0], 'H': [1, 1, 0, 0, 0, 0, 1, 0, 0, 1], 'I': [1, 1, 0, 1, 0, 0, 0, 0, 0, 1]}}
623094	2024-07-13 02:19:48.968000+08:00	2024-07-13 02:19:48.968000+08:00	{'东门北侧': {'A': [1, 1, 1, 1, 1, 1, 1, 1, 1, 1], 'B': [1, 1, 1, 1, 1, 1, 1, 1, 1, 1], 'C': [0, 1, 1, 1, 1, 1, 1, 1, 1, 0], 'D': [1, 1, 1, 1, 1, 0, 1, 1, 0, 1], 'E': [1, 1, 1, 0, 1, 1, 1, 0, 1, 1], 'F': [0, 1, 1, 1, 1, 1, 1, 1, 1, 1], 'G': [0, 1, 1, 1, 1, 0, 1, 1, 0, 0], 'H': [1, 1, 1, 1, 0, 1, 1, 1, 0, 0], 'I': [0, 1, 0, 1, 1, 0, 1, 1, 1, 1], 'J': [1, 0, 1, 0, 1, 0, 1, 1, 1, 0], 'K': [0, 1, 1, 0, 0, 1, 1, 1, 0, 0]}, '东门南侧': {'A': [0, 0, 0, 1, 0, 0, 1, 0, 1, 0], 'B': [0, 0, 0, 0, 0, 0, 0, 0, 0, 0]}, '西门北侧': {'A': [1, 1, 1, 1, 1, 1, 1, 1, 1, 1], 'B': [0, 1, 0, 1, 1, 0, 1, 1, 0, 1], 'C': [1, 1, 0, 0, 1, 1, 1, 1, 1, 0]}, '西门南侧': {'A': [0, 1, 1, 1, 1, 0, 1, 0, 1, 1], 'B': [1, 1, 1, 1, 1, 1, 1, 1, 1, 1], 'C': [1, 1, 1, 1, 1, 1, 1, 1, 1, 1]}, '南门西侧': {'A': [1, 1, 0, 1, 1, 1, 1, 1, 1, 1], 'B': [1, 1, 1, 1, 0, 0, 1, 1, 0, 1]}, '南门东侧': {'A': [1, 0, 0, 1, 1, 1, 1, 1, 1, 1], 'B': [1, 1, 1, 1, 1, 1, 1, 1, 1, 1]}, '北门东北侧': {'A': [1, 1, 1, 1, 1, 1, 1, 1, 1, 1], 'B': [1, 0, 1, 1, 1, 1, 1, 1, 0, 1], 'C': [1, 1, 0, 1, 0, 1, 1, 1, 1, 0], 'D': [0, 0, 1, 1, 0, 0, 1, 0, 0, 1]}, '北门东南侧': {'A': [0, 1, 1, 1, 1, 0, 1, 1, 1, 1], 'B': [0, 1, 1, 1, 0, 1, 1, 1, 0, 0], 'C': [1, 1, 0, 1, 1, 0, 0, 1, 0, 0], 'D': [1, 1, 0, 1, 1, 1, 1, 1, 1, 1], 'E': [1, 1, 1, 1, 0, 0, 1, 0, 1, 1], 'F': [1, 1, 1, 1, 0, 1, 1, 1, 1, 1]}, '橘园北侧南': {'A': [0, 0, 0, 1, 0, 0, 0, 0, 0, 1], 'B': [0, 0, 0, 0, 1, 0, 1, 1, 1, 0], 'C': [0, 0, 1, 0, 1, 0, 0, 0, 1, 1], 'D': [0, 0, 0, 1, 0, 0, 0, 1, 0, 0], 'E': [1, 0, 0, 0, 0, 0, 1, 0, 0, 1], 'F': [1, 0, 0, 0, 0, 0, 0, 0, 0, 0], 'G': [0, 0, 0, 1, 0, 1, 0, 0, 1, 0], 'H': [0, 1, 1, 1, 1, 1, 1, 1, 1, 1], 'I': [0, 1, 0, 0, 1, 0, 0, 0, 1, 0], 'J': [0, 0, 0, 0, 0, 0, 1, 1, 0, 0]}, '校医院西': {'A': [1, 1, 1, 1, 1, 1, 1, 1, 1, 1], 'B': [1, 1, 1, 0, 1, 1, 1, 0, 1, 1], 'C': [1, 1, 1, 1, 0, 0, 1, 1, 0, 1], 'D': [1, 1, 1, 1, 1, 1, 1, 1, 1, 1], 'E': [1, 1, 1, 1, 1, 1, 1, 1, 1, 1], 'F': [0, 1, 1, 1, 0, 1, 1, 1, 1, 1], 'G': [1, 0, 1, 1, 0, 1, 1, 1, 1, 0], 'H': [1, 1, 0, 0, 0, 0, 1, 0, 0, 1], 'I': [1, 1, 0, 1, 0, 0, 0, 0, 0, 1]}}
623095	2024-07-13 02:20:55.029000+08:00	2024-07-13 02:20:55.029000+08:00	{'东门北侧': {'A': [1, 1, 1, 1, 1, 1, 1, 1, 1, 1], 'B': [1, 1, 1, 1, 1, 1, 1, 1, 1, 1], 'C': [0, 1, 1, 1, 1, 1, 1, 1, 1, 0], 'D': [1, 1, 1, 1, 1, 0, 1, 1, 0, 1], 'E': [1, 1, 1, 0, 1, 1, 1, 0, 1, 1], 'F': [0, 1, 1, 1, 1, 1, 1, 1, 1, 1], 'G': [0, 1, 1, 1, 1, 0, 1, 1, 0, 0], 'H': [1, 1, 1, 1, 0, 1, 1, 1, 0, 0], 'I': [0, 1, 0, 1, 1, 0, 1, 1, 1, 1], 'J': [1, 0, 1, 0, 1, 0, 1, 1, 1, 0], 'K': [0, 1, 1, 0, 0, 1, 1, 1, 0, 0]}, '东门南侧': {'A': [0, 0, 0, 1, 0, 0, 1, 0, 1, 0], 'B': [0, 0, 0, 0, 0, 0, 0, 0, 0, 0]}, '西门北侧': {'A': [1, 1, 1, 1, 1, 1, 1, 1, 1, 1], 'B': [0, 1, 0, 1, 1, 0, 1, 1, 0, 1], 'C': [1, 1, 0, 0, 1, 1, 1, 1, 1, 0]}, '西门南侧': {'A': [0, 1, 1, 1, 1, 0, 1, 0, 1, 1], 'B': [1, 1, 1, 1, 1, 1, 1, 1, 1, 1], 'C': [1, 1, 1, 1, 1, 1, 1, 1, 1, 1]}, '南门西侧': {'A': [1, 1, 0, 1, 1, 1, 1, 1, 1, 1], 'B': [1, 1, 1, 1, 0, 0, 1, 1, 0, 1]}, '南门东侧': {'A': [1, 0, 0, 1, 1, 1, 1, 1, 1, 1], 'B': [1, 1, 1, 1, 1, 1, 1, 1, 1, 1]}, '北门东北侧': {'A': [1, 1, 1, 1, 1, 1, 1, 1, 1, 1], 'B': [1, 0, 1, 1, 1, 1, 1, 1, 0, 1], 'C': [1, 1, 0, 1, 0, 1, 1, 1, 1, 0], 'D': [0, 0, 1, 1, 0, 0, 1, 0, 0, 1]}, '北门东南侧': {'A': [0, 1, 1, 1, 1, 0, 1, 1, 1, 1], 'B': [0, 1, 1, 1, 0, 1, 1, 1, 0, 0], 'C': [1, 1, 0, 1, 1, 0, 0, 1, 0, 0], 'D': [1, 1, 0, 1, 1, 1, 1, 1, 1, 1], 'E': [1, 1, 1, 1, 0, 0, 1, 0, 1, 1], 'F': [1, 1, 1, 1, 0, 1, 1, 1, 1, 1]}, '橘园北侧南': {'A': [0, 0, 0, 1, 0, 0, 0, 0, 0, 1], 'B': [0, 0, 0, 0, 1, 0, 1, 1, 1, 0], 'C': [0, 0, 1, 0, 1, 0, 0, 0, 1, 1], 'D': [0, 0, 0, 1, 0, 0, 0, 1, 0, 0], 'E': [1, 0, 0, 0, 0, 0, 1, 0, 0, 1], 'F': [1, 0, 0, 0, 0, 0, 0, 0, 0, 0], 'G': [0, 0, 0, 1, 0, 1, 0, 0, 1, 0], 'H': [0, 1, 1, 1, 1, 1, 1, 1, 1, 1], 'I': [0, 1, 0, 0, 1, 0, 0, 0, 1, 0], 'J': [0, 0, 0, 0, 0, 0, 1, 1, 0, 0]}, '校医院西': {'A': [1, 1, 1, 1, 1, 1, 1, 1, 1, 1], 'B': [1, 1, 1, 0, 1, 1, 1, 0, 1, 1], 'C': [1, 1, 1, 1, 0, 0, 1, 1, 0, 1], 'D': [1, 1, 1, 1, 1, 1, 1, 1, 1, 1], 'E': [1, 1, 1, 1, 1, 1, 1, 1, 1, 1], 'F': [0, 1, 1, 1, 0, 1, 1, 1, 1, 1], 'G': [1, 0, 1, 1, 0, 1, 1, 1, 1, 0], 'H': [1, 1, 0, 0, 0, 0, 1, 0, 0, 1], 'I': [1, 1, 0, 1, 0, 0, 0, 0, 0, 1]}}
623096	2024-07-13 02:21:47.636000+08:00	2024-07-13 02:21:47.636000+08:00	{'东门北侧': {'A': [1, 1, 1, 1, 1, 1, 1, 1, 1, 1], 'B': [1, 1, 1, 1, 1, 1, 1, 1, 1, 1], 'C': [0, 1, 1, 1, 1, 1, 1, 1, 1, 0], 'D': [1, 1, 1, 1, 1, 0, 1, 1, 0, 1], 'E': [1, 1, 1, 0, 1, 1, 1, 0, 1, 1], 'F': [0, 1, 1, 1, 1, 1, 1, 1, 1, 1], 'G': [0, 1, 1, 1, 1, 0, 1, 1, 0, 0], 'H': [1, 1, 1, 1, 0, 1, 1, 1, 0, 0], 'I': [0, 1, 0, 1, 1, 0, 1, 1, 1, 1], 'J': [1, 0, 1, 0, 1, 0, 1, 1, 1, 0], 'K': [0, 1, 1, 0, 0, 1, 1, 1, 0, 0]}, '东门南侧': {'A': [0, 0, 0, 1, 0, 0, 1, 0, 1, 0], 'B': [0, 0, 0, 0, 0, 0, 0, 0, 0, 0]}, '西门北侧': {'A': [1, 1, 1, 1, 1, 1, 1, 1, 1, 1], 'B': [0, 1, 0, 1, 1, 0, 1, 1, 0, 1], 'C': [1, 1, 0, 0, 1, 1, 1, 1, 1, 0]}, '西门南侧': {'A': [0, 1, 1, 1, 1, 0, 1, 0, 1, 1], 'B': [1, 1, 1, 1, 1, 1, 1, 1, 1, 1], 'C': [1, 1, 1, 1, 1, 1, 1, 1, 1, 1]}, '南门西侧': {'A': [1, 1, 0, 1, 1, 1, 1, 1, 1, 1], 'B': [1, 1, 1, 1, 0, 0, 1, 1, 0, 1]}, '南门东侧': {'A': [1, 0, 0, 1, 1, 1, 1, 1, 1, 1], 'B': [1, 1, 1, 1, 1, 1, 1, 1, 1, 1]}, '北门东北侧': {'A': [1, 1, 1, 1, 1, 1, 1, 1, 1, 1], 'B': [1, 0, 1, 1, 1, 1, 1, 1, 0, 1], 'C': [1, 1, 0, 1, 0, 1, 1, 1, 1, 0], 'D': [0, 0, 1, 1, 0, 0, 1, 0, 0, 1]}, '北门东南侧': {'A': [0, 1, 1, 1, 1, 0, 1, 1, 1, 1], 'B': [0, 1, 1, 1, 0, 1, 1, 1, 0, 0], 'C': [1, 1, 0, 1, 1, 0, 1, 1, 0, 0], 'D': [1, 1, 0, 1, 1, 1, 1, 1, 1, 1], 'E': [1, 1, 1, 1, 0, 0, 1, 0, 1, 1], 'F': [1, 1, 1, 1, 0, 1, 1, 1, 1, 1]}, '橘园北侧南': {'A': [0, 0, 0, 1, 0, 0, 0, 0, 0, 1], 'B': [0, 0, 0, 0, 1, 0, 1, 1, 1, 0], 'C': [0, 0, 1, 0, 1, 0, 0, 0, 1, 1], 'D': [0, 0, 0, 1, 0, 0, 0, 1, 0, 0], 'E': [1, 0, 0, 0, 0, 0, 1, 0, 0, 1], 'F': [1, 0, 0, 0, 0, 0, 0, 0, 0, 0], 'G': [0, 0, 0, 1, 0, 1, 0, 0, 1, 0], 'H': [0, 1, 1, 1, 1, 1, 1, 1, 1, 1], 'I': [0, 1, 0, 0, 1, 0, 0, 0, 1, 0], 'J': [0, 0, 0, 0, 0, 0, 1, 1, 0, 0]}, '校医院西': {'A': [1, 1, 1, 1, 1, 1, 1, 1, 1, 1], 'B': [1, 1, 1, 0, 1, 1, 1, 0, 1, 1], 'C': [1, 1, 1, 1, 0, 0, 1, 1, 0, 1], 'D': [1, 1, 1, 1, 1, 1, 1, 1, 1, 1], 'E': [1, 1, 1, 1, 1, 1, 1, 1, 1, 1], 'F': [0, 1, 1, 1, 0, 1, 1, 1, 1, 1], 'G': [1, 0, 1, 1, 0, 1, 1, 1, 1, 0], 'H': [1, 1, 0, 0, 0, 0, 1, 0, 0, 1], 'I': [1, 1, 0, 1, 0, 0, 0, 0, 0, 1]}}
623097	2024-07-13 02:22:47.903000+08:00	2024-07-13 02:22:47.903000+08:00	{'东门北侧': {'A': [1, 1, 1, 1, 1, 1, 1, 1, 1, 1], 'B': [1, 1, 1, 1, 1, 1, 1, 1, 1, 1], 'C': [0, 1, 1, 1, 1, 1, 1, 1, 1, 0], 'D': [1, 1, 1, 1, 1, 0, 1, 1, 0, 1], 'E': [1, 1, 1, 0, 1, 1, 1, 0, 1, 1], 'F': [0, 1, 1, 1, 1, 1, 1, 1, 1, 1], 'G': [0, 1, 1, 1, 1, 0, 1, 1, 0, 0], 'H': [1, 1, 1, 1, 0, 1, 1, 1, 0, 0], 'I': [0, 1, 0, 1, 1, 0, 1, 1, 1, 1], 'J': [1, 0, 1, 0, 1, 0, 1, 1, 1, 0], 'K': [0, 1, 1, 0, 0, 1, 1, 1, 0, 0]}, '东门南侧': {'A': [0, 0, 0, 1, 0, 0, 1, 0, 1, 0], 'B': [0, 0, 0, 0, 0, 0, 0, 0, 0, 0]}, '西门北侧': {'A': [1, 1, 1, 1, 1, 1, 1, 1, 1, 1], 'B': [0, 1, 0, 1, 1, 0, 1, 1, 0, 1], 'C': [1, 1, 0, 0, 1, 1, 1, 1, 1, 0]}, '西门南侧': {'A': [0, 1, 1, 1, 1, 0, 1, 0, 1, 1], 'B': [1, 1, 1, 1, 1, 1, 1, 1, 1, 1], 'C': [1, 1, 1, 1, 1, 1, 1, 1, 1, 1]}, '南门西侧': {'A': [1, 1, 0, 1, 1, 1, 1, 1, 1, 1], 'B': [1, 1, 1, 1, 0, 0, 1, 1, 0, 1]}, '南门东侧': {'A': [1, 0, 0, 1, 1, 1, 1, 1, 1, 1], 'B': [1, 1, 1, 1, 1, 1, 1, 1, 1, 1]}, '北门东北侧': {'A': [1, 1, 1, 1, 1, 1, 1, 1, 1, 1], 'B': [1, 0, 1, 1, 1, 1, 1, 1, 0, 1], 'C': [1, 1, 0, 1, 0, 1, 1, 1, 1, 0], 'D': [0, 0, 1, 1, 0, 0, 1, 0, 0, 1]}, '北门东南侧': {'A': [0, 1, 1, 1, 1, 0, 1, 1, 1, 1], 'B': [0, 1, 1, 1, 0, 1, 1, 1, 0, 0], 'C': [1, 1, 0, 1, 1, 0, 1, 1, 0, 0], 'D': [1, 1, 0, 1, 1, 1, 1, 1, 1, 1], 'E': [1, 1, 1, 1, 0, 0, 1, 0, 1, 1], 'F': [1, 1, 1, 1, 0, 1, 1, 1, 1, 1]}, '橘园北侧南': {'A': [0, 0, 0, 1, 0, 0, 0, 0, 0, 1], 'B': [0, 0, 0, 0, 1, 0, 1, 1, 1, 0], 'C': [0, 0, 1, 0, 1, 0, 0, 0, 1, 1], 'D': [0, 0, 0, 1, 0, 0, 0, 1, 0, 0], 'E': [1, 0, 0, 0, 0, 0, 1, 0, 0, 1], 'F': [1, 0, 0, 0, 0, 0, 0, 0, 0, 0], 'G': [0, 0, 0, 1, 0, 1, 0, 0, 1, 0], 'H': [0, 1, 1, 1, 1, 1, 1, 1, 1, 1], 'I': [0, 1, 0, 0, 1, 0, 0, 0, 1, 0], 'J': [0, 0, 0, 0, 0, 0, 1, 1, 0, 0]}, '校医院西': {'A': [1, 1, 1, 1, 1, 1, 1, 1, 1, 1], 'B': [1, 1, 1, 0, 1, 1, 1, 0, 1, 1], 'C': [1, 1, 1, 1, 0, 0, 1, 1, 0, 1], 'D': [1, 1, 1, 1, 1, 1, 1, 1, 1, 1], 'E': [1, 1, 1, 1, 1, 1, 1, 1, 1, 1], 'F': [0, 1, 1, 1, 0, 1, 1, 1, 1, 1], 'G': [1, 0, 1, 1, 0, 1, 1, 1, 1, 0], 'H': [1, 1, 0, 0, 0, 0, 1, 0, 0, 1], 'I': [1, 1, 0, 1, 0, 0, 0, 0, 0, 1]}}
623098	2024-07-13 02:23:48.966000+08:00	2024-07-13 02:23:48.966000+08:00	{'东门北侧': {'A': [1, 1, 1, 1, 1, 1, 1, 1, 1, 1], 'B': [1, 1, 1, 1, 1, 1, 1, 1, 1, 1], 'C': [0, 1, 1, 1, 1, 1, 1, 1, 1, 0], 'D': [1, 1, 1, 1, 1, 0, 1, 1, 0, 1], 'E': [1, 1, 1, 0, 1, 1, 1, 0, 1, 1], 'F': [0, 1, 1, 1, 1, 1, 1, 1, 1, 1], 'G': [0, 1, 1, 1, 1, 0, 1, 1, 0, 0], 'H': [1, 1, 1, 1, 0, 1, 1, 1, 0, 0], 'I': [0, 1, 0, 1, 1, 0, 1, 1, 1, 1], 'J': [1, 0, 1, 0, 1, 0, 1, 1, 1, 0], 'K': [0, 1, 1, 0, 0, 1, 1, 1, 0, 0]}, '东门南侧': {'A': [0, 0, 0, 1, 0, 0, 1, 0, 1, 0], 'B': [0, 0, 0, 0, 0, 0, 0, 0, 0, 0]}, '西门北侧': {'A': [1, 1, 1, 1, 1, 1, 1, 1, 1, 1], 'B': [0, 1, 0, 1, 1, 0, 1, 1, 0, 1], 'C': [1, 1, 0, 0, 1, 1, 1, 1, 1, 0]}, '西门南侧': {'A': [0, 1, 1, 1, 1, 0, 1, 0, 1, 1], 'B': [1, 1, 1, 1, 1, 1, 1, 1, 1, 1], 'C': [1, 1, 1, 1, 1, 1, 1, 1, 1, 1]}, '南门西侧': {'A': [1, 1, 0, 1, 1, 1, 1, 1, 1, 1], 'B': [1, 1, 1, 1, 0, 0, 1, 1, 0, 1]}, '南门东侧': {'A': [1, 0, 0, 1, 1, 1, 1, 1, 1, 1], 'B': [1, 1, 1, 1, 1, 1, 1, 1, 1, 1]}, '北门东北侧': {'A': [1, 1, 1, 1, 1, 1, 1, 1, 1, 1], 'B': [1, 0, 1, 1, 1, 1, 1, 1, 0, 1], 'C': [1, 1, 0, 1, 0, 1, 1, 1, 1, 0], 'D': [0, 0, 1, 1, 0, 0, 1, 0, 0, 1]}, '北门东南侧': {'A': [0, 1, 1, 1, 1, 0, 1, 1, 1, 1], 'B': [0, 1, 1, 1, 0, 1, 1, 1, 0, 0], 'C': [1, 1, 0, 1, 1, 0, 1, 1, 0, 0], 'D': [1, 1, 0, 1, 1, 1, 1, 1, 1, 1], 'E': [1, 1, 1, 1, 0, 0, 1, 0, 1, 1], 'F': [1, 1, 1, 1, 0, 1, 1, 1, 1, 1]}, '橘园北侧南': {'A': [0, 0, 0, 1, 0, 0, 0, 0, 0, 1], 'B': [0, 0, 0, 0, 1, 0, 1, 1, 1, 0], 'C': [0, 0, 1, 0, 1, 0, 0, 0, 1, 1], 'D': [1, 0, 0, 1, 0, 0, 0, 1, 0, 0], 'E': [1, 0, 0, 0, 0, 0, 1, 0, 0, 1], 'F': [1, 0, 0, 0, 0, 0, 0, 0, 0, 0], 'G': [0, 0, 0, 1, 0, 1, 0, 0, 1, 0], 'H': [0, 1, 1, 1, 1, 1, 1, 1, 1, 1], 'I': [0, 1, 0, 0, 1, 0, 0, 0, 1, 0], 'J': [0, 0, 0, 0, 0, 0, 1, 1, 0, 0]}, '校医院西': {'A': [1, 1, 1, 1, 1, 1, 1, 1, 1, 1], 'B': [1, 1, 1, 0, 1, 1, 1, 0, 1, 1], 'C': [1, 1, 1, 1, 0, 0, 1, 1, 0, 1], 'D': [1, 1, 1, 1, 1, 1, 1, 1, 1, 1], 'E': [1, 1, 1, 1, 1, 1, 1, 1, 1, 1], 'F': [0, 1, 1, 1, 0, 1, 1, 1, 1, 1], 'G': [1, 0, 1, 1, 0, 1, 1, 1, 1, 0], 'H': [1, 1, 0, 0, 0, 0, 1, 0, 0, 1], 'I': [1, 1, 0, 1, 0, 0, 0, 0, 0, 1]}}
623099	2024-07-13 02:24:47.726000+08:00	2024-07-13 02:24:47.726000+08:00	{'东门北侧': {'A': [1, 1, 1, 1, 1, 1, 1, 1, 1, 1], 'B': [1, 1, 1, 1, 1, 1, 1, 1, 1, 1], 'C': [0, 1, 1, 1, 1, 1, 1, 1, 1, 0], 'D': [1, 1, 1, 1, 1, 0, 1, 1, 0, 1], 'E': [1, 1, 0, 0, 1, 1, 1, 0, 1, 1], 'F': [0, 1, 1, 1, 1, 1, 1, 1, 1, 1], 'G': [0, 1, 1, 1, 1, 0, 1, 1, 0, 0], 'H': [1, 1, 1, 1, 0, 1, 1, 1, 0, 0], 'I': [0, 1, 0, 1, 1, 0, 1, 1, 1, 1], 'J': [1, 0, 1, 0, 1, 0, 1, 1, 1, 0], 'K': [0, 1, 1, 0, 0, 1, 1, 1, 0, 0]}, '东门南侧': {'A': [0, 0, 0, 1, 0, 0, 1, 0, 1, 0], 'B': [0, 0, 0, 0, 0, 0, 0, 0, 0, 0]}, '西门北侧': {'A': [1, 1, 1, 1, 1, 1, 1, 1, 1, 1], 'B': [0, 1, 0, 1, 1, 0, 1, 1, 0, 1], 'C': [1, 1, 0, 0, 1, 1, 1, 1, 1, 0]}, '西门南侧': {'A': [0, 1, 1, 1, 1, 0, 1, 0, 1, 1], 'B': [1, 1, 1, 1, 1, 1, 1, 1, 1, 1], 'C': [1, 1, 1, 1, 1, 1, 1, 1, 1, 1]}, '南门西侧': {'A': [1, 1, 0, 1, 1, 1, 1, 1, 1, 1], 'B': [1, 1, 1, 1, 0, 0, 1, 1, 0, 1]}, '南门东侧': {'A': [1, 0, 0, 1, 1, 1, 1, 1, 1, 1], 'B': [1, 1, 1, 1, 1, 1, 1, 1, 1, 1]}, '北门东北侧': {'A': [1, 1, 1, 1, 1, 1, 1, 1, 1, 1], 'B': [1, 0, 1, 1, 1, 1, 1, 1, 0, 1], 'C': [1, 1, 0, 1, 0, 1, 1, 1, 1, 0], 'D': [0, 0, 1, 1, 0, 0, 1, 0, 0, 1]}, '北门东南侧': {'A': [0, 1, 1, 1, 1, 0, 1, 1, 1, 1], 'B': [0, 1, 1, 1, 0, 1, 1, 1, 0, 0], 'C': [1, 1, 0, 1, 1, 0, 1, 1, 0, 0], 'D': [1, 1, 0, 1, 1, 1, 1, 1, 1, 1], 'E': [1, 1, 1, 1, 0, 0, 1, 0, 1, 1], 'F': [1, 1, 1, 1, 0, 1, 1, 1, 1, 1]}, '橘园北侧南': {'A': [0, 0, 0, 1, 0, 0, 0, 0, 0, 1], 'B': [0, 0, 0, 0, 1, 0, 1, 1, 1, 0], 'C': [0, 0, 1, 0, 1, 0, 0, 0, 1, 1], 'D': [1, 0, 0, 1, 0, 0, 0, 1, 0, 0], 'E': [1, 0, 0, 0, 0, 0, 1, 0, 0, 1], 'F': [1, 1, 0, 0, 0, 0, 0, 0, 0, 0], 'G': [0, 0, 0, 1, 0, 1, 0, 0, 1, 0], 'H': [0, 1, 1, 1, 1, 1, 1, 1, 1, 1], 'I': [0, 1, 0, 0, 1, 0, 0, 0, 1, 0], 'J': [0, 0, 0, 0, 0, 0, 1, 1, 0, 0]}, '校医院西': {'A': [1, 1, 1, 1, 1, 1, 1, 1, 1, 1], 'B': [1, 1, 1, 0, 1, 1, 1, 0, 1, 1], 'C': [1, 1, 1, 1, 0, 0, 1, 1, 0, 1], 'D': [1, 1, 1, 1, 1, 1, 1, 1, 1, 1], 'E': [1, 1, 1, 1, 1, 1, 1, 1, 1, 1], 'F': [0, 1, 1, 1, 0, 1, 1, 1, 1, 1], 'G': [1, 0, 1, 1, 0, 1, 1, 1, 1, 0], 'H': [1, 1, 0, 0, 0, 0, 1, 0, 0, 1], 'I': [1, 1, 0, 1, 0, 0, 0, 0, 0, 1]}}
623100	2024-07-13 02:25:50.194000+08:00	2024-07-13 02:25:50.194000+08:00	{'东门北侧': {'A': [1, 1, 1, 1, 1, 1, 1, 1, 1, 1], 'B': [1, 1, 1, 1, 1, 1, 1, 1, 1, 1], 'C': [0, 1, 1, 1, 1, 1, 1, 1, 1, 0], 'D': [1, 1, 1, 1, 1, 0, 1, 1, 0, 1], 'E': [1, 1, 0, 0, 1, 1, 1, 0, 1, 1], 'F': [0, 1, 1, 1, 1, 1, 1, 1, 1, 1], 'G': [0, 1, 1, 1, 1, 0, 1, 1, 0, 0], 'H': [1, 1, 1, 1, 0, 1, 1, 1, 0, 0], 'I': [0, 1, 0, 1, 1, 0, 1, 1, 1, 1], 'J': [1, 0, 1, 0, 1, 0, 1, 1, 1, 0], 'K': [0, 1, 1, 0, 0, 1, 1, 1, 0, 0]}, '东门南侧': {'A': [0, 0, 0, 1, 0, 0, 1, 0, 1, 0], 'B': [0, 0, 0, 0, 0, 0, 0, 0, 0, 0]}, '西门北侧': {'A': [1, 1, 1, 1, 1, 1, 1, 1, 1, 1], 'B': [0, 1, 0, 1, 1, 0, 1, 1, 0, 1], 'C': [1, 1, 0, 0, 1, 1, 1, 1, 1, 0]}, '西门南侧': {'A': [0, 1, 1, 1, 1, 0, 1, 0, 1, 1], 'B': [1, 1, 1, 1, 1, 1, 1, 1, 1, 1], 'C': [1, 1, 1, 1, 1, 1, 1, 1, 1, 1]}, '南门西侧': {'A': [1, 1, 0, 1, 1, 1, 1, 1, 1, 1], 'B': [1, 1, 1, 1, 0, 0, 1, 1, 0, 1]}, '南门东侧': {'A': [1, 0, 0, 1, 1, 1, 1, 1, 1, 1], 'B': [1, 1, 1, 1, 1, 1, 1, 1, 1, 1]}, '北门东北侧': {'A': [1, 1, 1, 1, 1, 1, 1, 1, 1, 1], 'B': [1, 0, 1, 1, 1, 1, 1, 1, 0, 1], 'C': [1, 1, 0, 1, 0, 1, 1, 1, 1, 0], 'D': [0, 0, 1, 1, 0, 0, 1, 0, 0, 1]}, '北门东南侧': {'A': [0, 1, 1, 1, 1, 0, 1, 1, 1, 1], 'B': [0, 1, 1, 1, 0, 1, 1, 1, 0, 0], 'C': [1, 1, 0, 1, 1, 0, 1, 1, 0, 0], 'D': [1, 1, 0, 1, 1, 1, 1, 1, 1, 1], 'E': [1, 1, 1, 1, 0, 0, 1, 0, 1, 1], 'F': [1, 1, 1, 1, 0, 1, 1, 1, 1, 1]}, '橘园北侧南': {'A': [0, 0, 0, 1, 0, 0, 0, 0, 0, 1], 'B': [0, 0, 0, 0, 1, 0, 1, 1, 1, 0], 'C': [0, 0, 1, 0, 1, 0, 0, 0, 1, 1], 'D': [1, 0, 0, 1, 0, 0, 0, 1, 0, 0], 'E': [1, 0, 0, 0, 0, 0, 1, 0, 0, 1], 'F': [1, 1, 0, 0, 0, 0, 0, 0, 0, 0], 'G': [0, 0, 0, 1, 0, 1, 0, 0, 1, 0], 'H': [0, 1, 1, 1, 1, 1, 1, 1, 1, 1], 'I': [0, 1, 0, 0, 1, 0, 0, 0, 1, 0], 'J': [0, 0, 0, 0, 0, 0, 1, 1, 0, 0]}, '校医院西': {'A': [1, 1, 1, 1, 1, 1, 1, 1, 1, 1], 'B': [1, 1, 1, 0, 1, 1, 1, 0, 1, 1], 'C': [1, 1, 1, 1, 0, 0, 1, 1, 0, 1], 'D': [1, 1, 1, 1, 1, 1, 1, 1, 1, 1], 'E': [1, 1, 1, 1, 1, 1, 1, 1, 1, 1], 'F': [0, 1, 1, 1, 0, 1, 1, 1, 1, 1], 'G': [1, 0, 1, 1, 0, 1, 1, 1, 1, 0], 'H': [1, 1, 0, 0, 0, 0, 1, 0, 0, 1], 'I': [1, 1, 0, 1, 0, 0, 0, 0, 0, 1]}}
623101	2024-07-13 02:26:51.019000+08:00	2024-07-13 02:26:51.019000+08:00	{'东门北侧': {'A': [1, 1, 1, 1, 1, 1, 1, 1, 1, 1], 'B': [1, 1, 1, 1, 1, 1, 1, 1, 1, 1], 'C': [0, 1, 1, 1, 1, 1, 1, 1, 1, 0], 'D': [1, 1, 1, 1, 1, 0, 1, 1, 0, 1], 'E': [1, 1, 0, 0, 1, 1, 1, 0, 1, 1], 'F': [0, 1, 1, 1, 1, 1, 1, 1, 1, 1], 'G': [0, 1, 1, 1, 1, 0, 1, 1, 0, 0], 'H': [1, 1, 1, 1, 0, 1, 1, 1, 0, 0], 'I': [0, 1, 0, 1, 1, 0, 1, 1, 1, 1], 'J': [1, 0, 1, 0, 1, 0, 1, 1, 1, 0], 'K': [0, 1, 1, 0, 0, 1, 1, 1, 0, 0]}, '东门南侧': {'A': [0, 0, 0, 1, 0, 0, 1, 0, 1, 0], 'B': [0, 0, 0, 0, 0, 0, 0, 0, 0, 0]}, '西门北侧': {'A': [1, 1, 1, 1, 1, 1, 1, 1, 1, 1], 'B': [0, 1, 0, 1, 1, 0, 1, 1, 0, 1], 'C': [1, 1, 0, 0, 1, 1, 1, 1, 1, 0]}, '西门南侧': {'A': [0, 1, 1, 1, 1, 0, 1, 0, 1, 1], 'B': [1, 1, 1, 1, 1, 1, 1, 1, 1, 1], 'C': [1, 1, 1, 1, 1, 1, 1, 1, 1, 1]}, '南门西侧': {'A': [1, 1, 0, 1, 1, 1, 1, 1, 1, 1], 'B': [1, 1, 1, 1, 0, 0, 1, 1, 0, 1]}, '南门东侧': {'A': [1, 0, 0, 1, 1, 1, 1, 1, 1, 1], 'B': [1, 1, 1, 1, 1, 1, 1, 1, 1, 1]}, '北门东北侧': {'A': [1, 1, 1, 1, 1, 1, 1, 1, 1, 1], 'B': [1, 0, 1, 1, 1, 1, 1, 1, 0, 1], 'C': [1, 1, 0, 1, 0, 1, 1, 1, 1, 0], 'D': [0, 0, 1, 1, 0, 0, 1, 0, 0, 1]}, '北门东南侧': {'A': [0, 1, 1, 1, 1, 0, 1, 1, 1, 1], 'B': [0, 1, 1, 1, 0, 1, 1, 1, 0, 0], 'C': [1, 1, 0, 1, 1, 0, 1, 1, 0, 0], 'D': [1, 1, 0, 1, 1, 1, 1, 1, 1, 1], 'E': [1, 1, 1, 1, 0, 0, 1, 0, 1, 1], 'F': [1, 1, 1, 1, 0, 1, 1, 1, 1, 1]}, '橘园北侧南': {'A': [0, 0, 0, 1, 0, 0, 0, 0, 0, 1], 'B': [0, 0, 0, 0, 1, 0, 1, 1, 1, 0], 'C': [0, 0, 1, 0, 1, 0, 0, 0, 1, 1], 'D': [1, 0, 0, 1, 0, 0, 0, 1, 0, 0], 'E': [1, 0, 0, 0, 0, 0, 1, 0, 0, 1], 'F': [1, 1, 0, 0, 0, 0, 0, 0, 0, 0], 'G': [0, 0, 0, 1, 0, 1, 0, 0, 1, 0], 'H': [0, 1, 1, 1, 1, 1, 1, 1, 1, 1], 'I': [0, 1, 0, 0, 1, 0, 0, 0, 1, 0], 'J': [0, 0, 0, 0, 0, 0, 1, 1, 0, 0]}, '校医院西': {'A': [1, 1, 1, 1, 1, 1, 1, 1, 1, 1], 'B': [1, 1, 1, 0, 1, 1, 1, 0, 1, 1], 'C': [1, 1, 1, 1, 0, 0, 1, 1, 0, 1], 'D': [1, 1, 1, 1, 1, 1, 1, 1, 1, 1], 'E': [1, 1, 1, 1, 1, 1, 1, 1, 1, 1], 'F': [0, 1, 1, 1, 0, 1, 1, 1, 1, 1], 'G': [1, 0, 1, 1, 0, 1, 1, 1, 1, 0], 'H': [1, 1, 0, 0, 0, 0, 1, 1, 0, 1], 'I': [1, 1, 0, 1, 0, 0, 0, 0, 0, 1]}}
623102	2024-07-13 02:27:49.122000+08:00	2024-07-13 02:27:49.122000+08:00	{'东门北侧': {'A': [1, 1, 1, 1, 1, 1, 1, 1, 1, 1], 'B': [1, 1, 1, 1, 1, 1, 1, 1, 1, 1], 'C': [0, 1, 1, 1, 1, 1, 1, 1, 1, 0], 'D': [1, 1, 1, 1, 1, 0, 1, 1, 0, 1], 'E': [1, 1, 0, 0, 1, 1, 1, 0, 1, 1], 'F': [0, 1, 1, 1, 1, 1, 1, 1, 1, 1], 'G': [0, 1, 1, 1, 1, 0, 1, 1, 0, 0], 'H': [1, 1, 1, 1, 0, 1, 1, 1, 0, 0], 'I': [0, 1, 0, 1, 1, 0, 1, 1, 1, 1], 'J': [1, 0, 1, 0, 1, 0, 1, 1, 1, 0], 'K': [0, 1, 1, 0, 0, 1, 1, 1, 0, 0]}, '东门南侧': {'A': [0, 0, 0, 1, 0, 0, 1, 0, 1, 0], 'B': [0, 0, 0, 0, 0, 0, 0, 0, 0, 0]}, '西门北侧': {'A': [1, 1, 1, 1, 1, 1, 1, 1, 1, 1], 'B': [0, 1, 0, 1, 1, 0, 1, 1, 0, 1], 'C': [1, 1, 0, 0, 1, 1, 1, 1, 1, 0]}, '西门南侧': {'A': [0, 1, 1, 1, 1, 0, 1, 0, 1, 1], 'B': [1, 1, 1, 1, 1, 1, 1, 1, 1, 1], 'C': [1, 1, 1, 1, 1, 1, 1, 1, 1, 1]}, '南门西侧': {'A': [1, 1, 0, 1, 1, 1, 1, 1, 1, 1], 'B': [1, 1, 1, 1, 0, 0, 1, 1, 0, 1]}, '南门东侧': {'A': [1, 0, 0, 1, 1, 1, 1, 1, 1, 1], 'B': [1, 1, 1, 1, 1, 1, 1, 1, 1, 1]}, '北门东北侧': {'A': [1, 1, 1, 1, 1, 1, 1, 1, 1, 1], 'B': [1, 0, 1, 1, 1, 1, 1, 1, 0, 1], 'C': [1, 1, 0, 1, 0, 1, 1, 1, 1, 0], 'D': [0, 0, 1, 1, 0, 0, 1, 0, 0, 1]}, '北门东南侧': {'A': [0, 1, 1, 1, 1, 0, 1, 1, 1, 1], 'B': [0, 1, 1, 1, 0, 1, 1, 1, 0, 0], 'C': [1, 1, 0, 1, 1, 0, 1, 1, 0, 0], 'D': [1, 1, 0, 1, 1, 1, 1, 1, 1, 1], 'E': [1, 1, 1, 1, 0, 0, 1, 0, 1, 1], 'F': [1, 1, 1, 1, 0, 1, 1, 1, 1, 1]}, '橘园北侧南': {'A': [0, 0, 0, 1, 0, 0, 0, 0, 0, 1], 'B': [0, 0, 0, 0, 1, 0, 1, 1, 1, 0], 'C': [0, 0, 1, 0, 1, 0, 0, 0, 1, 1], 'D': [1, 0, 0, 1, 0, 0, 0, 1, 0, 0], 'E': [1, 0, 0, 0, 0, 0, 1, 0, 0, 1], 'F': [1, 1, 0, 0, 0, 0, 0, 0, 0, 0], 'G': [0, 0, 0, 1, 0, 1, 0, 0, 1, 0], 'H': [0, 1, 1, 1, 1, 1, 1, 1, 1, 1], 'I': [0, 1, 0, 0, 1, 0, 0, 0, 1, 0], 'J': [0, 0, 0, 0, 0, 0, 1, 1, 0, 0]}, '校医院西': {'A': [1, 1, 1, 1, 1, 1, 1, 1, 1, 1], 'B': [1, 1, 1, 0, 1, 1, 1, 0, 1, 1], 'C': [1, 1, 1, 1, 0, 0, 1, 1, 0, 1], 'D': [1, 1, 1, 1, 1, 1, 1, 1, 1, 1], 'E': [1, 1, 1, 1, 1, 1, 1, 1, 1, 1], 'F': [0, 1, 1, 1, 0, 1, 1, 1, 1, 1], 'G': [1, 0, 1, 1, 0, 1, 1, 1, 1, 0], 'H': [1, 1, 0, 0, 0, 0, 1, 1, 0, 1], 'I': [1, 1, 0, 1, 0, 0, 0, 0, 0, 1]}}
623103	2024-07-13 02:28:49.824000+08:00	2024-07-13 02:28:49.824000+08:00	{'东门北侧': {'A': [1, 1, 1, 1, 1, 1, 1, 1, 1, 1], 'B': [1, 1, 1, 1, 1, 1, 1, 1, 1, 1], 'C': [0, 1, 1, 1, 1, 1, 1, 1, 1, 0], 'D': [1, 1, 1, 1, 1, 0, 1, 1, 0, 1], 'E': [1, 1, 0, 0, 1, 1, 1, 0, 1, 1], 'F': [0, 1, 1, 1, 1, 1, 1, 1, 1, 1], 'G': [0, 1, 1, 1, 1, 0, 1, 1, 0, 0], 'H': [1, 1, 1, 1, 0, 1, 1, 1, 0, 0], 'I': [0, 1, 0, 1, 1, 0, 1, 1, 1, 1], 'J': [1, 0, 1, 0, 1, 0, 1, 1, 1, 0], 'K': [0, 1, 1, 0, 0, 1, 1, 1, 0, 0]}, '东门南侧': {'A': [0, 0, 0, 1, 0, 0, 1, 0, 1, 0], 'B': [0, 0, 0, 0, 0, 0, 0, 0, 0, 0]}, '西门北侧': {'A': [1, 1, 1, 1, 1, 1, 1, 1, 1, 1], 'B': [0, 1, 0, 1, 1, 0, 1, 1, 0, 1], 'C': [1, 1, 0, 0, 1, 1, 1, 1, 1, 0]}, '西门南侧': {'A': [0, 1, 1, 1, 1, 0, 1, 0, 1, 1], 'B': [1, 1, 1, 1, 1, 1, 1, 1, 1, 1], 'C': [1, 1, 1, 1, 1, 1, 1, 1, 1, 1]}, '南门西侧': {'A': [1, 1, 0, 1, 1, 1, 1, 1, 1, 1], 'B': [1, 1, 1, 1, 0, 0, 1, 1, 0, 1]}, '南门东侧': {'A': [1, 0, 0, 1, 1, 1, 1, 1, 1, 1], 'B': [1, 1, 1, 1, 1, 1, 1, 1, 1, 1]}, '北门东北侧': {'A': [1, 1, 1, 1, 1, 1, 1, 1, 1, 1], 'B': [1, 0, 1, 1, 1, 1, 1, 1, 0, 1], 'C': [1, 1, 0, 1, 0, 1, 1, 1, 1, 0], 'D': [0, 0, 1, 1, 0, 0, 1, 0, 0, 1]}, '北门东南侧': {'A': [0, 1, 1, 1, 1, 0, 1, 1, 1, 1], 'B': [0, 1, 1, 1, 0, 1, 1, 1, 0, 0], 'C': [1, 1, 0, 1, 1, 0, 1, 1, 0, 0], 'D': [1, 1, 0, 1, 1, 1, 1, 1, 1, 1], 'E': [1, 1, 1, 1, 0, 0, 1, 0, 1, 1], 'F': [1, 1, 1, 1, 0, 1, 1, 1, 1, 1]}, '橘园北侧南': {'A': [0, 0, 0, 1, 0, 0, 0, 0, 0, 1], 'B': [0, 0, 0, 0, 1, 0, 1, 1, 1, 0], 'C': [0, 0, 1, 0, 1, 0, 0, 0, 1, 1], 'D': [1, 0, 0, 1, 0, 0, 0, 1, 0, 0], 'E': [1, 0, 0, 0, 0, 0, 1, 0, 0, 1], 'F': [1, 1, 0, 0, 0, 0, 0, 0, 0, 0], 'G': [0, 0, 0, 1, 0, 1, 0, 0, 1, 0], 'H': [0, 1, 1, 1, 1, 1, 1, 1, 1, 1], 'I': [0, 1, 0, 0, 1, 0, 0, 0, 1, 0], 'J': [0, 0, 0, 0, 0, 0, 1, 1, 0, 0]}, '校医院西': {'A': [1, 1, 1, 1, 1, 1, 1, 1, 1, 1], 'B': [1, 1, 1, 0, 1, 1, 1, 0, 1, 1], 'C': [1, 1, 1, 1, 0, 0, 1, 1, 0, 1], 'D': [1, 1, 1, 1, 1, 1, 1, 1, 1, 1], 'E': [1, 1, 1, 1, 1, 1, 1, 1, 1, 1], 'F': [0, 1, 1, 1, 0, 1, 1, 1, 1, 1], 'G': [1, 0, 1, 1, 0, 1, 1, 1, 1, 0], 'H': [1, 1, 0, 0, 0, 0, 1, 1, 0, 1], 'I': [1, 1, 0, 1, 0, 0, 0, 0, 0, 1]}}
623104	2024-07-13 02:29:49.855000+08:00	2024-07-13 02:29:49.855000+08:00	{'东门北侧': {'A': [1, 1, 1, 1, 1, 1, 1, 1, 1, 1], 'B': [1, 1, 1, 1, 1, 1, 1, 1, 1, 1], 'C': [0, 1, 1, 1, 1, 1, 1, 1, 1, 0], 'D': [1, 1, 1, 1, 1, 0, 1, 1, 0, 1], 'E': [1, 1, 0, 0, 1, 1, 1, 0, 1, 1], 'F': [0, 1, 1, 1, 1, 1, 1, 1, 1, 1], 'G': [0, 1, 1, 1, 1, 0, 1, 1, 0, 0], 'H': [1, 1, 1, 1, 0, 1, 1, 1, 0, 0], 'I': [0, 1, 0, 1, 1, 0, 1, 1, 1, 1], 'J': [1, 0, 1, 0, 1, 0, 1, 1, 1, 0], 'K': [0, 1, 1, 0, 0, 1, 1, 1, 0, 0]}, '东门南侧': {'A': [0, 0, 0, 1, 0, 0, 1, 0, 1, 0], 'B': [0, 0, 0, 0, 0, 0, 0, 0, 0, 0]}, '西门北侧': {'A': [1, 1, 1, 1, 1, 1, 1, 1, 1, 1], 'B': [0, 1, 0, 1, 1, 0, 1, 1, 0, 1], 'C': [1, 1, 0, 0, 1, 1, 1, 1, 1, 0]}, '西门南侧': {'A': [0, 1, 1, 1, 1, 0, 1, 0, 1, 1], 'B': [1, 1, 1, 1, 1, 1, 1, 1, 1, 1], 'C': [1, 1, 1, 1, 1, 1, 1, 1, 1, 1]}, '南门西侧': {'A': [1, 1, 0, 1, 1, 1, 1, 1, 1, 1], 'B': [1, 1, 1, 1, 0, 0, 1, 1, 0, 1]}, '南门东侧': {'A': [1, 0, 0, 1, 1, 1, 1, 1, 1, 1], 'B': [1, 1, 1, 1, 1, 1, 1, 1, 1, 1]}, '北门东北侧': {'A': [1, 1, 1, 1, 1, 1, 1, 1, 1, 1], 'B': [1, 0, 1, 1, 1, 1, 1, 1, 0, 1], 'C': [1, 1, 0, 1, 0, 1, 1, 1, 1, 0], 'D': [0, 0, 1, 1, 0, 0, 1, 0, 0, 1]}, '北门东南侧': {'A': [0, 1, 1, 1, 1, 0, 1, 1, 1, 1], 'B': [0, 1, 1, 1, 0, 1, 1, 1, 0, 0], 'C': [1, 1, 0, 1, 1, 0, 1, 1, 0, 0], 'D': [1, 1, 0, 1, 1, 1, 1, 1, 1, 1], 'E': [1, 1, 1, 1, 0, 0, 1, 0, 1, 1], 'F': [1, 1, 1, 1, 0, 1, 1, 1, 1, 1]}, '橘园北侧南': {'A': [0, 0, 0, 1, 0, 0, 0, 0, 0, 1], 'B': [0, 0, 0, 0, 1, 0, 1, 1, 1, 0], 'C': [0, 0, 1, 0, 1, 0, 0, 0, 1, 1], 'D': [1, 0, 0, 1, 0, 0, 0, 1, 0, 0], 'E': [1, 0, 0, 0, 0, 0, 1, 0, 0, 1], 'F': [1, 1, 0, 0, 0, 0, 0, 0, 0, 0], 'G': [0, 0, 0, 1, 0, 1, 0, 0, 1, 0], 'H': [0, 1, 1, 1, 1, 1, 1, 1, 1, 1], 'I': [0, 1, 0, 0, 1, 0, 0, 0, 1, 0], 'J': [0, 0, 0, 0, 0, 0, 1, 1, 0, 0]}, '校医院西': {'A': [1, 1, 1, 1, 1, 1, 1, 1, 1, 1], 'B': [1, 1, 1, 0, 1, 1, 1, 0, 1, 1], 'C': [1, 1, 1, 1, 0, 0, 1, 1, 0, 1], 'D': [1, 1, 1, 1, 1, 1, 1, 1, 1, 1], 'E': [1, 1, 1, 1, 1, 1, 1, 1, 1, 1], 'F': [0, 1, 1, 1, 0, 1, 1, 1, 1, 1], 'G': [1, 0, 1, 1, 0, 1, 1, 1, 1, 0], 'H': [1, 1, 0, 0, 0, 0, 1, 1, 0, 1], 'I': [1, 1, 0, 1, 0, 0, 0, 0, 0, 1]}}
623105	2024-07-13 02:30:54.565000+08:00	2024-07-13 02:30:54.565000+08:00	{'东门北侧': {'A': [1, 1, 1, 1, 1, 1, 1, 1, 1, 1], 'B': [1, 1, 1, 1, 1, 1, 1, 1, 1, 1], 'C': [0, 1, 1, 1, 1, 1, 1, 1, 1, 0], 'D': [1, 1, 1, 1, 1, 0, 1, 1, 0, 1], 'E': [1, 1, 0, 0, 1, 1, 1, 0, 1, 1], 'F': [0, 1, 1, 1, 1, 1, 1, 1, 1, 1], 'G': [0, 1, 1, 1, 1, 0, 1, 1, 0, 0], 'H': [1, 1, 1, 1, 0, 1, 1, 1, 0, 0], 'I': [0, 1, 0, 1, 1, 0, 1, 1, 1, 1], 'J': [1, 0, 1, 0, 1, 0, 1, 1, 1, 0], 'K': [0, 1, 1, 0, 0, 1, 1, 1, 0, 0]}, '东门南侧': {'A': [0, 0, 0, 1, 0, 0, 1, 0, 1, 0], 'B': [0, 0, 0, 0, 0, 0, 0, 0, 0, 0]}, '西门北侧': {'A': [1, 1, 1, 1, 1, 1, 1, 1, 1, 1], 'B': [0, 1, 0, 1, 1, 0, 1, 1, 0, 1], 'C': [1, 1, 0, 0, 1, 1, 1, 1, 1, 0]}, '西门南侧': {'A': [0, 1, 1, 1, 1, 0, 1, 0, 1, 1], 'B': [1, 1, 1, 1, 1, 1, 1, 1, 1, 1], 'C': [1, 1, 1, 1, 1, 1, 1, 1, 1, 1]}, '南门西侧': {'A': [1, 1, 0, 1, 1, 1, 1, 1, 1, 1], 'B': [1, 1, 1, 1, 0, 0, 1, 1, 0, 1]}, '南门东侧': {'A': [1, 0, 0, 1, 1, 1, 1, 1, 1, 1], 'B': [1, 1, 1, 1, 1, 1, 1, 1, 1, 1]}, '北门东北侧': {'A': [1, 1, 1, 1, 1, 1, 1, 1, 1, 1], 'B': [1, 0, 1, 1, 1, 1, 1, 1, 0, 1], 'C': [1, 1, 0, 1, 0, 1, 1, 1, 1, 0], 'D': [0, 0, 1, 1, 0, 0, 1, 0, 0, 1]}, '北门东南侧': {'A': [0, 1, 1, 1, 1, 0, 1, 1, 1, 1], 'B': [0, 1, 1, 1, 0, 1, 1, 1, 0, 0], 'C': [1, 1, 0, 1, 1, 0, 1, 1, 0, 0], 'D': [1, 1, 0, 1, 1, 1, 1, 1, 1, 1], 'E': [1, 1, 1, 1, 0, 0, 1, 0, 1, 1], 'F': [1, 1, 1, 1, 0, 1, 1, 1, 1, 1]}, '橘园北侧南': {'A': [0, 0, 0, 1, 0, 0, 0, 0, 0, 1], 'B': [0, 0, 0, 0, 1, 0, 1, 1, 1, 0], 'C': [0, 0, 1, 0, 1, 0, 0, 0, 1, 1], 'D': [1, 0, 0, 1, 0, 0, 0, 1, 0, 0], 'E': [1, 0, 0, 0, 0, 0, 1, 0, 0, 1], 'F': [1, 1, 0, 0, 0, 0, 0, 0, 0, 0], 'G': [0, 0, 0, 1, 0, 1, 0, 0, 1, 0], 'H': [0, 1, 1, 1, 1, 1, 1, 1, 1, 1], 'I': [0, 1, 0, 0, 1, 0, 0, 0, 1, 0], 'J': [0, 0, 0, 0, 0, 0, 1, 1, 0, 0]}, '校医院西': {'A': [1, 1, 1, 1, 1, 1, 1, 1, 1, 1], 'B': [1, 1, 1, 0, 1, 1, 1, 0, 1, 1], 'C': [1, 1, 1, 1, 0, 0, 1, 1, 0, 1], 'D': [1, 1, 1, 1, 1, 1, 1, 1, 1, 1], 'E': [1, 1, 1, 1, 1, 1, 1, 1, 1, 1], 'F': [0, 1, 1, 1, 0, 1, 1, 1, 1, 1], 'G': [1, 0, 1, 1, 0, 1, 1, 1, 1, 0], 'H': [1, 1, 0, 0, 0, 0, 1, 1, 0, 1], 'I': [1, 1, 0, 1, 0, 0, 0, 0, 0, 1]}}
623106	2024-07-13 02:31:47.290000+08:00	2024-07-13 02:31:47.290000+08:00	{'东门北侧': {'A': [1, 1, 1, 1, 1, 1, 1, 1, 1, 1], 'B': [1, 1, 1, 1, 1, 1, 1, 1, 1, 1], 'C': [0, 1, 1, 1, 1, 1, 1, 1, 1, 0], 'D': [1, 1, 1, 1, 1, 0, 1, 1, 0, 1], 'E': [1, 1, 0, 0, 1, 1, 1, 0, 1, 1], 'F': [0, 1, 1, 1, 1, 1, 1, 1, 1, 1], 'G': [0, 1, 1, 1, 1, 0, 1, 1, 0, 0], 'H': [1, 1, 1, 1, 0, 1, 1, 1, 0, 0], 'I': [0, 1, 0, 1, 1, 0, 1, 1, 1, 1], 'J': [1, 0, 1, 0, 1, 0, 1, 1, 1, 0], 'K': [0, 1, 1, 0, 0, 1, 1, 1, 0, 0]}, '东门南侧': {'A': [0, 0, 0, 1, 0, 0, 1, 0, 1, 0], 'B': [0, 0, 0, 0, 0, 0, 0, 0, 0, 0]}, '西门北侧': {'A': [1, 1, 1, 1, 1, 1, 1, 1, 1, 1], 'B': [0, 1, 0, 1, 1, 0, 1, 1, 0, 1], 'C': [1, 1, 0, 0, 1, 1, 1, 1, 1, 0]}, '西门南侧': {'A': [0, 1, 1, 1, 1, 0, 1, 0, 1, 1], 'B': [1, 1, 1, 1, 1, 1, 1, 1, 1, 1], 'C': [1, 1, 1, 1, 1, 1, 1, 1, 1, 1]}, '南门西侧': {'A': [1, 1, 0, 1, 1, 1, 1, 1, 1, 1], 'B': [1, 1, 1, 1, 0, 0, 1, 1, 0, 1]}, '南门东侧': {'A': [1, 0, 0, 1, 1, 1, 1, 1, 1, 1], 'B': [1, 1, 1, 1, 1, 1, 1, 1, 1, 1]}, '北门东北侧': {'A': [1, 1, 1, 1, 1, 1, 1, 1, 1, 1], 'B': [1, 0, 1, 1, 1, 1, 1, 1, 0, 1], 'C': [1, 1, 0, 1, 0, 1, 1, 1, 1, 0], 'D': [0, 0, 1, 1, 0, 0, 1, 0, 0, 1]}, '北门东南侧': {'A': [0, 1, 1, 1, 1, 0, 1, 1, 1, 1], 'B': [0, 1, 1, 1, 0, 1, 1, 1, 0, 0], 'C': [1, 1, 0, 1, 1, 0, 1, 1, 0, 0], 'D': [1, 1, 0, 1, 1, 1, 1, 1, 1, 1], 'E': [1, 1, 1, 1, 0, 0, 1, 0, 1, 1], 'F': [1, 1, 1, 1, 0, 1, 1, 1, 1, 1]}, '橘园北侧南': {'A': [0, 0, 0, 1, 0, 0, 0, 0, 0, 1], 'B': [0, 0, 0, 0, 1, 0, 1, 1, 1, 0], 'C': [0, 0, 1, 0, 1, 0, 0, 0, 1, 1], 'D': [1, 0, 0, 1, 0, 0, 0, 1, 0, 0], 'E': [1, 0, 0, 0, 0, 0, 1, 0, 0, 1], 'F': [1, 1, 0, 0, 0, 0, 0, 0, 0, 0], 'G': [0, 0, 0, 1, 0, 1, 0, 0, 1, 0], 'H': [0, 1, 1, 1, 1, 1, 1, 1, 1, 1], 'I': [0, 1, 0, 0, 1, 0, 0, 0, 1, 0], 'J': [0, 0, 0, 0, 0, 0, 1, 1, 0, 0]}, '校医院西': {'A': [1, 1, 1, 1, 1, 1, 1, 1, 1, 1], 'B': [1, 1, 1, 0, 1, 1, 1, 0, 1, 1], 'C': [1, 1, 1, 1, 0, 0, 1, 1, 0, 1], 'D': [1, 1, 1, 1, 1, 1, 1, 1, 1, 1], 'E': [1, 1, 1, 1, 1, 1, 1, 1, 1, 1], 'F': [0, 1, 1, 1, 0, 1, 1, 1, 1, 1], 'G': [1, 0, 1, 1, 0, 1, 1, 1, 1, 0], 'H': [1, 1, 0, 0, 0, 0, 1, 1, 0, 1], 'I': [1, 1, 0, 1, 0, 0, 0, 0, 0, 1]}}
623107	2024-07-13 02:32:57.462000+08:00	2024-07-13 02:32:57.462000+08:00	{'东门北侧': {'A': [1, 1, 1, 1, 1, 1, 1, 1, 1, 1], 'B': [1, 1, 1, 1, 1, 1, 1, 1, 1, 1], 'C': [0, 1, 1, 1, 1, 1, 1, 1, 1, 0], 'D': [1, 1, 1, 1, 1, 0, 1, 1, 0, 1], 'E': [1, 1, 0, 0, 1, 1, 1, 0, 1, 1], 'F': [0, 1, 1, 1, 1, 1, 1, 1, 1, 1], 'G': [0, 1, 1, 1, 1, 0, 1, 1, 0, 0], 'H': [1, 1, 1, 1, 0, 1, 1, 1, 0, 0], 'I': [0, 1, 0, 1, 1, 0, 1, 1, 1, 1], 'J': [1, 0, 1, 0, 1, 0, 1, 1, 1, 0], 'K': [0, 1, 1, 0, 0, 1, 1, 1, 0, 0]}, '东门南侧': {'A': [0, 0, 0, 1, 0, 0, 1, 0, 1, 0], 'B': [0, 0, 0, 0, 0, 0, 0, 0, 0, 0]}, '西门北侧': {'A': [1, 1, 1, 1, 1, 1, 1, 1, 1, 1], 'B': [0, 1, 0, 1, 1, 0, 1, 1, 0, 1], 'C': [1, 1, 0, 0, 1, 1, 1, 1, 1, 0]}, '西门南侧': {'A': [0, 1, 1, 1, 1, 0, 1, 0, 1, 1], 'B': [1, 1, 1, 1, 1, 1, 1, 1, 1, 1], 'C': [1, 1, 1, 1, 1, 1, 1, 1, 1, 1]}, '南门西侧': {'A': [1, 1, 0, 1, 1, 1, 1, 1, 1, 1], 'B': [1, 1, 1, 1, 0, 0, 1, 1, 0, 1]}, '南门东侧': {'A': [1, 0, 0, 1, 1, 1, 1, 1, 1, 1], 'B': [1, 1, 1, 1, 1, 1, 1, 1, 1, 1]}, '北门东北侧': {'A': [1, 1, 1, 1, 1, 1, 1, 1, 1, 1], 'B': [1, 0, 1, 1, 1, 1, 1, 1, 0, 1], 'C': [1, 1, 0, 1, 0, 1, 1, 1, 1, 0], 'D': [0, 0, 1, 1, 0, 0, 1, 0, 0, 1]}, '北门东南侧': {'A': [0, 1, 1, 1, 1, 0, 1, 1, 1, 1], 'B': [0, 1, 1, 1, 0, 1, 1, 1, 0, 0], 'C': [1, 1, 0, 1, 1, 0, 1, 1, 0, 0], 'D': [1, 1, 0, 1, 1, 1, 1, 1, 1, 1], 'E': [1, 1, 1, 1, 0, 0, 1, 0, 1, 1], 'F': [1, 1, 1, 1, 0, 1, 1, 1, 1, 1]}, '橘园北侧南': {'A': [0, 0, 0, 1, 0, 0, 0, 0, 0, 1], 'B': [0, 0, 0, 0, 1, 0, 1, 1, 1, 0], 'C': [0, 0, 1, 0, 1, 0, 0, 0, 1, 1], 'D': [1, 0, 0, 1, 0, 0, 0, 1, 0, 0], 'E': [1, 0, 0, 0, 0, 0, 1, 0, 0, 1], 'F': [1, 1, 0, 0, 0, 0, 0, 0, 0, 0], 'G': [0, 0, 0, 1, 0, 1, 0, 0, 1, 0], 'H': [0, 1, 1, 1, 1, 1, 1, 1, 1, 1], 'I': [0, 1, 0, 0, 1, 0, 0, 0, 1, 0], 'J': [0, 0, 0, 0, 0, 0, 1, 1, 0, 0]}, '校医院西': {'A': [1, 1, 1, 1, 1, 1, 1, 1, 1, 1], 'B': [1, 1, 1, 0, 1, 1, 1, 0, 1, 1], 'C': [1, 1, 1, 1, 0, 0, 1, 1, 0, 1], 'D': [1, 1, 1, 1, 1, 1, 1, 1, 1, 1], 'E': [1, 1, 1, 1, 1, 1, 1, 1, 1, 1], 'F': [0, 1, 1, 1, 0, 1, 1, 1, 1, 1], 'G': [1, 0, 1, 1, 0, 1, 1, 1, 1, 0], 'H': [1, 1, 0, 0, 0, 0, 1, 1, 0, 1], 'I': [1, 1, 0, 1, 0, 0, 0, 0, 0, 1]}}
623108	2024-07-13 02:33:47.213000+08:00	2024-07-13 02:33:47.213000+08:00	{'东门北侧': {'A': [1, 1, 1, 1, 1, 1, 1, 1, 1, 1], 'B': [1, 1, 1, 1, 1, 1, 1, 1, 1, 1], 'C': [0, 1, 1, 1, 1, 1, 1, 1, 1, 0], 'D': [1, 1, 1, 1, 1, 0, 1, 1, 0, 1], 'E': [1, 1, 0, 0, 1, 1, 1, 0, 1, 1], 'F': [0, 1, 1, 1, 1, 1, 1, 1, 1, 1], 'G': [0, 1, 1, 1, 1, 0, 1, 1, 0, 0], 'H': [1, 1, 1, 1, 0, 1, 1, 1, 0, 0], 'I': [0, 1, 0, 1, 1, 0, 1, 1, 1, 1], 'J': [1, 0, 1, 0, 1, 0, 1, 1, 1, 0], 'K': [0, 1, 1, 0, 0, 1, 1, 1, 0, 0]}, '东门南侧': {'A': [0, 0, 0, 1, 0, 0, 1, 0, 1, 0], 'B': [0, 0, 0, 0, 0, 0, 0, 0, 0, 0]}, '西门北侧': {'A': [1, 1, 1, 1, 1, 1, 1, 1, 1, 1], 'B': [0, 1, 0, 1, 1, 0, 1, 1, 0, 1], 'C': [1, 1, 0, 0, 1, 1, 1, 1, 1, 0]}, '西门南侧': {'A': [0, 1, 1, 1, 1, 0, 1, 0, 1, 1], 'B': [1, 1, 1, 1, 1, 1, 1, 1, 1, 1], 'C': [1, 1, 1, 1, 1, 1, 1, 1, 1, 1]}, '南门西侧': {'A': [1, 1, 0, 1, 1, 1, 1, 1, 1, 1], 'B': [1, 1, 1, 1, 0, 0, 1, 1, 0, 1]}, '南门东侧': {'A': [1, 0, 0, 1, 1, 1, 1, 1, 1, 1], 'B': [1, 1, 1, 1, 1, 1, 1, 1, 1, 1]}, '北门东北侧': {'A': [1, 1, 1, 1, 1, 1, 1, 1, 1, 1], 'B': [1, 0, 1, 1, 1, 1, 1, 1, 0, 1], 'C': [1, 1, 0, 1, 0, 1, 1, 1, 1, 0], 'D': [0, 0, 1, 1, 0, 0, 1, 0, 0, 1]}, '北门东南侧': {'A': [0, 1, 1, 1, 1, 0, 1, 1, 1, 1], 'B': [0, 1, 1, 1, 0, 1, 1, 1, 0, 0], 'C': [1, 1, 0, 1, 1, 0, 1, 1, 0, 0], 'D': [1, 1, 0, 1, 1, 1, 1, 1, 1, 1], 'E': [1, 1, 1, 1, 0, 0, 1, 1, 1, 1], 'F': [1, 1, 1, 1, 0, 1, 1, 1, 1, 1]}, '橘园北侧南': {'A': [0, 0, 0, 1, 0, 0, 0, 0, 0, 1], 'B': [0, 0, 0, 0, 1, 0, 1, 1, 1, 0], 'C': [0, 0, 1, 0, 1, 0, 0, 0, 1, 1], 'D': [1, 0, 0, 1, 0, 0, 0, 1, 0, 0], 'E': [1, 0, 0, 0, 0, 0, 1, 0, 0, 1], 'F': [1, 1, 0, 0, 0, 0, 1, 0, 0, 0], 'G': [0, 0, 0, 1, 0, 1, 0, 0, 1, 0], 'H': [0, 1, 1, 1, 1, 1, 1, 1, 1, 1], 'I': [0, 1, 0, 0, 1, 0, 0, 0, 1, 0], 'J': [0, 0, 0, 0, 0, 0, 1, 1, 0, 0]}, '校医院西': {'A': [1, 1, 1, 1, 1, 1, 1, 1, 1, 1], 'B': [1, 1, 1, 0, 1, 1, 1, 0, 1, 1], 'C': [1, 1, 1, 1, 0, 0, 1, 1, 0, 1], 'D': [1, 1, 1, 1, 1, 1, 1, 1, 1, 1], 'E': [1, 1, 1, 1, 1, 1, 1, 1, 1, 1], 'F': [0, 1, 1, 1, 0, 1, 1, 1, 1, 1], 'G': [1, 0, 1, 1, 0, 1, 1, 1, 1, 0], 'H': [1, 1, 0, 0, 0, 0, 1, 1, 0, 1], 'I': [1, 1, 0, 1, 0, 0, 0, 0, 0, 1]}}
623109	2024-07-13 02:34:50.073000+08:00	2024-07-13 02:34:50.073000+08:00	{'东门北侧': {'A': [1, 1, 1, 1, 1, 1, 1, 1, 1, 1], 'B': [1, 1, 1, 1, 1, 1, 1, 1, 1, 1], 'C': [0, 1, 1, 1, 1, 1, 1, 1, 1, 0], 'D': [1, 1, 1, 1, 1, 0, 1, 1, 0, 1], 'E': [1, 1, 0, 0, 1, 1, 1, 0, 1, 1], 'F': [0, 1, 1, 1, 1, 1, 1, 1, 1, 1], 'G': [0, 1, 1, 1, 1, 0, 1, 1, 0, 0], 'H': [1, 1, 1, 1, 0, 1, 1, 1, 0, 0], 'I': [0, 1, 0, 1, 1, 0, 1, 1, 1, 1], 'J': [1, 0, 1, 0, 1, 0, 1, 1, 1, 0], 'K': [0, 1, 1, 0, 0, 1, 1, 1, 0, 0]}, '东门南侧': {'A': [0, 0, 0, 1, 0, 0, 1, 0, 1, 0], 'B': [0, 0, 0, 0, 0, 0, 0, 0, 0, 0]}, '西门北侧': {'A': [1, 1, 1, 1, 1, 1, 1, 1, 1, 1], 'B': [0, 1, 0, 1, 1, 0, 1, 1, 0, 1], 'C': [1, 1, 0, 0, 1, 1, 1, 1, 1, 0]}, '西门南侧': {'A': [0, 1, 1, 1, 1, 0, 1, 0, 1, 1], 'B': [1, 1, 1, 1, 1, 1, 1, 1, 1, 1], 'C': [1, 1, 1, 1, 1, 1, 1, 1, 1, 1]}, '南门西侧': {'A': [1, 1, 0, 1, 1, 1, 1, 1, 1, 1], 'B': [1, 1, 1, 1, 0, 0, 1, 1, 0, 1]}, '南门东侧': {'A': [1, 0, 0, 1, 1, 1, 1, 1, 1, 1], 'B': [1, 1, 1, 1, 1, 1, 1, 1, 1, 1]}, '北门东北侧': {'A': [1, 1, 1, 1, 1, 1, 1, 1, 1, 1], 'B': [1, 0, 1, 1, 1, 1, 1, 1, 0, 1], 'C': [1, 1, 0, 1, 0, 1, 1, 1, 1, 0], 'D': [0, 0, 1, 1, 0, 0, 1, 0, 0, 1]}, '北门东南侧': {'A': [0, 1, 1, 1, 1, 0, 1, 1, 1, 1], 'B': [0, 1, 1, 1, 0, 1, 1, 1, 0, 0], 'C': [1, 1, 0, 1, 1, 0, 1, 1, 0, 0], 'D': [1, 1, 0, 1, 1, 1, 1, 1, 1, 1], 'E': [1, 1, 1, 1, 0, 0, 1, 1, 1, 1], 'F': [1, 1, 1, 1, 0, 1, 1, 1, 1, 1]}, '橘园北侧南': {'A': [0, 0, 0, 1, 0, 0, 0, 0, 0, 1], 'B': [0, 0, 0, 0, 1, 0, 1, 1, 1, 0], 'C': [0, 0, 1, 0, 1, 0, 0, 0, 1, 1], 'D': [1, 0, 0, 1, 0, 0, 0, 1, 0, 0], 'E': [1, 0, 0, 0, 0, 0, 1, 0, 0, 1], 'F': [1, 1, 0, 0, 0, 0, 1, 0, 0, 0], 'G': [0, 0, 0, 1, 0, 1, 0, 0, 1, 0], 'H': [0, 1, 1, 1, 1, 1, 1, 1, 1, 1], 'I': [0, 1, 0, 0, 1, 0, 0, 0, 1, 1], 'J': [0, 0, 0, 0, 0, 0, 1, 1, 0, 0]}, '校医院西': {'A': [1, 1, 1, 1, 1, 1, 1, 1, 1, 1], 'B': [1, 1, 1, 0, 1, 1, 1, 0, 1, 1], 'C': [1, 1, 1, 1, 0, 0, 1, 1, 0, 1], 'D': [1, 1, 1, 1, 1, 1, 1, 1, 1, 1], 'E': [1, 1, 1, 1, 1, 1, 1, 1, 1, 1], 'F': [0, 1, 1, 1, 0, 1, 1, 1, 1, 1], 'G': [1, 0, 1, 1, 0, 1, 1, 1, 1, 0], 'H': [1, 1, 0, 0, 0, 0, 1, 1, 0, 1], 'I': [1, 1, 0, 1, 0, 0, 0, 0, 0, 1]}}
623110	2024-07-13 02:35:47.587000+08:00	2024-07-13 02:35:47.587000+08:00	{'东门北侧': {'A': [1, 1, 1, 1, 1, 1, 1, 1, 1, 1], 'B': [1, 1, 1, 1, 1, 1, 1, 1, 1, 1], 'C': [0, 1, 1, 1, 1, 1, 1, 1, 1, 0], 'D': [1, 1, 1, 1, 1, 0, 1, 1, 0, 1], 'E': [1, 1, 0, 0, 1, 1, 1, 0, 1, 1], 'F': [0, 1, 1, 1, 1, 1, 1, 1, 1, 1], 'G': [0, 1, 1, 1, 1, 0, 1, 1, 0, 0], 'H': [1, 1, 1, 1, 0, 1, 1, 1, 0, 0], 'I': [0, 1, 0, 1, 1, 0, 1, 1, 1, 1], 'J': [1, 0, 1, 0, 1, 0, 1, 1, 1, 0], 'K': [0, 1, 1, 0, 0, 1, 1, 1, 0, 0]}, '东门南侧': {'A': [0, 0, 0, 1, 0, 0, 1, 0, 1, 0], 'B': [0, 0, 0, 0, 0, 0, 0, 0, 0, 0]}, '西门北侧': {'A': [1, 1, 1, 1, 1, 1, 1, 1, 1, 1], 'B': [0, 1, 0, 1, 1, 0, 1, 1, 0, 1], 'C': [1, 1, 0, 0, 1, 1, 1, 1, 1, 0]}, '西门南侧': {'A': [0, 1, 1, 1, 1, 0, 1, 0, 1, 1], 'B': [1, 1, 1, 1, 1, 1, 1, 1, 1, 1], 'C': [1, 1, 1, 1, 1, 1, 1, 1, 1, 1]}, '南门西侧': {'A': [1, 1, 0, 1, 1, 1, 1, 1, 1, 1], 'B': [1, 1, 1, 1, 0, 0, 1, 1, 0, 1]}, '南门东侧': {'A': [1, 0, 0, 1, 1, 1, 1, 1, 1, 1], 'B': [1, 1, 1, 1, 1, 1, 1, 1, 1, 1]}, '北门东北侧': {'A': [1, 1, 1, 1, 1, 1, 1, 1, 1, 1], 'B': [1, 0, 1, 1, 1, 1, 1, 1, 0, 1], 'C': [1, 1, 0, 1, 0, 1, 1, 1, 1, 0], 'D': [0, 0, 1, 1, 0, 0, 1, 0, 0, 1]}, '北门东南侧': {'A': [0, 1, 1, 1, 1, 0, 1, 1, 1, 1], 'B': [0, 1, 1, 1, 0, 1, 1, 1, 0, 0], 'C': [1, 1, 0, 1, 1, 0, 1, 1, 0, 0], 'D': [1, 1, 0, 1, 1, 1, 1, 1, 1, 1], 'E': [1, 1, 1, 1, 0, 0, 1, 1, 1, 1], 'F': [1, 1, 1, 1, 0, 1, 1, 1, 1, 1]}, '橘园北侧南': {'A': [0, 0, 0, 1, 0, 0, 0, 0, 0, 1], 'B': [0, 0, 0, 0, 1, 0, 1, 1, 1, 0], 'C': [0, 0, 1, 0, 1, 0, 0, 0, 1, 1], 'D': [1, 0, 0, 1, 0, 0, 0, 1, 0, 0], 'E': [1, 0, 0, 0, 0, 0, 1, 0, 0, 1], 'F': [1, 1, 0, 0, 0, 0, 1, 0, 0, 0], 'G': [0, 0, 0, 1, 0, 1, 0, 0, 1, 0], 'H': [0, 1, 1, 1, 1, 1, 1, 1, 1, 1], 'I': [0, 1, 0, 0, 1, 0, 0, 0, 1, 1], 'J': [0, 0, 0, 0, 0, 0, 1, 1, 0, 0]}, '校医院西': {'A': [1, 1, 1, 1, 1, 1, 1, 1, 1, 1], 'B': [1, 1, 1, 0, 1, 1, 1, 0, 1, 1], 'C': [1, 1, 1, 1, 0, 0, 1, 1, 0, 1], 'D': [1, 1, 1, 1, 1, 1, 1, 1, 1, 1], 'E': [1, 1, 1, 1, 1, 1, 1, 1, 1, 1], 'F': [0, 1, 1, 1, 0, 1, 1, 1, 1, 1], 'G': [1, 0, 1, 1, 0, 1, 1, 1, 1, 0], 'H': [1, 1, 0, 0, 0, 0, 1, 1, 0, 1], 'I': [1, 1, 0, 1, 0, 0, 0, 0, 0, 1]}}
623111	2024-07-13 02:36:53.352000+08:00	2024-07-13 02:36:53.352000+08:00	{'东门北侧': {'A': [1, 1, 1, 1, 1, 1, 1, 1, 1, 1], 'B': [1, 1, 1, 1, 1, 1, 1, 1, 1, 1], 'C': [0, 1, 1, 1, 1, 1, 1, 1, 1, 0], 'D': [1, 1, 1, 1, 1, 0, 1, 1, 0, 1], 'E': [1, 1, 0, 0, 1, 1, 1, 0, 1, 1], 'F': [0, 1, 1, 1, 1, 1, 1, 1, 1, 1], 'G': [0, 1, 1, 1, 1, 0, 1, 1, 0, 0], 'H': [1, 1, 1, 1, 0, 1, 1, 1, 0, 0], 'I': [0, 1, 0, 1, 1, 0, 1, 1, 1, 1], 'J': [1, 0, 1, 0, 1, 0, 1, 1, 1, 0], 'K': [0, 1, 1, 0, 0, 1, 1, 1, 0, 0]}, '东门南侧': {'A': [0, 0, 0, 1, 0, 0, 1, 0, 1, 0], 'B': [0, 0, 0, 0, 0, 0, 0, 0, 0, 0]}, '西门北侧': {'A': [1, 1, 1, 1, 1, 1, 1, 1, 1, 1], 'B': [0, 1, 0, 1, 1, 0, 1, 1, 0, 1], 'C': [1, 1, 0, 0, 1, 1, 1, 1, 1, 0]}, '西门南侧': {'A': [0, 1, 1, 1, 1, 0, 1, 0, 1, 1], 'B': [1, 1, 1, 1, 1, 1, 1, 1, 1, 1], 'C': [1, 1, 1, 1, 1, 1, 1, 1, 1, 1]}, '南门西侧': {'A': [1, 1, 0, 1, 1, 1, 1, 1, 1, 1], 'B': [1, 1, 1, 1, 0, 0, 1, 1, 0, 1]}, '南门东侧': {'A': [1, 0, 0, 1, 1, 1, 1, 1, 1, 1], 'B': [1, 1, 1, 1, 1, 1, 1, 1, 1, 1]}, '北门东北侧': {'A': [1, 1, 1, 1, 1, 1, 1, 1, 1, 1], 'B': [1, 0, 1, 1, 1, 1, 1, 1, 0, 1], 'C': [1, 1, 0, 1, 0, 1, 1, 1, 1, 0], 'D': [0, 0, 1, 1, 0, 0, 1, 0, 0, 1]}, '北门东南侧': {'A': [0, 1, 1, 1, 1, 0, 1, 1, 1, 1], 'B': [0, 1, 1, 1, 0, 1, 1, 1, 0, 0], 'C': [1, 1, 0, 1, 1, 0, 1, 1, 0, 0], 'D': [1, 1, 0, 1, 1, 1, 1, 1, 1, 1], 'E': [1, 1, 1, 1, 0, 0, 1, 1, 1, 1], 'F': [1, 1, 1, 1, 0, 1, 1, 1, 1, 1]}, '橘园北侧南': {'A': [0, 0, 0, 1, 0, 0, 0, 0, 0, 1], 'B': [0, 0, 0, 0, 1, 0, 1, 1, 1, 0], 'C': [0, 0, 1, 0, 1, 0, 0, 0, 1, 1], 'D': [1, 0, 0, 1, 0, 0, 0, 1, 0, 0], 'E': [1, 0, 0, 0, 0, 0, 1, 0, 0, 1], 'F': [1, 1, 0, 0, 0, 0, 1, 0, 0, 0], 'G': [0, 1, 0, 1, 0, 1, 0, 0, 1, 0], 'H': [0, 1, 1, 1, 1, 1, 1, 1, 1, 1], 'I': [0, 1, 0, 0, 1, 0, 0, 0, 1, 1], 'J': [0, 0, 0, 0, 0, 0, 1, 1, 0, 0]}, '校医院西': {'A': [1, 1, 1, 1, 1, 1, 1, 1, 1, 1], 'B': [1, 1, 1, 0, 1, 1, 1, 0, 1, 1], 'C': [1, 1, 1, 1, 0, 0, 1, 1, 0, 1], 'D': [1, 1, 1, 1, 1, 1, 1, 1, 1, 1], 'E': [1, 1, 1, 1, 1, 1, 1, 1, 1, 1], 'F': [0, 1, 1, 1, 0, 1, 1, 1, 1, 1], 'G': [1, 0, 1, 1, 0, 1, 1, 1, 1, 0], 'H': [1, 1, 0, 0, 0, 0, 1, 1, 0, 1], 'I': [1, 1, 0, 1, 0, 0, 0, 0, 0, 1]}}
623112	2024-07-13 02:37:48.784000+08:00	2024-07-13 02:37:48.784000+08:00	{'东门北侧': {'A': [1, 1, 1, 1, 1, 1, 1, 1, 1, 1], 'B': [1, 1, 1, 1, 1, 1, 1, 1, 1, 1], 'C': [0, 1, 1, 1, 1, 1, 1, 1, 1, 0], 'D': [1, 1, 1, 1, 1, 0, 1, 1, 0, 1], 'E': [1, 1, 0, 0, 1, 1, 1, 0, 1, 1], 'F': [0, 1, 1, 1, 1, 1, 1, 1, 1, 1], 'G': [0, 1, 1, 1, 1, 0, 1, 1, 0, 0], 'H': [1, 1, 1, 1, 0, 1, 1, 1, 0, 0], 'I': [0, 1, 0, 1, 1, 0, 1, 1, 1, 1], 'J': [1, 0, 1, 0, 1, 0, 1, 1, 1, 0], 'K': [0, 1, 1, 0, 0, 1, 1, 1, 0, 0]}, '东门南侧': {'A': [0, 0, 0, 1, 0, 0, 1, 0, 1, 0], 'B': [0, 0, 0, 0, 0, 0, 0, 0, 0, 0]}, '西门北侧': {'A': [1, 1, 1, 1, 1, 1, 1, 1, 1, 1], 'B': [0, 1, 0, 1, 1, 0, 1, 1, 0, 1], 'C': [1, 1, 0, 0, 1, 1, 1, 1, 1, 0]}, '西门南侧': {'A': [0, 1, 1, 1, 1, 0, 1, 0, 1, 1], 'B': [1, 1, 1, 1, 1, 1, 1, 1, 1, 1], 'C': [1, 1, 1, 1, 1, 1, 1, 1, 1, 1]}, '南门西侧': {'A': [1, 1, 0, 1, 1, 1, 1, 1, 1, 1], 'B': [1, 1, 1, 1, 0, 0, 1, 1, 0, 1]}, '南门东侧': {'A': [1, 0, 0, 1, 1, 1, 1, 1, 1, 1], 'B': [1, 1, 1, 1, 1, 1, 1, 1, 1, 1]}, '北门东北侧': {'A': [1, 1, 1, 1, 1, 1, 1, 1, 1, 1], 'B': [1, 0, 1, 1, 1, 1, 1, 1, 0, 1], 'C': [1, 1, 0, 1, 0, 1, 1, 1, 1, 0], 'D': [0, 0, 1, 1, 0, 0, 1, 0, 0, 1]}, '北门东南侧': {'A': [0, 1, 1, 1, 1, 0, 1, 1, 1, 1], 'B': [0, 1, 1, 1, 0, 1, 1, 1, 0, 0], 'C': [1, 1, 0, 1, 1, 0, 1, 1, 0, 0], 'D': [1, 1, 0, 1, 1, 1, 1, 1, 1, 1], 'E': [1, 1, 1, 1, 0, 0, 1, 1, 1, 1], 'F': [1, 1, 1, 1, 0, 1, 1, 1, 1, 1]}, '橘园北侧南': {'A': [0, 0, 0, 1, 0, 0, 0, 0, 0, 1], 'B': [0, 0, 0, 0, 1, 0, 1, 1, 1, 0], 'C': [0, 0, 1, 0, 1, 0, 0, 0, 1, 1], 'D': [1, 0, 0, 1, 0, 0, 0, 1, 0, 0], 'E': [1, 0, 0, 0, 0, 0, 1, 0, 0, 1], 'F': [1, 1, 0, 0, 0, 0, 1, 0, 0, 0], 'G': [0, 1, 1, 1, 0, 1, 0, 0, 1, 0], 'H': [0, 1, 1, 1, 1, 1, 1, 1, 1, 1], 'I': [0, 1, 0, 0, 1, 0, 0, 0, 1, 1], 'J': [0, 0, 0, 0, 0, 0, 1, 1, 0, 0]}, '校医院西': {'A': [1, 1, 1, 1, 1, 1, 1, 1, 1, 1], 'B': [1, 1, 1, 0, 1, 1, 1, 0, 1, 1], 'C': [1, 1, 1, 1, 0, 0, 1, 1, 0, 1], 'D': [1, 1, 1, 1, 1, 1, 1, 1, 1, 1], 'E': [1, 1, 1, 1, 1, 1, 1, 1, 1, 1], 'F': [0, 1, 1, 1, 0, 1, 1, 1, 1, 1], 'G': [1, 0, 1, 1, 0, 1, 1, 1, 1, 0], 'H': [1, 1, 0, 0, 0, 0, 1, 1, 0, 1], 'I': [1, 1, 0, 1, 0, 0, 0, 0, 0, 1]}}
623113	2024-07-13 02:38:49.161000+08:00	2024-07-13 02:38:49.161000+08:00	{'东门北侧': {'A': [1, 1, 1, 1, 1, 1, 1, 1, 1, 1], 'B': [1, 1, 1, 1, 1, 1, 1, 1, 1, 1], 'C': [0, 1, 1, 1, 1, 1, 1, 1, 1, 0], 'D': [1, 1, 1, 1, 1, 0, 1, 1, 0, 1], 'E': [1, 1, 0, 0, 1, 1, 1, 0, 1, 1], 'F': [0, 1, 1, 1, 1, 1, 1, 1, 1, 1], 'G': [0, 1, 1, 1, 1, 0, 1, 1, 0, 0], 'H': [1, 1, 1, 1, 0, 1, 1, 1, 0, 0], 'I': [0, 1, 0, 1, 1, 0, 1, 1, 1, 1], 'J': [1, 0, 1, 0, 1, 0, 1, 1, 1, 0], 'K': [0, 1, 1, 0, 0, 1, 1, 1, 0, 0]}, '东门南侧': {'A': [0, 0, 0, 1, 0, 0, 1, 0, 1, 0], 'B': [0, 0, 0, 0, 0, 0, 0, 0, 0, 0]}, '西门北侧': {'A': [1, 1, 1, 1, 1, 1, 1, 1, 1, 1], 'B': [0, 1, 0, 1, 1, 0, 1, 1, 0, 1], 'C': [1, 1, 0, 0, 1, 1, 1, 1, 1, 0]}, '西门南侧': {'A': [0, 1, 1, 1, 1, 0, 1, 0, 1, 1], 'B': [1, 1, 1, 1, 1, 1, 1, 1, 1, 1], 'C': [1, 1, 1, 1, 1, 1, 1, 1, 1, 1]}, '南门西侧': {'A': [1, 1, 0, 1, 1, 1, 1, 1, 1, 1], 'B': [1, 1, 1, 1, 0, 0, 1, 1, 0, 1]}, '南门东侧': {'A': [1, 0, 0, 1, 1, 1, 1, 1, 1, 1], 'B': [1, 1, 1, 1, 1, 1, 1, 1, 1, 1]}, '北门东北侧': {'A': [1, 1, 1, 1, 1, 1, 1, 1, 1, 1], 'B': [1, 0, 1, 1, 1, 1, 1, 1, 0, 1], 'C': [1, 1, 0, 1, 0, 1, 1, 1, 1, 0], 'D': [0, 0, 1, 1, 0, 0, 1, 0, 0, 1]}, '北门东南侧': {'A': [0, 1, 1, 1, 1, 0, 1, 1, 1, 1], 'B': [0, 1, 1, 1, 0, 1, 1, 1, 0, 0], 'C': [1, 1, 0, 1, 1, 0, 1, 1, 0, 0], 'D': [1, 1, 0, 1, 1, 1, 1, 1, 1, 1], 'E': [1, 1, 1, 1, 0, 0, 1, 1, 1, 1], 'F': [1, 1, 1, 1, 0, 1, 1, 1, 1, 1]}, '橘园北侧南': {'A': [0, 0, 0, 1, 0, 0, 0, 0, 0, 1], 'B': [0, 0, 0, 0, 1, 0, 1, 1, 1, 0], 'C': [0, 0, 1, 0, 1, 0, 0, 0, 1, 1], 'D': [1, 0, 0, 1, 0, 0, 0, 1, 0, 0], 'E': [1, 0, 0, 0, 0, 0, 1, 0, 0, 1], 'F': [1, 1, 0, 0, 0, 0, 1, 0, 0, 0], 'G': [0, 1, 1, 1, 0, 1, 0, 0, 1, 0], 'H': [0, 1, 1, 1, 1, 1, 1, 1, 1, 1], 'I': [0, 1, 0, 0, 1, 0, 1, 0, 1, 1], 'J': [0, 0, 0, 0, 0, 0, 1, 1, 0, 0]}, '校医院西': {'A': [1, 1, 1, 1, 1, 1, 1, 1, 1, 1], 'B': [1, 1, 1, 0, 1, 1, 1, 0, 1, 1], 'C': [1, 1, 1, 1, 0, 0, 1, 1, 0, 1], 'D': [1, 1, 1, 1, 1, 1, 1, 1, 1, 1], 'E': [1, 1, 1, 1, 1, 1, 1, 1, 1, 1], 'F': [0, 1, 1, 1, 0, 1, 1, 1, 1, 1], 'G': [1, 0, 1, 1, 0, 1, 1, 1, 1, 0], 'H': [1, 1, 0, 0, 0, 0, 1, 1, 0, 1], 'I': [1, 1, 0, 1, 0, 0, 0, 0, 0, 1]}}
623114	2024-07-13 02:39:47.953000+08:00	2024-07-13 02:39:47.953000+08:00	{'东门北侧': {'A': [1, 1, 1, 1, 1, 1, 1, 1, 1, 1], 'B': [1, 1, 1, 1, 1, 1, 1, 1, 1, 1], 'C': [0, 1, 1, 1, 1, 1, 1, 1, 1, 0], 'D': [1, 1, 1, 1, 1, 0, 1, 1, 0, 1], 'E': [1, 1, 0, 0, 1, 1, 1, 0, 1, 1], 'F': [0, 1, 1, 1, 1, 1, 1, 1, 1, 1], 'G': [0, 1, 1, 1, 1, 0, 1, 1, 0, 0], 'H': [1, 1, 1, 1, 0, 1, 1, 1, 0, 0], 'I': [0, 1, 0, 1, 1, 0, 1, 1, 1, 1], 'J': [1, 0, 1, 0, 1, 0, 1, 1, 1, 0], 'K': [0, 1, 1, 0, 0, 1, 1, 1, 0, 0]}, '东门南侧': {'A': [0, 0, 0, 1, 0, 0, 1, 0, 1, 0], 'B': [0, 0, 0, 0, 0, 0, 0, 0, 0, 0]}, '西门北侧': {'A': [1, 1, 1, 1, 1, 1, 1, 1, 1, 1], 'B': [0, 1, 0, 1, 1, 0, 1, 1, 0, 1], 'C': [1, 1, 0, 0, 1, 1, 1, 1, 1, 0]}, '西门南侧': {'A': [0, 1, 1, 1, 1, 0, 1, 0, 1, 1], 'B': [1, 1, 1, 1, 1, 1, 1, 1, 1, 1], 'C': [1, 1, 1, 1, 1, 1, 1, 1, 1, 1]}, '南门西侧': {'A': [1, 1, 0, 1, 1, 1, 1, 1, 1, 1], 'B': [1, 1, 1, 1, 0, 0, 1, 1, 0, 1]}, '南门东侧': {'A': [1, 0, 0, 1, 1, 1, 1, 1, 1, 1], 'B': [1, 1, 1, 1, 1, 1, 1, 1, 1, 1]}, '北门东北侧': {'A': [1, 1, 1, 1, 1, 1, 1, 1, 1, 1], 'B': [1, 0, 1, 1, 1, 1, 1, 1, 0, 1], 'C': [1, 1, 0, 1, 0, 1, 1, 1, 1, 0], 'D': [0, 0, 1, 1, 0, 0, 1, 0, 0, 1]}, '北门东南侧': {'A': [0, 1, 1, 1, 1, 0, 1, 1, 1, 1], 'B': [0, 1, 1, 1, 0, 1, 1, 1, 0, 0], 'C': [1, 1, 0, 1, 1, 0, 1, 1, 0, 0], 'D': [1, 1, 0, 1, 1, 1, 1, 1, 1, 1], 'E': [1, 1, 1, 1, 0, 0, 1, 1, 1, 1], 'F': [1, 1, 1, 1, 0, 1, 1, 1, 1, 1]}, '橘园北侧南': {'A': [0, 0, 0, 1, 0, 0, 0, 0, 0, 1], 'B': [0, 0, 0, 0, 1, 0, 1, 1, 1, 0], 'C': [0, 0, 1, 0, 1, 0, 0, 0, 1, 1], 'D': [1, 0, 0, 1, 0, 0, 0, 1, 0, 0], 'E': [1, 0, 0, 0, 0, 0, 1, 0, 0, 1], 'F': [1, 1, 0, 0, 0, 0, 1, 0, 0, 0], 'G': [0, 1, 1, 1, 0, 1, 0, 0, 1, 0], 'H': [0, 1, 1, 1, 1, 1, 1, 1, 1, 1], 'I': [0, 1, 0, 0, 1, 0, 1, 0, 1, 1], 'J': [0, 0, 0, 0, 0, 0, 1, 1, 0, 0]}, '校医院西': {'A': [1, 1, 1, 1, 1, 1, 1, 1, 1, 1], 'B': [1, 1, 1, 0, 1, 1, 1, 0, 1, 1], 'C': [1, 1, 1, 1, 0, 0, 1, 1, 0, 1], 'D': [1, 1, 1, 1, 1, 1, 1, 1, 1, 1], 'E': [1, 1, 1, 1, 1, 1, 1, 1, 1, 1], 'F': [0, 1, 1, 1, 0, 1, 1, 1, 1, 1], 'G': [1, 0, 1, 1, 0, 1, 1, 1, 1, 0], 'H': [1, 1, 0, 0, 0, 0, 1, 1, 0, 1], 'I': [1, 1, 0, 1, 0, 0, 0, 0, 0, 1]}}
623115	2024-07-13 02:40:49.155000+08:00	2024-07-13 02:40:49.155000+08:00	{'东门北侧': {'A': [1, 1, 1, 1, 1, 1, 1, 1, 1, 1], 'B': [1, 1, 1, 1, 1, 1, 1, 1, 1, 1], 'C': [0, 1, 1, 1, 1, 1, 1, 1, 1, 0], 'D': [1, 1, 1, 1, 1, 0, 1, 1, 0, 1], 'E': [1, 1, 0, 0, 1, 1, 1, 0, 1, 1], 'F': [0, 1, 1, 1, 1, 1, 1, 1, 1, 1], 'G': [0, 1, 1, 1, 1, 0, 1, 1, 0, 0], 'H': [1, 1, 1, 1, 0, 1, 1, 1, 0, 0], 'I': [0, 1, 0, 1, 1, 0, 1, 1, 1, 1], 'J': [1, 0, 1, 0, 1, 0, 1, 1, 1, 0], 'K': [0, 1, 1, 0, 0, 1, 1, 1, 0, 0]}, '东门南侧': {'A': [0, 0, 0, 1, 0, 0, 1, 0, 1, 0], 'B': [0, 0, 0, 0, 0, 0, 0, 0, 0, 0]}, '西门北侧': {'A': [1, 1, 1, 1, 1, 1, 1, 1, 1, 1], 'B': [0, 1, 0, 1, 1, 0, 1, 1, 0, 1], 'C': [1, 1, 0, 0, 1, 1, 1, 1, 1, 0]}, '西门南侧': {'A': [0, 1, 1, 1, 1, 0, 1, 0, 1, 1], 'B': [1, 1, 1, 1, 1, 1, 1, 1, 1, 1], 'C': [1, 1, 1, 1, 1, 1, 1, 1, 1, 1]}, '南门西侧': {'A': [1, 1, 0, 1, 1, 1, 1, 1, 1, 1], 'B': [1, 1, 1, 1, 0, 0, 1, 1, 0, 1]}, '南门东侧': {'A': [1, 0, 0, 1, 1, 1, 1, 1, 1, 1], 'B': [1, 1, 1, 1, 1, 1, 1, 1, 1, 1]}, '北门东北侧': {'A': [1, 1, 1, 1, 1, 1, 1, 1, 1, 1], 'B': [1, 0, 1, 1, 1, 1, 1, 1, 0, 1], 'C': [1, 1, 0, 1, 0, 1, 1, 1, 1, 0], 'D': [0, 0, 1, 1, 0, 0, 1, 0, 0, 1]}, '北门东南侧': {'A': [0, 1, 1, 1, 1, 0, 1, 1, 1, 1], 'B': [0, 1, 1, 1, 0, 1, 1, 1, 0, 0], 'C': [1, 1, 0, 1, 1, 0, 1, 1, 0, 0], 'D': [1, 1, 0, 1, 1, 1, 1, 1, 1, 1], 'E': [1, 1, 1, 1, 0, 0, 1, 1, 1, 1], 'F': [1, 1, 1, 1, 0, 1, 1, 1, 1, 1]}, '橘园北侧南': {'A': [0, 0, 0, 1, 0, 0, 0, 0, 0, 1], 'B': [0, 0, 0, 0, 1, 0, 1, 1, 1, 0], 'C': [0, 0, 1, 0, 1, 0, 0, 0, 1, 1], 'D': [1, 0, 0, 1, 0, 0, 0, 1, 0, 0], 'E': [1, 0, 0, 0, 0, 0, 1, 0, 0, 1], 'F': [1, 1, 0, 0, 0, 0, 1, 0, 0, 0], 'G': [0, 1, 1, 1, 0, 1, 0, 0, 1, 0], 'H': [0, 1, 1, 1, 1, 1, 1, 1, 1, 1], 'I': [0, 1, 0, 0, 1, 0, 1, 0, 1, 1], 'J': [0, 0, 0, 0, 0, 0, 1, 1, 0, 0]}, '校医院西': {'A': [1, 1, 1, 1, 1, 1, 1, 1, 1, 1], 'B': [1, 1, 1, 0, 1, 1, 1, 0, 1, 1], 'C': [1, 1, 1, 1, 0, 0, 1, 1, 0, 1], 'D': [1, 1, 1, 1, 1, 1, 1, 1, 1, 1], 'E': [1, 1, 1, 1, 1, 1, 1, 1, 1, 1], 'F': [0, 1, 1, 1, 0, 1, 1, 1, 1, 1], 'G': [1, 0, 1, 1, 0, 1, 1, 1, 1, 0], 'H': [1, 1, 0, 0, 0, 0, 1, 1, 0, 1], 'I': [1, 1, 0, 1, 0, 0, 0, 0, 0, 1]}}
623116	2024-07-13 02:41:48.727000+08:00	2024-07-13 02:41:48.727000+08:00	{'东门北侧': {'A': [1, 1, 1, 1, 1, 1, 1, 1, 1, 1], 'B': [1, 1, 1, 1, 1, 1, 1, 1, 1, 1], 'C': [0, 1, 1, 1, 1, 1, 1, 1, 1, 0], 'D': [1, 1, 1, 1, 1, 0, 1, 1, 0, 1], 'E': [1, 1, 0, 0, 1, 1, 1, 0, 1, 1], 'F': [0, 1, 1, 1, 1, 1, 1, 1, 1, 1], 'G': [0, 1, 1, 1, 1, 0, 1, 1, 0, 0], 'H': [1, 1, 1, 1, 0, 1, 1, 1, 0, 0], 'I': [0, 1, 0, 1, 1, 0, 1, 1, 1, 1], 'J': [1, 0, 1, 0, 1, 0, 1, 1, 1, 0], 'K': [0, 1, 1, 0, 0, 1, 1, 1, 0, 0]}, '东门南侧': {'A': [0, 0, 0, 1, 0, 0, 1, 0, 1, 0], 'B': [0, 0, 0, 0, 0, 0, 0, 0, 0, 0]}, '西门北侧': {'A': [1, 1, 1, 1, 1, 1, 1, 1, 1, 1], 'B': [0, 1, 0, 1, 1, 0, 1, 1, 0, 1], 'C': [1, 1, 0, 0, 1, 1, 1, 1, 1, 0]}, '西门南侧': {'A': [0, 1, 1, 1, 1, 0, 1, 0, 1, 1], 'B': [1, 1, 1, 1, 1, 1, 1, 1, 1, 1], 'C': [1, 1, 1, 1, 1, 1, 1, 1, 1, 1]}, '南门西侧': {'A': [1, 1, 0, 1, 1, 1, 1, 1, 1, 1], 'B': [1, 1, 1, 1, 0, 0, 1, 1, 0, 1]}, '南门东侧': {'A': [1, 0, 0, 1, 1, 1, 1, 1, 1, 1], 'B': [1, 1, 1, 1, 1, 1, 1, 1, 1, 1]}, '北门东北侧': {'A': [1, 1, 1, 1, 1, 1, 1, 1, 1, 1], 'B': [1, 0, 1, 1, 1, 1, 1, 1, 0, 1], 'C': [1, 1, 0, 1, 0, 1, 1, 1, 1, 0], 'D': [0, 0, 1, 1, 0, 0, 1, 0, 0, 1]}, '北门东南侧': {'A': [0, 1, 1, 1, 1, 0, 1, 1, 1, 1], 'B': [0, 1, 1, 1, 0, 1, 1, 1, 0, 0], 'C': [1, 1, 0, 1, 1, 0, 1, 1, 0, 0], 'D': [1, 1, 0, 1, 1, 1, 1, 1, 1, 1], 'E': [1, 1, 1, 1, 0, 0, 1, 1, 1, 1], 'F': [1, 1, 1, 1, 0, 1, 1, 1, 1, 1]}, '橘园北侧南': {'A': [0, 0, 0, 1, 0, 0, 0, 0, 0, 1], 'B': [0, 0, 0, 0, 1, 0, 1, 1, 1, 0], 'C': [0, 0, 1, 0, 1, 0, 0, 0, 1, 1], 'D': [1, 0, 1, 1, 0, 0, 0, 1, 0, 0], 'E': [1, 0, 0, 0, 0, 0, 1, 0, 0, 1], 'F': [1, 1, 0, 0, 0, 0, 1, 0, 0, 0], 'G': [0, 1, 1, 1, 0, 1, 0, 0, 1, 0], 'H': [0, 1, 1, 1, 1, 1, 1, 1, 1, 1], 'I': [0, 1, 0, 0, 1, 0, 1, 0, 1, 1], 'J': [0, 0, 0, 0, 0, 0, 1, 1, 0, 0]}, '校医院西': {'A': [1, 1, 1, 1, 1, 1, 1, 1, 1, 1], 'B': [1, 1, 1, 0, 1, 1, 1, 0, 1, 1], 'C': [1, 1, 1, 1, 0, 0, 1, 1, 0, 1], 'D': [1, 1, 1, 1, 1, 1, 1, 1, 1, 1], 'E': [1, 1, 1, 1, 1, 1, 1, 1, 1, 1], 'F': [0, 1, 1, 1, 0, 1, 1, 1, 1, 1], 'G': [1, 0, 1, 1, 0, 1, 1, 1, 1, 0], 'H': [1, 1, 0, 0, 0, 0, 1, 1, 0, 1], 'I': [1, 1, 0, 1, 0, 0, 0, 0, 0, 1]}}
623117	2024-07-13 02:42:50.820000+08:00	2024-07-13 02:42:50.820000+08:00	{'东门北侧': {'A': [1, 1, 1, 1, 1, 1, 1, 1, 1, 1], 'B': [1, 1, 1, 1, 1, 1, 1, 1, 1, 1], 'C': [0, 1, 1, 1, 1, 1, 1, 1, 1, 0], 'D': [1, 1, 1, 1, 1, 0, 1, 1, 0, 1], 'E': [1, 1, 0, 0, 1, 1, 1, 0, 1, 1], 'F': [0, 1, 1, 1, 1, 1, 1, 1, 1, 1], 'G': [0, 1, 1, 1, 1, 0, 1, 1, 0, 0], 'H': [1, 1, 1, 1, 0, 1, 1, 1, 0, 0], 'I': [0, 1, 0, 1, 1, 0, 1, 1, 1, 1], 'J': [1, 0, 1, 0, 1, 0, 1, 1, 1, 0], 'K': [0, 1, 1, 0, 0, 1, 1, 1, 0, 0]}, '东门南侧': {'A': [0, 0, 0, 1, 0, 0, 1, 0, 1, 0], 'B': [0, 0, 0, 0, 0, 0, 0, 0, 0, 0]}, '西门北侧': {'A': [1, 1, 1, 1, 1, 1, 1, 1, 1, 1], 'B': [0, 1, 0, 1, 1, 0, 1, 1, 0, 1], 'C': [1, 1, 0, 0, 1, 1, 1, 1, 1, 0]}, '西门南侧': {'A': [0, 1, 1, 1, 1, 0, 1, 0, 1, 1], 'B': [1, 1, 1, 1, 1, 1, 1, 1, 1, 1], 'C': [1, 1, 1, 1, 1, 1, 1, 1, 1, 1]}, '南门西侧': {'A': [1, 1, 0, 1, 1, 1, 1, 1, 1, 1], 'B': [1, 1, 1, 1, 0, 0, 1, 1, 0, 1]}, '南门东侧': {'A': [1, 0, 0, 1, 1, 1, 1, 1, 1, 1], 'B': [1, 1, 1, 1, 1, 1, 1, 1, 1, 1]}, '北门东北侧': {'A': [1, 1, 1, 1, 1, 1, 1, 1, 1, 1], 'B': [1, 0, 1, 1, 1, 1, 1, 1, 0, 1], 'C': [1, 1, 0, 1, 0, 1, 1, 1, 1, 0], 'D': [0, 0, 1, 1, 0, 0, 1, 0, 0, 1]}, '北门东南侧': {'A': [0, 1, 1, 1, 1, 0, 1, 1, 1, 1], 'B': [0, 1, 1, 1, 0, 1, 1, 1, 0, 0], 'C': [1, 1, 0, 1, 1, 0, 1, 1, 0, 0], 'D': [1, 1, 0, 1, 1, 1, 1, 1, 1, 1], 'E': [1, 1, 1, 1, 0, 0, 1, 1, 1, 1], 'F': [1, 1, 1, 1, 0, 1, 1, 1, 1, 1]}, '橘园北侧南': {'A': [0, 0, 0, 1, 0, 0, 0, 0, 0, 1], 'B': [0, 0, 0, 0, 1, 0, 1, 1, 1, 0], 'C': [0, 0, 1, 0, 1, 0, 0, 0, 1, 1], 'D': [1, 0, 1, 1, 0, 0, 0, 1, 0, 0], 'E': [1, 0, 0, 0, 0, 0, 1, 0, 0, 1], 'F': [1, 1, 0, 0, 0, 0, 1, 0, 0, 0], 'G': [0, 1, 1, 1, 0, 1, 0, 0, 1, 0], 'H': [0, 1, 1, 1, 1, 1, 1, 1, 1, 1], 'I': [0, 1, 0, 0, 1, 0, 1, 0, 1, 1], 'J': [0, 0, 0, 0, 0, 0, 1, 1, 0, 0]}, '校医院西': {'A': [1, 1, 1, 1, 1, 1, 1, 1, 1, 1], 'B': [1, 1, 1, 0, 1, 1, 1, 0, 1, 1], 'C': [1, 1, 1, 1, 0, 0, 1, 1, 0, 1], 'D': [1, 1, 1, 1, 1, 1, 1, 1, 1, 1], 'E': [1, 1, 1, 1, 1, 1, 1, 1, 1, 1], 'F': [0, 1, 1, 1, 0, 1, 1, 1, 1, 1], 'G': [1, 0, 1, 1, 0, 1, 1, 1, 1, 0], 'H': [1, 1, 0, 0, 0, 0, 1, 1, 0, 1], 'I': [1, 1, 0, 1, 0, 0, 0, 0, 0, 1]}}
623118	2024-07-13 02:43:48.836000+08:00	2024-07-13 02:43:48.836000+08:00	{'东门北侧': {'A': [1, 1, 1, 1, 1, 1, 1, 1, 1, 1], 'B': [1, 1, 1, 1, 1, 1, 1, 1, 1, 1], 'C': [0, 1, 1, 1, 1, 1, 1, 1, 1, 0], 'D': [1, 1, 1, 1, 1, 0, 1, 1, 0, 1], 'E': [1, 1, 0, 0, 1, 1, 1, 0, 1, 1], 'F': [0, 1, 1, 1, 1, 1, 1, 1, 1, 1], 'G': [0, 1, 1, 1, 1, 0, 1, 1, 0, 0], 'H': [1, 1, 1, 1, 0, 1, 1, 1, 0, 0], 'I': [0, 1, 0, 1, 1, 0, 1, 1, 1, 1], 'J': [1, 0, 1, 0, 1, 0, 1, 1, 1, 0], 'K': [0, 1, 1, 0, 0, 1, 1, 1, 0, 0]}, '东门南侧': {'A': [0, 0, 0, 1, 0, 0, 1, 0, 1, 0], 'B': [0, 0, 0, 0, 0, 0, 0, 0, 0, 0]}, '西门北侧': {'A': [1, 1, 1, 1, 1, 1, 1, 1, 1, 1], 'B': [0, 1, 0, 1, 1, 0, 1, 1, 0, 1], 'C': [1, 1, 0, 1, 1, 1, 1, 1, 1, 0]}, '西门南侧': {'A': [0, 1, 1, 1, 1, 0, 1, 0, 1, 1], 'B': [1, 1, 1, 1, 1, 1, 1, 1, 1, 1], 'C': [1, 1, 1, 1, 1, 1, 1, 1, 1, 1]}, '南门西侧': {'A': [1, 1, 0, 1, 1, 1, 1, 1, 1, 1], 'B': [1, 1, 1, 1, 0, 0, 1, 1, 0, 1]}, '南门东侧': {'A': [1, 0, 0, 1, 1, 1, 1, 1, 1, 1], 'B': [1, 1, 1, 1, 1, 1, 1, 1, 1, 1]}, '北门东北侧': {'A': [1, 1, 1, 1, 1, 1, 1, 1, 1, 1], 'B': [1, 0, 1, 1, 1, 1, 1, 1, 0, 1], 'C': [1, 1, 0, 1, 0, 1, 1, 1, 1, 0], 'D': [0, 0, 1, 1, 0, 0, 1, 0, 0, 1]}, '北门东南侧': {'A': [0, 1, 1, 1, 1, 0, 1, 1, 1, 1], 'B': [0, 1, 1, 1, 0, 1, 1, 1, 0, 0], 'C': [1, 1, 0, 1, 1, 0, 1, 1, 0, 0], 'D': [1, 1, 0, 1, 1, 1, 1, 1, 1, 1], 'E': [1, 1, 1, 1, 0, 0, 1, 1, 1, 1], 'F': [1, 1, 1, 1, 0, 1, 1, 1, 1, 1]}, '橘园北侧南': {'A': [0, 0, 0, 1, 0, 0, 0, 0, 0, 1], 'B': [0, 0, 0, 0, 1, 0, 1, 1, 1, 0], 'C': [0, 0, 1, 0, 1, 0, 0, 0, 1, 1], 'D': [1, 0, 1, 1, 0, 0, 0, 1, 0, 0], 'E': [1, 0, 0, 0, 0, 0, 1, 0, 0, 1], 'F': [1, 1, 0, 0, 0, 0, 1, 0, 0, 0], 'G': [0, 1, 1, 1, 0, 1, 0, 0, 1, 0], 'H': [0, 1, 1, 1, 1, 1, 1, 1, 1, 1], 'I': [0, 1, 0, 0, 1, 0, 1, 0, 1, 1], 'J': [0, 0, 0, 0, 0, 0, 1, 1, 0, 0]}, '校医院西': {'A': [1, 1, 1, 1, 1, 1, 1, 1, 1, 1], 'B': [1, 1, 1, 0, 1, 1, 1, 0, 1, 1], 'C': [1, 1, 1, 1, 0, 0, 1, 1, 0, 1], 'D': [1, 1, 1, 1, 1, 1, 1, 1, 1, 1], 'E': [1, 1, 1, 1, 1, 1, 1, 1, 1, 1], 'F': [0, 1, 1, 1, 0, 1, 1, 1, 1, 1], 'G': [1, 0, 1, 1, 0, 1, 1, 1, 1, 0], 'H': [1, 1, 0, 0, 0, 0, 1, 1, 0, 1], 'I': [1, 1, 0, 1, 0, 0, 0, 0, 0, 1]}}
623119	2024-07-13 02:44:47.797000+08:00	2024-07-13 02:44:47.797000+08:00	{'东门北侧': {'A': [1, 1, 1, 1, 1, 1, 1, 1, 1, 1], 'B': [1, 1, 1, 1, 1, 1, 1, 1, 1, 1], 'C': [0, 1, 1, 1, 1, 1, 1, 1, 1, 0], 'D': [1, 1, 1, 1, 1, 0, 1, 1, 0, 1], 'E': [1, 1, 0, 0, 1, 1, 1, 0, 1, 1], 'F': [0, 1, 1, 1, 1, 1, 1, 1, 1, 1], 'G': [0, 1, 1, 1, 1, 0, 1, 1, 0, 0], 'H': [1, 1, 1, 1, 0, 1, 1, 1, 0, 0], 'I': [0, 1, 0, 1, 1, 0, 1, 1, 1, 1], 'J': [1, 0, 1, 0, 1, 0, 1, 1, 1, 0], 'K': [0, 1, 1, 0, 0, 1, 1, 1, 0, 0]}, '东门南侧': {'A': [0, 0, 0, 1, 0, 0, 1, 0, 1, 0], 'B': [0, 0, 0, 0, 0, 0, 0, 0, 0, 0]}, '西门北侧': {'A': [1, 1, 1, 1, 1, 1, 1, 1, 1, 1], 'B': [0, 1, 0, 1, 1, 0, 1, 1, 0, 1], 'C': [1, 1, 0, 1, 1, 1, 1, 1, 1, 0]}, '西门南侧': {'A': [0, 1, 1, 1, 1, 0, 1, 0, 1, 1], 'B': [1, 1, 1, 1, 1, 1, 1, 1, 1, 1], 'C': [1, 1, 1, 1, 1, 1, 1, 1, 1, 1]}, '南门西侧': {'A': [1, 1, 0, 1, 1, 1, 1, 1, 1, 1], 'B': [1, 1, 1, 1, 0, 0, 1, 1, 0, 1]}, '南门东侧': {'A': [1, 0, 0, 1, 1, 1, 1, 1, 1, 1], 'B': [1, 1, 1, 1, 1, 1, 1, 1, 1, 1]}, '北门东北侧': {'A': [1, 1, 1, 1, 1, 1, 1, 1, 1, 1], 'B': [1, 0, 1, 1, 1, 1, 1, 1, 0, 1], 'C': [1, 1, 0, 1, 0, 1, 1, 1, 1, 0], 'D': [0, 0, 1, 1, 0, 0, 1, 0, 0, 1]}, '北门东南侧': {'A': [0, 1, 1, 1, 1, 0, 1, 1, 1, 1], 'B': [0, 1, 1, 1, 0, 1, 1, 1, 0, 0], 'C': [1, 1, 0, 1, 1, 0, 1, 1, 0, 0], 'D': [1, 1, 0, 1, 1, 1, 1, 1, 1, 1], 'E': [1, 1, 1, 1, 0, 0, 1, 1, 1, 1], 'F': [1, 1, 1, 1, 0, 1, 1, 1, 1, 1]}, '橘园北侧南': {'A': [0, 0, 0, 1, 0, 0, 0, 0, 0, 1], 'B': [0, 0, 0, 0, 1, 0, 1, 1, 1, 0], 'C': [0, 0, 1, 0, 1, 0, 0, 0, 1, 1], 'D': [1, 0, 1, 1, 0, 0, 0, 1, 0, 0], 'E': [1, 0, 0, 0, 0, 0, 1, 0, 0, 1], 'F': [1, 1, 0, 0, 0, 0, 1, 0, 0, 0], 'G': [0, 1, 1, 1, 0, 1, 0, 0, 1, 0], 'H': [0, 1, 1, 1, 1, 1, 1, 1, 1, 1], 'I': [0, 1, 0, 0, 1, 0, 1, 0, 1, 1], 'J': [0, 0, 0, 0, 0, 0, 1, 1, 0, 0]}, '校医院西': {'A': [1, 1, 1, 1, 1, 1, 1, 1, 1, 1], 'B': [1, 1, 1, 0, 1, 1, 1, 0, 1, 1], 'C': [1, 1, 1, 1, 0, 0, 1, 1, 0, 1], 'D': [1, 1, 1, 1, 1, 1, 1, 1, 1, 1], 'E': [1, 1, 1, 1, 1, 1, 1, 1, 1, 1], 'F': [0, 1, 1, 1, 0, 1, 1, 1, 1, 1], 'G': [1, 0, 1, 1, 0, 1, 1, 1, 1, 0], 'H': [1, 1, 0, 0, 0, 0, 1, 1, 0, 1], 'I': [1, 1, 0, 1, 0, 0, 0, 0, 0, 1]}}
623120	2024-07-13 02:46:00.064000+08:00	2024-07-13 02:46:00.064000+08:00	{'东门北侧': {'A': [1, 1, 1, 1, 1, 1, 1, 1, 1, 1], 'B': [1, 1, 1, 1, 1, 1, 1, 1, 1, 1], 'C': [0, 1, 1, 1, 1, 1, 1, 1, 1, 0], 'D': [1, 1, 1, 1, 1, 0, 1, 1, 0, 1], 'E': [1, 1, 0, 0, 1, 1, 1, 0, 1, 1], 'F': [0, 1, 1, 1, 1, 1, 1, 1, 1, 1], 'G': [0, 1, 1, 1, 1, 0, 1, 1, 0, 0], 'H': [1, 1, 1, 1, 0, 1, 1, 1, 0, 0], 'I': [0, 1, 0, 1, 1, 0, 1, 1, 1, 1], 'J': [1, 0, 1, 0, 1, 0, 1, 1, 1, 0], 'K': [0, 1, 1, 0, 0, 1, 1, 1, 0, 0]}, '东门南侧': {'A': [0, 0, 0, 1, 0, 0, 1, 0, 1, 0], 'B': [0, 0, 0, 0, 0, 0, 0, 0, 0, 0]}, '西门北侧': {'A': [1, 1, 1, 1, 1, 1, 1, 1, 1, 1], 'B': [0, 1, 0, 1, 1, 0, 1, 1, 0, 1], 'C': [1, 1, 0, 1, 1, 1, 1, 1, 1, 0]}, '西门南侧': {'A': [0, 1, 1, 1, 1, 0, 1, 0, 1, 1], 'B': [1, 1, 1, 1, 1, 1, 1, 1, 1, 1], 'C': [1, 1, 1, 1, 1, 1, 1, 1, 1, 1]}, '南门西侧': {'A': [1, 1, 0, 1, 1, 1, 1, 1, 1, 1], 'B': [1, 1, 1, 1, 0, 0, 1, 1, 0, 1]}, '南门东侧': {'A': [1, 0, 0, 1, 1, 1, 1, 1, 1, 1], 'B': [1, 1, 1, 1, 1, 1, 1, 1, 1, 1]}, '北门东北侧': {'A': [1, 1, 1, 1, 1, 1, 1, 1, 1, 1], 'B': [1, 0, 1, 1, 1, 1, 1, 1, 0, 1], 'C': [1, 1, 0, 1, 0, 1, 1, 1, 1, 0], 'D': [0, 0, 1, 1, 0, 0, 1, 0, 0, 1]}, '北门东南侧': {'A': [0, 1, 1, 1, 1, 0, 1, 1, 1, 1], 'B': [0, 1, 1, 1, 0, 1, 1, 1, 0, 0], 'C': [1, 1, 0, 1, 1, 0, 1, 1, 0, 0], 'D': [1, 1, 0, 1, 1, 1, 1, 1, 1, 1], 'E': [1, 1, 1, 1, 0, 0, 1, 1, 1, 1], 'F': [1, 1, 1, 1, 0, 1, 1, 1, 1, 1]}, '橘园北侧南': {'A': [0, 0, 0, 1, 0, 0, 0, 0, 0, 1], 'B': [0, 0, 0, 0, 1, 0, 1, 1, 1, 0], 'C': [0, 0, 1, 0, 1, 0, 0, 0, 1, 1], 'D': [1, 0, 1, 1, 0, 0, 0, 1, 0, 0], 'E': [1, 0, 0, 0, 0, 0, 1, 0, 0, 1], 'F': [1, 1, 0, 0, 0, 0, 0, 0, 0, 0], 'G': [0, 1, 1, 1, 0, 1, 0, 0, 1, 0], 'H': [0, 1, 1, 1, 1, 1, 1, 1, 1, 1], 'I': [0, 1, 0, 0, 1, 0, 1, 0, 1, 1], 'J': [0, 0, 0, 0, 0, 0, 1, 1, 0, 0]}, '校医院西': {'A': [1, 1, 1, 1, 1, 1, 1, 1, 1, 1], 'B': [1, 1, 1, 0, 1, 1, 1, 0, 1, 1], 'C': [1, 1, 1, 1, 0, 0, 1, 1, 0, 1], 'D': [1, 1, 1, 1, 1, 1, 1, 1, 1, 1], 'E': [1, 1, 1, 1, 1, 1, 1, 1, 1, 1], 'F': [0, 1, 1, 1, 0, 1, 1, 1, 1, 1], 'G': [1, 0, 1, 1, 0, 1, 1, 1, 1, 0], 'H': [1, 1, 0, 0, 0, 0, 1, 1, 0, 1], 'I': [1, 1, 0, 1, 0, 0, 0, 0, 0, 1]}}
623121	2024-07-13 02:46:48.769000+08:00	2024-07-13 02:46:48.769000+08:00	{'东门北侧': {'A': [1, 1, 1, 1, 1, 1, 1, 1, 1, 1], 'B': [1, 1, 1, 1, 1, 1, 1, 1, 1, 1], 'C': [0, 1, 1, 1, 1, 1, 1, 1, 1, 0], 'D': [1, 1, 1, 1, 1, 0, 1, 1, 0, 1], 'E': [1, 1, 0, 0, 1, 1, 1, 0, 1, 1], 'F': [0, 1, 1, 1, 1, 1, 1, 1, 1, 1], 'G': [0, 1, 1, 1, 1, 0, 1, 1, 0, 0], 'H': [1, 1, 1, 1, 0, 1, 1, 1, 0, 0], 'I': [0, 1, 0, 1, 1, 0, 1, 1, 1, 1], 'J': [1, 0, 1, 0, 1, 0, 1, 1, 1, 0], 'K': [0, 1, 1, 0, 0, 1, 1, 1, 0, 0]}, '东门南侧': {'A': [0, 0, 0, 1, 0, 0, 1, 0, 1, 0], 'B': [0, 0, 0, 0, 0, 0, 0, 0, 0, 0]}, '西门北侧': {'A': [1, 1, 1, 1, 1, 1, 1, 1, 1, 1], 'B': [0, 1, 0, 1, 1, 0, 1, 1, 0, 1], 'C': [1, 1, 0, 1, 1, 1, 1, 1, 1, 0]}, '西门南侧': {'A': [0, 1, 1, 1, 1, 0, 1, 0, 1, 1], 'B': [1, 1, 1, 1, 1, 1, 1, 1, 1, 1], 'C': [1, 1, 1, 1, 1, 1, 1, 1, 1, 1]}, '南门西侧': {'A': [1, 1, 0, 1, 1, 1, 1, 1, 1, 1], 'B': [1, 1, 1, 1, 0, 0, 1, 1, 0, 1]}, '南门东侧': {'A': [1, 0, 0, 1, 1, 1, 1, 1, 1, 1], 'B': [1, 1, 1, 1, 1, 1, 1, 1, 1, 1]}, '北门东北侧': {'A': [1, 1, 1, 1, 1, 1, 1, 1, 1, 1], 'B': [1, 0, 1, 1, 1, 1, 1, 1, 0, 1], 'C': [1, 1, 0, 1, 0, 1, 1, 1, 1, 0], 'D': [0, 0, 1, 1, 0, 0, 1, 0, 0, 1]}, '北门东南侧': {'A': [0, 1, 1, 1, 1, 0, 1, 1, 1, 1], 'B': [0, 1, 1, 1, 0, 1, 1, 1, 0, 0], 'C': [1, 1, 0, 1, 1, 0, 1, 1, 0, 0], 'D': [1, 1, 0, 1, 1, 1, 1, 1, 1, 1], 'E': [1, 1, 1, 1, 0, 0, 1, 1, 1, 1], 'F': [1, 1, 1, 1, 0, 1, 1, 1, 1, 1]}, '橘园北侧南': {'A': [0, 0, 0, 1, 0, 0, 0, 0, 0, 1], 'B': [0, 0, 0, 0, 1, 0, 1, 1, 1, 0], 'C': [0, 0, 1, 0, 1, 0, 0, 0, 1, 1], 'D': [1, 0, 1, 1, 0, 0, 0, 1, 0, 0], 'E': [1, 0, 0, 0, 0, 0, 1, 0, 0, 1], 'F': [1, 1, 0, 0, 0, 0, 0, 0, 0, 0], 'G': [0, 1, 1, 1, 0, 1, 0, 0, 1, 0], 'H': [0, 1, 1, 1, 1, 1, 1, 1, 1, 1], 'I': [0, 1, 0, 0, 1, 0, 1, 0, 1, 1], 'J': [0, 0, 0, 0, 0, 0, 1, 1, 0, 0]}, '校医院西': {'A': [1, 1, 1, 1, 1, 1, 1, 1, 1, 1], 'B': [1, 1, 1, 0, 1, 1, 1, 0, 1, 1], 'C': [1, 1, 1, 1, 0, 0, 1, 1, 0, 1], 'D': [1, 1, 1, 1, 1, 1, 1, 1, 1, 1], 'E': [1, 1, 1, 1, 1, 1, 1, 1, 1, 1], 'F': [0, 1, 1, 1, 0, 1, 1, 1, 1, 1], 'G': [1, 0, 1, 1, 0, 1, 1, 1, 1, 0], 'H': [1, 1, 0, 0, 0, 0, 1, 1, 0, 1], 'I': [1, 1, 0, 1, 0, 0, 0, 0, 0, 1]}}
623122	2024-07-13 02:47:50.669000+08:00	2024-07-13 02:47:50.669000+08:00	{'东门北侧': {'A': [1, 1, 1, 1, 1, 1, 1, 1, 1, 1], 'B': [1, 1, 1, 1, 1, 1, 1, 1, 1, 1], 'C': [0, 1, 1, 1, 1, 1, 1, 1, 1, 0], 'D': [1, 1, 1, 1, 1, 0, 1, 1, 0, 1], 'E': [1, 1, 0, 0, 1, 1, 1, 0, 1, 1], 'F': [0, 1, 1, 1, 1, 1, 1, 1, 1, 1], 'G': [0, 1, 1, 1, 1, 0, 1, 1, 0, 0], 'H': [1, 1, 1, 1, 0, 1, 1, 1, 0, 0], 'I': [0, 1, 0, 1, 1, 0, 1, 1, 1, 1], 'J': [1, 0, 1, 0, 1, 0, 1, 1, 1, 0], 'K': [0, 1, 1, 0, 0, 1, 1, 1, 0, 0]}, '东门南侧': {'A': [0, 0, 0, 1, 0, 0, 1, 0, 1, 0], 'B': [0, 0, 0, 0, 0, 0, 0, 0, 0, 0]}, '西门北侧': {'A': [1, 1, 1, 1, 1, 1, 1, 1, 1, 1], 'B': [0, 1, 0, 1, 1, 0, 1, 1, 0, 1], 'C': [1, 1, 0, 1, 1, 1, 1, 1, 1, 0]}, '西门南侧': {'A': [0, 1, 1, 1, 1, 0, 1, 0, 1, 1], 'B': [1, 1, 1, 1, 1, 1, 1, 1, 1, 1], 'C': [1, 1, 1, 1, 1, 1, 1, 1, 1, 1]}, '南门西侧': {'A': [1, 1, 0, 1, 1, 1, 1, 1, 1, 1], 'B': [1, 1, 1, 1, 0, 0, 1, 1, 0, 1]}, '南门东侧': {'A': [1, 0, 0, 1, 1, 1, 1, 1, 1, 1], 'B': [1, 1, 1, 1, 1, 1, 1, 1, 1, 1]}, '北门东北侧': {'A': [1, 1, 1, 1, 1, 1, 1, 1, 1, 1], 'B': [1, 0, 1, 1, 1, 1, 1, 1, 0, 1], 'C': [1, 1, 0, 1, 0, 1, 1, 1, 1, 0], 'D': [0, 0, 1, 1, 0, 0, 1, 0, 0, 1]}, '北门东南侧': {'A': [0, 1, 1, 1, 1, 0, 1, 1, 1, 1], 'B': [0, 1, 1, 1, 0, 1, 1, 1, 0, 0], 'C': [1, 1, 0, 1, 1, 0, 1, 1, 0, 0], 'D': [1, 1, 0, 1, 1, 1, 1, 1, 1, 1], 'E': [1, 1, 1, 1, 0, 0, 1, 1, 1, 1], 'F': [1, 1, 1, 1, 0, 1, 1, 1, 1, 1]}, '橘园北侧南': {'A': [0, 0, 0, 1, 0, 0, 0, 0, 0, 1], 'B': [0, 0, 0, 0, 1, 0, 1, 1, 1, 0], 'C': [0, 0, 1, 0, 1, 0, 0, 0, 1, 1], 'D': [1, 0, 1, 1, 0, 0, 0, 1, 0, 0], 'E': [1, 0, 0, 0, 0, 0, 1, 0, 0, 1], 'F': [1, 1, 0, 0, 0, 0, 0, 0, 0, 0], 'G': [0, 1, 1, 1, 0, 1, 0, 0, 1, 0], 'H': [0, 1, 1, 1, 1, 1, 1, 1, 1, 1], 'I': [0, 1, 0, 0, 1, 0, 1, 0, 1, 1], 'J': [0, 0, 0, 0, 0, 0, 1, 1, 0, 0]}, '校医院西': {'A': [1, 1, 1, 1, 1, 1, 1, 1, 1, 1], 'B': [1, 1, 1, 0, 1, 1, 1, 0, 1, 1], 'C': [1, 1, 1, 1, 0, 0, 1, 1, 0, 1], 'D': [1, 1, 1, 1, 1, 1, 1, 1, 1, 1], 'E': [1, 1, 1, 1, 1, 1, 1, 1, 1, 1], 'F': [0, 1, 1, 1, 0, 1, 1, 1, 1, 1], 'G': [1, 0, 1, 1, 0, 1, 1, 1, 1, 0], 'H': [1, 1, 0, 0, 0, 0, 1, 1, 0, 1], 'I': [1, 1, 0, 1, 0, 0, 0, 0, 0, 1]}}
623123	2024-07-13 02:48:48.764000+08:00	2024-07-13 02:48:48.764000+08:00	{'东门北侧': {'A': [1, 1, 1, 1, 1, 1, 1, 1, 1, 1], 'B': [1, 1, 1, 1, 1, 1, 1, 1, 1, 1], 'C': [0, 1, 1, 1, 1, 1, 1, 1, 1, 0], 'D': [1, 1, 1, 1, 1, 0, 1, 1, 0, 1], 'E': [1, 1, 0, 0, 1, 1, 1, 0, 1, 1], 'F': [0, 1, 1, 1, 1, 1, 1, 1, 1, 1], 'G': [0, 1, 1, 1, 1, 0, 1, 1, 0, 0], 'H': [1, 1, 1, 1, 0, 1, 1, 1, 0, 0], 'I': [0, 1, 0, 1, 1, 0, 1, 1, 1, 1], 'J': [1, 0, 1, 0, 1, 0, 1, 1, 1, 0], 'K': [0, 1, 1, 0, 0, 1, 1, 1, 0, 0]}, '东门南侧': {'A': [0, 0, 0, 1, 0, 0, 1, 0, 1, 0], 'B': [0, 0, 0, 0, 0, 0, 0, 0, 0, 0]}, '西门北侧': {'A': [1, 1, 1, 1, 1, 1, 1, 1, 1, 1], 'B': [0, 1, 0, 1, 1, 0, 1, 1, 0, 1], 'C': [1, 1, 0, 1, 1, 1, 1, 1, 1, 0]}, '西门南侧': {'A': [0, 1, 1, 1, 1, 0, 1, 0, 1, 1], 'B': [1, 1, 1, 1, 1, 1, 1, 1, 1, 1], 'C': [1, 1, 1, 1, 1, 1, 1, 1, 1, 1]}, '南门西侧': {'A': [1, 1, 0, 1, 1, 1, 1, 1, 1, 1], 'B': [1, 1, 1, 1, 0, 0, 1, 1, 0, 1]}, '南门东侧': {'A': [1, 0, 0, 1, 1, 1, 1, 1, 1, 1], 'B': [1, 1, 1, 1, 1, 1, 1, 1, 1, 1]}, '北门东北侧': {'A': [1, 1, 1, 1, 1, 1, 1, 1, 1, 1], 'B': [1, 0, 1, 1, 1, 1, 1, 1, 0, 1], 'C': [1, 1, 0, 1, 0, 1, 1, 1, 1, 0], 'D': [0, 0, 1, 1, 0, 0, 1, 0, 0, 1]}, '北门东南侧': {'A': [0, 1, 1, 1, 1, 0, 1, 1, 1, 1], 'B': [0, 1, 1, 1, 0, 1, 1, 1, 0, 0], 'C': [1, 1, 0, 1, 1, 0, 1, 1, 0, 0], 'D': [1, 1, 0, 1, 1, 1, 1, 1, 1, 1], 'E': [1, 1, 1, 1, 0, 0, 1, 1, 1, 1], 'F': [1, 1, 1, 1, 0, 1, 1, 1, 1, 1]}, '橘园北侧南': {'A': [0, 0, 0, 1, 0, 0, 0, 0, 0, 1], 'B': [0, 0, 0, 0, 1, 0, 1, 1, 1, 0], 'C': [0, 0, 1, 0, 1, 0, 0, 0, 1, 1], 'D': [1, 0, 1, 1, 0, 0, 0, 1, 0, 0], 'E': [1, 0, 0, 0, 0, 0, 1, 0, 0, 1], 'F': [1, 1, 0, 0, 0, 0, 0, 0, 0, 0], 'G': [0, 1, 1, 1, 0, 1, 0, 0, 1, 0], 'H': [0, 1, 1, 1, 1, 1, 1, 1, 1, 1], 'I': [0, 1, 0, 0, 1, 0, 1, 0, 1, 1], 'J': [0, 0, 0, 0, 0, 0, 1, 1, 0, 0]}, '校医院西': {'A': [1, 1, 1, 1, 1, 1, 1, 1, 1, 1], 'B': [1, 1, 1, 0, 1, 1, 1, 0, 1, 1], 'C': [1, 1, 1, 1, 0, 0, 1, 1, 0, 1], 'D': [1, 1, 1, 1, 1, 1, 1, 1, 1, 1], 'E': [1, 1, 1, 1, 1, 1, 1, 1, 1, 1], 'F': [0, 1, 1, 1, 0, 1, 1, 1, 1, 1], 'G': [1, 0, 1, 1, 0, 1, 1, 1, 1, 0], 'H': [1, 1, 0, 0, 0, 0, 1, 1, 0, 1], 'I': [1, 1, 0, 1, 0, 0, 0, 0, 0, 1]}}
623124	2024-07-13 02:49:49.786000+08:00	2024-07-13 02:49:49.786000+08:00	{'东门北侧': {'A': [1, 1, 1, 1, 1, 1, 1, 1, 1, 1], 'B': [1, 1, 1, 1, 1, 1, 1, 1, 1, 1], 'C': [0, 1, 1, 1, 1, 1, 1, 1, 1, 0], 'D': [1, 1, 1, 1, 1, 0, 1, 1, 0, 1], 'E': [1, 1, 0, 0, 1, 1, 1, 0, 1, 1], 'F': [0, 1, 1, 1, 1, 1, 1, 1, 1, 1], 'G': [0, 1, 1, 1, 1, 0, 1, 1, 0, 0], 'H': [1, 1, 1, 1, 0, 1, 1, 1, 0, 0], 'I': [0, 1, 0, 1, 1, 0, 1, 1, 1, 1], 'J': [1, 0, 1, 0, 1, 0, 1, 1, 1, 0], 'K': [0, 1, 1, 0, 0, 1, 1, 1, 0, 0]}, '东门南侧': {'A': [0, 0, 0, 1, 0, 0, 1, 0, 1, 0], 'B': [0, 0, 0, 0, 0, 0, 0, 0, 0, 0]}, '西门北侧': {'A': [1, 1, 1, 1, 1, 1, 1, 1, 1, 1], 'B': [0, 1, 0, 1, 1, 0, 1, 1, 0, 1], 'C': [1, 1, 0, 1, 1, 1, 1, 1, 1, 0]}, '西门南侧': {'A': [0, 1, 1, 1, 1, 0, 1, 0, 1, 1], 'B': [1, 1, 1, 1, 1, 1, 1, 1, 1, 1], 'C': [1, 1, 1, 1, 1, 1, 1, 1, 1, 1]}, '南门西侧': {'A': [1, 1, 0, 1, 1, 1, 1, 1, 1, 1], 'B': [1, 1, 1, 1, 0, 0, 1, 1, 0, 1]}, '南门东侧': {'A': [1, 0, 0, 1, 1, 1, 1, 1, 1, 1], 'B': [1, 1, 1, 1, 1, 1, 1, 1, 1, 1]}, '北门东北侧': {'A': [1, 1, 1, 1, 1, 1, 1, 1, 1, 1], 'B': [1, 0, 1, 1, 1, 1, 1, 1, 0, 1], 'C': [1, 1, 0, 1, 0, 1, 1, 1, 1, 0], 'D': [0, 0, 1, 1, 0, 0, 1, 0, 0, 1]}, '北门东南侧': {'A': [0, 1, 1, 1, 1, 0, 1, 1, 1, 1], 'B': [0, 1, 1, 1, 0, 1, 1, 1, 0, 0], 'C': [1, 1, 0, 1, 1, 0, 1, 1, 0, 0], 'D': [1, 1, 0, 1, 1, 1, 1, 1, 1, 1], 'E': [1, 1, 1, 1, 0, 0, 1, 1, 1, 1], 'F': [1, 1, 1, 1, 0, 1, 1, 1, 1, 1]}, '橘园北侧南': {'A': [0, 0, 0, 1, 0, 0, 0, 0, 0, 1], 'B': [0, 0, 0, 0, 1, 0, 1, 1, 1, 0], 'C': [0, 0, 1, 0, 1, 0, 0, 0, 1, 1], 'D': [1, 0, 1, 1, 0, 0, 0, 1, 0, 0], 'E': [1, 0, 0, 0, 0, 0, 1, 0, 0, 1], 'F': [1, 1, 0, 0, 0, 0, 0, 0, 0, 0], 'G': [0, 1, 1, 1, 0, 1, 0, 0, 1, 0], 'H': [0, 1, 1, 1, 1, 1, 1, 1, 1, 1], 'I': [0, 1, 0, 0, 1, 0, 1, 0, 1, 1], 'J': [0, 0, 0, 0, 0, 0, 1, 1, 0, 0]}, '校医院西': {'A': [1, 1, 1, 1, 1, 1, 1, 1, 1, 1], 'B': [1, 1, 1, 0, 1, 1, 1, 0, 1, 1], 'C': [1, 1, 1, 1, 0, 0, 1, 1, 0, 1], 'D': [1, 1, 1, 1, 1, 1, 1, 1, 1, 1], 'E': [1, 1, 1, 1, 1, 1, 1, 1, 1, 1], 'F': [0, 1, 1, 1, 0, 1, 1, 1, 1, 1], 'G': [1, 0, 1, 1, 0, 1, 1, 1, 1, 0], 'H': [1, 1, 0, 0, 0, 0, 1, 1, 0, 1], 'I': [1, 1, 0, 1, 0, 0, 0, 0, 0, 1]}}
623125	2024-07-13 02:50:50.461000+08:00	2024-07-13 02:50:50.461000+08:00	{'东门北侧': {'A': [1, 1, 1, 1, 1, 1, 1, 1, 1, 1], 'B': [1, 1, 1, 1, 1, 1, 1, 1, 1, 1], 'C': [0, 1, 1, 1, 1, 1, 1, 1, 1, 0], 'D': [1, 1, 1, 1, 1, 0, 1, 1, 0, 1], 'E': [1, 1, 0, 0, 1, 1, 1, 0, 1, 1], 'F': [0, 1, 1, 1, 1, 1, 1, 1, 1, 1], 'G': [0, 1, 1, 1, 1, 0, 1, 1, 0, 0], 'H': [1, 1, 1, 1, 0, 1, 1, 1, 0, 0], 'I': [0, 1, 0, 1, 1, 0, 1, 1, 1, 1], 'J': [1, 0, 1, 0, 1, 0, 1, 1, 1, 0], 'K': [0, 1, 1, 0, 0, 1, 1, 1, 0, 0]}, '东门南侧': {'A': [0, 0, 0, 1, 0, 0, 1, 0, 1, 0], 'B': [0, 0, 0, 0, 0, 0, 0, 0, 0, 0]}, '西门北侧': {'A': [1, 1, 1, 1, 1, 1, 1, 1, 1, 1], 'B': [0, 1, 0, 1, 1, 0, 1, 1, 0, 1], 'C': [1, 1, 0, 1, 1, 1, 1, 1, 1, 0]}, '西门南侧': {'A': [0, 1, 1, 1, 1, 0, 1, 0, 1, 1], 'B': [1, 1, 1, 1, 1, 1, 1, 1, 1, 1], 'C': [1, 1, 1, 1, 1, 1, 1, 1, 1, 1]}, '南门西侧': {'A': [1, 1, 0, 1, 1, 1, 1, 1, 1, 1], 'B': [1, 1, 1, 1, 0, 0, 1, 1, 0, 1]}, '南门东侧': {'A': [1, 0, 0, 1, 1, 1, 1, 1, 1, 1], 'B': [1, 1, 1, 1, 1, 1, 1, 1, 1, 1]}, '北门东北侧': {'A': [1, 1, 1, 1, 1, 1, 1, 1, 1, 1], 'B': [1, 0, 1, 1, 1, 1, 1, 1, 0, 1], 'C': [1, 1, 0, 1, 0, 1, 1, 1, 1, 0], 'D': [0, 0, 1, 1, 0, 0, 1, 0, 0, 1]}, '北门东南侧': {'A': [0, 1, 1, 1, 1, 0, 1, 1, 1, 1], 'B': [0, 1, 1, 1, 0, 1, 1, 1, 0, 0], 'C': [1, 1, 0, 1, 1, 0, 1, 1, 0, 0], 'D': [1, 1, 0, 1, 1, 1, 1, 1, 1, 1], 'E': [1, 1, 1, 1, 0, 0, 1, 1, 1, 1], 'F': [1, 1, 1, 1, 0, 1, 1, 1, 1, 1]}, '橘园北侧南': {'A': [0, 0, 0, 1, 0, 0, 0, 0, 0, 1], 'B': [0, 0, 0, 0, 1, 0, 1, 1, 1, 0], 'C': [0, 0, 1, 0, 1, 0, 0, 0, 1, 1], 'D': [1, 0, 1, 1, 0, 0, 0, 1, 0, 0], 'E': [1, 0, 0, 0, 0, 0, 1, 0, 0, 1], 'F': [1, 1, 0, 0, 0, 0, 0, 0, 0, 0], 'G': [0, 1, 1, 1, 0, 1, 0, 0, 1, 0], 'H': [0, 1, 1, 1, 1, 1, 1, 1, 1, 1], 'I': [0, 1, 0, 0, 1, 0, 1, 0, 1, 1], 'J': [0, 0, 0, 0, 0, 0, 1, 1, 0, 0]}, '校医院西': {'A': [1, 1, 1, 1, 1, 1, 1, 1, 1, 1], 'B': [1, 1, 1, 0, 1, 1, 1, 0, 1, 1], 'C': [1, 1, 1, 1, 0, 0, 1, 1, 0, 1], 'D': [1, 1, 1, 1, 1, 1, 1, 1, 1, 1], 'E': [1, 1, 1, 1, 1, 1, 1, 1, 1, 1], 'F': [0, 1, 1, 1, 0, 1, 1, 1, 1, 1], 'G': [1, 0, 1, 1, 0, 1, 1, 1, 1, 0], 'H': [1, 1, 0, 0, 0, 0, 1, 1, 0, 1], 'I': [1, 1, 0, 1, 0, 0, 0, 0, 0, 1]}}
623126	2024-07-13 02:51:50.134000+08:00	2024-07-13 02:51:50.134000+08:00	{'东门北侧': {'A': [1, 1, 1, 1, 1, 1, 1, 1, 1, 1], 'B': [1, 1, 1, 1, 1, 1, 1, 1, 1, 1], 'C': [0, 1, 1, 1, 1, 1, 1, 1, 1, 0], 'D': [1, 1, 1, 1, 1, 0, 1, 1, 0, 1], 'E': [1, 1, 0, 0, 1, 1, 1, 0, 1, 1], 'F': [0, 1, 1, 1, 1, 1, 1, 1, 1, 1], 'G': [0, 1, 1, 1, 1, 0, 1, 1, 0, 0], 'H': [1, 1, 1, 1, 0, 1, 1, 1, 0, 0], 'I': [0, 1, 0, 1, 1, 0, 1, 1, 1, 1], 'J': [1, 0, 1, 0, 1, 0, 1, 1, 1, 0], 'K': [0, 1, 1, 0, 0, 1, 1, 1, 0, 0]}, '东门南侧': {'A': [0, 0, 0, 1, 0, 0, 1, 0, 1, 0], 'B': [0, 0, 0, 0, 0, 0, 0, 0, 0, 0]}, '西门北侧': {'A': [1, 1, 1, 1, 1, 1, 1, 1, 1, 1], 'B': [0, 1, 0, 1, 1, 0, 1, 1, 0, 1], 'C': [1, 1, 0, 1, 1, 1, 1, 1, 1, 0]}, '西门南侧': {'A': [0, 1, 1, 1, 1, 0, 1, 0, 1, 1], 'B': [1, 1, 1, 1, 1, 1, 1, 1, 1, 1], 'C': [1, 1, 1, 1, 1, 1, 1, 1, 1, 1]}, '南门西侧': {'A': [1, 1, 0, 1, 1, 1, 1, 1, 1, 1], 'B': [1, 1, 1, 1, 0, 0, 1, 1, 0, 1]}, '南门东侧': {'A': [1, 0, 0, 1, 1, 1, 1, 1, 1, 1], 'B': [1, 1, 1, 1, 1, 1, 1, 1, 1, 1]}, '北门东北侧': {'A': [1, 1, 1, 1, 1, 1, 1, 1, 1, 1], 'B': [1, 0, 1, 1, 1, 1, 1, 1, 0, 1], 'C': [1, 1, 0, 1, 0, 1, 1, 1, 1, 0], 'D': [0, 0, 1, 1, 0, 0, 1, 0, 0, 1]}, '北门东南侧': {'A': [0, 1, 1, 1, 1, 0, 1, 1, 1, 1], 'B': [0, 1, 1, 1, 0, 1, 1, 1, 0, 0], 'C': [1, 1, 0, 1, 1, 0, 1, 1, 0, 0], 'D': [1, 1, 0, 1, 1, 1, 1, 1, 1, 1], 'E': [1, 1, 1, 1, 0, 0, 1, 1, 1, 1], 'F': [1, 1, 1, 1, 0, 1, 1, 1, 1, 1]}, '橘园北侧南': {'A': [0, 0, 0, 1, 0, 0, 0, 0, 0, 1], 'B': [0, 0, 0, 0, 1, 0, 1, 1, 1, 0], 'C': [0, 0, 1, 0, 1, 0, 0, 0, 1, 1], 'D': [1, 0, 1, 1, 0, 0, 0, 1, 0, 0], 'E': [1, 0, 0, 0, 0, 0, 1, 0, 0, 1], 'F': [1, 1, 0, 0, 0, 0, 0, 0, 0, 0], 'G': [0, 1, 1, 1, 0, 1, 0, 0, 1, 0], 'H': [0, 1, 1, 1, 1, 1, 1, 1, 1, 1], 'I': [0, 1, 0, 0, 1, 0, 1, 0, 1, 1], 'J': [0, 0, 0, 0, 0, 0, 1, 1, 0, 0]}, '校医院西': {'A': [1, 1, 1, 1, 1, 1, 1, 1, 1, 1], 'B': [1, 1, 1, 0, 1, 1, 1, 0, 1, 1], 'C': [1, 1, 1, 1, 0, 0, 1, 1, 0, 1], 'D': [1, 1, 1, 1, 1, 1, 1, 1, 1, 1], 'E': [1, 1, 1, 1, 1, 1, 1, 1, 1, 1], 'F': [0, 1, 1, 1, 0, 1, 1, 1, 1, 1], 'G': [1, 0, 1, 1, 0, 1, 1, 1, 1, 0], 'H': [1, 1, 0, 0, 0, 0, 1, 1, 0, 1], 'I': [1, 1, 0, 1, 0, 0, 0, 0, 0, 1]}}
623127	2024-07-13 02:52:52.152000+08:00	2024-07-13 02:52:52.152000+08:00	{'东门北侧': {'A': [1, 1, 1, 1, 1, 1, 1, 1, 1, 1], 'B': [1, 1, 1, 1, 1, 1, 1, 1, 1, 1], 'C': [0, 1, 1, 1, 1, 1, 1, 1, 1, 0], 'D': [1, 1, 1, 1, 1, 0, 1, 1, 0, 1], 'E': [1, 1, 0, 0, 1, 1, 1, 0, 1, 1], 'F': [0, 1, 1, 1, 1, 1, 1, 1, 1, 1], 'G': [0, 1, 1, 1, 1, 0, 1, 1, 0, 0], 'H': [1, 1, 1, 1, 0, 1, 1, 1, 0, 0], 'I': [0, 1, 0, 1, 1, 0, 1, 1, 1, 1], 'J': [1, 0, 1, 0, 1, 0, 1, 1, 1, 0], 'K': [0, 1, 1, 0, 0, 1, 1, 1, 0, 0]}, '东门南侧': {'A': [0, 0, 0, 1, 0, 0, 1, 0, 1, 0], 'B': [0, 0, 0, 0, 0, 0, 0, 0, 0, 0]}, '西门北侧': {'A': [1, 1, 1, 1, 1, 1, 1, 1, 1, 1], 'B': [0, 1, 0, 1, 1, 0, 1, 1, 0, 1], 'C': [1, 1, 0, 1, 1, 1, 1, 1, 1, 0]}, '西门南侧': {'A': [0, 1, 1, 1, 1, 0, 1, 0, 1, 1], 'B': [1, 1, 1, 1, 1, 1, 1, 1, 1, 1], 'C': [1, 1, 1, 1, 1, 1, 1, 1, 1, 1]}, '南门西侧': {'A': [1, 1, 0, 1, 1, 1, 1, 1, 1, 1], 'B': [1, 1, 1, 1, 0, 0, 1, 1, 0, 1]}, '南门东侧': {'A': [1, 0, 0, 1, 1, 1, 1, 1, 1, 1], 'B': [1, 1, 1, 1, 1, 1, 1, 1, 1, 1]}, '北门东北侧': {'A': [1, 1, 1, 1, 1, 1, 1, 1, 1, 1], 'B': [1, 0, 1, 1, 1, 1, 1, 1, 0, 1], 'C': [1, 1, 0, 1, 0, 1, 1, 1, 1, 0], 'D': [0, 0, 1, 1, 0, 0, 1, 0, 0, 1]}, '北门东南侧': {'A': [0, 1, 1, 1, 1, 0, 1, 1, 1, 1], 'B': [0, 1, 1, 1, 0, 1, 1, 1, 0, 0], 'C': [1, 1, 0, 1, 1, 0, 1, 1, 0, 0], 'D': [1, 1, 0, 1, 1, 1, 1, 1, 1, 1], 'E': [1, 1, 1, 1, 1, 0, 1, 1, 1, 1], 'F': [1, 1, 1, 1, 0, 1, 1, 1, 1, 1]}, '橘园北侧南': {'A': [0, 0, 0, 1, 0, 0, 0, 0, 0, 1], 'B': [0, 0, 0, 0, 1, 0, 1, 1, 1, 0], 'C': [0, 0, 1, 0, 1, 0, 0, 0, 1, 1], 'D': [1, 0, 1, 1, 0, 0, 0, 1, 0, 0], 'E': [1, 0, 0, 0, 0, 0, 1, 0, 0, 1], 'F': [1, 1, 0, 0, 0, 0, 0, 0, 0, 0], 'G': [0, 1, 1, 1, 0, 1, 0, 0, 1, 0], 'H': [0, 1, 1, 1, 1, 1, 1, 1, 1, 1], 'I': [0, 1, 0, 0, 1, 0, 1, 0, 1, 1], 'J': [0, 0, 0, 0, 0, 0, 1, 1, 0, 0]}, '校医院西': {'A': [1, 1, 1, 1, 1, 1, 1, 1, 1, 1], 'B': [1, 1, 1, 0, 1, 1, 1, 0, 1, 1], 'C': [1, 1, 1, 1, 0, 0, 1, 1, 0, 1], 'D': [1, 1, 1, 1, 1, 1, 1, 1, 1, 1], 'E': [1, 1, 1, 1, 1, 1, 1, 1, 1, 1], 'F': [0, 1, 1, 1, 0, 1, 1, 1, 1, 1], 'G': [1, 0, 1, 1, 0, 1, 1, 1, 1, 0], 'H': [1, 1, 0, 0, 0, 0, 1, 1, 0, 1], 'I': [1, 1, 1, 1, 0, 0, 0, 0, 0, 1]}}
623128	2024-07-13 02:53:48.971000+08:00	2024-07-13 02:53:48.971000+08:00	{'东门北侧': {'A': [1, 1, 1, 1, 1, 1, 1, 1, 1, 1], 'B': [1, 1, 1, 1, 1, 1, 1, 1, 1, 1], 'C': [0, 1, 1, 1, 1, 1, 1, 1, 1, 0], 'D': [1, 1, 1, 1, 1, 0, 1, 1, 0, 1], 'E': [1, 1, 0, 0, 1, 1, 1, 0, 1, 1], 'F': [0, 1, 1, 1, 1, 1, 1, 1, 1, 1], 'G': [0, 1, 1, 1, 1, 0, 1, 1, 0, 0], 'H': [1, 1, 1, 1, 0, 1, 1, 1, 0, 0], 'I': [0, 1, 0, 1, 1, 0, 1, 1, 1, 1], 'J': [1, 0, 1, 0, 1, 0, 1, 1, 1, 0], 'K': [0, 1, 1, 0, 0, 1, 1, 1, 0, 0]}, '东门南侧': {'A': [0, 0, 0, 1, 0, 0, 1, 0, 1, 0], 'B': [0, 0, 0, 0, 0, 0, 0, 0, 0, 0]}, '西门北侧': {'A': [1, 1, 1, 1, 1, 1, 1, 1, 1, 1], 'B': [0, 1, 0, 1, 1, 0, 1, 1, 0, 1], 'C': [1, 1, 0, 1, 1, 1, 1, 1, 1, 0]}, '西门南侧': {'A': [0, 1, 1, 1, 1, 0, 1, 0, 1, 1], 'B': [1, 1, 1, 1, 1, 1, 1, 1, 1, 1], 'C': [1, 1, 1, 1, 1, 1, 1, 1, 1, 1]}, '南门西侧': {'A': [1, 1, 0, 1, 1, 1, 1, 1, 1, 1], 'B': [1, 1, 1, 1, 0, 0, 1, 1, 0, 1]}, '南门东侧': {'A': [1, 0, 0, 1, 1, 1, 1, 1, 1, 1], 'B': [1, 1, 1, 1, 1, 1, 1, 1, 1, 1]}, '北门东北侧': {'A': [1, 1, 1, 1, 1, 1, 1, 1, 1, 1], 'B': [1, 0, 1, 1, 1, 1, 1, 1, 0, 1], 'C': [1, 1, 0, 1, 0, 1, 1, 1, 1, 0], 'D': [0, 0, 1, 1, 0, 0, 1, 0, 0, 1]}, '北门东南侧': {'A': [0, 1, 1, 1, 1, 0, 1, 1, 1, 1], 'B': [0, 1, 1, 1, 0, 1, 1, 1, 0, 0], 'C': [1, 1, 0, 1, 1, 0, 1, 1, 0, 0], 'D': [1, 1, 0, 1, 1, 1, 1, 1, 1, 1], 'E': [1, 1, 1, 1, 1, 0, 1, 1, 1, 1], 'F': [1, 1, 1, 1, 0, 1, 1, 1, 1, 1]}, '橘园北侧南': {'A': [0, 0, 0, 1, 0, 0, 0, 0, 0, 1], 'B': [0, 0, 0, 0, 1, 0, 1, 1, 1, 0], 'C': [0, 0, 1, 0, 1, 0, 0, 0, 1, 1], 'D': [1, 0, 1, 1, 0, 0, 0, 1, 0, 0], 'E': [1, 0, 0, 0, 0, 0, 1, 0, 0, 1], 'F': [1, 1, 0, 0, 0, 0, 0, 0, 0, 0], 'G': [0, 1, 1, 1, 0, 1, 0, 0, 1, 0], 'H': [0, 1, 1, 1, 1, 1, 1, 1, 1, 1], 'I': [0, 1, 0, 0, 1, 0, 1, 0, 1, 1], 'J': [0, 0, 0, 0, 0, 0, 1, 1, 0, 0]}, '校医院西': {'A': [1, 1, 1, 1, 1, 1, 1, 1, 1, 1], 'B': [1, 1, 1, 0, 1, 1, 1, 0, 1, 1], 'C': [1, 1, 1, 1, 0, 0, 1, 1, 0, 1], 'D': [1, 1, 1, 1, 1, 1, 1, 1, 1, 1], 'E': [1, 1, 1, 1, 1, 1, 1, 1, 1, 1], 'F': [0, 1, 1, 1, 0, 1, 1, 1, 1, 1], 'G': [1, 1, 1, 1, 0, 1, 1, 1, 1, 0], 'H': [1, 1, 0, 0, 0, 0, 1, 1, 0, 1], 'I': [1, 1, 1, 1, 0, 0, 0, 0, 0, 1]}}
623129	2024-07-13 02:54:51.269000+08:00	2024-07-13 02:54:51.269000+08:00	{'东门北侧': {'A': [1, 1, 1, 1, 1, 1, 1, 1, 1, 1], 'B': [1, 1, 1, 1, 1, 1, 1, 1, 1, 1], 'C': [0, 1, 1, 1, 1, 1, 1, 1, 1, 0], 'D': [1, 1, 1, 1, 1, 0, 1, 1, 0, 1], 'E': [1, 1, 0, 0, 1, 1, 1, 0, 1, 1], 'F': [0, 1, 1, 1, 1, 1, 1, 1, 1, 1], 'G': [0, 1, 1, 1, 1, 0, 1, 1, 0, 0], 'H': [1, 1, 1, 1, 0, 1, 1, 1, 0, 0], 'I': [0, 1, 0, 1, 1, 0, 1, 1, 1, 1], 'J': [1, 0, 1, 0, 1, 0, 1, 1, 1, 0], 'K': [0, 1, 1, 0, 0, 1, 1, 1, 0, 0]}, '东门南侧': {'A': [0, 0, 0, 1, 0, 0, 1, 0, 1, 0], 'B': [0, 0, 0, 0, 0, 0, 0, 0, 0, 0]}, '西门北侧': {'A': [1, 1, 1, 1, 1, 1, 1, 1, 1, 1], 'B': [0, 1, 0, 1, 1, 0, 1, 1, 0, 1], 'C': [1, 1, 0, 1, 1, 1, 1, 1, 1, 0]}, '西门南侧': {'A': [0, 1, 1, 1, 1, 0, 1, 0, 1, 1], 'B': [1, 1, 1, 1, 1, 1, 1, 1, 1, 1], 'C': [1, 1, 1, 1, 1, 1, 1, 1, 1, 1]}, '南门西侧': {'A': [1, 1, 0, 1, 1, 1, 1, 1, 1, 1], 'B': [1, 1, 1, 1, 0, 0, 1, 1, 0, 1]}, '南门东侧': {'A': [1, 0, 0, 1, 1, 1, 1, 1, 1, 1], 'B': [1, 1, 1, 1, 1, 1, 1, 1, 1, 1]}, '北门东北侧': {'A': [1, 1, 1, 1, 1, 1, 1, 1, 1, 1], 'B': [1, 0, 1, 1, 1, 1, 1, 1, 0, 1], 'C': [1, 1, 0, 1, 0, 1, 1, 1, 1, 0], 'D': [0, 0, 1, 1, 0, 0, 1, 0, 0, 1]}, '北门东南侧': {'A': [0, 1, 1, 1, 1, 0, 1, 1, 1, 1], 'B': [0, 1, 1, 1, 0, 1, 1, 1, 0, 0], 'C': [1, 1, 0, 1, 1, 0, 1, 1, 0, 0], 'D': [1, 1, 0, 1, 1, 1, 1, 1, 1, 1], 'E': [1, 1, 1, 1, 1, 0, 1, 1, 1, 1], 'F': [1, 1, 1, 1, 0, 1, 1, 1, 1, 1]}, '橘园北侧南': {'A': [0, 0, 0, 1, 0, 0, 0, 0, 0, 1], 'B': [0, 0, 0, 0, 1, 0, 1, 1, 1, 0], 'C': [0, 0, 1, 0, 1, 0, 0, 0, 1, 1], 'D': [1, 0, 1, 1, 0, 0, 0, 1, 0, 0], 'E': [1, 0, 0, 0, 0, 0, 1, 0, 0, 1], 'F': [1, 1, 0, 0, 0, 0, 0, 1, 0, 0], 'G': [0, 1, 1, 1, 0, 1, 0, 0, 1, 0], 'H': [0, 1, 1, 1, 1, 1, 1, 1, 1, 1], 'I': [0, 1, 0, 0, 1, 0, 1, 0, 1, 1], 'J': [0, 0, 0, 0, 0, 0, 1, 1, 0, 0]}, '校医院西': {'A': [1, 1, 1, 1, 1, 1, 1, 1, 1, 1], 'B': [1, 1, 1, 0, 1, 1, 1, 0, 1, 1], 'C': [1, 1, 1, 1, 0, 0, 1, 1, 0, 1], 'D': [1, 1, 1, 1, 1, 1, 1, 1, 1, 1], 'E': [1, 1, 1, 1, 1, 1, 1, 1, 1, 1], 'F': [0, 1, 1, 1, 0, 1, 1, 1, 1, 1], 'G': [1, 1, 1, 1, 0, 1, 1, 1, 1, 0], 'H': [1, 1, 0, 0, 0, 0, 1, 1, 0, 1], 'I': [1, 1, 1, 1, 0, 0, 0, 0, 0, 1]}}
623130	2024-07-13 02:55:50.404000+08:00	2024-07-13 02:55:50.404000+08:00	{'东门北侧': {'A': [1, 1, 1, 1, 1, 1, 1, 1, 1, 1], 'B': [1, 1, 1, 1, 1, 1, 1, 1, 1, 1], 'C': [0, 1, 1, 1, 1, 1, 1, 1, 1, 0], 'D': [1, 1, 1, 1, 1, 0, 1, 1, 0, 1], 'E': [1, 1, 0, 0, 1, 1, 1, 0, 1, 1], 'F': [0, 1, 1, 1, 1, 1, 1, 1, 1, 1], 'G': [0, 1, 1, 1, 1, 0, 1, 1, 0, 0], 'H': [1, 1, 1, 1, 0, 1, 1, 1, 0, 0], 'I': [0, 1, 0, 1, 1, 0, 1, 1, 1, 1], 'J': [1, 0, 1, 0, 1, 0, 1, 1, 1, 0], 'K': [0, 1, 1, 0, 0, 1, 1, 1, 0, 0]}, '东门南侧': {'A': [0, 0, 0, 1, 0, 0, 1, 0, 1, 0], 'B': [0, 0, 0, 0, 0, 0, 0, 0, 0, 0]}, '西门北侧': {'A': [1, 1, 1, 1, 1, 1, 1, 1, 1, 1], 'B': [0, 1, 0, 1, 1, 0, 1, 1, 0, 1], 'C': [1, 1, 0, 1, 1, 1, 1, 1, 1, 0]}, '西门南侧': {'A': [0, 1, 1, 1, 1, 0, 1, 0, 1, 1], 'B': [1, 1, 1, 1, 1, 1, 1, 1, 1, 1], 'C': [1, 1, 1, 1, 1, 1, 1, 1, 1, 1]}, '南门西侧': {'A': [1, 1, 0, 1, 1, 1, 1, 1, 1, 1], 'B': [1, 1, 1, 1, 0, 0, 1, 1, 0, 1]}, '南门东侧': {'A': [1, 0, 0, 1, 1, 1, 1, 1, 1, 1], 'B': [1, 1, 1, 1, 1, 1, 1, 1, 1, 1]}, '北门东北侧': {'A': [1, 1, 1, 1, 1, 1, 1, 1, 1, 1], 'B': [1, 0, 1, 1, 1, 1, 1, 1, 0, 1], 'C': [1, 1, 0, 1, 0, 1, 1, 1, 1, 0], 'D': [0, 0, 1, 1, 0, 0, 1, 0, 0, 1]}, '北门东南侧': {'A': [0, 1, 1, 1, 1, 0, 1, 1, 1, 1], 'B': [0, 1, 1, 1, 0, 1, 1, 1, 0, 0], 'C': [1, 1, 0, 1, 1, 0, 1, 1, 0, 0], 'D': [1, 1, 0, 1, 1, 1, 1, 1, 1, 1], 'E': [1, 1, 1, 1, 1, 0, 1, 1, 1, 1], 'F': [1, 1, 1, 1, 0, 1, 1, 1, 1, 1]}, '橘园北侧南': {'A': [0, 0, 0, 1, 0, 0, 0, 0, 0, 1], 'B': [0, 0, 0, 0, 1, 0, 1, 1, 1, 0], 'C': [0, 0, 1, 0, 1, 0, 0, 0, 1, 1], 'D': [1, 0, 1, 1, 0, 0, 0, 1, 0, 0], 'E': [1, 0, 0, 0, 0, 0, 1, 0, 0, 1], 'F': [1, 1, 0, 0, 0, 0, 0, 1, 0, 0], 'G': [0, 1, 1, 1, 0, 1, 0, 0, 1, 0], 'H': [0, 1, 1, 1, 1, 1, 1, 1, 1, 1], 'I': [0, 1, 0, 0, 1, 0, 1, 0, 1, 1], 'J': [0, 0, 0, 0, 0, 0, 1, 1, 0, 0]}, '校医院西': {'A': [1, 1, 1, 1, 1, 1, 1, 1, 1, 1], 'B': [1, 1, 1, 0, 1, 1, 1, 0, 1, 1], 'C': [1, 1, 1, 1, 0, 0, 1, 1, 0, 1], 'D': [1, 1, 1, 1, 1, 1, 1, 1, 1, 1], 'E': [1, 1, 1, 1, 1, 1, 1, 1, 1, 1], 'F': [0, 1, 1, 1, 0, 1, 1, 1, 1, 1], 'G': [1, 1, 1, 1, 0, 1, 1, 1, 1, 0], 'H': [1, 1, 0, 0, 0, 0, 1, 1, 0, 1], 'I': [1, 1, 1, 1, 0, 0, 0, 0, 0, 1]}}
623131	2024-07-13 02:56:50.679000+08:00	2024-07-13 02:56:50.679000+08:00	{'东门北侧': {'A': [1, 1, 1, 1, 1, 1, 1, 1, 1, 1], 'B': [1, 1, 1, 1, 1, 1, 1, 1, 1, 1], 'C': [0, 1, 1, 1, 1, 1, 1, 1, 1, 0], 'D': [1, 1, 1, 1, 1, 0, 1, 1, 0, 1], 'E': [1, 1, 0, 0, 1, 1, 1, 0, 1, 1], 'F': [0, 1, 1, 1, 1, 1, 1, 1, 1, 1], 'G': [0, 1, 1, 1, 1, 0, 1, 1, 0, 0], 'H': [1, 1, 1, 1, 0, 1, 1, 1, 0, 0], 'I': [0, 1, 0, 1, 1, 0, 1, 1, 1, 1], 'J': [1, 0, 1, 0, 1, 0, 1, 1, 1, 0], 'K': [0, 1, 1, 0, 0, 1, 1, 1, 0, 0]}, '东门南侧': {'A': [0, 0, 0, 1, 0, 0, 1, 0, 1, 0], 'B': [0, 0, 0, 0, 0, 0, 0, 0, 0, 0]}, '西门北侧': {'A': [1, 1, 1, 1, 1, 1, 1, 1, 1, 1], 'B': [0, 1, 0, 1, 1, 0, 1, 1, 0, 1], 'C': [1, 1, 0, 1, 1, 1, 1, 1, 1, 0]}, '西门南侧': {'A': [0, 1, 1, 1, 1, 0, 1, 0, 1, 1], 'B': [1, 1, 1, 1, 1, 1, 1, 1, 1, 1], 'C': [1, 1, 1, 1, 1, 1, 1, 1, 1, 1]}, '南门西侧': {'A': [1, 1, 0, 1, 1, 1, 1, 1, 1, 1], 'B': [1, 1, 1, 1, 0, 0, 1, 1, 0, 1]}, '南门东侧': {'A': [1, 0, 0, 1, 1, 1, 1, 1, 1, 1], 'B': [1, 1, 1, 1, 1, 1, 1, 1, 1, 1]}, '北门东北侧': {'A': [1, 1, 1, 1, 1, 1, 1, 1, 1, 1], 'B': [1, 0, 1, 1, 1, 1, 1, 1, 0, 1], 'C': [1, 1, 0, 1, 0, 1, 1, 1, 1, 0], 'D': [0, 0, 1, 1, 0, 0, 1, 0, 0, 1]}, '北门东南侧': {'A': [0, 1, 1, 1, 1, 0, 1, 1, 1, 1], 'B': [0, 1, 1, 1, 0, 1, 1, 1, 0, 0], 'C': [1, 1, 0, 1, 1, 0, 1, 1, 0, 0], 'D': [1, 1, 0, 1, 1, 1, 1, 1, 1, 1], 'E': [1, 1, 1, 1, 1, 0, 1, 1, 1, 1], 'F': [1, 1, 1, 1, 0, 1, 1, 1, 1, 1]}, '橘园北侧南': {'A': [0, 0, 0, 1, 0, 0, 0, 0, 0, 1], 'B': [0, 0, 0, 0, 1, 0, 1, 1, 1, 0], 'C': [0, 0, 1, 0, 1, 0, 0, 0, 1, 1], 'D': [1, 0, 1, 1, 0, 0, 0, 1, 0, 0], 'E': [1, 0, 0, 0, 0, 0, 1, 0, 0, 1], 'F': [1, 1, 0, 0, 0, 0, 0, 1, 0, 0], 'G': [0, 1, 1, 1, 0, 1, 0, 0, 1, 0], 'H': [0, 1, 1, 1, 1, 1, 1, 1, 1, 1], 'I': [0, 1, 0, 0, 1, 0, 1, 0, 1, 1], 'J': [0, 0, 0, 0, 0, 0, 1, 1, 0, 0]}, '校医院西': {'A': [1, 1, 1, 1, 1, 1, 1, 1, 1, 1], 'B': [1, 1, 1, 0, 1, 1, 1, 0, 1, 1], 'C': [1, 1, 1, 1, 0, 0, 1, 1, 0, 1], 'D': [1, 1, 1, 1, 1, 1, 1, 1, 1, 1], 'E': [1, 1, 1, 1, 1, 1, 1, 1, 1, 1], 'F': [0, 1, 1, 1, 0, 1, 1, 1, 1, 1], 'G': [1, 1, 1, 1, 0, 1, 1, 1, 1, 0], 'H': [1, 1, 0, 0, 0, 0, 1, 1, 0, 1], 'I': [1, 1, 1, 1, 0, 0, 0, 0, 0, 1]}}
623132	2024-07-13 02:57:47.143000+08:00	2024-07-13 02:57:47.143000+08:00	{'东门北侧': {'A': [1, 1, 1, 1, 1, 1, 1, 1, 1, 1], 'B': [1, 1, 1, 1, 1, 1, 1, 1, 1, 1], 'C': [0, 1, 1, 1, 1, 1, 1, 1, 1, 0], 'D': [1, 1, 1, 1, 1, 0, 1, 1, 0, 1], 'E': [1, 1, 0, 0, 1, 1, 1, 0, 1, 1], 'F': [0, 1, 1, 1, 1, 1, 1, 1, 1, 1], 'G': [0, 1, 1, 1, 1, 0, 1, 1, 0, 0], 'H': [1, 1, 1, 1, 0, 1, 1, 1, 0, 0], 'I': [0, 1, 0, 1, 1, 0, 1, 1, 1, 1], 'J': [1, 0, 1, 0, 1, 0, 1, 1, 1, 0], 'K': [0, 1, 1, 0, 0, 1, 1, 1, 0, 0]}, '东门南侧': {'A': [0, 0, 0, 1, 0, 0, 1, 0, 1, 0], 'B': [0, 0, 0, 0, 0, 0, 0, 0, 0, 0]}, '西门北侧': {'A': [1, 1, 1, 1, 1, 1, 1, 1, 1, 1], 'B': [0, 1, 0, 1, 1, 0, 1, 1, 0, 1], 'C': [1, 1, 0, 1, 1, 1, 1, 1, 1, 0]}, '西门南侧': {'A': [0, 1, 1, 1, 1, 0, 1, 0, 1, 1], 'B': [1, 1, 1, 1, 1, 1, 1, 1, 1, 1], 'C': [1, 1, 1, 1, 1, 1, 1, 1, 1, 1]}, '南门西侧': {'A': [1, 1, 0, 1, 1, 1, 1, 1, 1, 1], 'B': [1, 1, 1, 1, 0, 0, 1, 1, 0, 1]}, '南门东侧': {'A': [1, 0, 0, 1, 1, 1, 1, 1, 1, 1], 'B': [1, 1, 1, 1, 1, 1, 1, 1, 1, 1]}, '北门东北侧': {'A': [1, 1, 1, 1, 1, 1, 1, 1, 1, 1], 'B': [1, 0, 1, 1, 1, 1, 1, 1, 0, 1], 'C': [1, 1, 0, 1, 0, 1, 1, 1, 1, 0], 'D': [0, 0, 1, 1, 0, 0, 1, 0, 0, 1]}, '北门东南侧': {'A': [0, 1, 1, 1, 1, 0, 1, 1, 1, 1], 'B': [0, 1, 1, 1, 0, 1, 1, 1, 0, 0], 'C': [1, 1, 0, 1, 1, 0, 1, 1, 0, 0], 'D': [1, 1, 0, 1, 1, 1, 1, 1, 1, 1], 'E': [1, 1, 1, 1, 1, 0, 1, 1, 1, 1], 'F': [1, 1, 1, 1, 0, 1, 1, 1, 1, 1]}, '橘园北侧南': {'A': [0, 0, 0, 1, 0, 0, 0, 0, 0, 1], 'B': [0, 0, 0, 0, 1, 0, 1, 1, 1, 0], 'C': [0, 0, 1, 0, 1, 0, 0, 0, 1, 1], 'D': [1, 0, 1, 1, 0, 0, 0, 1, 0, 0], 'E': [1, 0, 0, 0, 0, 0, 1, 0, 0, 1], 'F': [1, 1, 0, 0, 0, 0, 0, 1, 0, 0], 'G': [0, 1, 1, 1, 0, 1, 0, 0, 1, 0], 'H': [0, 1, 1, 1, 1, 1, 1, 1, 1, 1], 'I': [0, 1, 0, 0, 1, 0, 1, 0, 1, 1], 'J': [0, 0, 0, 0, 0, 0, 1, 1, 0, 0]}, '校医院西': {'A': [1, 1, 1, 1, 1, 1, 1, 1, 1, 1], 'B': [1, 1, 1, 0, 1, 1, 1, 0, 1, 1], 'C': [1, 1, 1, 1, 0, 0, 1, 1, 0, 1], 'D': [1, 1, 1, 1, 1, 1, 1, 1, 1, 1], 'E': [1, 1, 1, 1, 1, 1, 1, 1, 1, 1], 'F': [0, 1, 1, 1, 0, 1, 1, 1, 1, 1], 'G': [1, 1, 1, 1, 0, 1, 1, 1, 1, 0], 'H': [1, 1, 0, 0, 0, 0, 1, 1, 0, 1], 'I': [1, 1, 1, 1, 0, 0, 0, 0, 0, 1]}}
623133	2024-07-13 02:58:54.713000+08:00	2024-07-13 02:58:54.713000+08:00	{'东门北侧': {'A': [1, 1, 1, 1, 1, 1, 1, 1, 1, 1], 'B': [1, 1, 1, 1, 1, 1, 1, 1, 1, 1], 'C': [0, 1, 1, 1, 1, 1, 1, 1, 1, 0], 'D': [1, 1, 1, 1, 1, 0, 1, 1, 0, 1], 'E': [1, 1, 0, 0, 1, 1, 1, 0, 1, 1], 'F': [0, 1, 1, 1, 1, 1, 1, 1, 1, 1], 'G': [0, 1, 1, 1, 1, 0, 1, 1, 0, 0], 'H': [1, 1, 1, 1, 0, 1, 1, 1, 0, 0], 'I': [0, 1, 0, 1, 1, 0, 1, 1, 1, 1], 'J': [1, 0, 1, 0, 1, 0, 1, 1, 1, 0], 'K': [0, 1, 1, 0, 0, 1, 1, 1, 0, 0]}, '东门南侧': {'A': [0, 0, 0, 1, 0, 0, 1, 0, 1, 0], 'B': [0, 0, 0, 0, 0, 0, 0, 0, 0, 0]}, '西门北侧': {'A': [1, 1, 1, 1, 1, 1, 1, 1, 1, 1], 'B': [0, 1, 0, 1, 1, 0, 1, 1, 0, 1], 'C': [1, 1, 0, 1, 1, 1, 1, 1, 1, 0]}, '西门南侧': {'A': [0, 1, 1, 1, 1, 0, 1, 0, 1, 1], 'B': [1, 1, 1, 1, 1, 1, 1, 1, 1, 1], 'C': [1, 1, 1, 1, 1, 1, 1, 1, 1, 1]}, '南门西侧': {'A': [1, 1, 0, 1, 1, 1, 1, 1, 1, 1], 'B': [1, 1, 1, 1, 0, 0, 1, 1, 0, 1]}, '南门东侧': {'A': [1, 0, 0, 1, 1, 1, 1, 1, 1, 1], 'B': [1, 1, 1, 1, 1, 1, 1, 1, 1, 1]}, '北门东北侧': {'A': [1, 1, 1, 1, 1, 1, 1, 1, 1, 1], 'B': [1, 0, 1, 1, 1, 1, 1, 1, 0, 1], 'C': [1, 1, 0, 1, 0, 1, 1, 1, 1, 0], 'D': [0, 0, 1, 1, 0, 0, 1, 0, 0, 1]}, '北门东南侧': {'A': [0, 1, 1, 1, 1, 0, 1, 1, 1, 1], 'B': [0, 1, 1, 1, 0, 1, 1, 1, 0, 0], 'C': [1, 1, 0, 1, 1, 0, 1, 1, 0, 0], 'D': [1, 1, 0, 1, 1, 1, 1, 1, 1, 1], 'E': [1, 1, 1, 1, 1, 0, 1, 1, 1, 1], 'F': [1, 1, 1, 1, 0, 1, 1, 1, 1, 1]}, '橘园北侧南': {'A': [0, 0, 0, 1, 0, 0, 0, 0, 0, 1], 'B': [0, 0, 0, 0, 1, 0, 1, 1, 1, 0], 'C': [0, 0, 1, 0, 1, 0, 0, 0, 1, 1], 'D': [1, 0, 1, 1, 0, 0, 0, 1, 0, 0], 'E': [1, 0, 0, 0, 0, 0, 1, 0, 0, 1], 'F': [1, 1, 0, 0, 0, 0, 0, 1, 0, 0], 'G': [0, 1, 1, 1, 0, 1, 0, 0, 1, 0], 'H': [0, 1, 1, 1, 1, 1, 1, 1, 1, 1], 'I': [0, 1, 0, 0, 1, 0, 1, 0, 1, 1], 'J': [0, 0, 0, 0, 0, 0, 1, 1, 0, 0]}, '校医院西': {'A': [1, 1, 1, 1, 1, 1, 1, 1, 1, 1], 'B': [1, 1, 1, 0, 1, 1, 1, 0, 1, 1], 'C': [1, 1, 1, 1, 0, 0, 1, 1, 0, 1], 'D': [1, 1, 1, 1, 1, 1, 1, 1, 1, 1], 'E': [1, 1, 1, 1, 1, 1, 1, 1, 1, 1], 'F': [0, 1, 1, 1, 0, 1, 1, 1, 1, 1], 'G': [1, 1, 1, 1, 0, 1, 1, 1, 1, 0], 'H': [1, 1, 0, 0, 0, 0, 1, 1, 0, 1], 'I': [1, 1, 1, 1, 0, 0, 0, 0, 0, 1]}}
623134	2024-07-13 02:59:51.504000+08:00	2024-07-13 02:59:51.504000+08:00	{'东门北侧': {'A': [1, 1, 1, 1, 1, 1, 1, 1, 1, 1], 'B': [1, 1, 1, 1, 1, 1, 1, 1, 1, 1], 'C': [0, 1, 1, 1, 1, 1, 1, 1, 1, 0], 'D': [1, 1, 1, 1, 1, 0, 1, 1, 0, 1], 'E': [1, 1, 0, 0, 1, 1, 1, 0, 1, 1], 'F': [0, 1, 1, 1, 1, 1, 1, 1, 1, 1], 'G': [0, 1, 1, 1, 1, 0, 1, 1, 0, 0], 'H': [1, 1, 1, 1, 0, 1, 1, 1, 0, 0], 'I': [0, 1, 0, 1, 1, 0, 1, 1, 1, 1], 'J': [1, 0, 1, 0, 1, 0, 1, 1, 1, 0], 'K': [0, 1, 1, 0, 0, 1, 1, 1, 0, 0]}, '东门南侧': {'A': [0, 0, 0, 1, 0, 0, 1, 0, 1, 0], 'B': [0, 0, 0, 0, 0, 0, 0, 0, 0, 0]}, '西门北侧': {'A': [1, 1, 1, 1, 1, 1, 1, 1, 1, 1], 'B': [0, 1, 0, 1, 1, 0, 1, 1, 0, 1], 'C': [1, 1, 0, 1, 1, 1, 1, 1, 1, 0]}, '西门南侧': {'A': [0, 1, 1, 1, 1, 0, 1, 0, 1, 1], 'B': [1, 1, 1, 1, 1, 1, 1, 1, 1, 1], 'C': [1, 1, 1, 1, 1, 1, 1, 1, 1, 1]}, '南门西侧': {'A': [1, 1, 0, 1, 1, 1, 1, 1, 1, 1], 'B': [1, 1, 1, 1, 0, 0, 1, 1, 0, 1]}, '南门东侧': {'A': [1, 0, 0, 1, 1, 1, 1, 1, 1, 1], 'B': [1, 1, 1, 1, 1, 1, 1, 1, 1, 1]}, '北门东北侧': {'A': [1, 1, 1, 1, 1, 1, 1, 1, 1, 1], 'B': [1, 0, 1, 1, 1, 1, 1, 1, 0, 1], 'C': [1, 1, 0, 1, 0, 1, 1, 1, 1, 0], 'D': [0, 0, 1, 1, 0, 0, 1, 0, 0, 1]}, '北门东南侧': {'A': [0, 1, 1, 1, 1, 0, 1, 1, 1, 1], 'B': [0, 1, 1, 1, 0, 1, 1, 1, 0, 0], 'C': [1, 1, 0, 1, 1, 0, 1, 1, 0, 0], 'D': [1, 1, 0, 1, 1, 1, 1, 1, 1, 1], 'E': [1, 1, 1, 1, 1, 0, 1, 1, 1, 1], 'F': [1, 1, 1, 1, 0, 1, 1, 1, 1, 1]}, '橘园北侧南': {'A': [0, 0, 0, 1, 0, 0, 0, 0, 0, 1], 'B': [0, 0, 0, 0, 1, 0, 1, 1, 1, 0], 'C': [0, 0, 1, 0, 1, 0, 0, 0, 1, 1], 'D': [1, 0, 1, 1, 0, 0, 0, 1, 0, 0], 'E': [1, 0, 0, 0, 0, 0, 1, 0, 0, 1], 'F': [1, 1, 0, 0, 0, 0, 0, 1, 0, 0], 'G': [0, 1, 1, 1, 0, 1, 0, 0, 1, 0], 'H': [0, 1, 1, 1, 1, 1, 1, 1, 1, 1], 'I': [0, 1, 0, 0, 1, 0, 1, 0, 1, 1], 'J': [0, 0, 0, 0, 0, 0, 1, 1, 0, 0]}, '校医院西': {'A': [1, 1, 1, 1, 1, 1, 1, 1, 1, 1], 'B': [1, 1, 1, 0, 1, 1, 1, 0, 1, 1], 'C': [1, 1, 1, 1, 0, 0, 1, 1, 0, 1], 'D': [1, 1, 1, 1, 1, 1, 1, 1, 1, 1], 'E': [1, 1, 1, 1, 1, 1, 1, 1, 1, 1], 'F': [0, 1, 1, 1, 0, 1, 1, 1, 1, 1], 'G': [1, 1, 1, 1, 0, 1, 1, 1, 1, 0], 'H': [1, 1, 0, 0, 0, 0, 1, 1, 0, 1], 'I': [1, 1, 1, 1, 0, 0, 0, 0, 0, 1]}}
623135	2024-07-13 03:00:54.476000+08:00	2024-07-13 03:00:54.476000+08:00	{'东门北侧': {'A': [1, 1, 1, 1, 1, 1, 1, 1, 1, 1], 'B': [1, 1, 1, 1, 1, 1, 1, 1, 1, 1], 'C': [0, 1, 1, 1, 1, 1, 1, 1, 1, 0], 'D': [1, 1, 1, 1, 1, 0, 1, 1, 0, 1], 'E': [1, 1, 0, 0, 1, 1, 1, 0, 1, 1], 'F': [0, 1, 1, 1, 1, 1, 1, 1, 1, 1], 'G': [0, 1, 1, 1, 1, 0, 1, 1, 0, 0], 'H': [1, 1, 1, 1, 0, 1, 1, 1, 0, 0], 'I': [0, 1, 0, 1, 1, 0, 1, 1, 1, 1], 'J': [1, 0, 1, 0, 1, 0, 1, 1, 1, 0], 'K': [0, 1, 1, 0, 0, 1, 1, 1, 0, 0]}, '东门南侧': {'A': [0, 0, 0, 1, 0, 0, 1, 0, 1, 0], 'B': [0, 0, 0, 0, 0, 0, 0, 0, 0, 0]}, '西门北侧': {'A': [1, 1, 1, 1, 1, 1, 1, 1, 1, 1], 'B': [0, 1, 0, 1, 1, 0, 1, 1, 0, 1], 'C': [1, 1, 0, 1, 1, 1, 1, 1, 1, 0]}, '西门南侧': {'A': [0, 1, 1, 1, 1, 0, 1, 0, 1, 1], 'B': [1, 1, 1, 1, 1, 1, 1, 1, 1, 1], 'C': [1, 1, 1, 1, 1, 1, 1, 1, 1, 1]}, '南门西侧': {'A': [1, 1, 0, 1, 1, 1, 1, 1, 1, 1], 'B': [1, 1, 1, 1, 0, 0, 1, 1, 0, 1]}, '南门东侧': {'A': [1, 0, 0, 1, 1, 1, 1, 1, 1, 1], 'B': [1, 1, 1, 1, 1, 1, 1, 1, 1, 1]}, '北门东北侧': {'A': [1, 1, 1, 1, 1, 1, 1, 1, 1, 1], 'B': [1, 0, 1, 1, 1, 1, 1, 1, 0, 1], 'C': [1, 1, 0, 1, 0, 1, 1, 1, 1, 0], 'D': [0, 0, 1, 1, 0, 0, 1, 0, 0, 1]}, '北门东南侧': {'A': [0, 1, 1, 1, 1, 0, 1, 1, 1, 1], 'B': [0, 1, 1, 1, 0, 1, 1, 1, 0, 0], 'C': [1, 1, 0, 1, 1, 0, 1, 1, 0, 0], 'D': [1, 1, 0, 1, 1, 1, 1, 1, 1, 1], 'E': [1, 1, 1, 1, 1, 0, 1, 1, 1, 1], 'F': [1, 1, 1, 1, 0, 1, 1, 1, 1, 1]}, '橘园北侧南': {'A': [0, 0, 0, 1, 0, 0, 0, 0, 0, 1], 'B': [0, 0, 0, 0, 1, 0, 1, 1, 1, 0], 'C': [0, 0, 1, 0, 1, 0, 0, 0, 1, 1], 'D': [1, 0, 1, 1, 0, 0, 0, 1, 0, 0], 'E': [1, 0, 0, 0, 0, 0, 1, 0, 0, 1], 'F': [1, 1, 0, 0, 0, 0, 0, 1, 0, 0], 'G': [0, 1, 1, 1, 0, 1, 0, 0, 1, 0], 'H': [0, 1, 1, 1, 1, 1, 1, 1, 1, 1], 'I': [0, 1, 0, 0, 1, 0, 1, 0, 1, 1], 'J': [0, 0, 0, 0, 0, 0, 1, 1, 0, 0]}, '校医院西': {'A': [1, 1, 1, 1, 1, 1, 1, 1, 1, 1], 'B': [1, 1, 1, 0, 1, 1, 1, 0, 1, 1], 'C': [1, 1, 1, 1, 0, 0, 1, 1, 0, 1], 'D': [1, 1, 1, 1, 1, 1, 1, 1, 1, 1], 'E': [1, 1, 1, 1, 1, 1, 1, 1, 1, 1], 'F': [0, 1, 1, 1, 0, 1, 1, 1, 1, 1], 'G': [1, 1, 1, 1, 0, 1, 1, 1, 1, 0], 'H': [1, 1, 0, 0, 0, 0, 1, 1, 0, 1], 'I': [1, 1, 1, 1, 0, 0, 0, 0, 0, 1]}}
623136	2024-07-13 03:01:51.799000+08:00	2024-07-13 03:01:51.799000+08:00	{'东门北侧': {'A': [1, 1, 1, 1, 1, 1, 1, 1, 1, 1], 'B': [1, 1, 1, 1, 1, 1, 1, 1, 1, 1], 'C': [0, 1, 1, 1, 1, 1, 1, 1, 1, 0], 'D': [1, 1, 1, 1, 1, 0, 1, 1, 0, 1], 'E': [1, 1, 0, 0, 1, 1, 1, 0, 1, 1], 'F': [0, 1, 1, 1, 1, 1, 1, 1, 1, 1], 'G': [0, 1, 1, 1, 1, 0, 1, 1, 0, 0], 'H': [1, 1, 1, 1, 0, 1, 1, 1, 0, 0], 'I': [0, 1, 0, 1, 1, 0, 1, 1, 1, 1], 'J': [1, 0, 1, 0, 1, 0, 1, 1, 1, 0], 'K': [0, 1, 1, 0, 0, 1, 1, 1, 0, 0]}, '东门南侧': {'A': [0, 0, 0, 1, 0, 0, 1, 0, 1, 0], 'B': [0, 0, 0, 0, 0, 0, 0, 0, 0, 0]}, '西门北侧': {'A': [1, 1, 1, 1, 1, 1, 1, 1, 1, 1], 'B': [0, 1, 0, 1, 1, 0, 1, 1, 0, 1], 'C': [1, 1, 0, 1, 1, 1, 1, 1, 1, 0]}, '西门南侧': {'A': [0, 1, 1, 1, 1, 0, 1, 0, 1, 1], 'B': [1, 1, 1, 1, 1, 1, 1, 1, 1, 1], 'C': [1, 1, 1, 1, 1, 1, 1, 1, 1, 1]}, '南门西侧': {'A': [1, 1, 0, 1, 1, 1, 1, 1, 1, 1], 'B': [1, 1, 1, 1, 0, 0, 1, 1, 0, 1]}, '南门东侧': {'A': [1, 0, 0, 1, 1, 1, 1, 1, 1, 1], 'B': [1, 1, 1, 1, 1, 1, 1, 1, 1, 1]}, '北门东北侧': {'A': [1, 1, 1, 1, 1, 1, 1, 1, 1, 1], 'B': [1, 0, 1, 1, 1, 1, 1, 1, 0, 1], 'C': [1, 1, 0, 1, 0, 1, 1, 1, 1, 0], 'D': [0, 0, 1, 1, 0, 0, 1, 0, 0, 1]}, '北门东南侧': {'A': [0, 1, 1, 1, 1, 0, 1, 1, 1, 1], 'B': [0, 1, 1, 1, 0, 1, 1, 1, 0, 0], 'C': [1, 1, 0, 1, 1, 0, 1, 1, 0, 0], 'D': [1, 1, 0, 1, 1, 1, 1, 1, 1, 1], 'E': [1, 1, 1, 1, 1, 0, 1, 1, 1, 1], 'F': [1, 1, 1, 1, 0, 1, 1, 1, 1, 1]}, '橘园北侧南': {'A': [0, 0, 0, 1, 0, 0, 0, 0, 0, 1], 'B': [0, 0, 0, 0, 1, 0, 1, 1, 1, 0], 'C': [0, 0, 1, 0, 1, 0, 0, 0, 1, 1], 'D': [1, 0, 1, 1, 0, 0, 0, 1, 0, 0], 'E': [1, 0, 0, 0, 0, 0, 1, 0, 0, 1], 'F': [1, 1, 0, 0, 0, 0, 0, 1, 0, 0], 'G': [0, 1, 1, 1, 0, 1, 0, 0, 1, 0], 'H': [0, 1, 1, 1, 1, 1, 1, 1, 1, 1], 'I': [0, 1, 0, 0, 1, 0, 1, 0, 1, 1], 'J': [0, 0, 0, 0, 0, 0, 1, 1, 0, 0]}, '校医院西': {'A': [1, 1, 1, 1, 1, 1, 1, 1, 1, 1], 'B': [1, 1, 1, 0, 1, 1, 1, 0, 1, 1], 'C': [1, 1, 1, 1, 1, 0, 1, 1, 0, 1], 'D': [1, 1, 1, 1, 1, 1, 1, 1, 1, 1], 'E': [1, 1, 1, 1, 1, 1, 1, 1, 1, 1], 'F': [0, 1, 1, 1, 0, 1, 1, 1, 1, 1], 'G': [1, 1, 1, 1, 0, 1, 1, 1, 1, 0], 'H': [1, 1, 0, 0, 0, 0, 1, 1, 0, 1], 'I': [1, 1, 1, 1, 0, 0, 0, 0, 0, 1]}}
623137	2024-07-13 03:02:49.662000+08:00	2024-07-13 03:02:49.662000+08:00	{'东门北侧': {'A': [1, 1, 1, 1, 1, 1, 1, 1, 1, 1], 'B': [1, 1, 1, 1, 1, 1, 1, 1, 1, 1], 'C': [0, 1, 1, 1, 1, 1, 1, 1, 1, 0], 'D': [1, 1, 1, 1, 1, 0, 1, 1, 0, 1], 'E': [1, 1, 0, 0, 1, 1, 1, 0, 1, 1], 'F': [0, 1, 1, 1, 1, 1, 1, 1, 1, 1], 'G': [0, 1, 1, 1, 1, 0, 1, 1, 0, 0], 'H': [1, 1, 1, 1, 0, 1, 1, 1, 0, 0], 'I': [0, 1, 0, 1, 1, 0, 1, 1, 1, 1], 'J': [1, 0, 1, 0, 1, 0, 1, 1, 1, 0], 'K': [0, 1, 1, 0, 0, 1, 1, 1, 0, 0]}, '东门南侧': {'A': [0, 0, 0, 1, 0, 0, 1, 0, 1, 0], 'B': [0, 0, 0, 0, 0, 0, 0, 0, 0, 0]}, '西门北侧': {'A': [1, 1, 1, 1, 1, 1, 1, 1, 1, 1], 'B': [0, 1, 0, 1, 1, 0, 1, 1, 0, 1], 'C': [1, 1, 0, 1, 1, 1, 1, 1, 1, 0]}, '西门南侧': {'A': [0, 1, 1, 1, 1, 0, 1, 0, 1, 1], 'B': [1, 1, 1, 1, 1, 1, 1, 1, 1, 1], 'C': [1, 1, 1, 1, 1, 1, 1, 1, 1, 1]}, '南门西侧': {'A': [1, 1, 0, 1, 1, 1, 1, 1, 1, 1], 'B': [1, 1, 1, 1, 0, 0, 1, 1, 0, 1]}, '南门东侧': {'A': [1, 0, 0, 1, 1, 1, 1, 1, 1, 1], 'B': [1, 1, 1, 1, 1, 1, 1, 1, 1, 1]}, '北门东北侧': {'A': [1, 1, 1, 1, 1, 1, 1, 1, 1, 1], 'B': [1, 0, 1, 1, 1, 1, 1, 1, 0, 1], 'C': [1, 1, 0, 1, 0, 1, 1, 1, 1, 0], 'D': [0, 0, 1, 1, 0, 0, 1, 0, 0, 1]}, '北门东南侧': {'A': [0, 1, 1, 1, 1, 0, 1, 1, 1, 1], 'B': [0, 1, 1, 1, 0, 1, 1, 1, 0, 0], 'C': [1, 1, 0, 1, 1, 0, 1, 1, 0, 0], 'D': [1, 1, 0, 1, 1, 1, 1, 1, 1, 1], 'E': [1, 1, 1, 1, 1, 0, 1, 1, 1, 1], 'F': [1, 1, 1, 1, 0, 1, 1, 1, 1, 1]}, '橘园北侧南': {'A': [0, 0, 0, 1, 0, 0, 0, 0, 0, 1], 'B': [0, 0, 0, 0, 1, 0, 1, 1, 1, 0], 'C': [0, 0, 1, 0, 1, 0, 0, 0, 1, 1], 'D': [1, 0, 1, 1, 0, 0, 0, 1, 0, 0], 'E': [1, 0, 0, 0, 0, 0, 1, 0, 0, 1], 'F': [1, 1, 1, 0, 0, 0, 0, 1, 0, 0], 'G': [0, 1, 1, 1, 0, 1, 0, 0, 1, 0], 'H': [0, 1, 1, 1, 1, 1, 1, 1, 1, 1], 'I': [0, 1, 0, 0, 1, 0, 1, 0, 1, 1], 'J': [0, 0, 0, 0, 0, 0, 1, 1, 0, 0]}, '校医院西': {'A': [1, 1, 1, 1, 1, 1, 1, 1, 1, 1], 'B': [1, 1, 1, 0, 1, 1, 1, 0, 1, 1], 'C': [1, 1, 1, 1, 1, 0, 1, 1, 0, 1], 'D': [1, 1, 1, 1, 1, 1, 1, 1, 1, 1], 'E': [1, 1, 1, 1, 1, 1, 1, 1, 1, 1], 'F': [0, 1, 1, 1, 0, 1, 1, 1, 1, 1], 'G': [1, 1, 1, 1, 0, 1, 1, 1, 1, 0], 'H': [1, 1, 0, 0, 0, 0, 1, 1, 0, 1], 'I': [1, 1, 1, 1, 0, 0, 0, 0, 0, 1]}}
623138	2024-07-13 03:03:51.745000+08:00	2024-07-13 03:03:51.745000+08:00	{'东门北侧': {'A': [1, 1, 1, 1, 1, 1, 1, 1, 1, 1], 'B': [1, 1, 1, 1, 1, 1, 1, 1, 1, 1], 'C': [0, 1, 1, 1, 1, 1, 1, 1, 1, 0], 'D': [1, 1, 1, 1, 1, 0, 1, 1, 0, 1], 'E': [1, 1, 0, 0, 1, 1, 1, 0, 1, 1], 'F': [0, 1, 1, 1, 1, 1, 1, 1, 1, 1], 'G': [0, 1, 1, 1, 1, 0, 1, 1, 0, 0], 'H': [1, 1, 1, 1, 0, 1, 1, 1, 0, 0], 'I': [0, 1, 0, 1, 1, 0, 1, 1, 1, 1], 'J': [1, 0, 1, 0, 1, 0, 1, 1, 1, 0], 'K': [0, 1, 1, 0, 0, 1, 1, 1, 0, 0]}, '东门南侧': {'A': [0, 0, 0, 1, 0, 0, 1, 0, 1, 0], 'B': [0, 0, 0, 0, 0, 0, 0, 0, 0, 0]}, '西门北侧': {'A': [1, 1, 1, 1, 1, 1, 1, 1, 1, 1], 'B': [0, 1, 0, 1, 1, 0, 1, 1, 0, 1], 'C': [1, 1, 0, 1, 1, 1, 1, 1, 1, 0]}, '西门南侧': {'A': [0, 1, 1, 1, 1, 0, 1, 0, 1, 1], 'B': [1, 1, 1, 1, 1, 1, 1, 1, 1, 1], 'C': [1, 1, 1, 1, 1, 1, 1, 1, 1, 1]}, '南门西侧': {'A': [1, 1, 0, 1, 1, 1, 1, 1, 1, 1], 'B': [1, 1, 1, 1, 0, 0, 1, 1, 0, 1]}, '南门东侧': {'A': [1, 0, 0, 1, 1, 1, 1, 1, 1, 1], 'B': [1, 1, 1, 1, 1, 1, 1, 1, 1, 1]}, '北门东北侧': {'A': [1, 1, 1, 1, 1, 1, 1, 1, 1, 1], 'B': [1, 0, 1, 1, 1, 1, 1, 1, 0, 1], 'C': [1, 1, 0, 1, 0, 1, 1, 1, 1, 0], 'D': [0, 0, 1, 1, 0, 0, 1, 0, 0, 1]}, '北门东南侧': {'A': [0, 1, 1, 1, 1, 0, 1, 1, 1, 1], 'B': [0, 1, 1, 1, 0, 1, 1, 1, 0, 0], 'C': [1, 1, 0, 1, 1, 0, 1, 1, 0, 0], 'D': [1, 1, 0, 1, 1, 1, 1, 1, 1, 1], 'E': [1, 1, 1, 1, 1, 0, 1, 1, 1, 1], 'F': [1, 1, 1, 1, 0, 1, 1, 1, 1, 1]}, '橘园北侧南': {'A': [0, 0, 0, 1, 0, 0, 0, 0, 0, 1], 'B': [0, 0, 0, 0, 1, 0, 1, 1, 1, 0], 'C': [0, 0, 1, 0, 1, 0, 0, 0, 1, 1], 'D': [1, 0, 1, 1, 0, 0, 0, 1, 0, 0], 'E': [1, 0, 0, 0, 0, 0, 1, 0, 0, 1], 'F': [1, 1, 1, 0, 0, 0, 0, 1, 1, 0], 'G': [0, 1, 1, 1, 0, 1, 0, 0, 1, 0], 'H': [0, 1, 1, 1, 1, 1, 1, 1, 1, 1], 'I': [0, 1, 0, 0, 1, 0, 1, 0, 1, 1], 'J': [0, 0, 0, 0, 0, 0, 1, 1, 0, 0]}, '校医院西': {'A': [1, 1, 1, 1, 1, 1, 1, 1, 1, 1], 'B': [1, 1, 1, 0, 1, 1, 1, 0, 1, 1], 'C': [1, 1, 1, 1, 1, 0, 1, 1, 0, 1], 'D': [1, 1, 1, 1, 1, 1, 1, 1, 1, 1], 'E': [1, 1, 1, 1, 1, 1, 1, 1, 1, 1], 'F': [0, 1, 1, 1, 0, 1, 1, 1, 1, 1], 'G': [1, 1, 1, 1, 0, 1, 1, 1, 1, 0], 'H': [1, 1, 0, 0, 0, 0, 1, 1, 0, 1], 'I': [1, 1, 1, 1, 0, 0, 0, 0, 0, 1]}}
623139	2024-07-13 03:04:51.448000+08:00	2024-07-13 03:04:51.448000+08:00	{'东门北侧': {'A': [1, 1, 1, 1, 1, 1, 1, 1, 1, 1], 'B': [1, 1, 1, 1, 1, 1, 1, 1, 1, 1], 'C': [0, 1, 1, 1, 1, 1, 1, 1, 1, 0], 'D': [1, 1, 1, 1, 1, 0, 1, 1, 0, 1], 'E': [1, 1, 0, 0, 1, 1, 1, 0, 1, 1], 'F': [0, 1, 1, 1, 1, 1, 1, 1, 1, 1], 'G': [0, 1, 1, 1, 1, 0, 1, 1, 0, 0], 'H': [1, 1, 1, 1, 0, 1, 1, 1, 0, 0], 'I': [0, 1, 0, 1, 1, 0, 1, 1, 1, 1], 'J': [1, 0, 1, 0, 1, 0, 1, 1, 1, 0], 'K': [0, 1, 1, 0, 0, 1, 1, 1, 0, 0]}, '东门南侧': {'A': [0, 0, 0, 1, 0, 0, 1, 0, 1, 0], 'B': [0, 0, 0, 0, 0, 0, 0, 0, 0, 0]}, '西门北侧': {'A': [1, 1, 1, 1, 1, 1, 1, 1, 1, 1], 'B': [0, 1, 0, 1, 1, 0, 1, 1, 0, 1], 'C': [1, 1, 0, 1, 1, 1, 1, 1, 1, 0]}, '西门南侧': {'A': [0, 1, 1, 1, 1, 0, 1, 0, 1, 1], 'B': [1, 1, 1, 1, 1, 1, 1, 1, 1, 1], 'C': [1, 1, 1, 1, 1, 1, 1, 1, 1, 1]}, '南门西侧': {'A': [1, 1, 0, 1, 1, 1, 1, 1, 1, 1], 'B': [1, 1, 1, 1, 0, 0, 1, 1, 0, 1]}, '南门东侧': {'A': [1, 0, 0, 1, 1, 1, 1, 1, 1, 1], 'B': [1, 1, 1, 1, 1, 1, 1, 1, 1, 1]}, '北门东北侧': {'A': [1, 1, 1, 1, 1, 1, 1, 1, 1, 1], 'B': [1, 0, 1, 1, 1, 1, 1, 1, 0, 1], 'C': [1, 1, 0, 1, 0, 1, 1, 1, 1, 0], 'D': [0, 0, 1, 1, 0, 0, 1, 0, 0, 1]}, '北门东南侧': {'A': [0, 1, 1, 1, 1, 0, 1, 1, 1, 1], 'B': [0, 1, 1, 1, 0, 1, 1, 1, 0, 0], 'C': [1, 1, 0, 1, 1, 0, 1, 1, 0, 0], 'D': [1, 1, 0, 1, 1, 1, 1, 1, 1, 1], 'E': [1, 1, 1, 1, 1, 0, 1, 1, 1, 1], 'F': [1, 1, 1, 1, 0, 1, 1, 1, 1, 1]}, '橘园北侧南': {'A': [0, 0, 0, 1, 0, 0, 0, 0, 0, 1], 'B': [0, 0, 0, 0, 1, 0, 1, 1, 1, 0], 'C': [0, 0, 1, 0, 1, 0, 0, 0, 1, 1], 'D': [1, 0, 1, 1, 0, 0, 0, 1, 0, 0], 'E': [1, 0, 0, 0, 0, 0, 1, 0, 0, 1], 'F': [1, 1, 1, 0, 0, 0, 0, 1, 1, 0], 'G': [0, 1, 1, 1, 0, 1, 0, 0, 1, 0], 'H': [0, 1, 1, 1, 1, 1, 1, 1, 1, 1], 'I': [0, 1, 0, 0, 1, 0, 1, 0, 1, 1], 'J': [0, 0, 0, 0, 0, 0, 1, 1, 0, 0]}, '校医院西': {'A': [1, 1, 1, 1, 1, 1, 1, 1, 1, 1], 'B': [1, 1, 1, 0, 1, 1, 1, 0, 1, 1], 'C': [1, 1, 1, 1, 1, 0, 1, 1, 0, 1], 'D': [1, 1, 1, 1, 1, 1, 1, 1, 1, 1], 'E': [1, 1, 1, 1, 1, 1, 1, 1, 1, 1], 'F': [0, 1, 1, 1, 0, 1, 1, 1, 1, 1], 'G': [1, 1, 1, 1, 0, 1, 1, 1, 1, 0], 'H': [1, 1, 0, 0, 0, 0, 1, 1, 0, 1], 'I': [1, 1, 1, 1, 0, 0, 0, 0, 0, 1]}}
623140	2024-07-13 03:05:51.013000+08:00	2024-07-13 03:05:51.013000+08:00	{'东门北侧': {'A': [1, 1, 1, 1, 1, 1, 1, 1, 1, 1], 'B': [1, 1, 1, 1, 1, 1, 1, 1, 1, 1], 'C': [0, 1, 1, 1, 1, 1, 1, 1, 1, 0], 'D': [1, 1, 1, 1, 1, 0, 1, 1, 0, 1], 'E': [1, 1, 0, 0, 1, 1, 1, 0, 1, 1], 'F': [0, 1, 1, 1, 1, 1, 1, 1, 1, 1], 'G': [0, 1, 1, 1, 1, 0, 1, 1, 0, 0], 'H': [1, 1, 1, 1, 0, 1, 1, 1, 0, 0], 'I': [0, 1, 0, 1, 1, 0, 1, 1, 1, 1], 'J': [1, 0, 1, 0, 1, 0, 1, 1, 1, 0], 'K': [0, 1, 1, 0, 0, 1, 1, 1, 0, 0]}, '东门南侧': {'A': [0, 0, 0, 1, 0, 0, 1, 0, 1, 0], 'B': [0, 0, 0, 0, 0, 0, 0, 0, 0, 0]}, '西门北侧': {'A': [1, 1, 1, 1, 1, 1, 1, 1, 1, 1], 'B': [0, 1, 0, 1, 1, 0, 1, 1, 0, 1], 'C': [1, 1, 0, 1, 1, 1, 1, 1, 1, 0]}, '西门南侧': {'A': [0, 1, 1, 1, 1, 0, 1, 0, 1, 1], 'B': [1, 1, 1, 1, 1, 1, 1, 1, 1, 1], 'C': [1, 1, 1, 1, 1, 1, 1, 1, 1, 1]}, '南门西侧': {'A': [1, 1, 0, 1, 1, 1, 1, 1, 1, 1], 'B': [1, 1, 1, 1, 0, 0, 1, 1, 0, 1]}, '南门东侧': {'A': [1, 0, 0, 1, 1, 1, 1, 1, 1, 1], 'B': [1, 1, 1, 1, 1, 1, 1, 1, 1, 1]}, '北门东北侧': {'A': [1, 1, 1, 1, 1, 1, 1, 1, 1, 1], 'B': [1, 0, 1, 1, 1, 1, 1, 1, 0, 1], 'C': [1, 1, 0, 1, 0, 1, 1, 1, 1, 0], 'D': [0, 0, 1, 1, 0, 0, 1, 0, 0, 1]}, '北门东南侧': {'A': [0, 1, 1, 1, 1, 0, 1, 1, 1, 1], 'B': [0, 1, 1, 1, 0, 1, 1, 1, 0, 0], 'C': [1, 1, 0, 1, 1, 0, 1, 1, 0, 0], 'D': [1, 1, 0, 1, 1, 1, 1, 1, 1, 1], 'E': [1, 1, 1, 1, 1, 0, 1, 1, 1, 1], 'F': [1, 1, 1, 1, 0, 1, 1, 1, 1, 1]}, '橘园北侧南': {'A': [0, 0, 0, 1, 0, 0, 0, 0, 0, 1], 'B': [0, 0, 0, 0, 1, 0, 1, 1, 1, 0], 'C': [0, 0, 1, 0, 1, 0, 0, 0, 1, 1], 'D': [1, 0, 1, 1, 0, 0, 0, 1, 0, 0], 'E': [1, 0, 0, 0, 0, 0, 1, 0, 0, 1], 'F': [1, 1, 1, 0, 0, 0, 0, 1, 1, 0], 'G': [0, 1, 1, 1, 0, 1, 0, 0, 1, 0], 'H': [0, 1, 1, 1, 1, 1, 1, 1, 1, 1], 'I': [0, 1, 0, 0, 1, 0, 1, 0, 1, 1], 'J': [0, 0, 0, 0, 0, 0, 1, 1, 0, 0]}, '校医院西': {'A': [1, 1, 1, 1, 1, 1, 1, 1, 1, 1], 'B': [1, 1, 1, 0, 1, 1, 1, 0, 1, 1], 'C': [1, 1, 1, 1, 1, 0, 1, 1, 0, 1], 'D': [1, 1, 1, 1, 1, 1, 1, 1, 1, 1], 'E': [1, 1, 1, 1, 1, 1, 1, 1, 1, 1], 'F': [0, 1, 1, 1, 0, 1, 1, 1, 1, 1], 'G': [1, 1, 1, 1, 0, 1, 1, 1, 1, 0], 'H': [1, 1, 0, 0, 0, 0, 1, 1, 0, 1], 'I': [1, 1, 1, 1, 0, 0, 0, 0, 0, 1]}}
623141	2024-07-13 03:06:49.448000+08:00	2024-07-13 03:06:49.448000+08:00	{'东门北侧': {'A': [1, 1, 1, 1, 1, 1, 1, 1, 1, 1], 'B': [1, 1, 1, 1, 1, 1, 1, 1, 1, 1], 'C': [0, 1, 1, 1, 1, 1, 1, 1, 1, 0], 'D': [1, 1, 1, 1, 1, 0, 1, 1, 0, 1], 'E': [1, 1, 0, 0, 1, 1, 1, 0, 1, 1], 'F': [0, 1, 1, 1, 1, 1, 1, 1, 1, 1], 'G': [0, 1, 1, 1, 1, 0, 1, 1, 0, 0], 'H': [1, 1, 1, 1, 0, 1, 1, 1, 0, 0], 'I': [0, 1, 0, 1, 1, 0, 1, 1, 1, 1], 'J': [1, 0, 1, 0, 1, 0, 1, 1, 1, 0], 'K': [0, 1, 1, 0, 0, 1, 1, 1, 0, 0]}, '东门南侧': {'A': [0, 0, 0, 1, 0, 0, 1, 0, 1, 0], 'B': [0, 0, 0, 0, 0, 0, 0, 0, 0, 0]}, '西门北侧': {'A': [1, 1, 1, 1, 1, 1, 1, 1, 1, 1], 'B': [0, 1, 0, 1, 1, 0, 1, 1, 0, 1], 'C': [1, 1, 0, 1, 1, 1, 1, 1, 1, 0]}, '西门南侧': {'A': [0, 1, 1, 1, 1, 0, 1, 0, 1, 1], 'B': [1, 1, 1, 1, 1, 1, 1, 1, 1, 1], 'C': [1, 1, 1, 1, 1, 1, 1, 1, 1, 1]}, '南门西侧': {'A': [1, 1, 0, 1, 1, 1, 1, 1, 1, 1], 'B': [1, 1, 1, 1, 0, 0, 1, 1, 0, 1]}, '南门东侧': {'A': [1, 0, 0, 1, 1, 1, 1, 1, 1, 1], 'B': [1, 1, 1, 1, 1, 1, 1, 1, 1, 1]}, '北门东北侧': {'A': [1, 1, 1, 1, 1, 1, 1, 1, 1, 1], 'B': [1, 0, 1, 1, 1, 1, 1, 1, 0, 1], 'C': [1, 1, 0, 1, 0, 1, 1, 1, 1, 0], 'D': [0, 0, 1, 1, 0, 0, 1, 0, 0, 1]}, '北门东南侧': {'A': [0, 1, 1, 1, 1, 0, 1, 1, 1, 1], 'B': [0, 1, 1, 1, 0, 1, 1, 1, 0, 0], 'C': [1, 1, 0, 1, 1, 0, 1, 1, 0, 0], 'D': [1, 1, 0, 1, 1, 1, 1, 1, 1, 1], 'E': [1, 1, 1, 1, 1, 0, 1, 1, 1, 1], 'F': [1, 1, 1, 1, 0, 1, 1, 1, 1, 1]}, '橘园北侧南': {'A': [0, 0, 0, 1, 0, 0, 0, 0, 0, 1], 'B': [0, 0, 0, 0, 1, 0, 1, 1, 1, 0], 'C': [0, 0, 1, 0, 1, 0, 0, 0, 1, 1], 'D': [1, 0, 1, 1, 0, 0, 0, 1, 0, 0], 'E': [1, 0, 0, 0, 0, 0, 1, 0, 0, 1], 'F': [1, 1, 1, 0, 0, 0, 0, 1, 1, 0], 'G': [0, 1, 1, 1, 0, 1, 0, 0, 1, 0], 'H': [0, 1, 1, 1, 1, 1, 1, 1, 1, 1], 'I': [0, 1, 0, 0, 1, 0, 1, 0, 1, 1], 'J': [0, 0, 0, 0, 0, 0, 1, 1, 0, 0]}, '校医院西': {'A': [1, 1, 1, 1, 1, 1, 1, 1, 1, 1], 'B': [1, 1, 1, 0, 1, 1, 1, 0, 1, 1], 'C': [1, 1, 1, 1, 1, 0, 1, 1, 0, 1], 'D': [1, 1, 1, 1, 1, 1, 1, 1, 1, 1], 'E': [1, 1, 1, 1, 1, 1, 1, 1, 1, 1], 'F': [0, 1, 1, 1, 0, 1, 1, 1, 1, 1], 'G': [1, 1, 1, 1, 0, 1, 1, 1, 1, 0], 'H': [1, 1, 0, 0, 0, 0, 1, 1, 0, 1], 'I': [1, 1, 1, 1, 0, 0, 0, 0, 0, 1]}}
623142	2024-07-13 03:07:49.572000+08:00	2024-07-13 03:07:49.572000+08:00	{'东门北侧': {'A': [1, 1, 1, 1, 1, 1, 1, 1, 1, 1], 'B': [1, 1, 1, 1, 1, 1, 1, 1, 1, 1], 'C': [0, 1, 1, 1, 1, 1, 1, 1, 1, 0], 'D': [1, 1, 1, 1, 1, 0, 1, 1, 0, 1], 'E': [1, 1, 0, 0, 1, 1, 1, 0, 1, 1], 'F': [0, 1, 1, 1, 1, 1, 1, 1, 1, 1], 'G': [0, 1, 1, 1, 1, 0, 1, 1, 0, 0], 'H': [1, 1, 1, 1, 0, 1, 1, 1, 0, 0], 'I': [0, 1, 0, 1, 1, 0, 1, 1, 1, 1], 'J': [1, 0, 1, 0, 1, 0, 1, 1, 1, 0], 'K': [0, 1, 1, 0, 0, 1, 1, 1, 0, 0]}, '东门南侧': {'A': [0, 0, 0, 1, 0, 0, 1, 0, 1, 0], 'B': [0, 0, 0, 0, 0, 0, 0, 0, 0, 0]}, '西门北侧': {'A': [1, 1, 1, 1, 1, 1, 1, 1, 1, 1], 'B': [0, 1, 0, 1, 1, 0, 1, 1, 0, 1], 'C': [1, 1, 0, 1, 1, 1, 1, 1, 1, 0]}, '西门南侧': {'A': [0, 1, 1, 1, 1, 0, 1, 0, 1, 1], 'B': [1, 1, 1, 1, 1, 1, 1, 1, 1, 1], 'C': [1, 1, 1, 1, 1, 1, 1, 1, 1, 1]}, '南门西侧': {'A': [1, 1, 0, 1, 1, 1, 1, 1, 1, 1], 'B': [1, 1, 1, 1, 0, 0, 1, 1, 0, 1]}, '南门东侧': {'A': [1, 0, 0, 1, 1, 1, 1, 1, 1, 1], 'B': [1, 1, 1, 1, 1, 1, 1, 1, 1, 1]}, '北门东北侧': {'A': [1, 1, 1, 1, 1, 1, 1, 1, 1, 1], 'B': [1, 0, 1, 1, 1, 1, 1, 1, 0, 1], 'C': [1, 1, 0, 1, 0, 1, 1, 1, 1, 0], 'D': [0, 0, 1, 1, 0, 0, 1, 0, 0, 1]}, '北门东南侧': {'A': [0, 1, 1, 1, 1, 0, 1, 1, 1, 1], 'B': [0, 1, 1, 1, 0, 1, 1, 1, 0, 0], 'C': [1, 1, 0, 1, 1, 0, 1, 1, 0, 0], 'D': [1, 1, 0, 1, 1, 1, 1, 1, 1, 1], 'E': [1, 1, 1, 1, 1, 0, 1, 1, 1, 1], 'F': [1, 1, 1, 1, 0, 1, 1, 1, 1, 1]}, '橘园北侧南': {'A': [0, 0, 0, 1, 0, 0, 1, 0, 0, 1], 'B': [0, 0, 0, 0, 1, 0, 1, 1, 1, 0], 'C': [0, 0, 1, 0, 1, 0, 0, 0, 1, 1], 'D': [1, 0, 1, 1, 0, 0, 0, 1, 0, 0], 'E': [1, 0, 0, 0, 0, 0, 1, 0, 0, 1], 'F': [1, 1, 1, 0, 0, 0, 0, 1, 1, 0], 'G': [0, 1, 1, 1, 0, 1, 0, 0, 1, 0], 'H': [0, 1, 1, 1, 1, 1, 1, 1, 1, 1], 'I': [0, 1, 0, 0, 1, 0, 1, 0, 1, 1], 'J': [0, 0, 0, 0, 0, 0, 1, 1, 0, 0]}, '校医院西': {'A': [1, 1, 1, 1, 1, 1, 1, 1, 1, 1], 'B': [1, 1, 1, 0, 1, 1, 1, 0, 1, 1], 'C': [1, 1, 1, 1, 1, 0, 1, 1, 0, 1], 'D': [1, 1, 1, 1, 1, 1, 1, 1, 1, 1], 'E': [1, 1, 1, 1, 1, 1, 1, 1, 1, 1], 'F': [0, 1, 1, 1, 0, 1, 1, 1, 1, 1], 'G': [1, 1, 1, 1, 0, 1, 1, 1, 1, 0], 'H': [1, 1, 0, 0, 0, 0, 1, 1, 0, 1], 'I': [1, 1, 1, 1, 0, 0, 0, 0, 0, 1]}}
623143	2024-07-13 03:08:49.765000+08:00	2024-07-13 03:08:49.765000+08:00	{'东门北侧': {'A': [1, 1, 1, 1, 1, 1, 1, 1, 1, 1], 'B': [1, 1, 1, 1, 1, 1, 1, 1, 1, 1], 'C': [0, 1, 1, 1, 1, 1, 1, 1, 1, 0], 'D': [1, 1, 1, 1, 1, 0, 1, 1, 0, 1], 'E': [1, 1, 0, 0, 1, 1, 1, 0, 1, 1], 'F': [0, 1, 1, 1, 1, 1, 1, 1, 1, 1], 'G': [0, 1, 1, 1, 1, 0, 1, 1, 0, 0], 'H': [1, 1, 1, 1, 0, 1, 1, 1, 0, 0], 'I': [0, 1, 0, 1, 1, 0, 1, 1, 1, 1], 'J': [1, 0, 1, 0, 1, 0, 1, 1, 1, 0], 'K': [0, 1, 1, 0, 0, 1, 1, 1, 0, 0]}, '东门南侧': {'A': [0, 0, 0, 1, 0, 0, 1, 0, 1, 0], 'B': [0, 0, 0, 0, 0, 0, 0, 0, 0, 0]}, '西门北侧': {'A': [1, 1, 1, 1, 1, 1, 1, 1, 1, 1], 'B': [0, 1, 0, 1, 1, 0, 1, 1, 0, 1], 'C': [1, 1, 0, 1, 1, 1, 1, 1, 1, 0]}, '西门南侧': {'A': [0, 1, 1, 1, 1, 0, 1, 0, 1, 1], 'B': [1, 1, 1, 1, 1, 1, 1, 1, 1, 1], 'C': [1, 1, 1, 1, 1, 1, 1, 1, 1, 1]}, '南门西侧': {'A': [1, 1, 0, 1, 1, 1, 1, 1, 1, 1], 'B': [1, 1, 1, 1, 0, 0, 1, 1, 0, 1]}, '南门东侧': {'A': [1, 0, 0, 1, 1, 1, 1, 1, 1, 1], 'B': [1, 1, 1, 1, 1, 1, 1, 1, 1, 1]}, '北门东北侧': {'A': [1, 1, 1, 1, 1, 1, 1, 1, 1, 1], 'B': [1, 0, 1, 1, 1, 1, 1, 1, 0, 1], 'C': [1, 1, 0, 1, 0, 1, 1, 1, 1, 0], 'D': [0, 0, 1, 1, 0, 0, 1, 0, 0, 1]}, '北门东南侧': {'A': [0, 1, 1, 1, 1, 0, 1, 1, 1, 1], 'B': [0, 1, 1, 1, 0, 1, 1, 1, 1, 0], 'C': [1, 1, 0, 1, 1, 0, 1, 1, 0, 0], 'D': [1, 1, 0, 1, 1, 1, 1, 1, 1, 1], 'E': [1, 1, 1, 1, 1, 0, 1, 1, 1, 1], 'F': [1, 1, 1, 1, 0, 1, 1, 1, 1, 1]}, '橘园北侧南': {'A': [0, 0, 0, 1, 0, 0, 1, 0, 0, 1], 'B': [0, 0, 0, 0, 1, 0, 1, 1, 1, 0], 'C': [0, 0, 1, 0, 1, 0, 0, 0, 1, 1], 'D': [1, 0, 1, 1, 0, 0, 0, 1, 0, 0], 'E': [1, 0, 0, 0, 0, 0, 1, 0, 0, 1], 'F': [1, 1, 1, 0, 0, 0, 0, 1, 1, 0], 'G': [0, 1, 1, 1, 0, 1, 1, 0, 1, 0], 'H': [0, 1, 1, 1, 1, 1, 1, 1, 1, 1], 'I': [0, 1, 0, 0, 1, 0, 1, 0, 1, 1], 'J': [0, 0, 0, 0, 0, 0, 1, 1, 0, 0]}, '校医院西': {'A': [1, 1, 1, 1, 1, 1, 1, 1, 1, 1], 'B': [1, 1, 1, 0, 1, 1, 1, 0, 1, 1], 'C': [1, 1, 1, 1, 1, 0, 1, 1, 0, 1], 'D': [1, 1, 1, 1, 1, 1, 1, 1, 1, 1], 'E': [1, 1, 1, 1, 1, 1, 1, 1, 1, 1], 'F': [0, 1, 1, 1, 0, 1, 1, 1, 1, 1], 'G': [1, 1, 1, 1, 0, 1, 1, 1, 1, 0], 'H': [1, 1, 0, 0, 0, 0, 1, 1, 0, 1], 'I': [1, 1, 1, 1, 0, 0, 0, 0, 0, 1]}}
623144	2024-07-13 03:09:47.642000+08:00	2024-07-13 03:09:47.642000+08:00	{'东门北侧': {'A': [1, 1, 1, 1, 1, 1, 1, 1, 1, 1], 'B': [1, 1, 1, 1, 1, 1, 1, 1, 1, 1], 'C': [0, 1, 1, 1, 1, 1, 1, 1, 1, 0], 'D': [1, 1, 1, 1, 1, 0, 1, 1, 0, 1], 'E': [1, 1, 0, 0, 1, 1, 1, 0, 1, 1], 'F': [0, 1, 1, 1, 1, 1, 1, 1, 1, 1], 'G': [0, 1, 1, 1, 1, 0, 1, 1, 0, 0], 'H': [1, 1, 1, 1, 0, 1, 1, 1, 0, 0], 'I': [0, 1, 0, 1, 1, 0, 1, 1, 1, 1], 'J': [1, 0, 1, 0, 1, 0, 1, 1, 1, 0], 'K': [0, 1, 1, 0, 0, 1, 1, 1, 0, 0]}, '东门南侧': {'A': [0, 0, 0, 1, 0, 0, 1, 0, 1, 0], 'B': [0, 0, 0, 0, 0, 0, 0, 0, 0, 0]}, '西门北侧': {'A': [1, 1, 1, 1, 1, 1, 1, 1, 1, 1], 'B': [0, 1, 0, 1, 1, 0, 1, 1, 0, 1], 'C': [1, 1, 0, 1, 1, 1, 1, 1, 1, 0]}, '西门南侧': {'A': [0, 1, 1, 1, 1, 0, 1, 0, 1, 1], 'B': [1, 1, 1, 1, 1, 1, 1, 1, 1, 1], 'C': [1, 1, 1, 1, 1, 1, 1, 1, 1, 1]}, '南门西侧': {'A': [1, 1, 0, 1, 1, 1, 1, 1, 1, 1], 'B': [1, 1, 1, 1, 0, 0, 1, 1, 0, 1]}, '南门东侧': {'A': [1, 0, 0, 1, 1, 1, 1, 1, 1, 1], 'B': [1, 1, 1, 1, 1, 1, 1, 1, 1, 1]}, '北门东北侧': {'A': [1, 1, 1, 1, 1, 1, 1, 1, 1, 1], 'B': [1, 0, 1, 1, 1, 1, 1, 1, 0, 1], 'C': [1, 1, 0, 1, 0, 1, 1, 1, 1, 0], 'D': [0, 0, 1, 1, 0, 0, 1, 0, 0, 1]}, '北门东南侧': {'A': [0, 1, 1, 1, 1, 0, 1, 1, 1, 1], 'B': [0, 1, 1, 1, 0, 1, 1, 1, 1, 0], 'C': [1, 1, 0, 1, 1, 0, 1, 1, 0, 0], 'D': [1, 1, 0, 1, 1, 1, 1, 1, 1, 1], 'E': [1, 1, 1, 1, 1, 0, 1, 1, 1, 1], 'F': [1, 1, 1, 1, 0, 1, 1, 1, 1, 1]}, '橘园北侧南': {'A': [0, 0, 0, 1, 0, 0, 1, 0, 0, 1], 'B': [0, 0, 0, 0, 1, 0, 1, 1, 1, 0], 'C': [0, 0, 1, 0, 1, 0, 0, 0, 1, 1], 'D': [1, 0, 1, 1, 0, 0, 0, 1, 0, 0], 'E': [1, 0, 0, 0, 0, 0, 1, 0, 0, 1], 'F': [1, 1, 1, 0, 0, 0, 0, 1, 1, 0], 'G': [0, 1, 1, 1, 0, 1, 1, 0, 1, 0], 'H': [0, 1, 1, 1, 1, 1, 1, 1, 1, 1], 'I': [0, 1, 0, 0, 1, 0, 1, 0, 1, 1], 'J': [0, 0, 0, 0, 0, 0, 1, 1, 0, 0]}, '校医院西': {'A': [1, 1, 1, 1, 1, 1, 1, 1, 1, 1], 'B': [1, 1, 1, 0, 1, 1, 1, 0, 1, 1], 'C': [1, 1, 1, 1, 1, 0, 1, 1, 0, 1], 'D': [1, 1, 1, 1, 1, 1, 1, 1, 1, 1], 'E': [1, 1, 1, 1, 1, 1, 1, 1, 1, 1], 'F': [0, 1, 1, 1, 0, 1, 1, 1, 1, 1], 'G': [1, 1, 1, 1, 0, 1, 1, 1, 1, 0], 'H': [1, 1, 0, 0, 0, 0, 1, 1, 0, 1], 'I': [1, 1, 1, 1, 0, 0, 0, 0, 0, 1]}}
623145	2024-07-13 03:10:50.682000+08:00	2024-07-13 03:10:50.682000+08:00	{'东门北侧': {'A': [1, 1, 1, 1, 1, 1, 1, 1, 1, 1], 'B': [1, 1, 1, 1, 1, 1, 1, 1, 1, 1], 'C': [0, 1, 1, 1, 1, 1, 1, 1, 1, 0], 'D': [1, 1, 1, 1, 1, 0, 1, 1, 0, 1], 'E': [1, 1, 0, 0, 1, 1, 1, 0, 1, 1], 'F': [0, 1, 1, 1, 1, 1, 1, 1, 1, 1], 'G': [0, 1, 1, 1, 1, 0, 1, 1, 0, 0], 'H': [1, 1, 1, 1, 0, 1, 1, 1, 0, 0], 'I': [0, 1, 0, 1, 1, 0, 1, 1, 1, 1], 'J': [1, 0, 1, 0, 1, 0, 1, 1, 1, 0], 'K': [0, 1, 1, 0, 0, 1, 1, 1, 0, 0]}, '东门南侧': {'A': [0, 0, 0, 1, 0, 0, 1, 0, 1, 0], 'B': [0, 0, 0, 0, 0, 0, 0, 0, 0, 0]}, '西门北侧': {'A': [1, 1, 1, 1, 1, 1, 1, 1, 1, 1], 'B': [0, 1, 0, 1, 1, 0, 1, 1, 0, 1], 'C': [1, 1, 0, 1, 1, 1, 1, 1, 1, 0]}, '西门南侧': {'A': [0, 1, 1, 1, 1, 0, 1, 0, 1, 1], 'B': [1, 1, 1, 1, 1, 1, 1, 1, 1, 1], 'C': [1, 1, 1, 1, 1, 1, 1, 1, 1, 1]}, '南门西侧': {'A': [1, 1, 0, 1, 1, 1, 1, 1, 1, 1], 'B': [1, 1, 1, 1, 0, 0, 1, 1, 0, 1]}, '南门东侧': {'A': [1, 0, 0, 1, 1, 1, 1, 1, 1, 1], 'B': [1, 1, 1, 1, 1, 1, 1, 1, 1, 1]}, '北门东北侧': {'A': [1, 1, 1, 1, 1, 1, 1, 1, 1, 1], 'B': [1, 0, 1, 1, 1, 1, 1, 1, 0, 1], 'C': [1, 1, 0, 1, 0, 1, 1, 1, 1, 0], 'D': [0, 0, 1, 1, 0, 0, 1, 0, 0, 1]}, '北门东南侧': {'A': [0, 1, 1, 1, 1, 0, 1, 1, 1, 1], 'B': [0, 1, 1, 1, 0, 1, 1, 1, 1, 0], 'C': [1, 1, 0, 1, 1, 0, 1, 1, 0, 0], 'D': [1, 1, 0, 1, 1, 1, 1, 1, 1, 1], 'E': [1, 1, 1, 1, 1, 0, 1, 1, 1, 1], 'F': [1, 1, 1, 1, 0, 1, 1, 1, 1, 1]}, '橘园北侧南': {'A': [0, 0, 0, 1, 0, 0, 1, 0, 0, 1], 'B': [0, 0, 0, 0, 1, 0, 1, 1, 1, 0], 'C': [0, 0, 1, 0, 1, 0, 0, 0, 1, 1], 'D': [1, 0, 1, 1, 0, 0, 0, 1, 0, 0], 'E': [1, 0, 0, 0, 0, 0, 1, 0, 0, 1], 'F': [1, 1, 1, 0, 0, 0, 0, 1, 1, 0], 'G': [0, 1, 1, 1, 0, 1, 1, 0, 1, 0], 'H': [0, 1, 1, 1, 1, 1, 1, 1, 1, 1], 'I': [0, 1, 0, 0, 1, 0, 1, 0, 1, 1], 'J': [0, 0, 0, 0, 0, 0, 1, 1, 0, 0]}, '校医院西': {'A': [1, 1, 1, 1, 1, 1, 1, 1, 1, 1], 'B': [1, 1, 1, 0, 1, 1, 1, 0, 1, 1], 'C': [1, 1, 1, 1, 1, 0, 1, 1, 0, 1], 'D': [1, 1, 1, 1, 1, 1, 1, 1, 1, 1], 'E': [1, 1, 1, 1, 1, 1, 1, 1, 1, 1], 'F': [0, 1, 1, 1, 0, 1, 1, 1, 1, 1], 'G': [1, 1, 1, 1, 0, 1, 1, 1, 1, 0], 'H': [1, 1, 0, 0, 0, 0, 1, 1, 0, 1], 'I': [1, 1, 1, 1, 0, 0, 0, 0, 0, 1]}}
623146	2024-07-13 03:11:48.583000+08:00	2024-07-13 03:11:48.583000+08:00	{'东门北侧': {'A': [1, 1, 1, 1, 1, 1, 1, 1, 1, 1], 'B': [1, 1, 1, 1, 1, 1, 1, 1, 1, 1], 'C': [0, 1, 1, 1, 1, 1, 1, 1, 1, 0], 'D': [1, 1, 1, 1, 1, 0, 1, 1, 0, 1], 'E': [1, 1, 0, 0, 1, 1, 1, 0, 1, 1], 'F': [0, 1, 1, 1, 1, 1, 1, 1, 1, 1], 'G': [0, 1, 1, 1, 1, 0, 1, 1, 0, 0], 'H': [1, 1, 1, 1, 0, 1, 1, 1, 0, 0], 'I': [0, 1, 0, 1, 1, 0, 1, 1, 1, 1], 'J': [1, 0, 1, 0, 1, 0, 1, 1, 1, 0], 'K': [0, 1, 1, 0, 0, 1, 1, 1, 0, 0]}, '东门南侧': {'A': [0, 0, 0, 1, 0, 0, 1, 0, 1, 0], 'B': [0, 0, 0, 0, 0, 0, 0, 0, 0, 0]}, '西门北侧': {'A': [1, 1, 1, 1, 1, 1, 1, 1, 1, 1], 'B': [0, 1, 0, 1, 1, 0, 1, 1, 0, 1], 'C': [1, 1, 0, 1, 1, 1, 1, 1, 1, 0]}, '西门南侧': {'A': [0, 1, 1, 1, 1, 0, 1, 0, 1, 1], 'B': [1, 1, 1, 1, 1, 1, 1, 1, 1, 1], 'C': [1, 1, 1, 1, 1, 1, 1, 1, 1, 1]}, '南门西侧': {'A': [1, 1, 0, 1, 1, 1, 1, 1, 1, 1], 'B': [1, 1, 1, 1, 0, 0, 1, 1, 0, 1]}, '南门东侧': {'A': [1, 0, 0, 1, 1, 1, 1, 1, 1, 1], 'B': [1, 1, 1, 1, 1, 1, 1, 1, 1, 1]}, '北门东北侧': {'A': [1, 1, 1, 1, 1, 1, 1, 1, 1, 1], 'B': [1, 0, 1, 1, 1, 1, 1, 1, 0, 1], 'C': [1, 1, 0, 1, 0, 1, 1, 1, 1, 0], 'D': [0, 0, 1, 1, 0, 0, 1, 0, 0, 1]}, '北门东南侧': {'A': [0, 1, 1, 1, 1, 0, 1, 1, 1, 1], 'B': [0, 1, 1, 1, 0, 1, 1, 1, 1, 0], 'C': [1, 1, 0, 1, 1, 0, 1, 1, 0, 0], 'D': [1, 1, 0, 1, 1, 1, 1, 1, 1, 1], 'E': [1, 1, 1, 1, 1, 0, 1, 1, 1, 1], 'F': [1, 1, 1, 1, 0, 1, 1, 1, 1, 1]}, '橘园北侧南': {'A': [0, 0, 0, 1, 0, 0, 1, 0, 0, 1], 'B': [0, 0, 0, 0, 1, 0, 1, 1, 1, 0], 'C': [0, 0, 1, 0, 1, 0, 0, 0, 1, 1], 'D': [1, 0, 1, 1, 0, 0, 0, 1, 0, 0], 'E': [1, 0, 0, 0, 0, 0, 1, 1, 0, 1], 'F': [1, 1, 1, 0, 0, 0, 0, 1, 1, 0], 'G': [0, 1, 1, 1, 0, 1, 1, 0, 1, 0], 'H': [0, 1, 1, 1, 1, 1, 1, 1, 1, 1], 'I': [0, 1, 0, 0, 1, 0, 1, 0, 1, 1], 'J': [0, 0, 0, 0, 0, 0, 1, 1, 0, 0]}, '校医院西': {'A': [1, 1, 1, 1, 1, 1, 1, 1, 1, 1], 'B': [1, 1, 1, 0, 1, 1, 1, 0, 1, 1], 'C': [1, 1, 1, 1, 1, 0, 1, 1, 0, 1], 'D': [1, 1, 1, 1, 1, 1, 1, 1, 1, 1], 'E': [1, 1, 1, 1, 1, 1, 1, 1, 1, 1], 'F': [0, 1, 1, 1, 0, 1, 1, 1, 1, 1], 'G': [1, 1, 1, 1, 0, 1, 1, 1, 1, 0], 'H': [1, 1, 0, 0, 0, 0, 1, 1, 0, 1], 'I': [1, 1, 1, 1, 0, 0, 0, 0, 0, 1]}}
623147	2024-07-13 03:12:48.708000+08:00	2024-07-13 03:12:48.708000+08:00	{'东门北侧': {'A': [1, 1, 1, 1, 1, 1, 1, 1, 1, 1], 'B': [1, 1, 1, 1, 1, 1, 1, 1, 1, 1], 'C': [0, 1, 1, 1, 1, 1, 1, 1, 1, 0], 'D': [1, 1, 1, 1, 1, 0, 1, 1, 0, 1], 'E': [1, 1, 0, 0, 1, 1, 1, 0, 1, 1], 'F': [0, 1, 1, 1, 1, 1, 1, 1, 1, 1], 'G': [0, 1, 1, 1, 1, 0, 1, 1, 0, 0], 'H': [1, 1, 1, 1, 0, 1, 1, 1, 0, 0], 'I': [0, 1, 0, 1, 1, 0, 1, 1, 1, 1], 'J': [1, 0, 1, 0, 1, 0, 1, 1, 1, 0], 'K': [0, 1, 1, 0, 0, 1, 1, 1, 0, 0]}, '东门南侧': {'A': [0, 0, 0, 1, 0, 0, 1, 0, 1, 0], 'B': [0, 0, 0, 0, 0, 0, 0, 0, 0, 0]}, '西门北侧': {'A': [1, 1, 1, 1, 1, 1, 1, 1, 1, 1], 'B': [0, 1, 0, 1, 1, 0, 1, 1, 0, 1], 'C': [1, 1, 0, 1, 1, 1, 1, 1, 1, 0]}, '西门南侧': {'A': [0, 1, 1, 1, 1, 0, 1, 0, 1, 1], 'B': [1, 1, 1, 1, 1, 1, 1, 1, 1, 1], 'C': [1, 1, 1, 1, 1, 1, 1, 1, 1, 1]}, '南门西侧': {'A': [1, 1, 0, 1, 1, 1, 1, 1, 1, 1], 'B': [1, 1, 1, 1, 0, 0, 1, 1, 0, 1]}, '南门东侧': {'A': [1, 0, 0, 1, 1, 1, 1, 1, 1, 1], 'B': [1, 1, 1, 1, 1, 1, 1, 1, 1, 1]}, '北门东北侧': {'A': [1, 1, 1, 1, 1, 1, 1, 1, 1, 1], 'B': [1, 0, 1, 1, 1, 1, 1, 1, 0, 1], 'C': [1, 1, 0, 1, 0, 1, 1, 1, 1, 0], 'D': [0, 0, 1, 1, 0, 0, 1, 0, 0, 1]}, '北门东南侧': {'A': [0, 1, 1, 1, 1, 0, 1, 1, 1, 1], 'B': [0, 1, 1, 1, 0, 1, 1, 1, 1, 0], 'C': [1, 1, 0, 1, 1, 0, 1, 1, 0, 0], 'D': [1, 1, 0, 1, 1, 1, 1, 1, 1, 1], 'E': [1, 1, 1, 1, 1, 0, 1, 1, 1, 1], 'F': [1, 1, 1, 1, 0, 1, 1, 1, 1, 1]}, '橘园北侧南': {'A': [0, 0, 0, 1, 0, 0, 1, 0, 0, 1], 'B': [0, 0, 0, 0, 1, 0, 1, 1, 1, 0], 'C': [0, 0, 1, 0, 1, 0, 0, 0, 1, 1], 'D': [1, 0, 1, 1, 0, 0, 0, 1, 0, 0], 'E': [1, 0, 0, 0, 0, 0, 1, 1, 0, 1], 'F': [1, 1, 1, 0, 0, 0, 0, 1, 1, 0], 'G': [0, 1, 1, 1, 0, 1, 1, 0, 1, 0], 'H': [0, 1, 1, 1, 1, 1, 1, 1, 1, 1], 'I': [0, 1, 0, 0, 1, 0, 1, 0, 1, 1], 'J': [0, 0, 0, 0, 0, 0, 1, 1, 0, 0]}, '校医院西': {'A': [1, 1, 1, 1, 1, 1, 1, 1, 1, 1], 'B': [1, 1, 1, 0, 1, 1, 1, 0, 1, 1], 'C': [1, 1, 1, 1, 1, 0, 1, 1, 0, 1], 'D': [1, 1, 1, 1, 1, 1, 1, 1, 1, 1], 'E': [1, 1, 1, 1, 1, 1, 1, 1, 1, 1], 'F': [0, 1, 1, 1, 0, 1, 1, 1, 1, 1], 'G': [1, 1, 1, 1, 1, 1, 1, 1, 1, 0], 'H': [1, 1, 0, 0, 0, 0, 1, 1, 0, 1], 'I': [1, 1, 1, 1, 0, 0, 0, 0, 0, 1]}}
623148	2024-07-13 03:13:51.350000+08:00	2024-07-13 03:13:51.350000+08:00	{'东门北侧': {'A': [1, 1, 1, 1, 1, 1, 1, 1, 1, 1], 'B': [1, 1, 1, 1, 1, 1, 1, 1, 1, 1], 'C': [0, 1, 1, 1, 1, 1, 1, 1, 1, 0], 'D': [1, 1, 1, 1, 1, 0, 1, 1, 0, 1], 'E': [1, 1, 0, 0, 1, 1, 1, 0, 1, 1], 'F': [0, 1, 1, 1, 1, 1, 1, 1, 1, 1], 'G': [0, 1, 1, 1, 1, 0, 1, 1, 0, 0], 'H': [1, 1, 1, 1, 0, 1, 1, 1, 0, 0], 'I': [0, 1, 0, 1, 1, 0, 1, 1, 1, 1], 'J': [1, 0, 1, 0, 1, 0, 1, 1, 1, 0], 'K': [0, 1, 1, 0, 0, 1, 1, 1, 0, 0]}, '东门南侧': {'A': [0, 0, 0, 1, 0, 0, 1, 0, 1, 0], 'B': [0, 0, 0, 0, 0, 0, 0, 0, 0, 0]}, '西门北侧': {'A': [1, 1, 1, 1, 1, 1, 1, 1, 1, 1], 'B': [0, 1, 0, 1, 1, 0, 1, 1, 0, 1], 'C': [1, 1, 0, 1, 1, 1, 1, 1, 1, 0]}, '西门南侧': {'A': [0, 1, 1, 1, 1, 0, 1, 0, 1, 1], 'B': [1, 1, 1, 1, 1, 1, 1, 1, 1, 1], 'C': [1, 1, 1, 1, 1, 1, 1, 1, 1, 1]}, '南门西侧': {'A': [1, 1, 0, 1, 1, 1, 1, 1, 1, 1], 'B': [1, 1, 1, 1, 0, 0, 1, 1, 0, 1]}, '南门东侧': {'A': [1, 0, 0, 1, 1, 1, 1, 1, 1, 1], 'B': [1, 1, 1, 1, 1, 1, 1, 1, 1, 1]}, '北门东北侧': {'A': [1, 1, 1, 1, 1, 1, 1, 1, 1, 1], 'B': [1, 0, 1, 1, 1, 1, 1, 1, 0, 1], 'C': [1, 1, 0, 1, 0, 1, 1, 1, 1, 0], 'D': [0, 0, 1, 1, 0, 0, 1, 0, 0, 1]}, '北门东南侧': {'A': [0, 1, 1, 1, 1, 0, 1, 1, 1, 1], 'B': [0, 1, 1, 1, 0, 1, 1, 1, 1, 0], 'C': [1, 1, 0, 1, 1, 0, 1, 1, 0, 0], 'D': [1, 1, 0, 1, 1, 1, 1, 1, 1, 1], 'E': [1, 1, 1, 1, 1, 0, 1, 1, 1, 1], 'F': [1, 1, 1, 1, 0, 1, 1, 1, 1, 1]}, '橘园北侧南': {'A': [0, 0, 0, 1, 0, 0, 1, 0, 0, 1], 'B': [0, 0, 0, 0, 1, 0, 1, 1, 1, 0], 'C': [0, 0, 1, 0, 1, 0, 0, 0, 1, 1], 'D': [1, 0, 1, 1, 0, 0, 0, 1, 0, 0], 'E': [1, 0, 0, 0, 0, 0, 1, 1, 0, 1], 'F': [1, 1, 1, 0, 0, 0, 0, 1, 1, 0], 'G': [0, 1, 1, 1, 0, 1, 1, 0, 1, 0], 'H': [0, 1, 1, 1, 1, 1, 1, 1, 1, 1], 'I': [0, 1, 0, 0, 1, 0, 1, 0, 1, 1], 'J': [0, 0, 0, 0, 0, 0, 1, 1, 0, 0]}, '校医院西': {'A': [1, 1, 1, 1, 1, 1, 1, 1, 1, 1], 'B': [1, 1, 1, 0, 1, 1, 1, 0, 1, 1], 'C': [1, 1, 1, 1, 1, 0, 1, 1, 0, 1], 'D': [1, 1, 1, 1, 1, 1, 1, 1, 1, 1], 'E': [1, 1, 1, 1, 1, 1, 1, 1, 1, 1], 'F': [0, 1, 1, 1, 0, 1, 1, 1, 1, 1], 'G': [1, 1, 1, 1, 1, 1, 1, 1, 1, 0], 'H': [1, 1, 0, 0, 0, 0, 1, 1, 0, 1], 'I': [1, 1, 1, 1, 0, 0, 0, 0, 0, 1]}}
623149	2024-07-13 03:14:48.604000+08:00	2024-07-13 03:14:48.604000+08:00	{'东门北侧': {'A': [1, 1, 1, 1, 1, 1, 1, 1, 1, 1], 'B': [1, 1, 1, 1, 1, 1, 1, 1, 1, 1], 'C': [0, 1, 1, 1, 1, 1, 1, 1, 1, 0], 'D': [1, 1, 1, 1, 1, 0, 1, 1, 0, 1], 'E': [1, 1, 0, 0, 1, 1, 1, 0, 1, 1], 'F': [0, 1, 1, 1, 1, 1, 1, 1, 1, 1], 'G': [0, 1, 1, 1, 1, 0, 1, 1, 0, 0], 'H': [1, 1, 1, 1, 0, 1, 1, 1, 0, 0], 'I': [0, 1, 0, 1, 1, 0, 1, 1, 1, 1], 'J': [1, 0, 1, 0, 1, 0, 1, 1, 1, 0], 'K': [0, 1, 1, 0, 0, 1, 1, 1, 0, 0]}, '东门南侧': {'A': [0, 0, 0, 1, 0, 0, 1, 0, 1, 0], 'B': [0, 0, 0, 0, 0, 0, 0, 0, 0, 0]}, '西门北侧': {'A': [1, 1, 1, 1, 1, 1, 1, 1, 1, 1], 'B': [0, 1, 0, 1, 1, 0, 1, 1, 0, 1], 'C': [1, 1, 0, 1, 1, 1, 1, 1, 1, 0]}, '西门南侧': {'A': [0, 1, 1, 1, 1, 0, 1, 0, 1, 1], 'B': [1, 1, 1, 1, 1, 1, 1, 1, 1, 1], 'C': [1, 1, 1, 1, 1, 1, 1, 1, 1, 1]}, '南门西侧': {'A': [1, 1, 0, 1, 1, 1, 1, 1, 1, 1], 'B': [1, 1, 1, 1, 0, 0, 1, 1, 0, 1]}, '南门东侧': {'A': [1, 0, 0, 1, 1, 1, 1, 1, 1, 1], 'B': [1, 1, 1, 1, 1, 1, 1, 1, 1, 1]}, '北门东北侧': {'A': [1, 1, 1, 1, 1, 1, 1, 1, 1, 1], 'B': [1, 0, 1, 1, 1, 1, 1, 1, 0, 1], 'C': [1, 1, 0, 1, 0, 1, 1, 1, 1, 0], 'D': [0, 0, 1, 1, 0, 0, 1, 0, 0, 1]}, '北门东南侧': {'A': [0, 1, 1, 1, 1, 0, 1, 1, 1, 1], 'B': [0, 1, 1, 1, 0, 1, 1, 1, 1, 0], 'C': [1, 1, 0, 1, 1, 0, 1, 1, 0, 0], 'D': [1, 1, 0, 1, 1, 1, 1, 1, 1, 1], 'E': [1, 1, 1, 1, 1, 0, 1, 1, 1, 1], 'F': [1, 1, 1, 1, 0, 1, 1, 1, 1, 1]}, '橘园北侧南': {'A': [0, 0, 0, 1, 0, 0, 1, 0, 0, 1], 'B': [0, 0, 0, 0, 1, 0, 1, 1, 1, 0], 'C': [0, 0, 1, 0, 1, 0, 0, 0, 1, 1], 'D': [1, 0, 1, 1, 0, 0, 0, 1, 0, 0], 'E': [1, 0, 0, 0, 0, 0, 1, 1, 0, 1], 'F': [1, 1, 1, 0, 0, 0, 0, 1, 1, 0], 'G': [0, 1, 1, 1, 0, 1, 1, 0, 1, 0], 'H': [0, 1, 1, 1, 1, 1, 1, 1, 1, 1], 'I': [0, 1, 0, 0, 1, 0, 1, 0, 1, 1], 'J': [0, 0, 0, 0, 0, 0, 1, 1, 0, 0]}, '校医院西': {'A': [1, 1, 1, 1, 1, 1, 1, 1, 1, 1], 'B': [1, 1, 1, 0, 1, 1, 1, 0, 1, 1], 'C': [1, 1, 1, 1, 1, 0, 1, 1, 0, 1], 'D': [1, 1, 1, 1, 1, 1, 1, 1, 1, 1], 'E': [1, 1, 1, 1, 1, 1, 1, 1, 1, 1], 'F': [0, 1, 1, 1, 0, 1, 1, 1, 1, 1], 'G': [1, 1, 1, 1, 1, 1, 1, 1, 1, 0], 'H': [1, 1, 0, 0, 0, 0, 1, 1, 0, 1], 'I': [1, 1, 1, 1, 0, 0, 0, 0, 0, 1]}}
623150	2024-07-13 03:15:50.661000+08:00	2024-07-13 03:15:50.661000+08:00	{'东门北侧': {'A': [1, 1, 1, 1, 1, 1, 1, 1, 1, 1], 'B': [1, 1, 1, 1, 1, 1, 1, 1, 1, 1], 'C': [0, 1, 1, 1, 1, 1, 1, 1, 1, 0], 'D': [1, 1, 1, 1, 1, 0, 1, 1, 0, 1], 'E': [1, 1, 0, 0, 1, 1, 1, 0, 1, 1], 'F': [0, 1, 1, 1, 1, 1, 1, 1, 1, 1], 'G': [0, 1, 1, 1, 1, 0, 1, 1, 0, 0], 'H': [1, 1, 1, 1, 0, 1, 1, 1, 0, 0], 'I': [0, 1, 0, 1, 1, 0, 1, 1, 1, 1], 'J': [1, 0, 1, 0, 1, 0, 1, 1, 1, 0], 'K': [0, 1, 1, 0, 0, 1, 1, 1, 0, 0]}, '东门南侧': {'A': [0, 0, 0, 1, 0, 0, 1, 0, 1, 0], 'B': [0, 0, 0, 0, 0, 0, 0, 0, 0, 0]}, '西门北侧': {'A': [1, 1, 1, 1, 1, 1, 1, 1, 1, 1], 'B': [0, 1, 0, 1, 1, 0, 1, 1, 0, 1], 'C': [1, 1, 0, 1, 1, 1, 1, 1, 1, 0]}, '西门南侧': {'A': [0, 1, 1, 1, 1, 0, 1, 0, 1, 1], 'B': [1, 1, 1, 1, 1, 1, 1, 1, 1, 1], 'C': [1, 1, 1, 1, 1, 1, 1, 1, 1, 1]}, '南门西侧': {'A': [1, 1, 0, 1, 1, 1, 1, 1, 1, 1], 'B': [1, 1, 1, 1, 0, 0, 1, 1, 0, 1]}, '南门东侧': {'A': [1, 0, 0, 1, 1, 1, 1, 1, 1, 1], 'B': [1, 1, 1, 1, 1, 1, 1, 1, 1, 1]}, '北门东北侧': {'A': [1, 1, 1, 1, 1, 1, 1, 1, 1, 1], 'B': [1, 0, 1, 1, 1, 1, 1, 1, 0, 1], 'C': [1, 1, 0, 1, 0, 1, 1, 1, 1, 0], 'D': [0, 0, 1, 1, 0, 0, 1, 0, 0, 1]}, '北门东南侧': {'A': [0, 1, 1, 1, 1, 0, 1, 1, 1, 1], 'B': [0, 1, 1, 1, 0, 1, 1, 1, 1, 0], 'C': [1, 1, 0, 1, 1, 0, 1, 1, 0, 0], 'D': [1, 1, 0, 1, 1, 1, 1, 1, 1, 1], 'E': [1, 1, 1, 1, 1, 0, 1, 1, 1, 1], 'F': [1, 1, 1, 1, 0, 1, 1, 1, 1, 1]}, '橘园北侧南': {'A': [0, 0, 0, 1, 0, 0, 1, 0, 0, 1], 'B': [0, 0, 0, 0, 1, 0, 1, 1, 1, 0], 'C': [0, 0, 1, 0, 1, 0, 0, 0, 1, 1], 'D': [1, 0, 1, 1, 0, 0, 0, 1, 0, 0], 'E': [1, 0, 0, 0, 0, 0, 1, 1, 0, 1], 'F': [1, 1, 1, 0, 0, 0, 0, 1, 1, 0], 'G': [0, 1, 1, 1, 0, 1, 1, 0, 1, 0], 'H': [0, 1, 1, 1, 1, 1, 1, 1, 1, 1], 'I': [0, 1, 0, 0, 1, 0, 1, 0, 1, 1], 'J': [0, 0, 0, 0, 0, 0, 1, 1, 0, 0]}, '校医院西': {'A': [1, 1, 1, 1, 1, 1, 1, 1, 1, 1], 'B': [1, 1, 1, 0, 1, 1, 1, 0, 1, 1], 'C': [1, 1, 1, 1, 1, 0, 1, 1, 0, 1], 'D': [1, 1, 1, 1, 1, 1, 1, 1, 1, 1], 'E': [1, 1, 1, 1, 1, 1, 1, 1, 1, 1], 'F': [0, 1, 1, 1, 0, 1, 1, 1, 1, 1], 'G': [1, 1, 1, 1, 1, 1, 1, 1, 1, 0], 'H': [1, 1, 0, 0, 0, 0, 1, 1, 0, 1], 'I': [1, 1, 1, 1, 0, 0, 0, 0, 0, 1]}}
623151	2024-07-13 03:16:49.558000+08:00	2024-07-13 03:16:49.558000+08:00	{'东门北侧': {'A': [1, 1, 1, 1, 1, 1, 1, 1, 1, 1], 'B': [1, 1, 1, 1, 1, 1, 1, 1, 1, 1], 'C': [0, 1, 1, 1, 1, 1, 1, 1, 1, 0], 'D': [1, 1, 1, 1, 1, 0, 1, 1, 0, 1], 'E': [1, 1, 0, 0, 1, 1, 1, 0, 1, 1], 'F': [0, 1, 1, 1, 1, 1, 1, 1, 1, 1], 'G': [0, 1, 1, 1, 1, 0, 1, 1, 0, 0], 'H': [1, 1, 1, 1, 0, 1, 1, 1, 0, 0], 'I': [0, 1, 0, 1, 1, 0, 1, 1, 1, 1], 'J': [1, 0, 1, 0, 1, 0, 1, 1, 1, 0], 'K': [0, 1, 1, 0, 0, 1, 1, 1, 0, 0]}, '东门南侧': {'A': [0, 0, 0, 1, 0, 0, 1, 0, 1, 0], 'B': [0, 0, 0, 0, 0, 0, 0, 0, 0, 0]}, '西门北侧': {'A': [1, 1, 1, 1, 1, 1, 1, 1, 1, 1], 'B': [0, 1, 0, 1, 1, 0, 1, 1, 0, 1], 'C': [1, 1, 0, 1, 1, 1, 1, 1, 1, 0]}, '西门南侧': {'A': [0, 1, 1, 1, 1, 0, 1, 0, 1, 1], 'B': [1, 1, 1, 1, 1, 1, 1, 1, 1, 1], 'C': [1, 1, 1, 1, 1, 1, 1, 1, 1, 1]}, '南门西侧': {'A': [1, 1, 0, 1, 1, 1, 1, 1, 1, 1], 'B': [1, 1, 1, 1, 0, 0, 1, 1, 0, 1]}, '南门东侧': {'A': [1, 0, 0, 1, 1, 1, 1, 1, 1, 1], 'B': [1, 1, 1, 1, 1, 1, 1, 1, 1, 1]}, '北门东北侧': {'A': [1, 1, 1, 1, 1, 1, 1, 1, 1, 1], 'B': [1, 0, 1, 1, 1, 1, 1, 1, 0, 1], 'C': [1, 1, 0, 1, 0, 1, 1, 1, 1, 0], 'D': [0, 0, 1, 1, 0, 0, 1, 0, 1, 1]}, '北门东南侧': {'A': [0, 1, 1, 1, 1, 0, 1, 1, 1, 1], 'B': [0, 1, 1, 1, 0, 1, 1, 1, 1, 0], 'C': [1, 1, 0, 1, 1, 0, 1, 1, 0, 0], 'D': [1, 1, 0, 1, 1, 1, 1, 1, 1, 1], 'E': [1, 1, 1, 1, 1, 0, 1, 1, 1, 1], 'F': [1, 1, 1, 1, 0, 1, 1, 1, 1, 1]}, '橘园北侧南': {'A': [0, 0, 0, 1, 0, 0, 1, 0, 0, 1], 'B': [0, 0, 0, 0, 1, 0, 1, 1, 1, 0], 'C': [0, 0, 1, 0, 1, 0, 0, 0, 1, 1], 'D': [1, 0, 1, 1, 0, 0, 0, 1, 0, 0], 'E': [1, 0, 0, 0, 0, 0, 1, 1, 0, 1], 'F': [1, 1, 1, 0, 0, 0, 0, 1, 1, 0], 'G': [0, 1, 1, 1, 0, 1, 1, 0, 1, 0], 'H': [0, 1, 1, 1, 1, 1, 1, 1, 1, 1], 'I': [0, 1, 0, 0, 1, 0, 1, 0, 1, 1], 'J': [0, 0, 0, 0, 0, 0, 1, 1, 0, 0]}, '校医院西': {'A': [1, 1, 1, 1, 1, 1, 1, 1, 1, 1], 'B': [1, 1, 1, 0, 1, 1, 1, 0, 1, 1], 'C': [1, 1, 1, 1, 1, 0, 1, 1, 0, 1], 'D': [1, 1, 1, 1, 1, 1, 1, 1, 1, 1], 'E': [1, 1, 1, 1, 1, 1, 1, 1, 1, 1], 'F': [0, 1, 1, 1, 0, 1, 1, 1, 1, 1], 'G': [1, 1, 1, 1, 1, 1, 1, 1, 1, 0], 'H': [1, 1, 0, 0, 0, 0, 1, 1, 0, 1], 'I': [1, 1, 1, 1, 0, 0, 0, 0, 0, 1]}}
623152	2024-07-13 03:17:47.675000+08:00	2024-07-13 03:17:47.675000+08:00	{'东门北侧': {'A': [1, 1, 1, 1, 1, 1, 1, 1, 1, 1], 'B': [1, 1, 1, 1, 1, 1, 1, 1, 1, 1], 'C': [0, 1, 1, 1, 1, 1, 1, 1, 1, 0], 'D': [1, 1, 1, 1, 1, 0, 1, 1, 0, 1], 'E': [1, 1, 0, 0, 1, 1, 1, 0, 1, 1], 'F': [0, 1, 1, 1, 1, 1, 1, 1, 1, 1], 'G': [0, 1, 1, 1, 1, 0, 1, 1, 0, 0], 'H': [1, 1, 1, 1, 0, 1, 1, 1, 0, 0], 'I': [0, 1, 0, 1, 1, 0, 1, 1, 1, 1], 'J': [1, 0, 1, 0, 1, 0, 1, 1, 1, 0], 'K': [0, 1, 1, 0, 0, 1, 1, 1, 0, 0]}, '东门南侧': {'A': [0, 0, 0, 1, 0, 0, 1, 0, 1, 0], 'B': [0, 0, 0, 0, 0, 0, 0, 0, 0, 0]}, '西门北侧': {'A': [1, 1, 1, 1, 1, 1, 1, 1, 1, 1], 'B': [0, 1, 0, 1, 1, 0, 1, 1, 0, 1], 'C': [1, 1, 0, 1, 1, 1, 1, 1, 1, 0]}, '西门南侧': {'A': [0, 1, 1, 1, 1, 0, 1, 0, 1, 1], 'B': [1, 1, 1, 1, 1, 1, 1, 1, 1, 1], 'C': [1, 1, 1, 1, 1, 1, 1, 1, 1, 1]}, '南门西侧': {'A': [1, 1, 0, 1, 1, 1, 1, 1, 1, 1], 'B': [1, 1, 1, 1, 0, 0, 1, 1, 0, 1]}, '南门东侧': {'A': [1, 0, 0, 1, 1, 1, 1, 1, 1, 1], 'B': [1, 1, 1, 1, 1, 1, 1, 1, 1, 1]}, '北门东北侧': {'A': [1, 1, 1, 1, 1, 1, 1, 1, 1, 1], 'B': [1, 0, 1, 1, 1, 1, 1, 1, 0, 1], 'C': [1, 1, 0, 1, 0, 1, 1, 1, 1, 0], 'D': [0, 0, 1, 1, 0, 0, 1, 0, 1, 1]}, '北门东南侧': {'A': [0, 1, 1, 1, 1, 0, 1, 1, 1, 1], 'B': [0, 1, 1, 1, 0, 1, 1, 1, 1, 0], 'C': [1, 1, 0, 1, 1, 0, 1, 1, 0, 0], 'D': [1, 1, 0, 1, 1, 1, 1, 1, 1, 1], 'E': [1, 1, 1, 1, 1, 0, 1, 1, 1, 1], 'F': [1, 1, 1, 1, 0, 1, 1, 1, 1, 1]}, '橘园北侧南': {'A': [0, 0, 0, 1, 0, 0, 1, 0, 0, 1], 'B': [0, 0, 0, 0, 1, 0, 1, 1, 1, 0], 'C': [0, 0, 1, 0, 1, 0, 0, 0, 1, 1], 'D': [1, 0, 1, 1, 0, 0, 0, 1, 0, 0], 'E': [1, 0, 0, 0, 0, 0, 1, 1, 0, 1], 'F': [1, 1, 1, 0, 0, 0, 0, 1, 1, 0], 'G': [0, 1, 1, 1, 0, 1, 1, 0, 1, 0], 'H': [0, 1, 1, 1, 1, 1, 1, 1, 1, 1], 'I': [0, 1, 0, 0, 1, 0, 1, 0, 1, 1], 'J': [0, 0, 0, 0, 0, 0, 1, 1, 0, 0]}, '校医院西': {'A': [1, 1, 1, 1, 1, 1, 1, 1, 1, 1], 'B': [1, 1, 1, 0, 1, 1, 1, 0, 1, 1], 'C': [1, 1, 1, 1, 1, 0, 1, 1, 0, 1], 'D': [1, 1, 1, 1, 1, 1, 1, 1, 1, 1], 'E': [1, 1, 1, 1, 1, 1, 1, 1, 1, 1], 'F': [0, 1, 1, 1, 0, 1, 1, 1, 1, 1], 'G': [1, 1, 1, 1, 1, 1, 1, 1, 1, 0], 'H': [1, 1, 0, 0, 0, 0, 1, 1, 0, 1], 'I': [1, 1, 1, 1, 0, 0, 0, 0, 0, 1]}}
623153	2024-07-13 03:18:49.609000+08:00	2024-07-13 03:18:49.609000+08:00	{'东门北侧': {'A': [1, 1, 1, 1, 1, 1, 1, 1, 1, 1], 'B': [1, 1, 1, 1, 1, 1, 1, 1, 1, 1], 'C': [0, 1, 1, 1, 1, 1, 1, 1, 1, 0], 'D': [1, 1, 1, 1, 1, 0, 1, 1, 0, 1], 'E': [1, 1, 0, 0, 1, 1, 1, 0, 1, 1], 'F': [0, 1, 1, 1, 1, 1, 1, 1, 1, 1], 'G': [0, 1, 1, 1, 1, 0, 1, 1, 0, 0], 'H': [1, 1, 1, 1, 0, 1, 1, 1, 0, 0], 'I': [0, 1, 0, 1, 1, 0, 1, 1, 1, 1], 'J': [1, 0, 1, 0, 1, 0, 1, 1, 1, 0], 'K': [0, 1, 1, 0, 0, 1, 1, 1, 0, 0]}, '东门南侧': {'A': [0, 0, 0, 1, 0, 0, 1, 0, 1, 0], 'B': [0, 0, 0, 0, 0, 0, 0, 0, 0, 0]}, '西门北侧': {'A': [1, 1, 1, 1, 1, 1, 1, 1, 1, 1], 'B': [0, 1, 0, 1, 1, 0, 1, 1, 0, 1], 'C': [1, 1, 0, 1, 1, 1, 1, 1, 1, 0]}, '西门南侧': {'A': [0, 1, 1, 1, 1, 0, 1, 0, 1, 1], 'B': [1, 1, 1, 1, 1, 1, 1, 1, 1, 1], 'C': [1, 1, 1, 1, 1, 1, 1, 1, 1, 1]}, '南门西侧': {'A': [1, 1, 0, 1, 1, 1, 1, 1, 1, 1], 'B': [1, 1, 1, 1, 0, 0, 1, 1, 0, 1]}, '南门东侧': {'A': [1, 0, 0, 1, 1, 1, 1, 1, 1, 1], 'B': [1, 1, 1, 1, 1, 1, 1, 1, 1, 1]}, '北门东北侧': {'A': [1, 1, 1, 1, 1, 1, 1, 1, 1, 1], 'B': [1, 0, 1, 1, 1, 1, 1, 1, 0, 1], 'C': [1, 1, 0, 1, 0, 1, 1, 1, 1, 0], 'D': [0, 0, 1, 1, 0, 0, 1, 0, 1, 1]}, '北门东南侧': {'A': [0, 1, 1, 1, 1, 0, 1, 1, 1, 1], 'B': [0, 1, 1, 1, 0, 1, 1, 1, 1, 0], 'C': [1, 1, 0, 1, 1, 0, 1, 1, 0, 0], 'D': [1, 1, 0, 1, 1, 1, 1, 1, 1, 1], 'E': [1, 1, 1, 1, 1, 0, 1, 1, 1, 1], 'F': [1, 1, 1, 1, 0, 1, 1, 1, 1, 1]}, '橘园北侧南': {'A': [0, 0, 0, 1, 0, 0, 1, 0, 0, 1], 'B': [0, 0, 0, 0, 1, 0, 1, 1, 1, 0], 'C': [0, 0, 1, 0, 1, 0, 0, 0, 1, 1], 'D': [1, 0, 1, 1, 0, 0, 0, 1, 0, 0], 'E': [1, 0, 0, 0, 0, 0, 1, 1, 0, 1], 'F': [1, 1, 1, 0, 0, 0, 0, 1, 1, 0], 'G': [0, 1, 1, 1, 0, 1, 1, 0, 1, 0], 'H': [0, 1, 1, 1, 1, 1, 1, 1, 1, 1], 'I': [0, 1, 0, 0, 1, 0, 1, 0, 1, 1], 'J': [0, 0, 0, 0, 0, 0, 1, 1, 0, 0]}, '校医院西': {'A': [1, 1, 1, 1, 1, 1, 1, 1, 1, 1], 'B': [1, 1, 1, 0, 1, 1, 1, 0, 1, 1], 'C': [1, 1, 1, 1, 1, 0, 1, 1, 0, 1], 'D': [1, 1, 1, 1, 1, 1, 1, 1, 1, 1], 'E': [1, 1, 1, 1, 1, 1, 1, 1, 1, 1], 'F': [0, 1, 1, 1, 0, 1, 1, 1, 1, 1], 'G': [1, 1, 1, 1, 1, 1, 1, 1, 1, 0], 'H': [1, 1, 0, 0, 0, 0, 1, 1, 0, 1], 'I': [1, 1, 1, 1, 0, 0, 0, 0, 0, 1]}}
623154	2024-07-13 03:19:50.113000+08:00	2024-07-13 03:19:50.113000+08:00	{'东门北侧': {'A': [1, 1, 1, 1, 1, 1, 1, 1, 1, 1], 'B': [1, 1, 1, 1, 1, 1, 1, 1, 1, 1], 'C': [0, 1, 1, 1, 1, 1, 1, 1, 1, 0], 'D': [1, 1, 1, 1, 1, 0, 1, 1, 0, 1], 'E': [1, 1, 0, 0, 1, 1, 1, 0, 1, 1], 'F': [0, 1, 1, 1, 1, 1, 1, 1, 1, 1], 'G': [0, 1, 1, 1, 1, 0, 1, 1, 0, 0], 'H': [1, 1, 1, 1, 0, 1, 1, 1, 0, 0], 'I': [0, 1, 0, 1, 1, 0, 1, 1, 1, 1], 'J': [1, 0, 1, 0, 1, 0, 1, 1, 1, 0], 'K': [0, 1, 1, 0, 0, 1, 1, 1, 0, 0]}, '东门南侧': {'A': [0, 0, 0, 1, 0, 0, 1, 0, 1, 0], 'B': [0, 0, 0, 0, 0, 0, 0, 0, 0, 0]}, '西门北侧': {'A': [1, 1, 1, 1, 1, 1, 1, 1, 1, 1], 'B': [0, 1, 0, 1, 1, 0, 1, 1, 0, 1], 'C': [1, 1, 0, 1, 1, 1, 1, 1, 1, 0]}, '西门南侧': {'A': [0, 1, 1, 1, 1, 0, 1, 0, 1, 1], 'B': [1, 1, 1, 1, 1, 1, 1, 1, 1, 1], 'C': [1, 1, 1, 1, 1, 1, 1, 1, 1, 1]}, '南门西侧': {'A': [1, 1, 0, 1, 1, 1, 1, 1, 1, 1], 'B': [1, 1, 1, 1, 0, 0, 1, 1, 0, 1]}, '南门东侧': {'A': [1, 0, 0, 1, 1, 1, 1, 1, 1, 1], 'B': [1, 1, 1, 1, 1, 1, 1, 1, 1, 1]}, '北门东北侧': {'A': [1, 1, 1, 1, 1, 1, 1, 1, 1, 1], 'B': [1, 0, 1, 1, 1, 1, 1, 1, 0, 1], 'C': [1, 1, 0, 1, 0, 1, 1, 1, 1, 0], 'D': [0, 0, 1, 1, 0, 0, 1, 0, 1, 1]}, '北门东南侧': {'A': [0, 1, 1, 1, 1, 0, 1, 1, 1, 1], 'B': [0, 1, 1, 1, 0, 1, 1, 1, 1, 0], 'C': [1, 1, 0, 1, 1, 0, 1, 1, 0, 0], 'D': [1, 1, 0, 1, 1, 1, 1, 1, 1, 1], 'E': [1, 1, 1, 1, 1, 0, 1, 1, 1, 1], 'F': [1, 1, 1, 1, 0, 1, 1, 1, 1, 1]}, '橘园北侧南': {'A': [0, 0, 0, 1, 0, 0, 1, 0, 0, 1], 'B': [0, 0, 0, 0, 1, 0, 1, 1, 1, 0], 'C': [0, 0, 1, 0, 1, 0, 0, 0, 1, 1], 'D': [1, 0, 1, 1, 0, 0, 0, 1, 0, 0], 'E': [1, 0, 0, 0, 0, 0, 1, 1, 0, 1], 'F': [1, 1, 1, 0, 0, 0, 0, 1, 1, 0], 'G': [0, 1, 1, 1, 0, 1, 1, 0, 1, 0], 'H': [0, 1, 1, 1, 1, 1, 1, 1, 1, 1], 'I': [0, 1, 0, 0, 1, 0, 1, 0, 1, 1], 'J': [0, 0, 0, 0, 0, 0, 1, 1, 0, 0]}, '校医院西': {'A': [1, 1, 1, 1, 1, 1, 1, 1, 1, 1], 'B': [1, 1, 1, 0, 1, 1, 1, 0, 1, 1], 'C': [1, 1, 1, 1, 1, 0, 1, 1, 0, 1], 'D': [1, 1, 1, 1, 1, 1, 1, 1, 1, 1], 'E': [1, 1, 1, 1, 1, 1, 1, 1, 1, 1], 'F': [0, 1, 1, 1, 0, 1, 1, 1, 1, 1], 'G': [1, 1, 1, 1, 1, 1, 1, 1, 1, 0], 'H': [1, 1, 0, 0, 0, 0, 1, 1, 0, 1], 'I': [1, 1, 1, 1, 0, 0, 0, 0, 0, 1]}}
623155	2024-07-13 03:20:48.739000+08:00	2024-07-13 03:20:48.739000+08:00	{'东门北侧': {'A': [1, 1, 1, 1, 1, 1, 1, 1, 1, 1], 'B': [1, 1, 1, 1, 1, 1, 1, 1, 1, 1], 'C': [0, 1, 1, 1, 1, 1, 1, 1, 1, 0], 'D': [1, 1, 1, 1, 1, 0, 1, 1, 0, 1], 'E': [1, 1, 0, 0, 1, 1, 1, 0, 1, 1], 'F': [0, 1, 1, 1, 1, 1, 1, 1, 1, 1], 'G': [0, 1, 1, 1, 1, 0, 1, 1, 0, 0], 'H': [1, 1, 1, 1, 0, 1, 1, 1, 0, 0], 'I': [0, 1, 0, 1, 1, 0, 1, 1, 1, 1], 'J': [1, 0, 1, 0, 1, 0, 1, 1, 1, 0], 'K': [0, 1, 1, 0, 0, 1, 1, 1, 0, 0]}, '东门南侧': {'A': [0, 0, 0, 1, 0, 0, 1, 0, 1, 0], 'B': [0, 0, 0, 0, 0, 0, 0, 0, 0, 0]}, '西门北侧': {'A': [1, 1, 1, 1, 1, 1, 1, 1, 1, 1], 'B': [0, 1, 0, 1, 1, 0, 1, 1, 0, 1], 'C': [1, 1, 0, 1, 1, 1, 1, 1, 1, 0]}, '西门南侧': {'A': [0, 1, 1, 1, 1, 0, 1, 0, 1, 1], 'B': [1, 1, 1, 1, 1, 1, 1, 1, 1, 1], 'C': [1, 1, 1, 1, 1, 1, 1, 1, 1, 1]}, '南门西侧': {'A': [1, 1, 0, 1, 1, 1, 1, 1, 1, 1], 'B': [1, 1, 1, 1, 0, 0, 1, 1, 0, 1]}, '南门东侧': {'A': [1, 0, 0, 1, 1, 1, 1, 1, 1, 1], 'B': [1, 1, 1, 1, 1, 1, 1, 1, 1, 1]}, '北门东北侧': {'A': [1, 1, 1, 1, 1, 1, 1, 1, 1, 1], 'B': [1, 0, 1, 1, 1, 1, 1, 1, 0, 1], 'C': [1, 1, 0, 1, 0, 1, 1, 1, 1, 0], 'D': [0, 0, 1, 1, 0, 0, 1, 0, 1, 1]}, '北门东南侧': {'A': [0, 1, 1, 1, 1, 0, 1, 1, 1, 1], 'B': [0, 1, 1, 1, 1, 1, 1, 1, 1, 0], 'C': [1, 1, 0, 1, 1, 0, 1, 1, 0, 0], 'D': [1, 1, 0, 1, 1, 1, 1, 1, 1, 1], 'E': [1, 1, 1, 1, 1, 0, 1, 1, 1, 1], 'F': [1, 1, 1, 1, 0, 1, 1, 1, 1, 1]}, '橘园北侧南': {'A': [0, 0, 0, 1, 0, 0, 1, 0, 0, 1], 'B': [0, 0, 0, 0, 1, 0, 1, 1, 1, 0], 'C': [0, 0, 1, 0, 1, 0, 0, 0, 1, 1], 'D': [1, 0, 1, 1, 0, 0, 0, 1, 0, 0], 'E': [1, 0, 0, 0, 0, 0, 1, 1, 0, 1], 'F': [1, 1, 1, 0, 0, 0, 0, 1, 1, 0], 'G': [0, 1, 1, 1, 0, 1, 1, 0, 1, 0], 'H': [0, 1, 1, 1, 1, 1, 1, 1, 1, 1], 'I': [0, 1, 0, 0, 1, 0, 1, 0, 1, 1], 'J': [0, 0, 0, 0, 0, 0, 1, 1, 0, 0]}, '校医院西': {'A': [1, 1, 1, 1, 1, 1, 1, 1, 1, 1], 'B': [1, 1, 1, 0, 1, 1, 1, 0, 1, 1], 'C': [1, 1, 1, 1, 1, 0, 1, 1, 0, 1], 'D': [1, 1, 1, 1, 1, 1, 1, 1, 1, 1], 'E': [1, 1, 1, 1, 1, 1, 1, 1, 1, 1], 'F': [0, 1, 1, 1, 0, 1, 1, 1, 1, 1], 'G': [1, 1, 1, 1, 1, 1, 1, 1, 1, 0], 'H': [1, 1, 0, 0, 0, 0, 1, 1, 0, 1], 'I': [1, 1, 1, 1, 0, 0, 0, 0, 0, 1]}}
623156	2024-07-13 03:21:47.086000+08:00	2024-07-13 03:21:47.086000+08:00	{'东门北侧': {'A': [1, 1, 1, 1, 1, 1, 1, 1, 1, 1], 'B': [1, 1, 1, 1, 1, 1, 1, 1, 1, 1], 'C': [0, 1, 1, 1, 1, 1, 1, 1, 1, 0], 'D': [1, 1, 1, 1, 1, 0, 1, 1, 0, 1], 'E': [1, 1, 0, 0, 1, 1, 1, 0, 1, 1], 'F': [0, 1, 1, 1, 1, 1, 1, 1, 1, 1], 'G': [0, 1, 1, 1, 1, 0, 1, 1, 0, 1], 'H': [1, 1, 1, 1, 0, 1, 1, 1, 0, 0], 'I': [0, 1, 0, 1, 1, 0, 1, 1, 1, 1], 'J': [1, 0, 1, 0, 1, 0, 1, 1, 1, 0], 'K': [0, 1, 1, 0, 0, 1, 1, 1, 0, 0]}, '东门南侧': {'A': [0, 0, 1, 1, 0, 0, 1, 0, 1, 0], 'B': [0, 0, 0, 0, 0, 0, 0, 0, 0, 0]}, '西门北侧': {'A': [1, 1, 1, 1, 1, 1, 1, 1, 1, 1], 'B': [0, 1, 0, 1, 1, 0, 1, 1, 0, 1], 'C': [1, 1, 0, 1, 1, 1, 1, 1, 1, 0]}, '西门南侧': {'A': [0, 1, 1, 1, 1, 0, 1, 0, 1, 1], 'B': [1, 1, 1, 1, 1, 1, 1, 1, 1, 1], 'C': [1, 1, 1, 1, 1, 1, 1, 1, 1, 1]}, '南门西侧': {'A': [1, 1, 0, 1, 1, 1, 1, 1, 1, 1], 'B': [1, 1, 1, 1, 0, 0, 1, 1, 0, 1]}, '南门东侧': {'A': [1, 0, 0, 1, 1, 1, 1, 1, 1, 1], 'B': [1, 1, 1, 1, 1, 1, 1, 1, 1, 1]}, '北门东北侧': {'A': [1, 1, 1, 1, 1, 1, 1, 1, 1, 1], 'B': [1, 0, 1, 1, 1, 1, 1, 1, 0, 1], 'C': [1, 1, 0, 1, 0, 1, 1, 1, 1, 0], 'D': [0, 0, 1, 1, 0, 0, 1, 0, 1, 1]}, '北门东南侧': {'A': [0, 1, 1, 1, 1, 0, 1, 1, 1, 1], 'B': [0, 1, 1, 1, 1, 1, 1, 1, 1, 0], 'C': [1, 1, 0, 1, 1, 0, 1, 1, 0, 0], 'D': [1, 1, 0, 1, 1, 1, 1, 1, 1, 1], 'E': [1, 1, 1, 1, 1, 0, 1, 1, 1, 1], 'F': [1, 1, 1, 1, 0, 1, 1, 1, 1, 1]}, '橘园北侧南': {'A': [0, 0, 0, 1, 0, 0, 1, 0, 0, 1], 'B': [0, 0, 0, 0, 1, 0, 1, 1, 1, 0], 'C': [0, 0, 1, 0, 1, 0, 0, 0, 1, 1], 'D': [1, 0, 1, 1, 0, 0, 0, 1, 0, 0], 'E': [1, 0, 0, 0, 0, 0, 1, 1, 0, 1], 'F': [1, 1, 1, 0, 0, 0, 0, 1, 1, 0], 'G': [0, 1, 1, 1, 0, 1, 1, 0, 1, 0], 'H': [0, 1, 1, 1, 1, 1, 1, 1, 1, 1], 'I': [0, 1, 0, 0, 1, 0, 1, 0, 1, 1], 'J': [0, 0, 0, 0, 0, 0, 1, 1, 0, 0]}, '校医院西': {'A': [1, 1, 1, 1, 1, 1, 1, 1, 1, 1], 'B': [1, 1, 1, 0, 1, 1, 1, 0, 1, 1], 'C': [1, 1, 1, 1, 1, 0, 1, 1, 0, 1], 'D': [1, 1, 1, 1, 1, 1, 1, 1, 1, 1], 'E': [1, 1, 1, 1, 1, 1, 1, 1, 1, 1], 'F': [0, 1, 1, 1, 0, 1, 1, 1, 1, 1], 'G': [1, 1, 1, 1, 1, 1, 1, 1, 1, 0], 'H': [1, 1, 0, 0, 0, 0, 1, 1, 0, 1], 'I': [1, 1, 1, 1, 0, 0, 0, 0, 0, 1]}}
623157	2024-07-13 03:22:49.571000+08:00	2024-07-13 03:22:49.571000+08:00	{'东门北侧': {'A': [1, 1, 1, 1, 1, 1, 1, 1, 1, 1], 'B': [1, 1, 1, 1, 1, 1, 1, 1, 1, 1], 'C': [0, 1, 1, 1, 1, 1, 1, 1, 1, 0], 'D': [1, 1, 1, 1, 1, 0, 1, 1, 0, 1], 'E': [1, 1, 0, 0, 1, 1, 1, 0, 1, 1], 'F': [0, 1, 1, 1, 1, 1, 1, 1, 1, 1], 'G': [0, 1, 1, 1, 1, 0, 1, 1, 0, 1], 'H': [1, 1, 1, 1, 0, 1, 1, 1, 0, 0], 'I': [0, 1, 0, 1, 1, 0, 1, 1, 1, 1], 'J': [1, 0, 1, 0, 1, 0, 1, 1, 1, 0], 'K': [0, 1, 1, 0, 0, 1, 1, 1, 0, 0]}, '东门南侧': {'A': [0, 0, 1, 1, 0, 0, 1, 0, 1, 0], 'B': [0, 0, 0, 0, 0, 0, 0, 0, 0, 0]}, '西门北侧': {'A': [1, 1, 1, 1, 1, 1, 1, 1, 1, 1], 'B': [0, 1, 0, 1, 1, 0, 1, 1, 0, 1], 'C': [1, 1, 0, 1, 1, 1, 1, 1, 1, 0]}, '西门南侧': {'A': [0, 1, 1, 1, 1, 0, 1, 0, 1, 1], 'B': [1, 1, 1, 1, 1, 1, 1, 1, 1, 1], 'C': [1, 1, 1, 1, 1, 1, 1, 1, 1, 1]}, '南门西侧': {'A': [1, 1, 0, 1, 1, 1, 1, 1, 1, 1], 'B': [1, 1, 1, 1, 0, 0, 1, 1, 0, 1]}, '南门东侧': {'A': [1, 0, 0, 1, 1, 1, 1, 1, 1, 1], 'B': [1, 1, 1, 1, 1, 1, 1, 1, 1, 1]}, '北门东北侧': {'A': [1, 1, 1, 1, 1, 1, 1, 1, 1, 1], 'B': [1, 0, 1, 1, 1, 1, 1, 1, 0, 1], 'C': [1, 1, 0, 1, 0, 1, 1, 1, 1, 0], 'D': [0, 0, 1, 1, 0, 0, 1, 0, 1, 1]}, '北门东南侧': {'A': [0, 1, 1, 1, 1, 0, 1, 1, 1, 1], 'B': [0, 1, 1, 1, 1, 1, 1, 1, 1, 0], 'C': [1, 1, 0, 1, 1, 0, 1, 1, 0, 0], 'D': [1, 1, 0, 1, 1, 1, 1, 1, 1, 1], 'E': [1, 1, 1, 1, 1, 0, 1, 1, 1, 1], 'F': [1, 1, 1, 1, 0, 1, 1, 1, 1, 1]}, '橘园北侧南': {'A': [0, 0, 0, 1, 0, 0, 1, 0, 0, 1], 'B': [0, 0, 0, 0, 1, 0, 1, 1, 1, 0], 'C': [0, 0, 1, 0, 1, 0, 0, 0, 1, 1], 'D': [1, 0, 1, 1, 0, 0, 0, 1, 0, 0], 'E': [1, 0, 0, 0, 0, 0, 1, 1, 0, 1], 'F': [1, 1, 1, 0, 0, 0, 0, 1, 1, 0], 'G': [0, 1, 1, 1, 0, 1, 1, 0, 1, 0], 'H': [0, 1, 1, 1, 1, 1, 1, 1, 1, 1], 'I': [0, 1, 0, 0, 1, 0, 1, 0, 1, 1], 'J': [0, 0, 0, 0, 0, 0, 1, 1, 0, 0]}, '校医院西': {'A': [1, 1, 1, 1, 1, 1, 1, 1, 1, 1], 'B': [1, 1, 1, 0, 1, 1, 1, 0, 1, 1], 'C': [1, 1, 1, 1, 1, 0, 1, 1, 0, 1], 'D': [1, 1, 1, 1, 1, 1, 1, 1, 1, 1], 'E': [1, 1, 1, 1, 1, 1, 1, 1, 1, 1], 'F': [0, 1, 1, 1, 0, 1, 1, 1, 1, 1], 'G': [1, 1, 1, 1, 1, 1, 1, 1, 1, 0], 'H': [1, 1, 0, 0, 0, 0, 1, 1, 0, 1], 'I': [1, 1, 1, 1, 0, 0, 0, 0, 0, 1]}}
623158	2024-07-13 03:23:48.104000+08:00	2024-07-13 03:23:48.104000+08:00	{'东门北侧': {'A': [1, 1, 1, 1, 1, 1, 1, 1, 1, 1], 'B': [1, 1, 1, 1, 1, 1, 1, 1, 1, 1], 'C': [0, 1, 1, 1, 1, 1, 1, 1, 1, 0], 'D': [1, 1, 1, 1, 1, 0, 1, 1, 0, 1], 'E': [1, 1, 0, 0, 1, 1, 1, 0, 1, 1], 'F': [0, 1, 1, 1, 1, 1, 1, 1, 1, 1], 'G': [0, 1, 1, 1, 1, 0, 1, 1, 0, 1], 'H': [1, 1, 1, 1, 0, 1, 1, 1, 0, 0], 'I': [0, 1, 0, 1, 1, 0, 1, 1, 1, 1], 'J': [1, 0, 1, 0, 1, 0, 1, 1, 1, 0], 'K': [0, 1, 1, 0, 0, 1, 1, 1, 0, 0]}, '东门南侧': {'A': [0, 0, 1, 1, 0, 0, 1, 0, 1, 0], 'B': [0, 0, 0, 0, 0, 0, 0, 0, 0, 0]}, '西门北侧': {'A': [1, 1, 1, 1, 1, 1, 1, 1, 1, 1], 'B': [0, 1, 0, 1, 1, 0, 1, 1, 0, 1], 'C': [1, 1, 0, 1, 1, 1, 1, 1, 1, 0]}, '西门南侧': {'A': [0, 1, 1, 1, 1, 0, 1, 0, 1, 1], 'B': [1, 1, 1, 1, 1, 1, 1, 1, 1, 1], 'C': [1, 1, 1, 1, 1, 1, 1, 1, 1, 1]}, '南门西侧': {'A': [1, 1, 0, 1, 1, 1, 1, 1, 1, 1], 'B': [1, 1, 1, 1, 0, 0, 1, 1, 0, 1]}, '南门东侧': {'A': [1, 0, 0, 1, 1, 1, 1, 1, 1, 1], 'B': [1, 1, 1, 1, 1, 1, 1, 1, 1, 1]}, '北门东北侧': {'A': [1, 1, 1, 1, 1, 1, 1, 1, 1, 1], 'B': [1, 0, 1, 1, 1, 1, 1, 1, 0, 1], 'C': [1, 1, 0, 1, 0, 1, 1, 1, 1, 0], 'D': [0, 0, 1, 1, 0, 0, 1, 0, 1, 1]}, '北门东南侧': {'A': [0, 1, 1, 1, 1, 0, 1, 1, 1, 1], 'B': [0, 1, 1, 1, 1, 1, 1, 1, 1, 0], 'C': [1, 1, 0, 1, 1, 0, 1, 1, 0, 0], 'D': [1, 1, 0, 1, 1, 1, 1, 1, 1, 1], 'E': [1, 1, 1, 1, 1, 0, 1, 1, 1, 1], 'F': [1, 1, 1, 1, 0, 1, 1, 1, 1, 1]}, '橘园北侧南': {'A': [0, 0, 0, 1, 0, 0, 1, 0, 0, 1], 'B': [0, 0, 0, 0, 1, 0, 1, 1, 1, 0], 'C': [0, 0, 1, 0, 1, 0, 0, 0, 1, 1], 'D': [1, 0, 1, 1, 0, 0, 0, 1, 0, 0], 'E': [1, 0, 0, 0, 0, 0, 1, 1, 0, 1], 'F': [1, 1, 1, 0, 0, 0, 0, 1, 1, 0], 'G': [0, 1, 1, 1, 0, 1, 1, 0, 1, 0], 'H': [0, 1, 1, 1, 1, 1, 1, 1, 1, 1], 'I': [0, 1, 0, 0, 1, 0, 1, 0, 1, 1], 'J': [0, 0, 0, 0, 0, 0, 1, 1, 0, 0]}, '校医院西': {'A': [1, 1, 1, 1, 1, 1, 1, 1, 1, 1], 'B': [1, 1, 1, 0, 1, 1, 1, 0, 1, 1], 'C': [1, 1, 1, 1, 1, 0, 1, 1, 0, 1], 'D': [1, 1, 1, 1, 1, 1, 1, 1, 1, 1], 'E': [1, 1, 1, 1, 1, 1, 1, 1, 1, 1], 'F': [0, 1, 1, 1, 0, 1, 1, 1, 1, 1], 'G': [1, 1, 1, 1, 1, 1, 1, 1, 1, 0], 'H': [1, 1, 0, 0, 0, 0, 1, 1, 0, 1], 'I': [1, 1, 1, 1, 0, 0, 0, 0, 0, 1]}}
623159	2024-07-13 03:24:49.224000+08:00	2024-07-13 03:24:49.224000+08:00	{'东门北侧': {'A': [1, 1, 1, 1, 1, 1, 1, 1, 1, 1], 'B': [1, 1, 1, 1, 1, 1, 1, 1, 1, 1], 'C': [0, 1, 1, 1, 1, 1, 1, 1, 1, 0], 'D': [1, 1, 1, 1, 1, 0, 1, 1, 0, 1], 'E': [1, 1, 0, 0, 1, 1, 1, 0, 1, 1], 'F': [0, 1, 1, 1, 1, 1, 1, 1, 1, 1], 'G': [0, 1, 1, 1, 1, 0, 1, 1, 0, 1], 'H': [1, 1, 1, 1, 0, 1, 1, 1, 0, 0], 'I': [0, 1, 0, 1, 1, 0, 1, 1, 1, 1], 'J': [1, 0, 1, 0, 1, 0, 1, 1, 1, 0], 'K': [0, 1, 1, 0, 0, 1, 1, 1, 0, 0]}, '东门南侧': {'A': [0, 0, 1, 1, 0, 0, 1, 0, 1, 0], 'B': [0, 0, 0, 0, 0, 0, 0, 0, 0, 0]}, '西门北侧': {'A': [1, 1, 1, 1, 1, 1, 1, 1, 1, 1], 'B': [0, 1, 0, 1, 1, 0, 1, 1, 0, 1], 'C': [1, 1, 0, 1, 1, 1, 1, 1, 1, 0]}, '西门南侧': {'A': [0, 1, 1, 1, 1, 0, 1, 0, 1, 1], 'B': [1, 1, 1, 1, 1, 1, 1, 1, 1, 1], 'C': [1, 1, 1, 1, 1, 1, 1, 1, 1, 1]}, '南门西侧': {'A': [1, 1, 0, 1, 1, 1, 1, 1, 1, 1], 'B': [1, 1, 1, 1, 0, 0, 1, 1, 0, 1]}, '南门东侧': {'A': [1, 0, 0, 1, 1, 1, 1, 1, 1, 1], 'B': [1, 1, 1, 1, 1, 1, 1, 1, 1, 1]}, '北门东北侧': {'A': [1, 1, 1, 1, 1, 1, 1, 1, 1, 1], 'B': [1, 0, 1, 1, 1, 1, 1, 1, 0, 1], 'C': [1, 1, 0, 1, 0, 1, 1, 1, 1, 0], 'D': [0, 0, 1, 1, 0, 0, 1, 0, 1, 1]}, '北门东南侧': {'A': [0, 1, 1, 1, 1, 0, 1, 1, 1, 1], 'B': [0, 1, 1, 1, 1, 1, 1, 1, 1, 0], 'C': [1, 1, 0, 1, 1, 0, 1, 1, 0, 0], 'D': [1, 1, 0, 1, 1, 1, 1, 1, 1, 1], 'E': [1, 1, 1, 1, 1, 0, 1, 1, 1, 1], 'F': [1, 1, 1, 1, 0, 1, 1, 1, 1, 1]}, '橘园北侧南': {'A': [0, 0, 0, 1, 0, 0, 1, 0, 0, 1], 'B': [0, 0, 0, 0, 1, 0, 1, 1, 1, 0], 'C': [0, 0, 1, 0, 1, 0, 0, 0, 1, 1], 'D': [1, 0, 1, 1, 0, 0, 0, 1, 0, 0], 'E': [1, 0, 0, 0, 0, 0, 1, 1, 0, 1], 'F': [1, 1, 1, 0, 0, 0, 0, 1, 1, 0], 'G': [0, 1, 1, 1, 0, 1, 1, 0, 1, 0], 'H': [0, 1, 1, 1, 1, 1, 1, 1, 1, 1], 'I': [0, 1, 0, 0, 1, 0, 1, 0, 1, 1], 'J': [0, 0, 0, 0, 0, 0, 1, 1, 0, 0]}, '校医院西': {'A': [1, 1, 1, 1, 1, 1, 1, 1, 1, 1], 'B': [1, 1, 1, 0, 1, 1, 1, 0, 1, 1], 'C': [1, 1, 1, 1, 1, 0, 1, 1, 0, 1], 'D': [1, 1, 1, 1, 1, 1, 1, 1, 1, 1], 'E': [1, 1, 1, 1, 1, 1, 1, 1, 1, 1], 'F': [0, 1, 1, 1, 0, 1, 1, 1, 1, 1], 'G': [1, 1, 1, 1, 1, 1, 1, 1, 1, 0], 'H': [1, 1, 0, 0, 1, 0, 1, 1, 0, 1], 'I': [1, 1, 1, 1, 0, 0, 0, 0, 0, 1]}}
623160	2024-07-13 03:25:50.106000+08:00	2024-07-13 03:25:50.106000+08:00	{'东门北侧': {'A': [1, 1, 1, 1, 1, 1, 1, 1, 1, 1], 'B': [1, 1, 1, 1, 1, 1, 1, 1, 1, 1], 'C': [0, 1, 1, 1, 1, 1, 1, 1, 1, 0], 'D': [1, 1, 1, 1, 1, 0, 1, 1, 0, 1], 'E': [1, 1, 0, 0, 1, 1, 1, 0, 1, 1], 'F': [0, 1, 1, 1, 1, 1, 1, 1, 1, 1], 'G': [0, 1, 1, 1, 1, 0, 1, 1, 0, 1], 'H': [1, 1, 1, 1, 0, 1, 1, 1, 0, 0], 'I': [0, 1, 0, 1, 1, 0, 1, 1, 1, 1], 'J': [1, 0, 1, 0, 1, 0, 1, 1, 1, 0], 'K': [0, 1, 1, 0, 0, 1, 1, 1, 0, 0]}, '东门南侧': {'A': [0, 0, 1, 1, 0, 0, 1, 0, 1, 0], 'B': [0, 0, 0, 0, 0, 0, 0, 0, 0, 0]}, '西门北侧': {'A': [1, 1, 1, 1, 1, 1, 1, 1, 1, 1], 'B': [0, 1, 0, 1, 1, 0, 1, 1, 0, 1], 'C': [1, 1, 0, 1, 1, 1, 1, 1, 1, 0]}, '西门南侧': {'A': [0, 1, 1, 1, 1, 0, 1, 0, 1, 1], 'B': [1, 1, 1, 1, 1, 1, 1, 1, 1, 1], 'C': [1, 1, 1, 1, 1, 1, 1, 1, 1, 1]}, '南门西侧': {'A': [1, 1, 0, 1, 1, 1, 1, 1, 1, 1], 'B': [1, 1, 1, 1, 0, 0, 1, 1, 0, 1]}, '南门东侧': {'A': [1, 0, 0, 1, 1, 1, 1, 1, 1, 1], 'B': [1, 1, 1, 1, 1, 1, 1, 1, 1, 1]}, '北门东北侧': {'A': [1, 1, 1, 1, 1, 1, 1, 1, 1, 1], 'B': [1, 0, 1, 1, 1, 1, 1, 1, 0, 1], 'C': [1, 1, 0, 1, 0, 1, 1, 1, 1, 0], 'D': [0, 0, 1, 1, 0, 0, 1, 0, 1, 1]}, '北门东南侧': {'A': [0, 1, 1, 1, 1, 0, 1, 1, 1, 1], 'B': [0, 1, 1, 1, 1, 1, 1, 1, 1, 0], 'C': [1, 1, 0, 1, 1, 0, 1, 1, 0, 0], 'D': [1, 1, 0, 1, 1, 1, 1, 1, 1, 1], 'E': [1, 1, 1, 1, 1, 0, 1, 1, 1, 1], 'F': [1, 1, 1, 1, 0, 1, 1, 1, 1, 1]}, '橘园北侧南': {'A': [0, 0, 0, 1, 0, 0, 1, 0, 0, 1], 'B': [0, 0, 0, 0, 1, 0, 1, 1, 1, 0], 'C': [0, 0, 1, 0, 1, 0, 0, 0, 1, 1], 'D': [1, 0, 1, 1, 0, 0, 0, 1, 0, 0], 'E': [1, 0, 0, 0, 0, 0, 1, 1, 0, 1], 'F': [1, 1, 1, 0, 0, 0, 0, 1, 1, 0], 'G': [0, 1, 1, 1, 0, 1, 1, 0, 1, 0], 'H': [0, 1, 1, 1, 1, 1, 1, 1, 1, 1], 'I': [0, 1, 0, 0, 1, 0, 1, 0, 1, 1], 'J': [0, 0, 0, 0, 0, 0, 1, 1, 0, 0]}, '校医院西': {'A': [1, 1, 1, 1, 1, 1, 1, 1, 1, 1], 'B': [1, 1, 1, 0, 1, 1, 1, 0, 1, 1], 'C': [1, 1, 1, 1, 1, 0, 1, 1, 0, 1], 'D': [1, 1, 1, 1, 1, 1, 1, 1, 1, 1], 'E': [1, 1, 1, 1, 1, 1, 1, 1, 1, 1], 'F': [0, 1, 1, 1, 0, 1, 1, 1, 1, 1], 'G': [1, 1, 1, 1, 1, 1, 1, 1, 1, 0], 'H': [1, 1, 0, 0, 1, 0, 1, 1, 0, 1], 'I': [1, 1, 1, 1, 0, 0, 0, 0, 0, 1]}}
623161	2024-07-13 03:26:47.166000+08:00	2024-07-13 03:26:47.166000+08:00	{'东门北侧': {'A': [1, 1, 1, 1, 1, 1, 1, 1, 1, 1], 'B': [1, 1, 1, 1, 1, 1, 1, 1, 1, 1], 'C': [0, 1, 1, 1, 1, 1, 1, 1, 1, 0], 'D': [1, 1, 1, 1, 1, 0, 1, 1, 0, 1], 'E': [1, 1, 0, 0, 1, 1, 1, 0, 1, 1], 'F': [0, 1, 1, 1, 1, 1, 1, 1, 1, 1], 'G': [0, 1, 1, 1, 1, 0, 1, 1, 0, 1], 'H': [1, 1, 1, 1, 0, 1, 1, 1, 0, 0], 'I': [0, 1, 0, 1, 1, 0, 1, 1, 1, 1], 'J': [1, 0, 1, 0, 1, 0, 1, 1, 1, 0], 'K': [0, 1, 1, 0, 0, 1, 1, 1, 0, 0]}, '东门南侧': {'A': [0, 0, 1, 1, 0, 0, 1, 0, 1, 0], 'B': [0, 0, 0, 0, 0, 0, 0, 0, 0, 0]}, '西门北侧': {'A': [1, 1, 1, 1, 1, 1, 1, 1, 1, 1], 'B': [0, 1, 0, 1, 1, 0, 1, 1, 0, 1], 'C': [1, 1, 0, 1, 1, 1, 1, 1, 1, 0]}, '西门南侧': {'A': [0, 1, 1, 1, 1, 1, 1, 0, 1, 1], 'B': [1, 1, 1, 1, 1, 1, 1, 1, 1, 1], 'C': [1, 1, 1, 1, 1, 1, 1, 1, 1, 1]}, '南门西侧': {'A': [1, 1, 0, 1, 1, 1, 1, 1, 1, 1], 'B': [1, 1, 1, 1, 0, 0, 1, 1, 0, 1]}, '南门东侧': {'A': [1, 0, 0, 1, 1, 1, 1, 1, 1, 1], 'B': [1, 1, 1, 1, 1, 1, 1, 1, 1, 1]}, '北门东北侧': {'A': [1, 1, 1, 1, 1, 1, 1, 1, 1, 1], 'B': [1, 0, 1, 1, 1, 1, 1, 1, 0, 1], 'C': [1, 1, 0, 1, 0, 1, 1, 1, 1, 0], 'D': [0, 0, 1, 1, 0, 0, 1, 0, 1, 1]}, '北门东南侧': {'A': [0, 1, 1, 1, 1, 0, 1, 1, 1, 1], 'B': [0, 1, 1, 1, 1, 1, 1, 1, 1, 0], 'C': [1, 1, 0, 1, 1, 0, 1, 1, 0, 0], 'D': [1, 1, 0, 1, 1, 1, 1, 1, 1, 1], 'E': [1, 1, 1, 1, 1, 0, 1, 1, 1, 1], 'F': [1, 1, 1, 1, 0, 1, 1, 1, 1, 1]}, '橘园北侧南': {'A': [0, 0, 0, 1, 0, 0, 1, 0, 0, 1], 'B': [0, 0, 0, 0, 1, 0, 1, 1, 1, 0], 'C': [0, 0, 1, 0, 1, 0, 0, 0, 1, 1], 'D': [1, 0, 1, 1, 0, 0, 0, 1, 0, 0], 'E': [1, 0, 0, 0, 0, 0, 1, 1, 0, 1], 'F': [1, 1, 1, 0, 0, 0, 0, 1, 1, 0], 'G': [0, 1, 1, 1, 0, 1, 1, 0, 1, 0], 'H': [0, 1, 1, 1, 1, 1, 1, 1, 1, 1], 'I': [0, 1, 0, 0, 1, 0, 1, 0, 1, 1], 'J': [0, 0, 0, 0, 0, 0, 1, 1, 0, 0]}, '校医院西': {'A': [1, 1, 1, 1, 1, 1, 1, 1, 1, 1], 'B': [1, 1, 1, 0, 1, 1, 1, 0, 1, 1], 'C': [1, 1, 1, 1, 1, 0, 1, 1, 0, 1], 'D': [1, 1, 1, 1, 1, 1, 1, 1, 1, 1], 'E': [1, 1, 1, 1, 1, 1, 1, 1, 1, 1], 'F': [0, 1, 1, 1, 0, 1, 1, 1, 1, 1], 'G': [1, 1, 1, 1, 1, 1, 1, 1, 1, 0], 'H': [1, 1, 0, 0, 1, 0, 1, 1, 0, 1], 'I': [1, 1, 1, 1, 0, 0, 0, 0, 0, 1]}}
623162	2024-07-13 03:27:50.598000+08:00	2024-07-13 03:27:50.598000+08:00	{'东门北侧': {'A': [1, 1, 1, 1, 1, 1, 1, 1, 1, 1], 'B': [1, 1, 1, 1, 1, 1, 1, 1, 1, 1], 'C': [0, 1, 1, 1, 1, 1, 1, 1, 1, 0], 'D': [1, 1, 1, 1, 1, 0, 1, 1, 0, 1], 'E': [1, 1, 0, 0, 1, 1, 1, 0, 1, 1], 'F': [0, 1, 1, 1, 1, 1, 1, 1, 1, 1], 'G': [0, 1, 1, 1, 1, 0, 1, 1, 0, 1], 'H': [1, 1, 1, 1, 0, 1, 1, 1, 0, 0], 'I': [0, 1, 0, 1, 1, 0, 1, 1, 1, 1], 'J': [1, 0, 1, 0, 1, 0, 1, 1, 1, 0], 'K': [0, 1, 1, 0, 0, 1, 1, 1, 0, 0]}, '东门南侧': {'A': [0, 0, 1, 1, 0, 0, 1, 0, 1, 0], 'B': [0, 0, 0, 0, 0, 0, 0, 0, 0, 0]}, '西门北侧': {'A': [1, 1, 1, 1, 1, 1, 1, 1, 1, 1], 'B': [0, 1, 0, 1, 1, 0, 1, 1, 0, 1], 'C': [1, 1, 0, 1, 1, 1, 1, 1, 1, 0]}, '西门南侧': {'A': [0, 1, 1, 1, 1, 1, 1, 0, 1, 1], 'B': [1, 1, 1, 1, 1, 1, 1, 1, 1, 1], 'C': [1, 1, 1, 1, 1, 1, 1, 1, 1, 1]}, '南门西侧': {'A': [1, 1, 0, 1, 1, 1, 1, 1, 1, 1], 'B': [1, 1, 1, 1, 0, 0, 1, 1, 0, 1]}, '南门东侧': {'A': [1, 0, 0, 1, 1, 1, 1, 1, 1, 1], 'B': [1, 1, 1, 1, 1, 1, 1, 1, 1, 1]}, '北门东北侧': {'A': [1, 1, 1, 1, 1, 1, 1, 1, 1, 1], 'B': [1, 0, 1, 1, 1, 1, 1, 1, 0, 1], 'C': [1, 1, 0, 1, 0, 1, 1, 1, 1, 0], 'D': [0, 0, 1, 1, 0, 0, 1, 0, 1, 1]}, '北门东南侧': {'A': [0, 1, 1, 1, 1, 0, 1, 1, 1, 1], 'B': [0, 1, 1, 1, 1, 1, 1, 1, 1, 0], 'C': [1, 1, 0, 1, 1, 0, 1, 1, 0, 0], 'D': [1, 1, 0, 1, 1, 1, 1, 1, 1, 1], 'E': [1, 1, 1, 1, 1, 0, 1, 1, 1, 1], 'F': [1, 1, 1, 1, 0, 1, 1, 1, 1, 1]}, '橘园北侧南': {'A': [0, 0, 0, 1, 0, 0, 1, 0, 0, 1], 'B': [0, 0, 0, 0, 1, 0, 1, 1, 1, 0], 'C': [0, 0, 1, 0, 1, 0, 0, 0, 1, 1], 'D': [1, 0, 1, 1, 0, 0, 0, 1, 0, 0], 'E': [1, 0, 0, 0, 0, 0, 1, 1, 0, 1], 'F': [1, 1, 1, 0, 0, 0, 0, 1, 1, 0], 'G': [0, 1, 1, 1, 0, 1, 1, 0, 1, 0], 'H': [0, 1, 1, 1, 1, 1, 1, 1, 1, 1], 'I': [0, 1, 0, 0, 1, 0, 1, 0, 1, 1], 'J': [0, 0, 0, 0, 0, 0, 1, 1, 0, 0]}, '校医院西': {'A': [1, 1, 1, 1, 1, 1, 1, 1, 1, 1], 'B': [1, 1, 1, 0, 1, 1, 1, 0, 1, 1], 'C': [1, 1, 1, 1, 1, 0, 1, 1, 0, 1], 'D': [1, 1, 1, 1, 1, 1, 1, 1, 1, 1], 'E': [1, 1, 1, 1, 1, 1, 1, 1, 1, 1], 'F': [0, 1, 1, 1, 0, 1, 1, 1, 1, 1], 'G': [1, 1, 1, 1, 1, 1, 1, 1, 1, 0], 'H': [1, 1, 0, 0, 1, 0, 1, 1, 0, 1], 'I': [1, 1, 1, 1, 0, 0, 0, 0, 0, 1]}}
623163	2024-07-13 03:28:47.632000+08:00	2024-07-13 03:28:47.632000+08:00	{'东门北侧': {'A': [1, 1, 1, 1, 1, 1, 1, 1, 1, 1], 'B': [1, 1, 1, 1, 1, 1, 1, 1, 1, 1], 'C': [0, 1, 1, 1, 1, 1, 1, 1, 1, 0], 'D': [1, 1, 1, 1, 1, 0, 1, 1, 0, 1], 'E': [1, 1, 0, 0, 1, 1, 1, 0, 1, 1], 'F': [0, 1, 1, 1, 1, 1, 1, 1, 1, 1], 'G': [0, 1, 1, 1, 1, 0, 1, 1, 0, 1], 'H': [1, 1, 1, 1, 0, 1, 1, 1, 0, 0], 'I': [0, 1, 0, 1, 1, 0, 1, 1, 1, 1], 'J': [1, 0, 1, 0, 1, 0, 1, 1, 1, 0], 'K': [0, 1, 1, 0, 0, 1, 1, 1, 0, 0]}, '东门南侧': {'A': [0, 0, 1, 1, 0, 0, 1, 0, 1, 0], 'B': [0, 0, 0, 0, 0, 0, 0, 0, 0, 0]}, '西门北侧': {'A': [1, 1, 1, 1, 1, 1, 1, 1, 1, 1], 'B': [0, 1, 0, 1, 1, 0, 1, 1, 0, 1], 'C': [1, 1, 0, 1, 1, 1, 1, 1, 1, 0]}, '西门南侧': {'A': [0, 1, 1, 1, 1, 1, 1, 0, 1, 1], 'B': [1, 1, 1, 1, 1, 1, 1, 1, 1, 1], 'C': [1, 1, 1, 1, 1, 1, 1, 1, 1, 1]}, '南门西侧': {'A': [1, 1, 0, 1, 1, 1, 1, 1, 1, 1], 'B': [1, 1, 1, 1, 0, 0, 1, 1, 0, 1]}, '南门东侧': {'A': [1, 0, 0, 1, 1, 1, 1, 1, 1, 1], 'B': [1, 1, 1, 1, 1, 1, 1, 1, 1, 1]}, '北门东北侧': {'A': [1, 1, 1, 1, 1, 1, 1, 1, 1, 1], 'B': [1, 0, 1, 1, 1, 1, 1, 1, 0, 1], 'C': [1, 1, 0, 1, 0, 1, 1, 1, 1, 0], 'D': [0, 0, 1, 1, 0, 0, 1, 0, 1, 1]}, '北门东南侧': {'A': [0, 1, 1, 1, 1, 0, 1, 1, 1, 1], 'B': [0, 1, 1, 1, 1, 1, 1, 1, 1, 0], 'C': [1, 1, 0, 1, 1, 0, 1, 1, 0, 0], 'D': [1, 1, 0, 1, 1, 1, 1, 1, 1, 1], 'E': [1, 1, 1, 1, 1, 0, 1, 1, 1, 1], 'F': [1, 1, 1, 1, 0, 1, 1, 1, 1, 1]}, '橘园北侧南': {'A': [0, 0, 0, 1, 0, 0, 1, 0, 0, 1], 'B': [0, 0, 0, 0, 1, 0, 1, 1, 1, 0], 'C': [0, 0, 1, 0, 1, 0, 0, 0, 1, 1], 'D': [1, 0, 1, 1, 0, 0, 0, 1, 0, 0], 'E': [1, 0, 0, 0, 0, 0, 1, 1, 0, 1], 'F': [1, 1, 1, 0, 0, 0, 0, 1, 1, 0], 'G': [0, 1, 1, 1, 0, 1, 1, 0, 1, 0], 'H': [0, 1, 1, 1, 1, 1, 1, 1, 1, 1], 'I': [0, 1, 0, 0, 1, 0, 1, 0, 1, 1], 'J': [0, 0, 0, 0, 0, 0, 1, 1, 0, 0]}, '校医院西': {'A': [1, 1, 1, 1, 1, 1, 1, 1, 1, 1], 'B': [1, 1, 1, 0, 1, 1, 1, 0, 1, 1], 'C': [1, 1, 1, 1, 1, 0, 1, 1, 0, 1], 'D': [1, 1, 1, 1, 1, 1, 1, 1, 1, 1], 'E': [1, 1, 1, 1, 1, 1, 1, 1, 1, 1], 'F': [0, 1, 1, 1, 0, 1, 1, 1, 1, 1], 'G': [1, 1, 1, 1, 1, 1, 1, 1, 1, 0], 'H': [1, 1, 0, 0, 1, 0, 1, 1, 0, 1], 'I': [1, 1, 1, 1, 0, 0, 0, 0, 0, 1]}}
623164	2024-07-13 03:29:50.125000+08:00	2024-07-13 03:29:50.125000+08:00	{'东门北侧': {'A': [1, 1, 1, 1, 1, 1, 1, 1, 1, 1], 'B': [1, 1, 1, 1, 1, 1, 1, 1, 1, 1], 'C': [0, 1, 1, 1, 1, 1, 1, 1, 1, 0], 'D': [1, 1, 1, 1, 1, 0, 1, 1, 0, 1], 'E': [1, 1, 0, 0, 1, 1, 1, 0, 1, 1], 'F': [0, 1, 1, 1, 1, 1, 1, 1, 1, 1], 'G': [0, 1, 1, 1, 1, 0, 1, 1, 0, 1], 'H': [1, 1, 1, 1, 0, 1, 1, 1, 0, 0], 'I': [0, 1, 0, 1, 1, 0, 1, 1, 1, 1], 'J': [1, 0, 1, 0, 1, 0, 1, 1, 1, 0], 'K': [0, 1, 1, 0, 0, 1, 1, 1, 0, 0]}, '东门南侧': {'A': [0, 0, 1, 1, 0, 0, 1, 0, 1, 0], 'B': [0, 0, 0, 0, 0, 0, 0, 0, 0, 0]}, '西门北侧': {'A': [1, 1, 1, 1, 1, 1, 1, 1, 1, 1], 'B': [0, 1, 0, 1, 1, 0, 1, 1, 0, 1], 'C': [1, 1, 0, 1, 1, 1, 1, 1, 1, 0]}, '西门南侧': {'A': [0, 1, 1, 1, 1, 1, 1, 0, 1, 1], 'B': [1, 1, 1, 1, 1, 1, 1, 1, 1, 1], 'C': [1, 1, 1, 1, 1, 1, 1, 1, 1, 1]}, '南门西侧': {'A': [1, 1, 0, 1, 1, 1, 1, 1, 1, 1], 'B': [1, 1, 1, 1, 0, 0, 1, 1, 0, 1]}, '南门东侧': {'A': [1, 0, 0, 1, 1, 1, 1, 1, 1, 1], 'B': [1, 1, 1, 1, 1, 1, 1, 1, 1, 1]}, '北门东北侧': {'A': [1, 1, 1, 1, 1, 1, 1, 1, 1, 1], 'B': [1, 0, 1, 1, 1, 1, 1, 1, 0, 1], 'C': [1, 1, 0, 1, 0, 1, 1, 1, 1, 0], 'D': [0, 0, 1, 1, 0, 0, 1, 0, 1, 1]}, '北门东南侧': {'A': [0, 1, 1, 1, 1, 0, 1, 1, 1, 1], 'B': [0, 1, 1, 1, 1, 1, 1, 1, 1, 0], 'C': [1, 1, 0, 1, 1, 0, 1, 1, 0, 0], 'D': [1, 1, 0, 1, 1, 1, 1, 1, 1, 1], 'E': [1, 1, 1, 1, 1, 0, 1, 1, 1, 1], 'F': [1, 1, 1, 1, 0, 1, 1, 1, 1, 1]}, '橘园北侧南': {'A': [1, 0, 0, 1, 0, 0, 1, 0, 0, 1], 'B': [0, 0, 0, 0, 1, 0, 1, 1, 1, 0], 'C': [0, 0, 1, 0, 1, 0, 0, 0, 1, 1], 'D': [1, 0, 1, 1, 0, 0, 0, 1, 0, 0], 'E': [1, 0, 0, 0, 0, 0, 1, 1, 0, 1], 'F': [1, 1, 1, 0, 0, 0, 0, 1, 1, 0], 'G': [0, 1, 1, 1, 0, 1, 1, 0, 1, 0], 'H': [0, 1, 1, 1, 1, 1, 1, 1, 1, 1], 'I': [0, 1, 0, 0, 1, 0, 1, 0, 1, 1], 'J': [0, 0, 0, 0, 0, 0, 1, 1, 0, 0]}, '校医院西': {'A': [1, 1, 1, 1, 1, 1, 1, 1, 1, 1], 'B': [1, 1, 1, 0, 1, 1, 1, 0, 1, 1], 'C': [1, 1, 1, 1, 1, 0, 1, 1, 0, 1], 'D': [1, 1, 1, 1, 1, 1, 1, 1, 1, 1], 'E': [1, 1, 1, 1, 1, 1, 1, 1, 1, 1], 'F': [0, 1, 1, 1, 0, 1, 1, 1, 1, 1], 'G': [1, 1, 1, 1, 1, 1, 1, 1, 1, 0], 'H': [1, 1, 0, 0, 1, 0, 1, 1, 0, 1], 'I': [1, 1, 1, 1, 0, 0, 0, 0, 0, 1]}}
623165	2024-07-13 03:30:51.734000+08:00	2024-07-13 03:30:51.734000+08:00	{'东门北侧': {'A': [1, 1, 1, 1, 1, 1, 1, 1, 1, 1], 'B': [1, 1, 1, 1, 1, 1, 1, 1, 1, 1], 'C': [0, 1, 1, 1, 1, 1, 1, 1, 1, 0], 'D': [1, 1, 1, 1, 1, 0, 1, 1, 0, 1], 'E': [1, 1, 0, 0, 1, 1, 1, 0, 1, 1], 'F': [0, 1, 1, 1, 1, 1, 1, 1, 1, 1], 'G': [0, 1, 1, 1, 1, 0, 1, 1, 0, 1], 'H': [1, 1, 1, 1, 0, 1, 1, 1, 0, 0], 'I': [0, 1, 0, 1, 1, 0, 1, 1, 1, 1], 'J': [1, 0, 1, 0, 1, 0, 1, 1, 1, 0], 'K': [0, 1, 1, 0, 0, 1, 1, 1, 0, 0]}, '东门南侧': {'A': [0, 0, 1, 1, 0, 0, 1, 0, 1, 0], 'B': [0, 0, 0, 0, 0, 0, 0, 0, 0, 0]}, '西门北侧': {'A': [1, 1, 1, 1, 1, 1, 1, 1, 1, 1], 'B': [0, 1, 0, 1, 1, 0, 1, 1, 0, 1], 'C': [1, 1, 0, 1, 1, 1, 1, 1, 1, 0]}, '西门南侧': {'A': [0, 1, 1, 1, 1, 1, 1, 0, 1, 1], 'B': [1, 1, 1, 1, 1, 1, 1, 1, 1, 1], 'C': [1, 1, 1, 1, 1, 1, 1, 1, 1, 1]}, '南门西侧': {'A': [1, 1, 0, 1, 1, 1, 1, 1, 1, 1], 'B': [1, 1, 1, 1, 0, 0, 1, 1, 0, 1]}, '南门东侧': {'A': [1, 0, 0, 1, 1, 1, 1, 1, 1, 1], 'B': [1, 1, 1, 1, 1, 1, 1, 1, 1, 1]}, '北门东北侧': {'A': [1, 1, 1, 1, 1, 1, 1, 1, 1, 1], 'B': [1, 0, 1, 1, 1, 1, 1, 1, 0, 1], 'C': [1, 1, 0, 1, 0, 1, 1, 1, 1, 0], 'D': [0, 0, 1, 1, 0, 0, 1, 0, 1, 1]}, '北门东南侧': {'A': [0, 1, 1, 1, 1, 0, 1, 1, 1, 1], 'B': [0, 1, 1, 1, 1, 1, 1, 1, 1, 0], 'C': [1, 1, 0, 1, 1, 0, 1, 1, 0, 0], 'D': [1, 1, 0, 1, 1, 1, 1, 1, 1, 1], 'E': [1, 1, 1, 1, 1, 0, 1, 1, 1, 1], 'F': [1, 1, 1, 1, 0, 1, 1, 1, 1, 1]}, '橘园北侧南': {'A': [1, 0, 0, 1, 0, 0, 1, 0, 0, 1], 'B': [0, 0, 0, 0, 1, 0, 1, 1, 1, 0], 'C': [0, 0, 1, 0, 1, 0, 0, 0, 1, 1], 'D': [1, 0, 1, 1, 0, 0, 0, 1, 0, 0], 'E': [1, 0, 0, 0, 0, 0, 1, 1, 0, 1], 'F': [1, 1, 1, 0, 0, 0, 0, 1, 1, 0], 'G': [0, 1, 1, 1, 1, 1, 1, 0, 1, 0], 'H': [0, 1, 1, 1, 1, 1, 1, 1, 1, 1], 'I': [0, 1, 0, 0, 1, 0, 1, 0, 1, 1], 'J': [0, 0, 0, 0, 0, 0, 1, 1, 0, 0]}, '校医院西': {'A': [1, 1, 1, 1, 1, 1, 1, 1, 1, 1], 'B': [1, 1, 1, 0, 1, 1, 1, 0, 1, 1], 'C': [1, 1, 1, 1, 1, 0, 1, 1, 0, 1], 'D': [1, 1, 1, 1, 1, 1, 1, 1, 1, 1], 'E': [1, 1, 1, 1, 1, 1, 1, 1, 1, 1], 'F': [0, 1, 1, 1, 0, 1, 1, 1, 1, 1], 'G': [1, 1, 1, 1, 1, 1, 1, 1, 1, 0], 'H': [1, 1, 0, 0, 1, 0, 1, 1, 0, 1], 'I': [1, 1, 1, 1, 0, 0, 0, 0, 0, 1]}}
623166	2024-07-13 03:31:48.541000+08:00	2024-07-13 03:31:48.541000+08:00	{'东门北侧': {'A': [1, 1, 1, 1, 1, 1, 1, 1, 1, 1], 'B': [1, 1, 1, 1, 1, 1, 1, 1, 1, 1], 'C': [0, 1, 1, 1, 1, 1, 1, 1, 1, 0], 'D': [1, 1, 1, 1, 1, 0, 1, 1, 0, 1], 'E': [1, 1, 0, 0, 1, 1, 1, 0, 1, 1], 'F': [0, 1, 1, 1, 1, 1, 1, 1, 1, 1], 'G': [0, 1, 1, 1, 1, 0, 1, 1, 0, 1], 'H': [1, 1, 1, 1, 0, 1, 1, 1, 0, 0], 'I': [0, 1, 0, 1, 1, 0, 1, 1, 1, 1], 'J': [1, 0, 1, 0, 1, 0, 1, 1, 1, 0], 'K': [0, 1, 1, 0, 0, 1, 1, 1, 0, 0]}, '东门南侧': {'A': [0, 0, 1, 1, 0, 0, 1, 0, 1, 0], 'B': [0, 0, 0, 0, 0, 0, 0, 0, 0, 0]}, '西门北侧': {'A': [1, 1, 1, 1, 1, 1, 1, 1, 1, 1], 'B': [0, 1, 0, 1, 1, 0, 1, 1, 0, 1], 'C': [1, 1, 0, 1, 1, 1, 1, 1, 1, 0]}, '西门南侧': {'A': [0, 1, 1, 1, 1, 1, 1, 0, 1, 1], 'B': [1, 1, 1, 1, 1, 1, 1, 1, 1, 1], 'C': [1, 1, 1, 1, 1, 1, 1, 1, 1, 1]}, '南门西侧': {'A': [1, 1, 0, 1, 1, 1, 1, 1, 1, 1], 'B': [1, 1, 1, 1, 0, 0, 1, 1, 0, 1]}, '南门东侧': {'A': [1, 0, 0, 1, 1, 1, 1, 1, 1, 1], 'B': [1, 1, 1, 1, 1, 1, 1, 1, 1, 1]}, '北门东北侧': {'A': [1, 1, 1, 1, 1, 1, 1, 1, 1, 1], 'B': [1, 0, 1, 1, 1, 1, 1, 1, 0, 1], 'C': [1, 1, 0, 1, 0, 1, 1, 1, 1, 0], 'D': [0, 0, 1, 1, 0, 0, 1, 0, 1, 1]}, '北门东南侧': {'A': [0, 1, 1, 1, 1, 0, 1, 1, 1, 1], 'B': [0, 1, 1, 1, 1, 1, 1, 1, 1, 0], 'C': [1, 1, 0, 1, 1, 0, 1, 1, 0, 0], 'D': [1, 1, 0, 1, 1, 1, 1, 1, 1, 1], 'E': [1, 1, 1, 1, 1, 0, 1, 1, 1, 1], 'F': [1, 1, 1, 1, 0, 1, 1, 1, 1, 1]}, '橘园北侧南': {'A': [1, 0, 0, 1, 0, 0, 1, 0, 0, 1], 'B': [0, 0, 0, 0, 1, 0, 1, 1, 1, 0], 'C': [0, 0, 1, 0, 1, 0, 0, 0, 1, 1], 'D': [1, 0, 1, 1, 0, 0, 0, 1, 0, 0], 'E': [1, 0, 0, 0, 0, 0, 1, 1, 0, 1], 'F': [1, 1, 1, 0, 0, 0, 0, 1, 1, 0], 'G': [0, 1, 1, 1, 1, 1, 1, 0, 1, 0], 'H': [0, 1, 1, 1, 1, 1, 1, 1, 1, 1], 'I': [0, 1, 0, 0, 1, 0, 1, 0, 1, 1], 'J': [0, 0, 0, 0, 0, 0, 1, 1, 0, 0]}, '校医院西': {'A': [1, 1, 1, 1, 1, 1, 1, 1, 1, 1], 'B': [1, 1, 1, 0, 1, 1, 1, 0, 1, 1], 'C': [1, 1, 1, 1, 1, 0, 1, 1, 0, 1], 'D': [1, 1, 1, 1, 1, 1, 1, 1, 1, 1], 'E': [1, 1, 1, 1, 1, 1, 1, 1, 1, 1], 'F': [0, 1, 1, 1, 0, 1, 1, 1, 1, 1], 'G': [1, 1, 1, 1, 1, 1, 1, 1, 1, 0], 'H': [1, 1, 0, 0, 1, 0, 1, 1, 0, 1], 'I': [1, 1, 1, 1, 0, 0, 0, 0, 0, 1]}}
623167	2024-07-13 03:32:50.564000+08:00	2024-07-13 03:32:50.564000+08:00	{'东门北侧': {'A': [1, 1, 1, 1, 1, 1, 1, 1, 1, 1], 'B': [1, 1, 1, 1, 1, 1, 1, 1, 1, 1], 'C': [0, 1, 1, 1, 1, 1, 1, 1, 1, 0], 'D': [1, 1, 1, 1, 1, 0, 1, 1, 0, 1], 'E': [1, 1, 0, 0, 1, 1, 1, 0, 1, 1], 'F': [0, 1, 1, 1, 1, 1, 1, 1, 1, 1], 'G': [0, 1, 1, 1, 1, 0, 1, 1, 0, 1], 'H': [1, 1, 1, 1, 0, 1, 1, 1, 0, 0], 'I': [0, 1, 0, 1, 1, 0, 1, 1, 1, 1], 'J': [1, 0, 1, 0, 1, 0, 1, 1, 1, 0], 'K': [0, 1, 1, 0, 0, 1, 1, 1, 0, 0]}, '东门南侧': {'A': [0, 0, 1, 1, 0, 0, 1, 0, 1, 0], 'B': [0, 0, 0, 0, 0, 0, 0, 0, 0, 0]}, '西门北侧': {'A': [1, 1, 1, 1, 1, 1, 1, 1, 1, 1], 'B': [0, 1, 0, 1, 1, 0, 1, 1, 0, 1], 'C': [1, 1, 0, 1, 1, 1, 1, 1, 1, 0]}, '西门南侧': {'A': [0, 1, 1, 1, 1, 1, 1, 0, 1, 1], 'B': [1, 1, 1, 1, 1, 1, 1, 1, 1, 1], 'C': [1, 1, 1, 1, 1, 1, 1, 1, 1, 1]}, '南门西侧': {'A': [1, 1, 0, 1, 1, 1, 1, 1, 1, 1], 'B': [1, 1, 1, 1, 0, 0, 1, 1, 0, 1]}, '南门东侧': {'A': [1, 0, 0, 1, 1, 1, 1, 1, 1, 1], 'B': [1, 1, 1, 1, 1, 1, 1, 1, 1, 1]}, '北门东北侧': {'A': [1, 1, 1, 1, 1, 1, 1, 1, 1, 1], 'B': [1, 0, 1, 1, 1, 1, 1, 1, 0, 1], 'C': [1, 1, 0, 1, 0, 1, 1, 1, 1, 0], 'D': [0, 0, 1, 1, 0, 0, 1, 0, 1, 1]}, '北门东南侧': {'A': [0, 1, 1, 1, 1, 0, 1, 1, 1, 1], 'B': [0, 1, 1, 1, 1, 1, 1, 1, 1, 0], 'C': [1, 1, 0, 1, 1, 0, 1, 1, 0, 0], 'D': [1, 1, 0, 1, 1, 1, 1, 1, 1, 1], 'E': [1, 1, 1, 1, 1, 0, 1, 1, 1, 1], 'F': [1, 1, 1, 1, 0, 1, 1, 1, 1, 1]}, '橘园北侧南': {'A': [1, 0, 0, 1, 0, 0, 1, 0, 0, 1], 'B': [0, 0, 0, 0, 1, 0, 1, 1, 1, 0], 'C': [0, 0, 1, 0, 1, 0, 0, 0, 1, 1], 'D': [1, 0, 1, 1, 0, 0, 0, 1, 0, 0], 'E': [1, 0, 0, 0, 0, 0, 1, 1, 0, 1], 'F': [1, 1, 1, 0, 0, 0, 0, 1, 1, 0], 'G': [0, 1, 1, 1, 1, 1, 1, 0, 1, 0], 'H': [0, 1, 1, 1, 1, 1, 1, 1, 1, 1], 'I': [0, 1, 0, 0, 1, 0, 1, 0, 1, 1], 'J': [0, 0, 0, 0, 0, 0, 1, 1, 0, 0]}, '校医院西': {'A': [1, 1, 1, 1, 1, 1, 1, 1, 1, 1], 'B': [1, 1, 1, 0, 1, 1, 1, 0, 1, 1], 'C': [1, 1, 1, 1, 1, 0, 1, 1, 0, 1], 'D': [1, 1, 1, 1, 1, 1, 1, 1, 1, 1], 'E': [1, 1, 1, 1, 1, 1, 1, 1, 1, 1], 'F': [0, 1, 1, 1, 0, 1, 1, 1, 1, 1], 'G': [1, 1, 1, 1, 1, 1, 1, 1, 1, 0], 'H': [1, 1, 0, 0, 1, 0, 1, 1, 0, 1], 'I': [1, 1, 1, 1, 0, 0, 0, 0, 0, 1]}}
623168	2024-07-13 03:33:47.803000+08:00	2024-07-13 03:33:47.803000+08:00	{'东门北侧': {'A': [1, 1, 1, 1, 1, 1, 1, 1, 1, 1], 'B': [1, 1, 1, 1, 1, 1, 1, 1, 1, 1], 'C': [0, 1, 1, 1, 1, 1, 1, 1, 1, 0], 'D': [1, 1, 1, 1, 1, 0, 1, 1, 0, 1], 'E': [1, 1, 0, 0, 1, 1, 1, 0, 1, 1], 'F': [0, 1, 1, 1, 1, 1, 1, 1, 1, 1], 'G': [0, 1, 1, 1, 1, 0, 1, 1, 0, 1], 'H': [1, 1, 1, 1, 0, 1, 1, 1, 0, 0], 'I': [0, 1, 0, 1, 1, 0, 1, 1, 1, 1], 'J': [1, 0, 1, 0, 1, 0, 1, 1, 1, 0], 'K': [0, 1, 1, 0, 0, 1, 1, 1, 0, 0]}, '东门南侧': {'A': [0, 0, 1, 1, 0, 0, 1, 0, 1, 0], 'B': [0, 0, 0, 0, 0, 0, 0, 0, 0, 0]}, '西门北侧': {'A': [1, 1, 1, 1, 1, 1, 1, 1, 1, 1], 'B': [0, 1, 0, 1, 1, 0, 1, 1, 0, 1], 'C': [1, 1, 0, 1, 1, 1, 1, 1, 1, 0]}, '西门南侧': {'A': [0, 1, 1, 1, 1, 1, 1, 0, 1, 1], 'B': [1, 1, 1, 1, 1, 1, 1, 1, 1, 1], 'C': [1, 1, 1, 1, 1, 1, 1, 1, 1, 1]}, '南门西侧': {'A': [1, 1, 0, 1, 1, 1, 1, 1, 1, 1], 'B': [1, 1, 1, 1, 0, 0, 1, 1, 0, 1]}, '南门东侧': {'A': [1, 0, 0, 1, 1, 1, 1, 1, 1, 1], 'B': [1, 1, 1, 1, 1, 1, 1, 1, 1, 1]}, '北门东北侧': {'A': [1, 1, 1, 1, 1, 1, 1, 1, 1, 1], 'B': [1, 0, 1, 1, 1, 1, 1, 1, 0, 1], 'C': [1, 1, 0, 1, 0, 1, 1, 1, 1, 0], 'D': [0, 0, 1, 1, 0, 0, 1, 0, 1, 1]}, '北门东南侧': {'A': [0, 1, 1, 1, 1, 0, 1, 1, 1, 1], 'B': [0, 1, 1, 1, 1, 1, 1, 1, 1, 0], 'C': [1, 1, 0, 1, 1, 0, 1, 1, 0, 0], 'D': [1, 1, 0, 1, 1, 1, 1, 1, 1, 1], 'E': [1, 1, 1, 1, 1, 0, 1, 1, 1, 1], 'F': [1, 1, 1, 1, 0, 1, 1, 1, 1, 1]}, '橘园北侧南': {'A': [1, 0, 0, 1, 0, 0, 1, 0, 0, 1], 'B': [0, 0, 0, 0, 1, 0, 1, 1, 1, 0], 'C': [0, 0, 1, 0, 1, 0, 0, 0, 1, 1], 'D': [1, 0, 1, 1, 0, 0, 0, 1, 0, 0], 'E': [1, 0, 0, 0, 0, 0, 1, 1, 0, 1], 'F': [1, 1, 1, 0, 0, 0, 0, 1, 1, 0], 'G': [0, 1, 1, 1, 1, 1, 1, 0, 1, 0], 'H': [0, 1, 1, 1, 1, 1, 1, 1, 1, 1], 'I': [0, 1, 0, 0, 1, 0, 1, 0, 1, 1], 'J': [0, 0, 0, 0, 0, 0, 1, 1, 0, 0]}, '校医院西': {'A': [1, 1, 1, 1, 1, 1, 1, 1, 1, 1], 'B': [1, 1, 1, 0, 1, 1, 1, 0, 1, 1], 'C': [1, 1, 1, 1, 1, 0, 1, 1, 0, 1], 'D': [1, 1, 1, 1, 1, 1, 1, 1, 1, 1], 'E': [1, 1, 1, 1, 1, 1, 1, 1, 1, 1], 'F': [0, 1, 1, 1, 0, 1, 1, 1, 1, 1], 'G': [1, 1, 1, 1, 1, 1, 1, 1, 1, 0], 'H': [1, 1, 0, 0, 1, 0, 1, 1, 0, 1], 'I': [1, 1, 1, 1, 0, 0, 0, 0, 0, 1]}}
623169	2024-07-13 03:34:49.110000+08:00	2024-07-13 03:34:49.110000+08:00	{'东门北侧': {'A': [1, 1, 1, 1, 1, 1, 1, 1, 1, 1], 'B': [1, 1, 1, 1, 1, 1, 1, 1, 1, 1], 'C': [0, 1, 1, 1, 1, 1, 1, 1, 1, 0], 'D': [1, 1, 1, 1, 1, 0, 1, 1, 0, 1], 'E': [1, 1, 0, 0, 1, 1, 1, 0, 1, 1], 'F': [0, 1, 1, 1, 1, 1, 1, 1, 1, 1], 'G': [0, 1, 1, 1, 1, 0, 1, 1, 0, 1], 'H': [1, 1, 1, 1, 0, 1, 1, 1, 0, 0], 'I': [0, 1, 0, 1, 1, 0, 1, 1, 1, 1], 'J': [1, 0, 1, 0, 1, 0, 1, 1, 1, 0], 'K': [0, 1, 1, 0, 0, 1, 1, 1, 0, 0]}, '东门南侧': {'A': [0, 0, 1, 1, 0, 0, 1, 0, 1, 0], 'B': [0, 0, 0, 0, 0, 0, 0, 0, 0, 0]}, '西门北侧': {'A': [1, 1, 1, 1, 1, 1, 1, 1, 1, 1], 'B': [0, 1, 0, 1, 1, 0, 1, 1, 0, 1], 'C': [1, 1, 0, 1, 1, 1, 1, 1, 1, 0]}, '西门南侧': {'A': [0, 1, 1, 1, 1, 1, 1, 0, 1, 1], 'B': [1, 1, 1, 1, 1, 1, 1, 1, 1, 1], 'C': [1, 1, 1, 1, 1, 1, 1, 1, 1, 1]}, '南门西侧': {'A': [1, 1, 0, 1, 1, 1, 1, 1, 1, 1], 'B': [1, 1, 1, 1, 0, 0, 1, 1, 0, 1]}, '南门东侧': {'A': [1, 0, 0, 1, 1, 1, 1, 1, 1, 1], 'B': [1, 1, 1, 1, 1, 1, 1, 1, 1, 1]}, '北门东北侧': {'A': [1, 1, 1, 1, 1, 1, 1, 1, 1, 1], 'B': [1, 0, 1, 1, 1, 1, 1, 1, 0, 1], 'C': [1, 1, 0, 1, 0, 1, 1, 1, 1, 0], 'D': [0, 0, 1, 1, 0, 0, 1, 0, 1, 1]}, '北门东南侧': {'A': [0, 1, 1, 1, 1, 0, 1, 1, 1, 1], 'B': [0, 1, 1, 1, 1, 1, 1, 1, 1, 0], 'C': [1, 1, 0, 1, 1, 0, 1, 1, 0, 0], 'D': [1, 1, 0, 1, 1, 1, 1, 1, 1, 1], 'E': [1, 1, 1, 1, 1, 0, 1, 1, 1, 1], 'F': [1, 1, 1, 1, 0, 1, 1, 1, 1, 1]}, '橘园北侧南': {'A': [1, 0, 0, 1, 0, 0, 1, 0, 0, 1], 'B': [0, 0, 0, 0, 1, 0, 1, 1, 1, 0], 'C': [0, 0, 1, 0, 1, 0, 0, 0, 1, 1], 'D': [1, 0, 1, 1, 0, 0, 0, 1, 0, 0], 'E': [1, 0, 0, 0, 0, 0, 1, 1, 0, 1], 'F': [1, 1, 1, 0, 0, 0, 0, 1, 1, 0], 'G': [0, 1, 1, 1, 1, 1, 1, 0, 1, 0], 'H': [0, 1, 1, 1, 1, 1, 1, 1, 1, 1], 'I': [0, 1, 0, 0, 1, 0, 1, 0, 1, 1], 'J': [0, 0, 0, 0, 0, 0, 1, 1, 0, 0]}, '校医院西': {'A': [1, 1, 1, 1, 1, 1, 1, 1, 1, 1], 'B': [1, 1, 1, 0, 1, 1, 1, 0, 1, 1], 'C': [1, 1, 1, 1, 1, 0, 1, 1, 0, 1], 'D': [1, 1, 1, 1, 1, 1, 1, 1, 1, 1], 'E': [1, 1, 1, 1, 1, 1, 1, 1, 1, 1], 'F': [0, 1, 1, 1, 0, 1, 1, 1, 1, 1], 'G': [1, 1, 1, 1, 1, 1, 1, 1, 1, 0], 'H': [1, 1, 0, 0, 1, 0, 1, 1, 0, 1], 'I': [1, 1, 1, 1, 0, 0, 0, 0, 0, 1]}}
623170	2024-07-13 03:35:47.611000+08:00	2024-07-13 03:35:47.611000+08:00	{'东门北侧': {'A': [1, 1, 1, 1, 1, 1, 1, 1, 1, 1], 'B': [1, 1, 1, 1, 1, 1, 1, 1, 1, 1], 'C': [0, 1, 1, 1, 1, 1, 1, 1, 1, 0], 'D': [1, 1, 1, 1, 1, 0, 1, 1, 0, 1], 'E': [1, 1, 0, 0, 1, 1, 1, 0, 1, 1], 'F': [0, 1, 1, 1, 1, 1, 1, 1, 1, 1], 'G': [0, 1, 1, 1, 1, 0, 1, 1, 0, 1], 'H': [1, 1, 1, 1, 0, 1, 1, 1, 0, 0], 'I': [0, 1, 0, 1, 1, 0, 1, 1, 1, 1], 'J': [1, 0, 1, 0, 1, 0, 1, 1, 1, 0], 'K': [0, 1, 1, 0, 0, 1, 1, 1, 0, 0]}, '东门南侧': {'A': [0, 0, 1, 1, 0, 0, 1, 0, 1, 0], 'B': [0, 0, 0, 0, 0, 0, 0, 0, 0, 0]}, '西门北侧': {'A': [1, 1, 1, 1, 1, 1, 1, 1, 1, 1], 'B': [0, 1, 0, 1, 1, 0, 1, 1, 0, 1], 'C': [1, 1, 0, 1, 1, 1, 1, 1, 1, 0]}, '西门南侧': {'A': [0, 1, 1, 1, 1, 1, 1, 0, 1, 1], 'B': [1, 1, 1, 1, 1, 1, 1, 1, 1, 1], 'C': [1, 1, 1, 1, 1, 1, 1, 1, 1, 1]}, '南门西侧': {'A': [1, 1, 0, 1, 1, 1, 1, 1, 1, 1], 'B': [1, 1, 1, 1, 0, 0, 1, 1, 0, 1]}, '南门东侧': {'A': [1, 0, 0, 1, 1, 1, 1, 1, 1, 1], 'B': [1, 1, 1, 1, 1, 1, 1, 1, 1, 1]}, '北门东北侧': {'A': [1, 1, 1, 1, 1, 1, 1, 1, 1, 1], 'B': [1, 0, 1, 1, 1, 1, 1, 1, 0, 1], 'C': [1, 1, 0, 1, 0, 1, 1, 1, 1, 0], 'D': [0, 0, 1, 1, 0, 0, 1, 0, 1, 1]}, '北门东南侧': {'A': [0, 1, 1, 1, 1, 0, 1, 1, 1, 1], 'B': [0, 1, 1, 1, 1, 1, 1, 1, 1, 0], 'C': [1, 1, 0, 1, 1, 0, 1, 1, 0, 0], 'D': [1, 1, 0, 1, 1, 1, 1, 1, 1, 1], 'E': [1, 1, 1, 1, 1, 0, 1, 1, 1, 1], 'F': [1, 1, 1, 1, 0, 1, 1, 1, 1, 1]}, '橘园北侧南': {'A': [1, 0, 0, 1, 0, 0, 1, 0, 0, 1], 'B': [0, 0, 0, 0, 1, 0, 1, 1, 1, 0], 'C': [0, 0, 1, 0, 1, 0, 0, 0, 1, 1], 'D': [1, 0, 1, 1, 0, 0, 0, 1, 0, 0], 'E': [1, 0, 0, 0, 0, 0, 1, 1, 0, 1], 'F': [1, 1, 1, 0, 0, 0, 0, 1, 1, 0], 'G': [0, 1, 1, 1, 1, 1, 1, 0, 1, 0], 'H': [0, 1, 1, 1, 1, 1, 1, 1, 1, 1], 'I': [0, 1, 0, 0, 1, 0, 1, 0, 1, 1], 'J': [0, 0, 0, 0, 0, 0, 1, 1, 0, 0]}, '校医院西': {'A': [1, 1, 1, 1, 1, 1, 1, 1, 1, 1], 'B': [1, 1, 1, 0, 1, 1, 1, 0, 1, 1], 'C': [1, 1, 1, 1, 1, 0, 1, 1, 0, 1], 'D': [1, 1, 1, 1, 1, 1, 1, 1, 1, 1], 'E': [1, 1, 1, 1, 1, 1, 1, 1, 1, 1], 'F': [0, 1, 1, 1, 0, 1, 1, 1, 1, 1], 'G': [1, 1, 1, 1, 1, 1, 1, 1, 1, 0], 'H': [1, 1, 0, 0, 1, 0, 1, 1, 0, 1], 'I': [1, 1, 1, 1, 0, 0, 0, 0, 0, 1]}}
623171	2024-07-13 03:36:48.601000+08:00	2024-07-13 03:36:48.601000+08:00	{'东门北侧': {'A': [1, 1, 1, 1, 1, 1, 1, 1, 1, 1], 'B': [1, 1, 1, 1, 1, 1, 1, 1, 1, 1], 'C': [0, 1, 1, 1, 1, 1, 1, 1, 1, 0], 'D': [1, 1, 1, 1, 1, 0, 1, 1, 0, 1], 'E': [1, 1, 0, 0, 1, 1, 1, 0, 1, 1], 'F': [0, 1, 1, 1, 1, 1, 1, 1, 1, 1], 'G': [0, 1, 1, 1, 1, 0, 1, 1, 0, 1], 'H': [1, 1, 1, 1, 0, 1, 1, 1, 0, 0], 'I': [0, 1, 0, 1, 1, 0, 1, 1, 1, 1], 'J': [1, 0, 1, 0, 1, 0, 1, 1, 1, 0], 'K': [0, 1, 1, 0, 0, 1, 1, 1, 0, 0]}, '东门南侧': {'A': [0, 0, 1, 1, 0, 0, 1, 0, 1, 0], 'B': [0, 0, 0, 0, 0, 0, 0, 0, 0, 0]}, '西门北侧': {'A': [1, 1, 1, 1, 1, 1, 1, 1, 1, 1], 'B': [0, 1, 0, 1, 1, 0, 1, 1, 0, 1], 'C': [1, 1, 0, 1, 1, 1, 1, 1, 1, 0]}, '西门南侧': {'A': [0, 1, 1, 1, 1, 1, 1, 0, 1, 1], 'B': [1, 1, 1, 1, 1, 1, 1, 1, 1, 1], 'C': [1, 1, 1, 1, 1, 1, 1, 1, 1, 1]}, '南门西侧': {'A': [1, 1, 0, 1, 1, 1, 1, 1, 1, 1], 'B': [1, 1, 1, 1, 0, 0, 1, 1, 0, 1]}, '南门东侧': {'A': [1, 0, 0, 1, 1, 1, 1, 1, 1, 1], 'B': [1, 1, 1, 1, 1, 1, 1, 1, 1, 1]}, '北门东北侧': {'A': [1, 1, 1, 1, 1, 1, 1, 1, 1, 1], 'B': [1, 0, 1, 1, 1, 1, 1, 1, 0, 1], 'C': [1, 1, 0, 1, 0, 1, 1, 1, 1, 0], 'D': [0, 0, 1, 1, 0, 0, 1, 0, 1, 1]}, '北门东南侧': {'A': [0, 1, 1, 1, 1, 0, 1, 1, 1, 1], 'B': [0, 1, 1, 1, 1, 1, 1, 1, 1, 0], 'C': [1, 1, 0, 1, 1, 0, 1, 1, 0, 0], 'D': [1, 1, 0, 1, 1, 1, 1, 1, 1, 1], 'E': [1, 1, 1, 1, 1, 0, 1, 1, 1, 1], 'F': [1, 1, 1, 1, 0, 1, 1, 1, 1, 1]}, '橘园北侧南': {'A': [1, 0, 0, 1, 0, 0, 1, 0, 0, 1], 'B': [0, 0, 0, 0, 1, 0, 1, 1, 1, 0], 'C': [0, 0, 1, 0, 1, 0, 0, 0, 1, 1], 'D': [1, 0, 1, 1, 0, 0, 0, 1, 0, 0], 'E': [1, 0, 0, 0, 0, 0, 1, 1, 0, 1], 'F': [1, 1, 1, 0, 0, 0, 0, 1, 1, 0], 'G': [0, 1, 1, 1, 1, 1, 1, 0, 1, 0], 'H': [0, 1, 1, 1, 1, 1, 1, 1, 1, 1], 'I': [0, 1, 0, 0, 1, 0, 1, 0, 1, 1], 'J': [0, 0, 0, 0, 0, 0, 1, 1, 0, 0]}, '校医院西': {'A': [1, 1, 1, 1, 1, 1, 1, 1, 1, 1], 'B': [1, 1, 1, 0, 1, 1, 1, 0, 1, 1], 'C': [1, 1, 1, 1, 1, 0, 1, 1, 0, 1], 'D': [1, 1, 1, 1, 1, 1, 1, 1, 1, 1], 'E': [1, 1, 1, 1, 1, 1, 1, 1, 1, 1], 'F': [0, 1, 1, 1, 0, 1, 1, 1, 1, 1], 'G': [1, 1, 1, 1, 1, 1, 1, 1, 1, 0], 'H': [1, 1, 0, 0, 1, 0, 1, 1, 0, 1], 'I': [1, 1, 1, 1, 0, 0, 0, 0, 0, 1]}}
623172	2024-07-13 03:37:49.165000+08:00	2024-07-13 03:37:49.165000+08:00	{'东门北侧': {'A': [1, 1, 1, 1, 1, 1, 1, 1, 1, 1], 'B': [1, 1, 1, 1, 1, 1, 1, 1, 1, 1], 'C': [0, 1, 1, 1, 1, 1, 1, 1, 1, 0], 'D': [1, 1, 1, 1, 1, 0, 1, 1, 0, 1], 'E': [1, 1, 0, 0, 1, 1, 1, 0, 1, 1], 'F': [0, 1, 1, 1, 1, 1, 1, 1, 1, 1], 'G': [0, 1, 1, 1, 1, 0, 1, 1, 0, 1], 'H': [1, 1, 1, 1, 0, 1, 1, 1, 0, 0], 'I': [0, 1, 0, 1, 1, 0, 1, 1, 1, 1], 'J': [1, 0, 1, 0, 1, 0, 1, 1, 1, 0], 'K': [0, 1, 1, 0, 0, 1, 1, 1, 0, 0]}, '东门南侧': {'A': [0, 0, 1, 1, 0, 0, 1, 0, 1, 0], 'B': [0, 0, 0, 0, 0, 0, 0, 0, 0, 0]}, '西门北侧': {'A': [1, 1, 1, 1, 1, 1, 1, 1, 1, 1], 'B': [0, 1, 0, 1, 1, 0, 1, 1, 0, 1], 'C': [1, 1, 0, 1, 1, 1, 1, 1, 1, 0]}, '西门南侧': {'A': [0, 1, 1, 1, 1, 1, 1, 0, 1, 1], 'B': [1, 1, 1, 1, 1, 1, 1, 1, 1, 1], 'C': [1, 1, 1, 1, 1, 1, 1, 1, 1, 1]}, '南门西侧': {'A': [1, 1, 0, 1, 1, 1, 1, 1, 1, 1], 'B': [1, 1, 1, 1, 0, 0, 1, 1, 0, 1]}, '南门东侧': {'A': [1, 0, 0, 1, 1, 1, 1, 1, 1, 1], 'B': [1, 1, 1, 1, 1, 1, 1, 1, 1, 1]}, '北门东北侧': {'A': [1, 1, 1, 1, 1, 1, 1, 1, 1, 1], 'B': [1, 0, 1, 1, 1, 1, 1, 1, 0, 1], 'C': [1, 1, 0, 1, 0, 1, 1, 1, 1, 0], 'D': [0, 0, 1, 1, 0, 0, 1, 0, 1, 1]}, '北门东南侧': {'A': [0, 1, 1, 1, 1, 0, 1, 1, 1, 1], 'B': [0, 1, 1, 1, 1, 1, 1, 1, 1, 0], 'C': [1, 1, 0, 1, 1, 0, 1, 1, 0, 0], 'D': [1, 1, 0, 1, 1, 1, 1, 1, 1, 1], 'E': [1, 1, 1, 1, 1, 0, 1, 1, 1, 1], 'F': [1, 1, 1, 1, 0, 1, 1, 1, 1, 1]}, '橘园北侧南': {'A': [1, 0, 0, 1, 0, 0, 1, 0, 0, 1], 'B': [0, 0, 0, 0, 1, 0, 1, 1, 1, 0], 'C': [0, 0, 1, 0, 1, 0, 0, 0, 1, 1], 'D': [1, 0, 1, 1, 0, 0, 0, 1, 0, 0], 'E': [1, 0, 0, 0, 0, 0, 1, 1, 0, 1], 'F': [1, 1, 1, 0, 0, 0, 0, 1, 1, 0], 'G': [0, 1, 1, 1, 1, 1, 1, 0, 1, 0], 'H': [0, 1, 1, 1, 1, 1, 1, 1, 1, 1], 'I': [0, 1, 0, 0, 1, 0, 1, 0, 1, 1], 'J': [0, 0, 0, 0, 0, 0, 1, 1, 0, 0]}, '校医院西': {'A': [1, 1, 1, 1, 1, 1, 1, 1, 1, 1], 'B': [1, 1, 1, 0, 1, 1, 1, 0, 1, 1], 'C': [1, 1, 1, 1, 1, 0, 1, 1, 0, 1], 'D': [1, 1, 1, 1, 1, 1, 1, 1, 1, 1], 'E': [1, 1, 1, 1, 1, 1, 1, 1, 1, 1], 'F': [0, 1, 1, 1, 0, 1, 1, 1, 1, 1], 'G': [1, 1, 1, 1, 1, 1, 1, 1, 1, 0], 'H': [1, 1, 0, 0, 1, 0, 1, 1, 0, 1], 'I': [1, 1, 1, 1, 0, 0, 0, 0, 0, 1]}}
623173	2024-07-13 03:38:48.699000+08:00	2024-07-13 03:38:48.699000+08:00	{'东门北侧': {'A': [1, 1, 1, 1, 1, 1, 1, 1, 1, 1], 'B': [1, 1, 1, 1, 1, 1, 1, 1, 1, 1], 'C': [0, 1, 1, 1, 1, 1, 1, 1, 1, 0], 'D': [1, 1, 1, 1, 1, 0, 1, 1, 0, 1], 'E': [1, 1, 0, 0, 1, 1, 1, 0, 1, 1], 'F': [0, 1, 1, 1, 1, 1, 1, 1, 1, 1], 'G': [0, 1, 1, 1, 1, 0, 1, 1, 0, 1], 'H': [1, 1, 1, 1, 0, 1, 1, 1, 0, 0], 'I': [0, 1, 0, 1, 1, 0, 1, 1, 1, 1], 'J': [1, 0, 1, 0, 1, 0, 1, 1, 1, 0], 'K': [0, 1, 1, 0, 0, 1, 1, 1, 0, 0]}, '东门南侧': {'A': [0, 0, 1, 1, 0, 0, 1, 0, 1, 0], 'B': [0, 0, 0, 0, 0, 0, 0, 0, 0, 0]}, '西门北侧': {'A': [1, 1, 1, 1, 1, 1, 1, 1, 1, 1], 'B': [0, 1, 0, 1, 1, 0, 1, 1, 0, 1], 'C': [1, 1, 0, 1, 1, 1, 1, 1, 1, 0]}, '西门南侧': {'A': [0, 1, 1, 1, 1, 1, 1, 0, 1, 1], 'B': [1, 1, 1, 1, 1, 1, 1, 1, 1, 1], 'C': [1, 1, 1, 1, 1, 1, 1, 1, 1, 1]}, '南门西侧': {'A': [1, 1, 0, 1, 1, 1, 1, 1, 1, 1], 'B': [1, 1, 1, 1, 0, 0, 1, 1, 0, 1]}, '南门东侧': {'A': [1, 0, 0, 1, 1, 1, 1, 1, 1, 1], 'B': [1, 1, 1, 1, 1, 1, 1, 1, 1, 1]}, '北门东北侧': {'A': [1, 1, 1, 1, 1, 1, 1, 1, 1, 1], 'B': [1, 0, 1, 1, 1, 1, 1, 1, 0, 1], 'C': [1, 1, 0, 1, 0, 1, 1, 1, 1, 0], 'D': [0, 0, 1, 1, 0, 0, 1, 0, 1, 1]}, '北门东南侧': {'A': [0, 1, 1, 1, 1, 0, 1, 1, 1, 1], 'B': [0, 1, 1, 1, 1, 1, 1, 1, 1, 0], 'C': [1, 1, 0, 1, 1, 0, 1, 1, 0, 0], 'D': [1, 1, 0, 1, 1, 1, 1, 1, 1, 1], 'E': [1, 1, 1, 1, 1, 0, 1, 1, 1, 1], 'F': [1, 1, 1, 1, 0, 1, 1, 1, 1, 1]}, '橘园北侧南': {'A': [1, 0, 0, 1, 0, 0, 1, 0, 0, 1], 'B': [0, 0, 0, 0, 1, 0, 1, 1, 1, 0], 'C': [0, 0, 1, 0, 1, 0, 0, 0, 1, 1], 'D': [1, 0, 1, 1, 0, 0, 0, 1, 0, 0], 'E': [1, 0, 0, 0, 0, 0, 1, 1, 0, 1], 'F': [1, 1, 1, 0, 0, 0, 0, 1, 1, 0], 'G': [0, 1, 1, 1, 1, 1, 1, 0, 1, 0], 'H': [0, 1, 1, 1, 1, 1, 1, 1, 1, 1], 'I': [0, 1, 0, 0, 1, 0, 1, 0, 1, 1], 'J': [0, 0, 0, 0, 0, 0, 1, 1, 0, 0]}, '校医院西': {'A': [1, 1, 1, 1, 1, 1, 1, 1, 1, 1], 'B': [1, 1, 1, 0, 1, 1, 1, 0, 1, 1], 'C': [1, 1, 1, 1, 1, 0, 1, 1, 0, 1], 'D': [1, 1, 1, 1, 1, 1, 1, 1, 1, 1], 'E': [1, 1, 1, 1, 1, 1, 1, 1, 1, 1], 'F': [0, 1, 1, 1, 0, 1, 1, 1, 1, 1], 'G': [1, 1, 1, 1, 1, 1, 1, 1, 1, 0], 'H': [1, 1, 0, 0, 1, 0, 1, 1, 0, 1], 'I': [1, 1, 1, 1, 0, 0, 0, 0, 0, 1]}}
623174	2024-07-13 03:39:49.567000+08:00	2024-07-13 03:39:49.567000+08:00	{'东门北侧': {'A': [1, 1, 1, 1, 1, 1, 1, 1, 1, 1], 'B': [1, 1, 1, 1, 1, 1, 1, 1, 1, 1], 'C': [0, 1, 1, 1, 1, 1, 1, 1, 1, 0], 'D': [1, 1, 1, 1, 1, 0, 1, 1, 0, 1], 'E': [1, 1, 0, 0, 1, 1, 1, 0, 1, 1], 'F': [0, 1, 1, 1, 1, 1, 1, 1, 1, 1], 'G': [0, 1, 1, 1, 1, 0, 1, 1, 0, 1], 'H': [1, 1, 1, 1, 0, 1, 1, 1, 0, 0], 'I': [0, 1, 0, 1, 1, 0, 1, 1, 1, 1], 'J': [1, 0, 1, 0, 1, 0, 1, 1, 1, 0], 'K': [0, 1, 1, 0, 0, 1, 1, 1, 0, 0]}, '东门南侧': {'A': [0, 0, 1, 1, 0, 0, 1, 0, 1, 0], 'B': [0, 0, 0, 0, 0, 0, 0, 0, 0, 0]}, '西门北侧': {'A': [1, 1, 1, 1, 1, 1, 1, 1, 1, 1], 'B': [0, 1, 0, 1, 1, 0, 1, 1, 0, 1], 'C': [1, 1, 0, 1, 1, 1, 1, 1, 1, 0]}, '西门南侧': {'A': [0, 1, 1, 1, 1, 1, 1, 0, 1, 1], 'B': [1, 1, 1, 1, 1, 1, 1, 1, 1, 1], 'C': [1, 1, 1, 1, 1, 1, 1, 1, 1, 1]}, '南门西侧': {'A': [1, 1, 0, 1, 1, 1, 1, 1, 1, 1], 'B': [1, 1, 1, 1, 0, 0, 1, 1, 0, 1]}, '南门东侧': {'A': [1, 0, 0, 1, 1, 1, 1, 1, 1, 1], 'B': [1, 1, 1, 1, 1, 1, 1, 1, 1, 1]}, '北门东北侧': {'A': [1, 1, 1, 1, 1, 1, 1, 1, 1, 1], 'B': [1, 0, 1, 1, 1, 1, 1, 1, 0, 1], 'C': [1, 1, 0, 1, 0, 1, 1, 1, 1, 0], 'D': [0, 0, 1, 1, 0, 0, 1, 0, 1, 1]}, '北门东南侧': {'A': [0, 1, 1, 1, 1, 0, 1, 1, 1, 1], 'B': [0, 1, 1, 1, 1, 1, 1, 1, 1, 0], 'C': [1, 1, 0, 1, 1, 0, 1, 1, 0, 0], 'D': [1, 1, 0, 1, 1, 1, 1, 1, 1, 1], 'E': [1, 1, 1, 1, 1, 0, 1, 1, 1, 1], 'F': [1, 1, 1, 1, 0, 1, 1, 1, 1, 1]}, '橘园北侧南': {'A': [1, 0, 0, 1, 0, 0, 1, 0, 0, 1], 'B': [0, 0, 0, 0, 1, 0, 1, 1, 1, 0], 'C': [0, 0, 1, 0, 1, 0, 0, 0, 1, 1], 'D': [1, 0, 1, 1, 0, 0, 0, 1, 0, 0], 'E': [1, 0, 0, 0, 0, 0, 1, 1, 0, 1], 'F': [1, 1, 1, 0, 0, 0, 0, 1, 1, 0], 'G': [0, 1, 1, 1, 1, 1, 1, 0, 1, 0], 'H': [0, 1, 1, 1, 1, 1, 1, 1, 1, 1], 'I': [0, 1, 0, 0, 1, 0, 1, 0, 1, 1], 'J': [0, 0, 0, 0, 0, 0, 1, 1, 0, 0]}, '校医院西': {'A': [1, 1, 1, 1, 1, 1, 1, 1, 1, 1], 'B': [1, 1, 1, 0, 1, 1, 1, 0, 1, 1], 'C': [1, 1, 1, 1, 1, 0, 1, 1, 0, 1], 'D': [1, 1, 1, 1, 1, 1, 1, 1, 1, 1], 'E': [1, 1, 1, 1, 1, 1, 1, 1, 1, 1], 'F': [0, 1, 1, 1, 0, 1, 1, 1, 1, 1], 'G': [1, 1, 1, 1, 1, 1, 1, 1, 1, 0], 'H': [1, 1, 0, 0, 1, 0, 1, 1, 0, 1], 'I': [1, 1, 1, 1, 0, 0, 0, 0, 0, 1]}}
623175	2024-07-13 03:40:47.596000+08:00	2024-07-13 03:40:47.596000+08:00	{'东门北侧': {'A': [1, 1, 1, 1, 1, 1, 1, 1, 1, 1], 'B': [1, 1, 1, 1, 1, 1, 1, 1, 1, 1], 'C': [0, 1, 1, 1, 1, 1, 1, 1, 1, 0], 'D': [1, 1, 1, 1, 1, 0, 1, 1, 0, 1], 'E': [1, 1, 0, 0, 1, 1, 1, 0, 1, 1], 'F': [0, 1, 1, 1, 1, 1, 1, 1, 1, 1], 'G': [0, 1, 1, 1, 1, 0, 1, 1, 0, 1], 'H': [1, 1, 1, 1, 0, 1, 1, 1, 0, 0], 'I': [0, 1, 0, 1, 1, 0, 1, 1, 1, 1], 'J': [1, 0, 1, 0, 1, 0, 1, 1, 1, 0], 'K': [0, 1, 1, 0, 0, 1, 1, 1, 0, 0]}, '东门南侧': {'A': [0, 0, 1, 1, 0, 0, 1, 0, 1, 0], 'B': [0, 0, 0, 0, 0, 0, 0, 0, 0, 0]}, '西门北侧': {'A': [1, 1, 1, 1, 1, 1, 1, 1, 1, 1], 'B': [0, 1, 0, 1, 1, 0, 1, 1, 0, 1], 'C': [1, 1, 0, 1, 1, 1, 1, 1, 1, 0]}, '西门南侧': {'A': [0, 1, 1, 1, 1, 1, 1, 0, 1, 1], 'B': [1, 1, 1, 1, 1, 1, 1, 1, 1, 1], 'C': [1, 1, 1, 1, 1, 1, 1, 1, 1, 1]}, '南门西侧': {'A': [1, 1, 0, 1, 1, 1, 1, 1, 1, 1], 'B': [1, 1, 1, 1, 0, 0, 1, 1, 0, 1]}, '南门东侧': {'A': [1, 0, 0, 1, 1, 1, 1, 1, 1, 1], 'B': [1, 1, 1, 1, 1, 1, 1, 1, 1, 1]}, '北门东北侧': {'A': [1, 1, 1, 1, 1, 1, 1, 1, 1, 1], 'B': [1, 0, 1, 1, 1, 1, 1, 1, 0, 1], 'C': [1, 1, 0, 1, 0, 1, 1, 1, 1, 0], 'D': [0, 0, 1, 1, 0, 0, 1, 0, 1, 1]}, '北门东南侧': {'A': [0, 1, 1, 1, 1, 0, 1, 1, 1, 1], 'B': [0, 1, 1, 1, 1, 1, 1, 1, 1, 0], 'C': [1, 1, 0, 1, 1, 0, 1, 1, 0, 0], 'D': [1, 1, 0, 1, 1, 1, 1, 1, 1, 1], 'E': [1, 1, 1, 1, 1, 0, 1, 1, 1, 1], 'F': [1, 1, 1, 1, 0, 1, 1, 1, 1, 1]}, '橘园北侧南': {'A': [1, 0, 0, 1, 0, 0, 1, 0, 0, 1], 'B': [0, 0, 0, 0, 1, 0, 1, 1, 1, 0], 'C': [0, 0, 1, 0, 1, 0, 0, 0, 1, 1], 'D': [1, 0, 1, 1, 0, 0, 0, 1, 0, 0], 'E': [1, 0, 0, 0, 0, 0, 1, 1, 0, 1], 'F': [1, 1, 1, 0, 0, 0, 0, 1, 1, 0], 'G': [0, 1, 1, 1, 1, 1, 1, 0, 1, 0], 'H': [1, 1, 1, 1, 1, 1, 1, 1, 1, 1], 'I': [0, 1, 0, 0, 1, 0, 1, 0, 1, 1], 'J': [0, 0, 0, 0, 0, 0, 1, 1, 0, 0]}, '校医院西': {'A': [1, 1, 1, 1, 1, 1, 1, 1, 1, 1], 'B': [1, 1, 1, 0, 1, 1, 1, 0, 1, 1], 'C': [1, 1, 1, 1, 1, 0, 1, 1, 0, 1], 'D': [1, 1, 1, 1, 1, 1, 1, 1, 1, 1], 'E': [1, 1, 1, 1, 1, 1, 1, 1, 1, 1], 'F': [0, 1, 1, 1, 0, 1, 1, 1, 1, 1], 'G': [1, 1, 1, 1, 1, 1, 1, 1, 1, 0], 'H': [1, 1, 0, 0, 1, 0, 1, 1, 0, 1], 'I': [1, 1, 1, 1, 0, 0, 0, 0, 0, 1]}}
623176	2024-07-13 03:41:51.549000+08:00	2024-07-13 03:41:51.549000+08:00	{'东门北侧': {'A': [1, 1, 1, 1, 1, 1, 1, 1, 1, 1], 'B': [1, 1, 1, 1, 1, 1, 1, 1, 1, 1], 'C': [0, 1, 1, 1, 1, 1, 1, 1, 1, 0], 'D': [1, 1, 1, 1, 1, 0, 1, 1, 0, 1], 'E': [1, 1, 0, 0, 1, 1, 1, 0, 1, 1], 'F': [0, 1, 1, 1, 1, 1, 1, 1, 1, 1], 'G': [0, 1, 1, 1, 1, 0, 1, 1, 0, 1], 'H': [1, 1, 1, 1, 0, 1, 1, 1, 0, 0], 'I': [0, 1, 0, 1, 1, 0, 1, 1, 1, 1], 'J': [1, 0, 1, 0, 1, 0, 1, 1, 1, 0], 'K': [0, 1, 1, 0, 0, 1, 1, 1, 0, 0]}, '东门南侧': {'A': [0, 0, 1, 1, 0, 0, 1, 0, 1, 0], 'B': [0, 0, 0, 0, 0, 0, 0, 0, 0, 0]}, '西门北侧': {'A': [1, 1, 1, 1, 1, 1, 1, 1, 1, 1], 'B': [0, 1, 0, 1, 1, 0, 1, 1, 0, 1], 'C': [1, 1, 0, 1, 1, 1, 1, 1, 1, 0]}, '西门南侧': {'A': [0, 1, 1, 1, 1, 1, 1, 0, 1, 1], 'B': [1, 1, 1, 1, 1, 1, 1, 1, 1, 1], 'C': [1, 1, 1, 1, 1, 1, 1, 1, 1, 1]}, '南门西侧': {'A': [1, 1, 0, 1, 1, 1, 1, 1, 1, 1], 'B': [1, 1, 1, 1, 0, 0, 1, 1, 0, 1]}, '南门东侧': {'A': [1, 0, 0, 1, 1, 1, 1, 1, 1, 1], 'B': [1, 1, 1, 1, 1, 1, 1, 1, 1, 1]}, '北门东北侧': {'A': [1, 1, 1, 1, 1, 1, 1, 1, 1, 1], 'B': [1, 0, 1, 1, 1, 1, 1, 1, 0, 1], 'C': [1, 1, 0, 1, 0, 1, 1, 1, 1, 0], 'D': [0, 0, 1, 1, 0, 0, 1, 0, 1, 1]}, '北门东南侧': {'A': [0, 1, 1, 1, 1, 0, 1, 1, 1, 1], 'B': [0, 1, 1, 1, 1, 1, 1, 1, 1, 0], 'C': [1, 1, 0, 1, 1, 0, 1, 1, 0, 0], 'D': [1, 1, 0, 1, 1, 1, 1, 1, 1, 1], 'E': [1, 1, 1, 1, 1, 0, 1, 1, 1, 1], 'F': [1, 1, 1, 1, 0, 1, 1, 1, 1, 1]}, '橘园北侧南': {'A': [1, 0, 0, 1, 0, 0, 1, 0, 0, 1], 'B': [0, 0, 0, 0, 1, 0, 1, 1, 1, 0], 'C': [0, 0, 1, 0, 1, 1, 0, 0, 1, 1], 'D': [1, 0, 1, 1, 0, 0, 0, 1, 0, 0], 'E': [1, 0, 0, 0, 0, 0, 1, 1, 0, 1], 'F': [1, 1, 1, 0, 0, 0, 0, 1, 1, 0], 'G': [0, 1, 1, 1, 1, 1, 1, 0, 1, 0], 'H': [1, 1, 1, 1, 1, 1, 1, 1, 1, 1], 'I': [0, 1, 0, 0, 1, 0, 1, 0, 1, 1], 'J': [0, 0, 0, 0, 0, 0, 1, 1, 0, 0]}, '校医院西': {'A': [1, 1, 1, 1, 1, 1, 1, 1, 1, 1], 'B': [1, 1, 1, 0, 1, 1, 1, 0, 1, 1], 'C': [1, 1, 1, 1, 1, 0, 1, 1, 0, 1], 'D': [1, 1, 1, 1, 1, 1, 1, 1, 1, 1], 'E': [1, 1, 1, 1, 1, 1, 1, 1, 1, 1], 'F': [0, 1, 1, 1, 0, 1, 1, 1, 1, 1], 'G': [1, 1, 1, 1, 1, 1, 1, 1, 1, 0], 'H': [1, 1, 0, 0, 1, 0, 1, 1, 0, 1], 'I': [1, 1, 1, 1, 0, 0, 0, 0, 0, 1]}}
623177	2024-07-13 03:42:48.692000+08:00	2024-07-13 03:42:48.692000+08:00	{'东门北侧': {'A': [1, 1, 1, 1, 1, 1, 1, 1, 1, 1], 'B': [1, 1, 1, 1, 1, 1, 1, 1, 1, 1], 'C': [0, 1, 1, 1, 1, 1, 1, 1, 1, 0], 'D': [1, 1, 1, 1, 1, 0, 1, 1, 0, 1], 'E': [1, 1, 0, 0, 1, 1, 1, 0, 1, 1], 'F': [0, 1, 1, 1, 1, 1, 1, 1, 1, 1], 'G': [0, 1, 1, 1, 1, 0, 1, 1, 0, 1], 'H': [1, 1, 1, 1, 0, 1, 1, 1, 0, 0], 'I': [0, 1, 0, 1, 1, 0, 1, 1, 1, 1], 'J': [1, 0, 1, 0, 1, 0, 1, 1, 1, 0], 'K': [0, 1, 1, 0, 0, 1, 1, 1, 0, 0]}, '东门南侧': {'A': [0, 0, 1, 1, 0, 0, 1, 0, 1, 0], 'B': [0, 0, 0, 0, 0, 0, 0, 0, 0, 0]}, '西门北侧': {'A': [1, 1, 1, 1, 1, 1, 1, 1, 1, 1], 'B': [0, 1, 0, 1, 1, 0, 1, 1, 0, 1], 'C': [1, 1, 0, 1, 1, 1, 1, 1, 1, 0]}, '西门南侧': {'A': [0, 1, 1, 1, 1, 1, 1, 0, 1, 1], 'B': [1, 1, 1, 1, 1, 1, 1, 1, 1, 1], 'C': [1, 1, 1, 1, 1, 1, 1, 1, 1, 1]}, '南门西侧': {'A': [1, 1, 0, 1, 1, 1, 1, 1, 1, 1], 'B': [1, 1, 1, 1, 0, 0, 1, 1, 0, 1]}, '南门东侧': {'A': [1, 0, 0, 1, 1, 1, 1, 1, 1, 1], 'B': [1, 1, 1, 1, 1, 1, 1, 1, 1, 1]}, '北门东北侧': {'A': [1, 1, 1, 1, 1, 1, 1, 1, 1, 1], 'B': [1, 0, 1, 1, 1, 1, 1, 1, 0, 1], 'C': [1, 1, 0, 1, 0, 1, 1, 1, 1, 0], 'D': [0, 0, 1, 1, 0, 0, 1, 0, 1, 1]}, '北门东南侧': {'A': [0, 1, 1, 1, 1, 0, 1, 1, 1, 1], 'B': [0, 1, 1, 1, 1, 1, 1, 1, 1, 0], 'C': [1, 1, 0, 1, 1, 0, 1, 1, 0, 0], 'D': [1, 1, 0, 1, 1, 1, 1, 1, 1, 1], 'E': [1, 1, 1, 1, 1, 0, 1, 1, 1, 1], 'F': [1, 1, 1, 1, 0, 1, 1, 1, 1, 1]}, '橘园北侧南': {'A': [1, 0, 0, 1, 0, 0, 1, 0, 0, 1], 'B': [0, 0, 0, 0, 1, 0, 1, 1, 1, 0], 'C': [0, 0, 1, 0, 1, 1, 0, 0, 1, 1], 'D': [1, 0, 1, 1, 0, 0, 0, 1, 0, 0], 'E': [1, 0, 0, 0, 0, 0, 1, 1, 0, 1], 'F': [1, 1, 1, 0, 0, 0, 0, 1, 1, 0], 'G': [0, 1, 1, 1, 1, 1, 1, 0, 1, 0], 'H': [1, 1, 1, 1, 1, 1, 1, 1, 1, 1], 'I': [0, 1, 0, 0, 1, 0, 1, 0, 1, 1], 'J': [0, 0, 0, 0, 0, 0, 1, 1, 0, 0]}, '校医院西': {'A': [1, 1, 1, 1, 1, 1, 1, 1, 1, 1], 'B': [1, 1, 1, 0, 1, 1, 1, 0, 1, 1], 'C': [1, 1, 1, 1, 1, 0, 1, 1, 0, 1], 'D': [1, 1, 1, 1, 1, 1, 1, 1, 1, 1], 'E': [1, 1, 1, 1, 1, 1, 1, 1, 1, 1], 'F': [0, 1, 1, 1, 0, 1, 1, 1, 1, 1], 'G': [1, 1, 1, 1, 1, 1, 1, 1, 1, 0], 'H': [1, 1, 0, 0, 1, 0, 1, 1, 0, 1], 'I': [1, 1, 1, 1, 0, 0, 0, 0, 0, 1]}}
623178	2024-07-13 03:43:48.545000+08:00	2024-07-13 03:43:48.545000+08:00	{'东门北侧': {'A': [1, 1, 1, 1, 1, 1, 1, 1, 1, 1], 'B': [1, 1, 1, 1, 1, 1, 1, 1, 1, 1], 'C': [0, 1, 1, 1, 1, 1, 1, 1, 1, 0], 'D': [1, 1, 1, 1, 1, 0, 1, 1, 0, 1], 'E': [1, 1, 0, 0, 1, 1, 1, 0, 1, 1], 'F': [0, 1, 1, 1, 1, 1, 1, 1, 1, 1], 'G': [0, 1, 1, 1, 1, 0, 1, 1, 0, 1], 'H': [1, 1, 1, 1, 0, 1, 1, 1, 0, 0], 'I': [0, 1, 0, 1, 1, 0, 1, 1, 1, 1], 'J': [1, 0, 1, 0, 1, 0, 1, 1, 1, 0], 'K': [0, 1, 1, 0, 0, 1, 1, 1, 0, 0]}, '东门南侧': {'A': [0, 0, 1, 1, 0, 0, 1, 0, 1, 0], 'B': [0, 0, 0, 0, 0, 0, 0, 0, 0, 0]}, '西门北侧': {'A': [1, 1, 1, 1, 1, 1, 1, 1, 1, 1], 'B': [0, 1, 0, 1, 1, 0, 1, 1, 0, 1], 'C': [1, 1, 0, 1, 1, 1, 1, 1, 1, 0]}, '西门南侧': {'A': [0, 1, 1, 1, 1, 1, 1, 0, 1, 1], 'B': [1, 1, 1, 1, 1, 1, 1, 1, 1, 1], 'C': [1, 1, 1, 1, 1, 1, 1, 1, 1, 1]}, '南门西侧': {'A': [1, 1, 0, 1, 1, 1, 1, 1, 1, 1], 'B': [1, 1, 1, 1, 0, 0, 1, 1, 0, 1]}, '南门东侧': {'A': [1, 0, 0, 1, 1, 1, 1, 1, 1, 1], 'B': [1, 1, 1, 1, 1, 1, 1, 1, 1, 1]}, '北门东北侧': {'A': [1, 1, 1, 1, 1, 1, 1, 1, 1, 1], 'B': [1, 0, 1, 1, 1, 1, 1, 1, 0, 1], 'C': [1, 1, 0, 1, 0, 1, 1, 1, 1, 0], 'D': [0, 0, 1, 1, 0, 0, 1, 0, 1, 1]}, '北门东南侧': {'A': [0, 1, 1, 1, 1, 0, 1, 1, 1, 1], 'B': [0, 1, 1, 1, 1, 1, 1, 1, 1, 0], 'C': [1, 1, 0, 1, 1, 0, 1, 1, 0, 0], 'D': [1, 1, 0, 1, 1, 1, 1, 1, 1, 1], 'E': [1, 1, 1, 1, 1, 0, 1, 1, 1, 1], 'F': [1, 1, 1, 1, 0, 1, 1, 1, 1, 1]}, '橘园北侧南': {'A': [1, 0, 0, 1, 0, 0, 1, 0, 0, 1], 'B': [0, 0, 0, 0, 1, 0, 1, 1, 1, 0], 'C': [0, 0, 1, 0, 1, 1, 0, 0, 1, 1], 'D': [1, 0, 1, 1, 0, 0, 0, 1, 0, 0], 'E': [1, 0, 0, 0, 0, 0, 1, 1, 0, 1], 'F': [1, 1, 1, 0, 0, 0, 0, 1, 1, 0], 'G': [0, 1, 1, 1, 1, 1, 1, 0, 1, 0], 'H': [1, 1, 1, 1, 1, 1, 1, 1, 1, 1], 'I': [0, 1, 0, 0, 1, 0, 1, 0, 1, 1], 'J': [0, 0, 0, 0, 0, 0, 1, 1, 0, 0]}, '校医院西': {'A': [1, 1, 1, 1, 1, 1, 1, 1, 1, 1], 'B': [1, 1, 1, 0, 1, 1, 1, 0, 1, 1], 'C': [1, 1, 1, 1, 1, 0, 1, 1, 0, 1], 'D': [1, 1, 1, 1, 1, 1, 1, 1, 1, 1], 'E': [1, 1, 1, 1, 1, 1, 1, 1, 1, 1], 'F': [0, 1, 1, 1, 0, 1, 1, 1, 1, 1], 'G': [1, 1, 1, 1, 1, 1, 1, 1, 1, 0], 'H': [1, 1, 0, 0, 1, 0, 1, 1, 0, 1], 'I': [1, 1, 1, 1, 0, 0, 0, 0, 0, 1]}}
623179	2024-07-13 03:44:50.574000+08:00	2024-07-13 03:44:50.574000+08:00	{'东门北侧': {'A': [1, 1, 1, 1, 1, 1, 1, 1, 1, 1], 'B': [1, 1, 1, 1, 1, 1, 1, 1, 1, 1], 'C': [0, 1, 1, 1, 1, 1, 1, 1, 1, 0], 'D': [1, 1, 1, 1, 1, 0, 1, 1, 0, 1], 'E': [1, 1, 0, 0, 1, 1, 1, 0, 1, 1], 'F': [0, 1, 1, 1, 1, 1, 1, 1, 1, 1], 'G': [0, 1, 1, 1, 1, 0, 1, 1, 0, 1], 'H': [1, 1, 1, 1, 0, 1, 1, 1, 0, 0], 'I': [0, 1, 0, 1, 1, 0, 1, 1, 1, 1], 'J': [1, 0, 1, 0, 1, 0, 1, 1, 1, 0], 'K': [0, 1, 1, 0, 0, 1, 1, 1, 0, 0]}, '东门南侧': {'A': [0, 0, 1, 1, 0, 0, 1, 0, 1, 0], 'B': [0, 0, 0, 0, 0, 0, 0, 0, 0, 0]}, '西门北侧': {'A': [1, 1, 1, 1, 1, 1, 1, 1, 1, 1], 'B': [0, 1, 0, 1, 1, 0, 1, 1, 0, 1], 'C': [1, 1, 0, 1, 1, 1, 1, 1, 1, 0]}, '西门南侧': {'A': [0, 1, 1, 1, 1, 1, 1, 0, 1, 1], 'B': [1, 1, 1, 1, 1, 1, 1, 1, 1, 1], 'C': [1, 1, 1, 1, 1, 1, 1, 1, 1, 1]}, '南门西侧': {'A': [1, 1, 0, 1, 1, 1, 1, 1, 1, 1], 'B': [1, 1, 1, 1, 0, 0, 1, 1, 0, 1]}, '南门东侧': {'A': [1, 0, 0, 1, 1, 1, 1, 1, 1, 1], 'B': [1, 1, 1, 1, 1, 1, 1, 1, 1, 1]}, '北门东北侧': {'A': [1, 1, 1, 1, 1, 1, 1, 1, 1, 1], 'B': [1, 0, 1, 1, 1, 1, 1, 1, 0, 1], 'C': [1, 1, 0, 1, 0, 1, 1, 1, 1, 0], 'D': [0, 0, 1, 1, 0, 0, 1, 0, 1, 1]}, '北门东南侧': {'A': [0, 1, 1, 1, 1, 0, 1, 1, 1, 1], 'B': [0, 1, 1, 1, 1, 1, 1, 1, 1, 0], 'C': [1, 1, 0, 1, 1, 0, 1, 1, 0, 0], 'D': [1, 1, 0, 1, 1, 1, 1, 1, 1, 1], 'E': [1, 1, 1, 1, 1, 0, 1, 1, 1, 1], 'F': [1, 1, 1, 1, 0, 1, 1, 1, 1, 1]}, '橘园北侧南': {'A': [1, 0, 0, 1, 0, 0, 1, 0, 0, 1], 'B': [0, 0, 0, 0, 1, 0, 1, 1, 1, 0], 'C': [0, 0, 1, 0, 1, 1, 0, 0, 1, 1], 'D': [1, 0, 1, 1, 0, 0, 0, 1, 0, 0], 'E': [1, 0, 0, 0, 0, 0, 1, 1, 0, 1], 'F': [1, 1, 1, 0, 0, 0, 0, 1, 1, 0], 'G': [0, 1, 1, 1, 1, 1, 1, 0, 1, 0], 'H': [1, 1, 1, 1, 1, 1, 1, 1, 1, 1], 'I': [0, 1, 0, 0, 1, 0, 1, 0, 1, 1], 'J': [0, 0, 0, 0, 0, 0, 1, 1, 0, 0]}, '校医院西': {'A': [1, 1, 1, 1, 1, 1, 1, 1, 1, 1], 'B': [1, 1, 1, 0, 1, 1, 1, 0, 1, 1], 'C': [1, 1, 1, 1, 1, 0, 1, 1, 0, 1], 'D': [1, 1, 1, 1, 1, 1, 1, 1, 1, 1], 'E': [1, 1, 1, 1, 1, 1, 1, 1, 1, 1], 'F': [0, 1, 1, 1, 0, 1, 1, 1, 1, 1], 'G': [1, 1, 1, 1, 1, 1, 1, 1, 1, 0], 'H': [1, 1, 0, 0, 1, 0, 1, 1, 0, 1], 'I': [1, 1, 1, 1, 0, 0, 0, 0, 0, 1]}}
623180	2024-07-13 03:45:50.630000+08:00	2024-07-13 03:45:50.630000+08:00	{'东门北侧': {'A': [1, 1, 1, 1, 1, 1, 1, 1, 1, 1], 'B': [1, 1, 1, 1, 1, 1, 1, 1, 1, 1], 'C': [0, 1, 1, 1, 1, 1, 1, 1, 1, 0], 'D': [1, 1, 1, 1, 1, 0, 1, 1, 0, 1], 'E': [1, 1, 0, 0, 1, 1, 1, 0, 1, 1], 'F': [0, 1, 1, 1, 1, 1, 1, 1, 1, 1], 'G': [0, 1, 1, 1, 1, 0, 1, 1, 0, 1], 'H': [1, 1, 1, 1, 0, 1, 1, 1, 0, 0], 'I': [0, 1, 0, 1, 1, 0, 1, 1, 1, 1], 'J': [1, 0, 1, 0, 1, 0, 1, 1, 1, 0], 'K': [0, 1, 1, 0, 0, 1, 1, 1, 0, 0]}, '东门南侧': {'A': [0, 0, 1, 1, 0, 0, 1, 0, 1, 0], 'B': [0, 0, 0, 0, 0, 0, 0, 0, 0, 0]}, '西门北侧': {'A': [1, 1, 1, 1, 1, 1, 1, 1, 1, 1], 'B': [0, 1, 0, 1, 1, 0, 1, 1, 0, 1], 'C': [1, 1, 0, 1, 1, 1, 1, 1, 1, 0]}, '西门南侧': {'A': [0, 1, 1, 1, 1, 1, 1, 0, 1, 1], 'B': [1, 1, 1, 1, 1, 1, 1, 1, 1, 1], 'C': [1, 1, 1, 1, 1, 1, 1, 1, 1, 1]}, '南门西侧': {'A': [1, 1, 0, 1, 1, 1, 1, 1, 1, 1], 'B': [1, 1, 1, 1, 0, 0, 1, 1, 0, 1]}, '南门东侧': {'A': [1, 0, 0, 1, 1, 1, 1, 1, 1, 1], 'B': [1, 1, 1, 1, 1, 1, 1, 1, 1, 1]}, '北门东北侧': {'A': [1, 1, 1, 1, 1, 1, 1, 1, 1, 1], 'B': [1, 0, 1, 1, 1, 1, 1, 1, 0, 1], 'C': [1, 1, 0, 1, 0, 1, 1, 1, 1, 0], 'D': [0, 0, 1, 1, 0, 0, 1, 0, 1, 1]}, '北门东南侧': {'A': [0, 1, 1, 1, 1, 0, 1, 1, 1, 1], 'B': [0, 1, 1, 1, 1, 1, 1, 1, 1, 0], 'C': [1, 1, 0, 1, 1, 0, 1, 1, 0, 0], 'D': [1, 1, 0, 1, 1, 1, 1, 1, 1, 1], 'E': [1, 1, 1, 1, 1, 0, 1, 1, 1, 1], 'F': [1, 1, 1, 1, 0, 1, 1, 1, 1, 1]}, '橘园北侧南': {'A': [1, 0, 0, 1, 0, 0, 1, 0, 0, 1], 'B': [0, 0, 0, 0, 1, 0, 1, 1, 1, 0], 'C': [0, 0, 1, 0, 1, 1, 0, 0, 1, 1], 'D': [1, 0, 1, 1, 0, 0, 0, 1, 0, 0], 'E': [1, 0, 0, 0, 0, 0, 1, 1, 0, 1], 'F': [1, 1, 1, 0, 0, 0, 0, 1, 1, 0], 'G': [0, 1, 1, 1, 1, 1, 1, 0, 1, 0], 'H': [1, 1, 1, 1, 1, 1, 1, 1, 1, 1], 'I': [0, 1, 0, 0, 1, 0, 1, 0, 1, 1], 'J': [0, 0, 0, 0, 0, 0, 1, 1, 0, 0]}, '校医院西': {'A': [1, 1, 1, 1, 1, 1, 1, 1, 1, 1], 'B': [1, 1, 1, 0, 1, 1, 1, 0, 1, 1], 'C': [1, 1, 1, 1, 1, 0, 1, 1, 0, 1], 'D': [1, 1, 1, 1, 1, 1, 1, 1, 1, 1], 'E': [1, 1, 1, 1, 1, 1, 1, 1, 1, 1], 'F': [0, 1, 1, 1, 0, 1, 1, 1, 1, 1], 'G': [1, 1, 1, 1, 1, 1, 1, 1, 1, 0], 'H': [1, 1, 0, 0, 1, 0, 1, 1, 0, 1], 'I': [1, 1, 1, 1, 0, 0, 0, 0, 0, 1]}}
623181	2024-07-13 03:46:47.636000+08:00	2024-07-13 03:46:47.636000+08:00	{'东门北侧': {'A': [1, 1, 1, 1, 1, 1, 1, 1, 1, 1], 'B': [1, 1, 1, 1, 1, 1, 1, 1, 1, 1], 'C': [0, 1, 1, 1, 1, 1, 1, 1, 1, 0], 'D': [1, 1, 1, 1, 1, 0, 1, 1, 0, 1], 'E': [1, 1, 0, 0, 1, 1, 1, 0, 1, 1], 'F': [0, 1, 1, 1, 1, 1, 1, 1, 1, 1], 'G': [0, 1, 1, 1, 1, 0, 1, 1, 0, 1], 'H': [1, 1, 1, 1, 0, 1, 1, 1, 0, 0], 'I': [0, 1, 0, 1, 1, 0, 1, 1, 1, 1], 'J': [1, 0, 1, 0, 1, 0, 1, 1, 1, 0], 'K': [0, 1, 1, 0, 0, 1, 1, 1, 0, 0]}, '东门南侧': {'A': [0, 0, 1, 1, 0, 0, 1, 0, 1, 0], 'B': [0, 0, 0, 0, 0, 0, 0, 0, 0, 0]}, '西门北侧': {'A': [1, 1, 1, 1, 1, 1, 1, 1, 1, 1], 'B': [0, 1, 0, 1, 1, 0, 1, 1, 0, 1], 'C': [1, 1, 0, 1, 1, 1, 1, 1, 1, 0]}, '西门南侧': {'A': [0, 1, 1, 1, 1, 1, 1, 0, 1, 1], 'B': [1, 1, 1, 1, 1, 1, 1, 1, 1, 1], 'C': [1, 1, 1, 1, 1, 1, 1, 1, 1, 1]}, '南门西侧': {'A': [1, 1, 0, 1, 1, 1, 1, 1, 1, 1], 'B': [1, 1, 1, 1, 0, 0, 1, 1, 0, 1]}, '南门东侧': {'A': [1, 0, 0, 1, 1, 1, 1, 1, 1, 1], 'B': [1, 1, 1, 1, 1, 1, 1, 1, 1, 1]}, '北门东北侧': {'A': [1, 1, 1, 1, 1, 1, 1, 1, 1, 1], 'B': [1, 0, 1, 1, 1, 1, 1, 1, 0, 1], 'C': [1, 1, 0, 1, 0, 1, 1, 1, 1, 0], 'D': [0, 0, 1, 1, 0, 0, 1, 0, 1, 1]}, '北门东南侧': {'A': [0, 1, 1, 1, 1, 0, 1, 1, 1, 1], 'B': [0, 1, 1, 1, 1, 1, 1, 1, 1, 0], 'C': [1, 1, 0, 1, 1, 0, 1, 1, 0, 0], 'D': [1, 1, 0, 1, 1, 1, 1, 1, 1, 1], 'E': [1, 1, 1, 1, 1, 0, 1, 1, 1, 1], 'F': [1, 1, 1, 1, 0, 1, 1, 1, 1, 1]}, '橘园北侧南': {'A': [1, 0, 0, 1, 0, 0, 1, 0, 0, 1], 'B': [0, 0, 0, 0, 1, 0, 1, 1, 1, 0], 'C': [0, 0, 1, 0, 1, 1, 0, 0, 1, 1], 'D': [1, 0, 1, 1, 0, 0, 0, 1, 0, 0], 'E': [1, 0, 0, 0, 0, 0, 1, 1, 0, 1], 'F': [1, 1, 1, 0, 0, 0, 0, 1, 1, 0], 'G': [0, 1, 1, 1, 1, 1, 1, 0, 1, 0], 'H': [1, 1, 1, 1, 1, 1, 1, 1, 1, 1], 'I': [0, 1, 0, 0, 1, 0, 1, 0, 1, 1], 'J': [0, 0, 0, 0, 0, 0, 1, 1, 0, 0]}, '校医院西': {'A': [1, 1, 1, 1, 1, 1, 1, 1, 1, 1], 'B': [1, 1, 1, 0, 1, 1, 1, 0, 1, 1], 'C': [1, 1, 1, 1, 1, 0, 1, 1, 0, 1], 'D': [1, 1, 1, 1, 1, 1, 1, 1, 1, 1], 'E': [1, 1, 1, 1, 1, 1, 1, 1, 1, 1], 'F': [0, 1, 1, 1, 0, 1, 1, 1, 1, 1], 'G': [1, 1, 1, 1, 1, 1, 1, 1, 1, 0], 'H': [1, 1, 0, 0, 1, 0, 1, 1, 0, 1], 'I': [1, 1, 1, 1, 0, 0, 0, 0, 0, 1]}}
623182	2024-07-13 03:47:49.144000+08:00	2024-07-13 03:47:49.144000+08:00	{'东门北侧': {'A': [1, 1, 1, 1, 1, 1, 1, 1, 1, 1], 'B': [1, 1, 1, 1, 1, 1, 1, 1, 1, 1], 'C': [0, 1, 1, 1, 1, 1, 1, 1, 1, 0], 'D': [1, 1, 1, 1, 1, 0, 1, 1, 0, 1], 'E': [1, 1, 0, 0, 1, 1, 1, 0, 1, 1], 'F': [0, 1, 1, 1, 1, 1, 1, 1, 1, 1], 'G': [0, 1, 1, 1, 1, 0, 1, 1, 0, 1], 'H': [1, 1, 1, 1, 0, 1, 1, 1, 0, 0], 'I': [0, 1, 0, 1, 1, 0, 1, 1, 1, 1], 'J': [1, 0, 1, 0, 1, 0, 1, 1, 1, 0], 'K': [0, 1, 1, 0, 0, 1, 1, 1, 0, 0]}, '东门南侧': {'A': [0, 0, 1, 1, 0, 0, 1, 0, 1, 0], 'B': [0, 0, 0, 0, 0, 0, 0, 0, 0, 0]}, '西门北侧': {'A': [1, 1, 1, 1, 1, 1, 1, 1, 1, 1], 'B': [0, 1, 0, 1, 1, 0, 1, 1, 0, 1], 'C': [1, 1, 0, 1, 1, 1, 1, 1, 1, 0]}, '西门南侧': {'A': [0, 1, 1, 1, 1, 1, 1, 0, 1, 1], 'B': [1, 1, 1, 1, 1, 1, 1, 1, 1, 1], 'C': [1, 1, 1, 1, 1, 1, 1, 1, 1, 1]}, '南门西侧': {'A': [1, 1, 0, 1, 1, 1, 1, 1, 1, 1], 'B': [1, 1, 1, 1, 0, 0, 1, 1, 0, 1]}, '南门东侧': {'A': [1, 0, 0, 1, 1, 1, 1, 1, 1, 1], 'B': [1, 1, 1, 1, 1, 1, 1, 1, 1, 1]}, '北门东北侧': {'A': [1, 1, 1, 1, 1, 1, 1, 1, 1, 1], 'B': [1, 0, 1, 1, 1, 1, 1, 1, 0, 1], 'C': [1, 1, 0, 1, 0, 1, 1, 1, 1, 0], 'D': [0, 0, 1, 1, 0, 0, 1, 0, 1, 1]}, '北门东南侧': {'A': [0, 1, 1, 1, 1, 0, 1, 1, 1, 1], 'B': [0, 1, 1, 1, 1, 1, 1, 1, 1, 0], 'C': [1, 1, 0, 1, 1, 0, 1, 1, 0, 0], 'D': [1, 1, 0, 1, 1, 1, 1, 1, 1, 1], 'E': [1, 1, 1, 1, 1, 0, 1, 1, 1, 1], 'F': [1, 1, 1, 1, 0, 1, 1, 1, 1, 1]}, '橘园北侧南': {'A': [1, 0, 0, 1, 0, 0, 1, 0, 0, 1], 'B': [0, 0, 0, 0, 1, 0, 1, 1, 1, 0], 'C': [0, 0, 1, 0, 1, 1, 0, 0, 1, 1], 'D': [1, 0, 1, 1, 0, 0, 0, 1, 0, 0], 'E': [1, 0, 0, 0, 0, 0, 1, 1, 0, 1], 'F': [1, 1, 1, 0, 0, 0, 0, 1, 1, 0], 'G': [0, 1, 1, 1, 1, 1, 1, 0, 1, 0], 'H': [1, 1, 1, 1, 1, 1, 1, 1, 1, 1], 'I': [0, 1, 0, 0, 1, 0, 1, 0, 1, 1], 'J': [0, 0, 0, 0, 0, 0, 1, 1, 0, 0]}, '校医院西': {'A': [1, 1, 1, 1, 1, 1, 1, 1, 1, 1], 'B': [1, 1, 1, 0, 1, 1, 1, 0, 1, 1], 'C': [1, 1, 1, 1, 1, 0, 1, 1, 0, 1], 'D': [1, 1, 1, 1, 1, 1, 1, 1, 1, 1], 'E': [1, 1, 1, 1, 1, 1, 1, 1, 1, 1], 'F': [0, 1, 1, 1, 0, 1, 1, 1, 1, 1], 'G': [1, 1, 1, 1, 1, 1, 1, 1, 1, 0], 'H': [1, 1, 0, 0, 1, 0, 1, 1, 0, 1], 'I': [1, 1, 1, 1, 0, 0, 0, 0, 0, 1]}}
623183	2024-07-13 03:48:49.155000+08:00	2024-07-13 03:48:49.155000+08:00	{'东门北侧': {'A': [1, 1, 1, 1, 1, 1, 1, 1, 1, 1], 'B': [1, 1, 1, 1, 1, 1, 1, 1, 1, 1], 'C': [0, 1, 1, 1, 1, 1, 1, 1, 1, 0], 'D': [1, 1, 1, 1, 1, 0, 1, 1, 0, 1], 'E': [1, 1, 0, 0, 1, 1, 1, 0, 1, 1], 'F': [0, 1, 1, 1, 1, 1, 1, 1, 1, 1], 'G': [0, 1, 1, 1, 1, 0, 1, 1, 0, 1], 'H': [1, 1, 1, 1, 0, 1, 1, 1, 0, 0], 'I': [0, 1, 0, 1, 1, 0, 1, 1, 1, 1], 'J': [1, 0, 1, 0, 1, 0, 1, 1, 1, 0], 'K': [0, 1, 1, 0, 0, 1, 1, 1, 0, 0]}, '东门南侧': {'A': [0, 0, 1, 1, 0, 0, 1, 0, 1, 0], 'B': [0, 0, 0, 0, 0, 0, 0, 0, 0, 0]}, '西门北侧': {'A': [1, 1, 1, 1, 1, 1, 1, 1, 1, 1], 'B': [0, 1, 0, 1, 1, 0, 1, 1, 0, 1], 'C': [1, 1, 0, 1, 1, 1, 1, 1, 1, 0]}, '西门南侧': {'A': [0, 1, 1, 1, 1, 1, 1, 0, 1, 1], 'B': [1, 1, 1, 1, 1, 1, 1, 1, 1, 1], 'C': [1, 1, 1, 1, 1, 1, 1, 1, 1, 1]}, '南门西侧': {'A': [1, 1, 0, 1, 1, 1, 1, 1, 1, 1], 'B': [1, 1, 1, 1, 0, 0, 1, 1, 0, 1]}, '南门东侧': {'A': [1, 0, 0, 1, 1, 1, 1, 1, 1, 1], 'B': [1, 1, 1, 1, 1, 1, 1, 1, 1, 1]}, '北门东北侧': {'A': [1, 1, 1, 1, 1, 1, 1, 1, 1, 1], 'B': [1, 0, 1, 1, 1, 1, 1, 1, 0, 1], 'C': [1, 1, 0, 1, 0, 1, 1, 1, 1, 0], 'D': [0, 0, 1, 1, 0, 0, 1, 0, 1, 1]}, '北门东南侧': {'A': [0, 1, 1, 1, 1, 0, 1, 1, 1, 1], 'B': [0, 1, 1, 1, 1, 1, 1, 1, 1, 0], 'C': [1, 1, 0, 1, 1, 0, 1, 1, 0, 0], 'D': [1, 1, 0, 1, 1, 1, 1, 1, 1, 1], 'E': [1, 1, 1, 1, 1, 0, 1, 1, 1, 1], 'F': [1, 1, 1, 1, 0, 1, 1, 1, 1, 1]}, '橘园北侧南': {'A': [1, 0, 0, 1, 0, 0, 1, 0, 0, 1], 'B': [0, 0, 0, 0, 1, 0, 1, 1, 1, 0], 'C': [0, 0, 1, 0, 1, 1, 0, 0, 1, 1], 'D': [1, 0, 1, 1, 0, 0, 0, 1, 0, 0], 'E': [1, 0, 0, 0, 0, 0, 1, 1, 0, 1], 'F': [1, 1, 1, 0, 0, 0, 0, 1, 1, 0], 'G': [0, 1, 1, 1, 1, 1, 1, 0, 1, 0], 'H': [1, 1, 1, 1, 1, 1, 1, 1, 1, 1], 'I': [0, 1, 0, 0, 1, 0, 1, 0, 1, 1], 'J': [0, 0, 0, 0, 0, 1, 1, 1, 0, 0]}, '校医院西': {'A': [1, 1, 1, 1, 1, 1, 1, 1, 1, 1], 'B': [1, 1, 1, 0, 1, 1, 1, 0, 1, 1], 'C': [1, 1, 1, 1, 1, 0, 1, 1, 0, 1], 'D': [1, 1, 1, 1, 1, 1, 1, 1, 1, 1], 'E': [1, 1, 1, 1, 1, 1, 1, 1, 1, 1], 'F': [0, 1, 1, 1, 0, 1, 1, 1, 1, 1], 'G': [1, 1, 1, 1, 1, 1, 1, 1, 1, 0], 'H': [1, 1, 0, 0, 1, 0, 1, 1, 0, 1], 'I': [1, 1, 1, 1, 0, 0, 0, 0, 0, 1]}}
623184	2024-07-13 03:49:49.127000+08:00	2024-07-13 03:49:49.127000+08:00	{'东门北侧': {'A': [1, 1, 1, 1, 1, 1, 1, 1, 1, 1], 'B': [1, 1, 1, 1, 1, 1, 1, 1, 1, 1], 'C': [0, 1, 1, 1, 1, 1, 1, 1, 1, 0], 'D': [1, 1, 1, 1, 1, 0, 1, 1, 0, 1], 'E': [1, 1, 0, 0, 1, 1, 1, 0, 1, 1], 'F': [0, 1, 1, 1, 1, 1, 1, 1, 1, 1], 'G': [0, 1, 1, 1, 1, 0, 1, 1, 0, 1], 'H': [1, 1, 1, 1, 0, 1, 1, 1, 0, 0], 'I': [0, 1, 0, 1, 1, 0, 1, 1, 1, 1], 'J': [1, 0, 1, 0, 1, 0, 1, 1, 1, 0], 'K': [0, 1, 1, 0, 0, 1, 1, 1, 0, 0]}, '东门南侧': {'A': [0, 0, 1, 1, 0, 0, 1, 0, 1, 0], 'B': [0, 0, 0, 0, 0, 0, 0, 0, 0, 0]}, '西门北侧': {'A': [1, 1, 1, 1, 1, 1, 1, 1, 1, 1], 'B': [0, 1, 0, 1, 1, 0, 1, 1, 0, 1], 'C': [1, 1, 0, 1, 1, 1, 1, 1, 1, 0]}, '西门南侧': {'A': [0, 1, 1, 1, 1, 1, 1, 0, 1, 1], 'B': [1, 1, 1, 1, 1, 1, 1, 1, 1, 1], 'C': [1, 1, 1, 1, 1, 1, 1, 1, 1, 1]}, '南门西侧': {'A': [1, 1, 0, 1, 1, 1, 1, 1, 1, 1], 'B': [1, 1, 1, 1, 0, 0, 1, 1, 0, 1]}, '南门东侧': {'A': [1, 0, 0, 1, 1, 1, 1, 1, 1, 1], 'B': [1, 1, 1, 1, 1, 1, 1, 1, 1, 1]}, '北门东北侧': {'A': [1, 1, 1, 1, 1, 1, 1, 1, 1, 1], 'B': [1, 0, 1, 1, 1, 1, 1, 1, 0, 1], 'C': [1, 1, 0, 1, 0, 1, 1, 1, 1, 0], 'D': [0, 0, 1, 1, 0, 0, 1, 0, 1, 1]}, '北门东南侧': {'A': [0, 1, 1, 1, 1, 0, 1, 1, 1, 1], 'B': [0, 1, 1, 1, 1, 1, 1, 1, 1, 0], 'C': [1, 1, 0, 1, 1, 0, 1, 1, 0, 0], 'D': [1, 1, 0, 1, 1, 1, 1, 1, 1, 1], 'E': [1, 1, 1, 1, 1, 0, 1, 1, 1, 1], 'F': [1, 1, 1, 1, 0, 1, 1, 1, 1, 1]}, '橘园北侧南': {'A': [1, 0, 0, 1, 0, 0, 1, 0, 0, 1], 'B': [0, 0, 0, 0, 1, 0, 1, 1, 1, 0], 'C': [0, 0, 1, 0, 1, 1, 0, 0, 1, 1], 'D': [1, 0, 1, 1, 0, 0, 0, 1, 0, 0], 'E': [1, 0, 0, 0, 0, 0, 1, 1, 0, 1], 'F': [1, 1, 1, 0, 0, 0, 0, 1, 1, 0], 'G': [0, 1, 1, 1, 1, 1, 1, 0, 1, 0], 'H': [1, 1, 1, 1, 1, 1, 1, 1, 1, 1], 'I': [0, 1, 0, 0, 1, 0, 1, 0, 1, 1], 'J': [0, 0, 0, 0, 0, 1, 1, 1, 0, 0]}, '校医院西': {'A': [1, 1, 1, 1, 1, 1, 1, 1, 1, 1], 'B': [1, 1, 1, 0, 1, 1, 1, 0, 1, 1], 'C': [1, 1, 1, 1, 1, 0, 1, 1, 0, 1], 'D': [1, 1, 1, 1, 1, 1, 1, 1, 1, 1], 'E': [1, 1, 1, 1, 1, 1, 1, 1, 1, 1], 'F': [0, 1, 1, 1, 0, 1, 1, 1, 1, 1], 'G': [1, 1, 1, 1, 1, 1, 1, 1, 1, 0], 'H': [1, 1, 0, 0, 1, 0, 1, 1, 0, 1], 'I': [1, 1, 1, 1, 0, 0, 0, 0, 0, 1]}}
623185	2024-07-13 03:50:48.171000+08:00	2024-07-13 03:50:48.171000+08:00	{'东门北侧': {'A': [1, 1, 1, 1, 1, 1, 1, 1, 1, 1], 'B': [1, 1, 1, 1, 1, 1, 1, 1, 1, 1], 'C': [0, 1, 1, 1, 1, 1, 1, 1, 1, 0], 'D': [1, 1, 1, 1, 1, 0, 1, 1, 0, 1], 'E': [1, 1, 0, 0, 1, 1, 1, 0, 1, 1], 'F': [0, 1, 1, 1, 1, 1, 1, 1, 1, 1], 'G': [0, 1, 1, 1, 1, 0, 1, 1, 0, 1], 'H': [1, 1, 1, 1, 0, 1, 1, 1, 1, 0], 'I': [0, 1, 0, 1, 1, 0, 1, 1, 1, 1], 'J': [1, 0, 1, 0, 1, 0, 1, 1, 1, 0], 'K': [0, 1, 1, 0, 0, 1, 1, 1, 0, 0]}, '东门南侧': {'A': [0, 0, 1, 1, 0, 0, 1, 0, 1, 0], 'B': [0, 0, 0, 0, 0, 0, 0, 0, 0, 0]}, '西门北侧': {'A': [1, 1, 1, 1, 1, 1, 1, 1, 1, 1], 'B': [0, 1, 0, 1, 1, 0, 1, 1, 0, 1], 'C': [1, 1, 0, 1, 1, 1, 1, 1, 1, 0]}, '西门南侧': {'A': [0, 1, 1, 1, 1, 1, 1, 0, 1, 1], 'B': [1, 1, 1, 1, 1, 1, 1, 1, 1, 1], 'C': [1, 1, 1, 1, 1, 1, 1, 1, 1, 1]}, '南门西侧': {'A': [1, 1, 0, 1, 1, 1, 1, 1, 1, 1], 'B': [1, 1, 1, 1, 0, 0, 1, 1, 0, 1]}, '南门东侧': {'A': [1, 0, 0, 1, 1, 1, 1, 1, 1, 1], 'B': [1, 1, 1, 1, 1, 1, 1, 1, 1, 1]}, '北门东北侧': {'A': [1, 1, 1, 1, 1, 1, 1, 1, 1, 1], 'B': [1, 0, 1, 1, 1, 1, 1, 1, 0, 1], 'C': [1, 1, 0, 1, 0, 1, 1, 1, 1, 0], 'D': [0, 0, 1, 1, 0, 0, 1, 0, 1, 1]}, '北门东南侧': {'A': [0, 1, 1, 1, 1, 0, 1, 1, 1, 1], 'B': [0, 1, 1, 1, 1, 1, 1, 1, 1, 0], 'C': [1, 1, 0, 1, 1, 0, 1, 1, 0, 0], 'D': [1, 1, 0, 1, 1, 1, 1, 1, 1, 1], 'E': [1, 1, 1, 1, 1, 0, 1, 1, 1, 1], 'F': [1, 1, 1, 1, 0, 1, 1, 1, 1, 1]}, '橘园北侧南': {'A': [1, 0, 0, 1, 0, 0, 1, 0, 0, 1], 'B': [0, 0, 0, 0, 1, 0, 1, 1, 1, 0], 'C': [0, 0, 1, 0, 1, 1, 0, 0, 1, 1], 'D': [1, 0, 1, 1, 0, 0, 0, 1, 0, 0], 'E': [1, 0, 0, 0, 0, 0, 1, 1, 0, 1], 'F': [1, 1, 1, 0, 0, 0, 0, 1, 1, 0], 'G': [0, 1, 1, 1, 1, 1, 1, 0, 1, 0], 'H': [1, 1, 1, 1, 1, 1, 1, 1, 1, 1], 'I': [0, 1, 0, 0, 1, 0, 1, 0, 1, 1], 'J': [0, 0, 0, 0, 0, 1, 1, 1, 0, 0]}, '校医院西': {'A': [1, 1, 1, 1, 1, 1, 1, 1, 1, 1], 'B': [1, 1, 1, 0, 1, 1, 1, 0, 1, 1], 'C': [1, 1, 1, 1, 1, 0, 1, 1, 0, 1], 'D': [1, 1, 1, 1, 1, 1, 1, 1, 1, 1], 'E': [1, 1, 1, 1, 1, 1, 1, 1, 1, 1], 'F': [0, 1, 1, 1, 0, 1, 1, 1, 1, 1], 'G': [1, 1, 1, 1, 1, 1, 1, 1, 1, 0], 'H': [1, 1, 0, 0, 1, 0, 1, 1, 0, 1], 'I': [1, 1, 1, 1, 0, 0, 0, 0, 0, 1]}}
623186	2024-07-13 03:51:47.744000+08:00	2024-07-13 03:51:47.744000+08:00	{'东门北侧': {'A': [1, 1, 1, 1, 1, 1, 1, 1, 1, 1], 'B': [1, 1, 1, 1, 1, 1, 1, 1, 1, 1], 'C': [0, 1, 1, 1, 1, 1, 1, 1, 1, 0], 'D': [1, 1, 1, 1, 1, 0, 1, 1, 0, 1], 'E': [1, 1, 0, 0, 1, 1, 1, 0, 1, 1], 'F': [0, 1, 1, 1, 1, 1, 1, 1, 1, 1], 'G': [0, 1, 1, 1, 1, 0, 1, 1, 0, 1], 'H': [1, 1, 1, 1, 0, 1, 1, 1, 1, 0], 'I': [0, 1, 0, 1, 1, 0, 1, 1, 1, 1], 'J': [1, 0, 1, 0, 1, 0, 1, 1, 1, 0], 'K': [0, 1, 1, 0, 0, 1, 1, 1, 0, 0]}, '东门南侧': {'A': [0, 0, 1, 1, 0, 0, 1, 0, 1, 0], 'B': [0, 0, 0, 0, 0, 0, 0, 0, 0, 0]}, '西门北侧': {'A': [1, 1, 1, 1, 1, 1, 1, 1, 1, 1], 'B': [0, 1, 0, 1, 1, 0, 1, 1, 0, 1], 'C': [1, 1, 0, 1, 1, 1, 1, 1, 1, 0]}, '西门南侧': {'A': [0, 1, 1, 1, 1, 1, 1, 0, 1, 1], 'B': [1, 1, 1, 1, 1, 1, 1, 1, 1, 1], 'C': [1, 1, 1, 1, 1, 1, 1, 1, 1, 1]}, '南门西侧': {'A': [1, 1, 0, 1, 1, 1, 1, 1, 1, 1], 'B': [1, 1, 1, 1, 0, 0, 1, 1, 0, 1]}, '南门东侧': {'A': [1, 0, 0, 1, 1, 1, 1, 1, 1, 1], 'B': [1, 1, 1, 1, 1, 1, 1, 1, 1, 1]}, '北门东北侧': {'A': [1, 1, 1, 1, 1, 1, 1, 1, 1, 1], 'B': [1, 0, 1, 1, 1, 1, 1, 1, 0, 1], 'C': [1, 1, 0, 1, 0, 1, 1, 1, 1, 0], 'D': [0, 0, 1, 1, 0, 0, 1, 0, 1, 1]}, '北门东南侧': {'A': [0, 1, 1, 1, 1, 0, 1, 1, 1, 1], 'B': [0, 1, 1, 1, 1, 1, 1, 1, 1, 0], 'C': [1, 1, 0, 1, 1, 0, 1, 1, 0, 0], 'D': [1, 1, 0, 1, 1, 1, 1, 1, 1, 1], 'E': [1, 1, 1, 1, 1, 0, 1, 1, 1, 1], 'F': [1, 1, 1, 1, 0, 1, 1, 1, 1, 1]}, '橘园北侧南': {'A': [1, 0, 0, 1, 0, 0, 1, 0, 0, 1], 'B': [0, 0, 0, 0, 1, 0, 1, 1, 1, 0], 'C': [0, 0, 1, 0, 1, 1, 0, 0, 1, 1], 'D': [1, 0, 1, 1, 0, 0, 0, 1, 0, 0], 'E': [1, 0, 0, 0, 0, 0, 1, 1, 0, 1], 'F': [1, 1, 1, 0, 0, 0, 0, 1, 1, 0], 'G': [0, 1, 1, 1, 1, 1, 1, 0, 1, 0], 'H': [1, 1, 1, 1, 1, 1, 1, 1, 1, 1], 'I': [0, 1, 0, 0, 1, 0, 1, 0, 1, 1], 'J': [0, 0, 0, 0, 0, 1, 1, 1, 0, 0]}, '校医院西': {'A': [1, 1, 1, 1, 1, 1, 1, 1, 1, 1], 'B': [1, 1, 1, 0, 1, 1, 1, 0, 1, 1], 'C': [1, 1, 1, 1, 1, 0, 1, 1, 0, 1], 'D': [1, 1, 1, 1, 1, 1, 1, 1, 1, 1], 'E': [1, 1, 1, 1, 1, 1, 1, 1, 1, 1], 'F': [0, 1, 1, 1, 0, 1, 1, 1, 1, 1], 'G': [1, 1, 1, 1, 1, 1, 1, 1, 1, 0], 'H': [1, 1, 0, 0, 1, 0, 1, 1, 0, 1], 'I': [1, 1, 1, 1, 0, 0, 0, 0, 0, 1]}}
623187	2024-07-13 03:52:49.582000+08:00	2024-07-13 03:52:49.582000+08:00	{'东门北侧': {'A': [1, 1, 1, 1, 1, 1, 1, 1, 1, 1], 'B': [1, 1, 1, 1, 1, 1, 1, 1, 1, 1], 'C': [0, 1, 1, 1, 1, 1, 1, 1, 1, 0], 'D': [1, 1, 1, 1, 1, 0, 1, 1, 0, 1], 'E': [1, 1, 0, 0, 1, 1, 1, 0, 1, 1], 'F': [0, 1, 1, 1, 1, 1, 1, 1, 1, 1], 'G': [0, 1, 1, 1, 1, 0, 1, 1, 0, 1], 'H': [1, 1, 1, 1, 0, 1, 1, 1, 1, 0], 'I': [0, 1, 0, 1, 1, 0, 1, 1, 1, 1], 'J': [1, 0, 1, 0, 1, 0, 1, 1, 1, 0], 'K': [0, 1, 1, 0, 0, 1, 1, 1, 0, 0]}, '东门南侧': {'A': [0, 0, 1, 1, 0, 0, 1, 0, 1, 0], 'B': [0, 0, 0, 0, 0, 0, 0, 0, 0, 0]}, '西门北侧': {'A': [1, 1, 1, 1, 1, 1, 1, 1, 1, 1], 'B': [0, 1, 0, 1, 1, 0, 1, 1, 0, 1], 'C': [1, 1, 0, 1, 1, 1, 1, 1, 1, 0]}, '西门南侧': {'A': [0, 1, 1, 1, 1, 1, 1, 0, 1, 1], 'B': [1, 1, 1, 1, 1, 1, 1, 1, 1, 1], 'C': [1, 1, 1, 1, 1, 1, 1, 1, 1, 1]}, '南门西侧': {'A': [1, 1, 0, 1, 1, 1, 1, 1, 1, 1], 'B': [1, 1, 1, 1, 0, 0, 1, 1, 0, 1]}, '南门东侧': {'A': [1, 0, 0, 1, 1, 1, 1, 1, 1, 1], 'B': [1, 1, 1, 1, 1, 1, 1, 1, 1, 1]}, '北门东北侧': {'A': [1, 1, 1, 1, 1, 1, 1, 1, 1, 1], 'B': [1, 0, 1, 1, 1, 1, 1, 1, 0, 1], 'C': [1, 1, 0, 1, 0, 1, 1, 1, 1, 0], 'D': [0, 0, 1, 1, 0, 0, 1, 0, 1, 1]}, '北门东南侧': {'A': [0, 1, 1, 1, 1, 0, 1, 1, 1, 1], 'B': [0, 1, 1, 1, 1, 1, 1, 1, 1, 0], 'C': [1, 1, 0, 1, 1, 0, 1, 1, 0, 0], 'D': [1, 1, 0, 1, 1, 1, 1, 1, 1, 1], 'E': [1, 1, 1, 1, 1, 0, 1, 1, 1, 1], 'F': [1, 1, 1, 1, 0, 1, 1, 1, 1, 1]}, '橘园北侧南': {'A': [1, 0, 0, 1, 0, 0, 1, 0, 0, 1], 'B': [0, 0, 0, 0, 1, 0, 1, 1, 1, 0], 'C': [0, 0, 1, 0, 1, 1, 0, 0, 1, 1], 'D': [1, 0, 1, 1, 0, 0, 0, 1, 0, 0], 'E': [1, 0, 0, 0, 0, 0, 1, 1, 0, 1], 'F': [1, 1, 1, 0, 0, 0, 0, 1, 1, 0], 'G': [0, 1, 1, 1, 1, 1, 1, 0, 1, 0], 'H': [1, 1, 1, 1, 1, 1, 1, 1, 1, 1], 'I': [0, 1, 0, 0, 1, 0, 1, 0, 1, 1], 'J': [0, 0, 0, 0, 0, 1, 1, 1, 0, 0]}, '校医院西': {'A': [1, 1, 1, 1, 1, 1, 1, 1, 1, 1], 'B': [1, 1, 1, 0, 1, 1, 1, 0, 1, 1], 'C': [1, 1, 1, 1, 1, 0, 1, 1, 0, 1], 'D': [1, 1, 1, 1, 1, 1, 1, 1, 1, 1], 'E': [1, 1, 1, 1, 1, 1, 1, 1, 1, 1], 'F': [0, 1, 1, 1, 0, 1, 1, 1, 1, 1], 'G': [1, 1, 1, 1, 1, 1, 1, 1, 1, 0], 'H': [1, 1, 0, 0, 1, 0, 1, 1, 0, 1], 'I': [1, 1, 1, 1, 0, 0, 0, 0, 0, 1]}}
623188	2024-07-13 03:53:50.509000+08:00	2024-07-13 03:53:50.509000+08:00	{'东门北侧': {'A': [1, 1, 1, 1, 1, 1, 1, 1, 1, 1], 'B': [1, 1, 1, 1, 1, 1, 1, 1, 1, 1], 'C': [0, 1, 1, 1, 1, 1, 1, 1, 1, 0], 'D': [1, 1, 1, 1, 1, 0, 1, 1, 0, 1], 'E': [1, 1, 0, 0, 1, 1, 1, 0, 1, 1], 'F': [0, 1, 1, 1, 1, 1, 1, 1, 1, 1], 'G': [0, 1, 1, 1, 1, 0, 1, 1, 0, 1], 'H': [1, 1, 1, 1, 0, 1, 1, 1, 1, 0], 'I': [0, 1, 0, 1, 1, 0, 1, 1, 1, 1], 'J': [1, 0, 1, 0, 1, 0, 1, 1, 1, 0], 'K': [0, 1, 1, 0, 0, 1, 1, 1, 0, 0]}, '东门南侧': {'A': [0, 0, 1, 1, 0, 0, 1, 0, 1, 0], 'B': [0, 0, 0, 0, 0, 0, 0, 0, 0, 0]}, '西门北侧': {'A': [1, 1, 1, 1, 1, 1, 1, 1, 1, 1], 'B': [0, 1, 0, 1, 1, 0, 1, 1, 0, 1], 'C': [1, 1, 0, 1, 1, 1, 1, 1, 1, 0]}, '西门南侧': {'A': [0, 1, 1, 1, 1, 1, 1, 0, 1, 1], 'B': [1, 1, 1, 1, 1, 1, 1, 1, 1, 1], 'C': [1, 1, 1, 1, 1, 1, 1, 1, 1, 1]}, '南门西侧': {'A': [1, 1, 0, 1, 1, 1, 1, 1, 1, 1], 'B': [1, 1, 1, 1, 0, 0, 1, 1, 0, 1]}, '南门东侧': {'A': [1, 0, 0, 1, 1, 1, 1, 1, 1, 1], 'B': [1, 1, 1, 1, 1, 1, 1, 1, 1, 1]}, '北门东北侧': {'A': [1, 1, 1, 1, 1, 1, 1, 1, 1, 1], 'B': [1, 0, 1, 1, 1, 1, 1, 1, 0, 1], 'C': [1, 1, 0, 1, 0, 1, 1, 1, 1, 0], 'D': [0, 0, 1, 1, 0, 0, 1, 0, 1, 1]}, '北门东南侧': {'A': [0, 1, 1, 1, 1, 0, 1, 1, 1, 1], 'B': [0, 1, 1, 1, 1, 1, 1, 1, 1, 0], 'C': [1, 1, 0, 1, 1, 0, 1, 1, 0, 0], 'D': [1, 1, 0, 1, 1, 1, 1, 1, 1, 1], 'E': [1, 1, 1, 1, 1, 0, 1, 1, 1, 1], 'F': [1, 1, 1, 1, 0, 1, 1, 1, 1, 1]}, '橘园北侧南': {'A': [1, 0, 0, 1, 0, 0, 1, 0, 0, 1], 'B': [0, 0, 0, 0, 1, 0, 1, 1, 1, 0], 'C': [0, 0, 1, 0, 1, 1, 0, 0, 1, 1], 'D': [1, 0, 1, 1, 0, 0, 0, 1, 0, 0], 'E': [1, 0, 0, 0, 0, 0, 1, 1, 0, 1], 'F': [1, 1, 1, 0, 0, 0, 0, 1, 1, 0], 'G': [0, 1, 1, 1, 1, 1, 1, 0, 1, 0], 'H': [1, 1, 1, 1, 1, 1, 1, 1, 1, 1], 'I': [0, 1, 0, 0, 1, 0, 1, 0, 1, 1], 'J': [0, 0, 0, 0, 0, 1, 1, 1, 0, 0]}, '校医院西': {'A': [1, 1, 1, 1, 1, 1, 1, 1, 1, 1], 'B': [1, 1, 1, 0, 1, 1, 1, 0, 1, 1], 'C': [1, 1, 1, 1, 1, 0, 1, 1, 0, 1], 'D': [1, 1, 1, 1, 1, 1, 1, 1, 1, 1], 'E': [1, 1, 1, 1, 1, 1, 1, 1, 1, 1], 'F': [0, 1, 1, 1, 0, 1, 1, 1, 1, 1], 'G': [1, 1, 1, 1, 1, 1, 1, 1, 1, 0], 'H': [1, 1, 0, 0, 1, 0, 1, 1, 0, 1], 'I': [1, 1, 1, 1, 0, 0, 0, 0, 0, 1]}}
623189	2024-07-13 03:54:48.707000+08:00	2024-07-13 03:54:48.707000+08:00	{'东门北侧': {'A': [1, 1, 1, 1, 1, 1, 1, 1, 1, 1], 'B': [1, 1, 1, 1, 1, 1, 1, 1, 1, 1], 'C': [0, 1, 1, 1, 1, 1, 1, 1, 1, 0], 'D': [1, 1, 1, 1, 1, 0, 1, 1, 0, 1], 'E': [1, 1, 0, 0, 1, 1, 1, 0, 1, 1], 'F': [0, 1, 1, 1, 1, 1, 1, 1, 1, 1], 'G': [0, 1, 1, 1, 1, 0, 1, 1, 0, 1], 'H': [1, 1, 1, 1, 0, 1, 1, 1, 1, 0], 'I': [0, 1, 0, 1, 1, 0, 1, 1, 1, 1], 'J': [1, 0, 1, 0, 1, 0, 1, 1, 1, 0], 'K': [0, 1, 1, 0, 0, 1, 1, 1, 0, 0]}, '东门南侧': {'A': [0, 0, 1, 1, 0, 0, 1, 0, 1, 0], 'B': [0, 0, 0, 0, 0, 0, 0, 0, 0, 0]}, '西门北侧': {'A': [1, 1, 1, 1, 1, 1, 1, 1, 1, 1], 'B': [0, 1, 0, 1, 1, 0, 1, 1, 0, 1], 'C': [1, 1, 0, 1, 1, 1, 1, 1, 1, 0]}, '西门南侧': {'A': [0, 1, 1, 1, 1, 1, 1, 0, 1, 1], 'B': [1, 1, 1, 1, 1, 1, 1, 1, 1, 1], 'C': [1, 1, 1, 1, 1, 1, 1, 1, 1, 1]}, '南门西侧': {'A': [1, 1, 0, 1, 1, 1, 1, 1, 1, 1], 'B': [1, 1, 1, 1, 0, 0, 1, 1, 0, 1]}, '南门东侧': {'A': [1, 0, 0, 1, 1, 1, 1, 1, 1, 1], 'B': [1, 1, 1, 1, 1, 1, 1, 1, 1, 1]}, '北门东北侧': {'A': [1, 1, 1, 1, 1, 1, 1, 1, 1, 1], 'B': [1, 0, 1, 1, 1, 1, 1, 1, 0, 1], 'C': [1, 1, 0, 1, 0, 1, 1, 1, 1, 0], 'D': [0, 0, 1, 1, 0, 0, 1, 0, 1, 1]}, '北门东南侧': {'A': [0, 1, 1, 1, 1, 0, 1, 1, 1, 1], 'B': [0, 1, 1, 1, 1, 1, 1, 1, 1, 0], 'C': [1, 1, 0, 1, 1, 0, 1, 1, 0, 0], 'D': [1, 1, 0, 1, 1, 1, 1, 1, 1, 1], 'E': [1, 1, 1, 1, 1, 0, 1, 1, 1, 1], 'F': [1, 1, 1, 1, 0, 1, 1, 1, 1, 1]}, '橘园北侧南': {'A': [1, 0, 0, 1, 0, 0, 1, 0, 0, 1], 'B': [0, 0, 0, 0, 1, 0, 1, 1, 1, 0], 'C': [0, 0, 1, 0, 1, 1, 0, 0, 1, 1], 'D': [1, 0, 1, 1, 0, 0, 0, 1, 0, 0], 'E': [1, 0, 0, 0, 0, 0, 1, 1, 0, 1], 'F': [1, 1, 1, 0, 0, 0, 0, 1, 1, 0], 'G': [0, 1, 1, 1, 1, 1, 1, 0, 1, 0], 'H': [1, 1, 1, 1, 1, 1, 1, 1, 1, 1], 'I': [0, 1, 0, 0, 1, 0, 1, 0, 1, 1], 'J': [0, 0, 0, 0, 0, 1, 1, 1, 0, 0]}, '校医院西': {'A': [1, 1, 1, 1, 1, 1, 1, 1, 1, 1], 'B': [1, 1, 1, 0, 1, 1, 1, 0, 1, 1], 'C': [1, 1, 1, 1, 1, 0, 1, 1, 0, 1], 'D': [1, 1, 1, 1, 1, 1, 1, 1, 1, 1], 'E': [1, 1, 1, 1, 1, 1, 1, 1, 1, 1], 'F': [0, 1, 1, 1, 0, 1, 1, 1, 1, 1], 'G': [1, 1, 1, 1, 1, 1, 1, 1, 1, 0], 'H': [1, 1, 0, 0, 1, 0, 1, 1, 0, 1], 'I': [1, 1, 1, 1, 0, 0, 0, 0, 0, 1]}}
623190	2024-07-13 03:55:47.545000+08:00	2024-07-13 03:55:47.545000+08:00	{'东门北侧': {'A': [1, 1, 1, 1, 1, 1, 1, 1, 1, 1], 'B': [1, 1, 1, 1, 1, 1, 1, 1, 1, 1], 'C': [0, 1, 1, 1, 1, 1, 1, 1, 1, 0], 'D': [1, 1, 1, 1, 1, 0, 1, 1, 0, 1], 'E': [1, 1, 0, 0, 1, 1, 1, 0, 1, 1], 'F': [0, 1, 1, 1, 1, 1, 1, 1, 1, 1], 'G': [0, 1, 1, 1, 1, 0, 1, 1, 0, 1], 'H': [1, 1, 1, 1, 0, 1, 1, 1, 1, 0], 'I': [0, 1, 0, 1, 1, 0, 1, 1, 1, 1], 'J': [1, 0, 1, 0, 1, 0, 1, 1, 1, 0], 'K': [0, 1, 1, 0, 0, 1, 1, 1, 0, 0]}, '东门南侧': {'A': [0, 0, 1, 1, 0, 0, 1, 0, 1, 0], 'B': [0, 0, 0, 0, 0, 0, 0, 0, 0, 0]}, '西门北侧': {'A': [1, 1, 1, 1, 1, 1, 1, 1, 1, 1], 'B': [0, 1, 0, 1, 1, 0, 1, 1, 0, 1], 'C': [1, 1, 0, 1, 1, 1, 1, 1, 1, 0]}, '西门南侧': {'A': [0, 1, 1, 1, 1, 1, 1, 0, 1, 1], 'B': [1, 1, 1, 1, 1, 1, 1, 1, 1, 1], 'C': [1, 1, 1, 1, 1, 1, 1, 1, 1, 1]}, '南门西侧': {'A': [1, 1, 0, 1, 1, 1, 1, 1, 1, 1], 'B': [1, 1, 1, 1, 0, 0, 1, 1, 0, 1]}, '南门东侧': {'A': [1, 0, 0, 1, 1, 1, 1, 1, 1, 1], 'B': [1, 1, 1, 1, 1, 1, 1, 1, 1, 1]}, '北门东北侧': {'A': [1, 1, 1, 1, 1, 1, 1, 1, 1, 1], 'B': [1, 0, 1, 1, 1, 1, 1, 1, 0, 1], 'C': [1, 1, 0, 1, 0, 1, 1, 1, 1, 0], 'D': [0, 0, 1, 1, 0, 0, 1, 0, 1, 1]}, '北门东南侧': {'A': [0, 1, 1, 1, 1, 1, 1, 1, 1, 1], 'B': [0, 1, 1, 1, 1, 1, 1, 1, 1, 0], 'C': [1, 1, 0, 1, 1, 0, 1, 1, 0, 0], 'D': [1, 1, 0, 1, 1, 1, 1, 1, 1, 1], 'E': [1, 1, 1, 1, 1, 0, 1, 1, 1, 1], 'F': [1, 1, 1, 1, 0, 1, 1, 1, 1, 1]}, '橘园北侧南': {'A': [1, 0, 0, 1, 0, 0, 1, 0, 0, 1], 'B': [0, 0, 0, 0, 1, 0, 1, 1, 1, 0], 'C': [0, 0, 1, 0, 1, 1, 0, 0, 1, 1], 'D': [1, 0, 1, 1, 0, 0, 0, 1, 0, 0], 'E': [1, 0, 0, 0, 0, 0, 1, 1, 0, 1], 'F': [1, 1, 1, 0, 0, 0, 0, 1, 1, 0], 'G': [0, 1, 1, 1, 1, 1, 1, 0, 1, 0], 'H': [1, 1, 1, 1, 1, 1, 1, 1, 1, 1], 'I': [0, 1, 0, 0, 1, 0, 1, 0, 1, 1], 'J': [0, 0, 0, 0, 0, 1, 1, 1, 0, 0]}, '校医院西': {'A': [1, 1, 1, 1, 1, 1, 1, 1, 1, 1], 'B': [1, 1, 1, 0, 1, 1, 1, 0, 1, 1], 'C': [1, 1, 1, 1, 1, 0, 1, 1, 0, 1], 'D': [1, 1, 1, 1, 1, 1, 1, 1, 1, 1], 'E': [1, 1, 1, 1, 1, 1, 1, 1, 1, 1], 'F': [0, 1, 1, 1, 0, 1, 1, 1, 1, 1], 'G': [1, 1, 1, 1, 1, 1, 1, 1, 1, 0], 'H': [1, 1, 0, 0, 1, 0, 1, 1, 0, 1], 'I': [1, 1, 1, 1, 0, 0, 0, 0, 0, 1]}}
623191	2024-07-13 03:56:50.497000+08:00	2024-07-13 03:56:50.497000+08:00	{'东门北侧': {'A': [1, 1, 1, 1, 1, 1, 1, 1, 1, 1], 'B': [1, 1, 1, 1, 1, 1, 1, 1, 1, 1], 'C': [0, 1, 1, 1, 1, 1, 1, 1, 1, 0], 'D': [1, 1, 1, 1, 1, 0, 1, 1, 0, 1], 'E': [1, 1, 0, 0, 1, 1, 1, 0, 1, 1], 'F': [0, 1, 1, 1, 1, 1, 1, 1, 1, 1], 'G': [0, 1, 1, 1, 1, 0, 1, 1, 0, 1], 'H': [1, 1, 1, 1, 0, 1, 1, 1, 1, 0], 'I': [0, 1, 0, 1, 1, 0, 1, 1, 1, 1], 'J': [1, 0, 1, 0, 1, 0, 1, 1, 1, 0], 'K': [0, 1, 1, 0, 0, 1, 1, 1, 0, 0]}, '东门南侧': {'A': [0, 0, 1, 1, 0, 0, 1, 0, 1, 0], 'B': [0, 0, 0, 0, 0, 0, 0, 0, 0, 0]}, '西门北侧': {'A': [1, 1, 1, 1, 1, 1, 1, 1, 1, 1], 'B': [0, 1, 0, 1, 1, 0, 1, 1, 0, 1], 'C': [1, 1, 0, 1, 1, 1, 1, 1, 1, 0]}, '西门南侧': {'A': [0, 1, 1, 1, 1, 1, 1, 0, 1, 1], 'B': [1, 1, 1, 1, 1, 1, 1, 1, 1, 1], 'C': [1, 1, 1, 1, 1, 1, 1, 1, 1, 1]}, '南门西侧': {'A': [1, 1, 0, 1, 1, 1, 1, 1, 1, 1], 'B': [1, 1, 1, 1, 0, 0, 1, 1, 0, 1]}, '南门东侧': {'A': [1, 0, 0, 1, 1, 1, 1, 1, 1, 1], 'B': [1, 1, 1, 1, 1, 1, 1, 1, 1, 1]}, '北门东北侧': {'A': [1, 1, 1, 1, 1, 1, 1, 1, 1, 1], 'B': [1, 0, 1, 1, 1, 1, 1, 1, 0, 1], 'C': [1, 1, 0, 1, 0, 1, 1, 1, 1, 0], 'D': [0, 0, 1, 1, 0, 0, 1, 0, 1, 1]}, '北门东南侧': {'A': [0, 1, 1, 1, 1, 1, 1, 1, 1, 1], 'B': [0, 1, 1, 1, 1, 1, 1, 1, 1, 0], 'C': [1, 1, 0, 1, 1, 0, 1, 1, 0, 0], 'D': [1, 1, 0, 1, 1, 1, 1, 1, 1, 1], 'E': [1, 1, 1, 1, 1, 0, 1, 1, 1, 1], 'F': [1, 1, 1, 1, 0, 1, 1, 1, 1, 1]}, '橘园北侧南': {'A': [1, 0, 0, 1, 0, 0, 1, 0, 0, 1], 'B': [0, 0, 0, 0, 1, 0, 1, 1, 1, 0], 'C': [0, 0, 1, 1, 1, 1, 0, 0, 1, 1], 'D': [1, 0, 1, 1, 0, 0, 0, 1, 0, 0], 'E': [1, 0, 0, 0, 0, 0, 1, 1, 0, 1], 'F': [1, 1, 1, 0, 0, 0, 0, 1, 1, 0], 'G': [0, 1, 1, 1, 1, 1, 1, 0, 1, 0], 'H': [1, 1, 1, 1, 1, 1, 1, 1, 1, 1], 'I': [0, 1, 0, 0, 1, 0, 1, 0, 1, 1], 'J': [0, 0, 0, 0, 0, 1, 1, 1, 0, 0]}, '校医院西': {'A': [1, 1, 1, 1, 1, 1, 1, 1, 1, 1], 'B': [1, 1, 1, 0, 1, 1, 1, 0, 1, 1], 'C': [1, 1, 1, 1, 1, 0, 1, 1, 0, 1], 'D': [1, 1, 1, 1, 1, 1, 1, 1, 1, 1], 'E': [1, 1, 1, 1, 1, 1, 1, 1, 1, 1], 'F': [0, 1, 1, 1, 0, 1, 1, 1, 1, 1], 'G': [1, 1, 1, 1, 1, 1, 1, 1, 1, 0], 'H': [1, 1, 0, 0, 1, 0, 1, 1, 0, 1], 'I': [1, 1, 1, 1, 0, 0, 0, 0, 0, 1]}}
623192	2024-07-13 03:57:50.090000+08:00	2024-07-13 03:57:50.090000+08:00	{'东门北侧': {'A': [1, 1, 1, 1, 1, 1, 1, 1, 1, 1], 'B': [1, 1, 1, 1, 1, 1, 1, 1, 1, 1], 'C': [0, 1, 1, 1, 1, 1, 1, 1, 1, 0], 'D': [1, 1, 1, 1, 1, 0, 1, 1, 0, 1], 'E': [1, 1, 0, 0, 1, 1, 1, 0, 1, 1], 'F': [0, 1, 1, 1, 1, 1, 1, 1, 1, 1], 'G': [0, 1, 1, 1, 1, 0, 1, 1, 0, 1], 'H': [1, 1, 1, 1, 0, 1, 1, 1, 1, 0], 'I': [0, 1, 0, 1, 1, 0, 1, 1, 1, 1], 'J': [1, 0, 1, 0, 1, 0, 1, 1, 1, 0], 'K': [0, 1, 1, 0, 0, 1, 1, 1, 0, 0]}, '东门南侧': {'A': [0, 0, 1, 1, 0, 0, 1, 0, 1, 0], 'B': [0, 0, 0, 0, 0, 0, 0, 0, 0, 0]}, '西门北侧': {'A': [1, 1, 1, 1, 1, 1, 1, 1, 1, 1], 'B': [0, 1, 0, 1, 1, 0, 1, 1, 0, 1], 'C': [1, 1, 0, 1, 1, 1, 1, 1, 1, 0]}, '西门南侧': {'A': [0, 1, 1, 1, 1, 1, 1, 0, 1, 1], 'B': [1, 1, 1, 1, 1, 1, 1, 1, 1, 1], 'C': [1, 1, 1, 1, 1, 1, 1, 1, 1, 1]}, '南门西侧': {'A': [1, 1, 0, 1, 1, 1, 1, 1, 1, 1], 'B': [1, 1, 1, 1, 0, 0, 1, 1, 0, 1]}, '南门东侧': {'A': [1, 0, 0, 1, 1, 1, 1, 1, 1, 1], 'B': [1, 1, 1, 1, 1, 1, 1, 1, 1, 1]}, '北门东北侧': {'A': [1, 1, 1, 1, 1, 1, 1, 1, 1, 1], 'B': [1, 0, 1, 1, 1, 1, 1, 1, 0, 1], 'C': [1, 1, 0, 1, 0, 1, 1, 1, 1, 0], 'D': [0, 0, 1, 1, 1, 0, 1, 0, 1, 1]}, '北门东南侧': {'A': [0, 1, 1, 1, 1, 1, 1, 1, 1, 1], 'B': [0, 1, 1, 1, 1, 1, 1, 1, 1, 0], 'C': [1, 1, 0, 1, 1, 0, 1, 1, 0, 0], 'D': [1, 1, 0, 1, 1, 1, 1, 1, 1, 1], 'E': [1, 1, 1, 1, 1, 0, 1, 1, 1, 1], 'F': [1, 1, 1, 1, 0, 1, 1, 1, 1, 1]}, '橘园北侧南': {'A': [1, 0, 0, 1, 0, 0, 1, 0, 0, 1], 'B': [0, 0, 0, 0, 1, 0, 1, 1, 1, 0], 'C': [0, 0, 1, 1, 1, 1, 0, 0, 1, 1], 'D': [1, 0, 1, 1, 0, 0, 0, 1, 0, 0], 'E': [1, 0, 0, 0, 0, 0, 1, 1, 0, 1], 'F': [1, 1, 1, 0, 0, 0, 0, 1, 1, 0], 'G': [0, 1, 1, 1, 1, 1, 1, 0, 1, 0], 'H': [1, 1, 1, 1, 1, 1, 1, 1, 1, 1], 'I': [0, 1, 0, 0, 1, 0, 1, 0, 1, 1], 'J': [0, 0, 0, 0, 0, 1, 1, 1, 0, 0]}, '校医院西': {'A': [1, 1, 1, 1, 1, 1, 1, 1, 1, 1], 'B': [1, 1, 1, 0, 1, 1, 1, 0, 1, 1], 'C': [1, 1, 1, 1, 1, 0, 1, 1, 0, 1], 'D': [1, 1, 1, 1, 1, 1, 1, 1, 1, 1], 'E': [1, 1, 1, 1, 1, 1, 1, 1, 1, 1], 'F': [0, 1, 1, 1, 0, 1, 1, 1, 1, 1], 'G': [1, 1, 1, 1, 1, 1, 1, 1, 1, 0], 'H': [1, 1, 0, 0, 1, 0, 1, 1, 0, 1], 'I': [1, 1, 1, 1, 0, 0, 0, 0, 0, 1]}}
623193	2024-07-13 03:58:47.737000+08:00	2024-07-13 03:58:47.737000+08:00	{'东门北侧': {'A': [1, 1, 1, 1, 1, 1, 1, 1, 1, 1], 'B': [1, 1, 1, 1, 1, 1, 1, 1, 1, 1], 'C': [0, 1, 1, 1, 1, 1, 1, 1, 1, 0], 'D': [1, 1, 1, 1, 1, 0, 1, 1, 0, 1], 'E': [1, 1, 0, 0, 1, 1, 1, 0, 1, 1], 'F': [0, 1, 1, 1, 1, 1, 1, 1, 1, 1], 'G': [0, 1, 1, 1, 1, 0, 1, 1, 0, 1], 'H': [1, 1, 1, 1, 0, 1, 1, 1, 1, 0], 'I': [0, 1, 0, 1, 1, 0, 1, 1, 1, 1], 'J': [1, 0, 1, 0, 1, 0, 1, 1, 1, 0], 'K': [0, 1, 1, 0, 0, 1, 1, 1, 0, 0]}, '东门南侧': {'A': [0, 0, 1, 1, 0, 1, 1, 0, 1, 0], 'B': [0, 0, 0, 0, 0, 0, 0, 0, 0, 0]}, '西门北侧': {'A': [1, 1, 1, 1, 1, 1, 1, 1, 1, 1], 'B': [0, 1, 0, 1, 1, 0, 1, 1, 0, 1], 'C': [1, 1, 0, 1, 1, 1, 1, 1, 1, 0]}, '西门南侧': {'A': [0, 1, 1, 1, 1, 1, 1, 0, 1, 1], 'B': [1, 1, 1, 1, 1, 1, 1, 1, 1, 1], 'C': [1, 1, 1, 1, 1, 1, 1, 1, 1, 1]}, '南门西侧': {'A': [1, 1, 0, 1, 1, 1, 1, 1, 1, 1], 'B': [1, 1, 1, 1, 0, 0, 1, 1, 0, 1]}, '南门东侧': {'A': [1, 0, 0, 1, 1, 1, 1, 1, 1, 1], 'B': [1, 1, 1, 1, 1, 1, 1, 1, 1, 1]}, '北门东北侧': {'A': [1, 1, 1, 1, 1, 1, 1, 1, 1, 1], 'B': [1, 0, 1, 1, 1, 1, 1, 1, 0, 1], 'C': [1, 1, 0, 1, 0, 1, 1, 1, 1, 0], 'D': [0, 0, 1, 1, 1, 0, 1, 0, 1, 1]}, '北门东南侧': {'A': [0, 1, 1, 1, 1, 1, 1, 1, 1, 1], 'B': [0, 1, 1, 1, 1, 1, 1, 1, 1, 0], 'C': [1, 1, 0, 1, 1, 0, 1, 1, 0, 0], 'D': [1, 1, 0, 1, 1, 1, 1, 1, 1, 1], 'E': [1, 1, 1, 1, 1, 0, 1, 1, 1, 1], 'F': [1, 1, 1, 1, 0, 1, 1, 1, 1, 1]}, '橘园北侧南': {'A': [1, 0, 0, 1, 0, 0, 1, 0, 0, 1], 'B': [0, 0, 0, 0, 1, 0, 1, 1, 1, 0], 'C': [0, 0, 1, 1, 1, 1, 0, 0, 1, 1], 'D': [1, 0, 1, 1, 0, 0, 0, 1, 0, 0], 'E': [1, 0, 0, 0, 0, 0, 1, 1, 0, 1], 'F': [1, 1, 1, 0, 0, 0, 0, 1, 1, 0], 'G': [0, 1, 1, 1, 1, 1, 1, 0, 1, 0], 'H': [1, 1, 1, 1, 1, 1, 1, 1, 1, 1], 'I': [0, 1, 0, 0, 1, 0, 1, 0, 1, 1], 'J': [0, 0, 0, 0, 0, 1, 1, 1, 0, 0]}, '校医院西': {'A': [1, 1, 1, 1, 1, 1, 1, 1, 1, 1], 'B': [1, 1, 1, 0, 1, 1, 1, 0, 1, 1], 'C': [1, 1, 1, 1, 1, 0, 1, 1, 0, 1], 'D': [1, 1, 1, 1, 1, 1, 1, 1, 1, 1], 'E': [1, 1, 1, 1, 1, 1, 1, 1, 1, 1], 'F': [0, 1, 1, 1, 0, 1, 1, 1, 1, 1], 'G': [1, 1, 1, 1, 1, 1, 1, 1, 1, 0], 'H': [1, 1, 0, 0, 1, 0, 1, 1, 0, 1], 'I': [1, 1, 1, 1, 0, 0, 0, 0, 0, 1]}}
623194	2024-07-13 03:59:50.354000+08:00	2024-07-13 03:59:50.354000+08:00	{'东门北侧': {'A': [1, 1, 1, 1, 1, 1, 1, 1, 1, 1], 'B': [1, 1, 1, 1, 1, 1, 1, 1, 1, 1], 'C': [0, 1, 1, 1, 1, 1, 1, 1, 1, 0], 'D': [1, 1, 1, 1, 1, 0, 1, 1, 0, 1], 'E': [1, 1, 0, 0, 1, 1, 1, 0, 1, 1], 'F': [0, 1, 1, 1, 1, 1, 1, 1, 1, 1], 'G': [0, 1, 1, 1, 1, 0, 1, 1, 0, 1], 'H': [1, 1, 1, 1, 0, 1, 1, 1, 1, 0], 'I': [0, 1, 0, 1, 1, 0, 1, 1, 1, 1], 'J': [1, 0, 1, 0, 1, 0, 1, 1, 1, 0], 'K': [0, 1, 1, 0, 0, 1, 1, 1, 0, 0]}, '东门南侧': {'A': [0, 0, 1, 1, 0, 1, 1, 0, 1, 0], 'B': [0, 0, 0, 0, 0, 0, 0, 0, 0, 0]}, '西门北侧': {'A': [1, 1, 1, 1, 1, 1, 1, 1, 1, 1], 'B': [0, 1, 0, 1, 1, 0, 1, 1, 0, 1], 'C': [1, 1, 0, 1, 1, 1, 1, 1, 1, 0]}, '西门南侧': {'A': [0, 1, 1, 1, 1, 1, 1, 0, 1, 1], 'B': [1, 1, 1, 1, 1, 1, 1, 1, 1, 1], 'C': [1, 1, 1, 1, 1, 1, 1, 1, 1, 1]}, '南门西侧': {'A': [1, 1, 0, 1, 1, 1, 1, 1, 1, 1], 'B': [1, 1, 1, 1, 0, 0, 1, 1, 0, 1]}, '南门东侧': {'A': [1, 0, 0, 1, 1, 1, 1, 1, 1, 1], 'B': [1, 1, 1, 1, 1, 1, 1, 1, 1, 1]}, '北门东北侧': {'A': [1, 1, 1, 1, 1, 1, 1, 1, 1, 1], 'B': [1, 0, 1, 1, 1, 1, 1, 1, 0, 1], 'C': [1, 1, 0, 1, 0, 1, 1, 1, 1, 0], 'D': [0, 0, 1, 1, 1, 0, 1, 0, 1, 1]}, '北门东南侧': {'A': [1, 1, 1, 1, 1, 1, 1, 1, 1, 1], 'B': [0, 1, 1, 1, 1, 1, 1, 1, 1, 0], 'C': [1, 1, 0, 1, 1, 0, 1, 1, 0, 0], 'D': [1, 1, 0, 1, 1, 1, 1, 1, 1, 1], 'E': [1, 1, 1, 1, 1, 0, 1, 1, 1, 1], 'F': [1, 1, 1, 1, 0, 1, 1, 1, 1, 1]}, '橘园北侧南': {'A': [1, 0, 0, 1, 0, 0, 1, 0, 0, 1], 'B': [0, 0, 0, 0, 1, 0, 1, 1, 1, 0], 'C': [0, 0, 1, 1, 1, 1, 0, 0, 1, 1], 'D': [1, 0, 1, 1, 0, 0, 0, 1, 0, 0], 'E': [1, 0, 0, 0, 0, 0, 1, 1, 0, 1], 'F': [1, 1, 1, 0, 0, 0, 0, 1, 1, 0], 'G': [0, 1, 1, 1, 1, 1, 1, 0, 1, 0], 'H': [1, 1, 1, 1, 1, 1, 1, 1, 1, 1], 'I': [0, 1, 0, 0, 1, 0, 1, 0, 1, 1], 'J': [0, 0, 0, 0, 0, 1, 1, 1, 0, 0]}, '校医院西': {'A': [1, 1, 1, 1, 1, 1, 1, 1, 1, 1], 'B': [1, 1, 1, 0, 1, 1, 1, 0, 1, 1], 'C': [1, 1, 1, 1, 1, 0, 1, 1, 0, 1], 'D': [1, 1, 1, 1, 1, 1, 1, 1, 1, 1], 'E': [1, 1, 1, 1, 1, 1, 1, 1, 1, 1], 'F': [0, 1, 1, 1, 0, 1, 1, 1, 1, 1], 'G': [1, 1, 1, 1, 1, 1, 1, 1, 1, 0], 'H': [1, 1, 0, 0, 1, 0, 1, 1, 0, 1], 'I': [1, 1, 1, 1, 0, 0, 0, 0, 0, 1]}}
623195	2024-07-13 04:00:52.858000+08:00	2024-07-13 04:00:52.858000+08:00	{'东门北侧': {'A': [1, 1, 1, 1, 1, 1, 1, 1, 1, 1], 'B': [1, 1, 1, 1, 1, 1, 1, 1, 1, 1], 'C': [0, 1, 1, 1, 1, 1, 1, 1, 1, 0], 'D': [1, 1, 1, 1, 1, 0, 1, 1, 0, 1], 'E': [1, 1, 0, 0, 1, 1, 1, 0, 1, 1], 'F': [0, 1, 1, 1, 1, 1, 1, 1, 1, 1], 'G': [0, 1, 1, 1, 1, 0, 1, 1, 0, 1], 'H': [1, 1, 1, 1, 0, 1, 1, 1, 1, 0], 'I': [0, 1, 0, 1, 1, 0, 1, 1, 1, 1], 'J': [1, 0, 1, 0, 1, 0, 1, 1, 1, 0], 'K': [0, 1, 1, 0, 0, 1, 1, 1, 0, 0]}, '东门南侧': {'A': [0, 0, 1, 1, 0, 1, 1, 0, 1, 0], 'B': [0, 0, 0, 0, 0, 0, 0, 0, 0, 0]}, '西门北侧': {'A': [1, 1, 1, 1, 1, 1, 1, 1, 1, 1], 'B': [0, 1, 0, 1, 1, 0, 1, 1, 0, 1], 'C': [1, 1, 0, 1, 1, 1, 1, 1, 1, 0]}, '西门南侧': {'A': [0, 1, 1, 1, 1, 1, 1, 0, 1, 1], 'B': [1, 1, 1, 1, 1, 1, 1, 1, 1, 1], 'C': [1, 1, 1, 1, 1, 1, 1, 1, 1, 1]}, '南门西侧': {'A': [1, 1, 0, 1, 1, 1, 1, 1, 1, 1], 'B': [1, 1, 1, 1, 0, 0, 1, 1, 0, 1]}, '南门东侧': {'A': [1, 0, 0, 1, 1, 1, 1, 1, 1, 1], 'B': [1, 1, 1, 1, 1, 1, 1, 1, 1, 1]}, '北门东北侧': {'A': [1, 1, 1, 1, 1, 1, 1, 1, 1, 1], 'B': [1, 0, 1, 1, 1, 1, 1, 1, 0, 1], 'C': [1, 1, 0, 1, 0, 1, 1, 1, 1, 0], 'D': [0, 0, 1, 1, 1, 0, 1, 0, 1, 1]}, '北门东南侧': {'A': [1, 1, 1, 1, 1, 1, 1, 1, 1, 1], 'B': [0, 1, 1, 1, 1, 1, 1, 1, 1, 0], 'C': [1, 1, 0, 1, 1, 0, 1, 1, 0, 0], 'D': [1, 1, 0, 1, 1, 1, 1, 1, 1, 1], 'E': [1, 1, 1, 1, 1, 0, 1, 1, 1, 1], 'F': [1, 1, 1, 1, 0, 1, 1, 1, 1, 1]}, '橘园北侧南': {'A': [1, 0, 0, 1, 0, 0, 1, 0, 0, 1], 'B': [0, 0, 0, 0, 1, 0, 1, 1, 1, 0], 'C': [0, 0, 1, 1, 1, 1, 0, 0, 1, 1], 'D': [1, 0, 1, 1, 0, 0, 0, 1, 0, 0], 'E': [1, 0, 0, 0, 0, 0, 1, 1, 0, 1], 'F': [1, 1, 1, 0, 0, 0, 0, 1, 1, 0], 'G': [0, 1, 1, 1, 1, 1, 1, 0, 1, 0], 'H': [1, 1, 1, 1, 1, 1, 1, 1, 1, 1], 'I': [0, 1, 0, 0, 1, 0, 1, 0, 1, 1], 'J': [0, 0, 0, 0, 0, 1, 1, 1, 1, 0]}, '校医院西': {'A': [1, 1, 1, 1, 1, 1, 1, 1, 1, 1], 'B': [1, 1, 1, 0, 1, 1, 1, 0, 1, 1], 'C': [1, 1, 1, 1, 1, 0, 1, 1, 0, 1], 'D': [1, 1, 1, 1, 1, 1, 1, 1, 1, 1], 'E': [1, 1, 1, 1, 1, 1, 1, 1, 1, 1], 'F': [0, 1, 1, 1, 0, 1, 1, 1, 1, 1], 'G': [1, 1, 1, 1, 1, 1, 1, 1, 1, 0], 'H': [1, 1, 0, 0, 1, 0, 1, 1, 0, 1], 'I': [1, 1, 1, 1, 0, 0, 0, 0, 0, 1]}}
623196	2024-07-13 04:01:48.635000+08:00	2024-07-13 04:01:48.635000+08:00	{'东门北侧': {'A': [1, 1, 1, 1, 1, 1, 1, 1, 1, 1], 'B': [1, 1, 1, 1, 1, 1, 1, 1, 1, 1], 'C': [0, 1, 1, 1, 1, 1, 1, 1, 1, 0], 'D': [1, 1, 1, 1, 1, 0, 1, 1, 0, 1], 'E': [1, 1, 0, 0, 1, 1, 1, 0, 1, 1], 'F': [0, 1, 1, 1, 1, 1, 1, 1, 1, 1], 'G': [0, 1, 1, 1, 1, 0, 1, 1, 0, 1], 'H': [1, 1, 1, 1, 0, 1, 1, 1, 1, 0], 'I': [0, 1, 0, 1, 1, 0, 1, 1, 1, 1], 'J': [1, 0, 1, 0, 1, 0, 1, 1, 1, 0], 'K': [0, 1, 1, 0, 0, 1, 1, 1, 0, 0]}, '东门南侧': {'A': [0, 0, 1, 1, 0, 1, 1, 0, 1, 0], 'B': [0, 0, 0, 0, 0, 0, 0, 0, 0, 0]}, '西门北侧': {'A': [1, 1, 1, 1, 1, 1, 1, 1, 1, 1], 'B': [0, 1, 0, 1, 1, 0, 1, 1, 0, 1], 'C': [1, 1, 0, 1, 1, 1, 1, 1, 1, 0]}, '西门南侧': {'A': [0, 1, 1, 1, 1, 1, 1, 0, 1, 1], 'B': [1, 1, 1, 1, 1, 1, 1, 1, 1, 1], 'C': [1, 1, 1, 1, 1, 1, 1, 1, 1, 1]}, '南门西侧': {'A': [1, 1, 0, 1, 1, 1, 1, 1, 1, 1], 'B': [1, 1, 1, 1, 0, 0, 1, 1, 0, 1]}, '南门东侧': {'A': [1, 0, 0, 1, 1, 1, 1, 1, 1, 1], 'B': [1, 1, 1, 1, 1, 1, 1, 1, 1, 1]}, '北门东北侧': {'A': [1, 1, 1, 1, 1, 1, 1, 1, 1, 1], 'B': [1, 0, 1, 1, 1, 1, 1, 1, 0, 1], 'C': [1, 1, 0, 1, 0, 1, 1, 1, 1, 0], 'D': [0, 0, 1, 1, 1, 0, 1, 0, 1, 1]}, '北门东南侧': {'A': [1, 1, 1, 1, 1, 1, 1, 1, 1, 1], 'B': [0, 1, 1, 1, 1, 1, 1, 1, 1, 0], 'C': [1, 1, 0, 1, 1, 0, 1, 1, 0, 0], 'D': [1, 1, 0, 1, 1, 1, 1, 1, 1, 1], 'E': [1, 1, 1, 1, 1, 0, 1, 1, 1, 1], 'F': [1, 1, 1, 1, 0, 1, 1, 1, 1, 1]}, '橘园北侧南': {'A': [1, 0, 0, 1, 0, 0, 1, 0, 0, 1], 'B': [0, 0, 0, 0, 1, 0, 1, 1, 1, 0], 'C': [0, 0, 1, 1, 1, 1, 0, 0, 1, 1], 'D': [1, 0, 1, 1, 0, 0, 0, 1, 0, 0], 'E': [1, 0, 0, 0, 0, 0, 1, 1, 0, 1], 'F': [1, 1, 1, 0, 0, 0, 0, 1, 1, 0], 'G': [0, 1, 1, 1, 1, 1, 1, 0, 1, 0], 'H': [1, 1, 1, 1, 1, 1, 1, 1, 1, 1], 'I': [0, 1, 0, 0, 1, 0, 1, 0, 1, 1], 'J': [0, 0, 0, 0, 0, 1, 1, 1, 1, 0]}, '校医院西': {'A': [1, 1, 1, 1, 1, 1, 1, 1, 1, 1], 'B': [1, 1, 1, 0, 1, 1, 1, 0, 1, 1], 'C': [1, 1, 1, 1, 1, 0, 1, 1, 0, 1], 'D': [1, 1, 1, 1, 1, 1, 1, 1, 1, 1], 'E': [1, 1, 1, 1, 1, 1, 1, 1, 1, 1], 'F': [0, 1, 1, 1, 0, 1, 1, 1, 1, 1], 'G': [1, 1, 1, 1, 1, 1, 1, 1, 1, 0], 'H': [1, 1, 0, 0, 1, 0, 1, 1, 0, 1], 'I': [1, 1, 1, 1, 0, 0, 0, 0, 0, 1]}}
623197	2024-07-13 04:02:47.618000+08:00	2024-07-13 04:02:47.618000+08:00	{'东门北侧': {'A': [1, 1, 1, 1, 1, 1, 1, 1, 1, 1], 'B': [1, 1, 1, 1, 1, 1, 1, 1, 1, 1], 'C': [0, 1, 1, 1, 1, 1, 1, 1, 1, 0], 'D': [1, 1, 1, 1, 1, 0, 1, 1, 0, 1], 'E': [1, 1, 0, 0, 1, 1, 1, 0, 1, 1], 'F': [0, 1, 1, 1, 1, 1, 1, 1, 1, 1], 'G': [0, 1, 1, 1, 1, 0, 1, 1, 0, 1], 'H': [1, 1, 1, 1, 0, 1, 1, 1, 1, 0], 'I': [0, 1, 0, 1, 1, 0, 1, 1, 1, 1], 'J': [1, 0, 1, 0, 1, 0, 1, 1, 1, 0], 'K': [0, 1, 1, 0, 0, 1, 1, 1, 0, 0]}, '东门南侧': {'A': [0, 0, 1, 1, 0, 1, 1, 0, 1, 0], 'B': [0, 0, 0, 0, 0, 0, 0, 0, 0, 0]}, '西门北侧': {'A': [1, 1, 1, 1, 1, 1, 1, 1, 1, 1], 'B': [0, 1, 0, 1, 1, 0, 1, 1, 0, 1], 'C': [1, 1, 0, 1, 1, 1, 1, 1, 1, 0]}, '西门南侧': {'A': [0, 1, 1, 1, 1, 1, 1, 0, 1, 1], 'B': [1, 1, 1, 1, 1, 1, 1, 1, 1, 1], 'C': [1, 1, 1, 1, 1, 1, 1, 1, 1, 1]}, '南门西侧': {'A': [1, 1, 0, 1, 1, 1, 1, 1, 1, 1], 'B': [1, 1, 1, 1, 0, 0, 1, 1, 0, 1]}, '南门东侧': {'A': [1, 0, 0, 1, 1, 1, 1, 1, 1, 1], 'B': [1, 1, 1, 1, 1, 1, 1, 1, 1, 1]}, '北门东北侧': {'A': [1, 1, 1, 1, 1, 1, 1, 1, 1, 1], 'B': [1, 0, 1, 1, 1, 1, 1, 1, 0, 1], 'C': [1, 1, 0, 1, 0, 1, 1, 1, 1, 0], 'D': [0, 0, 1, 1, 1, 0, 1, 0, 1, 1]}, '北门东南侧': {'A': [1, 1, 1, 1, 1, 1, 1, 1, 1, 1], 'B': [0, 1, 1, 1, 1, 1, 1, 1, 1, 0], 'C': [1, 1, 0, 1, 1, 0, 1, 1, 0, 0], 'D': [1, 1, 0, 1, 1, 1, 1, 1, 1, 1], 'E': [1, 1, 1, 1, 1, 0, 1, 1, 1, 1], 'F': [1, 1, 1, 1, 0, 1, 1, 1, 1, 1]}, '橘园北侧南': {'A': [1, 0, 0, 1, 0, 0, 1, 0, 0, 1], 'B': [0, 0, 0, 0, 1, 0, 1, 1, 1, 0], 'C': [0, 0, 1, 1, 1, 1, 0, 0, 1, 1], 'D': [1, 0, 1, 1, 0, 0, 0, 1, 0, 0], 'E': [1, 0, 0, 0, 0, 0, 1, 1, 0, 1], 'F': [1, 1, 1, 0, 0, 0, 0, 1, 1, 0], 'G': [0, 1, 1, 1, 1, 1, 1, 0, 1, 0], 'H': [1, 1, 1, 1, 1, 1, 1, 1, 1, 1], 'I': [0, 1, 0, 0, 1, 0, 1, 0, 1, 1], 'J': [0, 0, 0, 0, 0, 1, 1, 1, 1, 0]}, '校医院西': {'A': [1, 1, 1, 1, 1, 1, 1, 1, 1, 1], 'B': [1, 1, 1, 0, 1, 1, 1, 0, 1, 1], 'C': [1, 1, 1, 1, 1, 0, 1, 1, 0, 1], 'D': [1, 1, 1, 1, 1, 1, 1, 1, 1, 1], 'E': [1, 1, 1, 1, 1, 1, 1, 1, 1, 1], 'F': [0, 1, 1, 1, 0, 1, 1, 1, 1, 1], 'G': [1, 1, 1, 1, 1, 1, 1, 1, 1, 0], 'H': [1, 1, 0, 0, 1, 0, 1, 1, 0, 1], 'I': [1, 1, 1, 1, 0, 0, 0, 0, 0, 1]}}
623198	2024-07-13 04:03:49.629000+08:00	2024-07-13 04:03:49.629000+08:00	{'东门北侧': {'A': [1, 1, 1, 1, 1, 1, 1, 1, 1, 1], 'B': [1, 1, 1, 1, 1, 1, 1, 1, 1, 1], 'C': [0, 1, 1, 1, 1, 1, 1, 1, 1, 0], 'D': [1, 1, 1, 1, 1, 0, 1, 1, 0, 1], 'E': [1, 1, 0, 0, 1, 1, 1, 0, 1, 1], 'F': [0, 1, 1, 1, 1, 1, 1, 1, 1, 1], 'G': [0, 1, 1, 1, 1, 0, 1, 1, 0, 1], 'H': [1, 1, 1, 1, 0, 1, 1, 1, 1, 0], 'I': [0, 1, 0, 1, 1, 0, 1, 1, 1, 1], 'J': [1, 0, 1, 0, 1, 0, 1, 1, 1, 0], 'K': [0, 1, 1, 0, 0, 1, 1, 1, 0, 0]}, '东门南侧': {'A': [0, 0, 1, 1, 0, 1, 1, 0, 1, 0], 'B': [0, 0, 0, 0, 0, 0, 0, 0, 0, 0]}, '西门北侧': {'A': [1, 1, 1, 1, 1, 1, 1, 1, 1, 1], 'B': [0, 1, 0, 1, 1, 0, 1, 1, 0, 1], 'C': [1, 1, 0, 1, 1, 1, 1, 1, 1, 0]}, '西门南侧': {'A': [0, 1, 1, 1, 1, 1, 1, 0, 1, 1], 'B': [1, 1, 1, 1, 1, 1, 1, 1, 1, 1], 'C': [1, 1, 1, 1, 1, 1, 1, 1, 1, 1]}, '南门西侧': {'A': [1, 1, 0, 1, 1, 1, 1, 1, 1, 1], 'B': [1, 1, 1, 1, 0, 0, 1, 1, 0, 1]}, '南门东侧': {'A': [1, 0, 0, 1, 1, 1, 1, 1, 1, 1], 'B': [1, 1, 1, 1, 1, 1, 1, 1, 1, 1]}, '北门东北侧': {'A': [1, 1, 1, 1, 1, 1, 1, 1, 1, 1], 'B': [1, 0, 1, 1, 1, 1, 1, 1, 0, 1], 'C': [1, 1, 0, 1, 0, 1, 1, 1, 1, 0], 'D': [0, 0, 1, 1, 1, 0, 1, 0, 1, 1]}, '北门东南侧': {'A': [1, 1, 1, 1, 1, 1, 1, 1, 1, 1], 'B': [0, 1, 1, 1, 1, 1, 1, 1, 1, 0], 'C': [1, 1, 0, 1, 1, 0, 1, 1, 0, 0], 'D': [1, 1, 0, 1, 1, 1, 1, 1, 1, 1], 'E': [1, 1, 1, 1, 1, 0, 1, 1, 1, 1], 'F': [1, 1, 1, 1, 0, 1, 1, 1, 1, 1]}, '橘园北侧南': {'A': [1, 0, 0, 1, 0, 0, 1, 0, 0, 1], 'B': [0, 0, 0, 0, 1, 0, 1, 1, 1, 0], 'C': [0, 0, 1, 1, 1, 1, 0, 0, 1, 1], 'D': [1, 0, 1, 1, 0, 0, 0, 1, 0, 0], 'E': [1, 0, 0, 0, 0, 0, 1, 1, 0, 1], 'F': [1, 1, 1, 0, 0, 0, 0, 1, 1, 0], 'G': [0, 1, 1, 1, 1, 1, 1, 0, 1, 0], 'H': [1, 1, 1, 1, 1, 1, 1, 1, 1, 1], 'I': [0, 1, 0, 0, 1, 0, 1, 0, 1, 1], 'J': [0, 0, 0, 0, 0, 1, 1, 1, 1, 0]}, '校医院西': {'A': [1, 1, 1, 1, 1, 1, 1, 1, 1, 1], 'B': [1, 1, 1, 0, 1, 1, 1, 0, 1, 1], 'C': [1, 1, 1, 1, 1, 0, 1, 1, 0, 1], 'D': [1, 1, 1, 1, 1, 1, 1, 1, 1, 1], 'E': [1, 1, 1, 1, 1, 1, 1, 1, 1, 1], 'F': [0, 1, 1, 1, 0, 1, 1, 1, 1, 1], 'G': [1, 1, 1, 1, 1, 1, 1, 1, 1, 0], 'H': [1, 1, 0, 0, 1, 0, 1, 1, 0, 1], 'I': [1, 1, 1, 1, 0, 0, 0, 0, 0, 1]}}
623199	2024-07-13 04:04:49.094000+08:00	2024-07-13 04:04:49.094000+08:00	{'东门北侧': {'A': [1, 1, 1, 1, 1, 1, 1, 1, 1, 1], 'B': [1, 1, 1, 1, 1, 1, 1, 1, 1, 1], 'C': [0, 1, 1, 1, 1, 1, 1, 1, 1, 0], 'D': [1, 1, 1, 1, 1, 0, 1, 1, 0, 1], 'E': [1, 1, 0, 0, 1, 1, 1, 0, 1, 1], 'F': [0, 1, 1, 1, 1, 1, 1, 1, 1, 1], 'G': [0, 1, 1, 1, 1, 0, 1, 1, 0, 1], 'H': [1, 1, 1, 1, 0, 1, 1, 1, 1, 0], 'I': [0, 1, 0, 1, 1, 0, 1, 1, 1, 1], 'J': [1, 0, 1, 0, 1, 0, 1, 1, 1, 0], 'K': [0, 1, 1, 0, 0, 1, 1, 1, 0, 0]}, '东门南侧': {'A': [0, 0, 1, 1, 0, 1, 1, 0, 1, 0], 'B': [0, 0, 0, 0, 0, 0, 0, 0, 0, 0]}, '西门北侧': {'A': [1, 1, 1, 1, 1, 1, 1, 1, 1, 1], 'B': [0, 1, 0, 1, 1, 1, 1, 1, 0, 1], 'C': [1, 1, 0, 1, 1, 1, 1, 1, 1, 0]}, '西门南侧': {'A': [0, 1, 1, 1, 1, 1, 1, 0, 1, 1], 'B': [1, 1, 1, 1, 1, 1, 1, 1, 1, 1], 'C': [1, 1, 1, 1, 1, 1, 1, 1, 1, 1]}, '南门西侧': {'A': [1, 1, 0, 1, 1, 1, 1, 1, 1, 1], 'B': [1, 1, 1, 1, 0, 0, 1, 1, 0, 1]}, '南门东侧': {'A': [1, 0, 0, 1, 1, 1, 1, 1, 1, 1], 'B': [1, 1, 1, 1, 1, 1, 1, 1, 1, 1]}, '北门东北侧': {'A': [1, 1, 1, 1, 1, 1, 1, 1, 1, 1], 'B': [1, 0, 1, 1, 1, 1, 1, 1, 0, 1], 'C': [1, 1, 0, 1, 0, 1, 1, 1, 1, 0], 'D': [0, 0, 1, 1, 1, 0, 1, 0, 1, 1]}, '北门东南侧': {'A': [1, 1, 1, 1, 1, 1, 1, 1, 1, 1], 'B': [0, 1, 1, 1, 1, 1, 1, 1, 1, 0], 'C': [1, 1, 0, 1, 1, 0, 1, 1, 0, 0], 'D': [1, 1, 0, 1, 1, 1, 1, 1, 1, 1], 'E': [1, 1, 1, 1, 1, 0, 1, 1, 1, 1], 'F': [1, 1, 1, 1, 0, 1, 1, 1, 1, 1]}, '橘园北侧南': {'A': [1, 0, 0, 1, 0, 0, 1, 0, 0, 1], 'B': [0, 0, 0, 0, 1, 0, 1, 1, 1, 0], 'C': [0, 0, 1, 1, 1, 1, 0, 0, 1, 1], 'D': [1, 0, 1, 1, 0, 0, 0, 1, 0, 0], 'E': [1, 0, 0, 0, 0, 0, 1, 1, 0, 1], 'F': [1, 1, 1, 0, 0, 0, 0, 1, 1, 0], 'G': [0, 1, 1, 1, 1, 1, 1, 0, 1, 0], 'H': [1, 1, 1, 1, 1, 1, 1, 1, 1, 1], 'I': [0, 1, 0, 0, 1, 0, 1, 0, 1, 1], 'J': [0, 0, 0, 0, 0, 1, 1, 1, 1, 0]}, '校医院西': {'A': [1, 1, 1, 1, 1, 1, 1, 1, 1, 1], 'B': [1, 1, 1, 0, 1, 1, 1, 0, 1, 1], 'C': [1, 1, 1, 1, 1, 0, 1, 1, 0, 1], 'D': [1, 1, 1, 1, 1, 1, 1, 1, 1, 1], 'E': [1, 1, 1, 1, 1, 1, 1, 1, 1, 1], 'F': [0, 1, 1, 1, 0, 1, 1, 1, 1, 1], 'G': [1, 1, 1, 1, 1, 1, 1, 1, 1, 0], 'H': [1, 1, 0, 0, 1, 0, 1, 1, 0, 1], 'I': [1, 1, 1, 1, 0, 0, 0, 0, 0, 1]}}
623200	2024-07-13 04:05:50.569000+08:00	2024-07-13 04:05:50.569000+08:00	{'东门北侧': {'A': [1, 1, 1, 1, 1, 1, 1, 1, 1, 1], 'B': [1, 1, 1, 1, 1, 1, 1, 1, 1, 1], 'C': [0, 1, 1, 1, 1, 1, 1, 1, 1, 0], 'D': [1, 1, 1, 1, 1, 0, 1, 1, 0, 1], 'E': [1, 1, 0, 0, 1, 1, 1, 0, 1, 1], 'F': [0, 1, 1, 1, 1, 1, 1, 1, 1, 1], 'G': [0, 1, 1, 1, 1, 0, 1, 1, 0, 1], 'H': [1, 1, 1, 1, 0, 1, 1, 1, 1, 0], 'I': [0, 1, 0, 1, 1, 0, 1, 1, 1, 1], 'J': [1, 0, 1, 0, 1, 0, 1, 1, 1, 0], 'K': [0, 1, 1, 0, 0, 1, 1, 1, 0, 0]}, '东门南侧': {'A': [0, 0, 1, 1, 0, 1, 1, 0, 1, 0], 'B': [0, 0, 0, 0, 0, 0, 0, 0, 0, 0]}, '西门北侧': {'A': [1, 1, 1, 1, 1, 1, 1, 1, 1, 1], 'B': [0, 1, 0, 1, 1, 1, 1, 1, 0, 1], 'C': [1, 1, 0, 1, 1, 1, 1, 1, 1, 0]}, '西门南侧': {'A': [0, 1, 1, 1, 1, 1, 1, 0, 1, 1], 'B': [1, 1, 1, 1, 1, 1, 1, 1, 1, 1], 'C': [1, 1, 1, 1, 1, 1, 1, 1, 1, 1]}, '南门西侧': {'A': [1, 1, 0, 1, 1, 1, 1, 1, 1, 1], 'B': [1, 1, 1, 1, 0, 0, 1, 1, 0, 1]}, '南门东侧': {'A': [1, 0, 0, 1, 1, 1, 1, 1, 1, 1], 'B': [1, 1, 1, 1, 1, 1, 1, 1, 1, 1]}, '北门东北侧': {'A': [1, 1, 1, 1, 1, 1, 1, 1, 1, 1], 'B': [1, 0, 1, 1, 1, 1, 1, 1, 0, 1], 'C': [1, 1, 0, 1, 0, 1, 1, 1, 1, 0], 'D': [0, 0, 1, 1, 1, 0, 1, 0, 1, 1]}, '北门东南侧': {'A': [1, 1, 1, 1, 1, 1, 1, 1, 1, 1], 'B': [0, 1, 1, 1, 1, 1, 1, 1, 1, 0], 'C': [1, 1, 0, 1, 1, 0, 1, 1, 0, 0], 'D': [1, 1, 0, 1, 1, 1, 1, 1, 1, 1], 'E': [1, 1, 1, 1, 1, 0, 1, 1, 1, 1], 'F': [1, 1, 1, 1, 0, 1, 1, 1, 1, 1]}, '橘园北侧南': {'A': [1, 0, 0, 1, 0, 0, 1, 0, 0, 1], 'B': [0, 0, 0, 0, 1, 0, 1, 1, 1, 0], 'C': [0, 0, 1, 1, 1, 1, 0, 0, 1, 1], 'D': [1, 0, 1, 1, 0, 0, 0, 1, 0, 0], 'E': [1, 0, 0, 0, 0, 0, 1, 1, 0, 1], 'F': [1, 1, 1, 0, 0, 0, 0, 1, 1, 0], 'G': [0, 1, 1, 1, 1, 1, 1, 0, 1, 0], 'H': [1, 1, 1, 1, 1, 1, 1, 1, 1, 1], 'I': [0, 1, 0, 0, 1, 0, 1, 0, 1, 1], 'J': [0, 0, 0, 0, 1, 1, 1, 1, 1, 0]}, '校医院西': {'A': [1, 1, 1, 1, 1, 1, 1, 1, 1, 1], 'B': [1, 1, 1, 0, 1, 1, 1, 0, 1, 1], 'C': [1, 1, 1, 1, 1, 0, 1, 1, 0, 1], 'D': [1, 1, 1, 1, 1, 1, 1, 1, 1, 1], 'E': [1, 1, 1, 1, 1, 1, 1, 1, 1, 1], 'F': [0, 1, 1, 1, 0, 1, 1, 1, 1, 1], 'G': [1, 1, 1, 1, 1, 1, 1, 1, 1, 0], 'H': [1, 1, 0, 0, 1, 0, 1, 1, 0, 1], 'I': [1, 1, 1, 1, 0, 0, 0, 0, 0, 1]}}
623201	2024-07-13 04:06:51.520000+08:00	2024-07-13 04:06:51.520000+08:00	{'东门北侧': {'A': [1, 1, 1, 1, 1, 1, 1, 1, 1, 1], 'B': [1, 1, 1, 1, 1, 1, 1, 1, 1, 1], 'C': [0, 1, 1, 1, 1, 1, 1, 1, 1, 0], 'D': [1, 1, 1, 1, 1, 0, 1, 1, 0, 1], 'E': [1, 1, 0, 0, 1, 1, 1, 0, 1, 1], 'F': [0, 1, 1, 1, 1, 1, 1, 1, 1, 1], 'G': [0, 1, 1, 1, 1, 0, 1, 1, 0, 1], 'H': [1, 1, 1, 1, 0, 1, 1, 1, 1, 0], 'I': [0, 1, 0, 1, 1, 0, 1, 1, 1, 1], 'J': [1, 0, 1, 0, 1, 0, 1, 1, 1, 0], 'K': [0, 1, 1, 0, 0, 1, 1, 1, 0, 0]}, '东门南侧': {'A': [0, 0, 1, 1, 0, 1, 1, 0, 1, 0], 'B': [0, 0, 0, 0, 0, 0, 0, 0, 0, 0]}, '西门北侧': {'A': [1, 1, 1, 1, 1, 1, 1, 1, 1, 1], 'B': [0, 1, 0, 1, 1, 1, 1, 1, 0, 1], 'C': [1, 1, 0, 1, 1, 1, 1, 1, 1, 0]}, '西门南侧': {'A': [0, 1, 1, 1, 1, 1, 1, 0, 1, 1], 'B': [1, 1, 1, 1, 1, 1, 1, 1, 1, 1], 'C': [1, 1, 1, 1, 1, 1, 1, 1, 1, 1]}, '南门西侧': {'A': [1, 1, 0, 1, 1, 1, 1, 1, 1, 1], 'B': [1, 1, 1, 1, 0, 0, 1, 1, 0, 1]}, '南门东侧': {'A': [1, 0, 0, 1, 1, 1, 1, 1, 1, 1], 'B': [1, 1, 1, 1, 1, 1, 1, 1, 1, 1]}, '北门东北侧': {'A': [1, 1, 1, 1, 1, 1, 1, 1, 1, 1], 'B': [1, 0, 1, 1, 1, 1, 1, 1, 0, 1], 'C': [1, 1, 0, 1, 0, 1, 1, 1, 1, 0], 'D': [0, 0, 1, 1, 1, 0, 1, 0, 1, 1]}, '北门东南侧': {'A': [1, 1, 1, 1, 1, 1, 1, 1, 1, 1], 'B': [0, 1, 1, 1, 1, 1, 1, 1, 1, 0], 'C': [1, 1, 0, 1, 1, 0, 1, 1, 0, 0], 'D': [1, 1, 0, 1, 1, 1, 1, 1, 1, 1], 'E': [1, 1, 1, 1, 1, 0, 1, 1, 1, 1], 'F': [1, 1, 1, 1, 0, 1, 1, 1, 1, 1]}, '橘园北侧南': {'A': [1, 0, 0, 1, 0, 0, 1, 0, 0, 1], 'B': [0, 0, 0, 0, 1, 0, 1, 1, 1, 0], 'C': [0, 0, 1, 1, 1, 1, 0, 0, 1, 1], 'D': [1, 0, 1, 1, 0, 0, 0, 1, 0, 0], 'E': [1, 0, 0, 0, 0, 0, 1, 1, 0, 1], 'F': [1, 1, 1, 0, 0, 0, 0, 1, 1, 0], 'G': [0, 1, 1, 1, 1, 1, 1, 0, 1, 0], 'H': [1, 1, 1, 1, 1, 1, 1, 1, 1, 1], 'I': [0, 1, 0, 0, 1, 0, 1, 0, 1, 1], 'J': [0, 0, 0, 0, 1, 1, 1, 1, 1, 0]}, '校医院西': {'A': [1, 1, 1, 1, 1, 1, 1, 1, 1, 1], 'B': [1, 1, 1, 0, 1, 1, 1, 0, 1, 1], 'C': [1, 1, 1, 1, 1, 0, 1, 1, 0, 1], 'D': [1, 1, 1, 1, 1, 1, 1, 1, 1, 1], 'E': [1, 1, 1, 1, 1, 1, 1, 1, 1, 1], 'F': [0, 1, 1, 1, 0, 1, 1, 1, 1, 1], 'G': [1, 1, 1, 1, 1, 1, 1, 1, 1, 0], 'H': [1, 1, 0, 0, 1, 0, 1, 1, 0, 1], 'I': [1, 1, 1, 1, 0, 0, 0, 0, 0, 1]}}
623202	2024-07-13 04:07:49.092000+08:00	2024-07-13 04:07:49.092000+08:00	{'东门北侧': {'A': [1, 1, 1, 1, 1, 1, 1, 1, 1, 1], 'B': [1, 1, 1, 1, 1, 1, 1, 1, 1, 1], 'C': [0, 1, 1, 1, 1, 1, 1, 1, 1, 0], 'D': [1, 1, 1, 1, 1, 0, 1, 1, 0, 1], 'E': [1, 1, 0, 0, 1, 1, 1, 0, 1, 1], 'F': [0, 1, 1, 1, 1, 1, 1, 1, 1, 1], 'G': [0, 1, 1, 1, 1, 0, 1, 1, 0, 1], 'H': [1, 1, 1, 1, 0, 1, 1, 1, 1, 0], 'I': [0, 1, 0, 1, 1, 0, 1, 1, 1, 1], 'J': [1, 0, 1, 0, 1, 0, 1, 1, 1, 0], 'K': [0, 1, 1, 0, 0, 1, 1, 1, 0, 0]}, '东门南侧': {'A': [0, 0, 1, 1, 0, 1, 1, 0, 1, 0], 'B': [0, 0, 0, 0, 0, 0, 0, 0, 0, 0]}, '西门北侧': {'A': [1, 1, 1, 1, 1, 1, 1, 1, 1, 1], 'B': [0, 1, 0, 1, 1, 1, 1, 1, 0, 1], 'C': [1, 1, 0, 1, 1, 1, 1, 1, 1, 0]}, '西门南侧': {'A': [0, 1, 1, 1, 1, 1, 1, 0, 1, 1], 'B': [1, 1, 1, 1, 1, 1, 1, 1, 1, 1], 'C': [1, 1, 1, 1, 1, 1, 1, 1, 1, 1]}, '南门西侧': {'A': [1, 1, 0, 1, 1, 1, 1, 1, 1, 1], 'B': [1, 1, 1, 1, 0, 0, 1, 1, 0, 1]}, '南门东侧': {'A': [1, 0, 0, 1, 1, 1, 1, 1, 1, 1], 'B': [1, 1, 1, 1, 1, 1, 1, 1, 1, 1]}, '北门东北侧': {'A': [1, 1, 1, 1, 1, 1, 1, 1, 1, 1], 'B': [1, 0, 1, 1, 1, 1, 1, 1, 0, 1], 'C': [1, 1, 0, 1, 0, 1, 1, 1, 1, 0], 'D': [0, 0, 1, 1, 1, 0, 1, 0, 1, 1]}, '北门东南侧': {'A': [1, 1, 1, 1, 1, 1, 1, 1, 1, 1], 'B': [0, 1, 1, 1, 1, 1, 1, 1, 1, 0], 'C': [1, 1, 0, 1, 1, 0, 1, 1, 0, 0], 'D': [1, 1, 0, 1, 1, 1, 1, 1, 1, 1], 'E': [1, 1, 1, 1, 1, 0, 1, 1, 1, 1], 'F': [1, 1, 1, 1, 0, 1, 1, 1, 1, 1]}, '橘园北侧南': {'A': [1, 0, 0, 1, 0, 0, 1, 0, 0, 1], 'B': [0, 0, 0, 0, 1, 0, 1, 1, 1, 0], 'C': [0, 0, 1, 1, 1, 1, 0, 0, 1, 1], 'D': [1, 0, 1, 1, 0, 0, 0, 1, 0, 0], 'E': [1, 0, 0, 0, 0, 0, 1, 1, 0, 1], 'F': [1, 1, 1, 0, 0, 0, 0, 1, 1, 0], 'G': [0, 1, 1, 1, 1, 1, 1, 0, 1, 0], 'H': [1, 1, 1, 1, 1, 1, 1, 1, 1, 1], 'I': [0, 1, 0, 0, 1, 0, 1, 0, 1, 1], 'J': [0, 0, 0, 0, 1, 1, 1, 1, 1, 0]}, '校医院西': {'A': [1, 1, 1, 1, 1, 1, 1, 1, 1, 1], 'B': [1, 1, 1, 0, 1, 1, 1, 0, 1, 1], 'C': [1, 1, 1, 1, 1, 0, 1, 1, 0, 1], 'D': [1, 1, 1, 1, 1, 1, 1, 1, 1, 1], 'E': [1, 1, 1, 1, 1, 1, 1, 1, 1, 1], 'F': [0, 1, 1, 1, 0, 1, 1, 1, 1, 1], 'G': [1, 1, 1, 1, 1, 1, 1, 1, 1, 0], 'H': [1, 1, 0, 0, 1, 0, 1, 1, 0, 1], 'I': [1, 1, 1, 1, 0, 0, 0, 0, 0, 1]}}
623203	2024-07-13 04:08:49.901000+08:00	2024-07-13 04:08:49.901000+08:00	{'东门北侧': {'A': [1, 1, 1, 1, 1, 1, 1, 1, 1, 1], 'B': [1, 1, 1, 1, 1, 1, 1, 1, 1, 1], 'C': [0, 1, 1, 1, 1, 1, 1, 1, 1, 0], 'D': [1, 1, 1, 1, 1, 0, 1, 1, 0, 1], 'E': [1, 1, 0, 0, 1, 1, 1, 0, 1, 1], 'F': [0, 1, 1, 1, 1, 1, 1, 1, 1, 1], 'G': [0, 1, 1, 1, 1, 0, 1, 1, 0, 1], 'H': [1, 1, 1, 1, 0, 1, 1, 1, 1, 0], 'I': [0, 1, 0, 1, 1, 0, 1, 1, 1, 1], 'J': [1, 0, 1, 0, 1, 0, 1, 1, 1, 0], 'K': [0, 1, 1, 0, 0, 1, 1, 1, 0, 0]}, '东门南侧': {'A': [0, 0, 1, 1, 0, 1, 1, 0, 1, 0], 'B': [0, 0, 0, 0, 0, 0, 0, 0, 0, 0]}, '西门北侧': {'A': [1, 1, 1, 1, 1, 1, 1, 1, 1, 1], 'B': [0, 1, 0, 1, 1, 1, 1, 1, 0, 1], 'C': [1, 1, 0, 1, 1, 1, 1, 1, 1, 0]}, '西门南侧': {'A': [0, 1, 1, 1, 1, 1, 1, 0, 1, 1], 'B': [1, 1, 1, 1, 1, 1, 1, 1, 1, 1], 'C': [1, 1, 1, 1, 1, 1, 1, 1, 1, 1]}, '南门西侧': {'A': [1, 1, 0, 1, 1, 1, 1, 1, 1, 1], 'B': [1, 1, 1, 1, 0, 0, 1, 1, 0, 1]}, '南门东侧': {'A': [1, 0, 0, 1, 1, 1, 1, 1, 1, 1], 'B': [1, 1, 1, 1, 1, 1, 1, 1, 1, 1]}, '北门东北侧': {'A': [1, 1, 1, 1, 1, 1, 1, 1, 1, 1], 'B': [1, 0, 1, 1, 1, 1, 1, 1, 0, 1], 'C': [1, 1, 0, 1, 0, 1, 1, 1, 1, 0], 'D': [0, 0, 1, 1, 1, 0, 1, 0, 1, 1]}, '北门东南侧': {'A': [1, 1, 1, 1, 1, 1, 1, 1, 1, 1], 'B': [0, 1, 1, 1, 1, 1, 1, 1, 1, 0], 'C': [1, 1, 0, 1, 1, 0, 1, 1, 0, 0], 'D': [1, 1, 0, 1, 1, 1, 1, 1, 1, 1], 'E': [1, 1, 1, 1, 1, 0, 1, 1, 1, 1], 'F': [1, 1, 1, 1, 0, 1, 1, 1, 1, 1]}, '橘园北侧南': {'A': [1, 0, 0, 1, 0, 0, 1, 0, 0, 1], 'B': [0, 0, 0, 0, 1, 0, 1, 1, 1, 0], 'C': [0, 0, 1, 1, 1, 1, 0, 0, 1, 1], 'D': [1, 0, 1, 1, 0, 0, 0, 1, 0, 0], 'E': [1, 0, 0, 0, 0, 0, 1, 1, 0, 1], 'F': [1, 1, 1, 0, 0, 0, 0, 1, 1, 0], 'G': [0, 1, 1, 1, 1, 1, 1, 0, 1, 0], 'H': [1, 1, 1, 1, 1, 1, 1, 1, 1, 1], 'I': [0, 1, 0, 0, 1, 0, 1, 0, 1, 1], 'J': [0, 0, 0, 0, 1, 1, 1, 1, 1, 0]}, '校医院西': {'A': [1, 1, 1, 1, 1, 1, 1, 1, 1, 1], 'B': [1, 1, 1, 0, 1, 1, 1, 0, 1, 1], 'C': [1, 1, 1, 1, 1, 0, 1, 1, 0, 1], 'D': [1, 1, 1, 1, 1, 1, 1, 1, 1, 1], 'E': [1, 1, 1, 1, 1, 1, 1, 1, 1, 1], 'F': [0, 1, 1, 1, 0, 1, 1, 1, 1, 1], 'G': [1, 1, 1, 1, 1, 1, 1, 1, 1, 0], 'H': [1, 1, 0, 0, 1, 0, 1, 1, 0, 1], 'I': [1, 1, 1, 1, 0, 0, 0, 0, 0, 1]}}
623204	2024-07-13 04:09:50.579000+08:00	2024-07-13 04:09:50.579000+08:00	{'东门北侧': {'A': [1, 1, 1, 1, 1, 1, 1, 1, 1, 1], 'B': [1, 1, 1, 1, 1, 1, 1, 1, 1, 1], 'C': [0, 1, 1, 1, 1, 1, 1, 1, 1, 0], 'D': [1, 1, 1, 1, 1, 0, 1, 1, 0, 1], 'E': [1, 1, 0, 0, 1, 1, 1, 0, 1, 1], 'F': [0, 1, 1, 1, 1, 1, 1, 1, 1, 1], 'G': [0, 1, 1, 1, 1, 0, 1, 1, 0, 1], 'H': [1, 1, 1, 1, 0, 1, 1, 1, 1, 0], 'I': [0, 1, 0, 1, 1, 0, 1, 1, 1, 1], 'J': [1, 0, 1, 0, 1, 0, 1, 1, 1, 0], 'K': [0, 1, 1, 0, 0, 1, 1, 1, 0, 0]}, '东门南侧': {'A': [0, 0, 1, 1, 0, 1, 1, 0, 1, 0], 'B': [0, 0, 0, 0, 0, 0, 0, 0, 0, 0]}, '西门北侧': {'A': [1, 1, 1, 1, 1, 1, 1, 1, 1, 1], 'B': [0, 1, 0, 1, 1, 1, 1, 1, 0, 1], 'C': [1, 1, 0, 1, 1, 1, 1, 1, 1, 0]}, '西门南侧': {'A': [0, 1, 1, 1, 1, 1, 1, 0, 1, 1], 'B': [1, 1, 1, 1, 1, 1, 1, 1, 1, 1], 'C': [1, 1, 1, 1, 1, 1, 1, 1, 1, 1]}, '南门西侧': {'A': [1, 1, 0, 1, 1, 1, 1, 1, 1, 1], 'B': [1, 1, 1, 1, 0, 0, 1, 1, 1, 1]}, '南门东侧': {'A': [1, 0, 0, 1, 1, 1, 1, 1, 1, 1], 'B': [1, 1, 1, 1, 1, 1, 1, 1, 1, 1]}, '北门东北侧': {'A': [1, 1, 1, 1, 1, 1, 1, 1, 1, 1], 'B': [1, 0, 1, 1, 1, 1, 1, 1, 0, 1], 'C': [1, 1, 0, 1, 0, 1, 1, 1, 1, 0], 'D': [0, 0, 1, 1, 1, 0, 1, 0, 1, 1]}, '北门东南侧': {'A': [1, 1, 1, 1, 1, 1, 1, 1, 1, 1], 'B': [0, 1, 1, 1, 1, 1, 1, 1, 1, 0], 'C': [1, 1, 0, 1, 1, 0, 1, 1, 0, 0], 'D': [1, 1, 0, 1, 1, 1, 1, 1, 1, 1], 'E': [1, 1, 1, 1, 1, 0, 1, 1, 1, 1], 'F': [1, 1, 1, 1, 0, 1, 1, 1, 1, 1]}, '橘园北侧南': {'A': [1, 0, 0, 1, 0, 0, 1, 0, 0, 1], 'B': [0, 0, 0, 0, 1, 0, 1, 1, 1, 0], 'C': [0, 0, 1, 1, 1, 1, 0, 0, 1, 1], 'D': [1, 0, 1, 1, 0, 0, 0, 1, 0, 0], 'E': [1, 0, 0, 0, 0, 0, 1, 1, 0, 1], 'F': [1, 1, 1, 0, 0, 0, 0, 1, 1, 0], 'G': [0, 1, 1, 1, 1, 1, 1, 0, 1, 0], 'H': [1, 1, 1, 1, 1, 1, 1, 1, 1, 1], 'I': [0, 1, 0, 0, 1, 0, 1, 0, 1, 1], 'J': [0, 0, 0, 0, 1, 1, 1, 1, 1, 0]}, '校医院西': {'A': [1, 1, 1, 1, 1, 1, 1, 1, 1, 1], 'B': [1, 1, 1, 0, 1, 1, 1, 0, 1, 1], 'C': [1, 1, 1, 1, 1, 0, 1, 1, 0, 1], 'D': [1, 1, 1, 1, 1, 1, 1, 1, 1, 1], 'E': [1, 1, 1, 1, 1, 1, 1, 1, 1, 1], 'F': [0, 1, 1, 1, 0, 1, 1, 1, 1, 1], 'G': [1, 1, 1, 1, 1, 1, 1, 1, 1, 0], 'H': [1, 1, 0, 0, 1, 0, 1, 1, 0, 1], 'I': [1, 1, 1, 1, 0, 0, 0, 0, 0, 1]}}
623205	2024-07-13 04:10:50.608000+08:00	2024-07-13 04:10:50.608000+08:00	{'东门北侧': {'A': [1, 1, 1, 1, 1, 1, 1, 1, 1, 1], 'B': [1, 1, 1, 1, 1, 1, 1, 1, 1, 1], 'C': [0, 1, 1, 1, 1, 1, 1, 1, 1, 0], 'D': [1, 1, 1, 1, 1, 0, 1, 1, 0, 1], 'E': [1, 1, 0, 0, 1, 1, 1, 0, 1, 1], 'F': [0, 1, 1, 1, 1, 1, 1, 1, 1, 1], 'G': [0, 1, 1, 1, 1, 0, 1, 1, 0, 1], 'H': [1, 1, 1, 1, 0, 1, 1, 1, 1, 0], 'I': [0, 1, 0, 1, 1, 0, 1, 1, 1, 1], 'J': [1, 0, 1, 0, 1, 0, 1, 1, 1, 0], 'K': [0, 1, 1, 0, 0, 1, 1, 1, 0, 0]}, '东门南侧': {'A': [0, 0, 1, 1, 0, 1, 1, 0, 1, 0], 'B': [0, 0, 0, 0, 0, 0, 0, 0, 0, 0]}, '西门北侧': {'A': [1, 1, 1, 1, 1, 1, 1, 1, 1, 1], 'B': [0, 1, 0, 1, 1, 1, 1, 1, 0, 1], 'C': [1, 1, 0, 1, 1, 1, 1, 1, 1, 0]}, '西门南侧': {'A': [0, 1, 1, 1, 1, 1, 1, 0, 1, 1], 'B': [1, 1, 1, 1, 1, 1, 1, 1, 1, 1], 'C': [1, 1, 1, 1, 1, 1, 1, 1, 1, 1]}, '南门西侧': {'A': [1, 1, 0, 1, 1, 1, 1, 1, 1, 1], 'B': [1, 1, 1, 1, 0, 0, 1, 1, 1, 1]}, '南门东侧': {'A': [1, 0, 0, 1, 1, 1, 1, 1, 1, 1], 'B': [1, 1, 1, 1, 1, 1, 1, 1, 1, 1]}, '北门东北侧': {'A': [1, 1, 1, 1, 1, 1, 1, 1, 1, 1], 'B': [1, 0, 1, 1, 1, 1, 1, 1, 0, 1], 'C': [1, 1, 0, 1, 0, 1, 1, 1, 1, 0], 'D': [0, 0, 1, 1, 1, 0, 1, 0, 1, 1]}, '北门东南侧': {'A': [1, 1, 1, 1, 1, 1, 1, 1, 1, 1], 'B': [0, 1, 1, 1, 1, 1, 1, 1, 1, 0], 'C': [1, 1, 0, 1, 1, 0, 1, 1, 0, 0], 'D': [1, 1, 0, 1, 1, 1, 1, 1, 1, 1], 'E': [1, 1, 1, 1, 1, 0, 1, 1, 1, 1], 'F': [1, 1, 1, 1, 0, 1, 1, 1, 1, 1]}, '橘园北侧南': {'A': [1, 0, 0, 1, 0, 0, 1, 0, 0, 1], 'B': [0, 0, 0, 0, 1, 0, 1, 1, 1, 0], 'C': [0, 0, 1, 1, 1, 1, 0, 0, 1, 1], 'D': [1, 0, 1, 1, 0, 0, 0, 1, 0, 0], 'E': [1, 0, 0, 0, 0, 0, 1, 1, 0, 1], 'F': [1, 1, 1, 0, 0, 0, 0, 1, 1, 0], 'G': [0, 1, 1, 1, 1, 1, 1, 0, 1, 0], 'H': [1, 1, 1, 1, 1, 1, 1, 1, 1, 1], 'I': [0, 1, 0, 0, 1, 0, 1, 0, 1, 1], 'J': [0, 0, 0, 0, 1, 1, 1, 1, 1, 0]}, '校医院西': {'A': [1, 1, 1, 1, 1, 1, 1, 1, 1, 1], 'B': [1, 1, 1, 0, 1, 1, 1, 0, 1, 1], 'C': [1, 1, 1, 1, 1, 0, 1, 1, 0, 1], 'D': [1, 1, 1, 1, 1, 1, 1, 1, 1, 1], 'E': [1, 1, 1, 1, 1, 1, 1, 1, 1, 1], 'F': [0, 1, 1, 1, 0, 1, 1, 1, 1, 1], 'G': [1, 1, 1, 1, 1, 1, 1, 1, 1, 0], 'H': [1, 1, 0, 0, 1, 0, 1, 1, 0, 1], 'I': [1, 1, 1, 1, 0, 0, 0, 0, 0, 1]}}
623206	2024-07-13 04:11:49.129000+08:00	2024-07-13 04:11:49.129000+08:00	{'东门北侧': {'A': [1, 1, 1, 1, 1, 1, 1, 1, 1, 1], 'B': [1, 1, 1, 1, 1, 1, 1, 1, 1, 1], 'C': [0, 1, 1, 1, 1, 1, 1, 1, 1, 0], 'D': [1, 1, 1, 1, 1, 0, 1, 1, 0, 1], 'E': [1, 1, 0, 0, 1, 1, 1, 0, 1, 1], 'F': [0, 1, 1, 1, 1, 1, 1, 1, 1, 1], 'G': [0, 1, 1, 1, 1, 0, 1, 1, 0, 1], 'H': [1, 1, 1, 1, 0, 1, 1, 1, 1, 0], 'I': [0, 1, 0, 1, 1, 0, 1, 1, 1, 1], 'J': [1, 0, 1, 0, 1, 0, 1, 1, 1, 0], 'K': [0, 1, 1, 0, 0, 1, 1, 1, 0, 0]}, '东门南侧': {'A': [0, 0, 1, 1, 0, 1, 1, 0, 1, 0], 'B': [0, 0, 0, 0, 0, 0, 0, 0, 0, 0]}, '西门北侧': {'A': [1, 1, 1, 1, 1, 1, 1, 1, 1, 1], 'B': [0, 1, 0, 1, 1, 1, 1, 1, 0, 1], 'C': [1, 1, 0, 1, 1, 1, 1, 1, 1, 0]}, '西门南侧': {'A': [0, 1, 1, 1, 1, 1, 1, 0, 1, 1], 'B': [1, 1, 1, 1, 1, 1, 1, 1, 1, 1], 'C': [1, 1, 1, 1, 1, 1, 1, 1, 1, 1]}, '南门西侧': {'A': [1, 1, 0, 1, 1, 1, 1, 1, 1, 1], 'B': [1, 1, 1, 1, 0, 0, 1, 1, 1, 1]}, '南门东侧': {'A': [1, 0, 0, 1, 1, 1, 1, 1, 1, 1], 'B': [1, 1, 1, 1, 1, 1, 1, 1, 1, 1]}, '北门东北侧': {'A': [1, 1, 1, 1, 1, 1, 1, 1, 1, 1], 'B': [1, 0, 1, 1, 1, 1, 1, 1, 0, 1], 'C': [1, 1, 0, 1, 0, 1, 1, 1, 1, 0], 'D': [0, 0, 1, 1, 1, 0, 1, 0, 1, 1]}, '北门东南侧': {'A': [1, 1, 1, 1, 1, 1, 1, 1, 1, 1], 'B': [0, 1, 1, 1, 1, 1, 1, 1, 1, 0], 'C': [1, 1, 0, 1, 1, 0, 1, 1, 0, 0], 'D': [1, 1, 0, 1, 1, 1, 1, 1, 1, 1], 'E': [1, 1, 1, 1, 1, 0, 1, 1, 1, 1], 'F': [1, 1, 1, 1, 0, 1, 1, 1, 1, 1]}, '橘园北侧南': {'A': [1, 0, 0, 1, 0, 0, 1, 0, 0, 1], 'B': [0, 0, 0, 0, 1, 0, 1, 1, 1, 0], 'C': [0, 0, 1, 1, 1, 1, 0, 0, 1, 1], 'D': [1, 0, 1, 1, 0, 0, 0, 1, 0, 0], 'E': [1, 0, 0, 0, 0, 0, 1, 1, 0, 1], 'F': [1, 1, 1, 0, 0, 0, 0, 1, 1, 0], 'G': [0, 1, 1, 1, 1, 1, 1, 0, 1, 0], 'H': [1, 1, 1, 1, 1, 1, 1, 1, 1, 1], 'I': [0, 1, 0, 0, 1, 0, 1, 0, 1, 1], 'J': [0, 0, 0, 0, 1, 1, 1, 1, 1, 0]}, '校医院西': {'A': [1, 1, 1, 1, 1, 1, 1, 1, 1, 1], 'B': [1, 1, 1, 0, 1, 1, 1, 0, 1, 1], 'C': [1, 1, 1, 1, 1, 0, 1, 1, 0, 1], 'D': [1, 1, 1, 1, 1, 1, 1, 1, 1, 1], 'E': [1, 1, 1, 1, 1, 1, 1, 1, 1, 1], 'F': [0, 1, 1, 1, 0, 1, 1, 1, 1, 1], 'G': [1, 1, 1, 1, 1, 1, 1, 1, 1, 0], 'H': [1, 1, 0, 0, 1, 0, 1, 1, 0, 1], 'I': [1, 1, 1, 1, 0, 0, 0, 0, 0, 1]}}
623207	2024-07-13 04:12:48.549000+08:00	2024-07-13 04:12:48.549000+08:00	{'东门北侧': {'A': [1, 1, 1, 1, 1, 1, 1, 1, 1, 1], 'B': [1, 1, 1, 1, 1, 1, 1, 1, 1, 1], 'C': [0, 1, 1, 1, 1, 1, 1, 1, 1, 0], 'D': [1, 1, 1, 1, 1, 0, 1, 1, 0, 1], 'E': [1, 1, 0, 0, 1, 1, 1, 0, 1, 1], 'F': [0, 1, 1, 1, 1, 1, 1, 1, 1, 1], 'G': [0, 1, 1, 1, 1, 0, 1, 1, 0, 1], 'H': [1, 1, 1, 1, 0, 1, 1, 1, 1, 0], 'I': [0, 1, 0, 1, 1, 0, 1, 1, 1, 1], 'J': [1, 0, 1, 0, 1, 0, 1, 1, 1, 0], 'K': [0, 1, 1, 0, 0, 1, 1, 1, 0, 0]}, '东门南侧': {'A': [0, 0, 1, 1, 0, 1, 1, 0, 1, 0], 'B': [0, 0, 0, 0, 0, 0, 0, 0, 0, 0]}, '西门北侧': {'A': [1, 1, 1, 1, 1, 1, 1, 1, 1, 1], 'B': [0, 1, 0, 1, 1, 1, 1, 1, 0, 1], 'C': [1, 1, 0, 1, 1, 1, 1, 1, 1, 0]}, '西门南侧': {'A': [0, 1, 1, 1, 1, 1, 1, 0, 1, 1], 'B': [1, 1, 1, 1, 1, 1, 1, 1, 1, 1], 'C': [1, 1, 1, 1, 1, 1, 1, 1, 1, 1]}, '南门西侧': {'A': [1, 1, 0, 1, 1, 1, 1, 1, 1, 1], 'B': [1, 1, 1, 1, 0, 0, 1, 1, 1, 1]}, '南门东侧': {'A': [1, 0, 0, 1, 1, 1, 1, 1, 1, 1], 'B': [1, 1, 1, 1, 1, 1, 1, 1, 1, 1]}, '北门东北侧': {'A': [1, 1, 1, 1, 1, 1, 1, 1, 1, 1], 'B': [1, 0, 1, 1, 1, 1, 1, 1, 0, 1], 'C': [1, 1, 0, 1, 0, 1, 1, 1, 1, 0], 'D': [0, 0, 1, 1, 1, 0, 1, 0, 1, 1]}, '北门东南侧': {'A': [1, 1, 1, 1, 1, 1, 1, 1, 1, 1], 'B': [0, 1, 1, 1, 1, 1, 1, 1, 1, 0], 'C': [1, 1, 0, 1, 1, 0, 1, 1, 0, 0], 'D': [1, 1, 0, 1, 1, 1, 1, 1, 1, 1], 'E': [1, 1, 1, 1, 1, 0, 1, 1, 1, 1], 'F': [1, 1, 1, 1, 0, 1, 1, 1, 1, 1]}, '橘园北侧南': {'A': [1, 0, 0, 1, 0, 0, 1, 0, 0, 1], 'B': [0, 0, 0, 0, 1, 0, 1, 1, 1, 0], 'C': [0, 0, 1, 1, 1, 1, 0, 0, 1, 1], 'D': [1, 0, 1, 1, 0, 0, 0, 1, 0, 0], 'E': [1, 0, 0, 0, 0, 0, 1, 1, 0, 1], 'F': [1, 1, 1, 0, 0, 0, 0, 1, 1, 0], 'G': [0, 1, 1, 1, 1, 1, 1, 0, 1, 0], 'H': [1, 1, 1, 1, 1, 1, 1, 1, 1, 1], 'I': [0, 1, 0, 0, 1, 0, 1, 0, 1, 1], 'J': [0, 0, 0, 0, 1, 1, 1, 1, 1, 0]}, '校医院西': {'A': [1, 1, 1, 1, 1, 1, 1, 1, 1, 1], 'B': [1, 1, 1, 0, 1, 1, 1, 0, 1, 1], 'C': [1, 1, 1, 1, 1, 0, 1, 1, 0, 1], 'D': [1, 1, 1, 1, 1, 1, 1, 1, 1, 1], 'E': [1, 1, 1, 1, 1, 1, 1, 1, 1, 1], 'F': [0, 1, 1, 1, 0, 1, 1, 1, 1, 1], 'G': [1, 1, 1, 1, 1, 1, 1, 1, 1, 0], 'H': [1, 1, 0, 0, 1, 0, 1, 1, 0, 1], 'I': [1, 1, 1, 1, 0, 0, 0, 0, 0, 1]}}
623208	2024-07-13 04:13:48.824000+08:00	2024-07-13 04:13:48.824000+08:00	{'东门北侧': {'A': [1, 1, 1, 1, 1, 1, 1, 1, 1, 1], 'B': [1, 1, 1, 1, 1, 1, 1, 1, 1, 1], 'C': [0, 1, 1, 1, 1, 1, 1, 1, 1, 0], 'D': [1, 1, 1, 1, 1, 0, 1, 1, 0, 1], 'E': [1, 1, 0, 0, 1, 1, 1, 0, 1, 1], 'F': [0, 1, 1, 1, 1, 1, 1, 1, 1, 1], 'G': [0, 1, 1, 1, 1, 0, 1, 1, 0, 1], 'H': [1, 1, 1, 1, 0, 1, 1, 1, 1, 0], 'I': [0, 1, 0, 1, 1, 0, 1, 1, 1, 1], 'J': [1, 0, 1, 0, 1, 0, 1, 1, 1, 0], 'K': [0, 1, 1, 0, 0, 1, 1, 1, 0, 0]}, '东门南侧': {'A': [0, 0, 1, 1, 0, 1, 1, 0, 1, 0], 'B': [0, 0, 0, 0, 0, 0, 0, 0, 0, 0]}, '西门北侧': {'A': [1, 1, 1, 1, 1, 1, 1, 1, 1, 1], 'B': [0, 1, 0, 1, 1, 1, 1, 1, 0, 1], 'C': [1, 1, 0, 1, 1, 1, 1, 1, 1, 0]}, '西门南侧': {'A': [0, 1, 1, 1, 1, 1, 1, 0, 1, 1], 'B': [1, 1, 1, 1, 1, 1, 1, 1, 1, 1], 'C': [1, 1, 1, 1, 1, 1, 1, 1, 1, 1]}, '南门西侧': {'A': [1, 1, 0, 1, 1, 1, 1, 1, 1, 1], 'B': [1, 1, 1, 1, 0, 0, 1, 1, 1, 1]}, '南门东侧': {'A': [1, 0, 0, 1, 1, 1, 1, 1, 1, 1], 'B': [1, 1, 1, 1, 1, 1, 1, 1, 1, 1]}, '北门东北侧': {'A': [1, 1, 1, 1, 1, 1, 1, 1, 1, 1], 'B': [1, 0, 1, 1, 1, 1, 1, 1, 0, 1], 'C': [1, 1, 0, 1, 0, 1, 1, 1, 1, 0], 'D': [0, 0, 1, 1, 1, 0, 1, 0, 1, 1]}, '北门东南侧': {'A': [1, 1, 1, 1, 1, 1, 1, 1, 1, 1], 'B': [0, 1, 1, 1, 1, 1, 1, 1, 1, 0], 'C': [1, 1, 0, 1, 1, 0, 1, 1, 0, 0], 'D': [1, 1, 0, 1, 1, 1, 1, 1, 1, 1], 'E': [1, 1, 1, 1, 1, 0, 1, 1, 1, 1], 'F': [1, 1, 1, 1, 0, 1, 1, 1, 1, 1]}, '橘园北侧南': {'A': [1, 0, 0, 1, 0, 0, 1, 0, 0, 1], 'B': [0, 0, 0, 0, 1, 0, 1, 1, 1, 0], 'C': [0, 0, 1, 1, 1, 1, 0, 0, 1, 1], 'D': [1, 0, 1, 1, 0, 0, 0, 1, 0, 0], 'E': [1, 0, 0, 0, 0, 0, 1, 1, 0, 1], 'F': [1, 1, 1, 0, 0, 0, 0, 1, 1, 0], 'G': [0, 1, 1, 1, 1, 1, 1, 0, 1, 0], 'H': [1, 1, 1, 1, 1, 1, 1, 1, 1, 1], 'I': [0, 1, 0, 0, 1, 0, 1, 0, 1, 1], 'J': [0, 0, 0, 0, 1, 1, 1, 1, 1, 0]}, '校医院西': {'A': [1, 1, 1, 1, 1, 1, 1, 1, 1, 1], 'B': [1, 1, 1, 0, 1, 1, 1, 0, 1, 1], 'C': [1, 1, 1, 1, 1, 0, 1, 1, 0, 1], 'D': [1, 1, 1, 1, 1, 1, 1, 1, 1, 1], 'E': [1, 1, 1, 1, 1, 1, 1, 1, 1, 1], 'F': [0, 1, 1, 1, 0, 1, 1, 1, 1, 1], 'G': [1, 1, 1, 1, 1, 1, 1, 1, 1, 0], 'H': [1, 1, 0, 0, 1, 0, 1, 1, 0, 1], 'I': [1, 1, 1, 1, 0, 0, 0, 0, 0, 1]}}
623209	2024-07-13 04:14:50.592000+08:00	2024-07-13 04:14:50.592000+08:00	{'东门北侧': {'A': [1, 1, 1, 1, 1, 1, 1, 1, 1, 1], 'B': [1, 1, 1, 1, 1, 1, 1, 1, 1, 1], 'C': [0, 1, 1, 1, 1, 1, 1, 1, 1, 0], 'D': [1, 1, 1, 1, 1, 0, 1, 1, 0, 1], 'E': [1, 1, 0, 0, 1, 1, 1, 0, 1, 1], 'F': [0, 1, 1, 1, 1, 1, 1, 1, 1, 1], 'G': [0, 1, 1, 1, 1, 0, 1, 1, 0, 1], 'H': [1, 1, 1, 1, 0, 1, 1, 1, 1, 0], 'I': [0, 1, 0, 1, 1, 0, 1, 1, 1, 1], 'J': [1, 0, 1, 0, 1, 0, 1, 1, 1, 0], 'K': [0, 1, 1, 0, 0, 1, 1, 1, 0, 0]}, '东门南侧': {'A': [0, 0, 1, 1, 0, 1, 1, 0, 1, 0], 'B': [0, 0, 0, 0, 0, 0, 0, 0, 0, 0]}, '西门北侧': {'A': [1, 1, 1, 1, 1, 1, 1, 1, 1, 1], 'B': [0, 1, 0, 1, 1, 1, 1, 1, 0, 1], 'C': [1, 1, 0, 1, 1, 1, 1, 1, 1, 0]}, '西门南侧': {'A': [0, 1, 1, 1, 1, 1, 1, 0, 1, 1], 'B': [1, 1, 1, 1, 1, 1, 1, 1, 1, 1], 'C': [1, 1, 1, 1, 1, 1, 1, 1, 1, 1]}, '南门西侧': {'A': [1, 1, 0, 1, 1, 1, 1, 1, 1, 1], 'B': [1, 1, 1, 1, 0, 0, 1, 1, 1, 1]}, '南门东侧': {'A': [1, 0, 0, 1, 1, 1, 1, 1, 1, 1], 'B': [1, 1, 1, 1, 1, 1, 1, 1, 1, 1]}, '北门东北侧': {'A': [1, 1, 1, 1, 1, 1, 1, 1, 1, 1], 'B': [1, 0, 1, 1, 1, 1, 1, 1, 0, 1], 'C': [1, 1, 0, 1, 0, 1, 1, 1, 1, 0], 'D': [0, 0, 1, 1, 1, 0, 1, 0, 1, 1]}, '北门东南侧': {'A': [1, 1, 1, 1, 1, 1, 1, 1, 1, 1], 'B': [0, 1, 1, 1, 1, 1, 1, 1, 1, 0], 'C': [1, 1, 0, 1, 1, 0, 1, 1, 0, 0], 'D': [1, 1, 0, 1, 1, 1, 1, 1, 1, 1], 'E': [1, 1, 1, 1, 1, 0, 1, 1, 1, 1], 'F': [1, 1, 1, 1, 0, 1, 1, 1, 1, 1]}, '橘园北侧南': {'A': [1, 0, 0, 1, 0, 0, 1, 0, 0, 1], 'B': [0, 0, 0, 0, 1, 0, 1, 1, 1, 0], 'C': [0, 0, 1, 1, 1, 1, 0, 0, 1, 1], 'D': [1, 0, 1, 1, 0, 0, 0, 1, 0, 0], 'E': [1, 0, 0, 0, 0, 0, 1, 1, 0, 1], 'F': [1, 1, 1, 0, 0, 0, 0, 1, 1, 0], 'G': [0, 1, 1, 1, 1, 1, 1, 0, 1, 0], 'H': [1, 1, 1, 1, 1, 1, 1, 1, 1, 1], 'I': [0, 1, 0, 0, 1, 0, 1, 0, 1, 1], 'J': [0, 0, 0, 0, 1, 1, 1, 1, 1, 0]}, '校医院西': {'A': [1, 1, 1, 1, 1, 1, 1, 1, 1, 1], 'B': [1, 1, 1, 1, 1, 1, 1, 0, 1, 1], 'C': [1, 1, 1, 1, 1, 0, 1, 1, 0, 1], 'D': [1, 1, 1, 1, 1, 1, 1, 1, 1, 1], 'E': [1, 1, 1, 1, 1, 1, 1, 1, 1, 1], 'F': [0, 1, 1, 1, 0, 1, 1, 1, 1, 1], 'G': [1, 1, 1, 1, 1, 1, 1, 1, 1, 0], 'H': [1, 1, 0, 0, 1, 0, 1, 1, 0, 1], 'I': [1, 1, 1, 1, 0, 0, 0, 0, 0, 1]}}
623210	2024-07-13 04:15:49.572000+08:00	2024-07-13 04:15:49.572000+08:00	{'东门北侧': {'A': [1, 1, 1, 1, 1, 1, 1, 1, 1, 1], 'B': [1, 1, 1, 1, 1, 1, 1, 1, 1, 1], 'C': [0, 1, 1, 1, 1, 1, 1, 1, 1, 0], 'D': [1, 1, 1, 1, 1, 0, 1, 1, 0, 1], 'E': [1, 1, 0, 0, 1, 1, 1, 0, 1, 1], 'F': [0, 1, 1, 1, 1, 1, 1, 1, 1, 1], 'G': [0, 1, 1, 1, 1, 0, 1, 1, 0, 1], 'H': [1, 1, 1, 1, 0, 1, 1, 1, 1, 0], 'I': [0, 1, 0, 1, 1, 0, 1, 1, 1, 1], 'J': [1, 0, 1, 0, 1, 0, 1, 1, 1, 0], 'K': [0, 1, 1, 0, 0, 1, 1, 1, 0, 0]}, '东门南侧': {'A': [0, 0, 1, 1, 0, 1, 1, 0, 1, 0], 'B': [0, 0, 0, 0, 0, 0, 0, 0, 0, 0]}, '西门北侧': {'A': [1, 1, 1, 1, 1, 1, 1, 1, 1, 1], 'B': [0, 1, 0, 1, 1, 1, 1, 1, 0, 1], 'C': [1, 1, 0, 1, 1, 1, 1, 1, 1, 0]}, '西门南侧': {'A': [0, 1, 1, 1, 1, 1, 1, 0, 1, 1], 'B': [1, 1, 1, 1, 1, 1, 1, 1, 1, 1], 'C': [1, 1, 1, 1, 1, 1, 1, 1, 1, 1]}, '南门西侧': {'A': [1, 1, 0, 1, 1, 1, 1, 1, 1, 1], 'B': [1, 1, 1, 1, 0, 0, 1, 1, 1, 1]}, '南门东侧': {'A': [1, 0, 0, 1, 1, 1, 1, 1, 1, 1], 'B': [1, 1, 1, 1, 1, 1, 1, 1, 1, 1]}, '北门东北侧': {'A': [1, 1, 1, 1, 1, 1, 1, 1, 1, 1], 'B': [1, 0, 1, 1, 1, 1, 1, 1, 0, 1], 'C': [1, 1, 0, 1, 0, 1, 1, 1, 1, 0], 'D': [0, 0, 1, 1, 1, 0, 1, 0, 1, 1]}, '北门东南侧': {'A': [1, 1, 1, 1, 1, 1, 1, 1, 1, 1], 'B': [0, 1, 1, 1, 1, 1, 1, 1, 1, 0], 'C': [1, 1, 0, 1, 1, 0, 1, 1, 0, 0], 'D': [1, 1, 0, 1, 1, 1, 1, 1, 1, 1], 'E': [1, 1, 1, 1, 1, 0, 1, 1, 1, 1], 'F': [1, 1, 1, 1, 0, 1, 1, 1, 1, 1]}, '橘园北侧南': {'A': [1, 0, 0, 1, 0, 0, 1, 0, 0, 1], 'B': [0, 0, 0, 0, 1, 0, 1, 1, 1, 0], 'C': [0, 0, 1, 1, 1, 1, 0, 0, 1, 1], 'D': [1, 0, 1, 1, 0, 0, 0, 1, 0, 0], 'E': [1, 0, 0, 0, 0, 0, 1, 1, 0, 1], 'F': [1, 1, 1, 0, 0, 0, 0, 1, 1, 0], 'G': [0, 1, 1, 1, 1, 1, 1, 0, 1, 0], 'H': [1, 1, 1, 1, 1, 1, 1, 1, 1, 1], 'I': [0, 1, 0, 0, 1, 0, 1, 0, 1, 1], 'J': [0, 0, 0, 0, 1, 1, 1, 1, 1, 0]}, '校医院西': {'A': [1, 1, 1, 1, 1, 1, 1, 1, 1, 1], 'B': [1, 1, 1, 1, 1, 1, 1, 0, 1, 1], 'C': [1, 1, 1, 1, 1, 0, 1, 1, 0, 1], 'D': [1, 1, 1, 1, 1, 1, 1, 1, 1, 1], 'E': [1, 1, 1, 1, 1, 1, 1, 1, 1, 1], 'F': [0, 1, 1, 1, 0, 1, 1, 1, 1, 1], 'G': [1, 1, 1, 1, 1, 1, 1, 1, 1, 0], 'H': [1, 1, 0, 0, 1, 0, 1, 1, 0, 1], 'I': [1, 1, 1, 1, 0, 0, 0, 0, 0, 1]}}
623211	2024-07-13 04:16:49.567000+08:00	2024-07-13 04:16:49.567000+08:00	{'东门北侧': {'A': [1, 1, 1, 1, 1, 1, 1, 1, 1, 1], 'B': [1, 1, 1, 1, 1, 1, 1, 1, 1, 1], 'C': [0, 1, 1, 1, 1, 1, 1, 1, 1, 0], 'D': [1, 1, 1, 1, 1, 0, 1, 1, 0, 1], 'E': [1, 1, 0, 0, 1, 1, 1, 0, 1, 1], 'F': [0, 1, 1, 1, 1, 1, 1, 1, 1, 1], 'G': [0, 1, 1, 1, 1, 0, 1, 1, 0, 1], 'H': [1, 1, 1, 1, 0, 1, 1, 1, 1, 0], 'I': [0, 1, 0, 1, 1, 0, 1, 1, 1, 1], 'J': [1, 0, 1, 0, 1, 0, 1, 1, 1, 0], 'K': [0, 1, 1, 0, 0, 1, 1, 1, 0, 0]}, '东门南侧': {'A': [0, 0, 1, 1, 0, 1, 1, 0, 1, 0], 'B': [0, 0, 0, 0, 0, 0, 0, 0, 0, 0]}, '西门北侧': {'A': [1, 1, 1, 1, 1, 1, 1, 1, 1, 1], 'B': [0, 1, 0, 1, 1, 1, 1, 1, 0, 1], 'C': [1, 1, 0, 1, 1, 1, 1, 1, 1, 0]}, '西门南侧': {'A': [0, 1, 1, 1, 1, 1, 1, 0, 1, 1], 'B': [1, 1, 1, 1, 1, 1, 1, 1, 1, 1], 'C': [1, 1, 1, 1, 1, 1, 1, 1, 1, 1]}, '南门西侧': {'A': [1, 1, 0, 1, 1, 1, 1, 1, 1, 1], 'B': [1, 1, 1, 1, 0, 0, 1, 1, 1, 1]}, '南门东侧': {'A': [1, 0, 0, 1, 1, 1, 1, 1, 1, 1], 'B': [1, 1, 1, 1, 1, 1, 1, 1, 1, 1]}, '北门东北侧': {'A': [1, 1, 1, 1, 1, 1, 1, 1, 1, 1], 'B': [1, 0, 1, 1, 1, 1, 1, 1, 0, 1], 'C': [1, 1, 0, 1, 0, 1, 1, 1, 1, 0], 'D': [0, 0, 1, 1, 1, 0, 1, 0, 1, 1]}, '北门东南侧': {'A': [1, 1, 1, 1, 1, 1, 1, 1, 1, 1], 'B': [0, 1, 1, 1, 1, 1, 1, 1, 1, 0], 'C': [1, 1, 0, 1, 1, 0, 1, 1, 0, 1], 'D': [1, 1, 0, 1, 1, 1, 1, 1, 1, 1], 'E': [1, 1, 1, 1, 1, 0, 1, 1, 1, 1], 'F': [1, 1, 1, 1, 0, 1, 1, 1, 1, 1]}, '橘园北侧南': {'A': [1, 0, 0, 1, 0, 0, 1, 0, 0, 1], 'B': [0, 0, 0, 0, 1, 0, 1, 1, 1, 0], 'C': [0, 0, 1, 1, 1, 1, 0, 0, 1, 1], 'D': [1, 0, 1, 1, 0, 0, 0, 1, 0, 0], 'E': [1, 0, 0, 0, 0, 0, 1, 1, 0, 1], 'F': [1, 1, 1, 0, 0, 0, 0, 1, 1, 0], 'G': [0, 1, 1, 1, 1, 1, 1, 0, 1, 0], 'H': [1, 1, 1, 1, 1, 1, 1, 1, 1, 1], 'I': [0, 1, 0, 0, 1, 0, 1, 0, 1, 1], 'J': [0, 0, 0, 0, 1, 1, 1, 1, 1, 0]}, '校医院西': {'A': [1, 1, 1, 1, 1, 1, 1, 1, 1, 1], 'B': [1, 1, 1, 1, 1, 1, 1, 0, 1, 1], 'C': [1, 1, 1, 1, 1, 0, 1, 1, 0, 1], 'D': [1, 1, 1, 1, 1, 1, 1, 1, 1, 1], 'E': [1, 1, 1, 1, 1, 1, 1, 1, 1, 1], 'F': [0, 1, 1, 1, 0, 1, 1, 1, 1, 1], 'G': [1, 1, 1, 1, 1, 1, 1, 1, 1, 0], 'H': [1, 1, 0, 0, 1, 0, 1, 1, 0, 1], 'I': [1, 1, 1, 1, 0, 0, 0, 0, 0, 1]}}
623212	2024-07-13 04:17:49.623000+08:00	2024-07-13 04:17:49.623000+08:00	{'东门北侧': {'A': [1, 1, 1, 1, 1, 1, 1, 1, 1, 1], 'B': [1, 1, 1, 1, 1, 1, 1, 1, 1, 1], 'C': [0, 1, 1, 1, 1, 1, 1, 1, 1, 0], 'D': [1, 1, 1, 1, 1, 0, 1, 1, 0, 1], 'E': [1, 1, 0, 0, 1, 1, 1, 0, 1, 1], 'F': [0, 1, 1, 1, 1, 1, 1, 1, 1, 1], 'G': [0, 1, 1, 1, 1, 0, 1, 1, 0, 1], 'H': [1, 1, 1, 1, 0, 1, 1, 1, 1, 0], 'I': [0, 1, 0, 1, 1, 0, 1, 1, 1, 1], 'J': [1, 0, 1, 0, 1, 0, 1, 1, 1, 0], 'K': [0, 1, 1, 0, 0, 1, 1, 1, 0, 0]}, '东门南侧': {'A': [0, 0, 1, 1, 0, 1, 1, 0, 1, 0], 'B': [0, 0, 0, 0, 0, 0, 0, 0, 0, 0]}, '西门北侧': {'A': [1, 1, 1, 1, 1, 1, 1, 1, 1, 1], 'B': [0, 1, 0, 1, 1, 1, 1, 1, 0, 1], 'C': [1, 1, 0, 1, 1, 1, 1, 1, 1, 0]}, '西门南侧': {'A': [0, 1, 1, 1, 1, 1, 1, 0, 1, 1], 'B': [1, 1, 1, 1, 1, 1, 1, 1, 1, 1], 'C': [1, 1, 1, 1, 1, 1, 1, 1, 1, 1]}, '南门西侧': {'A': [1, 1, 0, 1, 1, 1, 1, 1, 1, 1], 'B': [1, 1, 1, 1, 0, 0, 1, 1, 1, 1]}, '南门东侧': {'A': [1, 0, 0, 1, 1, 1, 1, 1, 1, 1], 'B': [1, 1, 1, 1, 1, 1, 1, 1, 1, 1]}, '北门东北侧': {'A': [1, 1, 1, 1, 1, 1, 1, 1, 1, 1], 'B': [1, 0, 1, 1, 1, 1, 1, 1, 0, 1], 'C': [1, 1, 0, 1, 0, 1, 1, 1, 1, 0], 'D': [0, 0, 1, 1, 1, 0, 1, 0, 1, 1]}, '北门东南侧': {'A': [1, 1, 1, 1, 1, 1, 1, 1, 1, 1], 'B': [0, 1, 1, 1, 1, 1, 1, 1, 1, 0], 'C': [1, 1, 0, 1, 1, 0, 1, 1, 0, 1], 'D': [1, 1, 0, 1, 1, 1, 1, 1, 1, 1], 'E': [1, 1, 1, 1, 1, 0, 1, 1, 1, 1], 'F': [1, 1, 1, 1, 0, 1, 1, 1, 1, 1]}, '橘园北侧南': {'A': [1, 0, 0, 1, 0, 0, 1, 0, 0, 1], 'B': [0, 0, 0, 0, 1, 0, 1, 1, 1, 0], 'C': [0, 0, 1, 1, 1, 1, 0, 0, 1, 1], 'D': [1, 0, 1, 1, 0, 0, 0, 1, 0, 0], 'E': [1, 0, 0, 0, 0, 0, 1, 1, 0, 1], 'F': [1, 1, 1, 0, 0, 0, 0, 1, 1, 0], 'G': [0, 1, 1, 1, 1, 1, 1, 0, 1, 0], 'H': [1, 1, 1, 1, 1, 1, 1, 1, 1, 1], 'I': [0, 1, 0, 0, 1, 0, 1, 0, 1, 1], 'J': [0, 0, 0, 0, 1, 1, 1, 1, 1, 0]}, '校医院西': {'A': [1, 1, 1, 1, 1, 1, 1, 1, 1, 1], 'B': [1, 1, 1, 1, 1, 1, 1, 0, 1, 1], 'C': [1, 1, 1, 1, 1, 0, 1, 1, 0, 1], 'D': [1, 1, 1, 1, 1, 1, 1, 1, 1, 1], 'E': [1, 1, 1, 1, 1, 1, 1, 1, 1, 1], 'F': [0, 1, 1, 1, 0, 1, 1, 1, 1, 1], 'G': [1, 1, 1, 1, 1, 1, 1, 1, 1, 0], 'H': [1, 1, 0, 0, 1, 0, 1, 1, 0, 1], 'I': [1, 1, 1, 1, 0, 0, 0, 0, 0, 1]}}
623213	2024-07-13 04:18:48.594000+08:00	2024-07-13 04:18:48.594000+08:00	{'东门北侧': {'A': [1, 1, 1, 1, 1, 1, 1, 1, 1, 1], 'B': [1, 1, 1, 1, 1, 1, 1, 1, 1, 1], 'C': [0, 1, 1, 1, 1, 1, 1, 1, 1, 0], 'D': [1, 1, 1, 1, 1, 0, 1, 1, 0, 1], 'E': [1, 1, 0, 0, 1, 1, 1, 0, 1, 1], 'F': [0, 1, 1, 1, 1, 1, 1, 1, 1, 1], 'G': [0, 1, 1, 1, 1, 0, 1, 1, 0, 1], 'H': [1, 1, 1, 1, 0, 1, 1, 1, 1, 0], 'I': [0, 1, 0, 1, 1, 0, 1, 1, 1, 1], 'J': [1, 0, 1, 0, 1, 0, 1, 1, 1, 0], 'K': [0, 1, 1, 0, 0, 1, 1, 1, 0, 0]}, '东门南侧': {'A': [0, 0, 1, 1, 0, 1, 1, 0, 1, 0], 'B': [0, 0, 0, 0, 0, 0, 0, 0, 0, 0]}, '西门北侧': {'A': [1, 1, 1, 1, 1, 1, 1, 1, 1, 1], 'B': [0, 1, 0, 1, 1, 1, 1, 1, 0, 1], 'C': [1, 1, 0, 1, 1, 1, 1, 1, 1, 0]}, '西门南侧': {'A': [0, 1, 1, 1, 1, 1, 1, 0, 1, 1], 'B': [1, 1, 1, 1, 1, 1, 1, 1, 1, 1], 'C': [1, 1, 1, 1, 1, 1, 1, 1, 1, 1]}, '南门西侧': {'A': [1, 1, 0, 1, 1, 1, 1, 1, 1, 1], 'B': [1, 1, 1, 1, 0, 0, 1, 1, 1, 1]}, '南门东侧': {'A': [1, 0, 0, 1, 1, 1, 1, 1, 1, 1], 'B': [1, 1, 1, 1, 1, 1, 1, 1, 1, 1]}, '北门东北侧': {'A': [1, 1, 1, 1, 1, 1, 1, 1, 1, 1], 'B': [1, 1, 1, 1, 1, 1, 1, 1, 0, 1], 'C': [1, 1, 0, 1, 0, 1, 1, 1, 1, 0], 'D': [0, 0, 1, 1, 1, 0, 1, 0, 1, 1]}, '北门东南侧': {'A': [1, 1, 1, 1, 1, 1, 1, 1, 1, 1], 'B': [0, 1, 1, 1, 1, 1, 1, 1, 1, 0], 'C': [1, 1, 0, 1, 1, 0, 1, 1, 0, 1], 'D': [1, 1, 0, 1, 1, 1, 1, 1, 1, 1], 'E': [1, 1, 1, 1, 1, 0, 1, 1, 1, 1], 'F': [1, 1, 1, 1, 0, 1, 1, 1, 1, 1]}, '橘园北侧南': {'A': [1, 0, 0, 1, 0, 0, 1, 0, 0, 1], 'B': [0, 0, 0, 0, 1, 0, 1, 1, 1, 0], 'C': [0, 0, 1, 1, 1, 1, 0, 0, 1, 1], 'D': [1, 0, 1, 1, 0, 0, 0, 1, 0, 0], 'E': [1, 0, 0, 0, 0, 0, 1, 1, 0, 1], 'F': [1, 1, 1, 0, 0, 0, 0, 1, 1, 0], 'G': [0, 1, 1, 1, 1, 1, 1, 0, 1, 0], 'H': [1, 1, 1, 1, 1, 1, 1, 1, 1, 1], 'I': [0, 1, 0, 1, 1, 0, 1, 1, 1, 1], 'J': [0, 0, 0, 0, 1, 1, 1, 1, 1, 0]}, '校医院西': {'A': [1, 1, 1, 1, 1, 1, 1, 1, 1, 1], 'B': [1, 1, 1, 1, 1, 1, 1, 0, 1, 1], 'C': [1, 1, 1, 1, 1, 0, 1, 1, 0, 1], 'D': [1, 1, 1, 1, 1, 1, 1, 1, 1, 1], 'E': [1, 1, 1, 1, 1, 1, 1, 1, 1, 1], 'F': [0, 1, 1, 1, 0, 1, 1, 1, 1, 1], 'G': [1, 1, 1, 1, 1, 1, 1, 1, 1, 0], 'H': [1, 1, 0, 0, 1, 0, 1, 1, 0, 1], 'I': [1, 1, 1, 1, 0, 0, 0, 0, 0, 1]}}
623214	2024-07-13 04:19:48.129000+08:00	2024-07-13 04:19:48.129000+08:00	{'东门北侧': {'A': [1, 1, 1, 1, 1, 1, 1, 1, 1, 1], 'B': [1, 1, 1, 1, 1, 1, 1, 1, 1, 1], 'C': [0, 1, 1, 1, 1, 1, 1, 1, 1, 0], 'D': [1, 1, 1, 1, 1, 0, 1, 1, 0, 1], 'E': [1, 1, 0, 0, 1, 1, 1, 0, 1, 1], 'F': [0, 1, 1, 1, 1, 1, 1, 1, 1, 1], 'G': [0, 1, 1, 1, 1, 0, 1, 1, 0, 1], 'H': [1, 1, 1, 1, 0, 1, 1, 1, 1, 0], 'I': [0, 1, 0, 1, 1, 0, 1, 1, 1, 1], 'J': [1, 0, 1, 0, 1, 0, 1, 1, 1, 0], 'K': [0, 1, 1, 0, 0, 1, 1, 1, 0, 0]}, '东门南侧': {'A': [0, 0, 1, 1, 0, 1, 1, 0, 1, 0], 'B': [0, 0, 0, 0, 0, 0, 0, 0, 0, 0]}, '西门北侧': {'A': [1, 1, 1, 1, 1, 1, 1, 1, 1, 1], 'B': [0, 1, 0, 1, 1, 1, 1, 1, 0, 1], 'C': [1, 1, 0, 1, 1, 1, 1, 1, 1, 0]}, '西门南侧': {'A': [0, 1, 1, 1, 1, 1, 1, 0, 1, 1], 'B': [1, 1, 1, 1, 1, 1, 1, 1, 1, 1], 'C': [1, 1, 1, 1, 1, 1, 1, 1, 1, 1]}, '南门西侧': {'A': [1, 1, 0, 1, 1, 1, 1, 1, 1, 1], 'B': [1, 1, 1, 1, 0, 0, 1, 1, 1, 1]}, '南门东侧': {'A': [1, 0, 0, 1, 1, 1, 1, 1, 1, 1], 'B': [1, 1, 1, 1, 1, 1, 1, 1, 1, 1]}, '北门东北侧': {'A': [1, 1, 1, 1, 1, 1, 1, 1, 1, 1], 'B': [1, 1, 1, 1, 1, 1, 1, 1, 0, 1], 'C': [1, 1, 0, 1, 0, 1, 1, 1, 1, 0], 'D': [0, 0, 1, 1, 1, 0, 1, 0, 1, 1]}, '北门东南侧': {'A': [1, 1, 1, 1, 1, 1, 1, 1, 1, 1], 'B': [0, 1, 1, 1, 1, 1, 1, 1, 1, 0], 'C': [1, 1, 0, 1, 1, 0, 1, 1, 0, 1], 'D': [1, 1, 0, 1, 1, 1, 1, 1, 1, 1], 'E': [1, 1, 1, 1, 1, 0, 1, 1, 1, 1], 'F': [1, 1, 1, 1, 0, 1, 1, 1, 1, 1]}, '橘园北侧南': {'A': [1, 0, 0, 1, 0, 0, 1, 0, 0, 1], 'B': [0, 0, 0, 0, 1, 0, 1, 1, 1, 0], 'C': [0, 0, 1, 1, 1, 1, 0, 0, 1, 1], 'D': [1, 0, 1, 1, 0, 0, 0, 1, 0, 0], 'E': [1, 0, 0, 0, 0, 1, 1, 1, 0, 1], 'F': [1, 1, 1, 1, 0, 0, 0, 1, 1, 0], 'G': [0, 1, 1, 1, 1, 1, 1, 0, 1, 0], 'H': [1, 1, 1, 1, 1, 1, 1, 1, 1, 1], 'I': [0, 1, 0, 1, 1, 0, 1, 1, 1, 1], 'J': [0, 0, 0, 0, 1, 1, 1, 1, 1, 0]}, '校医院西': {'A': [1, 1, 1, 1, 1, 1, 1, 1, 1, 1], 'B': [1, 1, 1, 1, 1, 1, 1, 0, 1, 1], 'C': [1, 1, 1, 1, 1, 0, 1, 1, 0, 1], 'D': [1, 1, 1, 1, 1, 1, 1, 1, 1, 1], 'E': [1, 1, 1, 1, 1, 1, 1, 1, 1, 1], 'F': [0, 1, 1, 1, 0, 1, 1, 1, 1, 1], 'G': [1, 1, 1, 1, 1, 1, 1, 1, 1, 0], 'H': [1, 1, 0, 0, 1, 0, 1, 1, 0, 1], 'I': [1, 1, 1, 1, 0, 0, 0, 0, 0, 1]}}
623215	2024-07-13 04:20:49.596000+08:00	2024-07-13 04:20:49.596000+08:00	{'东门北侧': {'A': [1, 1, 1, 1, 1, 1, 1, 1, 1, 1], 'B': [1, 1, 1, 1, 1, 1, 1, 1, 1, 1], 'C': [0, 1, 1, 1, 1, 1, 1, 1, 1, 0], 'D': [1, 1, 1, 1, 1, 0, 1, 1, 0, 1], 'E': [1, 1, 0, 0, 1, 1, 1, 0, 1, 1], 'F': [0, 1, 1, 1, 1, 1, 1, 1, 1, 1], 'G': [0, 1, 1, 1, 1, 0, 1, 1, 0, 1], 'H': [1, 1, 1, 1, 0, 1, 1, 1, 1, 0], 'I': [0, 1, 0, 1, 1, 0, 1, 1, 1, 1], 'J': [1, 0, 1, 0, 1, 0, 1, 1, 1, 0], 'K': [0, 1, 1, 0, 0, 1, 1, 1, 0, 0]}, '东门南侧': {'A': [0, 0, 1, 1, 0, 1, 1, 0, 1, 0], 'B': [0, 0, 0, 0, 0, 0, 0, 0, 0, 0]}, '西门北侧': {'A': [1, 1, 1, 1, 1, 1, 1, 1, 1, 1], 'B': [0, 1, 0, 1, 1, 1, 1, 1, 0, 1], 'C': [1, 1, 0, 1, 1, 1, 1, 1, 1, 0]}, '西门南侧': {'A': [0, 1, 1, 1, 1, 1, 1, 0, 1, 1], 'B': [1, 1, 1, 1, 1, 1, 1, 1, 1, 1], 'C': [1, 1, 1, 1, 1, 1, 1, 1, 1, 1]}, '南门西侧': {'A': [1, 1, 1, 1, 1, 1, 1, 1, 1, 1], 'B': [1, 1, 1, 1, 0, 0, 1, 1, 1, 1]}, '南门东侧': {'A': [1, 0, 0, 1, 1, 1, 1, 1, 1, 1], 'B': [1, 1, 1, 1, 1, 1, 1, 1, 1, 1]}, '北门东北侧': {'A': [1, 1, 1, 1, 1, 1, 1, 1, 1, 1], 'B': [1, 1, 1, 1, 1, 1, 1, 1, 0, 1], 'C': [1, 1, 0, 1, 0, 1, 1, 1, 1, 0], 'D': [0, 0, 1, 1, 1, 0, 1, 0, 1, 1]}, '北门东南侧': {'A': [1, 1, 1, 1, 1, 1, 1, 1, 1, 1], 'B': [0, 1, 1, 1, 1, 1, 1, 1, 1, 0], 'C': [1, 1, 0, 1, 1, 0, 1, 1, 0, 1], 'D': [1, 1, 0, 1, 1, 1, 1, 1, 1, 1], 'E': [1, 1, 1, 1, 1, 0, 1, 1, 1, 1], 'F': [1, 1, 1, 1, 0, 1, 1, 1, 1, 1]}, '橘园北侧南': {'A': [1, 0, 0, 1, 0, 0, 1, 0, 0, 1], 'B': [0, 0, 0, 0, 1, 0, 1, 1, 1, 0], 'C': [0, 0, 1, 1, 1, 1, 0, 0, 1, 1], 'D': [1, 0, 1, 1, 0, 0, 0, 1, 0, 0], 'E': [1, 0, 0, 0, 0, 1, 1, 1, 0, 1], 'F': [1, 1, 1, 1, 0, 0, 0, 1, 1, 0], 'G': [0, 1, 1, 1, 1, 1, 1, 0, 1, 0], 'H': [1, 1, 1, 1, 1, 1, 1, 1, 1, 1], 'I': [0, 1, 0, 1, 1, 0, 1, 1, 1, 1], 'J': [0, 0, 0, 0, 1, 1, 1, 1, 1, 0]}, '校医院西': {'A': [1, 1, 1, 1, 1, 1, 1, 1, 1, 1], 'B': [1, 1, 1, 1, 1, 1, 1, 0, 1, 1], 'C': [1, 1, 1, 1, 1, 0, 1, 1, 0, 1], 'D': [1, 1, 1, 1, 1, 1, 1, 1, 1, 1], 'E': [1, 1, 1, 1, 1, 1, 1, 1, 1, 1], 'F': [0, 1, 1, 1, 0, 1, 1, 1, 1, 1], 'G': [1, 1, 1, 1, 1, 1, 1, 1, 1, 0], 'H': [1, 1, 0, 0, 1, 0, 1, 1, 0, 1], 'I': [1, 1, 1, 1, 0, 0, 0, 0, 0, 1]}}
623216	2024-07-13 04:21:47.934000+08:00	2024-07-13 04:21:47.934000+08:00	{'东门北侧': {'A': [1, 1, 1, 1, 1, 1, 1, 1, 1, 1], 'B': [1, 1, 1, 1, 1, 1, 1, 1, 1, 1], 'C': [0, 1, 1, 1, 1, 1, 1, 1, 1, 0], 'D': [1, 1, 1, 1, 1, 0, 1, 1, 1, 1], 'E': [1, 1, 0, 0, 1, 1, 1, 0, 1, 1], 'F': [0, 1, 1, 1, 1, 1, 1, 1, 1, 1], 'G': [0, 1, 1, 1, 1, 0, 1, 1, 0, 1], 'H': [1, 1, 1, 1, 0, 1, 1, 1, 1, 0], 'I': [0, 1, 0, 1, 1, 0, 1, 1, 1, 1], 'J': [1, 0, 1, 0, 1, 0, 1, 1, 1, 0], 'K': [0, 1, 1, 0, 0, 1, 1, 1, 0, 0]}, '东门南侧': {'A': [0, 0, 1, 1, 0, 1, 1, 0, 1, 0], 'B': [0, 0, 0, 0, 0, 0, 0, 0, 0, 0]}, '西门北侧': {'A': [1, 1, 1, 1, 1, 1, 1, 1, 1, 1], 'B': [0, 1, 0, 1, 1, 1, 1, 1, 0, 1], 'C': [1, 1, 0, 1, 1, 1, 1, 1, 1, 0]}, '西门南侧': {'A': [0, 1, 1, 1, 1, 1, 1, 0, 1, 1], 'B': [1, 1, 1, 1, 1, 1, 1, 1, 1, 1], 'C': [1, 1, 1, 1, 1, 1, 1, 1, 1, 1]}, '南门西侧': {'A': [1, 1, 1, 1, 1, 1, 1, 1, 1, 1], 'B': [1, 1, 1, 1, 0, 0, 1, 1, 1, 1]}, '南门东侧': {'A': [1, 0, 0, 1, 1, 1, 1, 1, 1, 1], 'B': [1, 1, 1, 1, 1, 1, 1, 1, 1, 1]}, '北门东北侧': {'A': [1, 1, 1, 1, 1, 1, 1, 1, 1, 1], 'B': [1, 1, 1, 1, 1, 1, 1, 1, 0, 1], 'C': [1, 1, 0, 1, 0, 1, 1, 1, 1, 0], 'D': [0, 0, 1, 1, 1, 0, 1, 0, 1, 1]}, '北门东南侧': {'A': [1, 1, 1, 1, 1, 1, 1, 1, 1, 1], 'B': [0, 1, 1, 1, 1, 1, 1, 1, 1, 0], 'C': [1, 1, 0, 1, 1, 0, 1, 1, 0, 1], 'D': [1, 1, 0, 1, 1, 1, 1, 1, 1, 1], 'E': [1, 1, 1, 1, 1, 0, 1, 1, 1, 1], 'F': [1, 1, 1, 1, 0, 1, 1, 1, 1, 1]}, '橘园北侧南': {'A': [1, 0, 0, 1, 0, 0, 1, 0, 0, 1], 'B': [0, 0, 0, 0, 1, 0, 1, 1, 1, 0], 'C': [0, 0, 1, 1, 1, 1, 0, 0, 1, 1], 'D': [1, 0, 1, 1, 0, 0, 0, 1, 0, 0], 'E': [1, 0, 0, 0, 0, 1, 1, 1, 0, 1], 'F': [1, 1, 1, 1, 0, 0, 0, 1, 1, 0], 'G': [0, 1, 1, 1, 1, 1, 1, 0, 1, 0], 'H': [1, 1, 1, 1, 1, 1, 1, 1, 1, 1], 'I': [0, 1, 0, 1, 1, 0, 1, 1, 1, 1], 'J': [0, 0, 0, 0, 1, 1, 1, 1, 1, 0]}, '校医院西': {'A': [1, 1, 1, 1, 1, 1, 1, 1, 1, 1], 'B': [1, 1, 1, 1, 1, 1, 1, 0, 1, 1], 'C': [1, 1, 1, 1, 1, 0, 1, 1, 1, 1], 'D': [1, 1, 1, 1, 1, 1, 1, 1, 1, 1], 'E': [1, 1, 1, 1, 1, 1, 1, 1, 1, 1], 'F': [0, 1, 1, 1, 0, 1, 1, 1, 1, 1], 'G': [1, 1, 1, 1, 1, 1, 1, 1, 1, 0], 'H': [1, 1, 0, 0, 1, 0, 1, 1, 0, 1], 'I': [1, 1, 1, 1, 0, 0, 0, 0, 0, 1]}}
623217	2024-07-13 04:22:49.513000+08:00	2024-07-13 04:22:49.513000+08:00	{'东门北侧': {'A': [1, 1, 1, 1, 1, 1, 1, 1, 1, 1], 'B': [1, 1, 1, 1, 1, 1, 1, 1, 1, 1], 'C': [0, 1, 1, 1, 1, 1, 1, 1, 1, 0], 'D': [1, 1, 1, 1, 1, 0, 1, 1, 1, 1], 'E': [1, 1, 0, 0, 1, 1, 1, 0, 1, 1], 'F': [0, 1, 1, 1, 1, 1, 1, 1, 1, 1], 'G': [0, 1, 1, 1, 1, 0, 1, 1, 0, 1], 'H': [1, 1, 1, 1, 0, 1, 1, 1, 1, 0], 'I': [0, 1, 0, 1, 1, 0, 1, 1, 1, 1], 'J': [1, 0, 1, 0, 1, 0, 1, 1, 1, 0], 'K': [0, 1, 1, 0, 0, 1, 1, 1, 0, 0]}, '东门南侧': {'A': [0, 0, 1, 1, 0, 1, 1, 1, 1, 0], 'B': [0, 0, 0, 0, 0, 0, 0, 0, 0, 0]}, '西门北侧': {'A': [1, 1, 1, 1, 1, 1, 1, 1, 1, 1], 'B': [0, 1, 0, 1, 1, 1, 1, 1, 0, 1], 'C': [1, 1, 0, 1, 1, 1, 1, 1, 1, 0]}, '西门南侧': {'A': [0, 1, 1, 1, 1, 1, 1, 0, 1, 1], 'B': [1, 1, 1, 1, 1, 1, 1, 1, 1, 1], 'C': [1, 1, 1, 1, 1, 1, 1, 1, 1, 1]}, '南门西侧': {'A': [1, 1, 1, 1, 1, 1, 1, 1, 1, 1], 'B': [1, 1, 1, 1, 0, 0, 1, 1, 1, 1]}, '南门东侧': {'A': [1, 0, 0, 1, 1, 1, 1, 1, 1, 1], 'B': [1, 1, 1, 1, 1, 1, 1, 1, 1, 1]}, '北门东北侧': {'A': [1, 1, 1, 1, 1, 1, 1, 1, 1, 1], 'B': [1, 1, 1, 1, 1, 1, 1, 1, 0, 1], 'C': [1, 1, 0, 1, 0, 1, 1, 1, 1, 0], 'D': [0, 0, 1, 1, 1, 0, 1, 0, 1, 1]}, '北门东南侧': {'A': [1, 1, 1, 1, 1, 1, 1, 1, 1, 1], 'B': [0, 1, 1, 1, 1, 1, 1, 1, 1, 0], 'C': [1, 1, 0, 1, 1, 0, 1, 1, 0, 1], 'D': [1, 1, 0, 1, 1, 1, 1, 1, 1, 1], 'E': [1, 1, 1, 1, 1, 0, 1, 1, 1, 1], 'F': [1, 1, 1, 1, 0, 1, 1, 1, 1, 1]}, '橘园北侧南': {'A': [1, 0, 0, 1, 0, 0, 1, 0, 0, 1], 'B': [0, 0, 0, 0, 1, 0, 1, 1, 1, 0], 'C': [0, 0, 1, 1, 1, 1, 0, 0, 1, 1], 'D': [1, 0, 1, 1, 0, 0, 0, 1, 0, 0], 'E': [1, 0, 0, 0, 0, 1, 1, 1, 0, 1], 'F': [1, 1, 1, 1, 0, 0, 0, 1, 1, 0], 'G': [0, 1, 1, 1, 1, 1, 1, 0, 1, 0], 'H': [1, 1, 1, 1, 1, 1, 1, 1, 1, 1], 'I': [0, 1, 0, 1, 1, 0, 1, 1, 1, 1], 'J': [0, 0, 0, 0, 1, 1, 1, 1, 1, 0]}, '校医院西': {'A': [1, 1, 1, 1, 1, 1, 1, 1, 1, 1], 'B': [1, 1, 1, 1, 1, 1, 1, 0, 1, 1], 'C': [1, 1, 1, 1, 1, 0, 1, 1, 1, 1], 'D': [1, 1, 1, 1, 1, 1, 1, 1, 1, 1], 'E': [1, 1, 1, 1, 1, 1, 1, 1, 1, 1], 'F': [0, 1, 1, 1, 0, 1, 1, 1, 1, 1], 'G': [1, 1, 1, 1, 1, 1, 1, 1, 1, 0], 'H': [1, 1, 0, 0, 1, 0, 1, 1, 0, 1], 'I': [1, 1, 1, 1, 0, 0, 0, 0, 0, 1]}}
623218	2024-07-13 04:23:48.561000+08:00	2024-07-13 04:23:48.561000+08:00	{'东门北侧': {'A': [1, 1, 1, 1, 1, 1, 1, 1, 1, 1], 'B': [1, 1, 1, 1, 1, 1, 1, 1, 1, 1], 'C': [0, 1, 1, 1, 1, 1, 1, 1, 1, 0], 'D': [1, 1, 1, 1, 1, 0, 1, 1, 1, 1], 'E': [1, 1, 0, 0, 1, 1, 1, 0, 1, 1], 'F': [0, 1, 1, 1, 1, 1, 1, 1, 1, 1], 'G': [0, 1, 1, 1, 1, 0, 1, 1, 0, 1], 'H': [1, 1, 1, 1, 0, 1, 1, 1, 1, 0], 'I': [0, 1, 0, 1, 1, 0, 1, 1, 1, 1], 'J': [1, 0, 1, 0, 1, 0, 1, 1, 1, 0], 'K': [0, 1, 1, 0, 0, 1, 1, 1, 0, 0]}, '东门南侧': {'A': [0, 0, 1, 1, 0, 1, 1, 1, 1, 0], 'B': [0, 0, 0, 0, 0, 0, 0, 0, 0, 0]}, '西门北侧': {'A': [1, 1, 1, 1, 1, 1, 1, 1, 1, 1], 'B': [0, 1, 0, 1, 1, 1, 1, 1, 0, 1], 'C': [1, 1, 0, 1, 1, 1, 1, 1, 1, 0]}, '西门南侧': {'A': [0, 1, 1, 1, 1, 1, 1, 1, 1, 1], 'B': [1, 1, 1, 1, 1, 1, 1, 1, 1, 1], 'C': [1, 1, 1, 1, 1, 1, 1, 1, 1, 1]}, '南门西侧': {'A': [1, 1, 1, 1, 1, 1, 1, 1, 1, 1], 'B': [1, 1, 1, 1, 0, 0, 1, 1, 1, 1]}, '南门东侧': {'A': [1, 0, 0, 1, 1, 1, 1, 1, 1, 1], 'B': [1, 1, 1, 1, 1, 1, 1, 1, 1, 1]}, '北门东北侧': {'A': [1, 1, 1, 1, 1, 1, 1, 1, 1, 1], 'B': [1, 1, 1, 1, 1, 1, 1, 1, 0, 1], 'C': [1, 1, 0, 1, 0, 1, 1, 1, 1, 0], 'D': [0, 0, 1, 1, 1, 0, 1, 0, 1, 1]}, '北门东南侧': {'A': [1, 1, 1, 1, 1, 1, 1, 1, 1, 1], 'B': [0, 1, 1, 1, 1, 1, 1, 1, 1, 0], 'C': [1, 1, 0, 1, 1, 0, 1, 1, 0, 1], 'D': [1, 1, 0, 1, 1, 1, 1, 1, 1, 1], 'E': [1, 1, 1, 1, 1, 0, 1, 1, 1, 1], 'F': [1, 1, 1, 1, 0, 1, 1, 1, 1, 1]}, '橘园北侧南': {'A': [1, 0, 0, 1, 0, 0, 1, 0, 0, 1], 'B': [0, 0, 0, 0, 1, 0, 1, 1, 1, 0], 'C': [0, 0, 1, 1, 1, 1, 0, 0, 1, 1], 'D': [1, 0, 1, 1, 0, 0, 0, 1, 0, 0], 'E': [1, 0, 0, 0, 0, 1, 1, 1, 0, 1], 'F': [1, 1, 1, 1, 0, 0, 0, 1, 1, 0], 'G': [0, 1, 1, 1, 1, 1, 1, 0, 1, 0], 'H': [1, 1, 1, 1, 1, 1, 1, 1, 1, 1], 'I': [0, 1, 0, 1, 1, 0, 1, 1, 1, 1], 'J': [0, 0, 0, 0, 1, 1, 1, 1, 1, 0]}, '校医院西': {'A': [1, 1, 1, 1, 1, 1, 1, 1, 1, 1], 'B': [1, 1, 1, 1, 1, 1, 1, 0, 1, 1], 'C': [1, 1, 1, 1, 1, 0, 1, 1, 1, 1], 'D': [1, 1, 1, 1, 1, 1, 1, 1, 1, 1], 'E': [1, 1, 1, 1, 1, 1, 1, 1, 1, 1], 'F': [0, 1, 1, 1, 0, 1, 1, 1, 1, 1], 'G': [1, 1, 1, 1, 1, 1, 1, 1, 1, 0], 'H': [1, 1, 0, 0, 1, 0, 1, 1, 0, 1], 'I': [1, 1, 1, 1, 0, 0, 0, 0, 0, 1]}}
623219	2024-07-13 04:24:50.619000+08:00	2024-07-13 04:24:50.619000+08:00	{'东门北侧': {'A': [1, 1, 1, 1, 1, 1, 1, 1, 1, 1], 'B': [1, 1, 1, 1, 1, 1, 1, 1, 1, 1], 'C': [0, 1, 1, 1, 1, 1, 1, 1, 1, 0], 'D': [1, 1, 1, 1, 1, 0, 1, 1, 1, 1], 'E': [1, 1, 0, 0, 1, 1, 1, 0, 1, 1], 'F': [0, 1, 1, 1, 1, 1, 1, 1, 1, 1], 'G': [0, 1, 1, 1, 1, 0, 1, 1, 0, 1], 'H': [1, 1, 1, 1, 0, 1, 1, 1, 1, 0], 'I': [0, 1, 0, 1, 1, 0, 1, 1, 1, 1], 'J': [1, 0, 1, 0, 1, 0, 1, 1, 1, 0], 'K': [0, 1, 1, 0, 0, 1, 1, 1, 0, 0]}, '东门南侧': {'A': [0, 0, 1, 1, 0, 1, 1, 1, 1, 0], 'B': [0, 0, 0, 0, 0, 0, 0, 0, 0, 0]}, '西门北侧': {'A': [1, 1, 1, 1, 1, 1, 1, 1, 1, 1], 'B': [0, 1, 0, 1, 1, 1, 1, 1, 0, 1], 'C': [1, 1, 0, 1, 1, 1, 1, 1, 1, 0]}, '西门南侧': {'A': [0, 1, 1, 1, 1, 1, 1, 1, 1, 1], 'B': [1, 1, 1, 1, 1, 1, 1, 1, 1, 1], 'C': [1, 1, 1, 1, 1, 1, 1, 1, 1, 1]}, '南门西侧': {'A': [1, 1, 1, 1, 1, 1, 1, 1, 1, 1], 'B': [1, 1, 1, 1, 0, 0, 1, 1, 1, 1]}, '南门东侧': {'A': [1, 0, 0, 1, 1, 1, 1, 1, 1, 1], 'B': [1, 1, 1, 1, 1, 1, 1, 1, 1, 1]}, '北门东北侧': {'A': [1, 1, 1, 1, 1, 1, 1, 1, 1, 1], 'B': [1, 1, 1, 1, 1, 1, 1, 1, 0, 1], 'C': [1, 1, 0, 1, 0, 1, 1, 1, 1, 0], 'D': [0, 0, 1, 1, 1, 0, 1, 0, 1, 1]}, '北门东南侧': {'A': [1, 1, 1, 1, 1, 1, 1, 1, 1, 1], 'B': [0, 1, 1, 1, 1, 1, 1, 1, 1, 0], 'C': [1, 1, 0, 1, 1, 0, 1, 1, 0, 1], 'D': [1, 1, 0, 1, 1, 1, 1, 1, 1, 1], 'E': [1, 1, 1, 1, 1, 0, 1, 1, 1, 1], 'F': [1, 1, 1, 1, 0, 1, 1, 1, 1, 1]}, '橘园北侧南': {'A': [1, 1, 0, 1, 0, 0, 1, 0, 0, 1], 'B': [0, 0, 0, 0, 1, 0, 1, 1, 1, 0], 'C': [0, 0, 1, 1, 1, 1, 0, 0, 1, 1], 'D': [1, 0, 1, 1, 0, 0, 0, 1, 0, 0], 'E': [1, 0, 0, 0, 0, 1, 1, 1, 0, 1], 'F': [1, 1, 1, 1, 0, 0, 0, 1, 1, 0], 'G': [0, 1, 1, 1, 1, 1, 1, 0, 1, 0], 'H': [1, 1, 1, 1, 1, 1, 1, 1, 1, 1], 'I': [0, 1, 0, 1, 1, 0, 1, 1, 1, 1], 'J': [0, 0, 0, 0, 1, 1, 1, 1, 1, 0]}, '校医院西': {'A': [1, 1, 1, 1, 1, 1, 1, 1, 1, 1], 'B': [1, 1, 1, 1, 1, 1, 1, 0, 1, 1], 'C': [1, 1, 1, 1, 1, 0, 1, 1, 1, 1], 'D': [1, 1, 1, 1, 1, 1, 1, 1, 1, 1], 'E': [1, 1, 1, 1, 1, 1, 1, 1, 1, 1], 'F': [0, 1, 1, 1, 0, 1, 1, 1, 1, 1], 'G': [1, 1, 1, 1, 1, 1, 1, 1, 1, 0], 'H': [1, 1, 0, 0, 1, 0, 1, 1, 0, 1], 'I': [1, 1, 1, 1, 0, 0, 0, 0, 0, 1]}}
623220	2024-07-13 04:25:49.562000+08:00	2024-07-13 04:25:49.562000+08:00	{'东门北侧': {'A': [1, 1, 1, 1, 1, 1, 1, 1, 1, 1], 'B': [1, 1, 1, 1, 1, 1, 1, 1, 1, 1], 'C': [0, 1, 1, 1, 1, 1, 1, 1, 1, 0], 'D': [1, 1, 1, 1, 1, 0, 1, 1, 1, 1], 'E': [1, 1, 0, 0, 1, 1, 1, 0, 1, 1], 'F': [0, 1, 1, 1, 1, 1, 1, 1, 1, 1], 'G': [0, 1, 1, 1, 1, 0, 1, 1, 0, 1], 'H': [1, 1, 1, 1, 0, 1, 1, 1, 1, 0], 'I': [0, 1, 0, 1, 1, 0, 1, 1, 1, 1], 'J': [1, 0, 1, 0, 1, 0, 1, 1, 1, 0], 'K': [0, 1, 1, 0, 0, 1, 1, 1, 0, 0]}, '东门南侧': {'A': [0, 0, 1, 1, 0, 1, 1, 1, 1, 0], 'B': [0, 0, 0, 0, 0, 0, 0, 0, 0, 0]}, '西门北侧': {'A': [1, 1, 1, 1, 1, 1, 1, 1, 1, 1], 'B': [0, 1, 0, 1, 1, 1, 1, 1, 0, 1], 'C': [1, 1, 0, 1, 1, 1, 1, 1, 1, 0]}, '西门南侧': {'A': [0, 1, 1, 1, 1, 1, 1, 1, 1, 1], 'B': [1, 1, 1, 1, 1, 1, 1, 1, 1, 1], 'C': [1, 1, 1, 1, 1, 1, 1, 1, 1, 1]}, '南门西侧': {'A': [1, 1, 1, 1, 1, 1, 1, 1, 1, 1], 'B': [1, 1, 1, 1, 0, 0, 1, 1, 1, 1]}, '南门东侧': {'A': [1, 0, 0, 1, 1, 1, 1, 1, 1, 1], 'B': [1, 1, 1, 1, 1, 1, 1, 1, 1, 1]}, '北门东北侧': {'A': [1, 1, 1, 1, 1, 1, 1, 1, 1, 1], 'B': [1, 1, 1, 1, 1, 1, 1, 1, 0, 1], 'C': [1, 1, 0, 1, 0, 1, 1, 1, 1, 0], 'D': [0, 0, 1, 1, 1, 0, 1, 0, 1, 1]}, '北门东南侧': {'A': [1, 1, 1, 1, 1, 1, 1, 1, 1, 1], 'B': [0, 1, 1, 1, 1, 1, 1, 1, 1, 0], 'C': [1, 1, 0, 1, 1, 0, 1, 1, 0, 1], 'D': [1, 1, 0, 1, 1, 1, 1, 1, 1, 1], 'E': [1, 1, 1, 1, 1, 0, 1, 1, 1, 1], 'F': [1, 1, 1, 1, 0, 1, 1, 1, 1, 1]}, '橘园北侧南': {'A': [1, 1, 0, 1, 0, 0, 1, 0, 0, 1], 'B': [0, 0, 0, 0, 1, 0, 1, 1, 1, 0], 'C': [0, 0, 1, 1, 1, 1, 0, 0, 1, 1], 'D': [1, 0, 1, 1, 0, 0, 0, 1, 0, 0], 'E': [1, 0, 0, 0, 0, 1, 1, 1, 0, 1], 'F': [1, 1, 1, 1, 0, 0, 0, 1, 1, 0], 'G': [0, 1, 1, 1, 1, 1, 1, 0, 1, 0], 'H': [1, 1, 1, 1, 1, 1, 1, 1, 1, 1], 'I': [0, 1, 0, 1, 1, 0, 1, 1, 1, 1], 'J': [0, 0, 0, 0, 1, 1, 1, 1, 1, 0]}, '校医院西': {'A': [1, 1, 1, 1, 1, 1, 1, 1, 1, 1], 'B': [1, 1, 1, 1, 1, 1, 1, 0, 1, 1], 'C': [1, 1, 1, 1, 1, 0, 1, 1, 1, 1], 'D': [1, 1, 1, 1, 1, 1, 1, 1, 1, 1], 'E': [1, 1, 1, 1, 1, 1, 1, 1, 1, 1], 'F': [0, 1, 1, 1, 0, 1, 1, 1, 1, 1], 'G': [1, 1, 1, 1, 1, 1, 1, 1, 1, 0], 'H': [1, 1, 0, 0, 1, 0, 1, 1, 0, 1], 'I': [1, 1, 1, 1, 0, 0, 0, 0, 0, 1]}}
623221	2024-07-13 04:26:48.142000+08:00	2024-07-13 04:26:48.142000+08:00	{'东门北侧': {'A': [1, 1, 1, 1, 1, 1, 1, 1, 1, 1], 'B': [1, 1, 1, 1, 1, 1, 1, 1, 1, 1], 'C': [0, 1, 1, 1, 1, 1, 1, 1, 1, 0], 'D': [1, 1, 1, 1, 1, 0, 1, 1, 1, 1], 'E': [1, 1, 0, 0, 1, 1, 1, 0, 1, 1], 'F': [0, 1, 1, 1, 1, 1, 1, 1, 1, 1], 'G': [0, 1, 1, 1, 1, 0, 1, 1, 0, 1], 'H': [1, 1, 1, 1, 0, 1, 1, 1, 1, 0], 'I': [0, 1, 0, 1, 1, 0, 1, 1, 1, 1], 'J': [1, 0, 1, 0, 1, 0, 1, 1, 1, 0], 'K': [0, 1, 1, 0, 0, 1, 1, 1, 0, 0]}, '东门南侧': {'A': [0, 0, 1, 1, 0, 1, 1, 1, 1, 0], 'B': [0, 0, 0, 0, 0, 0, 0, 0, 0, 0]}, '西门北侧': {'A': [1, 1, 1, 1, 1, 1, 1, 1, 1, 1], 'B': [0, 1, 0, 1, 1, 1, 1, 1, 0, 1], 'C': [1, 1, 0, 1, 1, 1, 1, 1, 1, 0]}, '西门南侧': {'A': [0, 1, 1, 1, 1, 1, 1, 1, 1, 1], 'B': [1, 1, 1, 1, 1, 1, 1, 1, 1, 1], 'C': [1, 1, 1, 1, 1, 1, 1, 1, 1, 1]}, '南门西侧': {'A': [1, 1, 1, 1, 1, 1, 1, 1, 1, 1], 'B': [1, 1, 1, 1, 0, 0, 1, 1, 1, 1]}, '南门东侧': {'A': [1, 0, 0, 1, 1, 1, 1, 1, 1, 1], 'B': [1, 1, 1, 1, 1, 1, 1, 1, 1, 1]}, '北门东北侧': {'A': [1, 1, 1, 1, 1, 1, 1, 1, 1, 1], 'B': [1, 1, 1, 1, 1, 1, 1, 1, 0, 1], 'C': [1, 1, 0, 1, 0, 1, 1, 1, 1, 0], 'D': [0, 0, 1, 1, 1, 0, 1, 0, 1, 1]}, '北门东南侧': {'A': [1, 1, 1, 1, 1, 1, 1, 1, 1, 1], 'B': [0, 1, 1, 1, 1, 1, 1, 1, 1, 0], 'C': [1, 1, 0, 1, 1, 0, 1, 1, 0, 1], 'D': [1, 1, 0, 1, 1, 1, 1, 1, 1, 1], 'E': [1, 1, 1, 1, 1, 0, 1, 1, 1, 1], 'F': [1, 1, 1, 1, 0, 1, 1, 1, 1, 1]}, '橘园北侧南': {'A': [1, 1, 0, 1, 0, 0, 1, 0, 0, 1], 'B': [0, 0, 0, 0, 1, 0, 1, 1, 1, 0], 'C': [0, 0, 1, 1, 1, 1, 0, 0, 1, 1], 'D': [1, 0, 1, 1, 0, 0, 0, 1, 0, 0], 'E': [1, 0, 0, 0, 0, 1, 1, 1, 0, 1], 'F': [1, 1, 1, 1, 0, 0, 0, 1, 1, 0], 'G': [0, 1, 1, 1, 1, 1, 1, 0, 1, 0], 'H': [1, 1, 1, 1, 1, 1, 1, 1, 1, 1], 'I': [0, 1, 0, 1, 1, 0, 1, 1, 1, 1], 'J': [0, 0, 0, 0, 1, 1, 1, 1, 1, 0]}, '校医院西': {'A': [1, 1, 1, 1, 1, 1, 1, 1, 1, 1], 'B': [1, 1, 1, 1, 1, 1, 1, 0, 1, 1], 'C': [1, 1, 1, 1, 1, 1, 1, 1, 1, 1], 'D': [1, 1, 1, 1, 1, 1, 1, 1, 1, 1], 'E': [1, 1, 1, 1, 1, 1, 1, 1, 1, 1], 'F': [0, 1, 1, 1, 0, 1, 1, 1, 1, 1], 'G': [1, 1, 1, 1, 1, 1, 1, 1, 1, 0], 'H': [1, 1, 0, 0, 1, 0, 1, 1, 0, 1], 'I': [1, 1, 1, 1, 0, 0, 0, 0, 0, 1]}}
623222	2024-07-13 04:27:47.148000+08:00	2024-07-13 04:27:47.148000+08:00	{'东门北侧': {'A': [1, 1, 1, 1, 1, 1, 1, 1, 1, 1], 'B': [1, 1, 1, 1, 1, 1, 1, 1, 1, 1], 'C': [0, 1, 1, 1, 1, 1, 1, 1, 1, 0], 'D': [1, 1, 1, 1, 1, 0, 1, 1, 1, 1], 'E': [1, 1, 0, 0, 1, 1, 1, 0, 1, 1], 'F': [0, 1, 1, 1, 1, 1, 1, 1, 1, 1], 'G': [0, 1, 1, 1, 1, 0, 1, 1, 0, 1], 'H': [1, 1, 1, 1, 0, 1, 1, 1, 1, 0], 'I': [0, 1, 0, 1, 1, 0, 1, 1, 1, 1], 'J': [1, 0, 1, 0, 1, 0, 1, 1, 1, 0], 'K': [0, 1, 1, 0, 0, 1, 1, 1, 0, 0]}, '东门南侧': {'A': [0, 0, 1, 1, 0, 1, 1, 1, 1, 0], 'B': [0, 0, 0, 0, 0, 0, 0, 0, 0, 0]}, '西门北侧': {'A': [1, 1, 1, 1, 1, 1, 1, 1, 1, 1], 'B': [0, 1, 0, 1, 1, 1, 1, 1, 0, 1], 'C': [1, 1, 0, 1, 1, 1, 1, 1, 1, 0]}, '西门南侧': {'A': [0, 1, 1, 1, 1, 1, 1, 1, 1, 1], 'B': [1, 1, 1, 1, 1, 1, 1, 1, 1, 1], 'C': [1, 1, 1, 1, 1, 1, 1, 1, 1, 1]}, '南门西侧': {'A': [1, 1, 1, 1, 1, 1, 1, 1, 1, 1], 'B': [1, 1, 1, 1, 0, 0, 1, 1, 1, 1]}, '南门东侧': {'A': [1, 0, 0, 1, 1, 1, 1, 1, 1, 1], 'B': [1, 1, 1, 1, 1, 1, 1, 1, 1, 1]}, '北门东北侧': {'A': [1, 1, 1, 1, 1, 1, 1, 1, 1, 1], 'B': [1, 1, 1, 1, 1, 1, 1, 1, 0, 1], 'C': [1, 1, 0, 1, 0, 1, 1, 1, 1, 0], 'D': [0, 0, 1, 1, 1, 0, 1, 0, 1, 1]}, '北门东南侧': {'A': [1, 1, 1, 1, 1, 1, 1, 1, 1, 1], 'B': [0, 1, 1, 1, 1, 1, 1, 1, 1, 0], 'C': [1, 1, 0, 1, 1, 0, 1, 1, 0, 1], 'D': [1, 1, 0, 1, 1, 1, 1, 1, 1, 1], 'E': [1, 1, 1, 1, 1, 0, 1, 1, 1, 1], 'F': [1, 1, 1, 1, 0, 1, 1, 1, 1, 1]}, '橘园北侧南': {'A': [1, 1, 0, 1, 0, 0, 1, 0, 0, 1], 'B': [0, 0, 0, 0, 1, 0, 1, 1, 1, 0], 'C': [0, 0, 1, 1, 1, 1, 0, 0, 1, 1], 'D': [1, 0, 1, 1, 1, 0, 0, 1, 0, 0], 'E': [1, 0, 0, 0, 0, 1, 1, 1, 0, 1], 'F': [1, 1, 1, 1, 0, 0, 0, 1, 1, 0], 'G': [0, 1, 1, 1, 1, 1, 1, 0, 1, 0], 'H': [1, 1, 1, 1, 1, 1, 1, 1, 1, 1], 'I': [0, 1, 0, 1, 1, 0, 1, 1, 1, 1], 'J': [0, 0, 0, 0, 1, 1, 1, 1, 1, 0]}, '校医院西': {'A': [1, 1, 1, 1, 1, 1, 1, 1, 1, 1], 'B': [1, 1, 1, 1, 1, 1, 1, 0, 1, 1], 'C': [1, 1, 1, 1, 1, 1, 1, 1, 1, 1], 'D': [1, 1, 1, 1, 1, 1, 1, 1, 1, 1], 'E': [1, 1, 1, 1, 1, 1, 1, 1, 1, 1], 'F': [0, 1, 1, 1, 0, 1, 1, 1, 1, 1], 'G': [1, 1, 1, 1, 1, 1, 1, 1, 1, 0], 'H': [1, 1, 0, 0, 1, 0, 1, 1, 0, 1], 'I': [1, 1, 1, 1, 0, 0, 0, 0, 0, 1]}}
623223	2024-07-13 04:28:50.598000+08:00	2024-07-13 04:28:50.598000+08:00	{'东门北侧': {'A': [1, 1, 1, 1, 1, 1, 1, 1, 1, 1], 'B': [1, 1, 1, 1, 1, 1, 1, 1, 1, 1], 'C': [0, 1, 1, 1, 1, 1, 1, 1, 1, 0], 'D': [1, 1, 1, 1, 1, 0, 1, 1, 1, 1], 'E': [1, 1, 0, 0, 1, 1, 1, 0, 1, 1], 'F': [0, 1, 1, 1, 1, 1, 1, 1, 1, 1], 'G': [0, 1, 1, 1, 1, 0, 1, 1, 0, 1], 'H': [1, 1, 1, 1, 0, 1, 1, 1, 1, 0], 'I': [0, 1, 0, 1, 1, 0, 1, 1, 1, 1], 'J': [1, 0, 1, 0, 1, 0, 1, 1, 1, 0], 'K': [0, 1, 1, 0, 0, 1, 1, 1, 0, 0]}, '东门南侧': {'A': [0, 0, 1, 1, 0, 1, 1, 1, 1, 0], 'B': [0, 0, 0, 0, 0, 0, 0, 0, 0, 0]}, '西门北侧': {'A': [1, 1, 1, 1, 1, 1, 1, 1, 1, 1], 'B': [0, 1, 0, 1, 1, 1, 1, 1, 0, 1], 'C': [1, 1, 0, 1, 1, 1, 1, 1, 1, 1]}, '西门南侧': {'A': [0, 1, 1, 1, 1, 1, 1, 1, 1, 1], 'B': [1, 1, 1, 1, 1, 1, 1, 1, 1, 1], 'C': [1, 1, 1, 1, 1, 1, 1, 1, 1, 1]}, '南门西侧': {'A': [1, 1, 1, 1, 1, 1, 1, 1, 1, 1], 'B': [1, 1, 1, 1, 0, 0, 1, 1, 1, 1]}, '南门东侧': {'A': [1, 0, 0, 1, 1, 1, 1, 1, 1, 1], 'B': [1, 1, 1, 1, 1, 1, 1, 1, 1, 1]}, '北门东北侧': {'A': [1, 1, 1, 1, 1, 1, 1, 1, 1, 1], 'B': [1, 1, 1, 1, 1, 1, 1, 1, 0, 1], 'C': [1, 1, 0, 1, 0, 1, 1, 1, 1, 0], 'D': [0, 0, 1, 1, 1, 0, 1, 0, 1, 1]}, '北门东南侧': {'A': [1, 1, 1, 1, 1, 1, 1, 1, 1, 1], 'B': [0, 1, 1, 1, 1, 1, 1, 1, 1, 0], 'C': [1, 1, 0, 1, 1, 0, 1, 1, 0, 1], 'D': [1, 1, 0, 1, 1, 1, 1, 1, 1, 1], 'E': [1, 1, 1, 1, 1, 0, 1, 1, 1, 1], 'F': [1, 1, 1, 1, 0, 1, 1, 1, 1, 1]}, '橘园北侧南': {'A': [1, 1, 0, 1, 0, 0, 1, 0, 0, 1], 'B': [0, 0, 0, 0, 1, 0, 1, 1, 1, 0], 'C': [0, 0, 1, 1, 1, 1, 0, 0, 1, 1], 'D': [1, 0, 1, 1, 1, 0, 0, 1, 0, 0], 'E': [1, 0, 0, 0, 0, 1, 1, 1, 0, 1], 'F': [1, 1, 1, 1, 0, 0, 0, 1, 1, 0], 'G': [0, 1, 1, 1, 1, 1, 1, 0, 1, 0], 'H': [1, 1, 1, 1, 1, 1, 1, 1, 1, 1], 'I': [0, 1, 0, 1, 1, 0, 1, 1, 1, 1], 'J': [0, 0, 0, 0, 1, 1, 1, 1, 1, 0]}, '校医院西': {'A': [1, 1, 1, 1, 1, 1, 1, 1, 1, 1], 'B': [1, 1, 1, 1, 1, 1, 1, 0, 1, 1], 'C': [1, 1, 1, 1, 1, 1, 1, 1, 1, 1], 'D': [1, 1, 1, 1, 1, 1, 1, 1, 1, 1], 'E': [1, 1, 1, 1, 1, 1, 1, 1, 1, 1], 'F': [0, 1, 1, 1, 0, 1, 1, 1, 1, 1], 'G': [1, 1, 1, 1, 1, 1, 1, 1, 1, 0], 'H': [1, 1, 0, 0, 1, 0, 1, 1, 0, 1], 'I': [1, 1, 1, 1, 0, 0, 0, 0, 0, 1]}}
623224	2024-07-13 04:29:50.558000+08:00	2024-07-13 04:29:50.558000+08:00	{'东门北侧': {'A': [1, 1, 1, 1, 1, 1, 1, 1, 1, 1], 'B': [1, 1, 1, 1, 1, 1, 1, 1, 1, 1], 'C': [0, 1, 1, 1, 1, 1, 1, 1, 1, 0], 'D': [1, 1, 1, 1, 1, 0, 1, 1, 1, 1], 'E': [1, 1, 0, 0, 1, 1, 1, 0, 1, 1], 'F': [0, 1, 1, 1, 1, 1, 1, 1, 1, 1], 'G': [0, 1, 1, 1, 1, 0, 1, 1, 0, 1], 'H': [1, 1, 1, 1, 0, 1, 1, 1, 1, 0], 'I': [0, 1, 0, 1, 1, 0, 1, 1, 1, 1], 'J': [1, 0, 1, 0, 1, 0, 1, 1, 1, 0], 'K': [0, 1, 1, 0, 0, 1, 1, 1, 0, 0]}, '东门南侧': {'A': [0, 0, 1, 1, 0, 1, 1, 1, 1, 0], 'B': [0, 0, 0, 0, 0, 0, 0, 0, 0, 0]}, '西门北侧': {'A': [1, 1, 1, 1, 1, 1, 1, 1, 1, 1], 'B': [0, 1, 0, 1, 1, 1, 1, 1, 0, 1], 'C': [1, 1, 0, 1, 1, 1, 1, 1, 1, 1]}, '西门南侧': {'A': [0, 1, 1, 1, 1, 1, 1, 1, 1, 1], 'B': [1, 1, 1, 1, 1, 1, 1, 1, 1, 1], 'C': [1, 1, 1, 1, 1, 1, 1, 1, 1, 1]}, '南门西侧': {'A': [1, 1, 1, 1, 1, 1, 1, 1, 1, 1], 'B': [1, 1, 1, 1, 0, 0, 1, 1, 1, 1]}, '南门东侧': {'A': [1, 0, 0, 1, 1, 1, 1, 1, 1, 1], 'B': [1, 1, 1, 1, 1, 1, 1, 1, 1, 1]}, '北门东北侧': {'A': [1, 1, 1, 1, 1, 1, 1, 1, 1, 1], 'B': [1, 1, 1, 1, 1, 1, 1, 1, 0, 1], 'C': [1, 1, 0, 1, 0, 1, 1, 1, 1, 0], 'D': [0, 0, 1, 1, 1, 0, 1, 0, 1, 1]}, '北门东南侧': {'A': [1, 1, 1, 1, 1, 1, 1, 1, 1, 1], 'B': [0, 1, 1, 1, 1, 1, 1, 1, 1, 0], 'C': [1, 1, 0, 1, 1, 0, 1, 1, 0, 1], 'D': [1, 1, 0, 1, 1, 1, 1, 1, 1, 1], 'E': [1, 1, 1, 1, 1, 0, 1, 1, 1, 1], 'F': [1, 1, 1, 1, 0, 1, 1, 1, 1, 1]}, '橘园北侧南': {'A': [1, 1, 0, 1, 0, 0, 1, 0, 0, 1], 'B': [0, 0, 0, 0, 1, 0, 1, 1, 1, 0], 'C': [0, 0, 1, 1, 1, 1, 0, 0, 1, 1], 'D': [1, 0, 1, 1, 1, 0, 0, 1, 0, 0], 'E': [1, 0, 0, 0, 0, 1, 1, 1, 0, 1], 'F': [1, 1, 1, 1, 0, 0, 0, 1, 1, 0], 'G': [0, 1, 1, 1, 1, 1, 1, 0, 1, 0], 'H': [1, 1, 1, 1, 1, 1, 1, 1, 1, 1], 'I': [0, 1, 0, 1, 1, 0, 1, 1, 1, 1], 'J': [0, 0, 0, 0, 1, 1, 1, 1, 1, 0]}, '校医院西': {'A': [1, 1, 1, 1, 1, 1, 1, 1, 1, 1], 'B': [1, 1, 1, 1, 1, 1, 1, 0, 1, 1], 'C': [1, 1, 1, 1, 1, 1, 1, 1, 1, 1], 'D': [1, 1, 1, 1, 1, 1, 1, 1, 1, 1], 'E': [1, 1, 1, 1, 1, 1, 1, 1, 1, 1], 'F': [0, 1, 1, 1, 0, 1, 1, 1, 1, 1], 'G': [1, 1, 1, 1, 1, 1, 1, 1, 1, 0], 'H': [1, 1, 0, 0, 1, 0, 1, 1, 0, 1], 'I': [1, 1, 1, 1, 0, 0, 0, 0, 0, 1]}}
623225	2024-07-13 04:30:51.366000+08:00	2024-07-13 04:30:51.366000+08:00	{'东门北侧': {'A': [1, 1, 1, 1, 1, 1, 1, 1, 1, 1], 'B': [1, 1, 1, 1, 1, 1, 1, 1, 1, 1], 'C': [0, 1, 1, 1, 1, 1, 1, 1, 1, 0], 'D': [1, 1, 1, 1, 1, 0, 1, 1, 1, 1], 'E': [1, 1, 0, 0, 1, 1, 1, 0, 1, 1], 'F': [0, 1, 1, 1, 1, 1, 1, 1, 1, 1], 'G': [0, 1, 1, 1, 1, 0, 1, 1, 0, 1], 'H': [1, 1, 1, 1, 0, 1, 1, 1, 1, 0], 'I': [0, 1, 0, 1, 1, 0, 1, 1, 1, 1], 'J': [1, 0, 1, 0, 1, 0, 1, 1, 1, 0], 'K': [0, 1, 1, 0, 0, 1, 1, 1, 0, 0]}, '东门南侧': {'A': [0, 0, 1, 1, 0, 1, 1, 1, 1, 0], 'B': [0, 0, 0, 0, 0, 0, 0, 0, 0, 0]}, '西门北侧': {'A': [1, 1, 1, 1, 1, 1, 1, 1, 1, 1], 'B': [0, 1, 0, 1, 1, 1, 1, 1, 0, 1], 'C': [1, 1, 0, 1, 1, 1, 1, 1, 1, 1]}, '西门南侧': {'A': [0, 1, 1, 1, 1, 1, 1, 1, 1, 1], 'B': [1, 1, 1, 1, 1, 1, 1, 1, 1, 1], 'C': [1, 1, 1, 1, 1, 1, 1, 1, 1, 1]}, '南门西侧': {'A': [1, 1, 1, 1, 1, 1, 1, 1, 1, 1], 'B': [1, 1, 1, 1, 0, 0, 1, 1, 1, 1]}, '南门东侧': {'A': [1, 0, 0, 1, 1, 1, 1, 1, 1, 1], 'B': [1, 1, 1, 1, 1, 1, 1, 1, 1, 1]}, '北门东北侧': {'A': [1, 1, 1, 1, 1, 1, 1, 1, 1, 1], 'B': [1, 1, 1, 1, 1, 1, 1, 1, 0, 1], 'C': [1, 1, 0, 1, 0, 1, 1, 1, 1, 0], 'D': [0, 0, 1, 1, 1, 0, 1, 0, 1, 1]}, '北门东南侧': {'A': [1, 1, 1, 1, 1, 1, 1, 1, 1, 1], 'B': [0, 1, 1, 1, 1, 1, 1, 1, 1, 0], 'C': [1, 1, 0, 1, 1, 0, 1, 1, 0, 1], 'D': [1, 1, 0, 1, 1, 1, 1, 1, 1, 1], 'E': [1, 1, 1, 1, 1, 0, 1, 1, 1, 1], 'F': [1, 1, 1, 1, 0, 1, 1, 1, 1, 1]}, '橘园北侧南': {'A': [1, 1, 0, 1, 0, 0, 1, 0, 0, 1], 'B': [0, 0, 0, 0, 1, 0, 1, 1, 1, 0], 'C': [0, 0, 1, 1, 1, 1, 0, 0, 1, 1], 'D': [1, 0, 1, 1, 1, 0, 0, 1, 0, 0], 'E': [1, 0, 1, 0, 0, 1, 1, 1, 0, 1], 'F': [1, 1, 1, 1, 0, 0, 0, 1, 1, 0], 'G': [0, 1, 1, 1, 1, 1, 1, 0, 1, 0], 'H': [1, 1, 1, 1, 1, 1, 1, 1, 1, 1], 'I': [0, 1, 0, 1, 1, 0, 1, 1, 1, 1], 'J': [1, 0, 0, 0, 1, 1, 1, 1, 1, 0]}, '校医院西': {'A': [1, 1, 1, 1, 1, 1, 1, 1, 1, 1], 'B': [1, 1, 1, 1, 1, 1, 1, 0, 1, 1], 'C': [1, 1, 1, 1, 1, 1, 1, 1, 1, 1], 'D': [1, 1, 1, 1, 1, 1, 1, 1, 1, 1], 'E': [1, 1, 1, 1, 1, 1, 1, 1, 1, 1], 'F': [0, 1, 1, 1, 0, 1, 1, 1, 1, 1], 'G': [1, 1, 1, 1, 1, 1, 1, 1, 1, 0], 'H': [1, 1, 0, 0, 1, 0, 1, 1, 0, 1], 'I': [1, 1, 1, 1, 0, 0, 0, 0, 0, 1]}}
623226	2024-07-13 04:31:49.581000+08:00	2024-07-13 04:31:49.581000+08:00	{'东门北侧': {'A': [1, 1, 1, 1, 1, 1, 1, 1, 1, 1], 'B': [1, 1, 1, 1, 1, 1, 1, 1, 1, 1], 'C': [0, 1, 1, 1, 1, 1, 1, 1, 1, 0], 'D': [1, 1, 1, 1, 1, 0, 1, 1, 1, 1], 'E': [1, 1, 0, 0, 1, 1, 1, 0, 1, 1], 'F': [0, 1, 1, 1, 1, 1, 1, 1, 1, 1], 'G': [0, 1, 1, 1, 1, 0, 1, 1, 0, 1], 'H': [1, 1, 1, 1, 0, 1, 1, 1, 1, 0], 'I': [0, 1, 0, 1, 1, 0, 1, 1, 1, 1], 'J': [1, 0, 1, 0, 1, 0, 1, 1, 1, 0], 'K': [0, 1, 1, 0, 0, 1, 1, 1, 0, 0]}, '东门南侧': {'A': [0, 0, 1, 1, 0, 1, 1, 1, 1, 0], 'B': [0, 0, 0, 0, 0, 0, 0, 0, 0, 0]}, '西门北侧': {'A': [1, 1, 1, 1, 1, 1, 1, 1, 1, 1], 'B': [0, 1, 0, 1, 1, 1, 1, 1, 0, 1], 'C': [1, 1, 0, 1, 1, 1, 1, 1, 1, 1]}, '西门南侧': {'A': [0, 1, 1, 1, 1, 1, 1, 1, 1, 1], 'B': [1, 1, 1, 1, 1, 1, 1, 1, 1, 1], 'C': [1, 1, 1, 1, 1, 1, 1, 1, 1, 1]}, '南门西侧': {'A': [1, 1, 1, 1, 1, 1, 1, 1, 1, 1], 'B': [1, 1, 1, 1, 0, 0, 1, 1, 1, 1]}, '南门东侧': {'A': [1, 0, 0, 1, 1, 1, 1, 1, 1, 1], 'B': [1, 1, 1, 1, 1, 1, 1, 1, 1, 1]}, '北门东北侧': {'A': [1, 1, 1, 1, 1, 1, 1, 1, 1, 1], 'B': [1, 1, 1, 1, 1, 1, 1, 1, 0, 1], 'C': [1, 1, 0, 1, 0, 1, 1, 1, 1, 0], 'D': [0, 0, 1, 1, 1, 0, 1, 0, 1, 1]}, '北门东南侧': {'A': [1, 1, 1, 1, 1, 1, 1, 1, 1, 1], 'B': [0, 1, 1, 1, 1, 1, 1, 1, 1, 0], 'C': [1, 1, 0, 1, 1, 0, 1, 1, 0, 1], 'D': [1, 1, 0, 1, 1, 1, 1, 1, 1, 1], 'E': [1, 1, 1, 1, 1, 0, 1, 1, 1, 1], 'F': [1, 1, 1, 1, 0, 1, 1, 1, 1, 1]}, '橘园北侧南': {'A': [1, 1, 0, 1, 0, 0, 1, 0, 0, 1], 'B': [0, 0, 0, 0, 1, 0, 1, 1, 1, 0], 'C': [0, 0, 1, 1, 1, 1, 0, 0, 1, 1], 'D': [1, 0, 1, 1, 1, 0, 0, 1, 0, 0], 'E': [1, 0, 1, 0, 0, 1, 1, 1, 0, 1], 'F': [1, 1, 1, 1, 0, 0, 0, 1, 1, 0], 'G': [0, 1, 1, 1, 1, 1, 1, 0, 1, 1], 'H': [1, 1, 1, 1, 1, 1, 1, 1, 1, 1], 'I': [0, 1, 0, 1, 1, 0, 1, 1, 1, 1], 'J': [1, 0, 0, 0, 1, 1, 1, 1, 1, 0]}, '校医院西': {'A': [1, 1, 1, 1, 1, 1, 1, 1, 1, 1], 'B': [1, 1, 1, 1, 1, 1, 1, 0, 1, 1], 'C': [1, 1, 1, 1, 1, 1, 1, 1, 1, 1], 'D': [1, 1, 1, 1, 1, 1, 1, 1, 1, 1], 'E': [1, 1, 1, 1, 1, 1, 1, 1, 1, 1], 'F': [0, 1, 1, 1, 0, 1, 1, 1, 1, 1], 'G': [1, 1, 1, 1, 1, 1, 1, 1, 1, 0], 'H': [1, 1, 0, 0, 1, 0, 1, 1, 0, 1], 'I': [1, 1, 1, 1, 0, 0, 0, 0, 0, 1]}}
623227	2024-07-13 04:32:47.567000+08:00	2024-07-13 04:32:47.567000+08:00	{'东门北侧': {'A': [1, 1, 1, 1, 1, 1, 1, 1, 1, 1], 'B': [1, 1, 1, 1, 1, 1, 1, 1, 1, 1], 'C': [0, 1, 1, 1, 1, 1, 1, 1, 1, 0], 'D': [1, 1, 1, 1, 1, 0, 1, 1, 1, 1], 'E': [1, 1, 0, 0, 1, 1, 1, 0, 1, 1], 'F': [0, 1, 1, 1, 1, 1, 1, 1, 1, 1], 'G': [0, 1, 1, 1, 1, 0, 1, 1, 0, 1], 'H': [1, 1, 1, 1, 0, 1, 1, 1, 1, 0], 'I': [0, 1, 0, 1, 1, 0, 1, 1, 1, 1], 'J': [1, 0, 1, 0, 1, 0, 1, 1, 1, 0], 'K': [0, 1, 1, 0, 0, 1, 1, 1, 0, 0]}, '东门南侧': {'A': [0, 0, 1, 1, 0, 1, 1, 1, 1, 0], 'B': [0, 0, 0, 0, 0, 0, 0, 0, 0, 0]}, '西门北侧': {'A': [1, 1, 1, 1, 1, 1, 1, 1, 1, 1], 'B': [0, 1, 0, 1, 1, 1, 1, 1, 0, 1], 'C': [1, 1, 0, 1, 1, 1, 1, 1, 1, 1]}, '西门南侧': {'A': [0, 1, 1, 1, 1, 1, 1, 1, 1, 1], 'B': [1, 1, 1, 1, 1, 1, 1, 1, 1, 1], 'C': [1, 1, 1, 1, 1, 1, 1, 1, 1, 1]}, '南门西侧': {'A': [1, 1, 1, 1, 1, 1, 1, 1, 1, 1], 'B': [1, 1, 1, 1, 0, 0, 1, 1, 1, 1]}, '南门东侧': {'A': [1, 0, 0, 1, 1, 1, 1, 1, 1, 1], 'B': [1, 1, 1, 1, 1, 1, 1, 1, 1, 1]}, '北门东北侧': {'A': [1, 1, 1, 1, 1, 1, 1, 1, 1, 1], 'B': [1, 1, 1, 1, 1, 1, 1, 1, 0, 1], 'C': [1, 1, 0, 1, 0, 1, 1, 1, 1, 0], 'D': [0, 0, 1, 1, 1, 0, 1, 0, 1, 1]}, '北门东南侧': {'A': [1, 1, 1, 1, 1, 1, 1, 1, 1, 1], 'B': [0, 1, 1, 1, 1, 1, 1, 1, 1, 0], 'C': [1, 1, 0, 1, 1, 0, 1, 1, 0, 1], 'D': [1, 1, 0, 1, 1, 1, 1, 1, 1, 1], 'E': [1, 1, 1, 1, 1, 0, 1, 1, 1, 1], 'F': [1, 1, 1, 1, 0, 1, 1, 1, 1, 1]}, '橘园北侧南': {'A': [1, 1, 0, 1, 0, 0, 1, 0, 0, 1], 'B': [0, 0, 0, 0, 1, 0, 1, 1, 1, 0], 'C': [0, 0, 1, 1, 1, 1, 0, 0, 1, 1], 'D': [1, 0, 1, 1, 1, 0, 0, 1, 0, 0], 'E': [1, 0, 1, 0, 0, 1, 1, 1, 0, 1], 'F': [1, 1, 1, 1, 0, 0, 0, 1, 1, 0], 'G': [0, 1, 1, 1, 1, 1, 1, 0, 1, 1], 'H': [1, 1, 1, 1, 1, 1, 1, 1, 1, 1], 'I': [0, 1, 0, 1, 1, 0, 1, 1, 1, 1], 'J': [1, 0, 0, 0, 1, 1, 1, 1, 1, 0]}, '校医院西': {'A': [1, 1, 1, 1, 1, 1, 1, 1, 1, 1], 'B': [1, 1, 1, 1, 1, 1, 1, 0, 1, 1], 'C': [1, 1, 1, 1, 1, 1, 1, 1, 1, 1], 'D': [1, 1, 1, 1, 1, 1, 1, 1, 1, 1], 'E': [1, 1, 1, 1, 1, 1, 1, 1, 1, 1], 'F': [0, 1, 1, 1, 0, 1, 1, 1, 1, 1], 'G': [1, 1, 1, 1, 1, 1, 1, 1, 1, 0], 'H': [1, 1, 0, 0, 1, 0, 1, 1, 0, 1], 'I': [1, 1, 1, 1, 0, 0, 0, 0, 0, 1]}}
623228	2024-07-13 04:33:47.554000+08:00	2024-07-13 04:33:47.554000+08:00	{'东门北侧': {'A': [1, 1, 1, 1, 1, 1, 1, 1, 1, 1], 'B': [1, 1, 1, 1, 1, 1, 1, 1, 1, 1], 'C': [0, 1, 1, 1, 1, 1, 1, 1, 1, 0], 'D': [1, 1, 1, 1, 1, 0, 1, 1, 1, 1], 'E': [1, 1, 0, 0, 1, 1, 1, 0, 1, 1], 'F': [0, 1, 1, 1, 1, 1, 1, 1, 1, 1], 'G': [0, 1, 1, 1, 1, 0, 1, 1, 0, 1], 'H': [1, 1, 1, 1, 0, 1, 1, 1, 1, 0], 'I': [0, 1, 0, 1, 1, 0, 1, 1, 1, 1], 'J': [1, 0, 1, 0, 1, 0, 1, 1, 1, 0], 'K': [0, 1, 1, 0, 0, 1, 1, 1, 0, 0]}, '东门南侧': {'A': [0, 0, 1, 1, 0, 1, 1, 1, 1, 0], 'B': [0, 0, 0, 0, 0, 0, 0, 0, 0, 0]}, '西门北侧': {'A': [1, 1, 1, 1, 1, 1, 1, 1, 1, 1], 'B': [0, 1, 0, 1, 1, 1, 1, 1, 0, 1], 'C': [1, 1, 0, 1, 1, 1, 1, 1, 1, 1]}, '西门南侧': {'A': [0, 1, 1, 1, 1, 1, 1, 1, 1, 1], 'B': [1, 1, 1, 1, 1, 1, 1, 1, 1, 1], 'C': [1, 1, 1, 1, 1, 1, 1, 1, 1, 1]}, '南门西侧': {'A': [1, 1, 1, 1, 1, 1, 1, 1, 1, 1], 'B': [1, 1, 1, 1, 0, 0, 1, 1, 1, 1]}, '南门东侧': {'A': [1, 0, 0, 1, 1, 1, 1, 1, 1, 1], 'B': [1, 1, 1, 1, 1, 1, 1, 1, 1, 1]}, '北门东北侧': {'A': [1, 1, 1, 1, 1, 1, 1, 1, 1, 1], 'B': [1, 1, 1, 1, 1, 1, 1, 1, 0, 1], 'C': [1, 1, 0, 1, 0, 1, 1, 1, 1, 0], 'D': [0, 0, 1, 1, 1, 0, 1, 0, 1, 1]}, '北门东南侧': {'A': [1, 1, 1, 1, 1, 1, 1, 1, 1, 1], 'B': [0, 1, 1, 1, 1, 1, 1, 1, 1, 0], 'C': [1, 1, 0, 1, 1, 0, 1, 1, 0, 1], 'D': [1, 1, 0, 1, 1, 1, 1, 1, 1, 1], 'E': [1, 1, 1, 1, 1, 0, 1, 1, 1, 1], 'F': [1, 1, 1, 1, 0, 1, 1, 1, 1, 1]}, '橘园北侧南': {'A': [1, 1, 0, 1, 1, 0, 1, 0, 0, 1], 'B': [0, 0, 0, 0, 1, 0, 1, 1, 1, 0], 'C': [0, 0, 1, 1, 1, 1, 0, 0, 1, 1], 'D': [1, 0, 1, 1, 1, 0, 0, 1, 0, 0], 'E': [1, 0, 1, 0, 0, 1, 1, 1, 0, 1], 'F': [1, 1, 1, 1, 0, 0, 0, 1, 1, 0], 'G': [0, 1, 1, 1, 1, 1, 1, 0, 1, 1], 'H': [1, 1, 1, 1, 1, 1, 1, 1, 1, 1], 'I': [0, 1, 0, 1, 1, 0, 1, 1, 1, 1], 'J': [1, 0, 0, 0, 1, 1, 1, 1, 1, 0]}, '校医院西': {'A': [1, 1, 1, 1, 1, 1, 1, 1, 1, 1], 'B': [1, 1, 1, 1, 1, 1, 1, 0, 1, 1], 'C': [1, 1, 1, 1, 1, 1, 1, 1, 1, 1], 'D': [1, 1, 1, 1, 1, 1, 1, 1, 1, 1], 'E': [1, 1, 1, 1, 1, 1, 1, 1, 1, 1], 'F': [0, 1, 1, 1, 0, 1, 1, 1, 1, 1], 'G': [1, 1, 1, 1, 1, 1, 1, 1, 1, 0], 'H': [1, 1, 0, 0, 1, 0, 1, 1, 0, 1], 'I': [1, 1, 1, 1, 0, 0, 0, 0, 0, 1]}}
623229	2024-07-13 04:34:49.626000+08:00	2024-07-13 04:34:49.626000+08:00	{'东门北侧': {'A': [1, 1, 1, 1, 1, 1, 1, 1, 1, 1], 'B': [1, 1, 1, 1, 1, 1, 1, 1, 1, 1], 'C': [0, 1, 1, 1, 1, 1, 1, 1, 1, 0], 'D': [1, 1, 1, 1, 1, 0, 1, 1, 1, 1], 'E': [1, 1, 0, 0, 1, 1, 1, 0, 1, 1], 'F': [0, 1, 1, 1, 1, 1, 1, 1, 1, 1], 'G': [0, 1, 1, 1, 1, 0, 1, 1, 0, 1], 'H': [1, 1, 1, 1, 0, 1, 1, 1, 1, 0], 'I': [0, 1, 0, 1, 1, 0, 1, 1, 1, 1], 'J': [1, 0, 1, 0, 1, 0, 1, 1, 1, 0], 'K': [0, 1, 1, 0, 0, 1, 1, 1, 0, 0]}, '东门南侧': {'A': [0, 0, 1, 1, 0, 1, 1, 1, 1, 0], 'B': [0, 0, 0, 0, 0, 0, 0, 0, 0, 0]}, '西门北侧': {'A': [1, 1, 1, 1, 1, 1, 1, 1, 1, 1], 'B': [0, 1, 1, 1, 1, 1, 1, 1, 0, 1], 'C': [1, 1, 0, 1, 1, 1, 1, 1, 1, 1]}, '西门南侧': {'A': [0, 1, 1, 1, 1, 1, 1, 1, 1, 1], 'B': [1, 1, 1, 1, 1, 1, 1, 1, 1, 1], 'C': [1, 1, 1, 1, 1, 1, 1, 1, 1, 1]}, '南门西侧': {'A': [1, 1, 1, 1, 1, 1, 1, 1, 1, 1], 'B': [1, 1, 1, 1, 0, 0, 1, 1, 1, 1]}, '南门东侧': {'A': [1, 0, 0, 1, 1, 1, 1, 1, 1, 1], 'B': [1, 1, 1, 1, 1, 1, 1, 1, 1, 1]}, '北门东北侧': {'A': [1, 1, 1, 1, 1, 1, 1, 1, 1, 1], 'B': [1, 1, 1, 1, 1, 1, 1, 1, 0, 1], 'C': [1, 1, 0, 1, 0, 1, 1, 1, 1, 0], 'D': [0, 0, 1, 1, 1, 0, 1, 0, 1, 1]}, '北门东南侧': {'A': [1, 1, 1, 1, 1, 1, 1, 1, 1, 1], 'B': [0, 1, 1, 1, 1, 1, 1, 1, 1, 0], 'C': [1, 1, 0, 1, 1, 0, 1, 1, 0, 1], 'D': [1, 1, 0, 1, 1, 1, 1, 1, 1, 1], 'E': [1, 1, 1, 1, 1, 0, 1, 1, 1, 1], 'F': [1, 1, 1, 1, 0, 1, 1, 1, 1, 1]}, '橘园北侧南': {'A': [1, 1, 0, 1, 1, 0, 1, 0, 0, 1], 'B': [0, 0, 0, 0, 1, 0, 1, 1, 1, 0], 'C': [0, 0, 1, 1, 1, 1, 0, 0, 1, 1], 'D': [1, 0, 1, 1, 1, 0, 0, 1, 0, 0], 'E': [1, 0, 1, 0, 0, 1, 1, 1, 0, 1], 'F': [1, 1, 1, 1, 0, 0, 0, 1, 1, 0], 'G': [0, 1, 1, 1, 1, 1, 1, 0, 1, 1], 'H': [1, 1, 1, 1, 1, 1, 1, 1, 1, 1], 'I': [0, 1, 0, 1, 1, 0, 1, 1, 1, 1], 'J': [1, 0, 0, 0, 1, 1, 1, 1, 1, 0]}, '校医院西': {'A': [1, 1, 1, 1, 1, 1, 1, 1, 1, 1], 'B': [1, 1, 1, 1, 1, 1, 1, 0, 1, 1], 'C': [1, 1, 1, 1, 1, 1, 1, 1, 1, 1], 'D': [1, 1, 1, 1, 1, 1, 1, 1, 1, 1], 'E': [1, 1, 1, 1, 1, 1, 1, 1, 1, 1], 'F': [0, 1, 1, 1, 0, 1, 1, 1, 1, 1], 'G': [1, 1, 1, 1, 1, 1, 1, 1, 1, 0], 'H': [1, 1, 0, 0, 1, 0, 1, 1, 0, 1], 'I': [1, 1, 1, 1, 0, 0, 0, 0, 0, 1]}}
623230	2024-07-13 04:35:50.585000+08:00	2024-07-13 04:35:50.585000+08:00	{'东门北侧': {'A': [1, 1, 1, 1, 1, 1, 1, 1, 1, 1], 'B': [1, 1, 1, 1, 1, 1, 1, 1, 1, 1], 'C': [0, 1, 1, 1, 1, 1, 1, 1, 1, 0], 'D': [1, 1, 1, 1, 1, 0, 1, 1, 1, 1], 'E': [1, 1, 0, 0, 1, 1, 1, 0, 1, 1], 'F': [0, 1, 1, 1, 1, 1, 1, 1, 1, 1], 'G': [0, 1, 1, 1, 1, 0, 1, 1, 0, 1], 'H': [1, 1, 1, 1, 0, 1, 1, 1, 1, 0], 'I': [0, 1, 0, 1, 1, 0, 1, 1, 1, 1], 'J': [1, 0, 1, 0, 1, 0, 1, 1, 1, 0], 'K': [0, 1, 1, 0, 0, 1, 1, 1, 0, 0]}, '东门南侧': {'A': [0, 0, 1, 1, 0, 1, 1, 1, 1, 0], 'B': [0, 0, 0, 0, 0, 0, 0, 0, 0, 0]}, '西门北侧': {'A': [1, 1, 1, 1, 1, 1, 1, 1, 1, 1], 'B': [0, 1, 1, 1, 1, 1, 1, 1, 0, 1], 'C': [1, 1, 0, 1, 1, 1, 1, 1, 1, 1]}, '西门南侧': {'A': [0, 1, 1, 1, 1, 1, 1, 1, 1, 1], 'B': [1, 1, 1, 1, 1, 1, 1, 1, 1, 1], 'C': [1, 1, 1, 1, 1, 1, 1, 1, 1, 1]}, '南门西侧': {'A': [1, 1, 1, 1, 1, 1, 1, 1, 1, 1], 'B': [1, 1, 1, 1, 0, 0, 1, 1, 1, 1]}, '南门东侧': {'A': [1, 0, 0, 1, 1, 1, 1, 1, 1, 1], 'B': [1, 1, 1, 1, 1, 1, 1, 1, 1, 1]}, '北门东北侧': {'A': [1, 1, 1, 1, 1, 1, 1, 1, 1, 1], 'B': [1, 1, 1, 1, 1, 1, 1, 1, 0, 1], 'C': [1, 1, 0, 1, 0, 1, 1, 1, 1, 0], 'D': [0, 0, 1, 1, 1, 0, 1, 0, 1, 1]}, '北门东南侧': {'A': [1, 1, 1, 1, 1, 1, 1, 1, 1, 1], 'B': [0, 1, 1, 1, 1, 1, 1, 1, 1, 0], 'C': [1, 1, 0, 1, 1, 0, 1, 1, 0, 1], 'D': [1, 1, 0, 1, 1, 1, 1, 1, 1, 1], 'E': [1, 1, 1, 1, 1, 0, 1, 1, 1, 1], 'F': [1, 1, 1, 1, 0, 1, 1, 1, 1, 1]}, '橘园北侧南': {'A': [1, 1, 0, 1, 1, 0, 1, 0, 0, 1], 'B': [0, 0, 0, 0, 1, 0, 1, 1, 1, 0], 'C': [0, 0, 1, 1, 1, 1, 0, 0, 1, 1], 'D': [1, 0, 1, 1, 1, 0, 0, 1, 0, 0], 'E': [1, 0, 1, 0, 0, 1, 1, 1, 0, 1], 'F': [1, 1, 1, 1, 0, 0, 0, 1, 1, 0], 'G': [0, 1, 1, 1, 1, 1, 1, 0, 1, 1], 'H': [1, 1, 1, 1, 1, 1, 1, 1, 1, 1], 'I': [0, 1, 0, 1, 1, 0, 1, 1, 1, 1], 'J': [1, 0, 0, 0, 1, 1, 1, 1, 1, 0]}, '校医院西': {'A': [1, 1, 1, 1, 1, 1, 1, 1, 1, 1], 'B': [1, 1, 1, 1, 1, 1, 1, 0, 1, 1], 'C': [1, 1, 1, 1, 1, 1, 1, 1, 1, 1], 'D': [1, 1, 1, 1, 1, 1, 1, 1, 1, 1], 'E': [1, 1, 1, 1, 1, 1, 1, 1, 1, 1], 'F': [0, 1, 1, 1, 0, 1, 1, 1, 1, 1], 'G': [1, 1, 1, 1, 1, 1, 1, 1, 1, 0], 'H': [1, 1, 0, 0, 1, 0, 1, 1, 0, 1], 'I': [1, 1, 1, 1, 0, 0, 0, 0, 0, 1]}}
623231	2024-07-13 04:36:49.639000+08:00	2024-07-13 04:36:49.639000+08:00	{'东门北侧': {'A': [1, 1, 1, 1, 1, 1, 1, 1, 1, 1], 'B': [1, 1, 1, 1, 1, 1, 1, 1, 1, 1], 'C': [0, 1, 1, 1, 1, 1, 1, 1, 1, 0], 'D': [1, 1, 1, 1, 1, 0, 1, 1, 1, 1], 'E': [1, 1, 0, 0, 1, 1, 1, 0, 1, 1], 'F': [0, 1, 1, 1, 1, 1, 1, 1, 1, 1], 'G': [0, 1, 1, 1, 1, 0, 1, 1, 0, 1], 'H': [1, 1, 1, 1, 0, 1, 1, 1, 1, 0], 'I': [0, 1, 0, 1, 1, 0, 1, 1, 1, 1], 'J': [1, 0, 1, 0, 1, 0, 1, 1, 1, 0], 'K': [0, 1, 1, 0, 0, 1, 1, 1, 0, 0]}, '东门南侧': {'A': [0, 0, 1, 1, 0, 1, 1, 1, 1, 0], 'B': [0, 0, 0, 0, 0, 0, 0, 0, 0, 0]}, '西门北侧': {'A': [1, 1, 1, 1, 1, 1, 1, 1, 1, 1], 'B': [0, 1, 1, 1, 1, 1, 1, 1, 0, 1], 'C': [1, 1, 0, 1, 1, 1, 1, 1, 1, 1]}, '西门南侧': {'A': [0, 1, 1, 1, 1, 1, 1, 1, 1, 1], 'B': [1, 1, 1, 1, 1, 1, 1, 1, 1, 1], 'C': [1, 1, 1, 1, 1, 1, 1, 1, 1, 1]}, '南门西侧': {'A': [1, 1, 1, 1, 1, 1, 1, 1, 1, 1], 'B': [1, 1, 1, 1, 0, 0, 1, 1, 1, 1]}, '南门东侧': {'A': [1, 0, 0, 1, 1, 1, 1, 1, 1, 1], 'B': [1, 1, 1, 1, 1, 1, 1, 1, 1, 1]}, '北门东北侧': {'A': [1, 1, 1, 1, 1, 1, 1, 1, 1, 1], 'B': [1, 1, 1, 1, 1, 1, 1, 1, 0, 1], 'C': [1, 1, 0, 1, 0, 1, 1, 1, 1, 0], 'D': [0, 0, 1, 1, 1, 0, 1, 0, 1, 1]}, '北门东南侧': {'A': [1, 1, 1, 1, 1, 1, 1, 1, 1, 1], 'B': [0, 1, 1, 1, 1, 1, 1, 1, 1, 0], 'C': [1, 1, 0, 1, 1, 0, 1, 1, 0, 1], 'D': [1, 1, 0, 1, 1, 1, 1, 1, 1, 1], 'E': [1, 1, 1, 1, 1, 0, 1, 1, 1, 1], 'F': [1, 1, 1, 1, 0, 1, 1, 1, 1, 1]}, '橘园北侧南': {'A': [1, 1, 0, 1, 1, 0, 1, 0, 0, 1], 'B': [0, 0, 0, 0, 1, 0, 1, 1, 1, 0], 'C': [0, 0, 1, 1, 1, 1, 0, 0, 1, 1], 'D': [1, 0, 1, 1, 1, 0, 0, 1, 0, 0], 'E': [1, 0, 1, 0, 0, 1, 1, 1, 0, 1], 'F': [1, 1, 1, 1, 0, 0, 0, 1, 1, 0], 'G': [0, 1, 1, 1, 1, 1, 1, 0, 1, 1], 'H': [1, 1, 1, 1, 1, 1, 1, 1, 1, 1], 'I': [0, 1, 0, 1, 1, 0, 1, 1, 1, 1], 'J': [1, 0, 0, 0, 1, 1, 1, 1, 1, 0]}, '校医院西': {'A': [1, 1, 1, 1, 1, 1, 1, 1, 1, 1], 'B': [1, 1, 1, 1, 1, 1, 1, 0, 1, 1], 'C': [1, 1, 1, 1, 1, 1, 1, 1, 1, 1], 'D': [1, 1, 1, 1, 1, 1, 1, 1, 1, 1], 'E': [1, 1, 1, 1, 1, 1, 1, 1, 1, 1], 'F': [0, 1, 1, 1, 0, 1, 1, 1, 1, 1], 'G': [1, 1, 1, 1, 1, 1, 1, 1, 1, 0], 'H': [1, 1, 0, 0, 1, 0, 1, 1, 0, 1], 'I': [1, 1, 1, 1, 0, 0, 0, 0, 0, 1]}}
623232	2024-07-13 04:37:48.636000+08:00	2024-07-13 04:37:48.636000+08:00	{'东门北侧': {'A': [1, 1, 1, 1, 1, 1, 1, 1, 1, 1], 'B': [1, 1, 1, 1, 1, 1, 1, 1, 1, 1], 'C': [0, 1, 1, 1, 1, 1, 1, 1, 1, 0], 'D': [1, 1, 1, 1, 1, 0, 1, 1, 1, 1], 'E': [1, 1, 0, 0, 1, 1, 1, 0, 1, 1], 'F': [0, 1, 1, 1, 1, 1, 1, 1, 1, 1], 'G': [0, 1, 1, 1, 1, 0, 1, 1, 0, 1], 'H': [1, 1, 1, 1, 0, 1, 1, 1, 1, 0], 'I': [0, 1, 0, 1, 1, 0, 1, 1, 1, 1], 'J': [1, 0, 1, 0, 1, 0, 1, 1, 1, 0], 'K': [0, 1, 1, 0, 0, 1, 1, 1, 0, 0]}, '东门南侧': {'A': [0, 0, 1, 1, 0, 1, 1, 1, 1, 0], 'B': [0, 0, 0, 0, 0, 0, 0, 0, 0, 0]}, '西门北侧': {'A': [1, 1, 1, 1, 1, 1, 1, 1, 1, 1], 'B': [0, 1, 1, 1, 1, 1, 1, 1, 0, 1], 'C': [1, 1, 0, 1, 1, 1, 1, 1, 1, 1]}, '西门南侧': {'A': [0, 1, 1, 1, 1, 1, 1, 1, 1, 1], 'B': [1, 1, 1, 1, 1, 1, 1, 1, 1, 1], 'C': [1, 1, 1, 1, 1, 1, 1, 1, 1, 1]}, '南门西侧': {'A': [1, 1, 1, 1, 1, 1, 1, 1, 1, 1], 'B': [1, 1, 1, 1, 0, 0, 1, 1, 1, 1]}, '南门东侧': {'A': [1, 0, 0, 1, 1, 1, 1, 1, 1, 1], 'B': [1, 1, 1, 1, 1, 1, 1, 1, 1, 1]}, '北门东北侧': {'A': [1, 1, 1, 1, 1, 1, 1, 1, 1, 1], 'B': [1, 1, 1, 1, 1, 1, 1, 1, 0, 1], 'C': [1, 1, 0, 1, 0, 1, 1, 1, 1, 0], 'D': [0, 0, 1, 1, 1, 0, 1, 0, 1, 1]}, '北门东南侧': {'A': [1, 1, 1, 1, 1, 1, 1, 1, 1, 1], 'B': [0, 1, 1, 1, 1, 1, 1, 1, 1, 0], 'C': [1, 1, 0, 1, 1, 0, 1, 1, 0, 1], 'D': [1, 1, 0, 1, 1, 1, 1, 1, 1, 1], 'E': [1, 1, 1, 1, 1, 0, 1, 1, 1, 1], 'F': [1, 1, 1, 1, 0, 1, 1, 1, 1, 1]}, '橘园北侧南': {'A': [1, 1, 0, 1, 1, 0, 1, 0, 0, 1], 'B': [0, 0, 0, 0, 1, 0, 1, 1, 1, 0], 'C': [0, 0, 1, 1, 1, 1, 0, 0, 1, 1], 'D': [1, 0, 1, 1, 1, 0, 0, 1, 0, 0], 'E': [1, 0, 1, 0, 0, 1, 1, 1, 0, 1], 'F': [1, 1, 1, 1, 0, 0, 0, 1, 1, 0], 'G': [0, 1, 1, 1, 1, 1, 1, 0, 1, 1], 'H': [1, 1, 1, 1, 1, 1, 1, 1, 1, 1], 'I': [0, 1, 0, 1, 1, 0, 1, 1, 1, 1], 'J': [1, 0, 0, 0, 1, 1, 1, 1, 1, 0]}, '校医院西': {'A': [1, 1, 1, 1, 1, 1, 1, 1, 1, 1], 'B': [1, 1, 1, 1, 1, 1, 1, 0, 1, 1], 'C': [1, 1, 1, 1, 1, 1, 1, 1, 1, 1], 'D': [1, 1, 1, 1, 1, 1, 1, 1, 1, 1], 'E': [1, 1, 1, 1, 1, 1, 1, 1, 1, 1], 'F': [0, 1, 1, 1, 0, 1, 1, 1, 1, 1], 'G': [1, 1, 1, 1, 1, 1, 1, 1, 1, 0], 'H': [1, 1, 0, 0, 1, 0, 1, 1, 0, 1], 'I': [1, 1, 1, 1, 0, 0, 0, 0, 0, 1]}}
623233	2024-07-13 04:38:47.138000+08:00	2024-07-13 04:38:47.138000+08:00	{'东门北侧': {'A': [1, 1, 1, 1, 1, 1, 1, 1, 1, 1], 'B': [1, 1, 1, 1, 1, 1, 1, 1, 1, 1], 'C': [0, 1, 1, 1, 1, 1, 1, 1, 1, 0], 'D': [1, 1, 1, 1, 1, 0, 1, 1, 1, 1], 'E': [1, 1, 0, 0, 1, 1, 1, 0, 1, 1], 'F': [0, 1, 1, 1, 1, 1, 1, 1, 1, 1], 'G': [0, 1, 1, 1, 1, 0, 1, 1, 0, 1], 'H': [1, 1, 1, 1, 0, 1, 1, 1, 1, 0], 'I': [0, 1, 0, 1, 1, 0, 1, 1, 1, 1], 'J': [1, 0, 1, 0, 1, 0, 1, 1, 1, 0], 'K': [0, 1, 1, 0, 0, 1, 1, 1, 0, 0]}, '东门南侧': {'A': [0, 0, 1, 1, 0, 1, 1, 1, 1, 0], 'B': [0, 0, 0, 0, 0, 0, 0, 0, 0, 0]}, '西门北侧': {'A': [1, 1, 1, 1, 1, 1, 1, 1, 1, 1], 'B': [0, 1, 1, 1, 1, 1, 1, 1, 0, 1], 'C': [1, 1, 0, 1, 1, 1, 1, 1, 1, 1]}, '西门南侧': {'A': [0, 1, 1, 1, 1, 1, 1, 1, 1, 1], 'B': [1, 1, 1, 1, 1, 1, 1, 1, 1, 1], 'C': [1, 1, 1, 1, 1, 1, 1, 1, 1, 1]}, '南门西侧': {'A': [1, 1, 1, 1, 1, 1, 1, 1, 1, 1], 'B': [1, 1, 1, 1, 0, 0, 1, 1, 1, 1]}, '南门东侧': {'A': [1, 0, 0, 1, 1, 1, 1, 1, 1, 1], 'B': [1, 1, 1, 1, 1, 1, 1, 1, 1, 1]}, '北门东北侧': {'A': [1, 1, 1, 1, 1, 1, 1, 1, 1, 1], 'B': [1, 1, 1, 1, 1, 1, 1, 1, 0, 1], 'C': [1, 1, 0, 1, 0, 1, 1, 1, 1, 0], 'D': [0, 0, 1, 1, 1, 0, 1, 0, 1, 1]}, '北门东南侧': {'A': [1, 1, 1, 1, 1, 1, 1, 1, 1, 1], 'B': [0, 1, 1, 1, 1, 1, 1, 1, 1, 0], 'C': [1, 1, 0, 1, 1, 0, 1, 1, 0, 1], 'D': [1, 1, 0, 1, 1, 1, 1, 1, 1, 1], 'E': [1, 1, 1, 1, 1, 0, 1, 1, 1, 1], 'F': [1, 1, 1, 1, 0, 1, 1, 1, 1, 1]}, '橘园北侧南': {'A': [1, 1, 0, 1, 1, 0, 1, 0, 0, 1], 'B': [0, 0, 0, 0, 1, 0, 1, 1, 1, 0], 'C': [0, 0, 1, 1, 1, 1, 0, 0, 1, 1], 'D': [1, 0, 1, 1, 1, 0, 0, 1, 0, 0], 'E': [1, 0, 1, 0, 0, 1, 1, 1, 0, 1], 'F': [1, 1, 1, 1, 0, 0, 0, 1, 1, 0], 'G': [0, 1, 1, 1, 1, 1, 1, 0, 1, 1], 'H': [1, 1, 1, 1, 1, 1, 1, 1, 1, 1], 'I': [0, 1, 0, 1, 1, 0, 1, 1, 1, 1], 'J': [1, 0, 0, 0, 1, 1, 1, 1, 1, 0]}, '校医院西': {'A': [1, 1, 1, 1, 1, 1, 1, 1, 1, 1], 'B': [1, 1, 1, 1, 1, 1, 1, 0, 1, 1], 'C': [1, 1, 1, 1, 1, 1, 1, 1, 1, 1], 'D': [1, 1, 1, 1, 1, 1, 1, 1, 1, 1], 'E': [1, 1, 1, 1, 1, 1, 1, 1, 1, 1], 'F': [0, 1, 1, 1, 0, 1, 1, 1, 1, 1], 'G': [1, 1, 1, 1, 1, 1, 1, 1, 1, 0], 'H': [1, 1, 0, 0, 1, 0, 1, 1, 0, 1], 'I': [1, 1, 1, 1, 0, 0, 0, 0, 0, 1]}}
623234	2024-07-13 04:39:49.576000+08:00	2024-07-13 04:39:49.576000+08:00	{'东门北侧': {'A': [1, 1, 1, 1, 1, 1, 1, 1, 1, 1], 'B': [1, 1, 1, 1, 1, 1, 1, 1, 1, 1], 'C': [0, 1, 1, 1, 1, 1, 1, 1, 1, 0], 'D': [1, 1, 1, 1, 1, 0, 1, 1, 1, 1], 'E': [1, 1, 0, 0, 1, 1, 1, 0, 1, 1], 'F': [0, 1, 1, 1, 1, 1, 1, 1, 1, 1], 'G': [0, 1, 1, 1, 1, 0, 1, 1, 0, 1], 'H': [1, 1, 1, 1, 0, 1, 1, 1, 1, 0], 'I': [0, 1, 0, 1, 1, 0, 1, 1, 1, 1], 'J': [1, 0, 1, 0, 1, 0, 1, 1, 1, 0], 'K': [0, 1, 1, 0, 0, 1, 1, 1, 0, 0]}, '东门南侧': {'A': [0, 0, 1, 1, 0, 1, 1, 1, 1, 0], 'B': [0, 0, 0, 0, 0, 0, 0, 0, 0, 0]}, '西门北侧': {'A': [1, 1, 1, 1, 1, 1, 1, 1, 1, 1], 'B': [0, 1, 1, 1, 1, 1, 1, 1, 0, 1], 'C': [1, 1, 0, 1, 1, 1, 1, 1, 1, 1]}, '西门南侧': {'A': [0, 1, 1, 1, 1, 1, 1, 1, 1, 1], 'B': [1, 1, 1, 1, 1, 1, 1, 1, 1, 1], 'C': [1, 1, 1, 1, 1, 1, 1, 1, 1, 1]}, '南门西侧': {'A': [1, 1, 1, 1, 1, 1, 1, 1, 1, 1], 'B': [1, 1, 1, 1, 0, 0, 1, 1, 1, 1]}, '南门东侧': {'A': [1, 0, 0, 1, 1, 1, 1, 1, 1, 1], 'B': [1, 1, 1, 1, 1, 1, 1, 1, 1, 1]}, '北门东北侧': {'A': [1, 1, 1, 1, 1, 1, 1, 1, 1, 1], 'B': [1, 1, 1, 1, 1, 1, 1, 1, 0, 1], 'C': [1, 1, 0, 1, 0, 1, 1, 1, 1, 0], 'D': [0, 0, 1, 1, 1, 0, 1, 0, 1, 1]}, '北门东南侧': {'A': [1, 1, 1, 1, 1, 1, 1, 1, 1, 1], 'B': [0, 1, 1, 1, 1, 1, 1, 1, 1, 0], 'C': [1, 1, 0, 1, 1, 0, 1, 1, 0, 1], 'D': [1, 1, 0, 1, 1, 1, 1, 1, 1, 1], 'E': [1, 1, 1, 1, 1, 0, 1, 1, 1, 1], 'F': [1, 1, 1, 1, 0, 1, 1, 1, 1, 1]}, '橘园北侧南': {'A': [1, 1, 0, 1, 1, 0, 1, 0, 0, 1], 'B': [0, 0, 0, 0, 1, 0, 1, 1, 1, 0], 'C': [0, 0, 1, 1, 1, 1, 0, 0, 1, 1], 'D': [1, 0, 1, 1, 1, 0, 0, 1, 0, 0], 'E': [1, 1, 1, 0, 0, 1, 1, 1, 0, 1], 'F': [1, 1, 1, 1, 0, 0, 0, 1, 1, 0], 'G': [0, 1, 1, 1, 1, 1, 1, 0, 1, 1], 'H': [1, 1, 1, 1, 1, 1, 1, 1, 1, 1], 'I': [0, 1, 0, 1, 1, 0, 1, 1, 1, 1], 'J': [1, 0, 0, 0, 1, 1, 1, 1, 1, 0]}, '校医院西': {'A': [1, 1, 1, 1, 1, 1, 1, 1, 1, 1], 'B': [1, 1, 1, 1, 1, 1, 1, 0, 1, 1], 'C': [1, 1, 1, 1, 1, 1, 1, 1, 1, 1], 'D': [1, 1, 1, 1, 1, 1, 1, 1, 1, 1], 'E': [1, 1, 1, 1, 1, 1, 1, 1, 1, 1], 'F': [0, 1, 1, 1, 0, 1, 1, 1, 1, 1], 'G': [1, 1, 1, 1, 1, 1, 1, 1, 1, 0], 'H': [1, 1, 0, 0, 1, 0, 1, 1, 0, 1], 'I': [1, 1, 1, 1, 0, 0, 0, 0, 0, 1]}}
623235	2024-07-13 04:40:48.676000+08:00	2024-07-13 04:40:48.676000+08:00	{'东门北侧': {'A': [1, 1, 1, 1, 1, 1, 1, 1, 1, 1], 'B': [1, 1, 1, 1, 1, 1, 1, 1, 1, 1], 'C': [0, 1, 1, 1, 1, 1, 1, 1, 1, 0], 'D': [1, 1, 1, 1, 1, 0, 1, 1, 1, 1], 'E': [1, 1, 0, 0, 1, 1, 1, 0, 1, 1], 'F': [0, 1, 1, 1, 1, 1, 1, 1, 1, 1], 'G': [0, 1, 1, 1, 1, 0, 1, 1, 0, 1], 'H': [1, 1, 1, 1, 0, 1, 1, 1, 1, 0], 'I': [0, 1, 0, 1, 1, 0, 1, 1, 1, 1], 'J': [1, 0, 1, 0, 1, 0, 1, 1, 1, 0], 'K': [0, 1, 1, 0, 0, 1, 1, 1, 0, 0]}, '东门南侧': {'A': [0, 0, 1, 1, 0, 1, 1, 1, 1, 0], 'B': [0, 0, 0, 0, 0, 0, 0, 0, 0, 0]}, '西门北侧': {'A': [1, 1, 1, 1, 1, 1, 1, 1, 1, 1], 'B': [0, 1, 1, 1, 1, 1, 1, 1, 0, 1], 'C': [1, 1, 0, 1, 1, 1, 1, 1, 1, 1]}, '西门南侧': {'A': [0, 1, 1, 1, 1, 1, 1, 1, 1, 1], 'B': [1, 1, 1, 1, 1, 1, 1, 1, 1, 1], 'C': [1, 1, 1, 1, 1, 1, 1, 1, 1, 1]}, '南门西侧': {'A': [1, 1, 1, 1, 1, 1, 1, 1, 1, 1], 'B': [1, 1, 1, 1, 0, 0, 1, 1, 1, 1]}, '南门东侧': {'A': [1, 0, 0, 1, 1, 1, 1, 1, 1, 1], 'B': [1, 1, 1, 1, 1, 1, 1, 1, 1, 1]}, '北门东北侧': {'A': [1, 1, 1, 1, 1, 1, 1, 1, 1, 1], 'B': [1, 1, 1, 1, 1, 1, 1, 1, 0, 1], 'C': [1, 1, 0, 1, 0, 1, 1, 1, 1, 0], 'D': [0, 0, 1, 1, 1, 0, 1, 0, 1, 1]}, '北门东南侧': {'A': [1, 1, 1, 1, 1, 1, 1, 1, 1, 1], 'B': [0, 1, 1, 1, 1, 1, 1, 1, 1, 0], 'C': [1, 1, 0, 1, 1, 0, 1, 1, 0, 1], 'D': [1, 1, 0, 1, 1, 1, 1, 1, 1, 1], 'E': [1, 1, 1, 1, 1, 0, 1, 1, 1, 1], 'F': [1, 1, 1, 1, 0, 1, 1, 1, 1, 1]}, '橘园北侧南': {'A': [1, 1, 0, 1, 1, 0, 1, 0, 0, 1], 'B': [0, 0, 0, 0, 1, 0, 1, 1, 1, 0], 'C': [0, 0, 1, 1, 1, 1, 0, 0, 1, 1], 'D': [1, 0, 1, 1, 1, 0, 0, 1, 0, 0], 'E': [1, 1, 1, 0, 0, 1, 1, 1, 0, 1], 'F': [1, 1, 1, 1, 0, 0, 0, 1, 1, 0], 'G': [0, 1, 1, 1, 1, 1, 1, 0, 1, 1], 'H': [1, 1, 1, 1, 1, 1, 1, 1, 1, 1], 'I': [0, 1, 0, 1, 1, 0, 1, 1, 1, 1], 'J': [1, 0, 0, 0, 1, 1, 1, 1, 1, 0]}, '校医院西': {'A': [1, 1, 1, 1, 1, 1, 1, 1, 1, 1], 'B': [1, 1, 1, 1, 1, 1, 1, 0, 1, 1], 'C': [1, 1, 1, 1, 1, 1, 1, 1, 1, 1], 'D': [1, 1, 1, 1, 1, 1, 1, 1, 1, 1], 'E': [1, 1, 1, 1, 1, 1, 1, 1, 1, 1], 'F': [0, 1, 1, 1, 0, 1, 1, 1, 1, 1], 'G': [1, 1, 1, 1, 1, 1, 1, 1, 1, 0], 'H': [1, 1, 0, 0, 1, 0, 1, 1, 0, 1], 'I': [1, 1, 1, 1, 0, 0, 0, 0, 0, 1]}}
623236	2024-07-13 04:41:47.663000+08:00	2024-07-13 04:41:47.663000+08:00	{'东门北侧': {'A': [1, 1, 1, 1, 1, 1, 1, 1, 1, 1], 'B': [1, 1, 1, 1, 1, 1, 1, 1, 1, 1], 'C': [0, 1, 1, 1, 1, 1, 1, 1, 1, 0], 'D': [1, 1, 1, 1, 1, 0, 1, 1, 1, 1], 'E': [1, 1, 0, 0, 1, 1, 1, 0, 1, 1], 'F': [0, 1, 1, 1, 1, 1, 1, 1, 1, 1], 'G': [0, 1, 1, 1, 1, 0, 1, 1, 0, 1], 'H': [1, 1, 1, 1, 0, 1, 1, 1, 1, 0], 'I': [0, 1, 0, 1, 1, 0, 1, 1, 1, 1], 'J': [1, 0, 1, 0, 1, 0, 1, 1, 1, 0], 'K': [0, 1, 1, 0, 0, 1, 1, 1, 0, 0]}, '东门南侧': {'A': [0, 0, 1, 1, 0, 1, 1, 1, 1, 0], 'B': [0, 0, 0, 0, 0, 0, 0, 0, 0, 0]}, '西门北侧': {'A': [1, 1, 1, 1, 1, 1, 1, 1, 1, 1], 'B': [0, 1, 1, 1, 1, 1, 1, 1, 0, 1], 'C': [1, 1, 0, 1, 1, 1, 1, 1, 1, 1]}, '西门南侧': {'A': [0, 1, 1, 1, 1, 1, 1, 1, 1, 1], 'B': [1, 1, 1, 1, 1, 1, 1, 1, 1, 1], 'C': [1, 1, 1, 1, 1, 1, 1, 1, 1, 1]}, '南门西侧': {'A': [1, 1, 1, 1, 1, 1, 1, 1, 1, 1], 'B': [1, 1, 1, 1, 0, 0, 1, 1, 1, 1]}, '南门东侧': {'A': [1, 0, 0, 1, 1, 1, 1, 1, 1, 1], 'B': [1, 1, 1, 1, 1, 1, 1, 1, 1, 1]}, '北门东北侧': {'A': [1, 1, 1, 1, 1, 1, 1, 1, 1, 1], 'B': [1, 1, 1, 1, 1, 1, 1, 1, 0, 1], 'C': [1, 1, 0, 1, 0, 1, 1, 1, 1, 0], 'D': [0, 0, 1, 1, 1, 0, 1, 0, 1, 1]}, '北门东南侧': {'A': [1, 1, 1, 1, 1, 1, 1, 1, 1, 1], 'B': [0, 1, 1, 1, 1, 1, 1, 1, 1, 0], 'C': [1, 1, 0, 1, 1, 0, 1, 1, 0, 1], 'D': [1, 1, 0, 1, 1, 1, 1, 1, 1, 1], 'E': [1, 1, 1, 1, 1, 0, 1, 1, 1, 1], 'F': [1, 1, 1, 1, 0, 1, 1, 1, 1, 1]}, '橘园北侧南': {'A': [1, 1, 0, 1, 1, 0, 1, 0, 0, 1], 'B': [0, 0, 0, 0, 1, 0, 1, 1, 1, 0], 'C': [0, 0, 1, 1, 1, 1, 0, 0, 1, 1], 'D': [1, 0, 1, 1, 1, 0, 0, 1, 0, 0], 'E': [1, 1, 1, 0, 0, 1, 1, 1, 0, 1], 'F': [1, 1, 1, 1, 0, 0, 0, 1, 1, 0], 'G': [0, 1, 1, 1, 1, 1, 1, 0, 1, 1], 'H': [1, 1, 1, 1, 1, 1, 1, 1, 1, 1], 'I': [0, 1, 0, 1, 1, 0, 1, 1, 1, 1], 'J': [1, 0, 0, 0, 1, 1, 1, 1, 1, 0]}, '校医院西': {'A': [1, 1, 1, 1, 1, 1, 1, 1, 1, 1], 'B': [1, 1, 1, 1, 1, 1, 1, 0, 1, 1], 'C': [1, 1, 1, 1, 1, 1, 1, 1, 1, 1], 'D': [1, 1, 1, 1, 1, 1, 1, 1, 1, 1], 'E': [1, 1, 1, 1, 1, 1, 1, 1, 1, 1], 'F': [0, 1, 1, 1, 0, 1, 1, 1, 1, 1], 'G': [1, 1, 1, 1, 1, 1, 1, 1, 1, 0], 'H': [1, 1, 0, 0, 1, 0, 1, 1, 0, 1], 'I': [1, 1, 1, 1, 0, 0, 0, 0, 0, 1]}}
623237	2024-07-13 04:42:50.593000+08:00	2024-07-13 04:42:50.593000+08:00	{'东门北侧': {'A': [1, 1, 1, 1, 1, 1, 1, 1, 1, 1], 'B': [1, 1, 1, 1, 1, 1, 1, 1, 1, 1], 'C': [0, 1, 1, 1, 1, 1, 1, 1, 1, 0], 'D': [1, 1, 1, 1, 1, 0, 1, 1, 1, 1], 'E': [1, 1, 0, 0, 1, 1, 1, 0, 1, 1], 'F': [0, 1, 1, 1, 1, 1, 1, 1, 1, 1], 'G': [0, 1, 1, 1, 1, 0, 1, 1, 0, 1], 'H': [1, 1, 1, 1, 0, 1, 1, 1, 1, 0], 'I': [0, 1, 0, 1, 1, 0, 1, 1, 1, 1], 'J': [1, 0, 1, 0, 1, 0, 1, 1, 1, 0], 'K': [0, 1, 1, 0, 0, 1, 1, 1, 0, 0]}, '东门南侧': {'A': [0, 0, 1, 1, 0, 1, 1, 1, 1, 0], 'B': [0, 0, 0, 0, 0, 0, 0, 0, 0, 0]}, '西门北侧': {'A': [1, 1, 1, 1, 1, 1, 1, 1, 1, 1], 'B': [0, 1, 1, 1, 1, 1, 1, 1, 0, 1], 'C': [1, 1, 0, 1, 1, 1, 1, 1, 1, 1]}, '西门南侧': {'A': [0, 1, 1, 1, 1, 1, 1, 1, 1, 1], 'B': [1, 1, 1, 1, 1, 1, 1, 1, 1, 1], 'C': [1, 1, 1, 1, 1, 1, 1, 1, 1, 1]}, '南门西侧': {'A': [1, 1, 1, 1, 1, 1, 1, 1, 1, 1], 'B': [1, 1, 1, 1, 0, 0, 1, 1, 1, 1]}, '南门东侧': {'A': [1, 0, 0, 1, 1, 1, 1, 1, 1, 1], 'B': [1, 1, 1, 1, 1, 1, 1, 1, 1, 1]}, '北门东北侧': {'A': [1, 1, 1, 1, 1, 1, 1, 1, 1, 1], 'B': [1, 1, 1, 1, 1, 1, 1, 1, 0, 1], 'C': [1, 1, 0, 1, 0, 1, 1, 1, 1, 0], 'D': [0, 0, 1, 1, 1, 0, 1, 0, 1, 1]}, '北门东南侧': {'A': [1, 1, 1, 1, 1, 1, 1, 1, 1, 1], 'B': [0, 1, 1, 1, 1, 1, 1, 1, 1, 0], 'C': [1, 1, 0, 1, 1, 0, 1, 1, 0, 1], 'D': [1, 1, 0, 1, 1, 1, 1, 1, 1, 1], 'E': [1, 1, 1, 1, 1, 0, 1, 1, 1, 1], 'F': [1, 1, 1, 1, 0, 1, 1, 1, 1, 1]}, '橘园北侧南': {'A': [1, 1, 0, 1, 1, 0, 1, 0, 0, 1], 'B': [0, 1, 0, 0, 1, 0, 1, 1, 1, 0], 'C': [0, 0, 1, 1, 1, 1, 0, 0, 1, 1], 'D': [1, 0, 1, 1, 1, 0, 0, 1, 0, 0], 'E': [1, 1, 1, 0, 0, 1, 1, 1, 0, 1], 'F': [1, 1, 1, 1, 0, 0, 0, 1, 1, 0], 'G': [0, 1, 1, 1, 1, 1, 1, 0, 1, 1], 'H': [1, 1, 1, 1, 1, 1, 1, 1, 1, 1], 'I': [0, 1, 0, 1, 1, 0, 1, 1, 1, 1], 'J': [1, 0, 0, 0, 1, 1, 1, 1, 1, 0]}, '校医院西': {'A': [1, 1, 1, 1, 1, 1, 1, 1, 1, 1], 'B': [1, 1, 1, 1, 1, 1, 1, 0, 1, 1], 'C': [1, 1, 1, 1, 1, 1, 1, 1, 1, 1], 'D': [1, 1, 1, 1, 1, 1, 1, 1, 1, 1], 'E': [1, 1, 1, 1, 1, 1, 1, 1, 1, 1], 'F': [0, 1, 1, 1, 0, 1, 1, 1, 1, 1], 'G': [1, 1, 1, 1, 1, 1, 1, 1, 1, 0], 'H': [1, 1, 0, 1, 1, 0, 1, 1, 0, 1], 'I': [1, 1, 1, 1, 0, 0, 0, 0, 0, 1]}}
623238	2024-07-13 04:43:47.579000+08:00	2024-07-13 04:43:47.579000+08:00	{'东门北侧': {'A': [1, 1, 1, 1, 1, 1, 1, 1, 1, 1], 'B': [1, 1, 1, 1, 1, 1, 1, 1, 1, 1], 'C': [0, 1, 1, 1, 1, 1, 1, 1, 1, 0], 'D': [1, 1, 1, 1, 1, 0, 1, 1, 1, 1], 'E': [1, 1, 0, 0, 1, 1, 1, 0, 1, 1], 'F': [0, 1, 1, 1, 1, 1, 1, 1, 1, 1], 'G': [1, 1, 1, 1, 1, 0, 1, 1, 0, 1], 'H': [1, 1, 1, 1, 0, 1, 1, 1, 1, 0], 'I': [0, 1, 0, 1, 1, 0, 1, 1, 1, 1], 'J': [1, 0, 1, 0, 1, 0, 1, 1, 1, 0], 'K': [0, 1, 1, 0, 0, 1, 1, 1, 0, 0]}, '东门南侧': {'A': [0, 0, 1, 1, 0, 1, 1, 1, 1, 0], 'B': [0, 0, 0, 0, 0, 0, 0, 0, 0, 0]}, '西门北侧': {'A': [1, 1, 1, 1, 1, 1, 1, 1, 1, 1], 'B': [0, 1, 1, 1, 1, 1, 1, 1, 0, 1], 'C': [1, 1, 0, 1, 1, 1, 1, 1, 1, 1]}, '西门南侧': {'A': [0, 1, 1, 1, 1, 1, 1, 1, 1, 1], 'B': [1, 1, 1, 1, 1, 1, 1, 1, 1, 1], 'C': [1, 1, 1, 1, 1, 1, 1, 1, 1, 1]}, '南门西侧': {'A': [1, 1, 1, 1, 1, 1, 1, 1, 1, 1], 'B': [1, 1, 1, 1, 0, 0, 1, 1, 1, 1]}, '南门东侧': {'A': [1, 0, 0, 1, 1, 1, 1, 1, 1, 1], 'B': [1, 1, 1, 1, 1, 1, 1, 1, 1, 1]}, '北门东北侧': {'A': [1, 1, 1, 1, 1, 1, 1, 1, 1, 1], 'B': [1, 1, 1, 1, 1, 1, 1, 1, 0, 1], 'C': [1, 1, 0, 1, 0, 1, 1, 1, 1, 0], 'D': [0, 0, 1, 1, 1, 0, 1, 0, 1, 1]}, '北门东南侧': {'A': [1, 1, 1, 1, 1, 1, 1, 1, 1, 1], 'B': [0, 1, 1, 1, 1, 1, 1, 1, 1, 0], 'C': [1, 1, 0, 1, 1, 0, 1, 1, 0, 1], 'D': [1, 1, 0, 1, 1, 1, 1, 1, 1, 1], 'E': [1, 1, 1, 1, 1, 0, 1, 1, 1, 1], 'F': [1, 1, 1, 1, 0, 1, 1, 1, 1, 1]}, '橘园北侧南': {'A': [1, 1, 0, 1, 1, 0, 1, 0, 0, 1], 'B': [0, 1, 0, 0, 1, 0, 1, 1, 1, 0], 'C': [0, 0, 1, 1, 1, 1, 0, 0, 1, 1], 'D': [1, 0, 1, 1, 1, 0, 0, 1, 0, 0], 'E': [1, 1, 1, 0, 0, 1, 1, 1, 0, 1], 'F': [1, 1, 1, 1, 0, 0, 0, 1, 1, 0], 'G': [0, 1, 1, 1, 1, 1, 1, 0, 1, 1], 'H': [1, 1, 1, 1, 1, 1, 1, 1, 1, 1], 'I': [0, 1, 0, 1, 1, 0, 1, 1, 1, 1], 'J': [1, 0, 0, 0, 1, 1, 1, 1, 1, 0]}, '校医院西': {'A': [1, 1, 1, 1, 1, 1, 1, 1, 1, 1], 'B': [1, 1, 1, 1, 1, 1, 1, 0, 1, 1], 'C': [1, 1, 1, 1, 1, 1, 1, 1, 1, 1], 'D': [1, 1, 1, 1, 1, 1, 1, 1, 1, 1], 'E': [1, 1, 1, 1, 1, 1, 1, 1, 1, 1], 'F': [0, 1, 1, 1, 0, 1, 1, 1, 1, 1], 'G': [1, 1, 1, 1, 1, 1, 1, 1, 1, 0], 'H': [1, 1, 0, 1, 1, 0, 1, 1, 0, 1], 'I': [1, 1, 1, 1, 0, 0, 0, 0, 0, 1]}}
623239	2024-07-13 04:44:48.088000+08:00	2024-07-13 04:44:48.088000+08:00	{'东门北侧': {'A': [1, 1, 1, 1, 1, 1, 1, 1, 1, 1], 'B': [1, 1, 1, 1, 1, 1, 1, 1, 1, 1], 'C': [0, 1, 1, 1, 1, 1, 1, 1, 1, 0], 'D': [1, 1, 1, 1, 1, 0, 1, 1, 1, 1], 'E': [1, 1, 0, 0, 1, 1, 1, 0, 1, 1], 'F': [0, 1, 1, 1, 1, 1, 1, 1, 1, 1], 'G': [1, 1, 1, 1, 1, 0, 1, 1, 0, 1], 'H': [1, 1, 1, 1, 0, 1, 1, 1, 1, 0], 'I': [0, 1, 0, 1, 1, 0, 1, 1, 1, 1], 'J': [1, 0, 1, 0, 1, 0, 1, 1, 1, 0], 'K': [0, 1, 1, 0, 0, 1, 1, 1, 0, 0]}, '东门南侧': {'A': [0, 0, 1, 1, 0, 1, 1, 1, 1, 0], 'B': [0, 0, 0, 0, 0, 0, 0, 0, 0, 0]}, '西门北侧': {'A': [1, 1, 1, 1, 1, 1, 1, 1, 1, 1], 'B': [0, 1, 1, 1, 1, 1, 1, 1, 0, 1], 'C': [1, 1, 0, 1, 1, 1, 1, 1, 1, 1]}, '西门南侧': {'A': [0, 1, 1, 1, 1, 1, 1, 1, 1, 1], 'B': [1, 1, 1, 1, 1, 1, 1, 1, 1, 1], 'C': [1, 1, 1, 1, 1, 1, 1, 1, 1, 1]}, '南门西侧': {'A': [1, 1, 1, 1, 1, 1, 1, 1, 1, 1], 'B': [1, 1, 1, 1, 0, 0, 1, 1, 1, 1]}, '南门东侧': {'A': [1, 0, 0, 1, 1, 1, 1, 1, 1, 1], 'B': [1, 1, 1, 1, 1, 1, 1, 1, 1, 1]}, '北门东北侧': {'A': [1, 1, 1, 1, 1, 1, 1, 1, 1, 1], 'B': [1, 1, 1, 1, 1, 1, 1, 1, 0, 1], 'C': [1, 1, 0, 1, 0, 1, 1, 1, 1, 0], 'D': [0, 0, 1, 1, 1, 0, 1, 0, 1, 1]}, '北门东南侧': {'A': [1, 1, 1, 1, 1, 1, 1, 1, 1, 1], 'B': [0, 1, 1, 1, 1, 1, 1, 1, 1, 0], 'C': [1, 1, 0, 1, 1, 0, 1, 1, 0, 1], 'D': [1, 1, 0, 1, 1, 1, 1, 1, 1, 1], 'E': [1, 1, 1, 1, 1, 0, 1, 1, 1, 1], 'F': [1, 1, 1, 1, 0, 1, 1, 1, 1, 1]}, '橘园北侧南': {'A': [1, 1, 0, 1, 1, 0, 1, 0, 0, 1], 'B': [0, 1, 0, 0, 1, 0, 1, 1, 1, 0], 'C': [0, 0, 1, 1, 1, 1, 0, 0, 1, 1], 'D': [1, 0, 1, 1, 1, 0, 0, 1, 0, 0], 'E': [1, 1, 1, 0, 0, 1, 1, 1, 0, 1], 'F': [1, 1, 1, 1, 0, 0, 0, 1, 1, 0], 'G': [0, 1, 1, 1, 1, 1, 1, 0, 1, 1], 'H': [1, 1, 1, 1, 1, 1, 1, 1, 1, 1], 'I': [0, 1, 0, 1, 1, 0, 1, 1, 1, 1], 'J': [1, 0, 0, 0, 1, 1, 1, 1, 1, 0]}, '校医院西': {'A': [1, 1, 1, 1, 1, 1, 1, 1, 1, 1], 'B': [1, 1, 1, 1, 1, 1, 1, 0, 1, 1], 'C': [1, 1, 1, 1, 1, 1, 1, 1, 1, 1], 'D': [1, 1, 1, 1, 1, 1, 1, 1, 1, 1], 'E': [1, 1, 1, 1, 1, 1, 1, 1, 1, 1], 'F': [0, 1, 1, 1, 0, 1, 1, 1, 1, 1], 'G': [1, 1, 1, 1, 1, 1, 1, 1, 1, 0], 'H': [1, 1, 0, 1, 1, 0, 1, 1, 0, 1], 'I': [1, 1, 1, 1, 0, 0, 0, 0, 0, 1]}}
623240	2024-07-13 04:45:49.527000+08:00	2024-07-13 04:45:49.527000+08:00	{'东门北侧': {'A': [1, 1, 1, 1, 1, 1, 1, 1, 1, 1], 'B': [1, 1, 1, 1, 1, 1, 1, 1, 1, 1], 'C': [0, 1, 1, 1, 1, 1, 1, 1, 1, 0], 'D': [1, 1, 1, 1, 1, 0, 1, 1, 1, 1], 'E': [1, 1, 0, 0, 1, 1, 1, 0, 1, 1], 'F': [0, 1, 1, 1, 1, 1, 1, 1, 1, 1], 'G': [1, 1, 1, 1, 1, 0, 1, 1, 0, 1], 'H': [1, 1, 1, 1, 0, 1, 1, 1, 1, 0], 'I': [0, 1, 0, 1, 1, 0, 1, 1, 1, 1], 'J': [1, 0, 1, 0, 1, 0, 1, 1, 1, 0], 'K': [0, 1, 1, 0, 0, 1, 1, 1, 0, 0]}, '东门南侧': {'A': [0, 0, 1, 1, 0, 1, 1, 1, 1, 0], 'B': [0, 0, 0, 0, 0, 0, 0, 0, 0, 0]}, '西门北侧': {'A': [1, 1, 1, 1, 1, 1, 1, 1, 1, 1], 'B': [0, 1, 1, 1, 1, 1, 1, 1, 0, 1], 'C': [1, 1, 0, 1, 1, 1, 1, 1, 1, 1]}, '西门南侧': {'A': [0, 1, 1, 1, 1, 1, 1, 1, 1, 1], 'B': [1, 1, 1, 1, 1, 1, 1, 1, 1, 1], 'C': [1, 1, 1, 1, 1, 1, 1, 1, 1, 1]}, '南门西侧': {'A': [1, 1, 1, 1, 1, 1, 1, 1, 1, 1], 'B': [1, 1, 1, 1, 0, 0, 1, 1, 1, 1]}, '南门东侧': {'A': [1, 0, 0, 1, 1, 1, 1, 1, 1, 1], 'B': [1, 1, 1, 1, 1, 1, 1, 1, 1, 1]}, '北门东北侧': {'A': [1, 1, 1, 1, 1, 1, 1, 1, 1, 1], 'B': [1, 1, 1, 1, 1, 1, 1, 1, 0, 1], 'C': [1, 1, 0, 1, 0, 1, 1, 1, 1, 0], 'D': [0, 0, 1, 1, 1, 0, 1, 0, 1, 1]}, '北门东南侧': {'A': [1, 1, 1, 1, 1, 1, 1, 1, 1, 1], 'B': [0, 1, 1, 1, 1, 1, 1, 1, 1, 0], 'C': [1, 1, 0, 1, 1, 0, 1, 1, 0, 1], 'D': [1, 1, 0, 1, 1, 1, 1, 1, 1, 1], 'E': [1, 1, 1, 1, 1, 0, 1, 1, 1, 1], 'F': [1, 1, 1, 1, 0, 1, 1, 1, 1, 1]}, '橘园北侧南': {'A': [1, 1, 0, 1, 1, 0, 1, 1, 0, 1], 'B': [0, 1, 0, 0, 1, 0, 1, 1, 1, 0], 'C': [0, 0, 1, 1, 1, 1, 0, 0, 1, 1], 'D': [1, 0, 1, 1, 1, 0, 0, 1, 0, 0], 'E': [1, 1, 1, 0, 0, 1, 1, 1, 0, 1], 'F': [1, 1, 1, 1, 0, 0, 0, 1, 1, 0], 'G': [0, 1, 1, 1, 1, 1, 1, 0, 1, 1], 'H': [1, 1, 1, 1, 1, 1, 1, 1, 1, 1], 'I': [0, 1, 0, 1, 1, 0, 1, 1, 1, 1], 'J': [1, 0, 0, 0, 1, 1, 1, 1, 1, 0]}, '校医院西': {'A': [1, 1, 1, 1, 1, 1, 1, 1, 1, 1], 'B': [1, 1, 1, 1, 1, 1, 1, 0, 1, 1], 'C': [1, 1, 1, 1, 1, 1, 1, 1, 1, 1], 'D': [1, 1, 1, 1, 1, 1, 1, 1, 1, 1], 'E': [1, 1, 1, 1, 1, 1, 1, 1, 1, 1], 'F': [0, 1, 1, 1, 0, 1, 1, 1, 1, 1], 'G': [1, 1, 1, 1, 1, 1, 1, 1, 1, 0], 'H': [1, 1, 0, 1, 1, 0, 1, 1, 0, 1], 'I': [1, 1, 1, 1, 0, 0, 0, 0, 0, 1]}}
623241	2024-07-13 04:46:47.584000+08:00	2024-07-13 04:46:47.584000+08:00	{'东门北侧': {'A': [1, 1, 1, 1, 1, 1, 1, 1, 1, 1], 'B': [1, 1, 1, 1, 1, 1, 1, 1, 1, 1], 'C': [0, 1, 1, 1, 1, 1, 1, 1, 1, 0], 'D': [1, 1, 1, 1, 1, 0, 1, 1, 1, 1], 'E': [1, 1, 0, 0, 1, 1, 1, 0, 1, 1], 'F': [0, 1, 1, 1, 1, 1, 1, 1, 1, 1], 'G': [1, 1, 1, 1, 1, 0, 1, 1, 0, 1], 'H': [1, 1, 1, 1, 0, 1, 1, 1, 1, 0], 'I': [0, 1, 0, 1, 1, 0, 1, 1, 1, 1], 'J': [1, 0, 1, 0, 1, 0, 1, 1, 1, 0], 'K': [0, 1, 1, 0, 1, 1, 1, 1, 0, 0]}, '东门南侧': {'A': [0, 0, 1, 1, 0, 1, 1, 1, 1, 0], 'B': [0, 0, 0, 0, 0, 0, 0, 0, 0, 0]}, '西门北侧': {'A': [1, 1, 1, 1, 1, 1, 1, 1, 1, 1], 'B': [0, 1, 1, 1, 1, 1, 1, 1, 0, 1], 'C': [1, 1, 0, 1, 1, 1, 1, 1, 1, 1]}, '西门南侧': {'A': [0, 1, 1, 1, 1, 1, 1, 1, 1, 1], 'B': [1, 1, 1, 1, 1, 1, 1, 1, 1, 1], 'C': [1, 1, 1, 1, 1, 1, 1, 1, 1, 1]}, '南门西侧': {'A': [1, 1, 1, 1, 1, 1, 1, 1, 1, 1], 'B': [1, 1, 1, 1, 0, 0, 1, 1, 1, 1]}, '南门东侧': {'A': [1, 0, 0, 1, 1, 1, 1, 1, 1, 1], 'B': [1, 1, 1, 1, 1, 1, 1, 1, 1, 1]}, '北门东北侧': {'A': [1, 1, 1, 1, 1, 1, 1, 1, 1, 1], 'B': [1, 1, 1, 1, 1, 1, 1, 1, 0, 1], 'C': [1, 1, 0, 1, 0, 1, 1, 1, 1, 0], 'D': [0, 0, 1, 1, 1, 0, 1, 0, 1, 1]}, '北门东南侧': {'A': [1, 1, 1, 1, 1, 1, 1, 1, 1, 1], 'B': [0, 1, 1, 1, 1, 1, 1, 1, 1, 0], 'C': [1, 1, 1, 1, 1, 0, 1, 1, 0, 1], 'D': [1, 1, 0, 1, 1, 1, 1, 1, 1, 1], 'E': [1, 1, 1, 1, 1, 0, 1, 1, 1, 1], 'F': [1, 1, 1, 1, 0, 1, 1, 1, 1, 1]}, '橘园北侧南': {'A': [1, 1, 0, 1, 1, 0, 1, 1, 0, 1], 'B': [0, 1, 0, 0, 1, 0, 1, 1, 1, 0], 'C': [0, 0, 1, 1, 1, 1, 0, 0, 1, 1], 'D': [1, 0, 1, 1, 1, 0, 0, 1, 0, 0], 'E': [1, 1, 1, 0, 0, 1, 1, 1, 0, 1], 'F': [1, 1, 1, 1, 0, 0, 0, 1, 1, 0], 'G': [0, 1, 1, 1, 1, 1, 1, 0, 1, 1], 'H': [1, 1, 1, 1, 1, 1, 1, 1, 1, 1], 'I': [0, 1, 0, 1, 1, 0, 1, 1, 1, 1], 'J': [1, 0, 0, 0, 1, 1, 1, 1, 1, 0]}, '校医院西': {'A': [1, 1, 1, 1, 1, 1, 1, 1, 1, 1], 'B': [1, 1, 1, 1, 1, 1, 1, 0, 1, 1], 'C': [1, 1, 1, 1, 1, 1, 1, 1, 1, 1], 'D': [1, 1, 1, 1, 1, 1, 1, 1, 1, 1], 'E': [1, 1, 1, 1, 1, 1, 1, 1, 1, 1], 'F': [0, 1, 1, 1, 0, 1, 1, 1, 1, 1], 'G': [1, 1, 1, 1, 1, 1, 1, 1, 1, 0], 'H': [1, 1, 0, 1, 1, 0, 1, 1, 0, 1], 'I': [1, 1, 1, 1, 0, 0, 0, 0, 0, 1]}}
623242	2024-07-13 04:47:47.496000+08:00	2024-07-13 04:47:47.496000+08:00	{'东门北侧': {'A': [1, 1, 1, 1, 1, 1, 1, 1, 1, 1], 'B': [1, 1, 1, 1, 1, 1, 1, 1, 1, 1], 'C': [0, 1, 1, 1, 1, 1, 1, 1, 1, 0], 'D': [1, 1, 1, 1, 1, 0, 1, 1, 1, 1], 'E': [1, 1, 0, 0, 1, 1, 1, 0, 1, 1], 'F': [0, 1, 1, 1, 1, 1, 1, 1, 1, 1], 'G': [1, 1, 1, 1, 1, 0, 1, 1, 0, 1], 'H': [1, 1, 1, 1, 0, 1, 1, 1, 1, 0], 'I': [0, 1, 0, 1, 1, 0, 1, 1, 1, 1], 'J': [1, 0, 1, 0, 1, 0, 1, 1, 1, 0], 'K': [0, 1, 1, 0, 1, 1, 1, 1, 0, 0]}, '东门南侧': {'A': [0, 0, 1, 1, 0, 1, 1, 1, 1, 0], 'B': [0, 0, 0, 0, 0, 0, 0, 0, 0, 0]}, '西门北侧': {'A': [1, 1, 1, 1, 1, 1, 1, 1, 1, 1], 'B': [0, 1, 1, 1, 1, 1, 1, 1, 0, 1], 'C': [1, 1, 0, 1, 1, 1, 1, 1, 1, 1]}, '西门南侧': {'A': [0, 1, 1, 1, 1, 1, 1, 1, 1, 1], 'B': [1, 1, 1, 1, 1, 1, 1, 1, 1, 1], 'C': [1, 1, 1, 1, 1, 1, 1, 1, 1, 1]}, '南门西侧': {'A': [1, 1, 1, 1, 1, 1, 1, 1, 1, 1], 'B': [1, 1, 1, 1, 0, 0, 1, 1, 1, 1]}, '南门东侧': {'A': [1, 0, 0, 1, 1, 1, 1, 1, 1, 1], 'B': [1, 1, 1, 1, 1, 1, 1, 1, 1, 1]}, '北门东北侧': {'A': [1, 1, 1, 1, 1, 1, 1, 1, 1, 1], 'B': [1, 1, 1, 1, 1, 1, 1, 1, 0, 1], 'C': [1, 1, 0, 1, 0, 1, 1, 1, 1, 0], 'D': [0, 0, 1, 1, 1, 0, 1, 0, 1, 1]}, '北门东南侧': {'A': [1, 1, 1, 1, 1, 1, 1, 1, 1, 1], 'B': [0, 1, 1, 1, 1, 1, 1, 1, 1, 0], 'C': [1, 1, 1, 1, 1, 0, 1, 1, 0, 1], 'D': [1, 1, 0, 1, 1, 1, 1, 1, 1, 1], 'E': [1, 1, 1, 1, 1, 0, 1, 1, 1, 1], 'F': [1, 1, 1, 1, 0, 1, 1, 1, 1, 1]}, '橘园北侧南': {'A': [1, 1, 0, 1, 1, 0, 1, 1, 0, 1], 'B': [0, 1, 0, 0, 1, 0, 1, 1, 1, 0], 'C': [0, 0, 1, 1, 1, 1, 0, 0, 1, 1], 'D': [1, 0, 1, 1, 1, 0, 0, 1, 0, 0], 'E': [1, 1, 1, 0, 0, 1, 1, 1, 0, 1], 'F': [1, 1, 1, 1, 0, 0, 0, 1, 1, 0], 'G': [0, 1, 1, 1, 1, 1, 1, 0, 1, 1], 'H': [1, 1, 1, 1, 1, 1, 1, 1, 1, 1], 'I': [0, 1, 0, 1, 1, 0, 1, 1, 1, 1], 'J': [1, 0, 0, 0, 1, 1, 1, 1, 1, 0]}, '校医院西': {'A': [1, 1, 1, 1, 1, 1, 1, 1, 1, 1], 'B': [1, 1, 1, 1, 1, 1, 1, 0, 1, 1], 'C': [1, 1, 1, 1, 1, 1, 1, 1, 1, 1], 'D': [1, 1, 1, 1, 1, 1, 1, 1, 1, 1], 'E': [1, 1, 1, 1, 1, 1, 1, 1, 1, 1], 'F': [0, 1, 1, 1, 0, 1, 1, 1, 1, 1], 'G': [1, 1, 1, 1, 1, 1, 1, 1, 1, 0], 'H': [1, 1, 0, 1, 1, 0, 1, 1, 0, 1], 'I': [1, 1, 1, 1, 0, 0, 0, 0, 0, 1]}}
623243	2024-07-13 04:48:49.652000+08:00	2024-07-13 04:48:49.652000+08:00	{'东门北侧': {'A': [1, 1, 1, 1, 1, 1, 1, 1, 1, 1], 'B': [1, 1, 1, 1, 1, 1, 1, 1, 1, 1], 'C': [0, 1, 1, 1, 1, 1, 1, 1, 1, 0], 'D': [1, 1, 1, 1, 1, 0, 1, 1, 1, 1], 'E': [1, 1, 0, 0, 1, 1, 1, 0, 1, 1], 'F': [0, 1, 1, 1, 1, 1, 1, 1, 1, 1], 'G': [1, 1, 1, 1, 1, 0, 1, 1, 0, 1], 'H': [1, 1, 1, 1, 0, 1, 1, 1, 1, 0], 'I': [0, 1, 0, 1, 1, 0, 1, 1, 1, 1], 'J': [1, 1, 1, 0, 1, 0, 1, 1, 1, 0], 'K': [0, 1, 1, 0, 1, 1, 1, 1, 0, 0]}, '东门南侧': {'A': [0, 0, 1, 1, 0, 1, 1, 1, 1, 0], 'B': [0, 0, 0, 0, 0, 0, 0, 0, 0, 0]}, '西门北侧': {'A': [1, 1, 1, 1, 1, 1, 1, 1, 1, 1], 'B': [0, 1, 1, 1, 1, 1, 1, 1, 0, 1], 'C': [1, 1, 0, 1, 1, 1, 1, 1, 1, 1]}, '西门南侧': {'A': [0, 1, 1, 1, 1, 1, 1, 1, 1, 1], 'B': [1, 1, 1, 1, 1, 1, 1, 1, 1, 1], 'C': [1, 1, 1, 1, 1, 1, 1, 1, 1, 1]}, '南门西侧': {'A': [1, 1, 1, 1, 1, 1, 1, 1, 1, 1], 'B': [1, 1, 1, 1, 0, 0, 1, 1, 1, 1]}, '南门东侧': {'A': [1, 0, 0, 1, 1, 1, 1, 1, 1, 1], 'B': [1, 1, 1, 1, 1, 1, 1, 1, 1, 1]}, '北门东北侧': {'A': [1, 1, 1, 1, 1, 1, 1, 1, 1, 1], 'B': [1, 1, 1, 1, 1, 1, 1, 1, 0, 1], 'C': [1, 1, 0, 1, 0, 1, 1, 1, 1, 0], 'D': [0, 0, 1, 1, 1, 0, 1, 0, 1, 1]}, '北门东南侧': {'A': [1, 1, 1, 1, 1, 1, 1, 1, 1, 1], 'B': [0, 1, 1, 1, 1, 1, 1, 1, 1, 0], 'C': [1, 1, 1, 1, 1, 0, 1, 1, 0, 1], 'D': [1, 1, 0, 1, 1, 1, 1, 1, 1, 1], 'E': [1, 1, 1, 1, 1, 0, 1, 1, 1, 1], 'F': [1, 1, 1, 1, 0, 1, 1, 1, 1, 1]}, '橘园北侧南': {'A': [1, 1, 0, 1, 1, 0, 1, 1, 0, 1], 'B': [0, 1, 0, 0, 1, 0, 1, 1, 1, 0], 'C': [0, 0, 1, 1, 1, 1, 0, 0, 1, 1], 'D': [1, 0, 1, 1, 1, 0, 0, 1, 1, 0], 'E': [1, 1, 1, 0, 0, 1, 1, 1, 0, 1], 'F': [1, 1, 1, 1, 0, 0, 0, 1, 1, 0], 'G': [0, 1, 1, 1, 1, 1, 1, 0, 1, 1], 'H': [1, 1, 1, 1, 1, 1, 1, 1, 1, 1], 'I': [0, 1, 0, 1, 1, 0, 1, 1, 1, 1], 'J': [1, 0, 0, 0, 1, 1, 1, 1, 1, 0]}, '校医院西': {'A': [1, 1, 1, 1, 1, 1, 1, 1, 1, 1], 'B': [1, 1, 1, 1, 1, 1, 1, 0, 1, 1], 'C': [1, 1, 1, 1, 1, 1, 1, 1, 1, 1], 'D': [1, 1, 1, 1, 1, 1, 1, 1, 1, 1], 'E': [1, 1, 1, 1, 1, 1, 1, 1, 1, 1], 'F': [0, 1, 1, 1, 0, 1, 1, 1, 1, 1], 'G': [1, 1, 1, 1, 1, 1, 1, 1, 1, 0], 'H': [1, 1, 0, 1, 1, 0, 1, 1, 0, 1], 'I': [1, 1, 1, 1, 0, 0, 0, 0, 0, 1]}}
623244	2024-07-13 04:49:48.104000+08:00	2024-07-13 04:49:48.104000+08:00	{'东门北侧': {'A': [1, 1, 1, 1, 1, 1, 1, 1, 1, 1], 'B': [1, 1, 1, 1, 1, 1, 1, 1, 1, 1], 'C': [0, 1, 1, 1, 1, 1, 1, 1, 1, 0], 'D': [1, 1, 1, 1, 1, 0, 1, 1, 1, 1], 'E': [1, 1, 0, 0, 1, 1, 1, 0, 1, 1], 'F': [0, 1, 1, 1, 1, 1, 1, 1, 1, 1], 'G': [1, 1, 1, 1, 1, 0, 1, 1, 0, 1], 'H': [1, 1, 1, 1, 0, 1, 1, 1, 1, 0], 'I': [0, 1, 0, 1, 1, 0, 1, 1, 1, 1], 'J': [1, 1, 1, 0, 1, 0, 1, 1, 1, 0], 'K': [0, 1, 1, 0, 1, 1, 1, 1, 0, 0]}, '东门南侧': {'A': [0, 0, 1, 1, 0, 1, 1, 1, 1, 0], 'B': [0, 0, 0, 0, 0, 0, 0, 0, 0, 0]}, '西门北侧': {'A': [1, 1, 1, 1, 1, 1, 1, 1, 1, 1], 'B': [0, 1, 1, 1, 1, 1, 1, 1, 0, 1], 'C': [1, 1, 0, 1, 1, 1, 1, 1, 1, 1]}, '西门南侧': {'A': [0, 1, 1, 1, 1, 1, 1, 1, 1, 1], 'B': [1, 1, 1, 1, 1, 1, 1, 1, 1, 1], 'C': [1, 1, 1, 1, 1, 1, 1, 1, 1, 1]}, '南门西侧': {'A': [1, 1, 1, 1, 1, 1, 1, 1, 1, 1], 'B': [1, 1, 1, 1, 0, 0, 1, 1, 1, 1]}, '南门东侧': {'A': [1, 0, 0, 1, 1, 1, 1, 1, 1, 1], 'B': [1, 1, 1, 1, 1, 1, 1, 1, 1, 1]}, '北门东北侧': {'A': [1, 1, 1, 1, 1, 1, 1, 1, 1, 1], 'B': [1, 1, 1, 1, 1, 1, 1, 1, 0, 1], 'C': [1, 1, 0, 1, 0, 1, 1, 1, 1, 0], 'D': [0, 0, 1, 1, 1, 0, 1, 0, 1, 1]}, '北门东南侧': {'A': [1, 1, 1, 1, 1, 1, 1, 1, 1, 1], 'B': [0, 1, 1, 1, 1, 1, 1, 1, 1, 0], 'C': [1, 1, 1, 1, 1, 0, 1, 1, 0, 1], 'D': [1, 1, 0, 1, 1, 1, 1, 1, 1, 1], 'E': [1, 1, 1, 1, 1, 0, 1, 1, 1, 1], 'F': [1, 1, 1, 1, 0, 1, 1, 1, 1, 1]}, '橘园北侧南': {'A': [1, 1, 0, 1, 1, 0, 1, 1, 0, 1], 'B': [0, 1, 0, 0, 1, 0, 1, 1, 1, 0], 'C': [0, 0, 1, 1, 1, 1, 0, 0, 1, 1], 'D': [1, 0, 1, 1, 1, 0, 0, 1, 1, 0], 'E': [1, 1, 1, 0, 0, 1, 1, 1, 0, 1], 'F': [1, 1, 1, 1, 0, 0, 0, 1, 1, 0], 'G': [0, 1, 1, 1, 1, 1, 1, 0, 1, 1], 'H': [1, 1, 1, 1, 1, 1, 1, 1, 1, 1], 'I': [0, 1, 0, 1, 1, 0, 1, 1, 1, 1], 'J': [1, 0, 0, 0, 1, 1, 1, 1, 1, 0]}, '校医院西': {'A': [1, 1, 1, 1, 1, 1, 1, 1, 1, 1], 'B': [1, 1, 1, 1, 1, 1, 1, 0, 1, 1], 'C': [1, 1, 1, 1, 1, 1, 1, 1, 1, 1], 'D': [1, 1, 1, 1, 1, 1, 1, 1, 1, 1], 'E': [1, 1, 1, 1, 1, 1, 1, 1, 1, 1], 'F': [0, 1, 1, 1, 0, 1, 1, 1, 1, 1], 'G': [1, 1, 1, 1, 1, 1, 1, 1, 1, 1], 'H': [1, 1, 0, 1, 1, 0, 1, 1, 0, 1], 'I': [1, 1, 1, 1, 0, 0, 0, 0, 0, 1]}}
623245	2024-07-13 04:50:49.701000+08:00	2024-07-13 04:50:49.701000+08:00	{'东门北侧': {'A': [1, 1, 1, 1, 1, 1, 1, 1, 1, 1], 'B': [1, 1, 1, 1, 1, 1, 1, 1, 1, 1], 'C': [0, 1, 1, 1, 1, 1, 1, 1, 1, 0], 'D': [1, 1, 1, 1, 1, 0, 1, 1, 1, 1], 'E': [1, 1, 0, 0, 1, 1, 1, 0, 1, 1], 'F': [0, 1, 1, 1, 1, 1, 1, 1, 1, 1], 'G': [1, 1, 1, 1, 1, 0, 1, 1, 0, 1], 'H': [1, 1, 1, 1, 0, 1, 1, 1, 1, 0], 'I': [0, 1, 0, 1, 1, 0, 1, 1, 1, 1], 'J': [1, 1, 1, 0, 1, 0, 1, 1, 1, 0], 'K': [0, 1, 1, 0, 1, 1, 1, 1, 0, 0]}, '东门南侧': {'A': [0, 0, 1, 1, 0, 1, 1, 1, 1, 0], 'B': [0, 0, 0, 0, 0, 0, 0, 0, 0, 0]}, '西门北侧': {'A': [1, 1, 1, 1, 1, 1, 1, 1, 1, 1], 'B': [0, 1, 1, 1, 1, 1, 1, 1, 0, 1], 'C': [1, 1, 0, 1, 1, 1, 1, 1, 1, 1]}, '西门南侧': {'A': [0, 1, 1, 1, 1, 1, 1, 1, 1, 1], 'B': [1, 1, 1, 1, 1, 1, 1, 1, 1, 1], 'C': [1, 1, 1, 1, 1, 1, 1, 1, 1, 1]}, '南门西侧': {'A': [1, 1, 1, 1, 1, 1, 1, 1, 1, 1], 'B': [1, 1, 1, 1, 0, 0, 1, 1, 1, 1]}, '南门东侧': {'A': [1, 0, 0, 1, 1, 1, 1, 1, 1, 1], 'B': [1, 1, 1, 1, 1, 1, 1, 1, 1, 1]}, '北门东北侧': {'A': [1, 1, 1, 1, 1, 1, 1, 1, 1, 1], 'B': [1, 1, 1, 1, 1, 1, 1, 1, 0, 1], 'C': [1, 1, 0, 1, 0, 1, 1, 1, 1, 0], 'D': [0, 0, 1, 1, 1, 0, 1, 0, 1, 1]}, '北门东南侧': {'A': [1, 1, 1, 1, 1, 1, 1, 1, 1, 1], 'B': [0, 1, 1, 1, 1, 1, 1, 1, 1, 0], 'C': [1, 1, 1, 1, 1, 0, 1, 1, 0, 1], 'D': [1, 1, 0, 1, 1, 1, 1, 1, 1, 1], 'E': [1, 1, 1, 1, 1, 0, 1, 1, 1, 1], 'F': [1, 1, 1, 1, 0, 1, 1, 1, 1, 1]}, '橘园北侧南': {'A': [1, 1, 0, 1, 1, 0, 1, 1, 0, 1], 'B': [0, 1, 0, 0, 1, 0, 1, 1, 1, 0], 'C': [0, 0, 1, 1, 1, 1, 0, 0, 1, 1], 'D': [1, 0, 1, 1, 1, 0, 0, 1, 1, 0], 'E': [1, 1, 1, 0, 0, 1, 1, 1, 0, 1], 'F': [1, 1, 1, 1, 0, 0, 0, 1, 1, 0], 'G': [0, 1, 1, 1, 1, 1, 1, 0, 1, 1], 'H': [1, 1, 1, 1, 1, 1, 1, 1, 1, 1], 'I': [0, 1, 0, 1, 1, 0, 1, 1, 1, 1], 'J': [1, 0, 0, 0, 1, 1, 1, 1, 1, 0]}, '校医院西': {'A': [1, 1, 1, 1, 1, 1, 1, 1, 1, 1], 'B': [1, 1, 1, 1, 1, 1, 1, 0, 1, 1], 'C': [1, 1, 1, 1, 1, 1, 1, 1, 1, 1], 'D': [1, 1, 1, 1, 1, 1, 1, 1, 1, 1], 'E': [1, 1, 1, 1, 1, 1, 1, 1, 1, 1], 'F': [0, 1, 1, 1, 0, 1, 1, 1, 1, 1], 'G': [1, 1, 1, 1, 1, 1, 1, 1, 1, 1], 'H': [1, 1, 0, 1, 1, 0, 1, 1, 0, 1], 'I': [1, 1, 1, 1, 0, 0, 0, 0, 0, 1]}}
623246	2024-07-13 04:51:47.082000+08:00	2024-07-13 04:51:47.082000+08:00	{'东门北侧': {'A': [1, 1, 1, 1, 1, 1, 1, 1, 1, 1], 'B': [1, 1, 1, 1, 1, 1, 1, 1, 1, 1], 'C': [0, 1, 1, 1, 1, 1, 1, 1, 1, 0], 'D': [1, 1, 1, 1, 1, 0, 1, 1, 1, 1], 'E': [1, 1, 0, 0, 1, 1, 1, 0, 1, 1], 'F': [0, 1, 1, 1, 1, 1, 1, 1, 1, 1], 'G': [1, 1, 1, 1, 1, 0, 1, 1, 0, 1], 'H': [1, 1, 1, 1, 0, 1, 1, 1, 1, 0], 'I': [0, 1, 0, 1, 1, 0, 1, 1, 1, 1], 'J': [1, 1, 1, 0, 1, 0, 1, 1, 1, 0], 'K': [0, 1, 1, 0, 1, 1, 1, 1, 0, 0]}, '东门南侧': {'A': [0, 0, 1, 1, 0, 1, 1, 1, 1, 0], 'B': [0, 0, 0, 0, 0, 0, 0, 0, 0, 0]}, '西门北侧': {'A': [1, 1, 1, 1, 1, 1, 1, 1, 1, 1], 'B': [0, 1, 1, 1, 1, 1, 1, 1, 0, 1], 'C': [1, 1, 0, 1, 1, 1, 1, 1, 1, 1]}, '西门南侧': {'A': [0, 1, 1, 1, 1, 1, 1, 1, 1, 1], 'B': [1, 1, 1, 1, 1, 1, 1, 1, 1, 1], 'C': [1, 1, 1, 1, 1, 1, 1, 1, 1, 1]}, '南门西侧': {'A': [1, 1, 1, 1, 1, 1, 1, 1, 1, 1], 'B': [1, 1, 1, 1, 0, 0, 1, 1, 1, 1]}, '南门东侧': {'A': [1, 0, 0, 1, 1, 1, 1, 1, 1, 1], 'B': [1, 1, 1, 1, 1, 1, 1, 1, 1, 1]}, '北门东北侧': {'A': [1, 1, 1, 1, 1, 1, 1, 1, 1, 1], 'B': [1, 1, 1, 1, 1, 1, 1, 1, 0, 1], 'C': [1, 1, 0, 1, 0, 1, 1, 1, 1, 0], 'D': [0, 0, 1, 1, 1, 0, 1, 0, 1, 1]}, '北门东南侧': {'A': [1, 1, 1, 1, 1, 1, 1, 1, 1, 1], 'B': [0, 1, 1, 1, 1, 1, 1, 1, 1, 0], 'C': [1, 1, 1, 1, 1, 0, 1, 1, 0, 1], 'D': [1, 1, 0, 1, 1, 1, 1, 1, 1, 1], 'E': [1, 1, 1, 1, 1, 0, 1, 1, 1, 1], 'F': [1, 1, 1, 1, 0, 1, 1, 1, 1, 1]}, '橘园北侧南': {'A': [1, 1, 0, 1, 1, 0, 1, 1, 0, 1], 'B': [0, 1, 0, 0, 1, 0, 1, 1, 1, 0], 'C': [0, 0, 1, 1, 1, 1, 0, 0, 1, 1], 'D': [1, 0, 1, 1, 1, 0, 0, 1, 1, 0], 'E': [1, 1, 1, 0, 0, 1, 1, 1, 0, 1], 'F': [1, 1, 1, 1, 0, 0, 0, 1, 1, 0], 'G': [0, 1, 1, 1, 1, 1, 1, 0, 1, 1], 'H': [1, 1, 1, 1, 1, 1, 1, 1, 1, 1], 'I': [0, 1, 0, 1, 1, 0, 1, 1, 1, 1], 'J': [1, 0, 0, 0, 1, 1, 1, 1, 1, 0]}, '校医院西': {'A': [1, 1, 1, 1, 1, 1, 1, 1, 1, 1], 'B': [1, 1, 1, 1, 1, 1, 1, 0, 1, 1], 'C': [1, 1, 1, 1, 1, 1, 1, 1, 1, 1], 'D': [1, 1, 1, 1, 1, 1, 1, 1, 1, 1], 'E': [1, 1, 1, 1, 1, 1, 1, 1, 1, 1], 'F': [0, 1, 1, 1, 0, 1, 1, 1, 1, 1], 'G': [1, 1, 1, 1, 1, 1, 1, 1, 1, 1], 'H': [1, 1, 0, 1, 1, 0, 1, 1, 0, 1], 'I': [1, 1, 1, 1, 0, 0, 0, 0, 0, 1]}}
623247	2024-07-13 04:52:50.940000+08:00	2024-07-13 04:52:50.940000+08:00	{'东门北侧': {'A': [1, 1, 1, 1, 1, 1, 1, 1, 1, 1], 'B': [1, 1, 1, 1, 1, 1, 1, 1, 1, 1], 'C': [0, 1, 1, 1, 1, 1, 1, 1, 1, 0], 'D': [1, 1, 1, 1, 1, 0, 1, 1, 1, 1], 'E': [1, 1, 0, 0, 1, 1, 1, 0, 1, 1], 'F': [0, 1, 1, 1, 1, 1, 1, 1, 1, 1], 'G': [1, 1, 1, 1, 1, 0, 1, 1, 0, 1], 'H': [1, 1, 1, 1, 0, 1, 1, 1, 1, 0], 'I': [0, 1, 0, 1, 1, 0, 1, 1, 1, 1], 'J': [1, 1, 1, 0, 1, 0, 1, 1, 1, 0], 'K': [0, 1, 1, 0, 1, 1, 1, 1, 0, 0]}, '东门南侧': {'A': [0, 0, 1, 1, 0, 1, 1, 1, 1, 0], 'B': [0, 0, 0, 0, 0, 0, 0, 0, 0, 0]}, '西门北侧': {'A': [1, 1, 1, 1, 1, 1, 1, 1, 1, 1], 'B': [0, 1, 1, 1, 1, 1, 1, 1, 0, 1], 'C': [1, 1, 0, 1, 1, 1, 1, 1, 1, 1]}, '西门南侧': {'A': [0, 1, 1, 1, 1, 1, 1, 1, 1, 1], 'B': [1, 1, 1, 1, 1, 1, 1, 1, 1, 1], 'C': [1, 1, 1, 1, 1, 1, 1, 1, 1, 1]}, '南门西侧': {'A': [1, 1, 1, 1, 1, 1, 1, 1, 1, 1], 'B': [1, 1, 1, 1, 0, 0, 1, 1, 1, 1]}, '南门东侧': {'A': [1, 0, 0, 1, 1, 1, 1, 1, 1, 1], 'B': [1, 1, 1, 1, 1, 1, 1, 1, 1, 1]}, '北门东北侧': {'A': [1, 1, 1, 1, 1, 1, 1, 1, 1, 1], 'B': [1, 1, 1, 1, 1, 1, 1, 1, 0, 1], 'C': [1, 1, 0, 1, 0, 1, 1, 1, 1, 0], 'D': [0, 0, 1, 1, 1, 0, 1, 0, 1, 1]}, '北门东南侧': {'A': [1, 1, 1, 1, 1, 1, 1, 1, 1, 1], 'B': [0, 1, 1, 1, 1, 1, 1, 1, 1, 0], 'C': [1, 1, 1, 1, 1, 0, 1, 1, 0, 1], 'D': [1, 1, 0, 1, 1, 1, 1, 1, 1, 1], 'E': [1, 1, 1, 1, 1, 0, 1, 1, 1, 1], 'F': [1, 1, 1, 1, 0, 1, 1, 1, 1, 1]}, '橘园北侧南': {'A': [1, 1, 0, 1, 1, 0, 1, 1, 0, 1], 'B': [0, 1, 0, 0, 1, 0, 1, 1, 1, 0], 'C': [0, 0, 1, 1, 1, 1, 0, 0, 1, 1], 'D': [1, 0, 1, 1, 1, 0, 0, 1, 1, 0], 'E': [1, 1, 1, 0, 0, 1, 1, 1, 0, 1], 'F': [1, 1, 1, 1, 0, 0, 0, 1, 1, 0], 'G': [0, 1, 1, 1, 1, 1, 1, 0, 1, 1], 'H': [1, 1, 1, 1, 1, 1, 1, 1, 1, 1], 'I': [0, 1, 0, 1, 1, 0, 1, 1, 1, 1], 'J': [1, 0, 0, 0, 1, 1, 1, 1, 1, 0]}, '校医院西': {'A': [1, 1, 1, 1, 1, 1, 1, 1, 1, 1], 'B': [1, 1, 1, 1, 1, 1, 1, 0, 1, 1], 'C': [1, 1, 1, 1, 1, 1, 1, 1, 1, 1], 'D': [1, 1, 1, 1, 1, 1, 1, 1, 1, 1], 'E': [1, 1, 1, 1, 1, 1, 1, 1, 1, 1], 'F': [0, 1, 1, 1, 0, 1, 1, 1, 1, 1], 'G': [1, 1, 1, 1, 1, 1, 1, 1, 1, 1], 'H': [1, 1, 0, 1, 1, 0, 1, 1, 0, 1], 'I': [1, 1, 1, 1, 0, 0, 0, 0, 0, 1]}}
623248	2024-07-13 04:53:48.603000+08:00	2024-07-13 04:53:48.603000+08:00	{'东门北侧': {'A': [1, 1, 1, 1, 1, 1, 1, 1, 1, 1], 'B': [1, 1, 1, 1, 1, 1, 1, 1, 1, 1], 'C': [0, 1, 1, 1, 1, 1, 1, 1, 1, 0], 'D': [1, 1, 1, 1, 1, 0, 1, 1, 1, 1], 'E': [1, 1, 0, 0, 1, 1, 1, 0, 1, 1], 'F': [0, 1, 1, 1, 1, 1, 1, 1, 1, 1], 'G': [1, 1, 1, 1, 1, 0, 1, 1, 0, 1], 'H': [1, 1, 1, 1, 0, 1, 1, 1, 1, 0], 'I': [0, 1, 0, 1, 1, 0, 1, 1, 1, 1], 'J': [1, 1, 1, 0, 1, 0, 1, 1, 1, 0], 'K': [0, 1, 1, 0, 1, 1, 1, 1, 0, 0]}, '东门南侧': {'A': [0, 0, 1, 1, 0, 1, 1, 1, 1, 0], 'B': [0, 0, 0, 0, 0, 0, 0, 0, 0, 0]}, '西门北侧': {'A': [1, 1, 1, 1, 1, 1, 1, 1, 1, 1], 'B': [0, 1, 1, 1, 1, 1, 1, 1, 0, 1], 'C': [1, 1, 0, 1, 1, 1, 1, 1, 1, 1]}, '西门南侧': {'A': [0, 1, 1, 1, 1, 1, 1, 1, 1, 1], 'B': [1, 1, 1, 1, 1, 1, 1, 1, 1, 1], 'C': [1, 1, 1, 1, 1, 1, 1, 1, 1, 1]}, '南门西侧': {'A': [1, 1, 1, 1, 1, 1, 1, 1, 1, 1], 'B': [1, 1, 1, 1, 0, 0, 1, 1, 1, 1]}, '南门东侧': {'A': [1, 0, 0, 1, 1, 1, 1, 1, 1, 1], 'B': [1, 1, 1, 1, 1, 1, 1, 1, 1, 1]}, '北门东北侧': {'A': [1, 1, 1, 1, 1, 1, 1, 1, 1, 1], 'B': [1, 1, 1, 1, 1, 1, 1, 1, 0, 1], 'C': [1, 1, 0, 1, 0, 1, 1, 1, 1, 0], 'D': [0, 0, 1, 1, 1, 0, 1, 0, 1, 1]}, '北门东南侧': {'A': [1, 1, 1, 1, 1, 1, 1, 1, 1, 1], 'B': [0, 1, 1, 1, 1, 1, 1, 1, 1, 0], 'C': [1, 1, 1, 1, 1, 0, 1, 1, 0, 1], 'D': [1, 1, 0, 1, 1, 1, 1, 1, 1, 1], 'E': [1, 1, 1, 1, 1, 0, 1, 1, 1, 1], 'F': [1, 1, 1, 1, 0, 1, 1, 1, 1, 1]}, '橘园北侧南': {'A': [1, 1, 0, 1, 1, 0, 1, 1, 0, 1], 'B': [0, 1, 0, 0, 1, 0, 1, 1, 1, 0], 'C': [0, 0, 1, 1, 1, 1, 0, 0, 1, 1], 'D': [1, 0, 1, 1, 1, 0, 0, 1, 1, 0], 'E': [1, 1, 1, 0, 0, 1, 1, 1, 0, 1], 'F': [1, 1, 1, 1, 0, 0, 0, 1, 1, 0], 'G': [0, 1, 1, 1, 1, 1, 1, 0, 1, 1], 'H': [1, 1, 1, 1, 1, 1, 1, 1, 1, 1], 'I': [0, 1, 0, 1, 1, 0, 1, 1, 1, 1], 'J': [1, 0, 0, 0, 1, 1, 1, 1, 1, 0]}, '校医院西': {'A': [1, 1, 1, 1, 1, 1, 1, 1, 1, 1], 'B': [1, 1, 1, 1, 1, 1, 1, 0, 1, 1], 'C': [1, 1, 1, 1, 1, 1, 1, 1, 1, 1], 'D': [1, 1, 1, 1, 1, 1, 1, 1, 1, 1], 'E': [1, 1, 1, 1, 1, 1, 1, 1, 1, 1], 'F': [0, 1, 1, 1, 0, 1, 1, 1, 1, 1], 'G': [1, 1, 1, 1, 1, 1, 1, 1, 1, 1], 'H': [1, 1, 0, 1, 1, 0, 1, 1, 0, 1], 'I': [1, 1, 1, 1, 0, 0, 0, 0, 0, 1]}}
623249	2024-07-13 04:54:52.675000+08:00	2024-07-13 04:54:52.675000+08:00	{'东门北侧': {'A': [1, 1, 1, 1, 1, 1, 1, 1, 1, 1], 'B': [1, 1, 1, 1, 1, 1, 1, 1, 1, 1], 'C': [0, 1, 1, 1, 1, 1, 1, 1, 1, 0], 'D': [1, 1, 1, 1, 1, 0, 1, 1, 1, 1], 'E': [1, 1, 0, 0, 1, 1, 1, 0, 1, 1], 'F': [0, 1, 1, 1, 1, 1, 1, 1, 1, 1], 'G': [1, 1, 1, 1, 1, 0, 1, 1, 0, 1], 'H': [1, 1, 1, 1, 0, 1, 1, 1, 1, 0], 'I': [0, 1, 0, 1, 1, 0, 1, 1, 1, 1], 'J': [1, 1, 1, 0, 1, 0, 1, 1, 1, 0], 'K': [0, 1, 1, 0, 1, 1, 1, 1, 0, 0]}, '东门南侧': {'A': [0, 0, 1, 1, 0, 1, 1, 1, 1, 0], 'B': [0, 0, 0, 0, 0, 0, 0, 0, 0, 0]}, '西门北侧': {'A': [1, 1, 1, 1, 1, 1, 1, 1, 1, 1], 'B': [0, 1, 1, 1, 1, 1, 1, 1, 0, 1], 'C': [1, 1, 0, 1, 1, 1, 1, 1, 1, 1]}, '西门南侧': {'A': [0, 1, 1, 1, 1, 1, 1, 1, 1, 1], 'B': [1, 1, 1, 1, 1, 1, 1, 1, 1, 1], 'C': [1, 1, 1, 1, 1, 1, 1, 1, 1, 1]}, '南门西侧': {'A': [1, 1, 1, 1, 1, 1, 1, 1, 1, 1], 'B': [1, 1, 1, 1, 0, 0, 1, 1, 1, 1]}, '南门东侧': {'A': [1, 0, 0, 1, 1, 1, 1, 1, 1, 1], 'B': [1, 1, 1, 1, 1, 1, 1, 1, 1, 1]}, '北门东北侧': {'A': [1, 1, 1, 1, 1, 1, 1, 1, 1, 1], 'B': [1, 1, 1, 1, 1, 1, 1, 1, 0, 1], 'C': [1, 1, 0, 1, 0, 1, 1, 1, 1, 0], 'D': [0, 0, 1, 1, 1, 0, 1, 0, 1, 1]}, '北门东南侧': {'A': [1, 1, 1, 1, 1, 1, 1, 1, 1, 1], 'B': [0, 1, 1, 1, 1, 1, 1, 1, 1, 0], 'C': [1, 1, 1, 1, 1, 0, 1, 1, 0, 1], 'D': [1, 1, 0, 1, 1, 1, 1, 1, 1, 1], 'E': [1, 1, 1, 1, 1, 0, 1, 1, 1, 1], 'F': [1, 1, 1, 1, 0, 1, 1, 1, 1, 1]}, '橘园北侧南': {'A': [1, 1, 0, 1, 1, 0, 1, 1, 0, 1], 'B': [0, 1, 0, 0, 1, 0, 1, 1, 1, 0], 'C': [0, 0, 1, 1, 1, 1, 0, 0, 1, 1], 'D': [1, 0, 1, 1, 1, 0, 0, 1, 1, 0], 'E': [1, 1, 1, 0, 0, 1, 1, 1, 0, 1], 'F': [1, 1, 1, 1, 0, 0, 0, 1, 1, 0], 'G': [0, 1, 1, 1, 1, 1, 1, 0, 1, 1], 'H': [1, 1, 1, 1, 1, 1, 1, 1, 1, 1], 'I': [0, 1, 0, 1, 1, 0, 1, 1, 1, 1], 'J': [1, 0, 0, 0, 1, 1, 1, 1, 1, 0]}, '校医院西': {'A': [1, 1, 1, 1, 1, 1, 1, 1, 1, 1], 'B': [1, 1, 1, 1, 1, 1, 1, 0, 1, 1], 'C': [1, 1, 1, 1, 1, 1, 1, 1, 1, 1], 'D': [1, 1, 1, 1, 1, 1, 1, 1, 1, 1], 'E': [1, 1, 1, 1, 1, 1, 1, 1, 1, 1], 'F': [0, 1, 1, 1, 0, 1, 1, 1, 1, 1], 'G': [1, 1, 1, 1, 1, 1, 1, 1, 1, 1], 'H': [1, 1, 0, 1, 1, 0, 1, 1, 0, 1], 'I': [1, 1, 1, 1, 0, 0, 0, 0, 0, 1]}}
623250	2024-07-13 04:55:50.717000+08:00	2024-07-13 04:55:50.717000+08:00	{'东门北侧': {'A': [1, 1, 1, 1, 1, 1, 1, 1, 1, 1], 'B': [1, 1, 1, 1, 1, 1, 1, 1, 1, 1], 'C': [0, 1, 1, 1, 1, 1, 1, 1, 1, 0], 'D': [1, 1, 1, 1, 1, 0, 1, 1, 1, 1], 'E': [1, 1, 0, 0, 1, 1, 1, 0, 1, 1], 'F': [0, 1, 1, 1, 1, 1, 1, 1, 1, 1], 'G': [1, 1, 1, 1, 1, 0, 1, 1, 0, 1], 'H': [1, 1, 1, 1, 0, 1, 1, 1, 1, 0], 'I': [0, 1, 0, 1, 1, 0, 1, 1, 1, 1], 'J': [1, 1, 1, 0, 1, 0, 1, 1, 1, 0], 'K': [0, 1, 1, 0, 1, 1, 1, 1, 0, 0]}, '东门南侧': {'A': [0, 0, 1, 1, 0, 1, 1, 1, 1, 0], 'B': [0, 0, 0, 0, 0, 0, 0, 0, 0, 0]}, '西门北侧': {'A': [1, 1, 1, 1, 1, 1, 1, 1, 1, 1], 'B': [0, 1, 1, 1, 1, 1, 1, 1, 0, 1], 'C': [1, 1, 0, 1, 1, 1, 1, 1, 1, 1]}, '西门南侧': {'A': [0, 1, 1, 1, 1, 1, 1, 1, 1, 1], 'B': [1, 1, 1, 1, 1, 1, 1, 1, 1, 1], 'C': [1, 1, 1, 1, 1, 1, 1, 1, 1, 1]}, '南门西侧': {'A': [1, 1, 1, 1, 1, 1, 1, 1, 1, 1], 'B': [1, 1, 1, 1, 0, 0, 1, 1, 1, 1]}, '南门东侧': {'A': [1, 0, 0, 1, 1, 1, 1, 1, 1, 1], 'B': [1, 1, 1, 1, 1, 1, 1, 1, 1, 1]}, '北门东北侧': {'A': [1, 1, 1, 1, 1, 1, 1, 1, 1, 1], 'B': [1, 1, 1, 1, 1, 1, 1, 1, 0, 1], 'C': [1, 1, 0, 1, 0, 1, 1, 1, 1, 0], 'D': [0, 0, 1, 1, 1, 0, 1, 0, 1, 1]}, '北门东南侧': {'A': [1, 1, 1, 1, 1, 1, 1, 1, 1, 1], 'B': [0, 1, 1, 1, 1, 1, 1, 1, 1, 0], 'C': [1, 1, 1, 1, 1, 0, 1, 1, 0, 1], 'D': [1, 1, 0, 1, 1, 1, 1, 1, 1, 1], 'E': [1, 1, 1, 1, 1, 0, 1, 1, 1, 1], 'F': [1, 1, 1, 1, 0, 1, 1, 1, 1, 1]}, '橘园北侧南': {'A': [1, 1, 0, 1, 1, 0, 1, 1, 0, 1], 'B': [0, 1, 0, 0, 1, 0, 1, 1, 1, 0], 'C': [0, 0, 1, 1, 1, 1, 0, 0, 1, 1], 'D': [1, 0, 1, 1, 1, 0, 0, 1, 1, 0], 'E': [1, 1, 1, 0, 0, 1, 1, 1, 0, 1], 'F': [1, 1, 1, 1, 0, 0, 0, 1, 1, 0], 'G': [0, 1, 1, 1, 1, 1, 1, 0, 1, 1], 'H': [1, 1, 1, 1, 1, 1, 1, 1, 1, 1], 'I': [0, 1, 0, 1, 1, 0, 1, 1, 1, 1], 'J': [1, 0, 0, 0, 1, 1, 1, 1, 1, 0]}, '校医院西': {'A': [1, 1, 1, 1, 1, 1, 1, 1, 1, 1], 'B': [1, 1, 1, 1, 1, 1, 1, 0, 1, 1], 'C': [1, 1, 1, 1, 1, 1, 1, 1, 1, 1], 'D': [1, 1, 1, 1, 1, 1, 1, 1, 1, 1], 'E': [1, 1, 1, 1, 1, 1, 1, 1, 1, 1], 'F': [0, 1, 1, 1, 0, 1, 1, 1, 1, 1], 'G': [1, 1, 1, 1, 1, 1, 1, 1, 1, 1], 'H': [1, 1, 0, 1, 1, 0, 1, 1, 0, 1], 'I': [1, 1, 1, 1, 0, 0, 0, 0, 0, 1]}}
623251	2024-07-13 04:56:50.620000+08:00	2024-07-13 04:56:50.620000+08:00	{'东门北侧': {'A': [1, 1, 1, 1, 1, 1, 1, 1, 1, 1], 'B': [1, 1, 1, 1, 1, 1, 1, 1, 1, 1], 'C': [0, 1, 1, 1, 1, 1, 1, 1, 1, 0], 'D': [1, 1, 1, 1, 1, 0, 1, 1, 1, 1], 'E': [1, 1, 0, 0, 1, 1, 1, 0, 1, 1], 'F': [0, 1, 1, 1, 1, 1, 1, 1, 1, 1], 'G': [1, 1, 1, 1, 1, 0, 1, 1, 0, 1], 'H': [1, 1, 1, 1, 0, 1, 1, 1, 1, 0], 'I': [0, 1, 0, 1, 1, 0, 1, 1, 1, 1], 'J': [1, 1, 1, 0, 1, 0, 1, 1, 1, 0], 'K': [0, 1, 1, 0, 1, 1, 1, 1, 0, 0]}, '东门南侧': {'A': [0, 0, 1, 1, 0, 1, 1, 1, 1, 0], 'B': [0, 0, 0, 0, 0, 0, 0, 0, 0, 0]}, '西门北侧': {'A': [1, 1, 1, 1, 1, 1, 1, 1, 1, 1], 'B': [0, 1, 1, 1, 1, 1, 1, 1, 0, 1], 'C': [1, 1, 0, 1, 1, 1, 1, 1, 1, 1]}, '西门南侧': {'A': [0, 1, 1, 1, 1, 1, 1, 1, 1, 1], 'B': [1, 1, 1, 1, 1, 1, 1, 1, 1, 1], 'C': [1, 1, 1, 1, 1, 1, 1, 1, 1, 1]}, '南门西侧': {'A': [1, 1, 1, 1, 1, 1, 1, 1, 1, 1], 'B': [1, 1, 1, 1, 0, 0, 1, 1, 1, 1]}, '南门东侧': {'A': [1, 1, 0, 1, 1, 1, 1, 1, 1, 1], 'B': [1, 1, 1, 1, 1, 1, 1, 1, 1, 1]}, '北门东北侧': {'A': [1, 1, 1, 1, 1, 1, 1, 1, 1, 1], 'B': [1, 1, 1, 1, 1, 1, 1, 1, 0, 1], 'C': [1, 1, 0, 1, 0, 1, 1, 1, 1, 0], 'D': [0, 0, 1, 1, 1, 0, 1, 0, 1, 1]}, '北门东南侧': {'A': [1, 1, 1, 1, 1, 1, 1, 1, 1, 1], 'B': [0, 1, 1, 1, 1, 1, 1, 1, 1, 0], 'C': [1, 1, 1, 1, 1, 0, 1, 1, 0, 1], 'D': [1, 1, 0, 1, 1, 1, 1, 1, 1, 1], 'E': [1, 1, 1, 1, 1, 0, 1, 1, 1, 1], 'F': [1, 1, 1, 1, 0, 1, 1, 1, 1, 1]}, '橘园北侧南': {'A': [1, 1, 0, 1, 1, 0, 1, 1, 0, 1], 'B': [0, 1, 0, 0, 1, 0, 1, 1, 1, 0], 'C': [0, 0, 1, 1, 1, 1, 0, 0, 1, 1], 'D': [1, 0, 1, 1, 1, 0, 0, 1, 1, 0], 'E': [1, 1, 1, 0, 0, 1, 1, 1, 0, 1], 'F': [1, 1, 1, 1, 0, 0, 0, 1, 1, 0], 'G': [0, 1, 1, 1, 1, 1, 1, 0, 1, 1], 'H': [1, 1, 1, 1, 1, 1, 1, 1, 1, 1], 'I': [0, 1, 0, 1, 1, 0, 1, 1, 1, 1], 'J': [1, 0, 0, 0, 1, 1, 1, 1, 1, 0]}, '校医院西': {'A': [1, 1, 1, 1, 1, 1, 1, 1, 1, 1], 'B': [1, 1, 1, 1, 1, 1, 1, 0, 1, 1], 'C': [1, 1, 1, 1, 1, 1, 1, 1, 1, 1], 'D': [1, 1, 1, 1, 1, 1, 1, 1, 1, 1], 'E': [1, 1, 1, 1, 1, 1, 1, 1, 1, 1], 'F': [0, 1, 1, 1, 0, 1, 1, 1, 1, 1], 'G': [1, 1, 1, 1, 1, 1, 1, 1, 1, 1], 'H': [1, 1, 0, 1, 1, 0, 1, 1, 0, 1], 'I': [1, 1, 1, 1, 0, 0, 0, 0, 0, 1]}}
623252	2024-07-13 04:57:47.558000+08:00	2024-07-13 04:57:47.558000+08:00	{'东门北侧': {'A': [1, 1, 1, 1, 1, 1, 1, 1, 1, 1], 'B': [1, 1, 1, 1, 1, 1, 1, 1, 1, 1], 'C': [0, 1, 1, 1, 1, 1, 1, 1, 1, 0], 'D': [1, 1, 1, 1, 1, 0, 1, 1, 1, 1], 'E': [1, 1, 0, 0, 1, 1, 1, 0, 1, 1], 'F': [0, 1, 1, 1, 1, 1, 1, 1, 1, 1], 'G': [1, 1, 1, 1, 1, 0, 1, 1, 0, 1], 'H': [1, 1, 1, 1, 0, 1, 1, 1, 1, 0], 'I': [0, 1, 0, 1, 1, 0, 1, 1, 1, 1], 'J': [1, 1, 1, 0, 1, 0, 1, 1, 1, 0], 'K': [0, 1, 1, 0, 1, 1, 1, 1, 0, 0]}, '东门南侧': {'A': [0, 0, 1, 1, 0, 1, 1, 1, 1, 0], 'B': [0, 0, 0, 0, 0, 0, 0, 0, 0, 0]}, '西门北侧': {'A': [1, 1, 1, 1, 1, 1, 1, 1, 1, 1], 'B': [0, 1, 1, 1, 1, 1, 1, 1, 0, 1], 'C': [1, 1, 0, 1, 1, 1, 1, 1, 1, 1]}, '西门南侧': {'A': [0, 1, 1, 1, 1, 1, 1, 1, 1, 1], 'B': [1, 1, 1, 1, 1, 1, 1, 1, 1, 1], 'C': [1, 1, 1, 1, 1, 1, 1, 1, 1, 1]}, '南门西侧': {'A': [1, 1, 1, 1, 1, 1, 1, 1, 1, 1], 'B': [1, 1, 1, 1, 0, 0, 1, 1, 1, 1]}, '南门东侧': {'A': [1, 1, 0, 1, 1, 1, 1, 1, 1, 1], 'B': [1, 1, 1, 1, 1, 1, 1, 1, 1, 1]}, '北门东北侧': {'A': [1, 1, 1, 1, 1, 1, 1, 1, 1, 1], 'B': [1, 1, 1, 1, 1, 1, 1, 1, 0, 1], 'C': [1, 1, 0, 1, 0, 1, 1, 1, 1, 0], 'D': [0, 0, 1, 1, 1, 0, 1, 0, 1, 1]}, '北门东南侧': {'A': [1, 1, 1, 1, 1, 1, 1, 1, 1, 1], 'B': [0, 1, 1, 1, 1, 1, 1, 1, 1, 0], 'C': [1, 1, 1, 1, 1, 0, 1, 1, 0, 1], 'D': [1, 1, 0, 1, 1, 1, 1, 1, 1, 1], 'E': [1, 1, 1, 1, 1, 0, 1, 1, 1, 1], 'F': [1, 1, 1, 1, 0, 1, 1, 1, 1, 1]}, '橘园北侧南': {'A': [1, 1, 0, 1, 1, 0, 1, 1, 0, 1], 'B': [0, 1, 0, 0, 1, 0, 1, 1, 1, 0], 'C': [0, 0, 1, 1, 1, 1, 0, 0, 1, 1], 'D': [1, 0, 1, 1, 1, 0, 0, 1, 1, 0], 'E': [1, 1, 1, 0, 0, 1, 1, 1, 0, 1], 'F': [1, 1, 1, 1, 0, 0, 0, 1, 1, 0], 'G': [0, 1, 1, 1, 1, 1, 1, 0, 1, 1], 'H': [1, 1, 1, 1, 1, 1, 1, 1, 1, 1], 'I': [0, 1, 0, 1, 1, 0, 1, 1, 1, 1], 'J': [1, 0, 0, 0, 1, 1, 1, 1, 1, 0]}, '校医院西': {'A': [1, 1, 1, 1, 1, 1, 1, 1, 1, 1], 'B': [1, 1, 1, 1, 1, 1, 1, 0, 1, 1], 'C': [1, 1, 1, 1, 1, 1, 1, 1, 1, 1], 'D': [1, 1, 1, 1, 1, 1, 1, 1, 1, 1], 'E': [1, 1, 1, 1, 1, 1, 1, 1, 1, 1], 'F': [0, 1, 1, 1, 0, 1, 1, 1, 1, 1], 'G': [1, 1, 1, 1, 1, 1, 1, 1, 1, 1], 'H': [1, 1, 0, 1, 1, 0, 1, 1, 0, 1], 'I': [1, 1, 1, 1, 0, 0, 0, 0, 0, 1]}}
623253	2024-07-13 04:58:49.664000+08:00	2024-07-13 04:58:49.664000+08:00	{'东门北侧': {'A': [1, 1, 1, 1, 1, 1, 1, 1, 1, 1], 'B': [1, 1, 1, 1, 1, 1, 1, 1, 1, 1], 'C': [0, 1, 1, 1, 1, 1, 1, 1, 1, 0], 'D': [1, 1, 1, 1, 1, 0, 1, 1, 1, 1], 'E': [1, 1, 0, 0, 1, 1, 1, 0, 1, 1], 'F': [0, 1, 1, 1, 1, 1, 1, 1, 1, 1], 'G': [1, 1, 1, 1, 1, 0, 1, 1, 0, 1], 'H': [1, 1, 1, 1, 0, 1, 1, 1, 1, 0], 'I': [0, 1, 0, 1, 1, 0, 1, 1, 1, 1], 'J': [1, 1, 1, 0, 1, 0, 1, 1, 1, 0], 'K': [0, 1, 1, 1, 1, 1, 1, 1, 0, 0]}, '东门南侧': {'A': [0, 0, 1, 1, 0, 1, 1, 1, 1, 0], 'B': [0, 0, 0, 0, 0, 0, 0, 0, 0, 0]}, '西门北侧': {'A': [1, 1, 1, 1, 1, 1, 1, 1, 1, 1], 'B': [0, 1, 1, 1, 1, 1, 1, 1, 0, 1], 'C': [1, 1, 0, 1, 1, 1, 1, 1, 1, 1]}, '西门南侧': {'A': [0, 1, 1, 1, 1, 1, 1, 1, 1, 1], 'B': [1, 1, 1, 1, 1, 1, 1, 1, 1, 1], 'C': [1, 1, 1, 1, 1, 1, 1, 1, 1, 1]}, '南门西侧': {'A': [1, 1, 1, 1, 1, 1, 1, 1, 1, 1], 'B': [1, 1, 1, 1, 0, 0, 1, 1, 1, 1]}, '南门东侧': {'A': [1, 1, 0, 1, 1, 1, 1, 1, 1, 1], 'B': [1, 1, 1, 1, 1, 1, 1, 1, 1, 1]}, '北门东北侧': {'A': [1, 1, 1, 1, 1, 1, 1, 1, 1, 1], 'B': [1, 1, 1, 1, 1, 1, 1, 1, 0, 1], 'C': [1, 1, 0, 1, 0, 1, 1, 1, 1, 0], 'D': [0, 0, 1, 1, 1, 0, 1, 0, 1, 1]}, '北门东南侧': {'A': [1, 1, 1, 1, 1, 1, 1, 1, 1, 1], 'B': [0, 1, 1, 1, 1, 1, 1, 1, 1, 0], 'C': [1, 1, 1, 1, 1, 0, 1, 1, 0, 1], 'D': [1, 1, 0, 1, 1, 1, 1, 1, 1, 1], 'E': [1, 1, 1, 1, 1, 0, 1, 1, 1, 1], 'F': [1, 1, 1, 1, 0, 1, 1, 1, 1, 1]}, '橘园北侧南': {'A': [1, 1, 0, 1, 1, 0, 1, 1, 0, 1], 'B': [0, 1, 0, 1, 1, 0, 1, 1, 1, 0], 'C': [0, 0, 1, 1, 1, 1, 0, 0, 1, 1], 'D': [1, 0, 1, 1, 1, 0, 0, 1, 1, 0], 'E': [1, 1, 1, 0, 0, 1, 1, 1, 0, 1], 'F': [1, 1, 1, 1, 0, 0, 0, 1, 1, 0], 'G': [0, 1, 1, 1, 1, 1, 1, 0, 1, 1], 'H': [1, 1, 1, 1, 1, 1, 1, 1, 1, 1], 'I': [0, 1, 0, 1, 1, 0, 1, 1, 1, 1], 'J': [1, 0, 0, 0, 1, 1, 1, 1, 1, 0]}, '校医院西': {'A': [1, 1, 1, 1, 1, 1, 1, 1, 1, 1], 'B': [1, 1, 1, 1, 1, 1, 1, 0, 1, 1], 'C': [1, 1, 1, 1, 1, 1, 1, 1, 1, 1], 'D': [1, 1, 1, 1, 1, 1, 1, 1, 1, 1], 'E': [1, 1, 1, 1, 1, 1, 1, 1, 1, 1], 'F': [0, 1, 1, 1, 0, 1, 1, 1, 1, 1], 'G': [1, 1, 1, 1, 1, 1, 1, 1, 1, 1], 'H': [1, 1, 0, 1, 1, 0, 1, 1, 0, 1], 'I': [1, 1, 1, 1, 0, 0, 0, 0, 0, 1]}}
623254	2024-07-13 04:59:48.574000+08:00	2024-07-13 04:59:48.574000+08:00	{'东门北侧': {'A': [1, 1, 1, 1, 1, 1, 1, 1, 1, 1], 'B': [1, 1, 1, 1, 1, 1, 1, 1, 1, 1], 'C': [0, 1, 1, 1, 1, 1, 1, 1, 1, 0], 'D': [1, 1, 1, 1, 1, 0, 1, 1, 1, 1], 'E': [1, 1, 0, 0, 1, 1, 1, 0, 1, 1], 'F': [0, 1, 1, 1, 1, 1, 1, 1, 1, 1], 'G': [1, 1, 1, 1, 1, 0, 1, 1, 0, 1], 'H': [1, 1, 1, 1, 0, 1, 1, 1, 1, 0], 'I': [0, 1, 0, 1, 1, 0, 1, 1, 1, 1], 'J': [1, 1, 1, 0, 1, 0, 1, 1, 1, 0], 'K': [0, 1, 1, 1, 1, 1, 1, 1, 0, 0]}, '东门南侧': {'A': [0, 0, 1, 1, 0, 1, 1, 1, 1, 0], 'B': [0, 0, 0, 0, 0, 0, 0, 0, 0, 0]}, '西门北侧': {'A': [1, 1, 1, 1, 1, 1, 1, 1, 1, 1], 'B': [0, 1, 1, 1, 1, 1, 1, 1, 0, 1], 'C': [1, 1, 0, 1, 1, 1, 1, 1, 1, 1]}, '西门南侧': {'A': [0, 1, 1, 1, 1, 1, 1, 1, 1, 1], 'B': [1, 1, 1, 1, 1, 1, 1, 1, 1, 1], 'C': [1, 1, 1, 1, 1, 1, 1, 1, 1, 1]}, '南门西侧': {'A': [1, 1, 1, 1, 1, 1, 1, 1, 1, 1], 'B': [1, 1, 1, 1, 0, 0, 1, 1, 1, 1]}, '南门东侧': {'A': [1, 1, 0, 1, 1, 1, 1, 1, 1, 1], 'B': [1, 1, 1, 1, 1, 1, 1, 1, 1, 1]}, '北门东北侧': {'A': [1, 1, 1, 1, 1, 1, 1, 1, 1, 1], 'B': [1, 1, 1, 1, 1, 1, 1, 1, 0, 1], 'C': [1, 1, 0, 1, 0, 1, 1, 1, 1, 0], 'D': [0, 0, 1, 1, 1, 0, 1, 0, 1, 1]}, '北门东南侧': {'A': [1, 1, 1, 1, 1, 1, 1, 1, 1, 1], 'B': [0, 1, 1, 1, 1, 1, 1, 1, 1, 0], 'C': [1, 1, 1, 1, 1, 0, 1, 1, 0, 1], 'D': [1, 1, 0, 1, 1, 1, 1, 1, 1, 1], 'E': [1, 1, 1, 1, 1, 0, 1, 1, 1, 1], 'F': [1, 1, 1, 1, 0, 1, 1, 1, 1, 1]}, '橘园北侧南': {'A': [1, 1, 0, 1, 1, 0, 1, 1, 0, 1], 'B': [0, 1, 0, 1, 1, 0, 1, 1, 1, 0], 'C': [0, 0, 1, 1, 1, 1, 0, 0, 1, 1], 'D': [1, 0, 1, 1, 1, 0, 0, 1, 1, 0], 'E': [1, 1, 1, 0, 0, 1, 1, 1, 0, 1], 'F': [1, 1, 1, 1, 0, 0, 0, 1, 1, 0], 'G': [0, 1, 1, 1, 1, 1, 1, 0, 1, 1], 'H': [1, 1, 1, 1, 1, 1, 1, 1, 1, 1], 'I': [1, 1, 0, 1, 1, 0, 1, 1, 1, 1], 'J': [1, 0, 0, 0, 1, 1, 1, 1, 1, 0]}, '校医院西': {'A': [1, 1, 1, 1, 1, 1, 1, 1, 1, 1], 'B': [1, 1, 1, 1, 1, 1, 1, 0, 1, 1], 'C': [1, 1, 1, 1, 1, 1, 1, 1, 1, 1], 'D': [1, 1, 1, 1, 1, 1, 1, 1, 1, 1], 'E': [1, 1, 1, 1, 1, 1, 1, 1, 1, 1], 'F': [0, 1, 1, 1, 0, 1, 1, 1, 1, 1], 'G': [1, 1, 1, 1, 1, 1, 1, 1, 1, 1], 'H': [1, 1, 0, 1, 1, 0, 1, 1, 0, 1], 'I': [1, 1, 1, 1, 0, 0, 0, 0, 0, 1]}}
623255	2024-07-13 05:00:49.529000+08:00	2024-07-13 05:00:49.529000+08:00	{'东门北侧': {'A': [1, 1, 1, 1, 1, 1, 1, 1, 1, 1], 'B': [1, 1, 1, 1, 1, 1, 1, 1, 1, 1], 'C': [0, 1, 1, 1, 1, 1, 1, 1, 1, 0], 'D': [1, 1, 1, 1, 1, 0, 1, 1, 1, 1], 'E': [1, 1, 0, 0, 1, 1, 1, 0, 1, 1], 'F': [0, 1, 1, 1, 1, 1, 1, 1, 1, 1], 'G': [1, 1, 1, 1, 1, 0, 1, 1, 0, 1], 'H': [1, 1, 1, 1, 0, 1, 1, 1, 1, 0], 'I': [0, 1, 0, 1, 1, 0, 1, 1, 1, 1], 'J': [1, 1, 1, 0, 1, 0, 1, 1, 1, 0], 'K': [0, 1, 1, 1, 1, 1, 1, 1, 0, 0]}, '东门南侧': {'A': [0, 0, 1, 1, 0, 1, 1, 1, 1, 0], 'B': [0, 0, 0, 0, 0, 0, 0, 0, 0, 0]}, '西门北侧': {'A': [1, 1, 1, 1, 1, 1, 1, 1, 1, 1], 'B': [0, 1, 1, 1, 1, 1, 1, 1, 0, 1], 'C': [1, 1, 0, 1, 1, 1, 1, 1, 1, 1]}, '西门南侧': {'A': [0, 1, 1, 1, 1, 1, 1, 1, 1, 1], 'B': [1, 1, 1, 1, 1, 1, 1, 1, 1, 1], 'C': [1, 1, 1, 1, 1, 1, 1, 1, 1, 1]}, '南门西侧': {'A': [1, 1, 1, 1, 1, 1, 1, 1, 1, 1], 'B': [1, 1, 1, 1, 0, 0, 1, 1, 1, 1]}, '南门东侧': {'A': [1, 1, 0, 1, 1, 1, 1, 1, 1, 1], 'B': [1, 1, 1, 1, 1, 1, 1, 1, 1, 1]}, '北门东北侧': {'A': [1, 1, 1, 1, 1, 1, 1, 1, 1, 1], 'B': [1, 1, 1, 1, 1, 1, 1, 1, 0, 1], 'C': [1, 1, 0, 1, 0, 1, 1, 1, 1, 0], 'D': [0, 0, 1, 1, 1, 0, 1, 0, 1, 1]}, '北门东南侧': {'A': [1, 1, 1, 1, 1, 1, 1, 1, 1, 1], 'B': [0, 1, 1, 1, 1, 1, 1, 1, 1, 0], 'C': [1, 1, 1, 1, 1, 0, 1, 1, 0, 1], 'D': [1, 1, 0, 1, 1, 1, 1, 1, 1, 1], 'E': [1, 1, 1, 1, 1, 0, 1, 1, 1, 1], 'F': [1, 1, 1, 1, 0, 1, 1, 1, 1, 1]}, '橘园北侧南': {'A': [1, 1, 0, 1, 1, 0, 1, 1, 0, 1], 'B': [0, 1, 0, 1, 1, 0, 1, 1, 1, 0], 'C': [0, 0, 1, 1, 1, 1, 0, 0, 1, 1], 'D': [1, 0, 1, 1, 1, 0, 1, 1, 1, 0], 'E': [1, 1, 1, 0, 0, 1, 1, 1, 0, 1], 'F': [1, 1, 1, 1, 0, 0, 0, 1, 1, 0], 'G': [0, 1, 1, 1, 1, 1, 1, 0, 1, 1], 'H': [1, 1, 1, 1, 1, 1, 1, 1, 1, 1], 'I': [1, 1, 0, 1, 1, 0, 1, 1, 1, 1], 'J': [1, 0, 0, 1, 1, 1, 1, 1, 1, 0]}, '校医院西': {'A': [1, 1, 1, 1, 1, 1, 1, 1, 1, 1], 'B': [1, 1, 1, 1, 1, 1, 1, 0, 1, 1], 'C': [1, 1, 1, 1, 1, 1, 1, 1, 1, 1], 'D': [1, 1, 1, 1, 1, 1, 1, 1, 1, 1], 'E': [1, 1, 1, 1, 1, 1, 1, 1, 1, 1], 'F': [0, 1, 1, 1, 0, 1, 1, 1, 1, 1], 'G': [1, 1, 1, 1, 1, 1, 1, 1, 1, 1], 'H': [1, 1, 0, 1, 1, 0, 1, 1, 0, 1], 'I': [1, 1, 1, 1, 0, 0, 0, 0, 0, 1]}}
623256	2024-07-13 05:01:49.523000+08:00	2024-07-13 05:01:49.523000+08:00	{'东门北侧': {'A': [1, 1, 1, 1, 1, 1, 1, 1, 1, 1], 'B': [1, 1, 1, 1, 1, 1, 1, 1, 1, 1], 'C': [0, 1, 1, 1, 1, 1, 1, 1, 1, 0], 'D': [1, 1, 1, 1, 1, 0, 1, 1, 1, 1], 'E': [1, 1, 0, 0, 1, 1, 1, 0, 1, 1], 'F': [0, 1, 1, 1, 1, 1, 1, 1, 1, 1], 'G': [1, 1, 1, 1, 1, 0, 1, 1, 0, 1], 'H': [1, 1, 1, 1, 0, 1, 1, 1, 1, 0], 'I': [0, 1, 0, 1, 1, 0, 1, 1, 1, 1], 'J': [1, 1, 1, 0, 1, 0, 1, 1, 1, 0], 'K': [0, 1, 1, 1, 1, 1, 1, 1, 0, 0]}, '东门南侧': {'A': [0, 0, 1, 1, 0, 1, 1, 1, 1, 0], 'B': [0, 0, 0, 0, 0, 0, 0, 0, 0, 0]}, '西门北侧': {'A': [1, 1, 1, 1, 1, 1, 1, 1, 1, 1], 'B': [0, 1, 1, 1, 1, 1, 1, 1, 0, 1], 'C': [1, 1, 0, 1, 1, 1, 1, 1, 1, 1]}, '西门南侧': {'A': [0, 1, 1, 1, 1, 1, 1, 1, 1, 1], 'B': [1, 1, 1, 1, 1, 1, 1, 1, 1, 1], 'C': [1, 1, 1, 1, 1, 1, 1, 1, 1, 1]}, '南门西侧': {'A': [1, 1, 1, 1, 1, 1, 1, 1, 1, 1], 'B': [1, 1, 1, 1, 0, 0, 1, 1, 1, 1]}, '南门东侧': {'A': [1, 1, 0, 1, 1, 1, 1, 1, 1, 1], 'B': [1, 1, 1, 1, 1, 1, 1, 1, 1, 1]}, '北门东北侧': {'A': [1, 1, 1, 1, 1, 1, 1, 1, 1, 1], 'B': [1, 1, 1, 1, 1, 1, 1, 1, 0, 1], 'C': [1, 1, 0, 1, 0, 1, 1, 1, 1, 0], 'D': [0, 0, 1, 1, 1, 0, 1, 0, 1, 1]}, '北门东南侧': {'A': [1, 1, 1, 1, 1, 1, 1, 1, 1, 1], 'B': [0, 1, 1, 1, 1, 1, 1, 1, 1, 0], 'C': [1, 1, 1, 1, 1, 0, 1, 1, 0, 1], 'D': [1, 1, 0, 1, 1, 1, 1, 1, 1, 1], 'E': [1, 1, 1, 1, 1, 0, 1, 1, 1, 1], 'F': [1, 1, 1, 1, 0, 1, 1, 1, 1, 1]}, '橘园北侧南': {'A': [1, 1, 0, 1, 1, 0, 1, 1, 0, 1], 'B': [0, 1, 0, 1, 1, 0, 1, 1, 1, 0], 'C': [0, 0, 1, 1, 1, 1, 0, 0, 1, 1], 'D': [1, 0, 1, 1, 1, 0, 1, 1, 1, 0], 'E': [1, 1, 1, 0, 0, 1, 1, 1, 0, 1], 'F': [1, 1, 1, 1, 0, 0, 0, 1, 1, 0], 'G': [0, 1, 1, 1, 1, 1, 1, 1, 1, 1], 'H': [1, 1, 1, 1, 1, 1, 1, 1, 1, 1], 'I': [1, 1, 0, 1, 1, 0, 1, 1, 1, 1], 'J': [1, 0, 0, 1, 1, 1, 1, 1, 1, 0]}, '校医院西': {'A': [1, 1, 1, 1, 1, 1, 1, 1, 1, 1], 'B': [1, 1, 1, 1, 1, 1, 1, 0, 1, 1], 'C': [1, 1, 1, 1, 1, 1, 1, 1, 1, 1], 'D': [1, 1, 1, 1, 1, 1, 1, 1, 1, 1], 'E': [1, 1, 1, 1, 1, 1, 1, 1, 1, 1], 'F': [0, 1, 1, 1, 0, 1, 1, 1, 1, 1], 'G': [1, 1, 1, 1, 1, 1, 1, 1, 1, 1], 'H': [1, 1, 0, 1, 1, 0, 1, 1, 0, 1], 'I': [1, 1, 1, 1, 0, 0, 0, 0, 0, 1]}}
623257	2024-07-13 05:02:49.630000+08:00	2024-07-13 05:02:49.630000+08:00	{'东门北侧': {'A': [1, 1, 1, 1, 1, 1, 1, 1, 1, 1], 'B': [1, 1, 1, 1, 1, 1, 1, 1, 1, 1], 'C': [0, 1, 1, 1, 1, 1, 1, 1, 1, 0], 'D': [1, 1, 1, 1, 1, 0, 1, 1, 1, 1], 'E': [1, 1, 0, 0, 1, 1, 1, 0, 1, 1], 'F': [0, 1, 1, 1, 1, 1, 1, 1, 1, 1], 'G': [1, 1, 1, 1, 1, 0, 1, 1, 0, 1], 'H': [1, 1, 1, 1, 0, 1, 1, 1, 1, 0], 'I': [0, 1, 0, 1, 1, 0, 1, 1, 1, 1], 'J': [1, 1, 1, 0, 1, 0, 1, 1, 1, 0], 'K': [0, 1, 1, 1, 1, 1, 1, 1, 0, 0]}, '东门南侧': {'A': [0, 0, 1, 1, 0, 1, 1, 1, 1, 0], 'B': [0, 0, 0, 0, 0, 0, 0, 0, 0, 0]}, '西门北侧': {'A': [1, 1, 1, 1, 1, 1, 1, 1, 1, 1], 'B': [0, 1, 1, 1, 1, 1, 1, 1, 0, 1], 'C': [1, 1, 0, 1, 1, 1, 1, 1, 1, 1]}, '西门南侧': {'A': [0, 1, 1, 1, 1, 1, 1, 1, 1, 1], 'B': [1, 1, 1, 1, 1, 1, 1, 1, 1, 1], 'C': [1, 1, 1, 1, 1, 1, 1, 1, 1, 1]}, '南门西侧': {'A': [1, 1, 1, 1, 1, 1, 1, 1, 1, 1], 'B': [1, 1, 1, 1, 0, 0, 1, 1, 1, 1]}, '南门东侧': {'A': [1, 1, 0, 1, 1, 1, 1, 1, 1, 1], 'B': [1, 1, 1, 1, 1, 1, 1, 1, 1, 1]}, '北门东北侧': {'A': [1, 1, 1, 1, 1, 1, 1, 1, 1, 1], 'B': [1, 1, 1, 1, 1, 1, 1, 1, 0, 1], 'C': [1, 1, 0, 1, 0, 1, 1, 1, 1, 0], 'D': [0, 0, 1, 1, 1, 0, 1, 0, 1, 1]}, '北门东南侧': {'A': [1, 1, 1, 1, 1, 1, 1, 1, 1, 1], 'B': [0, 1, 1, 1, 1, 1, 1, 1, 1, 0], 'C': [1, 1, 1, 1, 1, 0, 1, 1, 0, 1], 'D': [1, 1, 0, 1, 1, 1, 1, 1, 1, 1], 'E': [1, 1, 1, 1, 1, 0, 1, 1, 1, 1], 'F': [1, 1, 1, 1, 0, 1, 1, 1, 1, 1]}, '橘园北侧南': {'A': [1, 1, 0, 1, 1, 0, 1, 1, 0, 1], 'B': [0, 1, 0, 1, 1, 0, 1, 1, 1, 0], 'C': [0, 0, 1, 1, 1, 1, 0, 0, 1, 1], 'D': [1, 0, 1, 1, 1, 0, 1, 1, 1, 0], 'E': [1, 1, 1, 0, 0, 1, 1, 1, 0, 1], 'F': [1, 1, 1, 1, 0, 0, 0, 1, 1, 0], 'G': [0, 1, 1, 1, 1, 1, 1, 1, 1, 1], 'H': [1, 1, 1, 1, 1, 1, 1, 1, 1, 1], 'I': [1, 1, 0, 1, 1, 0, 1, 1, 1, 1], 'J': [1, 0, 0, 1, 1, 1, 1, 1, 1, 0]}, '校医院西': {'A': [1, 1, 1, 1, 1, 1, 1, 1, 1, 1], 'B': [1, 1, 1, 1, 1, 1, 1, 0, 1, 1], 'C': [1, 1, 1, 1, 1, 1, 1, 1, 1, 1], 'D': [1, 1, 1, 1, 1, 1, 1, 1, 1, 1], 'E': [1, 1, 1, 1, 1, 1, 1, 1, 1, 1], 'F': [0, 1, 1, 1, 0, 1, 1, 1, 1, 1], 'G': [1, 1, 1, 1, 1, 1, 1, 1, 1, 1], 'H': [1, 1, 0, 1, 1, 0, 1, 1, 0, 1], 'I': [1, 1, 1, 1, 0, 0, 0, 0, 0, 1]}}
623258	2024-07-13 05:03:50.550000+08:00	2024-07-13 05:03:50.550000+08:00	{'东门北侧': {'A': [1, 1, 1, 1, 1, 1, 1, 1, 1, 1], 'B': [1, 1, 1, 1, 1, 1, 1, 1, 1, 1], 'C': [0, 1, 1, 1, 1, 1, 1, 1, 1, 0], 'D': [1, 1, 1, 1, 1, 0, 1, 1, 1, 1], 'E': [1, 1, 0, 0, 1, 1, 1, 0, 1, 1], 'F': [0, 1, 1, 1, 1, 1, 1, 1, 1, 1], 'G': [1, 1, 1, 1, 1, 0, 1, 1, 0, 1], 'H': [1, 1, 1, 1, 0, 1, 1, 1, 1, 0], 'I': [0, 1, 0, 1, 1, 0, 1, 1, 1, 1], 'J': [1, 1, 1, 0, 1, 0, 1, 1, 1, 0], 'K': [0, 1, 1, 1, 1, 1, 1, 1, 0, 0]}, '东门南侧': {'A': [0, 0, 1, 1, 0, 1, 1, 1, 1, 0], 'B': [0, 0, 0, 0, 0, 0, 0, 0, 0, 0]}, '西门北侧': {'A': [1, 1, 1, 1, 1, 1, 1, 1, 1, 1], 'B': [0, 1, 1, 1, 1, 1, 1, 1, 0, 1], 'C': [1, 1, 0, 1, 1, 1, 1, 1, 1, 1]}, '西门南侧': {'A': [0, 1, 1, 1, 1, 1, 1, 1, 1, 1], 'B': [1, 1, 1, 1, 1, 1, 1, 1, 1, 1], 'C': [1, 1, 1, 1, 1, 1, 1, 1, 1, 1]}, '南门西侧': {'A': [1, 1, 1, 1, 1, 1, 1, 1, 1, 1], 'B': [1, 1, 1, 1, 0, 0, 1, 1, 1, 1]}, '南门东侧': {'A': [1, 1, 0, 1, 1, 1, 1, 1, 1, 1], 'B': [1, 1, 1, 1, 1, 1, 1, 1, 1, 1]}, '北门东北侧': {'A': [1, 1, 1, 1, 1, 1, 1, 1, 1, 1], 'B': [1, 1, 1, 1, 1, 1, 1, 1, 0, 1], 'C': [1, 1, 0, 1, 0, 1, 1, 1, 1, 0], 'D': [0, 0, 1, 1, 1, 0, 1, 0, 1, 1]}, '北门东南侧': {'A': [1, 1, 1, 1, 1, 1, 1, 1, 1, 1], 'B': [0, 1, 1, 1, 1, 1, 1, 1, 1, 0], 'C': [1, 1, 1, 1, 1, 0, 1, 1, 0, 1], 'D': [1, 1, 0, 1, 1, 1, 1, 1, 1, 1], 'E': [1, 1, 1, 1, 1, 0, 1, 1, 1, 1], 'F': [1, 1, 1, 1, 0, 1, 1, 1, 1, 1]}, '橘园北侧南': {'A': [1, 1, 0, 1, 1, 0, 1, 1, 0, 1], 'B': [0, 1, 0, 1, 1, 0, 1, 1, 1, 0], 'C': [0, 0, 1, 1, 1, 1, 0, 0, 1, 1], 'D': [1, 0, 1, 1, 1, 0, 1, 1, 1, 1], 'E': [1, 1, 1, 0, 0, 1, 1, 1, 0, 1], 'F': [1, 1, 1, 1, 0, 0, 0, 1, 1, 0], 'G': [0, 1, 1, 1, 1, 1, 1, 1, 1, 1], 'H': [1, 1, 1, 1, 1, 1, 1, 1, 1, 1], 'I': [1, 1, 0, 1, 1, 0, 1, 1, 1, 1], 'J': [1, 0, 0, 1, 1, 1, 1, 1, 1, 0]}, '校医院西': {'A': [1, 1, 1, 1, 1, 1, 1, 1, 1, 1], 'B': [1, 1, 1, 1, 1, 1, 1, 0, 1, 1], 'C': [1, 1, 1, 1, 1, 1, 1, 1, 1, 1], 'D': [1, 1, 1, 1, 1, 1, 1, 1, 1, 1], 'E': [1, 1, 1, 1, 1, 1, 1, 1, 1, 1], 'F': [0, 1, 1, 1, 0, 1, 1, 1, 1, 1], 'G': [1, 1, 1, 1, 1, 1, 1, 1, 1, 1], 'H': [1, 1, 0, 1, 1, 0, 1, 1, 0, 1], 'I': [1, 1, 1, 1, 0, 0, 0, 0, 0, 1]}}
623259	2024-07-13 05:04:22.592000+08:00	2024-07-13 05:04:22.592000+08:00	{'东门北侧': {'A': [1, 1, 1, 1, 1, 1, 1, 1, 1, 1], 'B': [1, 1, 1, 1, 1, 1, 1, 1, 1, 1], 'C': [0, 1, 1, 1, 1, 1, 1, 1, 1, 0], 'D': [1, 1, 1, 1, 1, 0, 1, 1, 1, 1], 'E': [1, 1, 0, 0, 1, 1, 1, 0, 1, 1], 'F': [0, 1, 1, 1, 1, 1, 1, 1, 1, 1], 'G': [1, 1, 1, 1, 1, 0, 1, 1, 0, 1], 'H': [1, 1, 1, 1, 0, 1, 1, 1, 1, 0], 'I': [0, 1, 0, 1, 1, 0, 1, 1, 1, 1], 'J': [1, 1, 1, 0, 1, 0, 1, 1, 1, 0], 'K': [0, 1, 1, 1, 1, 1, 1, 1, 0, 0]}, '东门南侧': {'A': [0, 0, 1, 1, 0, 1, 1, 1, 1, 0], 'B': [0, 0, 0, 0, 0, 0, 0, 0, 0, 0]}, '西门北侧': {'A': [1, 1, 1, 1, 1, 1, 1, 1, 1, 1], 'B': [0, 1, 1, 1, 1, 1, 1, 1, 0, 1], 'C': [1, 1, 0, 1, 1, 1, 1, 1, 1, 1]}, '西门南侧': {'A': [0, 1, 1, 1, 1, 1, 1, 1, 1, 1], 'B': [1, 1, 1, 1, 1, 1, 1, 1, 1, 1], 'C': [1, 1, 1, 1, 1, 1, 1, 1, 1, 1]}, '南门西侧': {'A': [1, 1, 1, 1, 1, 1, 1, 1, 1, 1], 'B': [1, 1, 1, 1, 0, 0, 1, 1, 1, 1]}, '南门东侧': {'A': [1, 1, 0, 1, 1, 1, 1, 1, 1, 1], 'B': [1, 1, 1, 1, 1, 1, 1, 1, 1, 1]}, '北门东北侧': {'A': [1, 1, 1, 1, 1, 1, 1, 1, 1, 1], 'B': [1, 1, 1, 1, 1, 1, 1, 1, 0, 1], 'C': [1, 1, 0, 1, 0, 1, 1, 1, 1, 0], 'D': [0, 0, 1, 1, 1, 0, 1, 0, 1, 1]}, '北门东南侧': {'A': [1, 1, 1, 1, 1, 1, 1, 1, 1, 1], 'B': [0, 1, 1, 1, 1, 1, 1, 1, 1, 0], 'C': [1, 1, 1, 1, 1, 0, 1, 1, 0, 1], 'D': [1, 1, 0, 1, 1, 1, 1, 1, 1, 1], 'E': [1, 1, 1, 1, 1, 0, 1, 1, 1, 1], 'F': [1, 1, 1, 1, 0, 1, 1, 1, 1, 1]}, '橘园北侧南': {'A': [1, 1, 0, 1, 1, 0, 1, 1, 0, 1], 'B': [0, 1, 0, 1, 1, 0, 1, 1, 1, 0], 'C': [0, 0, 1, 1, 1, 1, 0, 0, 1, 1], 'D': [1, 0, 1, 1, 1, 0, 1, 1, 1, 1], 'E': [1, 1, 1, 0, 0, 1, 1, 1, 0, 1], 'F': [1, 1, 1, 1, 0, 0, 0, 1, 1, 0], 'G': [0, 1, 1, 1, 1, 1, 1, 1, 1, 1], 'H': [1, 1, 1, 1, 1, 1, 1, 1, 1, 1], 'I': [1, 1, 0, 1, 1, 0, 1, 1, 1, 1], 'J': [1, 0, 0, 1, 1, 1, 1, 1, 1, 0]}, '校医院西': {'A': [1, 1, 1, 1, 1, 1, 1, 1, 1, 1], 'B': [1, 1, 1, 1, 1, 1, 1, 0, 1, 1], 'C': [1, 1, 1, 1, 1, 1, 1, 1, 1, 1], 'D': [1, 1, 1, 1, 1, 1, 1, 1, 1, 1], 'E': [1, 1, 1, 1, 1, 1, 1, 1, 1, 1], 'F': [0, 1, 1, 1, 0, 1, 1, 1, 1, 1], 'G': [1, 1, 1, 1, 1, 1, 1, 1, 1, 1], 'H': [1, 1, 0, 1, 1, 0, 1, 1, 0, 1], 'I': [1, 1, 1, 1, 0, 0, 0, 0, 0, 1]}}
623260	2024-07-13 05:05:23.928000+08:00	2024-07-13 05:05:23.928000+08:00	{'东门北侧': {'A': [1, 1, 1, 1, 1, 1, 1, 1, 1, 1], 'B': [1, 1, 1, 1, 1, 1, 1, 1, 1, 1], 'C': [0, 1, 1, 1, 1, 1, 1, 1, 1, 0], 'D': [1, 1, 1, 1, 1, 0, 1, 1, 1, 1], 'E': [1, 1, 0, 0, 1, 1, 1, 0, 1, 1], 'F': [0, 1, 1, 1, 1, 1, 1, 1, 1, 1], 'G': [1, 1, 1, 1, 1, 0, 1, 1, 0, 1], 'H': [1, 1, 1, 1, 0, 1, 1, 1, 1, 0], 'I': [0, 1, 0, 1, 1, 0, 1, 1, 1, 1], 'J': [1, 1, 1, 0, 1, 0, 1, 1, 1, 0], 'K': [0, 1, 1, 1, 1, 1, 1, 1, 0, 0]}, '东门南侧': {'A': [0, 0, 1, 1, 0, 1, 1, 1, 1, 0], 'B': [0, 0, 0, 0, 0, 0, 0, 0, 0, 0]}, '西门北侧': {'A': [1, 1, 1, 1, 1, 1, 1, 1, 1, 1], 'B': [0, 1, 1, 1, 1, 1, 1, 1, 0, 1], 'C': [1, 1, 0, 1, 1, 1, 1, 1, 1, 1]}, '西门南侧': {'A': [0, 1, 1, 1, 1, 1, 1, 1, 1, 1], 'B': [1, 1, 1, 1, 1, 1, 1, 1, 1, 1], 'C': [1, 1, 1, 1, 1, 1, 1, 1, 1, 1]}, '南门西侧': {'A': [1, 1, 1, 1, 1, 1, 1, 1, 1, 1], 'B': [1, 1, 1, 1, 0, 0, 1, 1, 1, 1]}, '南门东侧': {'A': [1, 1, 0, 1, 1, 1, 1, 1, 1, 1], 'B': [1, 1, 1, 1, 1, 1, 1, 1, 1, 1]}, '北门东北侧': {'A': [1, 1, 1, 1, 1, 1, 1, 1, 1, 1], 'B': [1, 1, 1, 1, 1, 1, 1, 1, 0, 1], 'C': [1, 1, 0, 1, 0, 1, 1, 1, 1, 0], 'D': [0, 0, 1, 1, 1, 0, 1, 0, 1, 1]}, '北门东南侧': {'A': [1, 1, 1, 1, 1, 1, 1, 1, 1, 1], 'B': [0, 1, 1, 1, 1, 1, 1, 1, 1, 0], 'C': [1, 1, 1, 1, 1, 0, 1, 1, 0, 1], 'D': [1, 1, 0, 1, 1, 1, 1, 1, 1, 1], 'E': [1, 1, 1, 1, 1, 0, 1, 1, 1, 1], 'F': [1, 1, 1, 1, 0, 1, 1, 1, 1, 1]}, '橘园北侧南': {'A': [1, 1, 0, 1, 1, 0, 1, 1, 0, 1], 'B': [0, 1, 0, 1, 1, 0, 1, 1, 1, 0], 'C': [0, 0, 1, 1, 1, 1, 0, 0, 1, 1], 'D': [1, 0, 1, 1, 1, 0, 1, 1, 1, 1], 'E': [1, 1, 1, 0, 0, 1, 1, 1, 0, 1], 'F': [1, 1, 1, 1, 0, 0, 0, 1, 1, 0], 'G': [0, 1, 1, 1, 1, 1, 1, 1, 1, 1], 'H': [1, 1, 1, 1, 1, 1, 1, 1, 1, 1], 'I': [1, 1, 0, 1, 1, 0, 1, 1, 1, 1], 'J': [1, 0, 0, 1, 1, 1, 1, 1, 1, 0]}, '校医院西': {'A': [1, 1, 1, 1, 1, 1, 1, 1, 1, 1], 'B': [1, 1, 1, 1, 1, 1, 1, 0, 1, 1], 'C': [1, 1, 1, 1, 1, 1, 1, 1, 1, 1], 'D': [1, 1, 1, 1, 1, 1, 1, 1, 1, 1], 'E': [1, 1, 1, 1, 1, 1, 1, 1, 1, 1], 'F': [0, 1, 1, 1, 0, 1, 1, 1, 1, 1], 'G': [1, 1, 1, 1, 1, 1, 1, 1, 1, 1], 'H': [1, 1, 0, 1, 1, 0, 1, 1, 0, 1], 'I': [1, 1, 1, 1, 0, 0, 0, 0, 0, 1]}}
623261	2024-07-13 05:06:22.091000+08:00	2024-07-13 05:06:22.091000+08:00	{'东门北侧': {'A': [1, 1, 1, 1, 1, 1, 1, 1, 1, 1], 'B': [1, 1, 1, 1, 1, 1, 1, 1, 1, 1], 'C': [0, 1, 1, 1, 1, 1, 1, 1, 1, 0], 'D': [1, 1, 1, 1, 1, 0, 1, 1, 1, 1], 'E': [1, 1, 0, 0, 1, 1, 1, 0, 1, 1], 'F': [0, 1, 1, 1, 1, 1, 1, 1, 1, 1], 'G': [1, 1, 1, 1, 1, 0, 1, 1, 0, 1], 'H': [1, 1, 1, 1, 0, 1, 1, 1, 1, 0], 'I': [0, 1, 0, 1, 1, 0, 1, 1, 1, 1], 'J': [1, 1, 1, 0, 1, 0, 1, 1, 1, 0], 'K': [0, 1, 1, 1, 1, 1, 1, 1, 1, 0]}, '东门南侧': {'A': [0, 0, 1, 1, 0, 1, 1, 1, 1, 0], 'B': [0, 0, 0, 0, 0, 0, 0, 0, 0, 0]}, '西门北侧': {'A': [1, 1, 1, 1, 1, 1, 1, 1, 1, 1], 'B': [0, 1, 1, 1, 1, 1, 1, 1, 0, 1], 'C': [1, 1, 0, 1, 1, 1, 1, 1, 1, 1]}, '西门南侧': {'A': [0, 1, 1, 1, 1, 1, 1, 1, 1, 1], 'B': [1, 1, 1, 1, 1, 1, 1, 1, 1, 1], 'C': [1, 1, 1, 1, 1, 1, 1, 1, 1, 1]}, '南门西侧': {'A': [1, 1, 1, 1, 1, 1, 1, 1, 1, 1], 'B': [1, 1, 1, 1, 0, 0, 1, 1, 1, 1]}, '南门东侧': {'A': [1, 1, 0, 1, 1, 1, 1, 1, 1, 1], 'B': [1, 1, 1, 1, 1, 1, 1, 1, 1, 1]}, '北门东北侧': {'A': [1, 1, 1, 1, 1, 1, 1, 1, 1, 1], 'B': [1, 1, 1, 1, 1, 1, 1, 1, 0, 1], 'C': [1, 1, 0, 1, 0, 1, 1, 1, 1, 0], 'D': [0, 0, 1, 1, 1, 0, 1, 0, 1, 1]}, '北门东南侧': {'A': [1, 1, 1, 1, 1, 1, 1, 1, 1, 1], 'B': [0, 1, 1, 1, 1, 1, 1, 1, 1, 0], 'C': [1, 1, 1, 1, 1, 0, 1, 1, 0, 1], 'D': [1, 1, 0, 1, 1, 1, 1, 1, 1, 1], 'E': [1, 1, 1, 1, 1, 0, 1, 1, 1, 1], 'F': [1, 1, 1, 1, 0, 1, 1, 1, 1, 1]}, '橘园北侧南': {'A': [1, 1, 0, 1, 1, 0, 1, 1, 0, 1], 'B': [0, 1, 0, 1, 1, 0, 1, 1, 1, 0], 'C': [0, 0, 1, 1, 1, 1, 0, 0, 1, 1], 'D': [1, 0, 1, 1, 1, 0, 1, 1, 1, 1], 'E': [1, 1, 1, 0, 0, 1, 1, 1, 0, 1], 'F': [1, 1, 1, 1, 0, 0, 0, 1, 1, 0], 'G': [0, 1, 1, 1, 1, 1, 1, 1, 1, 1], 'H': [1, 1, 1, 1, 1, 1, 1, 1, 1, 1], 'I': [1, 1, 0, 1, 1, 0, 1, 1, 1, 1], 'J': [1, 0, 0, 1, 1, 1, 1, 1, 1, 0]}, '校医院西': {'A': [1, 1, 1, 1, 1, 1, 1, 1, 1, 1], 'B': [1, 1, 1, 1, 1, 1, 1, 0, 1, 1], 'C': [1, 1, 1, 1, 1, 1, 1, 1, 1, 1], 'D': [1, 1, 1, 1, 1, 1, 1, 1, 1, 1], 'E': [1, 1, 1, 1, 1, 1, 1, 1, 1, 1], 'F': [0, 1, 1, 1, 0, 1, 1, 1, 1, 1], 'G': [1, 1, 1, 1, 1, 1, 1, 1, 1, 1], 'H': [1, 1, 0, 1, 1, 0, 1, 1, 0, 1], 'I': [1, 1, 1, 1, 0, 0, 0, 0, 0, 1]}}
623262	2024-07-13 05:07:20.901000+08:00	2024-07-13 05:07:20.901000+08:00	{'东门北侧': {'A': [1, 1, 1, 1, 1, 1, 1, 1, 1, 1], 'B': [1, 1, 1, 1, 1, 1, 1, 1, 1, 1], 'C': [0, 1, 1, 1, 1, 1, 1, 1, 1, 0], 'D': [1, 1, 1, 1, 1, 0, 1, 1, 1, 1], 'E': [1, 1, 0, 0, 1, 1, 1, 0, 1, 1], 'F': [0, 1, 1, 1, 1, 1, 1, 1, 1, 1], 'G': [1, 1, 1, 1, 1, 0, 1, 1, 0, 1], 'H': [1, 1, 1, 1, 0, 1, 1, 1, 1, 0], 'I': [0, 1, 0, 1, 1, 0, 1, 1, 1, 1], 'J': [1, 1, 1, 0, 1, 0, 1, 1, 1, 0], 'K': [0, 1, 1, 1, 1, 1, 1, 1, 1, 0]}, '东门南侧': {'A': [0, 0, 1, 1, 0, 1, 1, 1, 1, 0], 'B': [0, 0, 0, 0, 0, 0, 0, 0, 0, 0]}, '西门北侧': {'A': [1, 1, 1, 1, 1, 1, 1, 1, 1, 1], 'B': [0, 1, 1, 1, 1, 1, 1, 1, 0, 1], 'C': [1, 1, 0, 1, 1, 1, 1, 1, 1, 1]}, '西门南侧': {'A': [0, 1, 1, 1, 1, 1, 1, 1, 1, 1], 'B': [1, 1, 1, 1, 1, 1, 1, 1, 1, 1], 'C': [1, 1, 1, 1, 1, 1, 1, 1, 1, 1]}, '南门西侧': {'A': [1, 1, 1, 1, 1, 1, 1, 1, 1, 1], 'B': [1, 1, 1, 1, 0, 1, 1, 1, 1, 1]}, '南门东侧': {'A': [1, 1, 0, 1, 1, 1, 1, 1, 1, 1], 'B': [1, 1, 1, 1, 1, 1, 1, 1, 1, 1]}, '北门东北侧': {'A': [1, 1, 1, 1, 1, 1, 1, 1, 1, 1], 'B': [1, 1, 1, 1, 1, 1, 1, 1, 0, 1], 'C': [1, 1, 0, 1, 0, 1, 1, 1, 1, 0], 'D': [0, 0, 1, 1, 1, 0, 1, 0, 1, 1]}, '北门东南侧': {'A': [1, 1, 1, 1, 1, 1, 1, 1, 1, 1], 'B': [0, 1, 1, 1, 1, 1, 1, 1, 1, 0], 'C': [1, 1, 1, 1, 1, 0, 1, 1, 0, 1], 'D': [1, 1, 0, 1, 1, 1, 1, 1, 1, 1], 'E': [1, 1, 1, 1, 1, 0, 1, 1, 1, 1], 'F': [1, 1, 1, 1, 0, 1, 1, 1, 1, 1]}, '橘园北侧南': {'A': [1, 1, 0, 1, 1, 0, 1, 1, 0, 1], 'B': [0, 1, 0, 1, 1, 0, 1, 1, 1, 0], 'C': [0, 0, 1, 1, 1, 1, 0, 0, 1, 1], 'D': [1, 0, 1, 1, 1, 0, 1, 1, 1, 1], 'E': [1, 1, 1, 0, 0, 1, 1, 1, 0, 1], 'F': [1, 1, 1, 1, 0, 0, 0, 1, 1, 0], 'G': [0, 1, 1, 1, 1, 1, 1, 1, 1, 1], 'H': [1, 1, 1, 1, 1, 1, 1, 1, 1, 1], 'I': [1, 1, 0, 1, 1, 0, 1, 1, 1, 1], 'J': [1, 0, 0, 1, 1, 1, 1, 1, 1, 0]}, '校医院西': {'A': [1, 1, 1, 1, 1, 1, 1, 1, 1, 1], 'B': [1, 1, 1, 1, 1, 1, 1, 0, 1, 1], 'C': [1, 1, 1, 1, 1, 1, 1, 1, 1, 1], 'D': [1, 1, 1, 1, 1, 1, 1, 1, 1, 1], 'E': [1, 1, 1, 1, 1, 1, 1, 1, 1, 1], 'F': [0, 1, 1, 1, 0, 1, 1, 1, 1, 1], 'G': [1, 1, 1, 1, 1, 1, 1, 1, 1, 1], 'H': [1, 1, 0, 1, 1, 0, 1, 1, 0, 1], 'I': [1, 1, 1, 1, 0, 0, 0, 0, 0, 1]}}
623263	2024-07-13 05:08:20.891000+08:00	2024-07-13 05:08:20.891000+08:00	{'东门北侧': {'A': [1, 1, 1, 1, 1, 1, 1, 1, 1, 1], 'B': [1, 1, 1, 1, 1, 1, 1, 1, 1, 1], 'C': [0, 1, 1, 1, 1, 1, 1, 1, 1, 0], 'D': [1, 1, 1, 1, 1, 0, 1, 1, 1, 1], 'E': [1, 1, 0, 0, 1, 1, 1, 0, 1, 1], 'F': [0, 1, 1, 1, 1, 1, 1, 1, 1, 1], 'G': [1, 1, 1, 1, 1, 0, 1, 1, 0, 1], 'H': [1, 1, 1, 1, 0, 1, 1, 1, 1, 0], 'I': [0, 1, 0, 1, 1, 0, 1, 1, 1, 1], 'J': [1, 1, 1, 0, 1, 0, 1, 1, 1, 0], 'K': [0, 1, 1, 1, 1, 1, 1, 1, 1, 0]}, '东门南侧': {'A': [0, 0, 1, 1, 0, 1, 1, 1, 1, 0], 'B': [0, 0, 0, 0, 0, 0, 0, 0, 0, 0]}, '西门北侧': {'A': [1, 1, 1, 1, 1, 1, 1, 1, 1, 1], 'B': [0, 1, 1, 1, 1, 1, 1, 1, 0, 1], 'C': [1, 1, 0, 1, 1, 1, 1, 1, 1, 1]}, '西门南侧': {'A': [0, 1, 1, 1, 1, 1, 1, 1, 1, 1], 'B': [1, 1, 1, 1, 1, 1, 1, 1, 1, 1], 'C': [1, 1, 1, 1, 1, 1, 1, 1, 1, 1]}, '南门西侧': {'A': [1, 1, 1, 1, 1, 1, 1, 1, 1, 1], 'B': [1, 1, 1, 1, 0, 1, 1, 1, 1, 1]}, '南门东侧': {'A': [1, 1, 0, 1, 1, 1, 1, 1, 1, 1], 'B': [1, 1, 1, 1, 1, 1, 1, 1, 1, 1]}, '北门东北侧': {'A': [1, 1, 1, 1, 1, 1, 1, 1, 1, 1], 'B': [1, 1, 1, 1, 1, 1, 1, 1, 0, 1], 'C': [1, 1, 0, 1, 0, 1, 1, 1, 1, 0], 'D': [0, 0, 1, 1, 1, 0, 1, 0, 1, 1]}, '北门东南侧': {'A': [1, 1, 1, 1, 1, 1, 1, 1, 1, 1], 'B': [0, 1, 1, 1, 1, 1, 1, 1, 1, 0], 'C': [1, 1, 1, 1, 1, 0, 1, 1, 0, 1], 'D': [1, 1, 0, 1, 1, 1, 1, 1, 1, 1], 'E': [1, 1, 1, 1, 1, 0, 1, 1, 1, 1], 'F': [1, 1, 1, 1, 0, 1, 1, 1, 1, 1]}, '橘园北侧南': {'A': [1, 1, 0, 1, 1, 0, 1, 1, 0, 1], 'B': [0, 1, 0, 1, 1, 0, 1, 1, 1, 0], 'C': [0, 0, 1, 1, 1, 1, 0, 0, 1, 1], 'D': [1, 0, 1, 1, 1, 0, 1, 1, 1, 1], 'E': [1, 1, 1, 0, 0, 1, 1, 1, 0, 1], 'F': [1, 1, 1, 1, 0, 0, 0, 1, 1, 0], 'G': [0, 1, 1, 1, 1, 1, 1, 1, 1, 1], 'H': [1, 1, 1, 1, 1, 1, 1, 1, 1, 1], 'I': [1, 1, 0, 1, 1, 0, 1, 1, 1, 1], 'J': [1, 0, 0, 1, 1, 1, 1, 1, 1, 0]}, '校医院西': {'A': [1, 1, 1, 1, 1, 1, 1, 1, 1, 1], 'B': [1, 1, 1, 1, 1, 1, 1, 0, 1, 1], 'C': [1, 1, 1, 1, 1, 1, 1, 1, 1, 1], 'D': [1, 1, 1, 1, 1, 1, 1, 1, 1, 1], 'E': [1, 1, 1, 1, 1, 1, 1, 1, 1, 1], 'F': [0, 1, 1, 1, 0, 1, 1, 1, 1, 1], 'G': [1, 1, 1, 1, 1, 1, 1, 1, 1, 1], 'H': [1, 1, 0, 1, 1, 0, 1, 1, 0, 1], 'I': [1, 1, 1, 1, 0, 0, 0, 0, 0, 1]}}
623264	2024-07-13 05:09:21.958000+08:00	2024-07-13 05:09:21.958000+08:00	{'东门北侧': {'A': [1, 1, 1, 1, 1, 1, 1, 1, 1, 1], 'B': [1, 1, 1, 1, 1, 1, 1, 1, 1, 1], 'C': [0, 1, 1, 1, 1, 1, 1, 1, 1, 0], 'D': [1, 1, 1, 1, 1, 0, 1, 1, 1, 1], 'E': [1, 1, 0, 0, 1, 1, 1, 0, 1, 1], 'F': [0, 1, 1, 1, 1, 1, 1, 1, 1, 1], 'G': [1, 1, 1, 1, 1, 0, 1, 1, 0, 1], 'H': [1, 1, 1, 1, 0, 1, 1, 1, 1, 0], 'I': [0, 1, 0, 1, 1, 0, 1, 1, 1, 1], 'J': [1, 1, 1, 0, 1, 0, 1, 1, 1, 0], 'K': [0, 1, 1, 1, 1, 1, 1, 1, 1, 0]}, '东门南侧': {'A': [0, 0, 1, 1, 0, 1, 1, 1, 1, 0], 'B': [0, 0, 0, 0, 0, 0, 0, 0, 0, 0]}, '西门北侧': {'A': [1, 1, 1, 1, 1, 1, 1, 1, 1, 1], 'B': [0, 1, 1, 1, 1, 1, 1, 1, 0, 1], 'C': [1, 1, 0, 1, 1, 1, 1, 1, 1, 1]}, '西门南侧': {'A': [0, 1, 1, 1, 1, 1, 1, 1, 1, 1], 'B': [1, 1, 1, 1, 1, 1, 1, 1, 1, 1], 'C': [1, 1, 1, 1, 1, 1, 1, 1, 1, 1]}, '南门西侧': {'A': [1, 1, 1, 1, 1, 1, 1, 1, 1, 1], 'B': [1, 1, 1, 1, 0, 1, 1, 1, 1, 1]}, '南门东侧': {'A': [1, 1, 0, 1, 1, 1, 1, 1, 1, 1], 'B': [1, 1, 1, 1, 1, 1, 1, 1, 1, 1]}, '北门东北侧': {'A': [1, 1, 1, 1, 1, 1, 1, 1, 1, 1], 'B': [1, 1, 1, 1, 1, 1, 1, 1, 0, 1], 'C': [1, 1, 0, 1, 0, 1, 1, 1, 1, 0], 'D': [0, 0, 1, 1, 1, 0, 1, 0, 1, 1]}, '北门东南侧': {'A': [1, 1, 1, 1, 1, 1, 1, 1, 1, 1], 'B': [0, 1, 1, 1, 1, 1, 1, 1, 1, 0], 'C': [1, 1, 1, 1, 1, 0, 1, 1, 0, 1], 'D': [1, 1, 0, 1, 1, 1, 1, 1, 1, 1], 'E': [1, 1, 1, 1, 1, 0, 1, 1, 1, 1], 'F': [1, 1, 1, 1, 0, 1, 1, 1, 1, 1]}, '橘园北侧南': {'A': [1, 1, 0, 1, 1, 0, 1, 1, 0, 1], 'B': [0, 1, 0, 1, 1, 0, 1, 1, 1, 0], 'C': [0, 0, 1, 1, 1, 1, 0, 0, 1, 1], 'D': [1, 0, 1, 1, 1, 0, 1, 1, 1, 1], 'E': [1, 1, 1, 0, 0, 1, 1, 1, 0, 1], 'F': [1, 1, 1, 1, 0, 0, 0, 1, 1, 0], 'G': [0, 1, 1, 1, 1, 1, 1, 1, 1, 1], 'H': [1, 1, 1, 1, 1, 1, 1, 1, 1, 1], 'I': [1, 1, 0, 1, 1, 0, 1, 1, 1, 1], 'J': [1, 1, 0, 1, 1, 1, 1, 1, 1, 0]}, '校医院西': {'A': [1, 1, 1, 1, 1, 1, 1, 1, 1, 1], 'B': [1, 1, 1, 1, 1, 1, 1, 0, 1, 1], 'C': [1, 1, 1, 1, 1, 1, 1, 1, 1, 1], 'D': [1, 1, 1, 1, 1, 1, 1, 1, 1, 1], 'E': [1, 1, 1, 1, 1, 1, 1, 1, 1, 1], 'F': [0, 1, 1, 1, 0, 1, 1, 1, 1, 1], 'G': [1, 1, 1, 1, 1, 1, 1, 1, 1, 1], 'H': [1, 1, 0, 1, 1, 0, 1, 1, 0, 1], 'I': [1, 1, 1, 1, 0, 0, 0, 0, 0, 1]}}
623265	2024-07-13 05:10:21.081000+08:00	2024-07-13 05:10:21.081000+08:00	{'东门北侧': {'A': [1, 1, 1, 1, 1, 1, 1, 1, 1, 1], 'B': [1, 1, 1, 1, 1, 1, 1, 1, 1, 1], 'C': [0, 1, 1, 1, 1, 1, 1, 1, 1, 0], 'D': [1, 1, 1, 1, 1, 0, 1, 1, 1, 1], 'E': [1, 1, 0, 0, 1, 1, 1, 0, 1, 1], 'F': [0, 1, 1, 1, 1, 1, 1, 1, 1, 1], 'G': [1, 1, 1, 1, 1, 0, 1, 1, 0, 1], 'H': [1, 1, 1, 1, 0, 1, 1, 1, 1, 0], 'I': [0, 1, 0, 1, 1, 0, 1, 1, 1, 1], 'J': [1, 1, 1, 0, 1, 0, 1, 1, 1, 0], 'K': [0, 1, 1, 1, 1, 1, 1, 1, 1, 0]}, '东门南侧': {'A': [0, 0, 1, 1, 0, 1, 1, 1, 1, 0], 'B': [0, 0, 0, 0, 0, 0, 0, 0, 0, 0]}, '西门北侧': {'A': [1, 1, 1, 1, 1, 1, 1, 1, 1, 1], 'B': [0, 1, 1, 1, 1, 1, 1, 1, 0, 1], 'C': [1, 1, 0, 1, 1, 1, 1, 1, 1, 1]}, '西门南侧': {'A': [0, 1, 1, 1, 1, 1, 1, 1, 1, 1], 'B': [1, 1, 1, 1, 1, 1, 1, 1, 1, 1], 'C': [1, 1, 1, 1, 1, 1, 1, 1, 1, 1]}, '南门西侧': {'A': [1, 1, 1, 1, 1, 1, 1, 1, 1, 1], 'B': [1, 1, 1, 1, 0, 1, 1, 1, 1, 1]}, '南门东侧': {'A': [1, 1, 0, 1, 1, 1, 1, 1, 1, 1], 'B': [1, 1, 1, 1, 1, 1, 1, 1, 1, 1]}, '北门东北侧': {'A': [1, 1, 1, 1, 1, 1, 1, 1, 1, 1], 'B': [1, 1, 1, 1, 1, 1, 1, 1, 0, 1], 'C': [1, 1, 0, 1, 0, 1, 1, 1, 1, 0], 'D': [0, 0, 1, 1, 1, 0, 1, 0, 1, 1]}, '北门东南侧': {'A': [1, 1, 1, 1, 1, 1, 1, 1, 1, 1], 'B': [0, 1, 1, 1, 1, 1, 1, 1, 1, 0], 'C': [1, 1, 1, 1, 1, 0, 1, 1, 0, 1], 'D': [1, 1, 0, 1, 1, 1, 1, 1, 1, 1], 'E': [1, 1, 1, 1, 1, 0, 1, 1, 1, 1], 'F': [1, 1, 1, 1, 0, 1, 1, 1, 1, 1]}, '橘园北侧南': {'A': [1, 1, 0, 1, 1, 0, 1, 1, 0, 1], 'B': [0, 1, 0, 1, 1, 0, 1, 1, 1, 0], 'C': [0, 0, 1, 1, 1, 1, 0, 0, 1, 1], 'D': [1, 0, 1, 1, 1, 0, 1, 1, 1, 1], 'E': [1, 1, 1, 0, 0, 1, 1, 1, 0, 1], 'F': [1, 1, 1, 1, 0, 0, 0, 1, 1, 0], 'G': [0, 1, 1, 1, 1, 1, 1, 1, 1, 1], 'H': [1, 1, 1, 1, 1, 1, 1, 1, 1, 1], 'I': [1, 1, 0, 1, 1, 0, 1, 1, 1, 1], 'J': [1, 1, 0, 1, 1, 1, 1, 1, 1, 0]}, '校医院西': {'A': [1, 1, 1, 1, 1, 1, 1, 1, 1, 1], 'B': [1, 1, 1, 1, 1, 1, 1, 0, 1, 1], 'C': [1, 1, 1, 1, 1, 1, 1, 1, 1, 1], 'D': [1, 1, 1, 1, 1, 1, 1, 1, 1, 1], 'E': [1, 1, 1, 1, 1, 1, 1, 1, 1, 1], 'F': [0, 1, 1, 1, 0, 1, 1, 1, 1, 1], 'G': [1, 1, 1, 1, 1, 1, 1, 1, 1, 1], 'H': [1, 1, 0, 1, 1, 0, 1, 1, 0, 1], 'I': [1, 1, 1, 1, 0, 0, 0, 0, 0, 1]}}
623266	2024-07-13 05:11:21.877000+08:00	2024-07-13 05:11:21.877000+08:00	{'东门北侧': {'A': [1, 1, 1, 1, 1, 1, 1, 1, 1, 1], 'B': [1, 1, 1, 1, 1, 1, 1, 1, 1, 1], 'C': [0, 1, 1, 1, 1, 1, 1, 1, 1, 0], 'D': [1, 1, 1, 1, 1, 0, 1, 1, 1, 1], 'E': [1, 1, 0, 0, 1, 1, 1, 0, 1, 1], 'F': [0, 1, 1, 1, 1, 1, 1, 1, 1, 1], 'G': [1, 1, 1, 1, 1, 0, 1, 1, 0, 1], 'H': [1, 1, 1, 1, 0, 1, 1, 1, 1, 0], 'I': [0, 1, 0, 1, 1, 0, 1, 1, 1, 1], 'J': [1, 1, 1, 0, 1, 0, 1, 1, 1, 0], 'K': [0, 1, 1, 1, 1, 1, 1, 1, 1, 0]}, '东门南侧': {'A': [0, 0, 1, 1, 0, 1, 1, 1, 1, 0], 'B': [0, 0, 0, 0, 0, 0, 0, 0, 0, 0]}, '西门北侧': {'A': [1, 1, 1, 1, 1, 1, 1, 1, 1, 1], 'B': [0, 1, 1, 1, 1, 1, 1, 1, 0, 1], 'C': [1, 1, 0, 1, 1, 1, 1, 1, 1, 1]}, '西门南侧': {'A': [0, 1, 1, 1, 1, 1, 1, 1, 1, 1], 'B': [1, 1, 1, 1, 1, 1, 1, 1, 1, 1], 'C': [1, 1, 1, 1, 1, 1, 1, 1, 1, 1]}, '南门西侧': {'A': [1, 1, 1, 1, 1, 1, 1, 1, 1, 1], 'B': [1, 1, 1, 1, 0, 1, 1, 1, 1, 1]}, '南门东侧': {'A': [1, 1, 0, 1, 1, 1, 1, 1, 1, 1], 'B': [1, 1, 1, 1, 1, 1, 1, 1, 1, 1]}, '北门东北侧': {'A': [1, 1, 1, 1, 1, 1, 1, 1, 1, 1], 'B': [1, 1, 1, 1, 1, 1, 1, 1, 0, 1], 'C': [1, 1, 0, 1, 0, 1, 1, 1, 1, 0], 'D': [0, 0, 1, 1, 1, 0, 1, 0, 1, 1]}, '北门东南侧': {'A': [1, 1, 1, 1, 1, 1, 1, 1, 1, 1], 'B': [0, 1, 1, 1, 1, 1, 1, 1, 1, 0], 'C': [1, 1, 1, 1, 1, 0, 1, 1, 0, 1], 'D': [1, 1, 0, 1, 1, 1, 1, 1, 1, 1], 'E': [1, 1, 1, 1, 1, 0, 1, 1, 1, 1], 'F': [1, 1, 1, 1, 0, 1, 1, 1, 1, 1]}, '橘园北侧南': {'A': [1, 1, 0, 1, 1, 0, 1, 1, 0, 1], 'B': [0, 1, 0, 1, 1, 0, 1, 1, 1, 0], 'C': [0, 0, 1, 1, 1, 1, 0, 0, 1, 1], 'D': [1, 0, 1, 1, 1, 0, 1, 1, 1, 1], 'E': [1, 1, 1, 0, 0, 1, 1, 1, 0, 1], 'F': [1, 1, 1, 1, 0, 1, 0, 1, 1, 0], 'G': [0, 1, 1, 1, 1, 1, 1, 1, 1, 1], 'H': [1, 1, 1, 1, 1, 1, 1, 1, 1, 1], 'I': [1, 1, 0, 1, 1, 0, 1, 1, 1, 1], 'J': [1, 1, 0, 1, 1, 1, 1, 1, 1, 0]}, '校医院西': {'A': [1, 1, 1, 1, 1, 1, 1, 1, 1, 1], 'B': [1, 1, 1, 1, 1, 1, 1, 0, 1, 1], 'C': [1, 1, 1, 1, 1, 1, 1, 1, 1, 1], 'D': [1, 1, 1, 1, 1, 1, 1, 1, 1, 1], 'E': [1, 1, 1, 1, 1, 1, 1, 1, 1, 1], 'F': [0, 1, 1, 1, 0, 1, 1, 1, 1, 1], 'G': [1, 1, 1, 1, 1, 1, 1, 1, 1, 1], 'H': [1, 1, 0, 1, 1, 0, 1, 1, 0, 1], 'I': [1, 1, 1, 1, 0, 0, 0, 0, 0, 1]}}
623267	2024-07-13 05:12:22.915000+08:00	2024-07-13 05:12:22.915000+08:00	{'东门北侧': {'A': [1, 1, 1, 1, 1, 1, 1, 1, 1, 1], 'B': [1, 1, 1, 1, 1, 1, 1, 1, 1, 1], 'C': [0, 1, 1, 1, 1, 1, 1, 1, 1, 0], 'D': [1, 1, 1, 1, 1, 0, 1, 1, 1, 1], 'E': [1, 1, 0, 0, 1, 1, 1, 0, 1, 1], 'F': [0, 1, 1, 1, 1, 1, 1, 1, 1, 1], 'G': [1, 1, 1, 1, 1, 0, 1, 1, 0, 1], 'H': [1, 1, 1, 1, 0, 1, 1, 1, 1, 0], 'I': [0, 1, 0, 1, 1, 0, 1, 1, 1, 1], 'J': [1, 1, 1, 0, 1, 0, 1, 1, 1, 0], 'K': [0, 1, 1, 1, 1, 1, 1, 1, 1, 0]}, '东门南侧': {'A': [0, 0, 1, 1, 0, 1, 1, 1, 1, 0], 'B': [0, 0, 0, 0, 0, 0, 0, 0, 0, 0]}, '西门北侧': {'A': [1, 1, 1, 1, 1, 1, 1, 1, 1, 1], 'B': [0, 1, 1, 1, 1, 1, 1, 1, 0, 1], 'C': [1, 1, 0, 1, 1, 1, 1, 1, 1, 1]}, '西门南侧': {'A': [0, 1, 1, 1, 1, 1, 1, 1, 1, 1], 'B': [1, 1, 1, 1, 1, 1, 1, 1, 1, 1], 'C': [1, 1, 1, 1, 1, 1, 1, 1, 1, 1]}, '南门西侧': {'A': [1, 1, 1, 1, 1, 1, 1, 1, 1, 1], 'B': [1, 1, 1, 1, 0, 1, 1, 1, 1, 1]}, '南门东侧': {'A': [1, 1, 0, 1, 1, 1, 1, 1, 1, 1], 'B': [1, 1, 1, 1, 1, 1, 1, 1, 1, 1]}, '北门东北侧': {'A': [1, 1, 1, 1, 1, 1, 1, 1, 1, 1], 'B': [1, 1, 1, 1, 1, 1, 1, 1, 0, 1], 'C': [1, 1, 0, 1, 0, 1, 1, 1, 1, 0], 'D': [0, 0, 1, 1, 1, 0, 1, 0, 1, 1]}, '北门东南侧': {'A': [1, 1, 1, 1, 1, 1, 1, 1, 1, 1], 'B': [0, 1, 1, 1, 1, 1, 1, 1, 1, 0], 'C': [1, 1, 1, 1, 1, 0, 1, 1, 0, 1], 'D': [1, 1, 0, 1, 1, 1, 1, 1, 1, 1], 'E': [1, 1, 1, 1, 1, 0, 1, 1, 1, 1], 'F': [1, 1, 1, 1, 0, 1, 1, 1, 1, 1]}, '橘园北侧南': {'A': [1, 1, 0, 1, 1, 0, 1, 1, 0, 1], 'B': [0, 1, 0, 1, 1, 0, 1, 1, 1, 0], 'C': [0, 0, 1, 1, 1, 1, 0, 0, 1, 1], 'D': [1, 0, 1, 1, 1, 0, 1, 1, 1, 1], 'E': [1, 1, 1, 0, 0, 1, 1, 1, 0, 1], 'F': [1, 1, 1, 1, 0, 1, 0, 1, 1, 0], 'G': [0, 1, 1, 1, 1, 1, 1, 1, 1, 1], 'H': [1, 1, 1, 1, 1, 1, 1, 1, 1, 1], 'I': [1, 1, 0, 1, 1, 0, 1, 1, 1, 1], 'J': [1, 1, 0, 1, 1, 1, 1, 1, 1, 0]}, '校医院西': {'A': [1, 1, 1, 1, 1, 1, 1, 1, 1, 1], 'B': [1, 1, 1, 1, 1, 1, 1, 0, 1, 1], 'C': [1, 1, 1, 1, 1, 1, 1, 1, 1, 1], 'D': [1, 1, 1, 1, 1, 1, 1, 1, 1, 1], 'E': [1, 1, 1, 1, 1, 1, 1, 1, 1, 1], 'F': [0, 1, 1, 1, 0, 1, 1, 1, 1, 1], 'G': [1, 1, 1, 1, 1, 1, 1, 1, 1, 1], 'H': [1, 1, 0, 1, 1, 0, 1, 1, 0, 1], 'I': [1, 1, 1, 1, 0, 0, 0, 0, 0, 1]}}
623268	2024-07-13 05:13:21.891000+08:00	2024-07-13 05:13:21.891000+08:00	{'东门北侧': {'A': [1, 1, 1, 1, 1, 1, 1, 1, 1, 1], 'B': [1, 1, 1, 1, 1, 1, 1, 1, 1, 1], 'C': [0, 1, 1, 1, 1, 1, 1, 1, 1, 0], 'D': [1, 1, 1, 1, 1, 0, 1, 1, 1, 1], 'E': [1, 1, 0, 0, 1, 1, 1, 0, 1, 1], 'F': [0, 1, 1, 1, 1, 1, 1, 1, 1, 1], 'G': [1, 1, 1, 1, 1, 0, 1, 1, 0, 1], 'H': [1, 1, 1, 1, 0, 1, 1, 1, 1, 0], 'I': [0, 1, 0, 1, 1, 0, 1, 1, 1, 1], 'J': [1, 1, 1, 0, 1, 0, 1, 1, 1, 0], 'K': [0, 1, 1, 1, 1, 1, 1, 1, 1, 0]}, '东门南侧': {'A': [0, 0, 1, 1, 0, 1, 1, 1, 1, 0], 'B': [0, 0, 0, 0, 0, 0, 0, 0, 0, 0]}, '西门北侧': {'A': [1, 1, 1, 1, 1, 1, 1, 1, 1, 1], 'B': [0, 1, 1, 1, 1, 1, 1, 1, 0, 1], 'C': [1, 1, 0, 1, 1, 1, 1, 1, 1, 1]}, '西门南侧': {'A': [0, 1, 1, 1, 1, 1, 1, 1, 1, 1], 'B': [1, 1, 1, 1, 1, 1, 1, 1, 1, 1], 'C': [1, 1, 1, 1, 1, 1, 1, 1, 1, 1]}, '南门西侧': {'A': [1, 1, 1, 1, 1, 1, 1, 1, 1, 1], 'B': [1, 1, 1, 1, 0, 1, 1, 1, 1, 1]}, '南门东侧': {'A': [1, 1, 0, 1, 1, 1, 1, 1, 1, 1], 'B': [1, 1, 1, 1, 1, 1, 1, 1, 1, 1]}, '北门东北侧': {'A': [1, 1, 1, 1, 1, 1, 1, 1, 1, 1], 'B': [1, 1, 1, 1, 1, 1, 1, 1, 0, 1], 'C': [1, 1, 0, 1, 1, 1, 1, 1, 1, 0], 'D': [0, 0, 1, 1, 1, 0, 1, 0, 1, 1]}, '北门东南侧': {'A': [1, 1, 1, 1, 1, 1, 1, 1, 1, 1], 'B': [0, 1, 1, 1, 1, 1, 1, 1, 1, 0], 'C': [1, 1, 1, 1, 1, 0, 1, 1, 0, 1], 'D': [1, 1, 0, 1, 1, 1, 1, 1, 1, 1], 'E': [1, 1, 1, 1, 1, 0, 1, 1, 1, 1], 'F': [1, 1, 1, 1, 0, 1, 1, 1, 1, 1]}, '橘园北侧南': {'A': [1, 1, 0, 1, 1, 0, 1, 1, 0, 1], 'B': [0, 1, 0, 1, 1, 0, 1, 1, 1, 0], 'C': [0, 0, 1, 1, 1, 1, 0, 0, 1, 1], 'D': [1, 0, 1, 1, 1, 0, 1, 1, 1, 1], 'E': [1, 1, 1, 0, 0, 1, 1, 1, 0, 1], 'F': [1, 1, 1, 1, 0, 1, 0, 1, 1, 0], 'G': [0, 1, 1, 1, 1, 1, 1, 1, 1, 1], 'H': [1, 1, 1, 1, 1, 1, 1, 1, 1, 1], 'I': [1, 1, 0, 1, 1, 0, 1, 1, 1, 1], 'J': [1, 1, 0, 1, 1, 1, 1, 1, 1, 0]}, '校医院西': {'A': [1, 1, 1, 1, 1, 1, 1, 1, 1, 1], 'B': [1, 1, 1, 1, 1, 1, 1, 0, 1, 1], 'C': [1, 1, 1, 1, 1, 1, 1, 1, 1, 1], 'D': [1, 1, 1, 1, 1, 1, 1, 1, 1, 1], 'E': [1, 1, 1, 1, 1, 1, 1, 1, 1, 1], 'F': [0, 1, 1, 1, 0, 1, 1, 1, 1, 1], 'G': [1, 1, 1, 1, 1, 1, 1, 1, 1, 1], 'H': [1, 1, 0, 1, 1, 0, 1, 1, 0, 1], 'I': [1, 1, 1, 1, 0, 0, 0, 0, 0, 1]}}
623269	2024-07-13 05:14:22.091000+08:00	2024-07-13 05:14:22.091000+08:00	{'东门北侧': {'A': [1, 1, 1, 1, 1, 1, 1, 1, 1, 1], 'B': [1, 1, 1, 1, 1, 1, 1, 1, 1, 1], 'C': [0, 1, 1, 1, 1, 1, 1, 1, 1, 0], 'D': [1, 1, 1, 1, 1, 0, 1, 1, 1, 1], 'E': [1, 1, 0, 0, 1, 1, 1, 0, 1, 1], 'F': [0, 1, 1, 1, 1, 1, 1, 1, 1, 1], 'G': [1, 1, 1, 1, 1, 0, 1, 1, 0, 1], 'H': [1, 1, 1, 1, 0, 1, 1, 1, 1, 0], 'I': [0, 1, 0, 1, 1, 0, 1, 1, 1, 1], 'J': [1, 1, 1, 0, 1, 0, 1, 1, 1, 0], 'K': [1, 1, 1, 1, 1, 1, 1, 1, 1, 0]}, '东门南侧': {'A': [0, 0, 1, 1, 0, 1, 1, 1, 1, 0], 'B': [0, 0, 0, 0, 0, 0, 0, 0, 0, 0]}, '西门北侧': {'A': [1, 1, 1, 1, 1, 1, 1, 1, 1, 1], 'B': [0, 1, 1, 1, 1, 1, 1, 1, 0, 1], 'C': [1, 1, 0, 1, 1, 1, 1, 1, 1, 1]}, '西门南侧': {'A': [0, 1, 1, 1, 1, 1, 1, 1, 1, 1], 'B': [1, 1, 1, 1, 1, 1, 1, 1, 1, 1], 'C': [1, 1, 1, 1, 1, 1, 1, 1, 1, 1]}, '南门西侧': {'A': [1, 1, 1, 1, 1, 1, 1, 1, 1, 1], 'B': [1, 1, 1, 1, 0, 1, 1, 1, 1, 1]}, '南门东侧': {'A': [1, 1, 0, 1, 1, 1, 1, 1, 1, 1], 'B': [1, 1, 1, 1, 1, 1, 1, 1, 1, 1]}, '北门东北侧': {'A': [1, 1, 1, 1, 1, 1, 1, 1, 1, 1], 'B': [1, 1, 1, 1, 1, 1, 1, 1, 0, 1], 'C': [1, 1, 0, 1, 1, 1, 1, 1, 1, 0], 'D': [0, 0, 1, 1, 1, 0, 1, 0, 1, 1]}, '北门东南侧': {'A': [1, 1, 1, 1, 1, 1, 1, 1, 1, 1], 'B': [0, 1, 1, 1, 1, 1, 1, 1, 1, 0], 'C': [1, 1, 1, 1, 1, 0, 1, 1, 0, 1], 'D': [1, 1, 0, 1, 1, 1, 1, 1, 1, 1], 'E': [1, 1, 1, 1, 1, 0, 1, 1, 1, 1], 'F': [1, 1, 1, 1, 0, 1, 1, 1, 1, 1]}, '橘园北侧南': {'A': [1, 1, 0, 1, 1, 0, 1, 1, 0, 1], 'B': [0, 1, 0, 1, 1, 0, 1, 1, 1, 0], 'C': [0, 0, 1, 1, 1, 1, 0, 0, 1, 1], 'D': [1, 0, 1, 1, 1, 0, 1, 1, 1, 1], 'E': [1, 1, 1, 0, 0, 1, 1, 1, 0, 1], 'F': [1, 1, 1, 1, 0, 1, 0, 1, 1, 0], 'G': [0, 1, 1, 1, 1, 1, 1, 1, 1, 1], 'H': [1, 1, 1, 1, 1, 1, 1, 1, 1, 1], 'I': [1, 1, 0, 1, 1, 0, 1, 1, 1, 1], 'J': [1, 1, 0, 1, 1, 1, 1, 1, 1, 0]}, '校医院西': {'A': [1, 1, 1, 1, 1, 1, 1, 1, 1, 1], 'B': [1, 1, 1, 1, 1, 1, 1, 0, 1, 1], 'C': [1, 1, 1, 1, 1, 1, 1, 1, 1, 1], 'D': [1, 1, 1, 1, 1, 1, 1, 1, 1, 1], 'E': [1, 1, 1, 1, 1, 1, 1, 1, 1, 1], 'F': [0, 1, 1, 1, 0, 1, 1, 1, 1, 1], 'G': [1, 1, 1, 1, 1, 1, 1, 1, 1, 1], 'H': [1, 1, 0, 1, 1, 0, 1, 1, 0, 1], 'I': [1, 1, 1, 1, 0, 0, 0, 0, 0, 1]}}
623270	2024-07-13 05:15:21.890000+08:00	2024-07-13 05:15:21.890000+08:00	{'东门北侧': {'A': [1, 1, 1, 1, 1, 1, 1, 1, 1, 1], 'B': [1, 1, 1, 1, 1, 1, 1, 1, 1, 1], 'C': [0, 1, 1, 1, 1, 1, 1, 1, 1, 0], 'D': [1, 1, 1, 1, 1, 0, 1, 1, 1, 1], 'E': [1, 1, 0, 0, 1, 1, 1, 0, 1, 1], 'F': [0, 1, 1, 1, 1, 1, 1, 1, 1, 1], 'G': [1, 1, 1, 1, 1, 0, 1, 1, 0, 1], 'H': [1, 1, 1, 1, 0, 1, 1, 1, 1, 0], 'I': [0, 1, 0, 1, 1, 0, 1, 1, 1, 1], 'J': [1, 1, 1, 0, 1, 0, 1, 1, 1, 0], 'K': [1, 1, 1, 1, 1, 1, 1, 1, 1, 0]}, '东门南侧': {'A': [0, 0, 1, 1, 0, 1, 1, 1, 1, 0], 'B': [0, 0, 0, 0, 0, 0, 0, 0, 0, 0]}, '西门北侧': {'A': [1, 1, 1, 1, 1, 1, 1, 1, 1, 1], 'B': [0, 1, 1, 1, 1, 1, 1, 1, 0, 1], 'C': [1, 1, 0, 1, 1, 1, 1, 1, 1, 1]}, '西门南侧': {'A': [0, 1, 1, 1, 1, 1, 1, 1, 1, 1], 'B': [1, 1, 1, 1, 1, 1, 1, 1, 1, 1], 'C': [1, 1, 1, 1, 1, 1, 1, 1, 1, 1]}, '南门西侧': {'A': [1, 1, 1, 1, 1, 1, 1, 1, 1, 1], 'B': [1, 1, 1, 1, 0, 1, 1, 1, 1, 1]}, '南门东侧': {'A': [1, 1, 0, 1, 1, 1, 1, 1, 1, 1], 'B': [1, 1, 1, 1, 1, 1, 1, 1, 1, 1]}, '北门东北侧': {'A': [1, 1, 1, 1, 1, 1, 1, 1, 1, 1], 'B': [1, 1, 1, 1, 1, 1, 1, 1, 0, 1], 'C': [1, 1, 0, 1, 1, 1, 1, 1, 1, 0], 'D': [0, 0, 1, 1, 1, 0, 1, 0, 1, 1]}, '北门东南侧': {'A': [1, 1, 1, 1, 1, 1, 1, 1, 1, 1], 'B': [0, 1, 1, 1, 1, 1, 1, 1, 1, 0], 'C': [1, 1, 1, 1, 1, 0, 1, 1, 0, 1], 'D': [1, 1, 0, 1, 1, 1, 1, 1, 1, 1], 'E': [1, 1, 1, 1, 1, 0, 1, 1, 1, 1], 'F': [1, 1, 1, 1, 0, 1, 1, 1, 1, 1]}, '橘园北侧南': {'A': [1, 1, 0, 1, 1, 0, 1, 1, 0, 1], 'B': [0, 1, 0, 1, 1, 0, 1, 1, 1, 0], 'C': [0, 0, 1, 1, 1, 1, 0, 0, 1, 1], 'D': [1, 0, 1, 1, 1, 0, 1, 1, 1, 1], 'E': [1, 1, 1, 0, 0, 1, 1, 1, 0, 1], 'F': [1, 1, 1, 1, 0, 1, 0, 1, 1, 0], 'G': [0, 1, 1, 1, 1, 1, 1, 1, 1, 1], 'H': [1, 1, 1, 1, 1, 1, 1, 1, 1, 1], 'I': [1, 1, 0, 1, 1, 0, 1, 1, 1, 1], 'J': [1, 1, 0, 1, 1, 1, 1, 1, 1, 0]}, '校医院西': {'A': [1, 1, 1, 1, 1, 1, 1, 1, 1, 1], 'B': [1, 1, 1, 1, 1, 1, 1, 0, 1, 1], 'C': [1, 1, 1, 1, 1, 1, 1, 1, 1, 1], 'D': [1, 1, 1, 1, 1, 1, 1, 1, 1, 1], 'E': [1, 1, 1, 1, 1, 1, 1, 1, 1, 1], 'F': [0, 1, 1, 1, 0, 1, 1, 1, 1, 1], 'G': [1, 1, 1, 1, 1, 1, 1, 1, 1, 1], 'H': [1, 1, 0, 1, 1, 0, 1, 1, 0, 1], 'I': [1, 1, 1, 1, 0, 0, 0, 0, 0, 1]}}
623271	2024-07-13 05:16:22.894000+08:00	2024-07-13 05:16:22.894000+08:00	{'东门北侧': {'A': [1, 1, 1, 1, 1, 1, 1, 1, 1, 1], 'B': [1, 1, 1, 1, 1, 1, 1, 1, 1, 1], 'C': [0, 1, 1, 1, 1, 1, 1, 1, 1, 0], 'D': [1, 1, 1, 1, 1, 0, 1, 1, 1, 1], 'E': [1, 1, 0, 0, 1, 1, 1, 0, 1, 1], 'F': [0, 1, 1, 1, 1, 1, 1, 1, 1, 1], 'G': [1, 1, 1, 1, 1, 0, 1, 1, 0, 1], 'H': [1, 1, 1, 1, 0, 1, 1, 1, 1, 0], 'I': [0, 1, 0, 1, 1, 0, 1, 1, 1, 1], 'J': [1, 1, 1, 0, 1, 0, 1, 1, 1, 0], 'K': [1, 1, 1, 1, 1, 1, 1, 1, 1, 0]}, '东门南侧': {'A': [0, 0, 1, 1, 0, 1, 1, 1, 1, 0], 'B': [0, 0, 0, 0, 0, 0, 0, 0, 0, 0]}, '西门北侧': {'A': [1, 1, 1, 1, 1, 1, 1, 1, 1, 1], 'B': [0, 1, 1, 1, 1, 1, 1, 1, 0, 1], 'C': [1, 1, 0, 1, 1, 1, 1, 1, 1, 1]}, '西门南侧': {'A': [0, 1, 1, 1, 1, 1, 1, 1, 1, 1], 'B': [1, 1, 1, 1, 1, 1, 1, 1, 1, 1], 'C': [1, 1, 1, 1, 1, 1, 1, 1, 1, 1]}, '南门西侧': {'A': [1, 1, 1, 1, 1, 1, 1, 1, 1, 1], 'B': [1, 1, 1, 1, 0, 1, 1, 1, 1, 1]}, '南门东侧': {'A': [1, 1, 0, 1, 1, 1, 1, 1, 1, 1], 'B': [1, 1, 1, 1, 1, 1, 1, 1, 1, 1]}, '北门东北侧': {'A': [1, 1, 1, 1, 1, 1, 1, 1, 1, 1], 'B': [1, 1, 1, 1, 1, 1, 1, 1, 0, 1], 'C': [1, 1, 0, 1, 1, 1, 1, 1, 1, 0], 'D': [0, 0, 1, 1, 1, 0, 1, 0, 1, 1]}, '北门东南侧': {'A': [1, 1, 1, 1, 1, 1, 1, 1, 1, 1], 'B': [0, 1, 1, 1, 1, 1, 1, 1, 1, 0], 'C': [1, 1, 1, 1, 1, 0, 1, 1, 0, 1], 'D': [1, 1, 0, 1, 1, 1, 1, 1, 1, 1], 'E': [1, 1, 1, 1, 1, 0, 1, 1, 1, 1], 'F': [1, 1, 1, 1, 0, 1, 1, 1, 1, 1]}, '橘园北侧南': {'A': [1, 1, 0, 1, 1, 0, 1, 1, 0, 1], 'B': [0, 1, 0, 1, 1, 0, 1, 1, 1, 0], 'C': [0, 0, 1, 1, 1, 1, 0, 0, 1, 1], 'D': [1, 0, 1, 1, 1, 0, 1, 1, 1, 1], 'E': [1, 1, 1, 0, 0, 1, 1, 1, 0, 1], 'F': [1, 1, 1, 1, 0, 1, 0, 1, 1, 0], 'G': [0, 1, 1, 1, 1, 1, 1, 1, 1, 1], 'H': [1, 1, 1, 1, 1, 1, 1, 1, 1, 1], 'I': [1, 1, 0, 1, 1, 0, 1, 1, 1, 1], 'J': [1, 1, 0, 1, 1, 1, 1, 1, 1, 0]}, '校医院西': {'A': [1, 1, 1, 1, 1, 1, 1, 1, 1, 1], 'B': [1, 1, 1, 1, 1, 1, 1, 0, 1, 1], 'C': [1, 1, 1, 1, 1, 1, 1, 1, 1, 1], 'D': [1, 1, 1, 1, 1, 1, 1, 1, 1, 1], 'E': [1, 1, 1, 1, 1, 1, 1, 1, 1, 1], 'F': [0, 1, 1, 1, 0, 1, 1, 1, 1, 1], 'G': [1, 1, 1, 1, 1, 1, 1, 1, 1, 1], 'H': [1, 1, 0, 1, 1, 0, 1, 1, 0, 1], 'I': [1, 1, 1, 1, 0, 0, 0, 0, 0, 1]}}
623272	2024-07-13 05:17:21.314000+08:00	2024-07-13 05:17:21.314000+08:00	{'东门北侧': {'A': [1, 1, 1, 1, 1, 1, 1, 1, 1, 1], 'B': [1, 1, 1, 1, 1, 1, 1, 1, 1, 1], 'C': [0, 1, 1, 1, 1, 1, 1, 1, 1, 0], 'D': [1, 1, 1, 1, 1, 0, 1, 1, 1, 1], 'E': [1, 1, 0, 0, 1, 1, 1, 0, 1, 1], 'F': [0, 1, 1, 1, 1, 1, 1, 1, 1, 1], 'G': [1, 1, 1, 1, 1, 0, 1, 1, 0, 1], 'H': [1, 1, 1, 1, 0, 1, 1, 1, 1, 0], 'I': [0, 1, 0, 1, 1, 0, 1, 1, 1, 1], 'J': [1, 1, 1, 0, 1, 0, 1, 1, 1, 0], 'K': [1, 1, 1, 1, 1, 1, 1, 1, 1, 0]}, '东门南侧': {'A': [0, 0, 1, 1, 0, 1, 1, 1, 1, 0], 'B': [0, 0, 0, 0, 0, 0, 0, 0, 0, 0]}, '西门北侧': {'A': [1, 1, 1, 1, 1, 1, 1, 1, 1, 1], 'B': [0, 1, 1, 1, 1, 1, 1, 1, 0, 1], 'C': [1, 1, 0, 1, 1, 1, 1, 1, 1, 1]}, '西门南侧': {'A': [0, 1, 1, 1, 1, 1, 1, 1, 1, 1], 'B': [1, 1, 1, 1, 1, 1, 1, 1, 1, 1], 'C': [1, 1, 1, 1, 1, 1, 1, 1, 1, 1]}, '南门西侧': {'A': [1, 1, 1, 1, 1, 1, 1, 1, 1, 1], 'B': [1, 1, 1, 1, 0, 1, 1, 1, 1, 1]}, '南门东侧': {'A': [1, 1, 0, 1, 1, 1, 1, 1, 1, 1], 'B': [1, 1, 1, 1, 1, 1, 1, 1, 1, 1]}, '北门东北侧': {'A': [1, 1, 1, 1, 1, 1, 1, 1, 1, 1], 'B': [1, 1, 1, 1, 1, 1, 1, 1, 0, 1], 'C': [1, 1, 0, 1, 1, 1, 1, 1, 1, 0], 'D': [0, 0, 1, 1, 1, 0, 1, 0, 1, 1]}, '北门东南侧': {'A': [1, 1, 1, 1, 1, 1, 1, 1, 1, 1], 'B': [0, 1, 1, 1, 1, 1, 1, 1, 1, 0], 'C': [1, 1, 1, 1, 1, 0, 1, 1, 0, 1], 'D': [1, 1, 0, 1, 1, 1, 1, 1, 1, 1], 'E': [1, 1, 1, 1, 1, 0, 1, 1, 1, 1], 'F': [1, 1, 1, 1, 0, 1, 1, 1, 1, 1]}, '橘园北侧南': {'A': [1, 1, 0, 1, 1, 0, 1, 1, 0, 1], 'B': [0, 1, 0, 1, 1, 0, 1, 1, 1, 0], 'C': [0, 0, 1, 1, 1, 1, 0, 0, 1, 1], 'D': [1, 0, 1, 1, 1, 0, 1, 1, 1, 1], 'E': [1, 1, 1, 0, 0, 1, 1, 1, 0, 1], 'F': [1, 1, 1, 1, 0, 1, 0, 1, 1, 0], 'G': [0, 1, 1, 1, 1, 1, 1, 1, 1, 1], 'H': [1, 1, 1, 1, 1, 1, 1, 1, 1, 1], 'I': [1, 1, 0, 1, 1, 0, 1, 1, 1, 1], 'J': [1, 1, 0, 1, 1, 1, 1, 1, 1, 0]}, '校医院西': {'A': [1, 1, 1, 1, 1, 1, 1, 1, 1, 1], 'B': [1, 1, 1, 1, 1, 1, 1, 0, 1, 1], 'C': [1, 1, 1, 1, 1, 1, 1, 1, 1, 1], 'D': [1, 1, 1, 1, 1, 1, 1, 1, 1, 1], 'E': [1, 1, 1, 1, 1, 1, 1, 1, 1, 1], 'F': [0, 1, 1, 1, 0, 1, 1, 1, 1, 1], 'G': [1, 1, 1, 1, 1, 1, 1, 1, 1, 1], 'H': [1, 1, 0, 1, 1, 0, 1, 1, 0, 1], 'I': [1, 1, 1, 1, 0, 0, 0, 0, 0, 1]}}
623273	2024-07-13 05:18:21.887000+08:00	2024-07-13 05:18:21.887000+08:00	{'东门北侧': {'A': [1, 1, 1, 1, 1, 1, 1, 1, 1, 1], 'B': [1, 1, 1, 1, 1, 1, 1, 1, 1, 1], 'C': [0, 1, 1, 1, 1, 1, 1, 1, 1, 0], 'D': [1, 1, 1, 1, 1, 0, 1, 1, 1, 1], 'E': [1, 1, 0, 0, 1, 1, 1, 0, 1, 1], 'F': [0, 1, 1, 1, 1, 1, 1, 1, 1, 1], 'G': [1, 1, 1, 1, 1, 0, 1, 1, 0, 1], 'H': [1, 1, 1, 1, 0, 1, 1, 1, 1, 0], 'I': [0, 1, 0, 1, 1, 0, 1, 1, 1, 1], 'J': [1, 1, 1, 0, 1, 0, 1, 1, 1, 0], 'K': [1, 1, 1, 1, 1, 1, 1, 1, 1, 0]}, '东门南侧': {'A': [0, 0, 1, 1, 0, 1, 1, 1, 1, 0], 'B': [0, 0, 0, 0, 0, 0, 0, 0, 0, 0]}, '西门北侧': {'A': [1, 1, 1, 1, 1, 1, 1, 1, 1, 1], 'B': [0, 1, 1, 1, 1, 1, 1, 1, 0, 1], 'C': [1, 1, 0, 1, 1, 1, 1, 1, 1, 1]}, '西门南侧': {'A': [0, 1, 1, 1, 1, 1, 1, 1, 1, 1], 'B': [1, 1, 1, 1, 1, 1, 1, 1, 1, 1], 'C': [1, 1, 1, 1, 1, 1, 1, 1, 1, 1]}, '南门西侧': {'A': [1, 1, 1, 1, 1, 1, 1, 1, 1, 1], 'B': [1, 1, 1, 1, 0, 1, 1, 1, 1, 1]}, '南门东侧': {'A': [1, 1, 0, 1, 1, 1, 1, 1, 1, 1], 'B': [1, 1, 1, 1, 1, 1, 1, 1, 1, 1]}, '北门东北侧': {'A': [1, 1, 1, 1, 1, 1, 1, 1, 1, 1], 'B': [1, 1, 1, 1, 1, 1, 1, 1, 0, 1], 'C': [1, 1, 0, 1, 1, 1, 1, 1, 1, 0], 'D': [0, 0, 1, 1, 1, 0, 1, 0, 1, 1]}, '北门东南侧': {'A': [1, 1, 1, 1, 1, 1, 1, 1, 1, 1], 'B': [0, 1, 1, 1, 1, 1, 1, 1, 1, 0], 'C': [1, 1, 1, 1, 1, 0, 1, 1, 0, 1], 'D': [1, 1, 0, 1, 1, 1, 1, 1, 1, 1], 'E': [1, 1, 1, 1, 1, 0, 1, 1, 1, 1], 'F': [1, 1, 1, 1, 0, 1, 1, 1, 1, 1]}, '橘园北侧南': {'A': [1, 1, 0, 1, 1, 0, 1, 1, 0, 1], 'B': [0, 1, 0, 1, 1, 0, 1, 1, 1, 0], 'C': [0, 0, 1, 1, 1, 1, 0, 0, 1, 1], 'D': [1, 0, 1, 1, 1, 0, 1, 1, 1, 1], 'E': [1, 1, 1, 0, 0, 1, 1, 1, 0, 1], 'F': [1, 1, 1, 1, 0, 1, 0, 1, 1, 0], 'G': [0, 1, 1, 1, 1, 1, 1, 1, 1, 1], 'H': [1, 1, 1, 1, 1, 1, 1, 1, 1, 1], 'I': [1, 1, 0, 1, 1, 0, 1, 1, 1, 1], 'J': [1, 1, 0, 1, 1, 1, 1, 1, 1, 0]}, '校医院西': {'A': [1, 1, 1, 1, 1, 1, 1, 1, 1, 1], 'B': [1, 1, 1, 1, 1, 1, 1, 0, 1, 1], 'C': [1, 1, 1, 1, 1, 1, 1, 1, 1, 1], 'D': [1, 1, 1, 1, 1, 1, 1, 1, 1, 1], 'E': [1, 1, 1, 1, 1, 1, 1, 1, 1, 1], 'F': [0, 1, 1, 1, 0, 1, 1, 1, 1, 1], 'G': [1, 1, 1, 1, 1, 1, 1, 1, 1, 1], 'H': [1, 1, 0, 1, 1, 0, 1, 1, 0, 1], 'I': [1, 1, 1, 1, 0, 0, 0, 0, 0, 1]}}
623274	2024-07-13 05:19:22.861000+08:00	2024-07-13 05:19:22.861000+08:00	{'东门北侧': {'A': [1, 1, 1, 1, 1, 1, 1, 1, 1, 1], 'B': [1, 1, 1, 1, 1, 1, 1, 1, 1, 1], 'C': [0, 1, 1, 1, 1, 1, 1, 1, 1, 0], 'D': [1, 1, 1, 1, 1, 0, 1, 1, 1, 1], 'E': [1, 1, 0, 0, 1, 1, 1, 0, 1, 1], 'F': [0, 1, 1, 1, 1, 1, 1, 1, 1, 1], 'G': [1, 1, 1, 1, 1, 0, 1, 1, 0, 1], 'H': [1, 1, 1, 1, 0, 1, 1, 1, 1, 0], 'I': [0, 1, 0, 1, 1, 0, 1, 1, 1, 1], 'J': [1, 1, 1, 1, 1, 0, 1, 1, 1, 0], 'K': [0, 1, 1, 1, 1, 1, 1, 1, 1, 0]}, '东门南侧': {'A': [0, 0, 1, 1, 0, 1, 1, 1, 1, 0], 'B': [0, 0, 0, 0, 0, 0, 0, 0, 0, 0]}, '西门北侧': {'A': [1, 1, 1, 1, 1, 1, 1, 1, 1, 1], 'B': [0, 1, 1, 1, 1, 1, 1, 1, 0, 1], 'C': [1, 1, 0, 1, 1, 1, 1, 1, 1, 1]}, '西门南侧': {'A': [0, 1, 1, 1, 1, 1, 1, 1, 1, 1], 'B': [1, 1, 1, 1, 1, 1, 1, 1, 1, 1], 'C': [1, 1, 1, 1, 1, 1, 1, 1, 1, 1]}, '南门西侧': {'A': [1, 1, 1, 1, 1, 1, 1, 1, 1, 1], 'B': [1, 1, 1, 1, 0, 1, 1, 1, 1, 1]}, '南门东侧': {'A': [1, 1, 0, 1, 1, 1, 1, 1, 1, 1], 'B': [1, 1, 1, 1, 1, 1, 1, 1, 1, 1]}, '北门东北侧': {'A': [1, 1, 1, 1, 1, 1, 1, 1, 1, 1], 'B': [1, 1, 1, 1, 1, 1, 1, 1, 0, 1], 'C': [1, 1, 0, 1, 1, 1, 1, 1, 1, 0], 'D': [0, 0, 1, 1, 1, 0, 1, 0, 1, 1]}, '北门东南侧': {'A': [1, 1, 1, 1, 1, 1, 1, 1, 1, 1], 'B': [0, 1, 1, 1, 1, 1, 1, 1, 1, 0], 'C': [1, 1, 1, 1, 1, 0, 1, 1, 0, 1], 'D': [1, 1, 0, 1, 1, 1, 1, 1, 1, 1], 'E': [1, 1, 1, 1, 1, 0, 1, 1, 1, 1], 'F': [1, 1, 1, 1, 0, 1, 1, 1, 1, 1]}, '橘园北侧南': {'A': [1, 1, 0, 1, 1, 0, 1, 1, 0, 1], 'B': [0, 1, 0, 1, 1, 0, 1, 1, 1, 0], 'C': [0, 0, 1, 1, 1, 1, 0, 0, 1, 1], 'D': [1, 0, 1, 1, 1, 0, 1, 1, 1, 1], 'E': [1, 1, 1, 0, 0, 1, 1, 1, 0, 1], 'F': [1, 1, 1, 1, 0, 1, 0, 1, 1, 0], 'G': [0, 1, 1, 1, 1, 1, 1, 1, 1, 1], 'H': [1, 1, 1, 1, 1, 1, 1, 1, 1, 1], 'I': [1, 1, 0, 1, 1, 0, 1, 1, 1, 1], 'J': [1, 1, 0, 1, 1, 1, 1, 1, 1, 0]}, '校医院西': {'A': [1, 1, 1, 1, 1, 1, 1, 1, 1, 1], 'B': [1, 1, 1, 1, 1, 1, 1, 0, 1, 1], 'C': [1, 1, 1, 1, 1, 1, 1, 1, 1, 1], 'D': [1, 1, 1, 1, 1, 1, 1, 1, 1, 1], 'E': [1, 1, 1, 1, 1, 1, 1, 1, 1, 1], 'F': [1, 1, 1, 1, 0, 1, 1, 1, 1, 1], 'G': [1, 1, 1, 1, 1, 1, 1, 1, 1, 1], 'H': [1, 1, 0, 1, 1, 0, 1, 1, 0, 1], 'I': [1, 1, 1, 1, 0, 1, 0, 0, 0, 1]}}
623275	2024-07-13 05:20:23.933000+08:00	2024-07-13 05:20:23.933000+08:00	{'东门北侧': {'A': [1, 1, 1, 1, 1, 1, 1, 1, 1, 1], 'B': [1, 1, 1, 1, 1, 1, 1, 1, 1, 1], 'C': [0, 1, 1, 1, 1, 1, 1, 1, 1, 0], 'D': [1, 1, 1, 1, 1, 0, 1, 1, 1, 1], 'E': [1, 1, 0, 0, 1, 1, 1, 0, 1, 1], 'F': [0, 1, 1, 1, 1, 1, 1, 1, 1, 1], 'G': [1, 1, 1, 1, 1, 0, 1, 1, 0, 1], 'H': [1, 1, 1, 1, 0, 1, 1, 1, 1, 0], 'I': [0, 1, 0, 1, 1, 0, 1, 1, 1, 1], 'J': [1, 1, 1, 1, 1, 0, 1, 1, 1, 0], 'K': [0, 1, 1, 1, 1, 1, 1, 1, 1, 0]}, '东门南侧': {'A': [0, 0, 1, 1, 0, 1, 1, 1, 1, 0], 'B': [0, 0, 0, 0, 0, 0, 0, 0, 0, 0]}, '西门北侧': {'A': [1, 1, 1, 1, 1, 1, 1, 1, 1, 1], 'B': [0, 1, 1, 1, 1, 1, 1, 1, 0, 1], 'C': [1, 1, 0, 1, 1, 1, 1, 1, 1, 1]}, '西门南侧': {'A': [0, 1, 1, 1, 1, 1, 1, 1, 1, 1], 'B': [1, 1, 1, 1, 1, 1, 1, 1, 1, 1], 'C': [1, 1, 1, 1, 1, 1, 1, 1, 1, 1]}, '南门西侧': {'A': [1, 1, 1, 1, 1, 1, 1, 1, 1, 1], 'B': [1, 1, 1, 1, 0, 1, 1, 1, 1, 1]}, '南门东侧': {'A': [1, 1, 0, 1, 1, 1, 1, 1, 1, 1], 'B': [1, 1, 1, 1, 1, 1, 1, 1, 1, 1]}, '北门东北侧': {'A': [1, 1, 1, 1, 1, 1, 1, 1, 1, 1], 'B': [1, 1, 1, 1, 1, 1, 1, 1, 0, 1], 'C': [1, 1, 0, 1, 1, 1, 1, 1, 1, 0], 'D': [0, 0, 1, 1, 1, 0, 1, 0, 1, 1]}, '北门东南侧': {'A': [1, 1, 1, 1, 1, 1, 1, 1, 1, 1], 'B': [0, 1, 1, 1, 1, 1, 1, 1, 1, 0], 'C': [1, 1, 1, 1, 1, 0, 1, 1, 0, 1], 'D': [1, 1, 0, 1, 1, 1, 1, 1, 1, 1], 'E': [1, 1, 1, 1, 1, 0, 1, 1, 1, 1], 'F': [1, 1, 1, 1, 0, 1, 1, 1, 1, 1]}, '橘园北侧南': {'A': [1, 1, 0, 1, 1, 0, 1, 1, 0, 1], 'B': [0, 1, 0, 1, 1, 0, 1, 1, 1, 0], 'C': [0, 0, 1, 1, 1, 1, 0, 0, 1, 1], 'D': [1, 0, 1, 1, 1, 0, 1, 1, 1, 1], 'E': [1, 1, 1, 0, 0, 1, 1, 1, 0, 1], 'F': [1, 1, 1, 1, 0, 1, 0, 1, 1, 0], 'G': [0, 1, 1, 1, 1, 1, 1, 1, 1, 1], 'H': [1, 1, 1, 1, 1, 1, 1, 1, 1, 1], 'I': [1, 1, 0, 1, 1, 0, 1, 1, 1, 1], 'J': [1, 1, 0, 1, 1, 1, 1, 1, 1, 0]}, '校医院西': {'A': [1, 1, 1, 1, 1, 1, 1, 1, 1, 1], 'B': [1, 1, 1, 1, 1, 1, 1, 0, 1, 1], 'C': [1, 1, 1, 1, 1, 1, 1, 1, 1, 1], 'D': [1, 1, 1, 1, 1, 1, 1, 1, 1, 1], 'E': [1, 1, 1, 1, 1, 1, 1, 1, 1, 1], 'F': [1, 1, 1, 1, 0, 1, 1, 1, 1, 1], 'G': [1, 1, 1, 1, 1, 1, 1, 1, 1, 1], 'H': [1, 1, 0, 1, 1, 0, 1, 1, 0, 1], 'I': [1, 1, 1, 1, 1, 1, 0, 0, 0, 1]}}
623276	2024-07-13 05:21:24.089000+08:00	2024-07-13 05:21:24.089000+08:00	{'东门北侧': {'A': [1, 1, 1, 1, 1, 1, 1, 1, 1, 1], 'B': [1, 1, 1, 1, 1, 1, 1, 1, 1, 1], 'C': [0, 1, 1, 1, 1, 1, 1, 1, 1, 0], 'D': [1, 1, 1, 1, 1, 0, 1, 1, 1, 1], 'E': [1, 1, 0, 0, 1, 1, 1, 0, 1, 1], 'F': [0, 1, 1, 1, 1, 1, 1, 1, 1, 1], 'G': [1, 1, 1, 1, 1, 0, 1, 1, 0, 1], 'H': [1, 1, 1, 1, 0, 1, 1, 1, 1, 0], 'I': [0, 1, 0, 1, 1, 0, 1, 1, 1, 1], 'J': [1, 1, 1, 1, 1, 0, 1, 1, 1, 0], 'K': [0, 1, 1, 1, 1, 1, 1, 1, 1, 0]}, '东门南侧': {'A': [0, 0, 1, 1, 0, 1, 1, 1, 1, 0], 'B': [0, 0, 0, 0, 0, 0, 0, 0, 0, 0]}, '西门北侧': {'A': [1, 1, 1, 1, 1, 1, 1, 1, 1, 1], 'B': [0, 1, 1, 1, 1, 1, 1, 1, 0, 1], 'C': [1, 1, 0, 1, 1, 1, 1, 1, 1, 1]}, '西门南侧': {'A': [0, 1, 1, 1, 1, 1, 1, 1, 1, 1], 'B': [1, 1, 1, 1, 1, 1, 1, 1, 1, 1], 'C': [1, 1, 1, 1, 1, 1, 1, 1, 1, 1]}, '南门西侧': {'A': [1, 1, 1, 1, 1, 1, 1, 1, 1, 1], 'B': [1, 1, 1, 1, 0, 1, 1, 1, 1, 1]}, '南门东侧': {'A': [1, 1, 0, 1, 1, 1, 1, 1, 1, 1], 'B': [1, 1, 1, 1, 1, 1, 1, 1, 1, 1]}, '北门东北侧': {'A': [1, 1, 1, 1, 1, 1, 1, 1, 1, 1], 'B': [1, 1, 1, 1, 1, 1, 1, 1, 0, 1], 'C': [1, 1, 0, 1, 1, 1, 1, 1, 1, 0], 'D': [0, 0, 1, 1, 1, 0, 1, 0, 1, 1]}, '北门东南侧': {'A': [1, 1, 1, 1, 1, 1, 1, 1, 1, 1], 'B': [0, 1, 1, 1, 1, 1, 1, 1, 1, 0], 'C': [1, 1, 1, 1, 1, 0, 1, 1, 0, 1], 'D': [1, 1, 0, 1, 1, 1, 1, 1, 1, 1], 'E': [1, 1, 1, 1, 1, 0, 1, 1, 1, 1], 'F': [1, 1, 1, 1, 0, 1, 1, 1, 1, 1]}, '橘园北侧南': {'A': [1, 1, 0, 1, 1, 0, 1, 1, 0, 1], 'B': [0, 1, 0, 1, 1, 0, 1, 1, 1, 0], 'C': [0, 0, 1, 1, 1, 1, 0, 0, 1, 1], 'D': [1, 0, 1, 1, 1, 0, 1, 1, 1, 1], 'E': [1, 1, 1, 0, 0, 1, 1, 1, 0, 1], 'F': [1, 1, 1, 1, 0, 1, 0, 1, 1, 0], 'G': [0, 1, 1, 1, 1, 1, 1, 1, 1, 1], 'H': [1, 1, 1, 1, 1, 1, 1, 1, 1, 1], 'I': [1, 1, 0, 1, 1, 0, 1, 1, 1, 1], 'J': [1, 1, 0, 1, 1, 1, 1, 1, 1, 0]}, '校医院西': {'A': [1, 1, 1, 1, 1, 1, 1, 1, 1, 1], 'B': [1, 1, 1, 1, 1, 1, 1, 0, 1, 1], 'C': [1, 1, 1, 1, 1, 1, 1, 1, 1, 1], 'D': [1, 1, 1, 1, 1, 1, 1, 1, 1, 1], 'E': [1, 1, 1, 1, 1, 1, 1, 1, 1, 1], 'F': [1, 1, 1, 1, 0, 1, 1, 1, 1, 1], 'G': [1, 1, 1, 1, 1, 1, 1, 1, 1, 1], 'H': [1, 1, 0, 1, 1, 0, 1, 1, 0, 1], 'I': [1, 1, 1, 1, 1, 1, 0, 0, 0, 1]}}
623277	2024-07-13 05:22:20.831000+08:00	2024-07-13 05:22:20.831000+08:00	{'东门北侧': {'A': [1, 1, 1, 1, 1, 1, 1, 1, 1, 1], 'B': [1, 1, 1, 1, 1, 1, 1, 1, 1, 1], 'C': [0, 1, 1, 1, 1, 1, 1, 1, 1, 0], 'D': [1, 1, 1, 1, 1, 0, 1, 1, 1, 1], 'E': [1, 1, 0, 0, 1, 1, 1, 0, 1, 1], 'F': [0, 1, 1, 1, 1, 1, 1, 1, 1, 1], 'G': [1, 1, 1, 1, 1, 0, 1, 1, 0, 1], 'H': [1, 1, 1, 1, 0, 1, 1, 1, 1, 0], 'I': [0, 1, 0, 1, 1, 0, 1, 1, 1, 1], 'J': [1, 1, 1, 1, 1, 0, 1, 1, 1, 0], 'K': [0, 1, 1, 1, 1, 1, 1, 1, 1, 0]}, '东门南侧': {'A': [0, 0, 1, 1, 0, 1, 1, 1, 1, 0], 'B': [0, 0, 0, 0, 0, 0, 0, 0, 0, 0]}, '西门北侧': {'A': [1, 1, 1, 1, 1, 1, 1, 1, 1, 1], 'B': [0, 1, 1, 1, 1, 1, 1, 1, 0, 1], 'C': [1, 1, 1, 1, 1, 1, 1, 1, 1, 1]}, '西门南侧': {'A': [0, 1, 1, 1, 1, 1, 1, 1, 1, 1], 'B': [1, 1, 1, 1, 1, 1, 1, 1, 1, 1], 'C': [1, 1, 1, 1, 1, 1, 1, 1, 1, 1]}, '南门西侧': {'A': [1, 1, 1, 1, 1, 1, 1, 1, 1, 1], 'B': [1, 1, 1, 1, 0, 1, 1, 1, 1, 1]}, '南门东侧': {'A': [1, 1, 0, 1, 1, 1, 1, 1, 1, 1], 'B': [1, 1, 1, 1, 1, 1, 1, 1, 1, 1]}, '北门东北侧': {'A': [1, 1, 1, 1, 1, 1, 1, 1, 1, 1], 'B': [1, 1, 1, 1, 1, 1, 1, 1, 0, 1], 'C': [1, 1, 0, 1, 1, 1, 1, 1, 1, 0], 'D': [0, 0, 1, 1, 1, 0, 1, 0, 1, 1]}, '北门东南侧': {'A': [1, 1, 1, 1, 1, 1, 1, 1, 1, 1], 'B': [0, 1, 1, 1, 1, 1, 1, 1, 1, 0], 'C': [1, 1, 1, 1, 1, 0, 1, 1, 0, 1], 'D': [1, 1, 0, 1, 1, 1, 1, 1, 1, 1], 'E': [1, 1, 1, 1, 1, 0, 1, 1, 1, 1], 'F': [1, 1, 1, 1, 0, 1, 1, 1, 1, 1]}, '橘园北侧南': {'A': [1, 1, 0, 1, 1, 0, 1, 1, 0, 1], 'B': [0, 1, 0, 1, 1, 0, 1, 1, 1, 0], 'C': [0, 0, 1, 1, 1, 1, 0, 0, 1, 1], 'D': [1, 0, 1, 1, 1, 0, 1, 1, 1, 1], 'E': [1, 1, 1, 0, 0, 1, 1, 1, 0, 1], 'F': [1, 1, 1, 1, 0, 1, 0, 1, 1, 0], 'G': [0, 1, 1, 1, 1, 1, 1, 1, 1, 1], 'H': [1, 1, 1, 1, 1, 1, 1, 1, 1, 1], 'I': [1, 1, 0, 1, 1, 0, 1, 1, 1, 1], 'J': [1, 1, 0, 1, 1, 1, 1, 1, 1, 0]}, '校医院西': {'A': [1, 1, 1, 1, 1, 1, 1, 1, 1, 1], 'B': [1, 1, 1, 1, 1, 1, 1, 0, 1, 1], 'C': [1, 1, 1, 1, 1, 1, 1, 1, 1, 1], 'D': [1, 1, 1, 1, 1, 1, 1, 1, 1, 1], 'E': [1, 1, 1, 1, 1, 1, 1, 1, 1, 1], 'F': [1, 1, 1, 1, 0, 1, 1, 1, 1, 1], 'G': [1, 1, 1, 1, 1, 1, 1, 1, 1, 1], 'H': [1, 1, 0, 1, 1, 0, 1, 1, 0, 1], 'I': [1, 1, 1, 1, 1, 1, 0, 0, 0, 1]}}
623278	2024-07-13 05:23:23.868000+08:00	2024-07-13 05:23:23.868000+08:00	{'东门北侧': {'A': [1, 1, 1, 1, 1, 1, 1, 1, 1, 1], 'B': [1, 1, 1, 1, 1, 1, 1, 1, 1, 1], 'C': [0, 1, 1, 1, 1, 1, 1, 1, 1, 0], 'D': [1, 1, 1, 1, 1, 0, 1, 1, 1, 1], 'E': [1, 1, 0, 0, 1, 1, 1, 0, 1, 1], 'F': [0, 1, 1, 1, 1, 1, 1, 1, 1, 1], 'G': [1, 1, 1, 1, 1, 0, 1, 1, 0, 1], 'H': [1, 1, 1, 1, 0, 1, 1, 1, 1, 0], 'I': [0, 1, 0, 1, 1, 0, 1, 1, 1, 1], 'J': [1, 1, 1, 1, 1, 0, 1, 1, 1, 0], 'K': [0, 1, 1, 1, 1, 1, 1, 1, 1, 0]}, '东门南侧': {'A': [0, 0, 1, 1, 0, 1, 1, 1, 1, 0], 'B': [0, 0, 0, 0, 0, 0, 0, 0, 0, 0]}, '西门北侧': {'A': [1, 1, 1, 1, 1, 1, 1, 1, 1, 1], 'B': [0, 1, 1, 1, 1, 1, 1, 1, 0, 1], 'C': [1, 1, 1, 1, 1, 1, 1, 1, 1, 1]}, '西门南侧': {'A': [0, 1, 1, 1, 1, 1, 1, 1, 1, 1], 'B': [1, 1, 1, 1, 1, 1, 1, 1, 1, 1], 'C': [1, 1, 1, 1, 1, 1, 1, 1, 1, 1]}, '南门西侧': {'A': [1, 1, 1, 1, 1, 1, 1, 1, 1, 1], 'B': [1, 1, 1, 1, 0, 1, 1, 1, 1, 1]}, '南门东侧': {'A': [1, 1, 0, 1, 1, 1, 1, 1, 1, 1], 'B': [1, 1, 1, 1, 1, 1, 1, 1, 1, 1]}, '北门东北侧': {'A': [1, 1, 1, 1, 1, 1, 1, 1, 1, 1], 'B': [1, 1, 1, 1, 1, 1, 1, 1, 0, 1], 'C': [1, 1, 0, 1, 1, 1, 1, 1, 1, 0], 'D': [0, 0, 1, 1, 1, 0, 1, 0, 1, 1]}, '北门东南侧': {'A': [1, 1, 1, 1, 1, 1, 1, 1, 1, 1], 'B': [0, 1, 1, 1, 1, 1, 1, 1, 1, 0], 'C': [1, 1, 1, 1, 1, 0, 1, 1, 0, 1], 'D': [1, 1, 0, 1, 1, 1, 1, 1, 1, 1], 'E': [1, 1, 1, 1, 1, 0, 1, 1, 1, 1], 'F': [1, 1, 1, 1, 0, 1, 1, 1, 1, 1]}, '橘园北侧南': {'A': [1, 1, 0, 1, 1, 0, 1, 1, 0, 1], 'B': [0, 1, 0, 1, 1, 0, 1, 1, 1, 0], 'C': [0, 0, 1, 1, 1, 1, 0, 0, 1, 1], 'D': [1, 0, 1, 1, 1, 0, 1, 1, 1, 1], 'E': [1, 1, 1, 0, 1, 1, 1, 1, 0, 1], 'F': [1, 1, 1, 1, 0, 1, 0, 1, 1, 0], 'G': [0, 1, 1, 1, 1, 1, 1, 1, 1, 1], 'H': [1, 1, 1, 1, 1, 1, 1, 1, 1, 1], 'I': [1, 1, 0, 1, 1, 0, 1, 1, 1, 1], 'J': [1, 1, 0, 1, 1, 1, 1, 1, 1, 0]}, '校医院西': {'A': [1, 1, 1, 1, 1, 1, 1, 1, 1, 1], 'B': [1, 1, 1, 1, 1, 1, 1, 0, 1, 1], 'C': [1, 1, 1, 1, 1, 1, 1, 1, 1, 1], 'D': [1, 1, 1, 1, 1, 1, 1, 1, 1, 1], 'E': [1, 1, 1, 1, 1, 1, 1, 1, 1, 1], 'F': [1, 1, 1, 1, 0, 1, 1, 1, 1, 1], 'G': [1, 1, 1, 1, 1, 1, 1, 1, 1, 1], 'H': [1, 1, 0, 1, 1, 0, 1, 1, 0, 1], 'I': [1, 1, 1, 1, 1, 1, 0, 0, 0, 1]}}
623279	2024-07-13 05:24:22.273000+08:00	2024-07-13 05:24:22.273000+08:00	{'东门北侧': {'A': [1, 1, 1, 1, 1, 1, 1, 1, 1, 1], 'B': [1, 1, 1, 1, 1, 1, 1, 1, 1, 1], 'C': [0, 1, 1, 1, 1, 1, 1, 1, 1, 0], 'D': [1, 1, 1, 1, 1, 0, 1, 1, 1, 1], 'E': [1, 1, 0, 0, 1, 1, 1, 0, 1, 1], 'F': [0, 1, 1, 1, 1, 1, 1, 1, 1, 1], 'G': [1, 1, 1, 1, 1, 0, 1, 1, 0, 1], 'H': [1, 1, 1, 1, 0, 1, 1, 1, 1, 0], 'I': [0, 1, 0, 1, 1, 0, 1, 1, 1, 1], 'J': [1, 1, 1, 1, 1, 0, 1, 1, 1, 0], 'K': [0, 1, 1, 1, 1, 1, 1, 1, 1, 0]}, '东门南侧': {'A': [0, 0, 1, 1, 0, 1, 1, 1, 1, 0], 'B': [0, 0, 0, 0, 0, 0, 0, 0, 0, 0]}, '西门北侧': {'A': [1, 1, 1, 1, 1, 1, 1, 1, 1, 1], 'B': [0, 1, 1, 1, 1, 1, 1, 1, 0, 1], 'C': [1, 1, 1, 1, 1, 1, 1, 1, 1, 1]}, '西门南侧': {'A': [0, 1, 1, 1, 1, 1, 1, 1, 1, 1], 'B': [1, 1, 1, 1, 1, 1, 1, 1, 1, 1], 'C': [1, 1, 1, 1, 1, 1, 1, 1, 1, 1]}, '南门西侧': {'A': [1, 1, 1, 1, 1, 1, 1, 1, 1, 1], 'B': [1, 1, 1, 1, 0, 1, 1, 1, 1, 1]}, '南门东侧': {'A': [1, 1, 0, 1, 1, 1, 1, 1, 1, 1], 'B': [1, 1, 1, 1, 1, 1, 1, 1, 1, 1]}, '北门东北侧': {'A': [1, 1, 1, 1, 1, 1, 1, 1, 1, 1], 'B': [1, 1, 1, 1, 1, 1, 1, 1, 0, 1], 'C': [1, 1, 0, 1, 1, 1, 1, 1, 1, 0], 'D': [0, 0, 1, 1, 1, 0, 1, 0, 1, 1]}, '北门东南侧': {'A': [1, 1, 1, 1, 1, 1, 1, 1, 1, 1], 'B': [0, 1, 1, 1, 1, 1, 1, 1, 1, 0], 'C': [1, 1, 1, 1, 1, 0, 1, 1, 0, 1], 'D': [1, 1, 0, 1, 1, 1, 1, 1, 1, 1], 'E': [1, 1, 1, 1, 1, 0, 1, 1, 1, 1], 'F': [1, 1, 1, 1, 0, 1, 1, 1, 1, 1]}, '橘园北侧南': {'A': [1, 1, 0, 1, 1, 0, 1, 1, 0, 1], 'B': [0, 1, 0, 1, 1, 0, 1, 1, 1, 0], 'C': [0, 0, 1, 1, 1, 1, 0, 0, 1, 1], 'D': [1, 0, 1, 1, 1, 0, 1, 1, 1, 1], 'E': [1, 1, 1, 0, 1, 1, 1, 1, 0, 1], 'F': [1, 1, 1, 1, 0, 1, 0, 1, 1, 1], 'G': [0, 1, 1, 1, 1, 1, 1, 1, 1, 1], 'H': [1, 1, 1, 1, 1, 1, 1, 1, 1, 1], 'I': [1, 1, 0, 1, 1, 0, 1, 1, 1, 1], 'J': [1, 1, 0, 1, 1, 1, 1, 1, 1, 0]}, '校医院西': {'A': [1, 1, 1, 1, 1, 1, 1, 1, 1, 1], 'B': [1, 1, 1, 1, 1, 1, 1, 0, 1, 1], 'C': [1, 1, 1, 1, 1, 1, 1, 1, 1, 1], 'D': [1, 1, 1, 1, 1, 1, 1, 1, 1, 1], 'E': [1, 1, 1, 1, 1, 1, 1, 1, 1, 1], 'F': [1, 1, 1, 1, 0, 1, 1, 1, 1, 1], 'G': [1, 1, 1, 1, 1, 1, 1, 1, 1, 1], 'H': [1, 1, 0, 1, 1, 0, 1, 1, 0, 1], 'I': [1, 1, 1, 1, 1, 1, 0, 0, 0, 1]}}
623280	2024-07-13 05:25:23.826000+08:00	2024-07-13 05:25:23.826000+08:00	{'东门北侧': {'A': [1, 1, 1, 1, 1, 1, 1, 1, 1, 1], 'B': [1, 1, 1, 1, 1, 1, 1, 1, 1, 1], 'C': [0, 1, 1, 1, 1, 1, 1, 1, 1, 0], 'D': [1, 1, 1, 1, 1, 0, 1, 1, 1, 1], 'E': [1, 1, 0, 0, 1, 1, 1, 0, 1, 1], 'F': [0, 1, 1, 1, 1, 1, 1, 1, 1, 1], 'G': [1, 1, 1, 1, 1, 0, 1, 1, 0, 1], 'H': [1, 1, 1, 1, 0, 1, 1, 1, 1, 0], 'I': [0, 1, 0, 1, 1, 0, 1, 1, 1, 1], 'J': [1, 1, 1, 1, 1, 0, 1, 1, 1, 0], 'K': [0, 1, 1, 1, 1, 1, 1, 1, 1, 0]}, '东门南侧': {'A': [0, 0, 1, 1, 0, 1, 1, 1, 1, 0], 'B': [0, 0, 0, 0, 0, 0, 0, 0, 0, 0]}, '西门北侧': {'A': [1, 1, 1, 1, 1, 1, 1, 1, 1, 1], 'B': [0, 1, 1, 1, 1, 1, 1, 1, 0, 1], 'C': [1, 1, 1, 1, 1, 1, 1, 1, 1, 1]}, '西门南侧': {'A': [0, 1, 1, 1, 1, 1, 1, 1, 1, 1], 'B': [1, 1, 1, 1, 1, 1, 1, 1, 1, 1], 'C': [1, 1, 1, 1, 1, 1, 1, 1, 1, 1]}, '南门西侧': {'A': [1, 1, 1, 1, 1, 1, 1, 1, 1, 1], 'B': [1, 1, 1, 1, 0, 1, 1, 1, 1, 1]}, '南门东侧': {'A': [1, 1, 0, 1, 1, 1, 1, 1, 1, 1], 'B': [1, 1, 1, 1, 1, 1, 1, 1, 1, 1]}, '北门东北侧': {'A': [1, 1, 1, 1, 1, 1, 1, 1, 1, 1], 'B': [1, 1, 1, 1, 1, 1, 1, 1, 0, 1], 'C': [1, 1, 0, 1, 1, 1, 1, 1, 1, 0], 'D': [0, 0, 1, 1, 1, 0, 1, 0, 1, 1]}, '北门东南侧': {'A': [1, 1, 1, 1, 1, 1, 1, 1, 1, 1], 'B': [0, 1, 1, 1, 1, 1, 1, 1, 1, 0], 'C': [1, 1, 1, 1, 1, 0, 1, 1, 0, 1], 'D': [1, 1, 0, 1, 1, 1, 1, 1, 1, 1], 'E': [1, 1, 1, 1, 1, 0, 1, 1, 1, 1], 'F': [1, 1, 1, 1, 0, 1, 1, 1, 1, 1]}, '橘园北侧南': {'A': [1, 1, 0, 1, 1, 0, 1, 1, 0, 1], 'B': [0, 1, 0, 1, 1, 0, 1, 1, 1, 0], 'C': [0, 0, 1, 1, 1, 1, 0, 0, 1, 1], 'D': [1, 0, 1, 1, 1, 0, 1, 1, 1, 1], 'E': [1, 1, 1, 0, 1, 1, 1, 1, 0, 1], 'F': [1, 1, 1, 1, 0, 1, 0, 1, 1, 1], 'G': [0, 1, 1, 1, 1, 1, 1, 1, 1, 1], 'H': [1, 1, 1, 1, 1, 1, 1, 1, 1, 1], 'I': [1, 1, 0, 1, 1, 0, 1, 1, 1, 1], 'J': [1, 1, 0, 1, 1, 1, 1, 1, 1, 0]}, '校医院西': {'A': [1, 1, 1, 1, 1, 1, 1, 1, 1, 1], 'B': [1, 1, 1, 1, 1, 1, 1, 0, 1, 1], 'C': [1, 1, 1, 1, 1, 1, 1, 1, 1, 1], 'D': [1, 1, 1, 1, 1, 1, 1, 1, 1, 1], 'E': [1, 1, 1, 1, 1, 1, 1, 1, 1, 1], 'F': [1, 1, 1, 1, 0, 1, 1, 1, 1, 1], 'G': [1, 1, 1, 1, 1, 1, 1, 1, 1, 1], 'H': [1, 1, 0, 1, 1, 0, 1, 1, 0, 1], 'I': [1, 1, 1, 1, 1, 1, 0, 0, 0, 1]}}
623281	2024-07-13 05:26:20.852000+08:00	2024-07-13 05:26:20.852000+08:00	{'东门北侧': {'A': [1, 1, 1, 1, 1, 1, 1, 1, 1, 1], 'B': [1, 1, 1, 1, 1, 1, 1, 1, 1, 1], 'C': [0, 1, 1, 1, 1, 1, 1, 1, 1, 0], 'D': [1, 1, 1, 1, 1, 0, 1, 1, 1, 1], 'E': [1, 1, 0, 0, 1, 1, 1, 0, 1, 1], 'F': [0, 1, 1, 1, 1, 1, 1, 1, 1, 1], 'G': [1, 1, 1, 1, 1, 0, 1, 1, 0, 1], 'H': [1, 1, 1, 1, 0, 1, 1, 1, 1, 0], 'I': [0, 1, 0, 1, 1, 0, 1, 1, 1, 1], 'J': [1, 1, 1, 1, 1, 0, 1, 1, 1, 0], 'K': [0, 1, 1, 1, 1, 1, 1, 1, 1, 0]}, '东门南侧': {'A': [0, 0, 1, 1, 0, 1, 1, 1, 1, 0], 'B': [0, 0, 0, 0, 0, 0, 0, 0, 0, 0]}, '西门北侧': {'A': [1, 1, 1, 1, 1, 1, 1, 1, 1, 1], 'B': [0, 1, 1, 1, 1, 1, 1, 1, 0, 1], 'C': [1, 1, 1, 1, 1, 1, 1, 1, 1, 1]}, '西门南侧': {'A': [0, 1, 1, 1, 1, 1, 1, 1, 1, 1], 'B': [1, 1, 1, 1, 1, 1, 1, 1, 1, 1], 'C': [1, 1, 1, 1, 1, 1, 1, 1, 1, 1]}, '南门西侧': {'A': [1, 1, 1, 1, 1, 1, 1, 1, 1, 1], 'B': [1, 1, 1, 1, 0, 1, 1, 1, 1, 1]}, '南门东侧': {'A': [1, 1, 0, 1, 1, 1, 1, 1, 1, 1], 'B': [1, 1, 1, 1, 1, 1, 1, 1, 1, 1]}, '北门东北侧': {'A': [1, 1, 1, 1, 1, 1, 1, 1, 1, 1], 'B': [1, 1, 1, 1, 1, 1, 1, 1, 0, 1], 'C': [1, 1, 0, 1, 1, 1, 1, 1, 1, 0], 'D': [0, 0, 1, 1, 1, 0, 1, 0, 1, 1]}, '北门东南侧': {'A': [1, 1, 1, 1, 1, 1, 1, 1, 1, 1], 'B': [0, 1, 1, 1, 1, 1, 1, 1, 1, 0], 'C': [1, 1, 1, 1, 1, 0, 1, 1, 0, 1], 'D': [1, 1, 0, 1, 1, 1, 1, 1, 1, 1], 'E': [1, 1, 1, 1, 1, 0, 1, 1, 1, 1], 'F': [1, 1, 1, 1, 0, 1, 1, 1, 1, 1]}, '橘园北侧南': {'A': [1, 1, 0, 1, 1, 0, 1, 1, 0, 1], 'B': [0, 1, 0, 1, 1, 0, 1, 1, 1, 0], 'C': [0, 0, 1, 1, 1, 1, 0, 0, 1, 1], 'D': [1, 0, 1, 1, 1, 0, 1, 1, 1, 1], 'E': [1, 1, 1, 0, 1, 1, 1, 1, 0, 1], 'F': [1, 1, 1, 1, 0, 1, 0, 1, 1, 1], 'G': [0, 1, 1, 1, 1, 1, 1, 1, 1, 1], 'H': [1, 1, 1, 1, 1, 1, 1, 1, 1, 1], 'I': [1, 1, 0, 1, 1, 0, 1, 1, 1, 1], 'J': [1, 1, 0, 1, 1, 1, 1, 1, 1, 0]}, '校医院西': {'A': [1, 1, 1, 1, 1, 1, 1, 1, 1, 1], 'B': [1, 1, 1, 1, 1, 1, 1, 1, 1, 1], 'C': [1, 1, 1, 1, 1, 1, 1, 1, 1, 1], 'D': [1, 1, 1, 1, 1, 1, 1, 1, 1, 1], 'E': [1, 1, 1, 1, 1, 1, 1, 1, 1, 1], 'F': [1, 1, 1, 1, 0, 1, 1, 1, 1, 1], 'G': [1, 1, 1, 1, 1, 1, 1, 1, 1, 1], 'H': [1, 1, 0, 1, 1, 0, 1, 1, 0, 1], 'I': [1, 1, 1, 1, 1, 1, 0, 0, 0, 1]}}
623282	2024-07-13 05:27:20.862000+08:00	2024-07-13 05:27:20.862000+08:00	{'东门北侧': {'A': [1, 1, 1, 1, 1, 1, 1, 1, 1, 1], 'B': [1, 1, 1, 1, 1, 1, 1, 1, 1, 1], 'C': [0, 1, 1, 1, 1, 1, 1, 1, 1, 0], 'D': [1, 1, 1, 1, 1, 0, 1, 1, 1, 1], 'E': [1, 1, 0, 0, 1, 1, 1, 0, 1, 1], 'F': [0, 1, 1, 1, 1, 1, 1, 1, 1, 1], 'G': [1, 1, 1, 1, 1, 0, 1, 1, 0, 1], 'H': [1, 1, 1, 1, 0, 1, 1, 1, 1, 0], 'I': [0, 1, 0, 1, 1, 0, 1, 1, 1, 1], 'J': [1, 1, 1, 1, 1, 0, 1, 1, 1, 0], 'K': [0, 1, 1, 1, 1, 1, 1, 1, 1, 0]}, '东门南侧': {'A': [0, 0, 1, 1, 0, 1, 1, 1, 1, 0], 'B': [0, 0, 0, 0, 0, 0, 0, 0, 0, 0]}, '西门北侧': {'A': [1, 1, 1, 1, 1, 1, 1, 1, 1, 1], 'B': [0, 1, 1, 1, 1, 1, 1, 1, 0, 1], 'C': [1, 1, 1, 1, 1, 1, 1, 1, 1, 1]}, '西门南侧': {'A': [0, 1, 1, 1, 1, 1, 1, 1, 1, 1], 'B': [1, 1, 1, 1, 1, 1, 1, 1, 1, 1], 'C': [1, 1, 1, 1, 1, 1, 1, 1, 1, 1]}, '南门西侧': {'A': [1, 1, 1, 1, 1, 1, 1, 1, 1, 1], 'B': [1, 1, 1, 1, 0, 1, 1, 1, 1, 1]}, '南门东侧': {'A': [1, 1, 0, 1, 1, 1, 1, 1, 1, 1], 'B': [1, 1, 1, 1, 1, 1, 1, 1, 1, 1]}, '北门东北侧': {'A': [1, 1, 1, 1, 1, 1, 1, 1, 1, 1], 'B': [1, 1, 1, 1, 1, 1, 1, 1, 0, 1], 'C': [1, 1, 0, 1, 1, 1, 1, 1, 1, 0], 'D': [0, 0, 1, 1, 1, 0, 1, 0, 1, 1]}, '北门东南侧': {'A': [1, 1, 1, 1, 1, 1, 1, 1, 1, 1], 'B': [0, 1, 1, 1, 1, 1, 1, 1, 1, 0], 'C': [1, 1, 1, 1, 1, 0, 1, 1, 0, 1], 'D': [1, 1, 0, 1, 1, 1, 1, 1, 1, 1], 'E': [1, 1, 1, 1, 1, 0, 1, 1, 1, 1], 'F': [1, 1, 1, 1, 0, 1, 1, 1, 1, 1]}, '橘园北侧南': {'A': [1, 1, 0, 1, 1, 0, 1, 1, 0, 1], 'B': [0, 1, 0, 1, 1, 0, 1, 1, 1, 0], 'C': [0, 0, 1, 1, 1, 1, 0, 0, 1, 1], 'D': [1, 0, 1, 1, 1, 0, 1, 1, 1, 1], 'E': [1, 1, 1, 0, 1, 1, 1, 1, 0, 1], 'F': [1, 1, 1, 1, 0, 1, 0, 1, 1, 1], 'G': [0, 1, 1, 1, 1, 1, 1, 1, 1, 1], 'H': [1, 1, 1, 1, 1, 1, 1, 1, 1, 1], 'I': [1, 1, 0, 1, 1, 0, 1, 1, 1, 1], 'J': [1, 1, 0, 1, 1, 1, 1, 1, 1, 0]}, '校医院西': {'A': [1, 1, 1, 1, 1, 1, 1, 1, 1, 1], 'B': [1, 1, 1, 1, 1, 1, 1, 1, 1, 1], 'C': [1, 1, 1, 1, 1, 1, 1, 1, 1, 1], 'D': [1, 1, 1, 1, 1, 1, 1, 1, 1, 1], 'E': [1, 1, 1, 1, 1, 1, 1, 1, 1, 1], 'F': [1, 1, 1, 1, 0, 1, 1, 1, 1, 1], 'G': [1, 1, 1, 1, 1, 1, 1, 1, 1, 1], 'H': [1, 1, 0, 1, 1, 0, 1, 1, 0, 1], 'I': [1, 1, 1, 1, 1, 1, 0, 0, 0, 1]}}
623283	2024-07-13 05:28:22.949000+08:00	2024-07-13 05:28:22.949000+08:00	{'东门北侧': {'A': [1, 1, 1, 1, 1, 1, 1, 1, 1, 1], 'B': [1, 1, 1, 1, 1, 1, 1, 1, 1, 1], 'C': [0, 1, 1, 1, 1, 1, 1, 1, 1, 0], 'D': [1, 1, 1, 1, 1, 0, 1, 1, 1, 1], 'E': [1, 1, 0, 0, 1, 1, 1, 0, 1, 1], 'F': [0, 1, 1, 1, 1, 1, 1, 1, 1, 1], 'G': [1, 1, 1, 1, 1, 0, 1, 1, 0, 1], 'H': [1, 1, 1, 1, 0, 1, 1, 1, 1, 0], 'I': [0, 1, 0, 1, 1, 0, 1, 1, 1, 1], 'J': [1, 1, 1, 1, 1, 0, 1, 1, 1, 0], 'K': [0, 1, 1, 1, 1, 1, 1, 1, 1, 0]}, '东门南侧': {'A': [0, 0, 1, 1, 0, 1, 1, 1, 1, 0], 'B': [0, 0, 0, 0, 0, 0, 0, 0, 0, 0]}, '西门北侧': {'A': [1, 1, 1, 1, 1, 1, 1, 1, 1, 1], 'B': [0, 1, 1, 1, 1, 1, 1, 1, 0, 1], 'C': [1, 1, 1, 1, 1, 1, 1, 1, 1, 1]}, '西门南侧': {'A': [0, 1, 1, 1, 1, 1, 1, 1, 1, 1], 'B': [1, 1, 1, 1, 1, 1, 1, 1, 1, 1], 'C': [1, 1, 1, 1, 1, 1, 1, 1, 1, 1]}, '南门西侧': {'A': [1, 1, 1, 1, 1, 1, 1, 1, 1, 1], 'B': [1, 1, 1, 1, 0, 1, 1, 1, 1, 1]}, '南门东侧': {'A': [1, 1, 0, 1, 1, 1, 1, 1, 1, 1], 'B': [1, 1, 1, 1, 1, 1, 1, 1, 1, 1]}, '北门东北侧': {'A': [1, 1, 1, 1, 1, 1, 1, 1, 1, 1], 'B': [1, 1, 1, 1, 1, 1, 1, 1, 0, 1], 'C': [1, 1, 0, 1, 1, 1, 1, 1, 1, 0], 'D': [0, 0, 1, 1, 1, 0, 1, 0, 1, 1]}, '北门东南侧': {'A': [1, 1, 1, 1, 1, 1, 1, 1, 1, 1], 'B': [0, 1, 1, 1, 1, 1, 1, 1, 1, 0], 'C': [1, 1, 1, 1, 1, 0, 1, 1, 0, 1], 'D': [1, 1, 0, 1, 1, 1, 1, 1, 1, 1], 'E': [1, 1, 1, 1, 1, 0, 1, 1, 1, 1], 'F': [1, 1, 1, 1, 0, 1, 1, 1, 1, 1]}, '橘园北侧南': {'A': [1, 1, 0, 1, 1, 0, 1, 1, 0, 1], 'B': [0, 1, 0, 1, 1, 0, 1, 1, 1, 0], 'C': [0, 0, 1, 1, 1, 1, 0, 0, 1, 1], 'D': [1, 0, 1, 1, 1, 0, 1, 1, 1, 1], 'E': [1, 1, 1, 0, 1, 1, 1, 1, 0, 1], 'F': [1, 1, 1, 1, 0, 1, 0, 1, 1, 1], 'G': [0, 1, 1, 1, 1, 1, 1, 1, 1, 1], 'H': [1, 1, 1, 1, 1, 1, 1, 1, 1, 1], 'I': [1, 1, 0, 1, 1, 0, 1, 1, 1, 1], 'J': [1, 1, 0, 1, 1, 1, 1, 1, 1, 0]}, '校医院西': {'A': [1, 1, 1, 1, 1, 1, 1, 1, 1, 1], 'B': [1, 1, 1, 1, 1, 1, 1, 1, 1, 1], 'C': [1, 1, 1, 1, 1, 1, 1, 1, 1, 1], 'D': [1, 1, 1, 1, 1, 1, 1, 1, 1, 1], 'E': [1, 1, 1, 1, 1, 1, 1, 1, 1, 1], 'F': [1, 1, 1, 1, 0, 1, 1, 1, 1, 1], 'G': [1, 1, 1, 1, 1, 1, 1, 1, 1, 1], 'H': [1, 1, 0, 1, 1, 0, 1, 1, 0, 1], 'I': [1, 1, 1, 1, 1, 1, 0, 0, 0, 1]}}
623284	2024-07-13 05:29:21.913000+08:00	2024-07-13 05:29:21.913000+08:00	{'东门北侧': {'A': [1, 1, 1, 1, 1, 1, 1, 1, 1, 1], 'B': [1, 1, 1, 1, 1, 1, 1, 1, 1, 1], 'C': [0, 1, 1, 1, 1, 1, 1, 1, 1, 0], 'D': [1, 1, 1, 1, 1, 0, 1, 1, 1, 1], 'E': [1, 1, 0, 0, 1, 1, 1, 0, 1, 1], 'F': [0, 1, 1, 1, 1, 1, 1, 1, 1, 1], 'G': [1, 1, 1, 1, 1, 0, 1, 1, 0, 1], 'H': [1, 1, 1, 1, 0, 1, 1, 1, 1, 0], 'I': [0, 1, 0, 1, 1, 0, 1, 1, 1, 1], 'J': [1, 1, 1, 1, 1, 0, 1, 1, 1, 0], 'K': [0, 1, 1, 1, 1, 1, 1, 1, 1, 0]}, '东门南侧': {'A': [0, 0, 1, 1, 0, 1, 1, 1, 1, 0], 'B': [0, 0, 0, 0, 0, 0, 0, 0, 0, 0]}, '西门北侧': {'A': [1, 1, 1, 1, 1, 1, 1, 1, 1, 1], 'B': [0, 1, 1, 1, 1, 1, 1, 1, 0, 1], 'C': [1, 1, 1, 1, 1, 1, 1, 1, 1, 1]}, '西门南侧': {'A': [0, 1, 1, 1, 1, 1, 1, 1, 1, 1], 'B': [1, 1, 1, 1, 1, 1, 1, 1, 1, 1], 'C': [1, 1, 1, 1, 1, 1, 1, 1, 1, 1]}, '南门西侧': {'A': [1, 1, 1, 1, 1, 1, 1, 1, 1, 1], 'B': [1, 1, 1, 1, 0, 1, 1, 1, 1, 1]}, '南门东侧': {'A': [1, 1, 0, 1, 1, 1, 1, 1, 1, 1], 'B': [1, 1, 1, 1, 1, 1, 1, 1, 1, 1]}, '北门东北侧': {'A': [1, 1, 1, 1, 1, 1, 1, 1, 1, 1], 'B': [1, 1, 1, 1, 1, 1, 1, 1, 0, 1], 'C': [1, 1, 0, 1, 1, 1, 1, 1, 1, 0], 'D': [0, 0, 1, 1, 1, 0, 1, 0, 1, 1]}, '北门东南侧': {'A': [1, 1, 1, 1, 1, 1, 1, 1, 1, 1], 'B': [0, 1, 1, 1, 1, 1, 1, 1, 1, 0], 'C': [1, 1, 1, 1, 1, 0, 1, 1, 0, 1], 'D': [1, 1, 0, 1, 1, 1, 1, 1, 1, 1], 'E': [1, 1, 1, 1, 1, 0, 1, 1, 1, 1], 'F': [1, 1, 1, 1, 0, 1, 1, 1, 1, 1]}, '橘园北侧南': {'A': [1, 1, 0, 1, 1, 0, 1, 1, 0, 1], 'B': [0, 1, 0, 1, 1, 0, 1, 1, 1, 0], 'C': [0, 0, 1, 1, 1, 1, 0, 0, 1, 1], 'D': [1, 0, 1, 1, 1, 0, 1, 1, 1, 1], 'E': [1, 1, 1, 0, 1, 1, 1, 1, 0, 1], 'F': [1, 1, 1, 1, 0, 1, 0, 1, 1, 1], 'G': [0, 1, 1, 1, 1, 1, 1, 1, 1, 1], 'H': [1, 1, 1, 1, 1, 1, 1, 1, 1, 1], 'I': [1, 1, 0, 1, 1, 0, 1, 1, 1, 1], 'J': [1, 1, 0, 1, 1, 1, 1, 1, 1, 0]}, '校医院西': {'A': [1, 1, 1, 1, 1, 1, 1, 1, 1, 1], 'B': [1, 1, 1, 1, 1, 1, 1, 1, 1, 1], 'C': [1, 1, 1, 1, 1, 1, 1, 1, 1, 1], 'D': [1, 1, 1, 1, 1, 1, 1, 1, 1, 1], 'E': [1, 1, 1, 1, 1, 1, 1, 1, 1, 1], 'F': [1, 1, 1, 1, 0, 1, 1, 1, 1, 1], 'G': [1, 1, 1, 1, 1, 1, 1, 1, 1, 1], 'H': [1, 1, 0, 1, 1, 0, 1, 1, 0, 1], 'I': [1, 1, 1, 1, 1, 1, 0, 0, 0, 1]}}
623285	2024-07-13 05:30:21.361000+08:00	2024-07-13 05:30:21.361000+08:00	{'东门北侧': {'A': [1, 1, 1, 1, 1, 1, 1, 1, 1, 1], 'B': [1, 1, 1, 1, 1, 1, 1, 1, 1, 1], 'C': [0, 1, 1, 1, 1, 1, 1, 1, 1, 0], 'D': [1, 1, 1, 1, 1, 0, 1, 1, 1, 1], 'E': [1, 1, 0, 0, 1, 1, 1, 0, 1, 1], 'F': [0, 1, 1, 1, 1, 1, 1, 1, 1, 1], 'G': [1, 1, 1, 1, 1, 0, 1, 1, 0, 1], 'H': [1, 1, 1, 1, 0, 1, 1, 1, 1, 0], 'I': [0, 1, 0, 1, 1, 0, 1, 1, 1, 1], 'J': [1, 1, 1, 1, 1, 0, 1, 1, 1, 0], 'K': [0, 1, 1, 1, 1, 1, 1, 1, 1, 0]}, '东门南侧': {'A': [0, 0, 1, 1, 0, 1, 1, 1, 1, 0], 'B': [0, 0, 0, 0, 0, 0, 0, 0, 0, 0]}, '西门北侧': {'A': [1, 1, 1, 1, 1, 1, 1, 1, 1, 1], 'B': [0, 1, 1, 1, 1, 1, 1, 1, 0, 1], 'C': [1, 1, 1, 1, 1, 1, 1, 1, 1, 1]}, '西门南侧': {'A': [0, 1, 1, 1, 1, 1, 1, 1, 1, 1], 'B': [1, 1, 1, 1, 1, 1, 1, 1, 1, 1], 'C': [1, 1, 1, 1, 1, 1, 1, 1, 1, 1]}, '南门西侧': {'A': [1, 1, 1, 1, 1, 1, 1, 1, 1, 1], 'B': [1, 1, 1, 1, 0, 1, 1, 1, 1, 1]}, '南门东侧': {'A': [1, 1, 0, 1, 1, 1, 1, 1, 1, 1], 'B': [1, 1, 1, 1, 1, 1, 1, 1, 1, 1]}, '北门东北侧': {'A': [1, 1, 1, 1, 1, 1, 1, 1, 1, 1], 'B': [1, 1, 1, 1, 1, 1, 1, 1, 0, 1], 'C': [1, 1, 0, 1, 1, 1, 1, 1, 1, 0], 'D': [0, 0, 1, 1, 1, 0, 1, 0, 1, 1]}, '北门东南侧': {'A': [1, 1, 1, 1, 1, 1, 1, 1, 1, 1], 'B': [0, 1, 1, 1, 1, 1, 1, 1, 1, 0], 'C': [1, 1, 1, 1, 1, 0, 1, 1, 0, 1], 'D': [1, 1, 0, 1, 1, 1, 1, 1, 1, 1], 'E': [1, 1, 1, 1, 1, 0, 1, 1, 1, 1], 'F': [1, 1, 1, 1, 0, 1, 1, 1, 1, 1]}, '橘园北侧南': {'A': [1, 1, 0, 1, 1, 0, 1, 1, 0, 1], 'B': [0, 1, 0, 1, 1, 0, 1, 1, 1, 0], 'C': [0, 0, 1, 1, 1, 1, 0, 0, 1, 1], 'D': [1, 0, 1, 1, 1, 0, 1, 1, 1, 1], 'E': [1, 1, 1, 0, 1, 1, 1, 1, 0, 1], 'F': [1, 1, 1, 1, 0, 1, 0, 1, 1, 1], 'G': [0, 1, 1, 1, 1, 1, 1, 1, 1, 1], 'H': [1, 1, 1, 1, 1, 1, 1, 1, 1, 1], 'I': [1, 1, 0, 1, 1, 0, 1, 1, 1, 1], 'J': [1, 1, 0, 1, 1, 1, 1, 1, 1, 0]}, '校医院西': {'A': [1, 1, 1, 1, 1, 1, 1, 1, 1, 1], 'B': [1, 1, 1, 1, 1, 1, 1, 1, 1, 1], 'C': [1, 1, 1, 1, 1, 1, 1, 1, 1, 1], 'D': [1, 1, 1, 1, 1, 1, 1, 1, 1, 1], 'E': [1, 1, 1, 1, 1, 1, 1, 1, 1, 1], 'F': [1, 1, 1, 1, 0, 1, 1, 1, 1, 1], 'G': [1, 1, 1, 1, 1, 1, 1, 1, 1, 1], 'H': [1, 1, 0, 1, 1, 0, 1, 1, 0, 1], 'I': [1, 1, 1, 1, 1, 1, 0, 0, 0, 1]}}
623286	2024-07-13 05:31:20.872000+08:00	2024-07-13 05:31:20.872000+08:00	{'东门北侧': {'A': [1, 1, 1, 1, 1, 1, 1, 1, 1, 1], 'B': [1, 1, 1, 1, 1, 1, 1, 1, 1, 1], 'C': [0, 1, 1, 1, 1, 1, 1, 1, 1, 0], 'D': [1, 1, 1, 1, 1, 0, 1, 1, 1, 1], 'E': [1, 1, 0, 0, 1, 1, 1, 0, 1, 1], 'F': [0, 1, 1, 1, 1, 1, 1, 1, 1, 1], 'G': [1, 1, 1, 1, 1, 0, 1, 1, 0, 1], 'H': [1, 1, 1, 1, 0, 1, 1, 1, 1, 0], 'I': [0, 1, 0, 1, 1, 0, 1, 1, 1, 1], 'J': [1, 1, 1, 1, 1, 0, 1, 1, 1, 0], 'K': [0, 1, 1, 1, 1, 1, 1, 1, 1, 0]}, '东门南侧': {'A': [0, 0, 1, 1, 0, 1, 1, 1, 1, 0], 'B': [0, 0, 0, 0, 0, 0, 0, 0, 0, 0]}, '西门北侧': {'A': [1, 1, 1, 1, 1, 1, 1, 1, 1, 1], 'B': [0, 1, 1, 1, 1, 1, 1, 1, 0, 1], 'C': [1, 1, 1, 1, 1, 1, 1, 1, 1, 1]}, '西门南侧': {'A': [0, 1, 1, 1, 1, 1, 1, 1, 1, 1], 'B': [1, 1, 1, 1, 1, 1, 1, 1, 1, 1], 'C': [1, 1, 1, 1, 1, 1, 1, 1, 1, 1]}, '南门西侧': {'A': [1, 1, 1, 1, 1, 1, 1, 1, 1, 1], 'B': [1, 1, 1, 1, 0, 1, 1, 1, 1, 1]}, '南门东侧': {'A': [1, 1, 0, 1, 1, 1, 1, 1, 1, 1], 'B': [1, 1, 1, 1, 1, 1, 1, 1, 1, 1]}, '北门东北侧': {'A': [1, 1, 1, 1, 1, 1, 1, 1, 1, 1], 'B': [1, 1, 1, 1, 1, 1, 1, 1, 0, 1], 'C': [1, 1, 0, 1, 1, 1, 1, 1, 1, 0], 'D': [0, 0, 1, 1, 1, 0, 1, 0, 1, 1]}, '北门东南侧': {'A': [1, 1, 1, 1, 1, 1, 1, 1, 1, 1], 'B': [0, 1, 1, 1, 1, 1, 1, 1, 1, 0], 'C': [1, 1, 1, 1, 1, 0, 1, 1, 0, 1], 'D': [1, 1, 0, 1, 1, 1, 1, 1, 1, 1], 'E': [1, 1, 1, 1, 1, 0, 1, 1, 1, 1], 'F': [1, 1, 1, 1, 0, 1, 1, 1, 1, 1]}, '橘园北侧南': {'A': [1, 1, 0, 1, 1, 0, 1, 1, 0, 1], 'B': [0, 1, 0, 1, 1, 0, 1, 1, 1, 0], 'C': [0, 0, 1, 1, 1, 1, 0, 0, 1, 1], 'D': [1, 0, 1, 1, 1, 0, 1, 1, 1, 1], 'E': [1, 1, 1, 0, 1, 1, 1, 1, 0, 1], 'F': [1, 1, 1, 1, 0, 1, 0, 1, 1, 1], 'G': [0, 1, 1, 1, 1, 1, 1, 1, 1, 1], 'H': [1, 1, 1, 1, 1, 1, 1, 1, 1, 1], 'I': [1, 1, 0, 1, 1, 0, 1, 1, 1, 1], 'J': [1, 1, 0, 1, 1, 1, 1, 1, 1, 0]}, '校医院西': {'A': [1, 1, 1, 1, 1, 1, 1, 1, 1, 1], 'B': [1, 1, 1, 1, 1, 1, 1, 1, 1, 1], 'C': [1, 1, 1, 1, 1, 1, 1, 1, 1, 1], 'D': [1, 1, 1, 1, 1, 1, 1, 1, 1, 1], 'E': [1, 1, 1, 1, 1, 1, 1, 1, 1, 1], 'F': [1, 1, 1, 1, 0, 1, 1, 1, 1, 1], 'G': [1, 1, 1, 1, 1, 1, 1, 1, 1, 1], 'H': [1, 1, 0, 1, 1, 0, 1, 1, 0, 1], 'I': [1, 1, 1, 1, 1, 1, 0, 0, 0, 1]}}
623287	2024-07-13 05:32:23.893000+08:00	2024-07-13 05:32:23.893000+08:00	{'东门北侧': {'A': [1, 1, 1, 1, 1, 1, 1, 1, 1, 1], 'B': [1, 1, 1, 1, 1, 1, 1, 1, 1, 1], 'C': [0, 1, 1, 1, 1, 1, 1, 1, 1, 0], 'D': [1, 1, 1, 1, 1, 0, 1, 1, 1, 1], 'E': [1, 1, 0, 0, 1, 1, 1, 0, 1, 1], 'F': [0, 1, 1, 1, 1, 1, 1, 1, 1, 1], 'G': [1, 1, 1, 1, 1, 0, 1, 1, 0, 1], 'H': [1, 1, 1, 1, 0, 1, 1, 1, 1, 0], 'I': [0, 1, 0, 1, 1, 0, 1, 1, 1, 1], 'J': [1, 1, 1, 1, 1, 0, 1, 1, 1, 0], 'K': [0, 1, 1, 1, 1, 1, 1, 1, 1, 0]}, '东门南侧': {'A': [0, 0, 1, 1, 0, 1, 1, 1, 1, 0], 'B': [0, 0, 0, 0, 0, 0, 0, 0, 0, 0]}, '西门北侧': {'A': [1, 1, 1, 1, 1, 1, 1, 1, 1, 1], 'B': [0, 1, 1, 1, 1, 1, 1, 1, 0, 1], 'C': [1, 1, 1, 1, 1, 1, 1, 1, 1, 1]}, '西门南侧': {'A': [0, 1, 1, 1, 1, 1, 1, 1, 1, 1], 'B': [1, 1, 1, 1, 1, 1, 1, 1, 1, 1], 'C': [1, 1, 1, 1, 1, 1, 1, 1, 1, 1]}, '南门西侧': {'A': [1, 1, 1, 1, 1, 1, 1, 1, 1, 1], 'B': [1, 1, 1, 1, 0, 1, 1, 1, 1, 1]}, '南门东侧': {'A': [1, 1, 0, 1, 1, 1, 1, 1, 1, 1], 'B': [1, 1, 1, 1, 1, 1, 1, 1, 1, 1]}, '北门东北侧': {'A': [1, 1, 1, 1, 1, 1, 1, 1, 1, 1], 'B': [1, 1, 1, 1, 1, 1, 1, 1, 0, 1], 'C': [1, 1, 0, 1, 1, 1, 1, 1, 1, 0], 'D': [0, 0, 1, 1, 1, 0, 1, 0, 1, 1]}, '北门东南侧': {'A': [1, 1, 1, 1, 1, 1, 1, 1, 1, 1], 'B': [0, 1, 1, 1, 1, 1, 1, 1, 1, 0], 'C': [1, 1, 1, 1, 1, 0, 1, 1, 0, 1], 'D': [1, 1, 0, 1, 1, 1, 1, 1, 1, 1], 'E': [1, 1, 1, 1, 1, 0, 1, 1, 1, 1], 'F': [1, 1, 1, 1, 0, 1, 1, 1, 1, 1]}, '橘园北侧南': {'A': [1, 1, 0, 1, 1, 0, 1, 1, 0, 1], 'B': [0, 1, 0, 1, 1, 0, 1, 1, 1, 0], 'C': [0, 0, 1, 1, 1, 1, 0, 0, 1, 1], 'D': [1, 0, 1, 1, 1, 0, 1, 1, 1, 1], 'E': [1, 1, 1, 0, 1, 1, 1, 1, 0, 1], 'F': [1, 1, 1, 1, 0, 1, 0, 1, 1, 1], 'G': [0, 1, 1, 1, 1, 1, 1, 1, 1, 1], 'H': [1, 1, 1, 1, 1, 1, 1, 1, 1, 1], 'I': [1, 1, 0, 1, 1, 0, 1, 1, 1, 1], 'J': [1, 1, 0, 1, 1, 1, 1, 1, 1, 0]}, '校医院西': {'A': [1, 1, 1, 1, 1, 1, 1, 1, 1, 1], 'B': [1, 1, 1, 1, 1, 1, 1, 1, 1, 1], 'C': [1, 1, 1, 1, 1, 1, 1, 1, 1, 1], 'D': [1, 1, 1, 1, 1, 1, 1, 1, 1, 1], 'E': [1, 1, 1, 1, 1, 1, 1, 1, 1, 1], 'F': [1, 1, 1, 1, 0, 1, 1, 1, 1, 1], 'G': [1, 1, 1, 1, 1, 1, 1, 1, 1, 1], 'H': [1, 1, 0, 1, 1, 0, 1, 1, 0, 1], 'I': [1, 1, 1, 1, 1, 1, 0, 0, 0, 1]}}
623288	2024-07-13 05:33:21.873000+08:00	2024-07-13 05:33:21.873000+08:00	{'东门北侧': {'A': [1, 1, 1, 1, 1, 1, 1, 1, 1, 1], 'B': [1, 1, 1, 1, 1, 1, 1, 1, 1, 1], 'C': [0, 1, 1, 1, 1, 1, 1, 1, 1, 0], 'D': [1, 1, 1, 1, 1, 0, 1, 1, 1, 1], 'E': [1, 1, 0, 0, 1, 1, 1, 0, 1, 1], 'F': [0, 1, 1, 1, 1, 1, 1, 1, 1, 1], 'G': [1, 1, 1, 1, 1, 0, 1, 1, 0, 1], 'H': [1, 1, 1, 1, 0, 1, 1, 1, 1, 0], 'I': [0, 1, 0, 1, 1, 0, 1, 1, 1, 1], 'J': [1, 1, 1, 1, 1, 0, 1, 1, 1, 0], 'K': [0, 1, 1, 1, 1, 1, 1, 1, 1, 0]}, '东门南侧': {'A': [0, 0, 1, 1, 0, 1, 1, 1, 1, 0], 'B': [0, 0, 0, 0, 0, 0, 0, 0, 0, 0]}, '西门北侧': {'A': [1, 1, 1, 1, 1, 1, 1, 1, 1, 1], 'B': [0, 1, 1, 1, 1, 1, 1, 1, 0, 1], 'C': [1, 1, 1, 1, 1, 1, 1, 1, 1, 1]}, '西门南侧': {'A': [0, 1, 1, 1, 1, 1, 1, 1, 1, 1], 'B': [1, 1, 1, 1, 1, 1, 1, 1, 1, 1], 'C': [1, 1, 1, 1, 1, 1, 1, 1, 1, 1]}, '南门西侧': {'A': [1, 1, 1, 1, 1, 1, 1, 1, 1, 1], 'B': [1, 1, 1, 1, 0, 1, 1, 1, 1, 1]}, '南门东侧': {'A': [1, 1, 0, 1, 1, 1, 1, 1, 1, 1], 'B': [1, 1, 1, 1, 1, 1, 1, 1, 1, 1]}, '北门东北侧': {'A': [1, 1, 1, 1, 1, 1, 1, 1, 1, 1], 'B': [1, 1, 1, 1, 1, 1, 1, 1, 0, 1], 'C': [1, 1, 0, 1, 1, 1, 1, 1, 1, 0], 'D': [0, 0, 1, 1, 1, 0, 1, 0, 1, 1]}, '北门东南侧': {'A': [1, 1, 1, 1, 1, 1, 1, 1, 1, 1], 'B': [0, 1, 1, 1, 1, 1, 1, 1, 1, 0], 'C': [1, 1, 1, 1, 1, 0, 1, 1, 0, 1], 'D': [1, 1, 0, 1, 1, 1, 1, 1, 1, 1], 'E': [1, 1, 1, 1, 1, 0, 1, 1, 1, 1], 'F': [1, 1, 1, 1, 0, 1, 1, 1, 1, 1]}, '橘园北侧南': {'A': [1, 1, 0, 1, 1, 0, 1, 1, 0, 1], 'B': [0, 1, 0, 1, 1, 0, 1, 1, 1, 0], 'C': [0, 0, 1, 1, 1, 1, 0, 0, 1, 1], 'D': [1, 0, 1, 1, 1, 0, 1, 1, 1, 1], 'E': [1, 1, 1, 0, 1, 1, 1, 1, 0, 1], 'F': [1, 1, 1, 1, 0, 1, 0, 1, 1, 1], 'G': [0, 1, 1, 1, 1, 1, 1, 1, 1, 1], 'H': [1, 1, 1, 1, 1, 1, 1, 1, 1, 1], 'I': [1, 1, 0, 1, 1, 0, 1, 1, 1, 1], 'J': [1, 1, 0, 1, 1, 1, 1, 1, 1, 0]}, '校医院西': {'A': [1, 1, 1, 1, 1, 1, 1, 1, 1, 1], 'B': [1, 1, 1, 1, 1, 1, 1, 1, 1, 1], 'C': [1, 1, 1, 1, 1, 1, 1, 1, 1, 1], 'D': [1, 1, 1, 1, 1, 1, 1, 1, 1, 1], 'E': [1, 1, 1, 1, 1, 1, 1, 1, 1, 1], 'F': [1, 1, 1, 1, 0, 1, 1, 1, 1, 1], 'G': [1, 1, 1, 1, 1, 1, 1, 1, 1, 1], 'H': [1, 1, 0, 1, 1, 0, 1, 1, 0, 1], 'I': [1, 1, 1, 1, 1, 1, 0, 0, 0, 1]}}
623289	2024-07-13 05:34:23.876000+08:00	2024-07-13 05:34:23.876000+08:00	{'东门北侧': {'A': [1, 1, 1, 1, 1, 1, 1, 1, 1, 1], 'B': [1, 1, 1, 1, 1, 1, 1, 1, 1, 1], 'C': [0, 1, 1, 1, 1, 1, 1, 1, 1, 0], 'D': [1, 1, 1, 1, 1, 0, 1, 1, 1, 1], 'E': [1, 1, 0, 0, 1, 1, 1, 1, 1, 1], 'F': [0, 1, 1, 1, 1, 1, 1, 1, 1, 1], 'G': [1, 1, 1, 1, 1, 0, 1, 1, 0, 1], 'H': [1, 1, 1, 1, 0, 1, 1, 1, 1, 0], 'I': [0, 1, 0, 1, 1, 0, 1, 1, 1, 1], 'J': [1, 1, 1, 1, 1, 0, 1, 1, 1, 0], 'K': [0, 1, 1, 1, 1, 1, 1, 1, 1, 0]}, '东门南侧': {'A': [0, 0, 1, 1, 0, 1, 1, 1, 1, 0], 'B': [0, 0, 0, 0, 0, 0, 0, 0, 0, 0]}, '西门北侧': {'A': [1, 1, 1, 1, 1, 1, 1, 1, 1, 1], 'B': [0, 1, 1, 1, 1, 1, 1, 1, 0, 1], 'C': [1, 1, 1, 1, 1, 1, 1, 1, 1, 1]}, '西门南侧': {'A': [0, 1, 1, 1, 1, 1, 1, 1, 1, 1], 'B': [1, 1, 1, 1, 1, 1, 1, 1, 1, 1], 'C': [1, 1, 1, 1, 1, 1, 1, 1, 1, 1]}, '南门西侧': {'A': [1, 1, 1, 1, 1, 1, 1, 1, 1, 1], 'B': [1, 1, 1, 1, 0, 1, 1, 1, 1, 1]}, '南门东侧': {'A': [1, 1, 0, 1, 1, 1, 1, 1, 1, 1], 'B': [1, 1, 1, 1, 1, 1, 1, 1, 1, 1]}, '北门东北侧': {'A': [1, 1, 1, 1, 1, 1, 1, 1, 1, 1], 'B': [1, 1, 1, 1, 1, 1, 1, 1, 0, 1], 'C': [1, 1, 0, 1, 1, 1, 1, 1, 1, 0], 'D': [0, 0, 1, 1, 1, 0, 1, 0, 1, 1]}, '北门东南侧': {'A': [1, 1, 1, 1, 1, 1, 1, 1, 1, 1], 'B': [0, 1, 1, 1, 1, 1, 1, 1, 1, 0], 'C': [1, 1, 1, 1, 1, 1, 1, 1, 0, 1], 'D': [1, 1, 0, 1, 1, 1, 1, 1, 1, 1], 'E': [1, 1, 1, 1, 1, 0, 1, 1, 1, 1], 'F': [1, 1, 1, 1, 0, 1, 1, 1, 1, 1]}, '橘园北侧南': {'A': [1, 1, 0, 1, 1, 0, 1, 1, 0, 1], 'B': [0, 1, 0, 1, 1, 0, 1, 1, 1, 0], 'C': [0, 0, 1, 1, 1, 1, 0, 0, 1, 1], 'D': [1, 0, 1, 1, 1, 0, 1, 1, 1, 1], 'E': [1, 1, 1, 0, 1, 1, 1, 1, 0, 1], 'F': [1, 1, 1, 1, 0, 1, 0, 1, 1, 1], 'G': [0, 1, 1, 1, 1, 1, 1, 1, 1, 1], 'H': [1, 1, 1, 1, 1, 1, 1, 1, 1, 1], 'I': [1, 1, 0, 1, 1, 0, 1, 1, 1, 1], 'J': [1, 1, 0, 1, 1, 1, 1, 1, 1, 0]}, '校医院西': {'A': [1, 1, 1, 1, 1, 1, 1, 1, 1, 1], 'B': [1, 1, 1, 1, 1, 1, 1, 1, 1, 1], 'C': [1, 1, 1, 1, 1, 1, 1, 1, 1, 1], 'D': [1, 1, 1, 1, 1, 1, 1, 1, 1, 1], 'E': [1, 1, 1, 1, 1, 1, 1, 1, 1, 1], 'F': [1, 1, 1, 1, 0, 1, 1, 1, 1, 1], 'G': [1, 1, 1, 1, 1, 1, 1, 1, 1, 1], 'H': [1, 1, 0, 1, 1, 0, 1, 1, 0, 1], 'I': [1, 1, 1, 1, 1, 1, 0, 0, 0, 1]}}
623290	2024-07-13 05:35:20.920000+08:00	2024-07-13 05:35:20.920000+08:00	{'东门北侧': {'A': [1, 1, 1, 1, 1, 1, 1, 1, 1, 1], 'B': [1, 1, 1, 1, 1, 1, 1, 1, 1, 1], 'C': [0, 1, 1, 1, 1, 1, 1, 1, 1, 0], 'D': [1, 1, 1, 1, 1, 0, 1, 1, 1, 1], 'E': [1, 1, 0, 0, 1, 1, 1, 1, 1, 1], 'F': [0, 1, 1, 1, 1, 1, 1, 1, 1, 1], 'G': [1, 1, 1, 1, 1, 0, 1, 1, 0, 1], 'H': [1, 1, 1, 1, 0, 1, 1, 1, 1, 0], 'I': [0, 1, 0, 1, 1, 0, 1, 1, 1, 1], 'J': [1, 1, 1, 1, 1, 0, 1, 1, 1, 0], 'K': [0, 1, 1, 1, 1, 1, 1, 1, 1, 0]}, '东门南侧': {'A': [0, 0, 1, 1, 0, 1, 1, 1, 1, 0], 'B': [0, 0, 0, 0, 0, 0, 0, 0, 0, 0]}, '西门北侧': {'A': [1, 1, 1, 1, 1, 1, 1, 1, 1, 1], 'B': [0, 1, 1, 1, 1, 1, 1, 1, 0, 1], 'C': [1, 1, 1, 1, 1, 1, 1, 1, 1, 1]}, '西门南侧': {'A': [0, 1, 1, 1, 1, 1, 1, 1, 1, 1], 'B': [1, 1, 1, 1, 1, 1, 1, 1, 1, 1], 'C': [1, 1, 1, 1, 1, 1, 1, 1, 1, 1]}, '南门西侧': {'A': [1, 1, 1, 1, 1, 1, 1, 1, 1, 1], 'B': [1, 1, 1, 1, 0, 1, 1, 1, 1, 1]}, '南门东侧': {'A': [1, 1, 0, 1, 1, 1, 1, 1, 1, 1], 'B': [1, 1, 1, 1, 1, 1, 1, 1, 1, 1]}, '北门东北侧': {'A': [1, 1, 1, 1, 1, 1, 1, 1, 1, 1], 'B': [1, 1, 1, 1, 1, 1, 1, 1, 0, 1], 'C': [1, 1, 0, 1, 1, 1, 1, 1, 1, 0], 'D': [0, 0, 1, 1, 1, 0, 1, 0, 1, 1]}, '北门东南侧': {'A': [1, 1, 1, 1, 1, 1, 1, 1, 1, 1], 'B': [0, 1, 1, 1, 1, 1, 1, 1, 1, 0], 'C': [1, 1, 1, 1, 1, 1, 1, 1, 0, 1], 'D': [1, 1, 0, 1, 1, 1, 1, 1, 1, 1], 'E': [1, 1, 1, 1, 1, 0, 1, 1, 1, 1], 'F': [1, 1, 1, 1, 0, 1, 1, 1, 1, 1]}, '橘园北侧南': {'A': [1, 1, 0, 1, 1, 0, 1, 1, 0, 1], 'B': [0, 1, 0, 1, 1, 0, 1, 1, 1, 0], 'C': [0, 0, 1, 1, 1, 1, 0, 0, 1, 1], 'D': [1, 0, 1, 1, 1, 0, 1, 1, 1, 1], 'E': [1, 1, 1, 0, 1, 1, 1, 1, 0, 1], 'F': [1, 1, 1, 1, 0, 1, 0, 1, 1, 1], 'G': [0, 1, 1, 1, 1, 1, 1, 1, 1, 1], 'H': [1, 1, 1, 1, 1, 1, 1, 1, 1, 1], 'I': [1, 1, 0, 1, 1, 0, 1, 1, 1, 1], 'J': [1, 1, 0, 1, 1, 1, 1, 1, 1, 0]}, '校医院西': {'A': [1, 1, 1, 1, 1, 1, 1, 1, 1, 1], 'B': [1, 1, 1, 1, 1, 1, 1, 1, 1, 1], 'C': [1, 1, 1, 1, 1, 1, 1, 1, 1, 1], 'D': [1, 1, 1, 1, 1, 1, 1, 1, 1, 1], 'E': [1, 1, 1, 1, 1, 1, 1, 1, 1, 1], 'F': [1, 1, 1, 1, 0, 1, 1, 1, 1, 1], 'G': [1, 1, 1, 1, 1, 1, 1, 1, 1, 1], 'H': [1, 1, 0, 1, 1, 0, 1, 1, 0, 1], 'I': [1, 1, 1, 1, 1, 1, 0, 0, 0, 1]}}
623291	2024-07-13 05:36:21.884000+08:00	2024-07-13 05:36:21.884000+08:00	{'东门北侧': {'A': [1, 1, 1, 1, 1, 1, 1, 1, 1, 1], 'B': [1, 1, 1, 1, 1, 1, 1, 1, 1, 1], 'C': [0, 1, 1, 1, 1, 1, 1, 1, 1, 0], 'D': [1, 1, 1, 1, 1, 0, 1, 1, 1, 1], 'E': [1, 1, 0, 0, 1, 1, 1, 1, 1, 1], 'F': [0, 1, 1, 1, 1, 1, 1, 1, 1, 1], 'G': [1, 1, 1, 1, 1, 0, 1, 1, 0, 1], 'H': [1, 1, 1, 1, 0, 1, 1, 1, 1, 0], 'I': [0, 1, 0, 1, 1, 0, 1, 1, 1, 1], 'J': [1, 1, 1, 1, 1, 0, 1, 1, 1, 0], 'K': [0, 1, 1, 1, 1, 1, 1, 1, 1, 0]}, '东门南侧': {'A': [0, 0, 1, 1, 0, 1, 1, 1, 1, 0], 'B': [0, 0, 0, 0, 0, 0, 0, 0, 0, 0]}, '西门北侧': {'A': [1, 1, 1, 1, 1, 1, 1, 1, 1, 1], 'B': [0, 1, 1, 1, 1, 1, 1, 1, 0, 1], 'C': [1, 1, 1, 1, 1, 1, 1, 1, 1, 1]}, '西门南侧': {'A': [0, 1, 1, 1, 1, 1, 1, 1, 1, 1], 'B': [1, 1, 1, 1, 1, 1, 1, 1, 1, 1], 'C': [1, 1, 1, 1, 1, 1, 1, 1, 1, 1]}, '南门西侧': {'A': [1, 1, 1, 1, 1, 1, 1, 1, 1, 1], 'B': [1, 1, 1, 1, 0, 1, 1, 1, 1, 1]}, '南门东侧': {'A': [1, 1, 0, 1, 1, 1, 1, 1, 1, 1], 'B': [1, 1, 1, 1, 1, 1, 1, 1, 1, 1]}, '北门东北侧': {'A': [1, 1, 1, 1, 1, 1, 1, 1, 1, 1], 'B': [1, 1, 1, 1, 1, 1, 1, 1, 0, 1], 'C': [1, 1, 0, 1, 1, 1, 1, 1, 1, 0], 'D': [0, 0, 1, 1, 1, 0, 1, 0, 1, 1]}, '北门东南侧': {'A': [1, 1, 1, 1, 1, 1, 1, 1, 1, 1], 'B': [0, 1, 1, 1, 1, 1, 1, 1, 1, 1], 'C': [1, 1, 1, 1, 1, 1, 1, 1, 0, 1], 'D': [1, 1, 0, 1, 1, 1, 1, 1, 1, 1], 'E': [1, 1, 1, 1, 1, 0, 1, 1, 1, 1], 'F': [1, 1, 1, 1, 0, 1, 1, 1, 1, 1]}, '橘园北侧南': {'A': [1, 1, 0, 1, 1, 0, 1, 1, 0, 1], 'B': [0, 1, 0, 1, 1, 0, 1, 1, 1, 0], 'C': [0, 0, 1, 1, 1, 1, 0, 0, 1, 1], 'D': [1, 0, 1, 1, 1, 0, 1, 1, 1, 1], 'E': [1, 1, 1, 0, 1, 1, 1, 1, 0, 1], 'F': [1, 1, 1, 1, 0, 1, 0, 1, 1, 1], 'G': [0, 1, 1, 1, 1, 1, 1, 1, 1, 1], 'H': [1, 1, 1, 1, 1, 1, 1, 1, 1, 1], 'I': [1, 1, 0, 1, 1, 0, 1, 1, 1, 1], 'J': [1, 1, 0, 1, 1, 1, 1, 1, 1, 0]}, '校医院西': {'A': [1, 1, 1, 1, 1, 1, 1, 1, 1, 1], 'B': [1, 1, 1, 1, 1, 1, 1, 1, 1, 1], 'C': [1, 1, 1, 1, 1, 1, 1, 1, 1, 1], 'D': [1, 1, 1, 1, 1, 1, 1, 1, 1, 1], 'E': [1, 1, 1, 1, 1, 1, 1, 1, 1, 1], 'F': [1, 1, 1, 1, 0, 1, 1, 1, 1, 1], 'G': [1, 1, 1, 1, 1, 1, 1, 1, 1, 1], 'H': [1, 1, 0, 1, 1, 0, 1, 1, 0, 1], 'I': [1, 1, 1, 1, 1, 1, 0, 0, 0, 1]}}
623292	2024-07-13 05:37:20.864000+08:00	2024-07-13 05:37:20.864000+08:00	{'东门北侧': {'A': [1, 1, 1, 1, 1, 1, 1, 1, 1, 1], 'B': [1, 1, 1, 1, 1, 1, 1, 1, 1, 1], 'C': [0, 1, 1, 1, 1, 1, 1, 1, 1, 0], 'D': [1, 1, 1, 1, 1, 0, 1, 1, 1, 1], 'E': [1, 1, 0, 0, 1, 1, 1, 1, 1, 1], 'F': [0, 1, 1, 1, 1, 1, 1, 1, 1, 1], 'G': [1, 1, 1, 1, 1, 0, 1, 1, 0, 1], 'H': [1, 1, 1, 1, 0, 1, 1, 1, 1, 0], 'I': [0, 1, 0, 1, 1, 0, 1, 1, 1, 1], 'J': [1, 1, 1, 1, 1, 0, 1, 1, 1, 0], 'K': [0, 1, 1, 1, 1, 1, 1, 1, 1, 0]}, '东门南侧': {'A': [0, 0, 1, 1, 0, 1, 1, 1, 1, 0], 'B': [0, 0, 0, 0, 0, 0, 0, 0, 0, 0]}, '西门北侧': {'A': [1, 1, 1, 1, 1, 1, 1, 1, 1, 1], 'B': [0, 1, 1, 1, 1, 1, 1, 1, 0, 1], 'C': [1, 1, 1, 1, 1, 1, 1, 1, 1, 1]}, '西门南侧': {'A': [0, 1, 1, 1, 1, 1, 1, 1, 1, 1], 'B': [1, 1, 1, 1, 1, 1, 1, 1, 1, 1], 'C': [1, 1, 1, 1, 1, 1, 1, 1, 1, 1]}, '南门西侧': {'A': [1, 1, 1, 1, 1, 1, 1, 1, 1, 1], 'B': [1, 1, 1, 1, 0, 1, 1, 1, 1, 1]}, '南门东侧': {'A': [1, 1, 0, 1, 1, 1, 1, 1, 1, 1], 'B': [1, 1, 1, 1, 1, 1, 1, 1, 1, 1]}, '北门东北侧': {'A': [1, 1, 1, 1, 1, 1, 1, 1, 1, 1], 'B': [1, 1, 1, 1, 1, 1, 1, 1, 0, 1], 'C': [1, 1, 0, 1, 1, 1, 1, 1, 1, 0], 'D': [0, 0, 1, 1, 1, 0, 1, 0, 1, 1]}, '北门东南侧': {'A': [1, 1, 1, 1, 1, 1, 1, 1, 1, 1], 'B': [0, 1, 1, 1, 1, 1, 1, 1, 1, 1], 'C': [1, 1, 1, 1, 1, 1, 1, 1, 0, 1], 'D': [1, 1, 0, 1, 1, 1, 1, 1, 1, 1], 'E': [1, 1, 1, 1, 1, 0, 1, 1, 1, 1], 'F': [1, 1, 1, 1, 0, 1, 1, 1, 1, 1]}, '橘园北侧南': {'A': [1, 1, 0, 1, 1, 0, 1, 1, 0, 1], 'B': [0, 1, 0, 1, 1, 0, 1, 1, 1, 0], 'C': [0, 0, 1, 1, 1, 1, 0, 0, 1, 1], 'D': [1, 0, 1, 1, 1, 0, 1, 1, 1, 1], 'E': [1, 1, 1, 0, 1, 1, 1, 1, 0, 1], 'F': [1, 1, 1, 1, 0, 1, 0, 1, 1, 1], 'G': [0, 1, 1, 1, 1, 1, 1, 1, 1, 1], 'H': [1, 1, 1, 1, 1, 1, 1, 1, 1, 1], 'I': [1, 1, 0, 1, 1, 0, 1, 1, 1, 1], 'J': [1, 1, 0, 1, 1, 1, 1, 1, 1, 0]}, '校医院西': {'A': [1, 1, 1, 1, 1, 1, 1, 1, 1, 1], 'B': [1, 1, 1, 1, 1, 1, 1, 1, 1, 1], 'C': [1, 1, 1, 1, 1, 1, 1, 1, 1, 1], 'D': [1, 1, 1, 1, 1, 1, 1, 1, 1, 1], 'E': [1, 1, 1, 1, 1, 1, 1, 1, 1, 1], 'F': [1, 1, 1, 1, 0, 1, 1, 1, 1, 1], 'G': [1, 1, 1, 1, 1, 1, 1, 1, 1, 1], 'H': [1, 1, 0, 1, 1, 0, 1, 1, 0, 1], 'I': [1, 1, 1, 1, 1, 1, 0, 0, 0, 1]}}
623293	2024-07-13 05:38:22.868000+08:00	2024-07-13 05:38:22.868000+08:00	{'东门北侧': {'A': [1, 1, 1, 1, 1, 1, 1, 1, 1, 1], 'B': [1, 1, 1, 1, 1, 1, 1, 1, 1, 1], 'C': [0, 1, 1, 1, 1, 1, 1, 1, 1, 0], 'D': [1, 1, 1, 1, 1, 0, 1, 1, 1, 1], 'E': [1, 1, 0, 0, 1, 1, 1, 1, 1, 1], 'F': [0, 1, 1, 1, 1, 1, 1, 1, 1, 1], 'G': [1, 1, 1, 1, 1, 0, 1, 1, 0, 1], 'H': [1, 1, 1, 1, 0, 1, 1, 1, 1, 0], 'I': [0, 1, 0, 1, 1, 0, 1, 1, 1, 1], 'J': [1, 1, 1, 1, 1, 0, 1, 1, 1, 0], 'K': [0, 1, 1, 1, 1, 1, 1, 1, 1, 0]}, '东门南侧': {'A': [0, 0, 1, 1, 0, 1, 1, 1, 1, 0], 'B': [0, 0, 0, 0, 0, 0, 0, 0, 0, 0]}, '西门北侧': {'A': [1, 1, 1, 1, 1, 1, 1, 1, 1, 1], 'B': [0, 1, 1, 1, 1, 1, 1, 1, 0, 1], 'C': [1, 1, 1, 1, 1, 1, 1, 1, 1, 1]}, '西门南侧': {'A': [0, 1, 1, 1, 1, 1, 1, 1, 1, 1], 'B': [1, 1, 1, 1, 1, 1, 1, 1, 1, 1], 'C': [1, 1, 1, 1, 1, 1, 1, 1, 1, 1]}, '南门西侧': {'A': [1, 1, 1, 1, 1, 1, 1, 1, 1, 1], 'B': [1, 1, 1, 1, 0, 1, 1, 1, 1, 1]}, '南门东侧': {'A': [1, 1, 0, 1, 1, 1, 1, 1, 1, 1], 'B': [1, 1, 1, 1, 1, 1, 1, 1, 1, 1]}, '北门东北侧': {'A': [1, 1, 1, 1, 1, 1, 1, 1, 1, 1], 'B': [1, 1, 1, 1, 1, 1, 1, 1, 0, 1], 'C': [1, 1, 0, 1, 1, 1, 1, 1, 1, 0], 'D': [0, 0, 1, 1, 1, 0, 1, 0, 1, 1]}, '北门东南侧': {'A': [1, 1, 1, 1, 1, 1, 1, 1, 1, 1], 'B': [0, 1, 1, 1, 1, 1, 1, 1, 1, 1], 'C': [1, 1, 1, 1, 1, 1, 1, 1, 0, 1], 'D': [1, 1, 0, 1, 1, 1, 1, 1, 1, 1], 'E': [1, 1, 1, 1, 1, 0, 1, 1, 1, 1], 'F': [1, 1, 1, 1, 0, 1, 1, 1, 1, 1]}, '橘园北侧南': {'A': [1, 1, 0, 1, 1, 0, 1, 1, 0, 1], 'B': [0, 1, 0, 1, 1, 0, 1, 1, 1, 0], 'C': [0, 0, 1, 1, 1, 1, 0, 0, 1, 1], 'D': [1, 0, 1, 1, 1, 0, 1, 1, 1, 1], 'E': [1, 1, 1, 0, 1, 1, 1, 1, 0, 1], 'F': [1, 1, 1, 1, 0, 1, 0, 1, 1, 1], 'G': [0, 1, 1, 1, 1, 1, 1, 1, 1, 1], 'H': [1, 1, 1, 1, 1, 1, 1, 1, 1, 1], 'I': [1, 1, 0, 1, 1, 0, 1, 1, 1, 1], 'J': [1, 1, 0, 1, 1, 1, 1, 1, 1, 0]}, '校医院西': {'A': [1, 1, 1, 1, 1, 1, 1, 1, 1, 1], 'B': [1, 1, 1, 1, 1, 1, 1, 1, 1, 1], 'C': [1, 1, 1, 1, 1, 1, 1, 1, 1, 1], 'D': [1, 1, 1, 1, 1, 1, 1, 1, 1, 1], 'E': [1, 1, 1, 1, 1, 1, 1, 1, 1, 1], 'F': [1, 1, 1, 1, 0, 1, 1, 1, 1, 1], 'G': [1, 1, 1, 1, 1, 1, 1, 1, 1, 1], 'H': [1, 1, 0, 1, 1, 0, 1, 1, 0, 1], 'I': [1, 1, 1, 1, 1, 1, 0, 0, 0, 1]}}
623294	2024-07-13 05:39:23.876000+08:00	2024-07-13 05:39:23.876000+08:00	{'东门北侧': {'A': [1, 1, 1, 1, 1, 1, 1, 1, 1, 1], 'B': [1, 1, 1, 1, 1, 1, 1, 1, 1, 1], 'C': [0, 1, 1, 1, 1, 1, 1, 1, 1, 0], 'D': [1, 1, 1, 1, 1, 0, 1, 1, 1, 1], 'E': [1, 1, 0, 0, 1, 1, 1, 1, 1, 1], 'F': [0, 1, 1, 1, 1, 1, 1, 1, 1, 1], 'G': [1, 1, 1, 1, 1, 0, 1, 1, 0, 1], 'H': [1, 1, 1, 1, 0, 1, 1, 1, 1, 0], 'I': [0, 1, 0, 1, 1, 0, 1, 1, 1, 1], 'J': [1, 1, 1, 1, 1, 0, 1, 1, 1, 0], 'K': [0, 1, 1, 1, 1, 1, 1, 1, 1, 0]}, '东门南侧': {'A': [0, 0, 1, 1, 0, 1, 1, 1, 1, 0], 'B': [0, 0, 0, 0, 0, 0, 0, 0, 0, 0]}, '西门北侧': {'A': [1, 1, 1, 1, 1, 1, 1, 1, 1, 1], 'B': [0, 1, 1, 1, 1, 1, 1, 1, 0, 1], 'C': [1, 1, 1, 1, 1, 1, 1, 1, 1, 1]}, '西门南侧': {'A': [0, 1, 1, 1, 1, 1, 1, 1, 1, 1], 'B': [1, 1, 1, 1, 1, 1, 1, 1, 1, 1], 'C': [1, 1, 1, 1, 1, 1, 1, 1, 1, 1]}, '南门西侧': {'A': [1, 1, 1, 1, 1, 1, 1, 1, 1, 1], 'B': [1, 1, 1, 1, 0, 1, 1, 1, 1, 1]}, '南门东侧': {'A': [1, 1, 0, 1, 1, 1, 1, 1, 1, 1], 'B': [1, 1, 1, 1, 1, 1, 1, 1, 1, 1]}, '北门东北侧': {'A': [1, 1, 1, 1, 1, 1, 1, 1, 1, 1], 'B': [1, 1, 1, 1, 1, 1, 1, 1, 0, 1], 'C': [1, 1, 0, 1, 1, 1, 1, 1, 1, 0], 'D': [0, 0, 1, 1, 1, 0, 1, 0, 1, 1]}, '北门东南侧': {'A': [1, 1, 1, 1, 1, 1, 1, 1, 1, 1], 'B': [0, 1, 1, 1, 1, 1, 1, 1, 1, 1], 'C': [1, 1, 1, 1, 1, 1, 1, 1, 0, 1], 'D': [1, 1, 0, 1, 1, 1, 1, 1, 1, 1], 'E': [1, 1, 1, 1, 1, 0, 1, 1, 1, 1], 'F': [1, 1, 1, 1, 0, 1, 1, 1, 1, 1]}, '橘园北侧南': {'A': [1, 1, 0, 1, 1, 0, 1, 1, 0, 1], 'B': [0, 1, 0, 1, 1, 0, 1, 1, 1, 0], 'C': [0, 0, 1, 1, 1, 1, 0, 0, 1, 1], 'D': [1, 0, 1, 1, 1, 0, 1, 1, 1, 1], 'E': [1, 1, 1, 0, 1, 1, 1, 1, 0, 1], 'F': [1, 1, 1, 1, 0, 1, 0, 1, 1, 1], 'G': [0, 1, 1, 1, 1, 1, 1, 1, 1, 1], 'H': [1, 1, 1, 1, 1, 1, 1, 1, 1, 1], 'I': [1, 1, 0, 1, 1, 0, 1, 1, 1, 1], 'J': [1, 1, 0, 1, 1, 1, 1, 1, 1, 0]}, '校医院西': {'A': [1, 1, 1, 1, 1, 1, 1, 1, 1, 1], 'B': [1, 1, 1, 1, 1, 1, 1, 1, 1, 1], 'C': [1, 1, 1, 1, 1, 1, 1, 1, 1, 1], 'D': [1, 1, 1, 1, 1, 1, 1, 1, 1, 1], 'E': [1, 1, 1, 1, 1, 1, 1, 1, 1, 1], 'F': [1, 1, 1, 1, 0, 1, 1, 1, 1, 1], 'G': [1, 1, 1, 1, 1, 1, 1, 1, 1, 1], 'H': [1, 1, 0, 1, 1, 0, 1, 1, 0, 1], 'I': [1, 1, 1, 1, 1, 1, 0, 0, 0, 1]}}
623295	2024-07-13 05:40:21.470000+08:00	2024-07-13 05:40:21.470000+08:00	{'东门北侧': {'A': [1, 1, 1, 1, 1, 1, 1, 1, 1, 1], 'B': [1, 1, 1, 1, 1, 1, 1, 1, 1, 1], 'C': [1, 1, 1, 1, 1, 1, 1, 1, 1, 0], 'D': [1, 1, 1, 1, 1, 0, 1, 1, 1, 1], 'E': [1, 1, 0, 0, 1, 1, 1, 1, 1, 1], 'F': [0, 1, 1, 1, 1, 1, 1, 1, 1, 1], 'G': [1, 1, 1, 1, 1, 0, 1, 1, 0, 1], 'H': [1, 1, 1, 1, 0, 1, 1, 1, 1, 0], 'I': [0, 1, 0, 1, 1, 0, 1, 1, 1, 1], 'J': [1, 1, 1, 1, 1, 0, 1, 1, 1, 0], 'K': [0, 1, 1, 1, 1, 1, 1, 1, 1, 0]}, '东门南侧': {'A': [0, 0, 1, 1, 0, 1, 1, 1, 1, 0], 'B': [0, 0, 0, 0, 0, 0, 0, 0, 0, 0]}, '西门北侧': {'A': [1, 1, 1, 1, 1, 1, 1, 1, 1, 1], 'B': [0, 1, 1, 1, 1, 1, 1, 1, 0, 1], 'C': [1, 1, 1, 1, 1, 1, 1, 1, 1, 1]}, '西门南侧': {'A': [0, 1, 1, 1, 1, 1, 1, 1, 1, 1], 'B': [1, 1, 1, 1, 1, 1, 1, 1, 1, 1], 'C': [1, 1, 1, 1, 1, 1, 1, 1, 1, 1]}, '南门西侧': {'A': [1, 1, 1, 1, 1, 1, 1, 1, 1, 1], 'B': [1, 1, 1, 1, 0, 1, 1, 1, 1, 1]}, '南门东侧': {'A': [1, 1, 0, 1, 1, 1, 1, 1, 1, 1], 'B': [1, 1, 1, 1, 1, 1, 1, 1, 1, 1]}, '北门东北侧': {'A': [1, 1, 1, 1, 1, 1, 1, 1, 1, 1], 'B': [1, 1, 1, 1, 1, 1, 1, 1, 0, 1], 'C': [1, 1, 0, 1, 1, 1, 1, 1, 1, 0], 'D': [0, 0, 1, 1, 1, 0, 1, 0, 1, 1]}, '北门东南侧': {'A': [1, 1, 1, 1, 1, 1, 1, 1, 1, 1], 'B': [0, 1, 1, 1, 1, 1, 1, 1, 1, 1], 'C': [1, 1, 1, 1, 1, 1, 1, 1, 0, 1], 'D': [1, 1, 0, 1, 1, 1, 1, 1, 1, 1], 'E': [1, 1, 1, 1, 1, 0, 1, 1, 1, 1], 'F': [1, 1, 1, 1, 0, 1, 1, 1, 1, 1]}, '橘园北侧南': {'A': [1, 1, 0, 1, 1, 0, 1, 1, 0, 1], 'B': [0, 1, 0, 1, 1, 0, 1, 1, 1, 0], 'C': [0, 0, 1, 1, 1, 1, 0, 0, 1, 1], 'D': [1, 0, 1, 1, 1, 0, 1, 1, 1, 1], 'E': [1, 1, 1, 0, 1, 1, 1, 1, 0, 1], 'F': [1, 1, 1, 1, 0, 1, 0, 1, 1, 1], 'G': [0, 1, 1, 1, 1, 1, 1, 1, 1, 1], 'H': [1, 1, 1, 1, 1, 1, 1, 1, 1, 1], 'I': [1, 1, 0, 1, 1, 0, 1, 1, 1, 1], 'J': [1, 1, 0, 1, 1, 1, 1, 1, 1, 0]}, '校医院西': {'A': [1, 1, 1, 1, 1, 1, 1, 1, 1, 1], 'B': [1, 1, 1, 1, 1, 1, 1, 1, 1, 1], 'C': [1, 1, 1, 1, 1, 1, 1, 1, 1, 1], 'D': [1, 1, 1, 1, 1, 1, 1, 1, 1, 1], 'E': [1, 1, 1, 1, 1, 1, 1, 1, 1, 1], 'F': [1, 1, 1, 1, 0, 1, 1, 1, 1, 1], 'G': [1, 1, 1, 1, 1, 1, 1, 1, 1, 1], 'H': [1, 1, 0, 1, 1, 0, 1, 1, 0, 1], 'I': [1, 1, 1, 1, 1, 1, 0, 0, 0, 1]}}
623296	2024-07-13 05:41:23.861000+08:00	2024-07-13 05:41:23.861000+08:00	{'东门北侧': {'A': [1, 1, 1, 1, 1, 1, 1, 1, 1, 1], 'B': [1, 1, 1, 1, 1, 1, 1, 1, 1, 1], 'C': [1, 1, 1, 1, 1, 1, 1, 1, 1, 0], 'D': [1, 1, 1, 1, 1, 0, 1, 1, 1, 1], 'E': [1, 1, 0, 0, 1, 1, 1, 1, 1, 1], 'F': [0, 1, 1, 1, 1, 1, 1, 1, 1, 1], 'G': [1, 1, 1, 1, 1, 0, 1, 1, 0, 1], 'H': [1, 1, 1, 1, 0, 1, 1, 1, 1, 0], 'I': [0, 1, 0, 1, 1, 0, 1, 1, 1, 1], 'J': [1, 1, 1, 1, 1, 0, 1, 1, 1, 0], 'K': [0, 1, 1, 1, 1, 1, 1, 1, 1, 0]}, '东门南侧': {'A': [0, 0, 1, 1, 0, 1, 1, 1, 1, 0], 'B': [0, 0, 0, 0, 0, 0, 0, 0, 0, 0]}, '西门北侧': {'A': [1, 1, 1, 1, 1, 1, 1, 1, 1, 1], 'B': [0, 1, 1, 1, 1, 1, 1, 1, 0, 1], 'C': [1, 1, 1, 1, 1, 1, 1, 1, 1, 1]}, '西门南侧': {'A': [0, 1, 1, 1, 1, 1, 1, 1, 1, 1], 'B': [1, 1, 1, 1, 1, 1, 1, 1, 1, 1], 'C': [1, 1, 1, 1, 1, 1, 1, 1, 1, 1]}, '南门西侧': {'A': [1, 1, 1, 1, 1, 1, 1, 1, 1, 1], 'B': [1, 1, 1, 1, 0, 1, 1, 1, 1, 1]}, '南门东侧': {'A': [1, 1, 0, 1, 1, 1, 1, 1, 1, 1], 'B': [1, 1, 1, 1, 1, 1, 1, 1, 1, 1]}, '北门东北侧': {'A': [1, 1, 1, 1, 1, 1, 1, 1, 1, 1], 'B': [1, 1, 1, 1, 1, 1, 1, 1, 0, 1], 'C': [1, 1, 0, 1, 1, 1, 1, 1, 1, 0], 'D': [0, 1, 1, 1, 1, 0, 1, 0, 1, 1]}, '北门东南侧': {'A': [1, 1, 1, 1, 1, 1, 1, 1, 1, 1], 'B': [0, 1, 1, 1, 1, 1, 1, 1, 1, 1], 'C': [1, 1, 1, 1, 1, 1, 1, 1, 0, 1], 'D': [1, 1, 0, 1, 1, 1, 1, 1, 1, 1], 'E': [1, 1, 1, 1, 1, 0, 1, 1, 1, 1], 'F': [1, 1, 1, 1, 0, 1, 1, 1, 1, 1]}, '橘园北侧南': {'A': [1, 1, 0, 1, 1, 0, 1, 1, 0, 1], 'B': [0, 1, 0, 1, 1, 0, 1, 1, 1, 0], 'C': [0, 0, 1, 1, 1, 1, 0, 0, 1, 1], 'D': [1, 0, 1, 1, 1, 0, 1, 1, 1, 1], 'E': [1, 1, 1, 0, 1, 1, 1, 1, 0, 1], 'F': [1, 1, 1, 1, 0, 1, 0, 1, 1, 1], 'G': [0, 1, 1, 1, 1, 1, 1, 1, 1, 1], 'H': [1, 1, 1, 1, 1, 1, 1, 1, 1, 1], 'I': [1, 1, 0, 1, 1, 0, 1, 1, 1, 1], 'J': [1, 1, 0, 1, 1, 1, 1, 1, 1, 0]}, '校医院西': {'A': [1, 1, 1, 1, 1, 1, 1, 1, 1, 1], 'B': [1, 1, 1, 1, 1, 1, 1, 1, 1, 1], 'C': [1, 1, 1, 1, 1, 1, 1, 1, 1, 1], 'D': [1, 1, 1, 1, 1, 1, 1, 1, 1, 1], 'E': [1, 1, 1, 1, 1, 1, 1, 1, 1, 1], 'F': [1, 1, 1, 1, 0, 1, 1, 1, 1, 1], 'G': [1, 1, 1, 1, 1, 1, 1, 1, 1, 1], 'H': [1, 1, 0, 1, 1, 0, 1, 1, 0, 1], 'I': [1, 1, 1, 1, 1, 1, 0, 0, 0, 1]}}
623297	2024-07-13 05:42:20.997000+08:00	2024-07-13 05:42:20.997000+08:00	{'东门北侧': {'A': [1, 1, 1, 1, 1, 1, 1, 1, 1, 1], 'B': [1, 1, 1, 1, 1, 1, 1, 1, 1, 1], 'C': [1, 1, 1, 1, 1, 1, 1, 1, 1, 0], 'D': [1, 1, 1, 1, 1, 0, 1, 1, 1, 1], 'E': [1, 1, 0, 0, 1, 1, 1, 1, 1, 1], 'F': [0, 1, 1, 1, 1, 1, 1, 1, 1, 1], 'G': [1, 1, 1, 1, 1, 0, 1, 1, 0, 1], 'H': [1, 1, 1, 1, 0, 1, 1, 1, 1, 0], 'I': [0, 1, 0, 1, 1, 0, 1, 1, 1, 1], 'J': [1, 1, 1, 1, 1, 0, 1, 1, 1, 0], 'K': [0, 1, 1, 1, 1, 1, 1, 1, 1, 0]}, '东门南侧': {'A': [0, 0, 1, 1, 0, 1, 1, 1, 1, 0], 'B': [0, 0, 0, 0, 0, 0, 0, 0, 0, 0]}, '西门北侧': {'A': [1, 1, 1, 1, 1, 1, 1, 1, 1, 1], 'B': [0, 1, 1, 1, 1, 1, 1, 1, 0, 1], 'C': [1, 1, 1, 1, 1, 1, 1, 1, 1, 1]}, '西门南侧': {'A': [0, 1, 1, 1, 1, 1, 1, 1, 1, 1], 'B': [1, 1, 1, 1, 1, 1, 1, 1, 1, 1], 'C': [1, 1, 1, 1, 1, 1, 1, 1, 1, 1]}, '南门西侧': {'A': [1, 1, 1, 1, 1, 1, 1, 1, 1, 1], 'B': [1, 1, 1, 1, 0, 1, 1, 1, 1, 1]}, '南门东侧': {'A': [1, 1, 0, 1, 1, 1, 1, 1, 1, 1], 'B': [1, 1, 1, 1, 1, 1, 1, 1, 1, 1]}, '北门东北侧': {'A': [1, 1, 1, 1, 1, 1, 1, 1, 1, 1], 'B': [1, 1, 1, 1, 1, 1, 1, 1, 0, 1], 'C': [1, 1, 0, 1, 1, 1, 1, 1, 1, 0], 'D': [0, 1, 1, 1, 1, 0, 1, 0, 1, 1]}, '北门东南侧': {'A': [1, 1, 1, 1, 1, 1, 1, 1, 1, 1], 'B': [0, 1, 1, 1, 1, 1, 1, 1, 1, 1], 'C': [1, 1, 1, 1, 1, 1, 1, 1, 0, 1], 'D': [1, 1, 0, 1, 1, 1, 1, 1, 1, 1], 'E': [1, 1, 1, 1, 1, 0, 1, 1, 1, 1], 'F': [1, 1, 1, 1, 0, 1, 1, 1, 1, 1]}, '橘园北侧南': {'A': [1, 1, 0, 1, 1, 0, 1, 1, 0, 1], 'B': [0, 1, 0, 1, 1, 0, 1, 1, 1, 0], 'C': [0, 0, 1, 1, 1, 1, 0, 0, 1, 1], 'D': [1, 0, 1, 1, 1, 0, 1, 1, 1, 1], 'E': [1, 1, 1, 0, 1, 1, 1, 1, 0, 1], 'F': [1, 1, 1, 1, 0, 1, 0, 1, 1, 1], 'G': [0, 1, 1, 1, 1, 1, 1, 1, 1, 1], 'H': [1, 1, 1, 1, 1, 1, 1, 1, 1, 1], 'I': [1, 1, 0, 1, 1, 0, 1, 1, 1, 1], 'J': [1, 1, 0, 1, 1, 1, 1, 1, 1, 0]}, '校医院西': {'A': [1, 1, 1, 1, 1, 1, 1, 1, 1, 1], 'B': [1, 1, 1, 1, 1, 1, 1, 1, 1, 1], 'C': [1, 1, 1, 1, 1, 1, 1, 1, 1, 1], 'D': [1, 1, 1, 1, 1, 1, 1, 1, 1, 1], 'E': [1, 1, 1, 1, 1, 1, 1, 1, 1, 1], 'F': [1, 1, 1, 1, 0, 1, 1, 1, 1, 1], 'G': [1, 1, 1, 1, 1, 1, 1, 1, 1, 1], 'H': [1, 1, 0, 1, 1, 0, 1, 1, 0, 1], 'I': [1, 1, 1, 1, 1, 1, 0, 0, 0, 1]}}
623298	2024-07-13 05:43:21.979000+08:00	2024-07-13 05:43:21.979000+08:00	{'东门北侧': {'A': [1, 1, 1, 1, 1, 1, 1, 1, 1, 1], 'B': [1, 1, 1, 1, 1, 1, 1, 1, 1, 1], 'C': [1, 1, 1, 1, 1, 1, 1, 1, 1, 0], 'D': [1, 1, 1, 1, 1, 0, 1, 1, 1, 1], 'E': [1, 1, 0, 0, 1, 1, 1, 1, 1, 1], 'F': [0, 1, 1, 1, 1, 1, 1, 1, 1, 1], 'G': [1, 1, 1, 1, 1, 0, 1, 1, 0, 1], 'H': [1, 1, 1, 1, 0, 1, 1, 1, 1, 0], 'I': [0, 1, 0, 1, 1, 0, 1, 1, 1, 1], 'J': [1, 1, 1, 1, 1, 0, 1, 1, 1, 0], 'K': [0, 1, 1, 1, 1, 1, 1, 1, 1, 0]}, '东门南侧': {'A': [0, 0, 1, 1, 0, 1, 1, 1, 1, 0], 'B': [0, 0, 0, 0, 0, 0, 0, 0, 0, 0]}, '西门北侧': {'A': [1, 1, 1, 1, 1, 1, 1, 1, 1, 1], 'B': [0, 1, 1, 1, 1, 1, 1, 1, 0, 1], 'C': [1, 1, 1, 1, 1, 1, 1, 1, 1, 1]}, '西门南侧': {'A': [0, 1, 1, 1, 1, 1, 1, 1, 1, 1], 'B': [1, 1, 1, 1, 1, 1, 1, 1, 1, 1], 'C': [1, 1, 1, 1, 1, 1, 1, 1, 1, 1]}, '南门西侧': {'A': [1, 1, 1, 1, 1, 1, 1, 1, 1, 1], 'B': [1, 1, 1, 1, 0, 1, 1, 1, 1, 1]}, '南门东侧': {'A': [1, 1, 0, 1, 1, 1, 1, 1, 1, 1], 'B': [1, 1, 1, 1, 1, 1, 1, 1, 1, 1]}, '北门东北侧': {'A': [1, 1, 1, 1, 1, 1, 1, 1, 1, 1], 'B': [1, 1, 1, 1, 1, 1, 1, 1, 0, 1], 'C': [1, 1, 0, 1, 1, 1, 1, 1, 1, 0], 'D': [0, 1, 1, 1, 1, 0, 1, 0, 1, 1]}, '北门东南侧': {'A': [1, 1, 1, 1, 1, 1, 1, 1, 1, 1], 'B': [0, 1, 1, 1, 1, 1, 1, 1, 1, 1], 'C': [1, 1, 1, 1, 1, 1, 1, 1, 0, 1], 'D': [1, 1, 0, 1, 1, 1, 1, 1, 1, 1], 'E': [1, 1, 1, 1, 1, 0, 1, 1, 1, 1], 'F': [1, 1, 1, 1, 0, 1, 1, 1, 1, 1]}, '橘园北侧南': {'A': [1, 1, 0, 1, 1, 0, 1, 1, 0, 1], 'B': [0, 1, 0, 1, 1, 0, 1, 1, 1, 0], 'C': [0, 0, 1, 1, 1, 1, 0, 0, 1, 1], 'D': [1, 1, 1, 1, 1, 0, 1, 1, 1, 1], 'E': [1, 1, 1, 0, 1, 1, 1, 1, 0, 1], 'F': [1, 1, 1, 1, 0, 1, 0, 1, 1, 1], 'G': [0, 1, 1, 1, 1, 1, 1, 1, 1, 1], 'H': [1, 1, 1, 1, 1, 1, 1, 1, 1, 1], 'I': [1, 1, 0, 1, 1, 0, 1, 1, 1, 1], 'J': [1, 1, 0, 1, 1, 1, 1, 1, 1, 0]}, '校医院西': {'A': [1, 1, 1, 1, 1, 1, 1, 1, 1, 1], 'B': [1, 1, 1, 1, 1, 1, 1, 1, 1, 1], 'C': [1, 1, 1, 1, 1, 1, 1, 1, 1, 1], 'D': [1, 1, 1, 1, 1, 1, 1, 1, 1, 1], 'E': [1, 1, 1, 1, 1, 1, 1, 1, 1, 1], 'F': [1, 1, 1, 1, 0, 1, 1, 1, 1, 1], 'G': [1, 1, 1, 1, 1, 1, 1, 1, 1, 1], 'H': [1, 1, 0, 1, 1, 0, 1, 1, 0, 1], 'I': [1, 1, 1, 1, 1, 1, 0, 0, 0, 1]}}
623299	2024-07-13 05:44:22.874000+08:00	2024-07-13 05:44:22.874000+08:00	{'东门北侧': {'A': [1, 1, 1, 1, 1, 1, 1, 1, 1, 1], 'B': [1, 1, 1, 1, 1, 1, 1, 1, 1, 1], 'C': [1, 1, 1, 1, 1, 1, 1, 1, 1, 0], 'D': [1, 1, 1, 1, 1, 0, 1, 1, 1, 1], 'E': [1, 1, 0, 0, 1, 1, 1, 1, 1, 1], 'F': [0, 1, 1, 1, 1, 1, 1, 1, 1, 1], 'G': [1, 1, 1, 1, 1, 0, 1, 1, 0, 1], 'H': [1, 1, 1, 1, 0, 1, 1, 1, 1, 0], 'I': [0, 1, 0, 1, 1, 0, 1, 1, 1, 1], 'J': [1, 1, 1, 1, 1, 0, 1, 1, 1, 0], 'K': [0, 1, 1, 1, 1, 1, 1, 1, 1, 0]}, '东门南侧': {'A': [0, 0, 1, 1, 0, 1, 1, 1, 1, 0], 'B': [0, 0, 0, 0, 0, 0, 0, 0, 0, 0]}, '西门北侧': {'A': [1, 1, 1, 1, 1, 1, 1, 1, 1, 1], 'B': [0, 1, 1, 1, 1, 1, 1, 1, 0, 1], 'C': [1, 1, 1, 1, 1, 1, 1, 1, 1, 1]}, '西门南侧': {'A': [0, 1, 1, 1, 1, 1, 1, 1, 1, 1], 'B': [1, 1, 1, 1, 1, 1, 1, 1, 1, 1], 'C': [1, 1, 1, 1, 1, 1, 1, 1, 1, 1]}, '南门西侧': {'A': [1, 1, 1, 1, 1, 1, 1, 1, 1, 1], 'B': [1, 1, 1, 1, 0, 1, 1, 1, 1, 1]}, '南门东侧': {'A': [1, 1, 0, 1, 1, 1, 1, 1, 1, 1], 'B': [1, 1, 1, 1, 1, 1, 1, 1, 1, 1]}, '北门东北侧': {'A': [1, 1, 1, 1, 1, 1, 1, 1, 1, 1], 'B': [1, 1, 1, 1, 1, 1, 1, 1, 0, 1], 'C': [1, 1, 0, 1, 1, 1, 1, 1, 1, 0], 'D': [0, 1, 1, 1, 1, 0, 1, 0, 1, 1]}, '北门东南侧': {'A': [1, 1, 1, 1, 1, 1, 1, 1, 1, 1], 'B': [0, 1, 1, 1, 1, 1, 1, 1, 1, 1], 'C': [1, 1, 1, 1, 1, 1, 1, 1, 0, 1], 'D': [1, 1, 0, 1, 1, 1, 1, 1, 1, 1], 'E': [1, 1, 1, 1, 1, 0, 1, 1, 1, 1], 'F': [1, 1, 1, 1, 0, 1, 1, 1, 1, 1]}, '橘园北侧南': {'A': [1, 1, 0, 1, 1, 0, 1, 1, 0, 1], 'B': [0, 1, 0, 1, 1, 0, 1, 1, 1, 0], 'C': [0, 0, 1, 1, 1, 1, 0, 0, 1, 1], 'D': [1, 1, 1, 1, 1, 0, 1, 1, 1, 1], 'E': [1, 1, 1, 0, 1, 1, 1, 1, 0, 1], 'F': [1, 1, 1, 1, 0, 1, 0, 1, 1, 1], 'G': [0, 1, 1, 1, 1, 1, 1, 1, 1, 1], 'H': [1, 1, 1, 1, 1, 1, 1, 1, 1, 1], 'I': [1, 1, 0, 1, 1, 0, 1, 1, 1, 1], 'J': [1, 1, 0, 1, 1, 1, 1, 1, 1, 0]}, '校医院西': {'A': [1, 1, 1, 1, 1, 1, 1, 1, 1, 1], 'B': [1, 1, 1, 1, 1, 1, 1, 1, 1, 1], 'C': [1, 1, 1, 1, 1, 1, 1, 1, 1, 1], 'D': [1, 1, 1, 1, 1, 1, 1, 1, 1, 1], 'E': [1, 1, 1, 1, 1, 1, 1, 1, 1, 1], 'F': [1, 1, 1, 1, 0, 1, 1, 1, 1, 1], 'G': [1, 1, 1, 1, 1, 1, 1, 1, 1, 1], 'H': [1, 1, 0, 1, 1, 0, 1, 1, 0, 1], 'I': [1, 1, 1, 1, 1, 1, 0, 0, 0, 1]}}
623300	2024-07-13 05:45:22.816000+08:00	2024-07-13 05:45:22.816000+08:00	{'东门北侧': {'A': [1, 1, 1, 1, 1, 1, 1, 1, 1, 1], 'B': [1, 1, 1, 1, 1, 1, 1, 1, 1, 1], 'C': [1, 1, 1, 1, 1, 1, 1, 1, 1, 0], 'D': [1, 1, 1, 1, 1, 0, 1, 1, 1, 1], 'E': [1, 1, 0, 0, 1, 1, 1, 1, 1, 1], 'F': [0, 1, 1, 1, 1, 1, 1, 1, 1, 1], 'G': [1, 1, 1, 1, 1, 0, 1, 1, 0, 1], 'H': [1, 1, 1, 1, 0, 1, 1, 1, 1, 0], 'I': [0, 1, 0, 1, 1, 0, 1, 1, 1, 1], 'J': [1, 1, 1, 1, 1, 0, 1, 1, 1, 0], 'K': [0, 1, 1, 1, 1, 1, 1, 1, 1, 0]}, '东门南侧': {'A': [0, 0, 1, 1, 0, 1, 1, 1, 1, 0], 'B': [0, 0, 0, 0, 0, 0, 0, 0, 0, 0]}, '西门北侧': {'A': [1, 1, 1, 1, 1, 1, 1, 1, 1, 1], 'B': [0, 1, 1, 1, 1, 1, 1, 1, 0, 1], 'C': [1, 1, 1, 1, 1, 1, 1, 1, 1, 1]}, '西门南侧': {'A': [0, 1, 1, 1, 1, 1, 1, 1, 1, 1], 'B': [1, 1, 1, 1, 1, 1, 1, 1, 1, 1], 'C': [1, 1, 1, 1, 1, 1, 1, 1, 1, 1]}, '南门西侧': {'A': [1, 1, 1, 1, 1, 1, 1, 1, 1, 1], 'B': [1, 1, 1, 1, 0, 1, 1, 1, 1, 1]}, '南门东侧': {'A': [1, 1, 0, 1, 1, 1, 1, 1, 1, 1], 'B': [1, 1, 1, 1, 1, 1, 1, 1, 1, 1]}, '北门东北侧': {'A': [1, 1, 1, 1, 1, 1, 1, 1, 1, 1], 'B': [1, 1, 1, 1, 1, 1, 1, 1, 0, 1], 'C': [1, 1, 0, 1, 1, 1, 1, 1, 1, 0], 'D': [0, 1, 1, 1, 1, 0, 1, 0, 1, 1]}, '北门东南侧': {'A': [1, 1, 1, 1, 1, 1, 1, 1, 1, 1], 'B': [0, 1, 1, 1, 1, 1, 1, 1, 1, 1], 'C': [1, 1, 1, 1, 1, 1, 1, 1, 0, 1], 'D': [1, 1, 0, 1, 1, 1, 1, 1, 1, 1], 'E': [1, 1, 1, 1, 1, 0, 1, 1, 1, 1], 'F': [1, 1, 1, 1, 0, 1, 1, 1, 1, 1]}, '橘园北侧南': {'A': [1, 1, 0, 1, 1, 0, 1, 1, 0, 1], 'B': [0, 1, 0, 1, 1, 0, 1, 1, 1, 0], 'C': [0, 0, 1, 1, 1, 1, 0, 0, 1, 1], 'D': [1, 1, 1, 1, 1, 0, 1, 1, 1, 1], 'E': [1, 1, 1, 0, 1, 1, 1, 1, 0, 1], 'F': [1, 1, 1, 1, 0, 1, 0, 1, 1, 1], 'G': [0, 1, 1, 1, 1, 1, 1, 1, 1, 1], 'H': [1, 1, 1, 1, 1, 1, 1, 1, 1, 1], 'I': [1, 1, 0, 1, 1, 0, 1, 1, 1, 1], 'J': [1, 1, 0, 1, 1, 1, 1, 1, 1, 0]}, '校医院西': {'A': [1, 1, 1, 1, 1, 1, 1, 1, 1, 1], 'B': [1, 1, 1, 1, 1, 1, 1, 1, 1, 1], 'C': [1, 1, 1, 1, 1, 1, 1, 1, 1, 1], 'D': [1, 1, 1, 1, 1, 1, 1, 1, 1, 1], 'E': [1, 1, 1, 1, 1, 1, 1, 1, 1, 1], 'F': [1, 1, 1, 1, 0, 1, 1, 1, 1, 1], 'G': [1, 1, 1, 1, 1, 1, 1, 1, 1, 1], 'H': [1, 1, 0, 1, 1, 0, 1, 1, 0, 1], 'I': [1, 1, 1, 1, 1, 1, 0, 0, 0, 1]}}
623301	2024-07-13 05:46:22.883000+08:00	2024-07-13 05:46:22.883000+08:00	{'东门北侧': {'A': [1, 1, 1, 1, 1, 1, 1, 1, 1, 1], 'B': [1, 1, 1, 1, 1, 1, 1, 1, 1, 1], 'C': [1, 1, 1, 1, 1, 1, 1, 1, 1, 0], 'D': [1, 1, 1, 1, 1, 0, 1, 1, 1, 1], 'E': [1, 1, 0, 0, 1, 1, 1, 1, 1, 1], 'F': [0, 1, 1, 1, 1, 1, 1, 1, 1, 1], 'G': [1, 1, 1, 1, 1, 0, 1, 1, 0, 1], 'H': [1, 1, 1, 1, 0, 1, 1, 1, 1, 0], 'I': [0, 1, 0, 1, 1, 0, 1, 1, 1, 1], 'J': [1, 1, 1, 1, 1, 0, 1, 1, 1, 0], 'K': [0, 1, 1, 1, 1, 1, 1, 1, 1, 0]}, '东门南侧': {'A': [0, 0, 1, 1, 0, 1, 1, 1, 1, 0], 'B': [0, 0, 0, 0, 0, 0, 0, 0, 0, 0]}, '西门北侧': {'A': [1, 1, 1, 1, 1, 1, 1, 1, 1, 1], 'B': [0, 1, 1, 1, 1, 1, 1, 1, 0, 1], 'C': [1, 1, 1, 1, 1, 1, 1, 1, 1, 1]}, '西门南侧': {'A': [0, 1, 1, 1, 1, 1, 1, 1, 1, 1], 'B': [1, 1, 1, 1, 1, 1, 1, 1, 1, 1], 'C': [1, 1, 1, 1, 1, 1, 1, 1, 1, 1]}, '南门西侧': {'A': [1, 1, 1, 1, 1, 1, 1, 1, 1, 1], 'B': [1, 1, 1, 1, 0, 1, 1, 1, 1, 1]}, '南门东侧': {'A': [1, 1, 0, 1, 1, 1, 1, 1, 1, 1], 'B': [1, 1, 1, 1, 1, 1, 1, 1, 1, 1]}, '北门东北侧': {'A': [1, 1, 1, 1, 1, 1, 1, 1, 1, 1], 'B': [1, 1, 1, 1, 1, 1, 1, 1, 0, 1], 'C': [1, 1, 0, 1, 1, 1, 1, 1, 1, 0], 'D': [0, 1, 1, 1, 1, 0, 1, 0, 1, 1]}, '北门东南侧': {'A': [1, 1, 1, 1, 1, 1, 1, 1, 1, 1], 'B': [0, 1, 1, 1, 1, 1, 1, 1, 1, 1], 'C': [1, 1, 1, 1, 1, 1, 1, 1, 0, 1], 'D': [1, 1, 0, 1, 1, 1, 1, 1, 1, 1], 'E': [1, 1, 1, 1, 1, 0, 1, 1, 1, 1], 'F': [1, 1, 1, 1, 0, 1, 1, 1, 1, 1]}, '橘园北侧南': {'A': [1, 1, 0, 1, 1, 0, 1, 1, 0, 1], 'B': [0, 1, 0, 1, 1, 0, 1, 1, 1, 0], 'C': [0, 0, 1, 1, 1, 1, 0, 0, 1, 1], 'D': [1, 1, 1, 1, 1, 0, 1, 1, 1, 1], 'E': [1, 1, 1, 0, 1, 1, 1, 1, 0, 1], 'F': [1, 1, 1, 1, 0, 1, 0, 1, 1, 1], 'G': [0, 1, 1, 1, 1, 1, 1, 1, 1, 1], 'H': [1, 1, 1, 1, 1, 1, 1, 1, 1, 1], 'I': [1, 1, 0, 1, 1, 0, 1, 1, 1, 1], 'J': [1, 1, 0, 1, 1, 1, 1, 1, 1, 0]}, '校医院西': {'A': [1, 1, 1, 1, 1, 1, 1, 1, 1, 1], 'B': [1, 1, 1, 1, 1, 1, 1, 1, 1, 1], 'C': [1, 1, 1, 1, 1, 1, 1, 1, 1, 1], 'D': [1, 1, 1, 1, 1, 1, 1, 1, 1, 1], 'E': [1, 1, 1, 1, 1, 1, 1, 1, 1, 1], 'F': [1, 1, 1, 1, 0, 1, 1, 1, 1, 1], 'G': [1, 1, 1, 1, 1, 1, 1, 1, 1, 1], 'H': [1, 1, 0, 1, 1, 0, 1, 1, 0, 1], 'I': [1, 1, 1, 1, 1, 1, 0, 0, 0, 1]}}
623302	2024-07-13 05:47:21.890000+08:00	2024-07-13 05:47:21.890000+08:00	{'东门北侧': {'A': [1, 1, 1, 1, 1, 1, 1, 1, 1, 1], 'B': [1, 1, 1, 1, 1, 1, 1, 1, 1, 1], 'C': [1, 1, 1, 1, 1, 1, 1, 1, 1, 0], 'D': [1, 1, 1, 1, 1, 0, 1, 1, 1, 1], 'E': [1, 1, 0, 0, 1, 1, 1, 1, 1, 1], 'F': [0, 1, 1, 1, 1, 1, 1, 1, 1, 1], 'G': [1, 1, 1, 1, 1, 0, 1, 1, 0, 1], 'H': [1, 1, 1, 1, 0, 1, 1, 1, 1, 0], 'I': [0, 1, 0, 1, 1, 0, 1, 1, 1, 1], 'J': [1, 1, 1, 1, 1, 0, 1, 1, 1, 0], 'K': [0, 1, 1, 1, 1, 1, 1, 1, 1, 0]}, '东门南侧': {'A': [0, 0, 1, 1, 0, 1, 1, 1, 1, 0], 'B': [0, 0, 0, 0, 0, 0, 0, 0, 0, 0]}, '西门北侧': {'A': [1, 1, 1, 1, 1, 1, 1, 1, 1, 1], 'B': [0, 1, 1, 1, 1, 1, 1, 1, 0, 1], 'C': [1, 1, 1, 1, 1, 1, 1, 1, 1, 1]}, '西门南侧': {'A': [0, 1, 1, 1, 1, 1, 1, 1, 1, 1], 'B': [1, 1, 1, 1, 1, 1, 1, 1, 1, 1], 'C': [1, 1, 1, 1, 1, 1, 1, 1, 1, 1]}, '南门西侧': {'A': [1, 1, 1, 1, 1, 1, 1, 1, 1, 1], 'B': [1, 1, 1, 1, 0, 1, 1, 1, 1, 1]}, '南门东侧': {'A': [1, 1, 0, 1, 1, 1, 1, 1, 1, 1], 'B': [1, 1, 1, 1, 1, 1, 1, 1, 1, 1]}, '北门东北侧': {'A': [1, 1, 1, 1, 1, 1, 1, 1, 1, 1], 'B': [1, 1, 1, 1, 1, 1, 1, 1, 0, 1], 'C': [1, 1, 0, 1, 1, 1, 1, 1, 1, 0], 'D': [0, 1, 1, 1, 1, 0, 1, 0, 1, 1]}, '北门东南侧': {'A': [1, 1, 1, 1, 1, 1, 1, 1, 1, 1], 'B': [0, 1, 1, 1, 1, 1, 1, 1, 1, 1], 'C': [1, 1, 1, 1, 1, 1, 1, 1, 0, 1], 'D': [1, 1, 0, 1, 1, 1, 1, 1, 1, 1], 'E': [1, 1, 1, 1, 1, 0, 1, 1, 1, 1], 'F': [1, 1, 1, 1, 0, 1, 1, 1, 1, 1]}, '橘园北侧南': {'A': [1, 1, 0, 1, 1, 0, 1, 1, 0, 1], 'B': [0, 1, 0, 1, 1, 0, 1, 1, 1, 0], 'C': [0, 0, 1, 1, 1, 1, 0, 0, 1, 1], 'D': [1, 1, 1, 1, 1, 0, 1, 1, 1, 1], 'E': [1, 1, 1, 0, 1, 1, 1, 1, 0, 1], 'F': [1, 1, 1, 1, 0, 1, 0, 1, 1, 1], 'G': [0, 1, 1, 1, 1, 1, 1, 1, 1, 1], 'H': [1, 1, 1, 1, 1, 1, 1, 1, 1, 1], 'I': [1, 1, 0, 1, 1, 0, 1, 1, 1, 1], 'J': [1, 1, 0, 1, 1, 1, 1, 1, 1, 0]}, '校医院西': {'A': [1, 1, 1, 1, 1, 1, 1, 1, 1, 1], 'B': [1, 1, 1, 1, 1, 1, 1, 1, 1, 1], 'C': [1, 1, 1, 1, 1, 1, 1, 1, 1, 1], 'D': [1, 1, 1, 1, 1, 1, 1, 1, 1, 1], 'E': [1, 1, 1, 1, 1, 1, 1, 1, 1, 1], 'F': [1, 1, 1, 1, 0, 1, 1, 1, 1, 1], 'G': [1, 1, 1, 1, 1, 1, 1, 1, 1, 1], 'H': [1, 1, 0, 1, 1, 0, 1, 1, 0, 1], 'I': [1, 1, 1, 1, 1, 1, 0, 0, 0, 1]}}
623303	2024-07-13 05:48:22.838000+08:00	2024-07-13 05:48:22.838000+08:00	{'东门北侧': {'A': [1, 1, 1, 1, 1, 1, 1, 1, 1, 1], 'B': [1, 1, 1, 1, 1, 1, 1, 1, 1, 1], 'C': [1, 1, 1, 1, 1, 1, 1, 1, 1, 0], 'D': [1, 1, 1, 1, 1, 0, 1, 1, 1, 1], 'E': [1, 1, 0, 0, 1, 1, 1, 1, 1, 1], 'F': [0, 1, 1, 1, 1, 1, 1, 1, 1, 1], 'G': [1, 1, 1, 1, 1, 0, 1, 1, 0, 1], 'H': [1, 1, 1, 1, 0, 1, 1, 1, 1, 0], 'I': [0, 1, 0, 1, 1, 0, 1, 1, 1, 1], 'J': [1, 1, 1, 1, 1, 0, 1, 1, 1, 0], 'K': [0, 1, 1, 1, 1, 1, 1, 1, 1, 0]}, '东门南侧': {'A': [0, 0, 1, 1, 0, 1, 1, 1, 1, 0], 'B': [0, 0, 0, 0, 0, 0, 0, 0, 0, 0]}, '西门北侧': {'A': [1, 1, 1, 1, 1, 1, 1, 1, 1, 1], 'B': [0, 1, 1, 1, 1, 1, 1, 1, 0, 1], 'C': [1, 1, 1, 1, 1, 1, 1, 1, 1, 1]}, '西门南侧': {'A': [0, 1, 1, 1, 1, 1, 1, 1, 1, 1], 'B': [1, 1, 1, 1, 1, 1, 1, 1, 1, 1], 'C': [1, 1, 1, 1, 1, 1, 1, 1, 1, 1]}, '南门西侧': {'A': [1, 1, 1, 1, 1, 1, 1, 1, 1, 1], 'B': [1, 1, 1, 1, 0, 1, 1, 1, 1, 1]}, '南门东侧': {'A': [1, 1, 0, 1, 1, 1, 1, 1, 1, 1], 'B': [1, 1, 1, 1, 1, 1, 1, 1, 1, 1]}, '北门东北侧': {'A': [1, 1, 1, 1, 1, 1, 1, 1, 1, 1], 'B': [1, 1, 1, 1, 1, 1, 1, 1, 0, 1], 'C': [1, 1, 0, 1, 1, 1, 1, 1, 1, 0], 'D': [0, 1, 1, 1, 1, 0, 1, 0, 1, 1]}, '北门东南侧': {'A': [1, 1, 1, 1, 1, 1, 1, 1, 1, 1], 'B': [0, 1, 1, 1, 1, 1, 1, 1, 1, 1], 'C': [1, 1, 1, 1, 1, 1, 1, 1, 0, 1], 'D': [1, 1, 0, 1, 1, 1, 1, 1, 1, 1], 'E': [1, 1, 1, 1, 1, 0, 1, 1, 1, 1], 'F': [1, 1, 1, 1, 0, 1, 1, 1, 1, 1]}, '橘园北侧南': {'A': [1, 1, 0, 1, 1, 0, 1, 1, 0, 1], 'B': [0, 1, 0, 1, 1, 0, 1, 1, 1, 0], 'C': [0, 0, 1, 1, 1, 1, 0, 0, 1, 1], 'D': [1, 1, 1, 1, 1, 0, 1, 1, 1, 1], 'E': [1, 1, 1, 0, 1, 1, 1, 1, 0, 1], 'F': [1, 1, 1, 1, 0, 1, 0, 1, 1, 1], 'G': [0, 1, 1, 1, 1, 1, 1, 1, 1, 1], 'H': [1, 1, 1, 1, 1, 1, 1, 1, 1, 1], 'I': [1, 1, 0, 1, 1, 0, 1, 1, 1, 1], 'J': [1, 1, 0, 1, 1, 1, 1, 1, 1, 0]}, '校医院西': {'A': [1, 1, 1, 1, 1, 1, 1, 1, 1, 1], 'B': [1, 1, 1, 1, 1, 1, 1, 1, 1, 1], 'C': [1, 1, 1, 1, 1, 1, 1, 1, 1, 1], 'D': [1, 1, 1, 1, 1, 1, 1, 1, 1, 1], 'E': [1, 1, 1, 1, 1, 1, 1, 1, 1, 1], 'F': [1, 1, 1, 1, 0, 1, 1, 1, 1, 1], 'G': [1, 1, 1, 1, 1, 1, 1, 1, 1, 1], 'H': [1, 1, 0, 1, 1, 0, 1, 1, 0, 1], 'I': [1, 1, 1, 1, 1, 1, 0, 0, 0, 1]}}
623304	2024-07-13 05:49:23.286000+08:00	2024-07-13 05:49:23.286000+08:00	{'东门北侧': {'A': [1, 1, 1, 1, 1, 1, 1, 1, 1, 1], 'B': [1, 1, 1, 1, 1, 1, 1, 1, 1, 1], 'C': [1, 1, 1, 1, 1, 1, 1, 1, 1, 0], 'D': [1, 1, 1, 1, 1, 0, 1, 1, 1, 1], 'E': [1, 1, 0, 0, 1, 1, 1, 1, 1, 1], 'F': [0, 1, 1, 1, 1, 1, 1, 1, 1, 1], 'G': [1, 1, 1, 1, 1, 0, 1, 1, 0, 1], 'H': [1, 1, 1, 1, 0, 1, 1, 1, 1, 0], 'I': [0, 1, 0, 1, 1, 0, 1, 1, 1, 1], 'J': [1, 1, 1, 1, 1, 0, 1, 1, 1, 0], 'K': [0, 1, 1, 1, 1, 1, 1, 1, 1, 0]}, '东门南侧': {'A': [0, 0, 1, 1, 0, 1, 1, 1, 1, 0], 'B': [0, 0, 0, 0, 0, 0, 0, 0, 0, 0]}, '西门北侧': {'A': [1, 1, 1, 1, 1, 1, 1, 1, 1, 1], 'B': [0, 1, 1, 1, 1, 1, 1, 1, 0, 1], 'C': [1, 1, 1, 1, 1, 1, 1, 1, 1, 1]}, '西门南侧': {'A': [0, 1, 1, 1, 1, 1, 1, 1, 1, 1], 'B': [1, 1, 1, 1, 1, 1, 1, 1, 1, 1], 'C': [1, 1, 1, 1, 1, 1, 1, 1, 1, 1]}, '南门西侧': {'A': [1, 1, 1, 1, 1, 1, 1, 1, 1, 1], 'B': [1, 1, 1, 1, 0, 1, 1, 1, 1, 1]}, '南门东侧': {'A': [1, 1, 0, 1, 1, 1, 1, 1, 1, 1], 'B': [1, 1, 1, 1, 1, 1, 1, 1, 1, 1]}, '北门东北侧': {'A': [1, 1, 1, 1, 1, 1, 1, 1, 1, 1], 'B': [1, 1, 1, 1, 1, 1, 1, 1, 0, 1], 'C': [1, 1, 0, 1, 1, 1, 1, 1, 1, 0], 'D': [0, 1, 1, 1, 1, 0, 1, 0, 1, 1]}, '北门东南侧': {'A': [1, 1, 1, 1, 1, 1, 1, 1, 1, 1], 'B': [0, 1, 1, 1, 1, 1, 1, 1, 1, 1], 'C': [1, 1, 1, 1, 1, 1, 1, 1, 0, 1], 'D': [1, 1, 0, 1, 1, 1, 1, 1, 1, 1], 'E': [1, 1, 1, 1, 1, 0, 1, 1, 1, 1], 'F': [1, 1, 1, 1, 0, 1, 1, 1, 1, 1]}, '橘园北侧南': {'A': [1, 1, 0, 1, 1, 0, 1, 1, 0, 1], 'B': [0, 1, 0, 1, 1, 0, 1, 1, 1, 0], 'C': [0, 0, 1, 1, 1, 1, 0, 0, 1, 1], 'D': [1, 1, 1, 1, 1, 0, 1, 1, 1, 1], 'E': [1, 1, 1, 0, 1, 1, 1, 1, 0, 1], 'F': [1, 1, 1, 1, 0, 1, 0, 1, 1, 1], 'G': [0, 1, 1, 1, 1, 1, 1, 1, 1, 1], 'H': [1, 1, 1, 1, 1, 1, 1, 1, 1, 1], 'I': [1, 1, 0, 1, 1, 0, 1, 1, 1, 1], 'J': [1, 1, 0, 1, 1, 1, 1, 1, 1, 0]}, '校医院西': {'A': [1, 1, 1, 1, 1, 1, 1, 1, 1, 1], 'B': [1, 1, 1, 1, 1, 1, 1, 1, 1, 1], 'C': [1, 1, 1, 1, 1, 1, 1, 1, 1, 1], 'D': [1, 1, 1, 1, 1, 1, 1, 1, 1, 1], 'E': [1, 1, 1, 1, 1, 1, 1, 1, 1, 1], 'F': [1, 1, 1, 1, 0, 1, 1, 1, 1, 1], 'G': [1, 1, 1, 1, 1, 1, 1, 1, 1, 1], 'H': [1, 1, 0, 1, 1, 0, 1, 1, 0, 1], 'I': [1, 1, 1, 1, 1, 1, 0, 0, 0, 1]}}
623305	2024-07-13 05:50:21.997000+08:00	2024-07-13 05:50:21.997000+08:00	{'东门北侧': {'A': [1, 1, 1, 1, 1, 1, 1, 1, 1, 1], 'B': [1, 1, 1, 1, 1, 1, 1, 1, 1, 1], 'C': [1, 1, 1, 1, 1, 1, 1, 1, 1, 0], 'D': [1, 1, 1, 1, 1, 0, 1, 1, 1, 1], 'E': [1, 1, 0, 0, 1, 1, 1, 1, 1, 1], 'F': [0, 1, 1, 1, 1, 1, 1, 1, 1, 1], 'G': [1, 1, 1, 1, 1, 0, 1, 1, 0, 1], 'H': [1, 1, 1, 1, 0, 1, 1, 1, 1, 0], 'I': [0, 1, 0, 1, 1, 0, 1, 1, 1, 1], 'J': [1, 1, 1, 1, 1, 0, 1, 1, 1, 0], 'K': [0, 1, 1, 1, 1, 1, 1, 1, 1, 0]}, '东门南侧': {'A': [0, 0, 1, 1, 0, 1, 1, 1, 1, 0], 'B': [0, 0, 0, 0, 0, 0, 0, 0, 0, 0]}, '西门北侧': {'A': [1, 1, 1, 1, 1, 1, 1, 1, 1, 1], 'B': [0, 1, 1, 1, 1, 1, 1, 1, 0, 1], 'C': [1, 1, 1, 1, 1, 1, 1, 1, 1, 1]}, '西门南侧': {'A': [0, 1, 1, 1, 1, 1, 1, 1, 1, 1], 'B': [1, 1, 1, 1, 1, 1, 1, 1, 1, 1], 'C': [1, 1, 1, 1, 1, 1, 1, 1, 1, 1]}, '南门西侧': {'A': [1, 1, 1, 1, 1, 1, 1, 1, 1, 1], 'B': [1, 1, 1, 1, 0, 1, 1, 1, 1, 1]}, '南门东侧': {'A': [1, 1, 0, 1, 1, 1, 1, 1, 1, 1], 'B': [1, 1, 1, 1, 1, 1, 1, 1, 1, 1]}, '北门东北侧': {'A': [1, 1, 1, 1, 1, 1, 1, 1, 1, 1], 'B': [1, 1, 1, 1, 1, 1, 1, 1, 0, 1], 'C': [1, 1, 0, 1, 1, 1, 1, 1, 1, 0], 'D': [0, 1, 1, 1, 1, 0, 1, 0, 1, 1]}, '北门东南侧': {'A': [1, 1, 1, 1, 1, 1, 1, 1, 1, 1], 'B': [0, 1, 1, 1, 1, 1, 1, 1, 1, 1], 'C': [1, 1, 1, 1, 1, 1, 1, 1, 0, 1], 'D': [1, 1, 0, 1, 1, 1, 1, 1, 1, 1], 'E': [1, 1, 1, 1, 1, 0, 1, 1, 1, 1], 'F': [1, 1, 1, 1, 0, 1, 1, 1, 1, 1]}, '橘园北侧南': {'A': [1, 1, 0, 1, 1, 0, 1, 1, 0, 1], 'B': [0, 1, 0, 1, 1, 0, 1, 1, 1, 0], 'C': [0, 0, 1, 1, 1, 1, 0, 0, 1, 1], 'D': [1, 1, 1, 1, 1, 0, 1, 1, 1, 1], 'E': [1, 1, 1, 0, 1, 1, 1, 1, 0, 1], 'F': [1, 1, 1, 1, 0, 1, 0, 1, 1, 1], 'G': [0, 1, 1, 1, 1, 1, 1, 1, 1, 1], 'H': [1, 1, 1, 1, 1, 1, 1, 1, 1, 1], 'I': [1, 1, 0, 1, 1, 0, 1, 1, 1, 1], 'J': [1, 1, 0, 1, 1, 1, 1, 1, 1, 0]}, '校医院西': {'A': [1, 1, 1, 1, 1, 1, 1, 1, 1, 1], 'B': [1, 1, 1, 1, 1, 1, 1, 1, 1, 1], 'C': [1, 1, 1, 1, 1, 1, 1, 1, 1, 1], 'D': [1, 1, 1, 1, 1, 1, 1, 1, 1, 1], 'E': [1, 1, 1, 1, 1, 1, 1, 1, 1, 1], 'F': [1, 1, 1, 1, 0, 1, 1, 1, 1, 1], 'G': [1, 1, 1, 1, 1, 1, 1, 1, 1, 1], 'H': [1, 1, 0, 1, 1, 0, 1, 1, 0, 1], 'I': [1, 1, 1, 1, 1, 1, 0, 0, 0, 1]}}
623306	2024-07-13 05:51:20.827000+08:00	2024-07-13 05:51:20.827000+08:00	{'东门北侧': {'A': [1, 1, 1, 1, 1, 1, 1, 1, 1, 1], 'B': [1, 1, 1, 1, 1, 1, 1, 1, 1, 1], 'C': [1, 1, 1, 1, 1, 1, 1, 1, 1, 0], 'D': [1, 1, 1, 1, 1, 0, 1, 1, 1, 1], 'E': [1, 1, 0, 0, 1, 1, 1, 1, 1, 1], 'F': [0, 1, 1, 1, 1, 1, 1, 1, 1, 1], 'G': [1, 1, 1, 1, 1, 0, 1, 1, 0, 1], 'H': [1, 1, 1, 1, 0, 1, 1, 1, 1, 0], 'I': [0, 1, 0, 1, 1, 0, 1, 1, 1, 1], 'J': [1, 1, 1, 1, 1, 0, 1, 1, 1, 0], 'K': [0, 1, 1, 1, 1, 1, 1, 1, 1, 0]}, '东门南侧': {'A': [0, 0, 1, 1, 1, 1, 1, 1, 1, 0], 'B': [0, 0, 0, 0, 0, 0, 0, 0, 0, 0]}, '西门北侧': {'A': [1, 1, 1, 1, 1, 1, 1, 1, 1, 1], 'B': [0, 1, 1, 1, 1, 1, 1, 1, 0, 1], 'C': [1, 1, 1, 1, 1, 1, 1, 1, 1, 1]}, '西门南侧': {'A': [0, 1, 1, 1, 1, 1, 1, 1, 1, 1], 'B': [1, 1, 1, 1, 1, 1, 1, 1, 1, 1], 'C': [1, 1, 1, 1, 1, 1, 1, 1, 1, 1]}, '南门西侧': {'A': [1, 1, 1, 1, 1, 1, 1, 1, 1, 1], 'B': [1, 1, 1, 1, 0, 1, 1, 1, 1, 1]}, '南门东侧': {'A': [1, 1, 0, 1, 1, 1, 1, 1, 1, 1], 'B': [1, 1, 1, 1, 1, 1, 1, 1, 1, 1]}, '北门东北侧': {'A': [1, 1, 1, 1, 1, 1, 1, 1, 1, 1], 'B': [1, 1, 1, 1, 1, 1, 1, 1, 0, 1], 'C': [1, 1, 0, 1, 1, 1, 1, 1, 1, 0], 'D': [0, 1, 1, 1, 1, 0, 1, 0, 1, 1]}, '北门东南侧': {'A': [1, 1, 1, 1, 1, 1, 1, 1, 1, 1], 'B': [0, 1, 1, 1, 1, 1, 1, 1, 1, 1], 'C': [1, 1, 1, 1, 1, 1, 1, 1, 0, 1], 'D': [1, 1, 0, 1, 1, 1, 1, 1, 1, 1], 'E': [1, 1, 1, 1, 1, 0, 1, 1, 1, 1], 'F': [1, 1, 1, 1, 0, 1, 1, 1, 1, 1]}, '橘园北侧南': {'A': [1, 1, 0, 1, 1, 0, 1, 1, 0, 1], 'B': [0, 1, 0, 1, 1, 0, 1, 1, 1, 0], 'C': [0, 0, 1, 1, 1, 1, 0, 0, 1, 1], 'D': [1, 1, 1, 1, 1, 0, 1, 1, 1, 1], 'E': [1, 1, 1, 0, 1, 1, 1, 1, 0, 1], 'F': [1, 1, 1, 1, 0, 1, 0, 1, 1, 1], 'G': [0, 1, 1, 1, 1, 1, 1, 1, 1, 1], 'H': [1, 1, 1, 1, 1, 1, 1, 1, 1, 1], 'I': [1, 1, 0, 1, 1, 0, 1, 1, 1, 1], 'J': [1, 1, 0, 1, 1, 1, 1, 1, 1, 0]}, '校医院西': {'A': [1, 1, 1, 1, 1, 1, 1, 1, 1, 1], 'B': [1, 1, 1, 1, 1, 1, 1, 1, 1, 1], 'C': [1, 1, 1, 1, 1, 1, 1, 1, 1, 1], 'D': [1, 1, 1, 1, 1, 1, 1, 1, 1, 1], 'E': [1, 1, 1, 1, 1, 1, 1, 1, 1, 1], 'F': [1, 1, 1, 1, 0, 1, 1, 1, 1, 1], 'G': [1, 1, 1, 1, 1, 1, 1, 1, 1, 1], 'H': [1, 1, 0, 1, 1, 0, 1, 1, 0, 1], 'I': [1, 1, 1, 1, 1, 1, 0, 0, 0, 1]}}
623307	2024-07-13 05:52:21.883000+08:00	2024-07-13 05:52:21.883000+08:00	{'东门北侧': {'A': [1, 1, 1, 1, 1, 1, 1, 1, 1, 1], 'B': [1, 1, 1, 1, 1, 1, 1, 1, 1, 1], 'C': [1, 1, 1, 1, 1, 1, 1, 1, 1, 0], 'D': [1, 1, 1, 1, 1, 0, 1, 1, 1, 1], 'E': [1, 1, 0, 0, 1, 1, 1, 1, 1, 1], 'F': [0, 1, 1, 1, 1, 1, 1, 1, 1, 1], 'G': [1, 1, 1, 1, 1, 0, 1, 1, 0, 1], 'H': [1, 1, 1, 1, 0, 1, 1, 1, 1, 0], 'I': [0, 1, 0, 1, 1, 0, 1, 1, 1, 1], 'J': [1, 1, 1, 1, 1, 0, 1, 1, 1, 0], 'K': [0, 1, 1, 1, 1, 1, 1, 1, 1, 0]}, '东门南侧': {'A': [0, 0, 1, 1, 1, 1, 1, 1, 1, 0], 'B': [0, 0, 0, 0, 0, 0, 0, 0, 0, 0]}, '西门北侧': {'A': [1, 1, 1, 1, 1, 1, 1, 1, 1, 1], 'B': [0, 1, 1, 1, 1, 1, 1, 1, 0, 1], 'C': [1, 1, 1, 1, 1, 1, 1, 1, 1, 1]}, '西门南侧': {'A': [0, 1, 1, 1, 1, 1, 1, 1, 1, 1], 'B': [1, 1, 1, 1, 1, 1, 1, 1, 1, 1], 'C': [1, 1, 1, 1, 1, 1, 1, 1, 1, 1]}, '南门西侧': {'A': [1, 1, 1, 1, 1, 1, 1, 1, 1, 1], 'B': [1, 1, 1, 1, 0, 1, 1, 1, 1, 1]}, '南门东侧': {'A': [1, 1, 0, 1, 1, 1, 1, 1, 1, 1], 'B': [1, 1, 1, 1, 1, 1, 1, 1, 1, 1]}, '北门东北侧': {'A': [1, 1, 1, 1, 1, 1, 1, 1, 1, 1], 'B': [1, 1, 1, 1, 1, 1, 1, 1, 0, 1], 'C': [1, 1, 0, 1, 1, 1, 1, 1, 1, 0], 'D': [0, 1, 1, 1, 1, 0, 1, 0, 1, 1]}, '北门东南侧': {'A': [1, 1, 1, 1, 1, 1, 1, 1, 1, 1], 'B': [0, 1, 1, 1, 1, 1, 1, 1, 1, 1], 'C': [1, 1, 1, 1, 1, 1, 1, 1, 0, 1], 'D': [1, 1, 0, 1, 1, 1, 1, 1, 1, 1], 'E': [1, 1, 1, 1, 1, 0, 1, 1, 1, 1], 'F': [1, 1, 1, 1, 0, 1, 1, 1, 1, 1]}, '橘园北侧南': {'A': [1, 1, 0, 1, 1, 0, 1, 1, 0, 1], 'B': [0, 1, 0, 1, 1, 0, 1, 1, 1, 0], 'C': [0, 0, 1, 1, 1, 1, 0, 0, 1, 1], 'D': [1, 1, 1, 1, 1, 0, 1, 1, 1, 1], 'E': [1, 1, 1, 0, 1, 1, 1, 1, 0, 1], 'F': [1, 1, 1, 1, 0, 1, 0, 1, 1, 1], 'G': [0, 1, 1, 1, 1, 1, 1, 1, 1, 1], 'H': [1, 1, 1, 1, 1, 1, 1, 1, 1, 1], 'I': [1, 1, 0, 1, 1, 0, 1, 1, 1, 1], 'J': [1, 1, 0, 1, 1, 1, 1, 1, 1, 0]}, '校医院西': {'A': [1, 1, 1, 1, 1, 1, 1, 1, 1, 1], 'B': [1, 1, 1, 1, 1, 1, 1, 1, 1, 1], 'C': [1, 1, 1, 1, 1, 1, 1, 1, 1, 1], 'D': [1, 1, 1, 1, 1, 1, 1, 1, 1, 1], 'E': [1, 1, 1, 1, 1, 1, 1, 1, 1, 1], 'F': [1, 1, 1, 1, 0, 1, 1, 1, 1, 1], 'G': [1, 1, 1, 1, 1, 1, 1, 1, 1, 1], 'H': [1, 1, 0, 1, 1, 0, 1, 1, 0, 1], 'I': [1, 1, 1, 1, 1, 1, 0, 0, 0, 1]}}
623308	2024-07-13 05:53:22.242000+08:00	2024-07-13 05:53:22.242000+08:00	{'东门北侧': {'A': [1, 1, 1, 1, 1, 1, 1, 1, 1, 1], 'B': [1, 1, 1, 1, 1, 1, 1, 1, 1, 1], 'C': [1, 1, 1, 1, 1, 1, 1, 1, 1, 0], 'D': [1, 1, 1, 1, 1, 0, 1, 1, 1, 1], 'E': [1, 1, 0, 0, 1, 1, 1, 1, 1, 1], 'F': [0, 1, 1, 1, 1, 1, 1, 1, 1, 1], 'G': [1, 1, 1, 1, 1, 0, 1, 1, 0, 1], 'H': [1, 1, 1, 1, 0, 1, 1, 1, 1, 0], 'I': [0, 1, 0, 1, 1, 0, 1, 1, 1, 1], 'J': [1, 1, 1, 1, 1, 0, 1, 1, 1, 0], 'K': [0, 1, 1, 1, 1, 1, 1, 1, 1, 0]}, '东门南侧': {'A': [0, 0, 1, 1, 1, 1, 1, 1, 1, 0], 'B': [0, 0, 0, 0, 0, 0, 0, 0, 0, 0]}, '西门北侧': {'A': [1, 1, 1, 1, 1, 1, 1, 1, 1, 1], 'B': [0, 1, 1, 1, 1, 1, 1, 1, 0, 1], 'C': [1, 1, 1, 1, 1, 1, 1, 1, 1, 1]}, '西门南侧': {'A': [0, 1, 1, 1, 1, 1, 1, 1, 1, 1], 'B': [1, 1, 1, 1, 1, 1, 1, 1, 1, 1], 'C': [1, 1, 1, 1, 1, 1, 1, 1, 1, 1]}, '南门西侧': {'A': [1, 1, 1, 1, 1, 1, 1, 1, 1, 1], 'B': [1, 1, 1, 1, 0, 1, 1, 1, 1, 1]}, '南门东侧': {'A': [1, 1, 0, 1, 1, 1, 1, 1, 1, 1], 'B': [1, 1, 1, 1, 1, 1, 1, 1, 1, 1]}, '北门东北侧': {'A': [1, 1, 1, 1, 1, 1, 1, 1, 1, 1], 'B': [1, 1, 1, 1, 1, 1, 1, 1, 0, 1], 'C': [1, 1, 0, 1, 1, 1, 1, 1, 1, 0], 'D': [0, 1, 1, 1, 1, 0, 1, 0, 1, 1]}, '北门东南侧': {'A': [1, 1, 1, 1, 1, 1, 1, 1, 1, 1], 'B': [0, 1, 1, 1, 1, 1, 1, 1, 1, 1], 'C': [1, 1, 1, 1, 1, 1, 1, 1, 0, 1], 'D': [1, 1, 0, 1, 1, 1, 1, 1, 1, 1], 'E': [1, 1, 1, 1, 1, 0, 1, 1, 1, 1], 'F': [1, 1, 1, 1, 0, 1, 1, 1, 1, 1]}, '橘园北侧南': {'A': [1, 1, 0, 1, 1, 0, 1, 1, 0, 1], 'B': [0, 1, 0, 1, 1, 0, 1, 1, 1, 0], 'C': [0, 0, 1, 1, 1, 1, 0, 0, 1, 1], 'D': [1, 1, 1, 1, 1, 0, 1, 1, 1, 1], 'E': [1, 1, 1, 0, 1, 1, 1, 1, 0, 1], 'F': [1, 1, 1, 1, 0, 1, 0, 1, 1, 1], 'G': [0, 1, 1, 1, 1, 1, 1, 1, 1, 1], 'H': [1, 1, 1, 1, 1, 1, 1, 1, 1, 1], 'I': [1, 1, 0, 1, 1, 0, 1, 1, 1, 1], 'J': [1, 1, 0, 1, 1, 1, 1, 1, 1, 0]}, '校医院西': {'A': [1, 1, 1, 1, 1, 1, 1, 1, 1, 1], 'B': [1, 1, 1, 1, 1, 1, 1, 1, 1, 1], 'C': [1, 1, 1, 1, 1, 1, 1, 1, 1, 1], 'D': [1, 1, 1, 1, 1, 1, 1, 1, 1, 1], 'E': [1, 1, 1, 1, 1, 1, 1, 1, 1, 1], 'F': [1, 1, 1, 1, 0, 1, 1, 1, 1, 1], 'G': [1, 1, 1, 1, 1, 1, 1, 1, 1, 1], 'H': [1, 1, 0, 1, 1, 0, 1, 1, 0, 1], 'I': [1, 1, 1, 1, 1, 1, 0, 0, 0, 1]}}
623309	2024-07-13 05:54:22.883000+08:00	2024-07-13 05:54:22.883000+08:00	{'东门北侧': {'A': [1, 1, 1, 1, 1, 1, 1, 1, 1, 1], 'B': [1, 1, 1, 1, 1, 1, 1, 1, 1, 1], 'C': [1, 1, 1, 1, 1, 1, 1, 1, 1, 0], 'D': [1, 1, 1, 1, 1, 0, 1, 1, 1, 1], 'E': [1, 1, 0, 0, 1, 1, 1, 1, 1, 1], 'F': [0, 1, 1, 1, 1, 1, 1, 1, 1, 1], 'G': [1, 1, 1, 1, 1, 0, 1, 1, 0, 1], 'H': [1, 1, 1, 1, 0, 1, 1, 1, 1, 0], 'I': [0, 1, 0, 1, 1, 0, 1, 1, 1, 1], 'J': [1, 1, 1, 1, 1, 0, 1, 1, 1, 0], 'K': [0, 1, 1, 1, 1, 1, 1, 1, 1, 0]}, '东门南侧': {'A': [0, 0, 1, 1, 1, 1, 1, 1, 1, 0], 'B': [0, 0, 0, 0, 0, 0, 0, 0, 0, 0]}, '西门北侧': {'A': [1, 1, 1, 1, 1, 1, 1, 1, 1, 1], 'B': [0, 1, 1, 1, 1, 1, 1, 1, 0, 1], 'C': [1, 1, 1, 1, 1, 1, 1, 1, 1, 1]}, '西门南侧': {'A': [0, 1, 1, 1, 1, 1, 1, 1, 1, 1], 'B': [1, 1, 1, 1, 1, 1, 1, 1, 1, 1], 'C': [1, 1, 1, 1, 1, 1, 1, 1, 1, 1]}, '南门西侧': {'A': [1, 1, 1, 1, 1, 1, 1, 1, 1, 1], 'B': [1, 1, 1, 1, 0, 1, 1, 1, 1, 1]}, '南门东侧': {'A': [1, 1, 0, 1, 1, 1, 1, 1, 1, 1], 'B': [1, 1, 1, 1, 1, 1, 1, 1, 1, 1]}, '北门东北侧': {'A': [1, 1, 1, 1, 1, 1, 1, 1, 1, 1], 'B': [1, 1, 1, 1, 1, 1, 1, 1, 0, 1], 'C': [1, 1, 0, 1, 1, 1, 1, 1, 1, 0], 'D': [0, 1, 1, 1, 1, 0, 1, 0, 1, 1]}, '北门东南侧': {'A': [1, 1, 1, 1, 1, 1, 1, 1, 1, 1], 'B': [0, 1, 1, 1, 1, 1, 1, 1, 1, 1], 'C': [1, 1, 1, 1, 1, 1, 1, 1, 0, 1], 'D': [1, 1, 0, 1, 1, 1, 1, 1, 1, 1], 'E': [1, 1, 1, 1, 1, 0, 1, 1, 1, 1], 'F': [1, 1, 1, 1, 0, 1, 1, 1, 1, 1]}, '橘园北侧南': {'A': [1, 1, 0, 1, 1, 0, 1, 1, 0, 1], 'B': [0, 1, 0, 1, 1, 0, 1, 1, 1, 0], 'C': [0, 0, 1, 1, 1, 1, 0, 0, 1, 1], 'D': [1, 1, 1, 1, 1, 0, 1, 1, 1, 1], 'E': [1, 1, 1, 0, 1, 1, 1, 1, 0, 1], 'F': [1, 1, 1, 1, 0, 1, 0, 1, 1, 1], 'G': [0, 1, 1, 1, 1, 1, 1, 1, 1, 1], 'H': [1, 1, 1, 1, 1, 1, 1, 1, 1, 1], 'I': [1, 1, 0, 1, 1, 0, 1, 1, 1, 1], 'J': [1, 1, 0, 1, 1, 1, 1, 1, 1, 0]}, '校医院西': {'A': [1, 1, 1, 1, 1, 1, 1, 1, 1, 1], 'B': [1, 1, 1, 1, 1, 1, 1, 1, 1, 1], 'C': [1, 1, 1, 1, 1, 1, 1, 1, 1, 1], 'D': [1, 1, 1, 1, 1, 1, 1, 1, 1, 1], 'E': [1, 1, 1, 1, 1, 1, 1, 1, 1, 1], 'F': [1, 1, 1, 1, 0, 1, 1, 1, 1, 1], 'G': [1, 1, 1, 1, 1, 1, 1, 1, 1, 1], 'H': [1, 1, 0, 1, 1, 0, 1, 1, 0, 1], 'I': [1, 1, 1, 1, 1, 1, 0, 0, 0, 1]}}
623310	2024-07-13 05:55:22.886000+08:00	2024-07-13 05:55:22.886000+08:00	{'东门北侧': {'A': [1, 1, 1, 1, 1, 1, 1, 1, 1, 1], 'B': [1, 1, 1, 1, 1, 1, 1, 1, 1, 1], 'C': [1, 1, 1, 1, 1, 1, 1, 1, 1, 0], 'D': [1, 1, 1, 1, 1, 0, 1, 1, 1, 1], 'E': [1, 1, 0, 0, 1, 1, 1, 1, 1, 1], 'F': [0, 1, 1, 1, 1, 1, 1, 1, 1, 1], 'G': [1, 1, 1, 1, 1, 0, 1, 1, 0, 1], 'H': [1, 1, 1, 1, 0, 1, 1, 1, 1, 0], 'I': [0, 1, 0, 1, 1, 0, 1, 1, 1, 1], 'J': [1, 1, 1, 1, 1, 0, 1, 1, 1, 0], 'K': [0, 1, 1, 1, 1, 1, 1, 1, 1, 0]}, '东门南侧': {'A': [0, 0, 1, 1, 1, 1, 1, 1, 1, 0], 'B': [0, 0, 0, 0, 0, 0, 0, 0, 0, 0]}, '西门北侧': {'A': [1, 1, 1, 1, 1, 1, 1, 1, 1, 1], 'B': [0, 1, 1, 1, 1, 1, 1, 1, 0, 1], 'C': [1, 1, 1, 1, 1, 1, 1, 1, 1, 1]}, '西门南侧': {'A': [0, 1, 1, 1, 1, 1, 1, 1, 1, 1], 'B': [1, 1, 1, 1, 1, 1, 1, 1, 1, 1], 'C': [1, 1, 1, 1, 1, 1, 1, 1, 1, 1]}, '南门西侧': {'A': [1, 1, 1, 1, 1, 1, 1, 1, 1, 1], 'B': [1, 1, 1, 1, 0, 1, 1, 1, 1, 1]}, '南门东侧': {'A': [1, 1, 0, 1, 1, 1, 1, 1, 1, 1], 'B': [1, 1, 1, 1, 1, 1, 1, 1, 1, 1]}, '北门东北侧': {'A': [1, 1, 1, 1, 1, 1, 1, 1, 1, 1], 'B': [1, 1, 1, 1, 1, 1, 1, 1, 0, 1], 'C': [1, 1, 0, 1, 1, 1, 1, 1, 1, 0], 'D': [0, 1, 1, 1, 1, 0, 1, 0, 1, 1]}, '北门东南侧': {'A': [1, 1, 1, 1, 1, 1, 1, 1, 1, 1], 'B': [0, 1, 1, 1, 1, 1, 1, 1, 1, 1], 'C': [1, 1, 1, 1, 1, 1, 1, 1, 0, 1], 'D': [1, 1, 0, 1, 1, 1, 1, 1, 1, 1], 'E': [1, 1, 1, 1, 1, 0, 1, 1, 1, 1], 'F': [1, 1, 1, 1, 0, 1, 1, 1, 1, 1]}, '橘园北侧南': {'A': [1, 1, 0, 1, 1, 0, 1, 1, 0, 1], 'B': [0, 1, 0, 1, 1, 0, 1, 1, 1, 0], 'C': [0, 0, 1, 1, 1, 1, 0, 0, 1, 1], 'D': [1, 1, 1, 1, 1, 0, 1, 1, 1, 1], 'E': [1, 1, 1, 0, 1, 1, 1, 1, 0, 1], 'F': [1, 1, 1, 1, 0, 1, 0, 1, 1, 1], 'G': [0, 1, 1, 1, 1, 1, 1, 1, 1, 1], 'H': [1, 1, 1, 1, 1, 1, 1, 1, 1, 1], 'I': [1, 1, 0, 1, 1, 0, 1, 1, 1, 1], 'J': [1, 1, 0, 1, 1, 1, 1, 1, 1, 0]}, '校医院西': {'A': [1, 1, 1, 1, 1, 1, 1, 1, 1, 1], 'B': [1, 1, 1, 1, 1, 1, 1, 1, 1, 1], 'C': [1, 1, 1, 1, 1, 1, 1, 1, 1, 1], 'D': [1, 1, 1, 1, 1, 1, 1, 1, 1, 1], 'E': [1, 1, 1, 1, 1, 1, 1, 1, 1, 1], 'F': [1, 1, 1, 1, 0, 1, 1, 1, 1, 1], 'G': [1, 1, 1, 1, 1, 1, 1, 1, 1, 1], 'H': [1, 1, 0, 1, 1, 0, 1, 1, 0, 1], 'I': [1, 1, 1, 1, 1, 1, 0, 0, 0, 1]}}
623311	2024-07-13 05:56:23.055000+08:00	2024-07-13 05:56:23.055000+08:00	{'东门北侧': {'A': [1, 1, 1, 1, 1, 1, 1, 1, 1, 1], 'B': [1, 1, 1, 1, 1, 1, 1, 1, 1, 1], 'C': [1, 1, 1, 1, 1, 1, 1, 1, 1, 0], 'D': [1, 1, 1, 1, 1, 0, 1, 1, 1, 1], 'E': [1, 1, 0, 0, 1, 1, 1, 1, 1, 1], 'F': [0, 1, 1, 1, 1, 1, 1, 1, 1, 1], 'G': [1, 1, 1, 1, 1, 0, 1, 1, 0, 1], 'H': [1, 1, 1, 1, 0, 1, 1, 1, 1, 0], 'I': [0, 1, 0, 1, 1, 0, 1, 1, 1, 1], 'J': [1, 1, 1, 1, 1, 0, 1, 1, 1, 0], 'K': [0, 1, 1, 1, 1, 1, 1, 1, 1, 0]}, '东门南侧': {'A': [0, 0, 1, 1, 1, 1, 1, 1, 1, 0], 'B': [0, 0, 0, 0, 0, 0, 0, 0, 0, 0]}, '西门北侧': {'A': [1, 1, 1, 1, 1, 1, 1, 1, 1, 1], 'B': [0, 1, 1, 1, 1, 1, 1, 1, 0, 1], 'C': [1, 1, 1, 1, 1, 1, 1, 1, 1, 1]}, '西门南侧': {'A': [0, 1, 1, 1, 1, 1, 1, 1, 1, 1], 'B': [1, 1, 1, 1, 1, 1, 1, 1, 1, 1], 'C': [1, 1, 1, 1, 1, 1, 1, 1, 1, 1]}, '南门西侧': {'A': [1, 1, 1, 1, 1, 1, 1, 1, 1, 1], 'B': [1, 1, 1, 1, 0, 1, 1, 1, 1, 1]}, '南门东侧': {'A': [1, 1, 0, 1, 1, 1, 1, 1, 1, 1], 'B': [1, 1, 1, 1, 1, 1, 1, 1, 1, 1]}, '北门东北侧': {'A': [1, 1, 1, 1, 1, 1, 1, 1, 1, 1], 'B': [1, 1, 1, 1, 1, 1, 1, 1, 0, 1], 'C': [1, 1, 0, 1, 1, 1, 1, 1, 1, 0], 'D': [0, 1, 1, 1, 1, 0, 1, 0, 1, 1]}, '北门东南侧': {'A': [1, 1, 1, 1, 1, 1, 1, 1, 1, 1], 'B': [0, 1, 1, 1, 1, 1, 1, 1, 1, 1], 'C': [1, 1, 1, 1, 1, 1, 1, 1, 0, 1], 'D': [1, 1, 0, 1, 1, 1, 1, 1, 1, 1], 'E': [1, 1, 1, 1, 1, 0, 1, 1, 1, 1], 'F': [1, 1, 1, 1, 0, 1, 1, 1, 1, 1]}, '橘园北侧南': {'A': [1, 1, 0, 1, 1, 0, 1, 1, 0, 1], 'B': [0, 1, 0, 1, 1, 0, 1, 1, 1, 0], 'C': [0, 0, 1, 1, 1, 1, 0, 0, 1, 1], 'D': [1, 1, 1, 1, 1, 0, 1, 1, 1, 1], 'E': [1, 1, 1, 0, 1, 1, 1, 1, 0, 1], 'F': [1, 1, 1, 1, 0, 1, 0, 1, 1, 1], 'G': [0, 1, 1, 1, 1, 1, 1, 1, 1, 1], 'H': [1, 1, 1, 1, 1, 1, 1, 1, 1, 1], 'I': [1, 1, 0, 1, 1, 0, 1, 1, 1, 1], 'J': [1, 1, 0, 1, 1, 1, 1, 1, 1, 0]}, '校医院西': {'A': [1, 1, 1, 1, 1, 1, 1, 1, 1, 1], 'B': [1, 1, 1, 1, 1, 1, 1, 1, 1, 1], 'C': [1, 1, 1, 1, 1, 1, 1, 1, 1, 1], 'D': [1, 1, 1, 1, 1, 1, 1, 1, 1, 1], 'E': [1, 1, 1, 1, 1, 1, 1, 1, 1, 1], 'F': [1, 1, 1, 1, 0, 1, 1, 1, 1, 1], 'G': [1, 1, 1, 1, 1, 1, 1, 1, 1, 1], 'H': [1, 1, 0, 1, 1, 0, 1, 1, 0, 1], 'I': [1, 1, 1, 1, 1, 1, 0, 0, 0, 1]}}
623312	2024-07-13 05:57:22.893000+08:00	2024-07-13 05:57:22.893000+08:00	{'东门北侧': {'A': [1, 1, 1, 1, 1, 1, 1, 1, 1, 1], 'B': [1, 1, 1, 1, 1, 1, 1, 1, 1, 1], 'C': [1, 1, 1, 1, 1, 1, 1, 1, 1, 0], 'D': [1, 1, 1, 1, 1, 0, 1, 1, 1, 1], 'E': [1, 1, 0, 0, 1, 1, 1, 1, 1, 1], 'F': [0, 1, 1, 1, 1, 1, 1, 1, 1, 1], 'G': [1, 1, 1, 1, 1, 0, 1, 1, 0, 1], 'H': [1, 1, 1, 1, 0, 1, 1, 1, 1, 0], 'I': [0, 1, 0, 1, 1, 0, 1, 1, 1, 1], 'J': [1, 1, 1, 1, 1, 0, 1, 1, 1, 0], 'K': [0, 1, 1, 1, 1, 1, 1, 1, 1, 0]}, '东门南侧': {'A': [0, 0, 1, 1, 1, 1, 1, 1, 1, 0], 'B': [0, 0, 0, 0, 0, 0, 0, 0, 0, 0]}, '西门北侧': {'A': [1, 1, 1, 1, 1, 1, 1, 1, 1, 1], 'B': [0, 1, 1, 1, 1, 1, 1, 1, 0, 1], 'C': [1, 1, 1, 1, 1, 1, 1, 1, 1, 1]}, '西门南侧': {'A': [0, 1, 1, 1, 1, 1, 1, 1, 1, 1], 'B': [1, 1, 1, 1, 1, 1, 1, 1, 1, 1], 'C': [1, 1, 1, 1, 1, 1, 1, 1, 1, 1]}, '南门西侧': {'A': [1, 1, 1, 1, 1, 1, 1, 1, 1, 1], 'B': [1, 1, 1, 1, 0, 1, 1, 1, 1, 1]}, '南门东侧': {'A': [1, 1, 0, 1, 1, 1, 1, 1, 1, 1], 'B': [1, 1, 1, 1, 1, 1, 1, 1, 1, 1]}, '北门东北侧': {'A': [1, 1, 1, 1, 1, 1, 1, 1, 1, 1], 'B': [1, 1, 1, 1, 1, 1, 1, 1, 0, 1], 'C': [1, 1, 0, 1, 1, 1, 1, 1, 1, 0], 'D': [0, 1, 1, 1, 1, 0, 1, 0, 1, 1]}, '北门东南侧': {'A': [1, 1, 1, 1, 1, 1, 1, 1, 1, 1], 'B': [0, 1, 1, 1, 1, 1, 1, 1, 1, 1], 'C': [1, 1, 1, 1, 1, 1, 1, 1, 0, 1], 'D': [1, 1, 0, 1, 1, 1, 1, 1, 1, 1], 'E': [1, 1, 1, 1, 1, 0, 1, 1, 1, 1], 'F': [1, 1, 1, 1, 0, 1, 1, 1, 1, 1]}, '橘园北侧南': {'A': [1, 1, 0, 1, 1, 0, 1, 1, 0, 1], 'B': [0, 1, 0, 1, 1, 0, 1, 1, 1, 0], 'C': [0, 0, 1, 1, 1, 1, 0, 0, 1, 1], 'D': [1, 1, 1, 1, 1, 0, 1, 1, 1, 1], 'E': [1, 1, 1, 0, 1, 1, 1, 1, 0, 1], 'F': [1, 1, 1, 1, 0, 1, 0, 1, 1, 1], 'G': [0, 1, 1, 1, 1, 1, 1, 1, 1, 1], 'H': [1, 1, 1, 1, 1, 1, 1, 1, 1, 1], 'I': [1, 1, 0, 1, 1, 0, 1, 1, 1, 1], 'J': [1, 1, 0, 1, 1, 1, 1, 1, 1, 0]}, '校医院西': {'A': [1, 1, 1, 1, 1, 1, 1, 1, 1, 1], 'B': [1, 1, 1, 1, 1, 1, 1, 1, 1, 1], 'C': [1, 1, 1, 1, 1, 1, 1, 1, 1, 1], 'D': [1, 1, 1, 1, 1, 1, 1, 1, 1, 1], 'E': [1, 1, 1, 1, 1, 1, 1, 1, 1, 1], 'F': [1, 1, 1, 1, 0, 1, 1, 1, 1, 1], 'G': [1, 1, 1, 1, 1, 1, 1, 1, 1, 1], 'H': [1, 1, 0, 1, 1, 0, 1, 1, 0, 1], 'I': [1, 1, 1, 1, 1, 1, 0, 0, 0, 1]}}
623313	2024-07-13 05:58:22.920000+08:00	2024-07-13 05:58:22.920000+08:00	{'东门北侧': {'A': [1, 1, 1, 1, 1, 1, 1, 1, 1, 1], 'B': [1, 1, 1, 1, 1, 1, 1, 1, 1, 1], 'C': [1, 1, 1, 1, 1, 1, 1, 1, 1, 0], 'D': [1, 1, 1, 1, 1, 0, 1, 1, 1, 1], 'E': [1, 1, 0, 0, 1, 1, 1, 1, 1, 1], 'F': [0, 1, 1, 1, 1, 1, 1, 1, 1, 1], 'G': [1, 1, 1, 1, 1, 0, 1, 1, 0, 1], 'H': [1, 1, 1, 1, 0, 1, 1, 1, 1, 0], 'I': [0, 1, 0, 1, 1, 0, 1, 1, 1, 1], 'J': [1, 1, 1, 1, 1, 0, 1, 1, 1, 0], 'K': [0, 1, 1, 1, 1, 1, 1, 1, 1, 0]}, '东门南侧': {'A': [0, 0, 1, 1, 1, 1, 1, 1, 1, 0], 'B': [0, 0, 0, 0, 0, 0, 0, 0, 0, 0]}, '西门北侧': {'A': [1, 1, 1, 1, 1, 1, 1, 1, 1, 1], 'B': [0, 1, 1, 1, 1, 1, 1, 1, 0, 1], 'C': [1, 1, 1, 1, 1, 1, 1, 1, 1, 1]}, '西门南侧': {'A': [0, 1, 1, 1, 1, 1, 1, 1, 1, 1], 'B': [1, 1, 1, 1, 1, 1, 1, 1, 1, 1], 'C': [1, 1, 1, 1, 1, 1, 1, 1, 1, 1]}, '南门西侧': {'A': [1, 1, 1, 1, 1, 1, 1, 1, 1, 1], 'B': [1, 1, 1, 1, 0, 1, 1, 1, 1, 1]}, '南门东侧': {'A': [1, 1, 0, 1, 1, 1, 1, 1, 1, 1], 'B': [1, 1, 1, 1, 1, 1, 1, 1, 1, 1]}, '北门东北侧': {'A': [1, 1, 1, 1, 1, 1, 1, 1, 1, 1], 'B': [1, 1, 1, 1, 1, 1, 1, 1, 0, 1], 'C': [1, 1, 0, 1, 1, 1, 1, 1, 1, 0], 'D': [0, 1, 1, 1, 1, 0, 1, 0, 1, 1]}, '北门东南侧': {'A': [1, 1, 1, 1, 1, 1, 1, 1, 1, 1], 'B': [0, 1, 1, 1, 1, 1, 1, 1, 1, 1], 'C': [1, 1, 1, 1, 1, 1, 1, 1, 0, 1], 'D': [1, 1, 0, 1, 1, 1, 1, 1, 1, 1], 'E': [1, 1, 1, 1, 1, 0, 1, 1, 1, 1], 'F': [1, 1, 1, 1, 0, 1, 1, 1, 1, 1]}, '橘园北侧南': {'A': [1, 1, 0, 1, 1, 0, 1, 1, 0, 1], 'B': [0, 1, 0, 1, 1, 0, 1, 1, 1, 0], 'C': [0, 0, 1, 1, 1, 1, 0, 0, 1, 1], 'D': [1, 1, 1, 1, 1, 0, 1, 1, 1, 1], 'E': [1, 1, 1, 0, 1, 1, 1, 1, 0, 1], 'F': [1, 1, 1, 1, 0, 1, 0, 1, 1, 1], 'G': [0, 1, 1, 1, 1, 1, 1, 1, 1, 1], 'H': [1, 1, 1, 1, 1, 1, 1, 1, 1, 1], 'I': [1, 1, 0, 1, 1, 0, 1, 1, 1, 1], 'J': [1, 1, 0, 1, 1, 1, 1, 1, 1, 0]}, '校医院西': {'A': [1, 1, 1, 1, 1, 1, 1, 1, 1, 1], 'B': [1, 1, 1, 1, 1, 1, 1, 1, 1, 1], 'C': [1, 1, 1, 1, 1, 1, 1, 1, 1, 1], 'D': [1, 1, 1, 1, 1, 1, 1, 1, 1, 1], 'E': [1, 1, 1, 1, 1, 1, 1, 1, 1, 1], 'F': [1, 1, 1, 1, 0, 1, 1, 1, 1, 1], 'G': [1, 1, 1, 1, 1, 1, 1, 1, 1, 1], 'H': [1, 1, 0, 1, 1, 0, 1, 1, 0, 1], 'I': [1, 1, 1, 1, 1, 1, 0, 0, 0, 1]}}
623314	2024-07-13 05:59:23.845000+08:00	2024-07-13 05:59:23.845000+08:00	{'东门北侧': {'A': [1, 1, 1, 1, 1, 1, 1, 1, 1, 1], 'B': [1, 1, 1, 1, 1, 1, 1, 1, 1, 1], 'C': [1, 1, 1, 1, 1, 1, 1, 1, 1, 0], 'D': [1, 1, 1, 1, 1, 0, 1, 1, 1, 1], 'E': [1, 1, 0, 0, 1, 1, 1, 1, 1, 1], 'F': [0, 1, 1, 1, 1, 1, 1, 1, 1, 1], 'G': [1, 1, 1, 1, 1, 0, 1, 1, 0, 1], 'H': [1, 1, 1, 1, 0, 1, 1, 1, 1, 0], 'I': [0, 1, 0, 1, 1, 0, 1, 1, 1, 1], 'J': [1, 1, 1, 1, 1, 0, 1, 1, 1, 0], 'K': [0, 1, 1, 1, 1, 1, 1, 1, 1, 0]}, '东门南侧': {'A': [0, 0, 1, 1, 1, 1, 1, 1, 1, 0], 'B': [0, 0, 0, 0, 0, 0, 0, 0, 0, 0]}, '西门北侧': {'A': [1, 1, 1, 1, 1, 1, 1, 1, 1, 1], 'B': [0, 1, 1, 1, 1, 1, 1, 1, 0, 1], 'C': [1, 1, 1, 1, 1, 1, 1, 1, 1, 1]}, '西门南侧': {'A': [0, 1, 1, 1, 1, 1, 1, 1, 1, 1], 'B': [1, 1, 1, 1, 1, 1, 1, 1, 1, 1], 'C': [1, 1, 1, 1, 1, 1, 1, 1, 1, 1]}, '南门西侧': {'A': [1, 1, 1, 1, 1, 1, 1, 1, 1, 1], 'B': [1, 1, 1, 1, 0, 1, 1, 1, 1, 1]}, '南门东侧': {'A': [1, 1, 0, 1, 1, 1, 1, 1, 1, 1], 'B': [1, 1, 1, 1, 1, 1, 1, 1, 1, 1]}, '北门东北侧': {'A': [1, 1, 1, 1, 1, 1, 1, 1, 1, 1], 'B': [1, 1, 1, 1, 1, 1, 1, 1, 0, 1], 'C': [1, 1, 0, 1, 1, 1, 1, 1, 1, 0], 'D': [0, 1, 1, 1, 1, 0, 1, 0, 1, 1]}, '北门东南侧': {'A': [1, 1, 1, 1, 1, 1, 1, 1, 1, 1], 'B': [0, 1, 1, 1, 1, 1, 1, 1, 1, 1], 'C': [1, 1, 1, 1, 1, 1, 1, 1, 0, 1], 'D': [1, 1, 0, 1, 1, 1, 1, 1, 1, 1], 'E': [1, 1, 1, 1, 1, 0, 1, 1, 1, 1], 'F': [1, 1, 1, 1, 0, 1, 1, 1, 1, 1]}, '橘园北侧南': {'A': [1, 1, 0, 1, 1, 0, 1, 1, 0, 1], 'B': [0, 1, 0, 1, 1, 0, 1, 1, 1, 0], 'C': [0, 0, 1, 1, 1, 1, 0, 0, 1, 1], 'D': [1, 1, 1, 1, 1, 0, 1, 1, 1, 1], 'E': [1, 1, 1, 0, 1, 1, 1, 1, 0, 1], 'F': [1, 1, 1, 1, 0, 1, 0, 1, 1, 1], 'G': [0, 1, 1, 1, 1, 1, 1, 1, 1, 1], 'H': [1, 1, 1, 1, 1, 1, 1, 1, 1, 1], 'I': [1, 1, 0, 1, 1, 0, 1, 1, 1, 1], 'J': [1, 1, 0, 1, 1, 1, 1, 1, 1, 0]}, '校医院西': {'A': [1, 1, 1, 1, 1, 1, 1, 1, 1, 1], 'B': [1, 1, 1, 1, 1, 1, 1, 1, 1, 1], 'C': [1, 1, 1, 1, 1, 1, 1, 1, 1, 1], 'D': [1, 1, 1, 1, 1, 1, 1, 1, 1, 1], 'E': [1, 1, 1, 1, 1, 1, 1, 1, 1, 1], 'F': [1, 1, 1, 1, 0, 1, 1, 1, 1, 1], 'G': [1, 1, 1, 1, 1, 1, 1, 1, 1, 1], 'H': [1, 1, 0, 1, 1, 0, 1, 1, 0, 1], 'I': [1, 1, 1, 1, 1, 1, 0, 0, 0, 1]}}
623315	2024-07-13 06:00:24.117000+08:00	2024-07-13 06:00:24.117000+08:00	{'东门北侧': {'A': [1, 1, 1, 1, 1, 1, 1, 1, 1, 1], 'B': [1, 1, 1, 1, 1, 1, 1, 1, 1, 1], 'C': [1, 1, 1, 1, 1, 1, 1, 1, 1, 0], 'D': [1, 1, 1, 1, 1, 0, 1, 1, 1, 1], 'E': [1, 1, 0, 0, 1, 1, 1, 1, 1, 1], 'F': [0, 1, 1, 1, 1, 1, 1, 1, 1, 1], 'G': [1, 1, 1, 1, 1, 0, 1, 1, 0, 1], 'H': [1, 1, 1, 1, 0, 1, 1, 1, 1, 0], 'I': [0, 1, 0, 1, 1, 0, 1, 1, 1, 1], 'J': [1, 1, 1, 1, 1, 0, 1, 1, 1, 0], 'K': [0, 1, 1, 1, 1, 1, 1, 1, 1, 0]}, '东门南侧': {'A': [0, 0, 1, 1, 1, 1, 1, 1, 1, 0], 'B': [0, 0, 0, 0, 0, 0, 0, 0, 0, 0]}, '西门北侧': {'A': [1, 1, 1, 1, 1, 1, 1, 1, 1, 1], 'B': [0, 1, 1, 1, 1, 1, 1, 1, 0, 1], 'C': [1, 1, 1, 1, 1, 1, 1, 1, 1, 1]}, '西门南侧': {'A': [0, 1, 1, 1, 1, 1, 1, 1, 1, 1], 'B': [1, 1, 1, 1, 1, 1, 1, 1, 1, 1], 'C': [1, 1, 1, 1, 1, 1, 1, 1, 1, 1]}, '南门西侧': {'A': [1, 1, 1, 1, 1, 1, 1, 1, 1, 1], 'B': [1, 1, 1, 1, 0, 1, 1, 1, 1, 1]}, '南门东侧': {'A': [1, 1, 0, 1, 1, 1, 1, 1, 1, 1], 'B': [1, 1, 1, 1, 1, 1, 1, 1, 1, 1]}, '北门东北侧': {'A': [1, 1, 1, 1, 1, 1, 1, 1, 1, 1], 'B': [1, 1, 1, 1, 1, 1, 1, 1, 0, 1], 'C': [1, 1, 0, 1, 1, 1, 1, 1, 1, 0], 'D': [0, 1, 1, 1, 1, 0, 1, 0, 1, 1]}, '北门东南侧': {'A': [1, 1, 1, 1, 1, 1, 1, 1, 1, 1], 'B': [0, 1, 1, 1, 1, 1, 1, 1, 1, 1], 'C': [1, 1, 1, 1, 1, 1, 1, 1, 0, 1], 'D': [1, 1, 0, 1, 1, 1, 1, 1, 1, 1], 'E': [1, 1, 1, 1, 1, 0, 1, 1, 1, 1], 'F': [1, 1, 1, 1, 0, 1, 1, 1, 1, 1]}, '橘园北侧南': {'A': [1, 1, 0, 1, 1, 0, 1, 1, 0, 1], 'B': [0, 1, 0, 1, 1, 0, 1, 1, 1, 0], 'C': [0, 0, 1, 1, 1, 1, 0, 0, 1, 1], 'D': [1, 1, 1, 1, 1, 0, 1, 1, 1, 1], 'E': [1, 1, 1, 0, 1, 1, 1, 1, 0, 1], 'F': [1, 1, 1, 1, 0, 1, 0, 1, 1, 1], 'G': [0, 1, 1, 1, 1, 1, 1, 1, 1, 1], 'H': [1, 1, 1, 1, 1, 1, 1, 1, 1, 1], 'I': [1, 1, 0, 1, 1, 0, 1, 1, 1, 1], 'J': [1, 1, 0, 1, 1, 1, 1, 1, 1, 0]}, '校医院西': {'A': [1, 1, 1, 1, 1, 1, 1, 1, 1, 1], 'B': [1, 1, 1, 1, 1, 1, 1, 1, 1, 1], 'C': [1, 1, 1, 1, 1, 1, 1, 1, 1, 1], 'D': [1, 1, 1, 1, 1, 1, 1, 1, 1, 1], 'E': [1, 1, 1, 1, 1, 1, 1, 1, 1, 1], 'F': [1, 1, 1, 1, 0, 1, 1, 1, 1, 1], 'G': [1, 1, 1, 1, 1, 1, 1, 1, 1, 1], 'H': [1, 1, 0, 1, 1, 0, 1, 1, 0, 1], 'I': [1, 1, 1, 1, 1, 1, 0, 0, 0, 1]}}
623316	2024-07-13 06:01:20.904000+08:00	2024-07-13 06:01:20.904000+08:00	{'东门北侧': {'A': [1, 1, 1, 1, 1, 1, 1, 1, 1, 1], 'B': [1, 1, 1, 1, 1, 1, 1, 1, 1, 1], 'C': [1, 1, 1, 1, 1, 1, 1, 1, 1, 0], 'D': [1, 1, 1, 1, 1, 0, 1, 1, 1, 1], 'E': [1, 1, 0, 0, 1, 1, 1, 1, 1, 1], 'F': [0, 1, 1, 1, 1, 1, 1, 1, 1, 1], 'G': [1, 1, 1, 1, 1, 0, 1, 1, 0, 1], 'H': [1, 1, 1, 1, 0, 1, 1, 1, 1, 0], 'I': [0, 1, 0, 1, 1, 0, 1, 1, 1, 1], 'J': [1, 1, 1, 1, 1, 0, 1, 1, 1, 0], 'K': [0, 1, 1, 1, 1, 1, 1, 1, 1, 0]}, '东门南侧': {'A': [0, 0, 1, 1, 1, 1, 1, 1, 1, 0], 'B': [0, 0, 0, 0, 0, 0, 0, 0, 0, 0]}, '西门北侧': {'A': [1, 1, 1, 1, 1, 1, 1, 1, 1, 1], 'B': [0, 1, 1, 1, 1, 1, 1, 1, 0, 1], 'C': [1, 1, 1, 1, 1, 1, 1, 1, 1, 1]}, '西门南侧': {'A': [0, 1, 1, 1, 1, 1, 1, 1, 1, 1], 'B': [1, 1, 1, 1, 1, 1, 1, 1, 1, 1], 'C': [1, 1, 1, 1, 1, 1, 1, 1, 1, 1]}, '南门西侧': {'A': [1, 1, 1, 1, 1, 1, 1, 1, 1, 1], 'B': [1, 1, 1, 1, 0, 1, 1, 1, 1, 1]}, '南门东侧': {'A': [1, 1, 0, 1, 1, 1, 1, 1, 1, 1], 'B': [1, 1, 1, 1, 1, 1, 1, 1, 1, 1]}, '北门东北侧': {'A': [1, 1, 1, 1, 1, 1, 1, 1, 1, 1], 'B': [1, 1, 1, 1, 1, 1, 1, 1, 0, 1], 'C': [1, 1, 0, 1, 1, 1, 1, 1, 1, 0], 'D': [0, 1, 1, 1, 1, 0, 1, 0, 1, 1]}, '北门东南侧': {'A': [1, 1, 1, 1, 1, 1, 1, 1, 1, 1], 'B': [0, 1, 1, 1, 1, 1, 1, 1, 1, 1], 'C': [1, 1, 1, 1, 1, 1, 1, 1, 0, 1], 'D': [1, 1, 0, 1, 1, 1, 1, 1, 1, 1], 'E': [1, 1, 1, 1, 1, 0, 1, 1, 1, 1], 'F': [1, 1, 1, 1, 0, 1, 1, 1, 1, 1]}, '橘园北侧南': {'A': [1, 1, 0, 1, 1, 0, 1, 1, 0, 1], 'B': [0, 1, 0, 1, 1, 0, 1, 1, 1, 0], 'C': [0, 0, 1, 1, 1, 1, 0, 0, 1, 1], 'D': [1, 1, 1, 1, 1, 0, 1, 1, 1, 1], 'E': [1, 1, 1, 0, 1, 1, 1, 1, 0, 1], 'F': [1, 1, 1, 1, 0, 1, 0, 1, 1, 1], 'G': [0, 1, 1, 1, 1, 1, 1, 1, 1, 1], 'H': [1, 1, 1, 1, 1, 1, 1, 1, 1, 1], 'I': [1, 1, 0, 1, 1, 0, 1, 1, 1, 1], 'J': [1, 1, 0, 1, 1, 1, 1, 1, 1, 0]}, '校医院西': {'A': [1, 1, 1, 1, 1, 1, 1, 1, 1, 1], 'B': [1, 1, 1, 1, 1, 1, 1, 1, 1, 1], 'C': [1, 1, 1, 1, 1, 1, 1, 1, 1, 1], 'D': [1, 1, 1, 1, 1, 1, 1, 1, 1, 1], 'E': [1, 1, 1, 1, 1, 1, 1, 1, 1, 1], 'F': [1, 1, 1, 1, 0, 1, 1, 1, 1, 1], 'G': [1, 1, 1, 1, 1, 1, 1, 1, 1, 1], 'H': [1, 1, 0, 1, 1, 0, 1, 1, 0, 1], 'I': [1, 1, 1, 1, 1, 1, 0, 0, 0, 1]}}
623317	2024-07-13 06:02:21.825000+08:00	2024-07-13 06:02:21.825000+08:00	{'东门北侧': {'A': [1, 1, 1, 1, 1, 1, 1, 1, 1, 1], 'B': [1, 1, 1, 1, 1, 1, 1, 1, 1, 1], 'C': [1, 1, 1, 1, 1, 1, 1, 1, 1, 0], 'D': [1, 1, 1, 1, 1, 0, 1, 1, 1, 1], 'E': [1, 1, 0, 0, 1, 1, 1, 1, 1, 1], 'F': [0, 1, 1, 1, 1, 1, 1, 1, 1, 1], 'G': [1, 1, 1, 1, 1, 0, 1, 1, 0, 1], 'H': [1, 1, 1, 1, 0, 1, 1, 1, 1, 0], 'I': [0, 1, 0, 1, 1, 0, 1, 1, 1, 1], 'J': [1, 1, 1, 1, 1, 0, 1, 1, 1, 0], 'K': [0, 1, 1, 1, 1, 1, 1, 1, 1, 0]}, '东门南侧': {'A': [0, 0, 1, 1, 1, 1, 1, 1, 1, 0], 'B': [0, 0, 0, 0, 0, 0, 0, 0, 0, 0]}, '西门北侧': {'A': [1, 1, 1, 1, 1, 1, 1, 1, 1, 1], 'B': [0, 1, 1, 1, 1, 1, 1, 1, 0, 1], 'C': [1, 1, 1, 1, 1, 1, 1, 1, 1, 1]}, '西门南侧': {'A': [0, 1, 1, 1, 1, 1, 1, 1, 1, 1], 'B': [1, 1, 1, 1, 1, 1, 1, 1, 1, 1], 'C': [1, 1, 1, 1, 1, 1, 1, 1, 1, 1]}, '南门西侧': {'A': [1, 1, 1, 1, 1, 1, 1, 1, 1, 1], 'B': [1, 1, 1, 1, 0, 1, 1, 1, 1, 1]}, '南门东侧': {'A': [1, 1, 0, 1, 1, 1, 1, 1, 1, 1], 'B': [1, 1, 1, 1, 1, 1, 1, 1, 1, 1]}, '北门东北侧': {'A': [1, 1, 1, 1, 1, 1, 1, 1, 1, 1], 'B': [1, 1, 1, 1, 1, 1, 1, 1, 0, 1], 'C': [1, 1, 0, 1, 1, 1, 1, 1, 1, 0], 'D': [0, 1, 1, 1, 1, 0, 1, 0, 1, 1]}, '北门东南侧': {'A': [1, 1, 1, 1, 1, 1, 1, 1, 1, 1], 'B': [0, 1, 1, 1, 1, 1, 1, 1, 1, 1], 'C': [1, 1, 1, 1, 1, 1, 1, 1, 0, 1], 'D': [1, 1, 0, 1, 1, 1, 1, 1, 1, 1], 'E': [1, 1, 1, 1, 1, 0, 1, 1, 1, 1], 'F': [1, 1, 1, 1, 0, 1, 1, 1, 1, 1]}, '橘园北侧南': {'A': [1, 1, 0, 1, 1, 0, 1, 1, 0, 1], 'B': [0, 1, 0, 1, 1, 0, 1, 1, 1, 0], 'C': [0, 0, 1, 1, 1, 1, 0, 0, 1, 1], 'D': [1, 1, 1, 1, 1, 0, 1, 1, 1, 1], 'E': [1, 1, 1, 0, 1, 1, 1, 1, 0, 1], 'F': [1, 1, 1, 1, 0, 1, 0, 1, 1, 1], 'G': [0, 1, 1, 1, 1, 1, 1, 1, 1, 1], 'H': [1, 1, 1, 1, 1, 1, 1, 1, 1, 1], 'I': [1, 1, 0, 1, 1, 0, 1, 1, 1, 1], 'J': [1, 1, 0, 1, 1, 1, 1, 1, 1, 0]}, '校医院西': {'A': [1, 1, 1, 1, 1, 1, 1, 1, 1, 1], 'B': [1, 1, 1, 1, 1, 1, 1, 1, 1, 1], 'C': [1, 1, 1, 1, 1, 1, 1, 1, 1, 1], 'D': [1, 1, 1, 1, 1, 1, 1, 1, 1, 1], 'E': [1, 1, 1, 1, 1, 1, 1, 1, 1, 1], 'F': [1, 1, 1, 1, 0, 1, 1, 1, 1, 1], 'G': [1, 1, 1, 1, 1, 1, 1, 1, 1, 1], 'H': [1, 1, 0, 1, 1, 0, 1, 1, 0, 1], 'I': [1, 1, 1, 1, 1, 1, 0, 0, 0, 1]}}
623318	2024-07-13 06:03:23.866000+08:00	2024-07-13 06:03:23.866000+08:00	{'东门北侧': {'A': [1, 1, 1, 1, 1, 1, 1, 1, 1, 1], 'B': [1, 1, 1, 1, 1, 1, 1, 1, 1, 1], 'C': [1, 1, 1, 1, 1, 1, 1, 1, 1, 0], 'D': [1, 1, 1, 1, 1, 0, 1, 1, 1, 1], 'E': [1, 1, 0, 0, 1, 1, 1, 1, 1, 1], 'F': [0, 1, 1, 1, 1, 1, 1, 1, 1, 1], 'G': [1, 1, 1, 1, 1, 0, 1, 1, 0, 1], 'H': [1, 1, 1, 1, 0, 1, 1, 1, 1, 0], 'I': [0, 1, 0, 1, 1, 0, 1, 1, 1, 1], 'J': [1, 1, 1, 1, 1, 0, 1, 1, 1, 0], 'K': [0, 1, 1, 1, 1, 1, 1, 1, 1, 0]}, '东门南侧': {'A': [0, 0, 1, 1, 1, 1, 1, 1, 1, 0], 'B': [0, 0, 0, 0, 0, 0, 0, 0, 0, 0]}, '西门北侧': {'A': [1, 1, 1, 1, 1, 1, 1, 1, 1, 1], 'B': [0, 1, 1, 1, 1, 1, 1, 1, 0, 1], 'C': [1, 1, 1, 1, 1, 1, 1, 1, 1, 1]}, '西门南侧': {'A': [0, 1, 1, 1, 1, 1, 1, 1, 1, 1], 'B': [1, 1, 1, 1, 1, 1, 1, 1, 1, 1], 'C': [1, 1, 1, 1, 1, 1, 1, 1, 1, 1]}, '南门西侧': {'A': [1, 1, 1, 1, 1, 1, 1, 1, 1, 1], 'B': [1, 1, 1, 1, 0, 1, 1, 1, 1, 1]}, '南门东侧': {'A': [1, 1, 0, 1, 1, 1, 1, 1, 1, 1], 'B': [1, 1, 1, 1, 1, 1, 1, 1, 1, 1]}, '北门东北侧': {'A': [1, 1, 1, 1, 1, 1, 1, 1, 1, 1], 'B': [1, 1, 1, 1, 1, 1, 1, 1, 0, 1], 'C': [1, 1, 0, 1, 1, 1, 1, 1, 1, 0], 'D': [0, 1, 1, 1, 1, 0, 1, 0, 1, 1]}, '北门东南侧': {'A': [1, 1, 1, 1, 1, 1, 1, 1, 1, 1], 'B': [0, 1, 1, 1, 1, 1, 1, 1, 1, 1], 'C': [1, 1, 1, 1, 1, 1, 1, 1, 0, 1], 'D': [1, 1, 0, 1, 1, 1, 1, 1, 1, 1], 'E': [1, 1, 1, 1, 1, 0, 1, 1, 1, 1], 'F': [1, 1, 1, 1, 0, 1, 1, 1, 1, 1]}, '橘园北侧南': {'A': [1, 1, 0, 1, 1, 0, 1, 1, 0, 1], 'B': [0, 1, 0, 1, 1, 0, 1, 1, 1, 0], 'C': [0, 0, 1, 1, 1, 1, 0, 0, 1, 1], 'D': [1, 1, 1, 1, 1, 0, 1, 1, 1, 1], 'E': [1, 1, 1, 0, 1, 1, 1, 1, 0, 1], 'F': [1, 1, 1, 1, 0, 1, 0, 1, 1, 1], 'G': [0, 1, 1, 1, 1, 1, 1, 1, 1, 1], 'H': [1, 1, 1, 1, 1, 1, 1, 1, 1, 1], 'I': [1, 1, 0, 1, 1, 0, 1, 1, 1, 1], 'J': [1, 1, 0, 1, 1, 1, 1, 1, 1, 0]}, '校医院西': {'A': [1, 1, 1, 1, 1, 1, 1, 1, 1, 1], 'B': [1, 1, 1, 1, 1, 1, 1, 1, 1, 1], 'C': [1, 1, 1, 1, 1, 1, 1, 1, 1, 1], 'D': [1, 1, 1, 1, 1, 1, 1, 1, 1, 1], 'E': [1, 1, 1, 1, 1, 1, 1, 1, 1, 1], 'F': [1, 1, 1, 1, 0, 1, 1, 1, 1, 1], 'G': [1, 1, 1, 1, 1, 1, 1, 1, 1, 1], 'H': [1, 1, 0, 1, 1, 0, 1, 1, 0, 1], 'I': [1, 1, 1, 1, 1, 1, 0, 0, 0, 1]}}
623319	2024-07-13 06:04:23.286000+08:00	2024-07-13 06:04:23.286000+08:00	{'东门北侧': {'A': [1, 1, 1, 1, 1, 1, 1, 1, 1, 1], 'B': [1, 1, 1, 1, 1, 1, 1, 1, 1, 1], 'C': [1, 1, 1, 1, 1, 1, 1, 1, 1, 0], 'D': [1, 1, 1, 1, 1, 0, 1, 1, 1, 1], 'E': [1, 1, 0, 0, 1, 1, 1, 1, 1, 1], 'F': [0, 1, 1, 1, 1, 1, 1, 1, 1, 1], 'G': [1, 1, 1, 1, 1, 0, 1, 1, 0, 1], 'H': [1, 1, 1, 1, 0, 1, 1, 1, 1, 0], 'I': [0, 1, 0, 1, 1, 0, 1, 1, 1, 1], 'J': [1, 1, 1, 1, 1, 0, 1, 1, 1, 0], 'K': [0, 1, 1, 1, 1, 1, 1, 1, 1, 0]}, '东门南侧': {'A': [0, 0, 1, 1, 1, 1, 1, 1, 1, 0], 'B': [0, 0, 0, 0, 0, 0, 0, 0, 0, 0]}, '西门北侧': {'A': [1, 1, 1, 1, 1, 1, 1, 1, 1, 1], 'B': [0, 1, 1, 1, 1, 1, 1, 1, 0, 1], 'C': [1, 1, 1, 1, 1, 1, 1, 1, 1, 1]}, '西门南侧': {'A': [0, 1, 1, 1, 1, 1, 1, 1, 1, 1], 'B': [1, 1, 1, 1, 1, 1, 1, 1, 1, 1], 'C': [1, 1, 1, 1, 1, 1, 1, 1, 1, 1]}, '南门西侧': {'A': [1, 1, 1, 1, 1, 1, 1, 1, 1, 1], 'B': [1, 1, 1, 1, 0, 1, 1, 1, 1, 1]}, '南门东侧': {'A': [1, 1, 0, 1, 1, 1, 1, 1, 1, 1], 'B': [1, 1, 1, 1, 1, 1, 1, 1, 1, 1]}, '北门东北侧': {'A': [1, 1, 1, 1, 1, 1, 1, 1, 1, 1], 'B': [1, 1, 1, 1, 1, 1, 1, 1, 0, 1], 'C': [1, 1, 0, 1, 1, 1, 1, 1, 1, 0], 'D': [0, 1, 1, 1, 1, 0, 1, 0, 1, 1]}, '北门东南侧': {'A': [1, 1, 1, 1, 1, 1, 1, 1, 1, 1], 'B': [0, 1, 1, 1, 1, 1, 1, 1, 1, 1], 'C': [1, 1, 1, 1, 1, 1, 1, 1, 0, 1], 'D': [1, 1, 0, 1, 1, 1, 1, 1, 1, 1], 'E': [1, 1, 1, 1, 1, 0, 1, 1, 1, 1], 'F': [1, 1, 1, 1, 0, 1, 1, 1, 1, 1]}, '橘园北侧南': {'A': [1, 1, 0, 1, 1, 0, 1, 1, 0, 1], 'B': [0, 1, 0, 1, 1, 0, 1, 1, 1, 0], 'C': [0, 0, 1, 1, 1, 1, 0, 0, 1, 1], 'D': [1, 1, 1, 1, 1, 0, 1, 1, 1, 1], 'E': [1, 1, 1, 0, 1, 1, 1, 1, 0, 1], 'F': [1, 1, 1, 1, 0, 1, 0, 1, 1, 1], 'G': [0, 1, 1, 1, 1, 1, 1, 1, 1, 1], 'H': [1, 1, 1, 1, 1, 1, 1, 1, 1, 1], 'I': [1, 1, 0, 1, 1, 0, 1, 1, 1, 1], 'J': [1, 1, 0, 1, 1, 1, 1, 1, 1, 0]}, '校医院西': {'A': [1, 1, 1, 1, 1, 1, 1, 1, 1, 1], 'B': [1, 1, 1, 1, 1, 1, 1, 1, 1, 1], 'C': [1, 1, 1, 1, 1, 1, 1, 1, 1, 1], 'D': [1, 1, 1, 1, 1, 1, 1, 1, 1, 1], 'E': [1, 1, 1, 1, 1, 1, 1, 1, 1, 1], 'F': [1, 1, 1, 1, 0, 1, 1, 1, 1, 1], 'G': [1, 1, 1, 1, 1, 1, 1, 1, 1, 1], 'H': [1, 1, 0, 1, 1, 0, 1, 1, 0, 1], 'I': [1, 1, 1, 1, 1, 1, 0, 0, 0, 1]}}
623320	2024-07-13 06:05:20.821000+08:00	2024-07-13 06:05:20.821000+08:00	{'东门北侧': {'A': [1, 1, 1, 1, 1, 1, 1, 1, 1, 1], 'B': [1, 1, 1, 1, 1, 1, 1, 1, 1, 1], 'C': [1, 1, 1, 1, 1, 1, 1, 1, 1, 0], 'D': [1, 1, 1, 1, 1, 0, 1, 1, 1, 1], 'E': [1, 1, 0, 0, 1, 1, 1, 1, 1, 1], 'F': [0, 1, 1, 1, 1, 1, 1, 1, 1, 1], 'G': [1, 1, 1, 1, 1, 0, 1, 1, 0, 1], 'H': [1, 1, 1, 1, 0, 1, 1, 1, 1, 0], 'I': [0, 1, 0, 1, 1, 0, 1, 1, 1, 1], 'J': [1, 1, 1, 1, 1, 0, 1, 1, 1, 0], 'K': [0, 1, 1, 1, 1, 1, 1, 1, 1, 0]}, '东门南侧': {'A': [0, 0, 1, 1, 1, 1, 1, 1, 1, 0], 'B': [0, 0, 0, 0, 0, 0, 0, 0, 0, 0]}, '西门北侧': {'A': [1, 1, 1, 1, 1, 1, 1, 1, 1, 1], 'B': [0, 1, 1, 1, 1, 1, 1, 1, 1, 1], 'C': [1, 1, 1, 1, 1, 1, 1, 1, 1, 1]}, '西门南侧': {'A': [0, 1, 1, 1, 1, 1, 1, 1, 1, 1], 'B': [1, 1, 1, 1, 1, 1, 1, 1, 1, 1], 'C': [1, 1, 1, 1, 1, 1, 1, 1, 1, 1]}, '南门西侧': {'A': [1, 1, 1, 1, 1, 1, 1, 1, 1, 1], 'B': [1, 1, 1, 1, 0, 1, 1, 1, 1, 1]}, '南门东侧': {'A': [1, 1, 0, 1, 1, 1, 1, 1, 1, 1], 'B': [1, 1, 1, 1, 1, 1, 1, 1, 1, 1]}, '北门东北侧': {'A': [1, 1, 1, 1, 1, 1, 1, 1, 1, 1], 'B': [1, 1, 1, 1, 1, 1, 1, 1, 0, 1], 'C': [1, 1, 0, 1, 1, 1, 1, 1, 1, 0], 'D': [1, 1, 1, 1, 1, 0, 1, 0, 1, 1]}, '北门东南侧': {'A': [1, 1, 1, 1, 1, 1, 1, 1, 1, 1], 'B': [0, 1, 1, 1, 1, 1, 1, 1, 1, 1], 'C': [1, 1, 1, 1, 1, 1, 1, 1, 0, 1], 'D': [1, 1, 0, 1, 1, 1, 1, 1, 1, 1], 'E': [1, 1, 1, 1, 1, 0, 1, 1, 1, 1], 'F': [1, 1, 1, 1, 0, 1, 1, 1, 1, 1]}, '橘园北侧南': {'A': [1, 1, 0, 1, 1, 0, 1, 1, 0, 1], 'B': [0, 1, 0, 1, 1, 0, 1, 1, 1, 0], 'C': [0, 0, 1, 1, 1, 1, 0, 0, 1, 1], 'D': [1, 1, 1, 1, 1, 0, 1, 1, 1, 1], 'E': [1, 1, 1, 0, 1, 1, 1, 1, 0, 1], 'F': [1, 1, 1, 1, 0, 1, 0, 1, 1, 1], 'G': [0, 1, 1, 1, 1, 1, 1, 1, 1, 1], 'H': [1, 1, 1, 1, 1, 1, 1, 1, 1, 1], 'I': [1, 1, 0, 1, 1, 0, 1, 1, 1, 1], 'J': [1, 1, 0, 1, 1, 1, 1, 1, 1, 0]}, '校医院西': {'A': [1, 1, 1, 1, 1, 1, 1, 1, 1, 1], 'B': [1, 1, 1, 1, 1, 1, 1, 1, 1, 1], 'C': [1, 1, 1, 1, 1, 1, 1, 1, 1, 1], 'D': [1, 1, 1, 1, 1, 1, 1, 1, 1, 1], 'E': [1, 1, 1, 1, 1, 1, 1, 1, 1, 1], 'F': [1, 1, 1, 1, 0, 1, 1, 1, 1, 1], 'G': [1, 1, 1, 1, 1, 1, 1, 1, 1, 1], 'H': [1, 1, 0, 1, 1, 0, 1, 1, 0, 1], 'I': [1, 1, 1, 1, 1, 1, 0, 0, 0, 1]}}
623321	2024-07-13 06:06:21.918000+08:00	2024-07-13 06:06:21.918000+08:00	{'东门北侧': {'A': [1, 1, 1, 1, 1, 1, 1, 1, 1, 1], 'B': [1, 1, 1, 1, 1, 1, 1, 1, 1, 1], 'C': [1, 1, 1, 1, 1, 1, 1, 1, 1, 0], 'D': [1, 1, 1, 1, 1, 0, 1, 1, 1, 1], 'E': [1, 1, 0, 0, 1, 1, 1, 1, 1, 1], 'F': [0, 1, 1, 1, 1, 1, 1, 1, 1, 1], 'G': [1, 1, 1, 1, 1, 0, 1, 1, 0, 1], 'H': [1, 1, 1, 1, 0, 1, 1, 1, 1, 0], 'I': [0, 1, 0, 1, 1, 0, 1, 1, 1, 1], 'J': [1, 1, 1, 1, 1, 0, 1, 1, 1, 0], 'K': [0, 1, 1, 1, 1, 1, 1, 1, 1, 0]}, '东门南侧': {'A': [0, 0, 1, 1, 1, 1, 1, 1, 1, 0], 'B': [0, 0, 0, 0, 0, 0, 0, 0, 0, 0]}, '西门北侧': {'A': [1, 1, 1, 1, 1, 1, 1, 1, 1, 1], 'B': [0, 1, 1, 1, 1, 1, 1, 1, 1, 1], 'C': [1, 1, 1, 1, 1, 1, 1, 1, 1, 1]}, '西门南侧': {'A': [0, 1, 1, 1, 1, 1, 1, 1, 1, 1], 'B': [1, 1, 1, 1, 1, 1, 1, 1, 1, 1], 'C': [1, 1, 1, 1, 1, 1, 1, 1, 1, 1]}, '南门西侧': {'A': [1, 1, 1, 1, 1, 1, 1, 1, 1, 1], 'B': [1, 1, 1, 1, 0, 1, 1, 1, 1, 1]}, '南门东侧': {'A': [1, 1, 0, 1, 1, 1, 1, 1, 1, 1], 'B': [1, 1, 1, 1, 1, 1, 1, 1, 1, 1]}, '北门东北侧': {'A': [1, 1, 1, 1, 1, 1, 1, 1, 1, 1], 'B': [1, 1, 1, 1, 1, 1, 1, 1, 0, 1], 'C': [1, 1, 0, 1, 1, 1, 1, 1, 1, 0], 'D': [1, 1, 1, 1, 1, 0, 1, 0, 1, 1]}, '北门东南侧': {'A': [1, 1, 1, 1, 1, 1, 1, 1, 1, 1], 'B': [0, 1, 1, 1, 1, 1, 1, 1, 1, 1], 'C': [1, 1, 1, 1, 1, 1, 1, 1, 0, 1], 'D': [1, 1, 0, 1, 1, 1, 1, 1, 1, 1], 'E': [1, 1, 1, 1, 1, 0, 1, 1, 1, 1], 'F': [1, 1, 1, 1, 0, 1, 1, 1, 1, 1]}, '橘园北侧南': {'A': [1, 1, 0, 1, 1, 0, 1, 1, 0, 1], 'B': [0, 1, 0, 1, 1, 0, 1, 1, 1, 0], 'C': [0, 0, 1, 1, 1, 1, 0, 0, 1, 1], 'D': [1, 1, 1, 1, 1, 0, 1, 1, 1, 1], 'E': [1, 1, 1, 0, 1, 1, 1, 1, 0, 1], 'F': [1, 1, 1, 1, 0, 1, 0, 1, 1, 1], 'G': [0, 1, 1, 1, 1, 1, 1, 1, 1, 1], 'H': [1, 1, 1, 1, 1, 1, 1, 1, 1, 1], 'I': [1, 1, 0, 1, 1, 0, 1, 1, 1, 1], 'J': [1, 1, 0, 1, 1, 1, 1, 1, 1, 0]}, '校医院西': {'A': [1, 1, 1, 1, 1, 1, 1, 1, 1, 1], 'B': [1, 1, 1, 1, 1, 1, 1, 1, 1, 1], 'C': [1, 1, 1, 1, 1, 1, 1, 1, 1, 1], 'D': [1, 1, 1, 1, 1, 1, 1, 1, 1, 1], 'E': [1, 1, 1, 1, 1, 1, 1, 1, 1, 1], 'F': [1, 1, 1, 1, 0, 1, 1, 1, 1, 1], 'G': [1, 1, 1, 1, 1, 1, 1, 1, 1, 1], 'H': [1, 1, 0, 1, 1, 0, 1, 1, 0, 1], 'I': [1, 1, 1, 1, 1, 1, 0, 0, 0, 1]}}
623322	2024-07-13 06:07:21.215000+08:00	2024-07-13 06:07:21.215000+08:00	{'东门北侧': {'A': [1, 1, 1, 1, 1, 1, 1, 1, 1, 1], 'B': [1, 1, 1, 1, 1, 1, 1, 1, 1, 1], 'C': [1, 1, 1, 1, 1, 1, 1, 1, 1, 0], 'D': [1, 1, 1, 1, 1, 0, 1, 1, 1, 1], 'E': [1, 1, 0, 0, 1, 1, 1, 1, 1, 1], 'F': [0, 1, 1, 1, 1, 1, 1, 1, 1, 1], 'G': [1, 1, 1, 1, 1, 0, 1, 1, 0, 1], 'H': [1, 1, 1, 1, 0, 1, 1, 1, 1, 0], 'I': [0, 1, 0, 1, 1, 0, 1, 1, 1, 1], 'J': [1, 1, 1, 1, 1, 0, 1, 1, 1, 0], 'K': [0, 1, 1, 1, 1, 1, 1, 1, 1, 0]}, '东门南侧': {'A': [0, 0, 1, 1, 1, 1, 1, 1, 1, 0], 'B': [0, 0, 0, 0, 0, 0, 0, 0, 0, 0]}, '西门北侧': {'A': [1, 1, 1, 1, 1, 1, 1, 1, 1, 1], 'B': [0, 1, 1, 1, 1, 1, 1, 1, 1, 1], 'C': [1, 1, 1, 1, 1, 1, 1, 1, 1, 1]}, '西门南侧': {'A': [0, 1, 1, 1, 1, 1, 1, 1, 1, 1], 'B': [1, 1, 1, 1, 1, 1, 1, 1, 1, 1], 'C': [1, 1, 1, 1, 1, 1, 1, 1, 1, 1]}, '南门西侧': {'A': [1, 1, 1, 1, 1, 1, 1, 1, 1, 1], 'B': [1, 1, 1, 1, 0, 1, 1, 1, 1, 1]}, '南门东侧': {'A': [1, 1, 0, 1, 1, 1, 1, 1, 1, 1], 'B': [1, 1, 1, 1, 1, 1, 1, 1, 1, 1]}, '北门东北侧': {'A': [1, 1, 1, 1, 1, 1, 1, 1, 1, 1], 'B': [1, 1, 1, 1, 1, 1, 1, 1, 0, 1], 'C': [1, 1, 0, 1, 1, 1, 1, 1, 1, 0], 'D': [1, 1, 1, 1, 1, 0, 1, 0, 1, 1]}, '北门东南侧': {'A': [1, 1, 1, 1, 1, 1, 1, 1, 1, 1], 'B': [0, 1, 1, 1, 1, 1, 1, 1, 1, 1], 'C': [1, 1, 1, 1, 1, 1, 1, 1, 0, 1], 'D': [1, 1, 0, 1, 1, 1, 1, 1, 1, 1], 'E': [1, 1, 1, 1, 1, 0, 1, 1, 1, 1], 'F': [1, 1, 1, 1, 0, 1, 1, 1, 1, 1]}, '橘园北侧南': {'A': [1, 1, 0, 1, 1, 0, 1, 1, 0, 1], 'B': [0, 1, 0, 1, 1, 0, 1, 1, 1, 0], 'C': [0, 0, 1, 1, 1, 1, 0, 0, 1, 1], 'D': [1, 1, 1, 1, 1, 0, 1, 1, 1, 1], 'E': [1, 1, 1, 0, 1, 1, 1, 1, 0, 1], 'F': [1, 1, 1, 1, 0, 1, 0, 1, 1, 1], 'G': [0, 1, 1, 1, 1, 1, 1, 1, 1, 1], 'H': [1, 1, 1, 1, 1, 1, 1, 1, 1, 1], 'I': [1, 1, 0, 1, 1, 0, 1, 1, 1, 1], 'J': [1, 1, 0, 1, 1, 1, 1, 1, 1, 0]}, '校医院西': {'A': [1, 1, 1, 1, 1, 1, 1, 1, 1, 1], 'B': [1, 1, 1, 1, 1, 1, 1, 1, 1, 1], 'C': [1, 1, 1, 1, 1, 1, 1, 1, 1, 1], 'D': [1, 1, 1, 1, 1, 1, 1, 1, 1, 1], 'E': [1, 1, 1, 1, 1, 1, 1, 1, 1, 1], 'F': [1, 1, 1, 1, 0, 1, 1, 1, 1, 1], 'G': [1, 1, 1, 1, 1, 1, 1, 1, 1, 1], 'H': [1, 1, 0, 1, 1, 0, 1, 1, 0, 1], 'I': [1, 1, 1, 1, 1, 1, 0, 0, 0, 1]}}
623323	2024-07-13 06:08:23.824000+08:00	2024-07-13 06:08:23.824000+08:00	{'东门北侧': {'A': [1, 1, 1, 1, 1, 1, 1, 1, 1, 1], 'B': [1, 1, 1, 1, 1, 1, 1, 1, 1, 1], 'C': [1, 1, 1, 1, 1, 1, 1, 1, 1, 0], 'D': [1, 1, 1, 1, 1, 0, 1, 1, 1, 1], 'E': [1, 1, 0, 0, 1, 1, 1, 1, 1, 1], 'F': [0, 1, 1, 1, 1, 1, 1, 1, 1, 1], 'G': [1, 1, 1, 1, 1, 0, 1, 1, 0, 1], 'H': [1, 1, 1, 1, 0, 1, 1, 1, 1, 0], 'I': [0, 1, 0, 1, 1, 0, 1, 1, 1, 1], 'J': [1, 1, 1, 1, 1, 0, 1, 1, 1, 0], 'K': [0, 1, 1, 1, 1, 1, 1, 1, 1, 0]}, '东门南侧': {'A': [0, 0, 1, 1, 1, 1, 1, 1, 1, 0], 'B': [0, 0, 0, 0, 0, 0, 0, 0, 0, 0]}, '西门北侧': {'A': [1, 1, 1, 1, 1, 1, 1, 1, 1, 1], 'B': [0, 1, 1, 1, 1, 1, 1, 1, 1, 1], 'C': [1, 1, 1, 1, 1, 1, 1, 1, 1, 1]}, '西门南侧': {'A': [0, 1, 1, 1, 1, 1, 1, 1, 1, 1], 'B': [1, 1, 1, 1, 1, 1, 1, 1, 1, 1], 'C': [1, 1, 1, 1, 1, 1, 1, 1, 1, 1]}, '南门西侧': {'A': [1, 1, 1, 1, 1, 1, 1, 1, 1, 1], 'B': [1, 1, 1, 1, 0, 1, 1, 1, 1, 1]}, '南门东侧': {'A': [1, 1, 0, 1, 1, 1, 1, 1, 1, 1], 'B': [1, 1, 1, 1, 1, 1, 1, 1, 1, 1]}, '北门东北侧': {'A': [1, 1, 1, 1, 1, 1, 1, 1, 1, 1], 'B': [1, 1, 1, 1, 1, 1, 1, 1, 0, 1], 'C': [1, 1, 0, 1, 1, 1, 1, 1, 1, 0], 'D': [1, 1, 1, 1, 1, 0, 1, 0, 1, 1]}, '北门东南侧': {'A': [1, 1, 1, 1, 1, 1, 1, 1, 1, 1], 'B': [0, 1, 1, 1, 1, 1, 1, 1, 1, 1], 'C': [1, 1, 1, 1, 1, 1, 1, 1, 0, 1], 'D': [1, 1, 0, 1, 1, 1, 1, 1, 1, 1], 'E': [1, 1, 1, 1, 1, 0, 1, 1, 1, 1], 'F': [1, 1, 1, 1, 0, 1, 1, 1, 1, 1]}, '橘园北侧南': {'A': [1, 1, 0, 1, 1, 0, 1, 1, 0, 1], 'B': [0, 1, 0, 1, 1, 0, 1, 1, 1, 0], 'C': [0, 0, 1, 1, 1, 1, 0, 0, 1, 1], 'D': [1, 1, 1, 1, 1, 0, 1, 1, 1, 1], 'E': [1, 1, 1, 0, 1, 1, 1, 1, 0, 1], 'F': [1, 1, 1, 1, 0, 1, 0, 1, 1, 1], 'G': [0, 1, 1, 1, 1, 1, 1, 1, 1, 1], 'H': [1, 1, 1, 1, 1, 1, 1, 1, 1, 1], 'I': [1, 1, 0, 1, 1, 0, 1, 1, 1, 1], 'J': [1, 1, 0, 1, 1, 1, 1, 1, 1, 0]}, '校医院西': {'A': [1, 1, 1, 1, 1, 1, 1, 1, 1, 1], 'B': [1, 1, 1, 1, 1, 1, 1, 1, 1, 1], 'C': [1, 1, 1, 1, 1, 1, 1, 1, 1, 1], 'D': [1, 1, 1, 1, 1, 1, 1, 1, 1, 1], 'E': [1, 1, 1, 1, 1, 1, 1, 1, 1, 1], 'F': [1, 1, 1, 1, 0, 1, 1, 1, 1, 1], 'G': [1, 1, 1, 1, 1, 1, 1, 1, 1, 1], 'H': [1, 1, 0, 1, 1, 0, 1, 1, 0, 1], 'I': [1, 1, 1, 1, 1, 1, 0, 0, 1, 1]}}
623324	2024-07-13 06:09:21.858000+08:00	2024-07-13 06:09:21.858000+08:00	{'东门北侧': {'A': [1, 1, 1, 1, 1, 1, 1, 1, 1, 1], 'B': [1, 1, 1, 1, 1, 1, 1, 1, 1, 1], 'C': [1, 1, 1, 1, 1, 1, 1, 1, 1, 0], 'D': [1, 1, 1, 1, 1, 0, 1, 1, 1, 1], 'E': [1, 1, 0, 0, 1, 1, 1, 1, 1, 1], 'F': [0, 1, 1, 1, 1, 1, 1, 1, 1, 1], 'G': [1, 1, 1, 1, 1, 0, 1, 1, 0, 1], 'H': [1, 1, 1, 1, 0, 1, 1, 1, 1, 0], 'I': [0, 1, 0, 1, 1, 0, 1, 1, 1, 1], 'J': [1, 1, 1, 1, 1, 0, 1, 1, 1, 0], 'K': [0, 1, 1, 1, 1, 1, 1, 1, 1, 0]}, '东门南侧': {'A': [0, 0, 1, 1, 1, 1, 1, 1, 1, 0], 'B': [0, 0, 0, 0, 0, 0, 0, 0, 0, 0]}, '西门北侧': {'A': [1, 1, 1, 1, 1, 1, 1, 1, 1, 1], 'B': [0, 1, 1, 1, 1, 1, 1, 1, 1, 1], 'C': [1, 1, 1, 1, 1, 1, 1, 1, 1, 1]}, '西门南侧': {'A': [0, 1, 1, 1, 1, 1, 1, 1, 1, 1], 'B': [1, 1, 1, 1, 1, 1, 1, 1, 1, 1], 'C': [1, 1, 1, 1, 1, 1, 1, 1, 1, 1]}, '南门西侧': {'A': [1, 1, 1, 1, 1, 1, 1, 1, 1, 1], 'B': [1, 1, 1, 1, 0, 1, 1, 1, 1, 1]}, '南门东侧': {'A': [1, 1, 0, 1, 1, 1, 1, 1, 1, 1], 'B': [1, 1, 1, 1, 1, 1, 1, 1, 1, 1]}, '北门东北侧': {'A': [1, 1, 1, 1, 1, 1, 1, 1, 1, 1], 'B': [1, 1, 1, 1, 1, 1, 1, 1, 0, 1], 'C': [1, 1, 0, 1, 1, 1, 1, 1, 1, 0], 'D': [1, 1, 1, 1, 1, 0, 1, 0, 1, 1]}, '北门东南侧': {'A': [1, 1, 1, 1, 1, 1, 1, 1, 1, 1], 'B': [0, 1, 1, 1, 1, 1, 1, 1, 1, 1], 'C': [1, 1, 1, 1, 1, 1, 1, 1, 0, 1], 'D': [1, 1, 0, 1, 1, 1, 1, 1, 1, 1], 'E': [1, 1, 1, 1, 1, 0, 1, 1, 1, 1], 'F': [1, 1, 1, 1, 0, 1, 1, 1, 1, 1]}, '橘园北侧南': {'A': [1, 1, 0, 1, 1, 0, 1, 1, 0, 1], 'B': [0, 1, 0, 1, 1, 0, 1, 1, 1, 0], 'C': [0, 0, 1, 1, 1, 1, 0, 0, 1, 1], 'D': [1, 1, 1, 1, 1, 0, 1, 1, 1, 1], 'E': [1, 1, 1, 0, 1, 1, 1, 1, 0, 1], 'F': [1, 1, 1, 1, 0, 1, 0, 1, 1, 1], 'G': [0, 1, 1, 1, 1, 1, 1, 1, 1, 1], 'H': [1, 1, 1, 1, 1, 1, 1, 1, 1, 1], 'I': [1, 1, 0, 1, 1, 0, 1, 1, 1, 1], 'J': [1, 1, 0, 1, 1, 1, 1, 1, 1, 0]}, '校医院西': {'A': [1, 1, 1, 1, 1, 1, 1, 1, 1, 1], 'B': [1, 1, 1, 1, 1, 1, 1, 1, 1, 1], 'C': [1, 1, 1, 1, 1, 1, 1, 1, 1, 1], 'D': [1, 1, 1, 1, 1, 1, 1, 1, 1, 1], 'E': [1, 1, 1, 1, 1, 1, 1, 1, 1, 1], 'F': [1, 1, 1, 1, 0, 1, 1, 1, 1, 1], 'G': [1, 1, 1, 1, 1, 1, 1, 1, 1, 1], 'H': [1, 1, 0, 1, 1, 0, 1, 1, 0, 1], 'I': [1, 1, 1, 1, 1, 1, 0, 0, 1, 1]}}
623325	2024-07-13 06:10:22.911000+08:00	2024-07-13 06:10:22.911000+08:00	{'东门北侧': {'A': [1, 1, 1, 1, 1, 1, 1, 1, 1, 1], 'B': [1, 1, 1, 1, 1, 1, 1, 1, 1, 1], 'C': [1, 1, 1, 1, 1, 1, 1, 1, 1, 0], 'D': [1, 1, 1, 1, 1, 0, 1, 1, 1, 1], 'E': [1, 1, 0, 0, 1, 1, 1, 1, 1, 1], 'F': [0, 1, 1, 1, 1, 1, 1, 1, 1, 1], 'G': [1, 1, 1, 1, 1, 0, 1, 1, 0, 1], 'H': [1, 1, 1, 1, 0, 1, 1, 1, 1, 0], 'I': [0, 1, 0, 1, 1, 0, 1, 1, 1, 1], 'J': [1, 1, 1, 1, 1, 0, 1, 1, 1, 0], 'K': [0, 1, 1, 1, 1, 1, 1, 1, 1, 0]}, '东门南侧': {'A': [0, 0, 1, 1, 1, 1, 1, 1, 1, 0], 'B': [0, 0, 0, 0, 0, 0, 0, 0, 0, 0]}, '西门北侧': {'A': [1, 1, 1, 1, 1, 1, 1, 1, 1, 1], 'B': [0, 1, 1, 1, 1, 1, 1, 1, 1, 1], 'C': [1, 1, 1, 1, 1, 1, 1, 1, 1, 1]}, '西门南侧': {'A': [0, 1, 1, 1, 1, 1, 1, 1, 1, 1], 'B': [1, 1, 1, 1, 1, 1, 1, 1, 1, 1], 'C': [1, 1, 1, 1, 1, 1, 1, 1, 1, 1]}, '南门西侧': {'A': [1, 1, 1, 1, 1, 1, 1, 1, 1, 1], 'B': [1, 1, 1, 1, 0, 1, 1, 1, 1, 1]}, '南门东侧': {'A': [1, 1, 0, 1, 1, 1, 1, 1, 1, 1], 'B': [1, 1, 1, 1, 1, 1, 1, 1, 1, 1]}, '北门东北侧': {'A': [1, 1, 1, 1, 1, 1, 1, 1, 1, 1], 'B': [1, 1, 1, 1, 1, 1, 1, 1, 0, 1], 'C': [1, 1, 0, 1, 1, 1, 1, 1, 1, 0], 'D': [1, 1, 1, 1, 1, 0, 1, 0, 1, 1]}, '北门东南侧': {'A': [1, 1, 1, 1, 1, 1, 1, 1, 1, 1], 'B': [0, 1, 1, 1, 1, 1, 1, 1, 1, 1], 'C': [1, 1, 1, 1, 1, 1, 1, 1, 0, 1], 'D': [1, 1, 0, 1, 1, 1, 1, 1, 1, 1], 'E': [1, 1, 1, 1, 1, 0, 1, 1, 1, 1], 'F': [1, 1, 1, 1, 0, 1, 1, 1, 1, 1]}, '橘园北侧南': {'A': [1, 1, 0, 1, 1, 0, 1, 1, 0, 1], 'B': [0, 1, 0, 1, 1, 0, 1, 1, 1, 0], 'C': [0, 0, 1, 1, 1, 1, 0, 0, 1, 1], 'D': [1, 1, 1, 1, 1, 0, 1, 1, 1, 1], 'E': [1, 1, 1, 0, 1, 1, 1, 1, 0, 1], 'F': [1, 1, 1, 1, 0, 1, 0, 1, 1, 1], 'G': [0, 1, 1, 1, 1, 1, 1, 1, 1, 1], 'H': [1, 1, 1, 1, 1, 1, 1, 1, 1, 1], 'I': [1, 1, 0, 1, 1, 0, 1, 1, 1, 1], 'J': [1, 1, 0, 1, 1, 1, 1, 1, 1, 0]}, '校医院西': {'A': [1, 1, 1, 1, 1, 1, 1, 1, 1, 1], 'B': [1, 1, 1, 1, 1, 1, 1, 1, 1, 1], 'C': [1, 1, 1, 1, 1, 1, 1, 1, 1, 1], 'D': [1, 1, 1, 1, 1, 1, 1, 1, 1, 1], 'E': [1, 1, 1, 1, 1, 1, 1, 1, 1, 1], 'F': [1, 1, 1, 1, 0, 1, 1, 1, 1, 1], 'G': [1, 1, 1, 1, 1, 1, 1, 1, 1, 1], 'H': [1, 1, 0, 1, 1, 0, 1, 1, 0, 1], 'I': [1, 1, 1, 1, 1, 1, 0, 0, 1, 1]}}
623326	2024-07-13 06:11:22.424000+08:00	2024-07-13 06:11:22.424000+08:00	{'东门北侧': {'A': [1, 1, 1, 1, 1, 1, 1, 1, 1, 1], 'B': [1, 1, 1, 1, 1, 1, 1, 1, 1, 1], 'C': [1, 1, 1, 1, 1, 1, 1, 1, 1, 0], 'D': [1, 1, 1, 1, 1, 0, 1, 1, 1, 1], 'E': [1, 1, 0, 0, 1, 1, 1, 1, 1, 1], 'F': [0, 1, 1, 1, 1, 1, 1, 1, 1, 1], 'G': [1, 1, 1, 1, 1, 0, 1, 1, 0, 1], 'H': [1, 1, 1, 1, 0, 1, 1, 1, 1, 0], 'I': [0, 1, 0, 1, 1, 0, 1, 1, 1, 1], 'J': [1, 1, 1, 1, 1, 0, 1, 1, 1, 0], 'K': [0, 1, 1, 1, 1, 1, 1, 1, 1, 0]}, '东门南侧': {'A': [0, 0, 1, 1, 1, 1, 1, 1, 1, 0], 'B': [0, 0, 0, 0, 0, 0, 0, 0, 0, 0]}, '西门北侧': {'A': [1, 1, 1, 1, 1, 1, 1, 1, 1, 1], 'B': [0, 1, 1, 1, 1, 1, 1, 1, 1, 1], 'C': [1, 1, 1, 1, 1, 1, 1, 1, 1, 1]}, '西门南侧': {'A': [0, 1, 1, 1, 1, 1, 1, 1, 1, 1], 'B': [1, 1, 1, 1, 1, 1, 1, 1, 1, 1], 'C': [1, 1, 1, 1, 1, 1, 1, 1, 1, 1]}, '南门西侧': {'A': [1, 1, 1, 1, 1, 1, 1, 1, 1, 1], 'B': [1, 1, 1, 1, 0, 1, 1, 1, 1, 1]}, '南门东侧': {'A': [1, 1, 0, 1, 1, 1, 1, 1, 1, 1], 'B': [1, 1, 1, 1, 1, 1, 1, 1, 1, 1]}, '北门东北侧': {'A': [1, 1, 1, 1, 1, 1, 1, 1, 1, 1], 'B': [1, 1, 1, 1, 1, 1, 1, 1, 0, 1], 'C': [1, 1, 0, 1, 1, 1, 1, 1, 1, 0], 'D': [1, 1, 1, 1, 1, 0, 1, 0, 1, 1]}, '北门东南侧': {'A': [1, 1, 1, 1, 1, 1, 1, 1, 1, 1], 'B': [0, 1, 1, 1, 1, 1, 1, 1, 1, 1], 'C': [1, 1, 1, 1, 1, 1, 1, 1, 0, 1], 'D': [1, 1, 0, 1, 1, 1, 1, 1, 1, 1], 'E': [1, 1, 1, 1, 1, 0, 1, 1, 1, 1], 'F': [1, 1, 1, 1, 0, 1, 1, 1, 1, 1]}, '橘园北侧南': {'A': [1, 1, 0, 1, 1, 0, 1, 1, 0, 1], 'B': [0, 1, 0, 1, 1, 0, 1, 1, 1, 0], 'C': [0, 0, 1, 1, 1, 1, 0, 0, 1, 1], 'D': [1, 1, 1, 1, 1, 0, 1, 1, 1, 1], 'E': [1, 1, 1, 0, 1, 1, 1, 1, 0, 1], 'F': [1, 1, 1, 1, 0, 1, 0, 1, 1, 1], 'G': [0, 1, 1, 1, 1, 1, 1, 1, 1, 1], 'H': [1, 1, 1, 1, 1, 1, 1, 1, 1, 1], 'I': [1, 1, 0, 1, 1, 0, 1, 1, 1, 1], 'J': [1, 1, 0, 1, 1, 1, 1, 1, 1, 0]}, '校医院西': {'A': [1, 1, 1, 1, 1, 1, 1, 1, 1, 1], 'B': [1, 1, 1, 1, 1, 1, 1, 1, 1, 1], 'C': [1, 1, 1, 1, 1, 1, 1, 1, 1, 1], 'D': [1, 1, 1, 1, 1, 1, 1, 1, 1, 1], 'E': [1, 1, 1, 1, 1, 1, 1, 1, 1, 1], 'F': [1, 1, 1, 1, 0, 1, 1, 1, 1, 1], 'G': [1, 1, 1, 1, 1, 1, 1, 1, 1, 1], 'H': [1, 1, 0, 1, 1, 0, 1, 1, 0, 1], 'I': [1, 1, 1, 1, 1, 1, 0, 0, 1, 1]}}
623327	2024-07-13 06:12:21.880000+08:00	2024-07-13 06:12:21.880000+08:00	{'东门北侧': {'A': [1, 1, 1, 1, 1, 1, 1, 1, 1, 1], 'B': [1, 1, 1, 1, 1, 1, 1, 1, 1, 1], 'C': [1, 1, 1, 1, 1, 1, 1, 1, 1, 0], 'D': [1, 1, 1, 1, 1, 0, 1, 1, 1, 1], 'E': [1, 1, 0, 0, 1, 1, 1, 1, 1, 1], 'F': [0, 1, 1, 1, 1, 1, 1, 1, 1, 1], 'G': [1, 1, 1, 1, 1, 0, 1, 1, 0, 1], 'H': [1, 1, 1, 1, 0, 1, 1, 1, 1, 0], 'I': [0, 1, 0, 1, 1, 0, 1, 1, 1, 1], 'J': [1, 1, 1, 1, 1, 0, 1, 1, 1, 0], 'K': [0, 1, 1, 1, 1, 1, 1, 1, 1, 0]}, '东门南侧': {'A': [0, 0, 1, 1, 1, 1, 1, 1, 1, 0], 'B': [0, 0, 0, 0, 0, 0, 0, 0, 0, 0]}, '西门北侧': {'A': [1, 1, 1, 1, 1, 1, 1, 1, 1, 1], 'B': [0, 1, 1, 1, 1, 1, 1, 1, 1, 1], 'C': [1, 1, 1, 1, 1, 1, 1, 1, 1, 1]}, '西门南侧': {'A': [0, 1, 1, 1, 1, 1, 1, 1, 1, 1], 'B': [1, 1, 1, 1, 1, 1, 1, 1, 1, 1], 'C': [1, 1, 1, 1, 1, 1, 1, 1, 1, 1]}, '南门西侧': {'A': [1, 1, 1, 1, 1, 1, 1, 1, 1, 1], 'B': [1, 1, 1, 1, 0, 1, 1, 1, 1, 1]}, '南门东侧': {'A': [1, 1, 0, 1, 1, 1, 1, 1, 1, 1], 'B': [1, 1, 1, 1, 1, 1, 1, 1, 1, 1]}, '北门东北侧': {'A': [1, 1, 1, 1, 1, 1, 1, 1, 1, 1], 'B': [1, 1, 1, 1, 1, 1, 1, 1, 0, 1], 'C': [1, 1, 0, 1, 1, 1, 1, 1, 1, 0], 'D': [1, 1, 1, 1, 1, 0, 1, 0, 1, 1]}, '北门东南侧': {'A': [1, 1, 1, 1, 1, 1, 1, 1, 1, 1], 'B': [0, 1, 1, 1, 1, 1, 1, 1, 1, 1], 'C': [1, 1, 1, 1, 1, 1, 1, 1, 0, 1], 'D': [1, 1, 0, 1, 1, 1, 1, 1, 1, 1], 'E': [1, 1, 1, 1, 1, 0, 1, 1, 1, 1], 'F': [1, 1, 1, 1, 0, 1, 1, 1, 1, 1]}, '橘园北侧南': {'A': [1, 1, 0, 1, 1, 0, 1, 1, 0, 1], 'B': [0, 1, 0, 1, 1, 0, 1, 1, 1, 0], 'C': [0, 0, 1, 1, 1, 1, 0, 0, 1, 1], 'D': [1, 1, 1, 1, 1, 0, 1, 1, 1, 1], 'E': [1, 1, 1, 0, 1, 1, 1, 1, 0, 1], 'F': [1, 1, 1, 1, 0, 1, 0, 1, 1, 1], 'G': [0, 1, 1, 1, 1, 1, 1, 1, 1, 1], 'H': [1, 1, 1, 1, 1, 1, 1, 1, 1, 1], 'I': [1, 1, 0, 1, 1, 0, 1, 1, 1, 1], 'J': [1, 1, 0, 1, 1, 1, 1, 1, 1, 0]}, '校医院西': {'A': [1, 1, 1, 1, 1, 1, 1, 1, 1, 1], 'B': [1, 1, 1, 1, 1, 1, 1, 1, 1, 1], 'C': [1, 1, 1, 1, 1, 1, 1, 1, 1, 1], 'D': [1, 1, 1, 1, 1, 1, 1, 1, 1, 1], 'E': [1, 1, 1, 1, 1, 1, 1, 1, 1, 1], 'F': [1, 1, 1, 1, 0, 1, 1, 1, 1, 1], 'G': [1, 1, 1, 1, 1, 1, 1, 1, 1, 1], 'H': [1, 1, 0, 1, 1, 0, 1, 1, 0, 1], 'I': [1, 1, 1, 1, 1, 1, 0, 0, 1, 1]}}
623328	2024-07-13 06:13:23.835000+08:00	2024-07-13 06:13:23.835000+08:00	{'东门北侧': {'A': [1, 1, 1, 1, 1, 1, 1, 1, 1, 1], 'B': [1, 1, 1, 1, 1, 1, 1, 1, 1, 1], 'C': [1, 1, 1, 1, 1, 1, 1, 1, 1, 0], 'D': [1, 1, 1, 1, 1, 0, 1, 1, 1, 1], 'E': [1, 1, 0, 0, 1, 1, 1, 1, 1, 1], 'F': [0, 1, 1, 1, 1, 1, 1, 1, 1, 1], 'G': [1, 1, 1, 1, 1, 0, 1, 1, 0, 1], 'H': [1, 1, 1, 1, 0, 1, 1, 1, 1, 0], 'I': [0, 1, 0, 1, 1, 0, 1, 1, 1, 1], 'J': [1, 1, 1, 1, 1, 0, 1, 1, 1, 0], 'K': [0, 1, 1, 1, 1, 1, 1, 1, 1, 0]}, '东门南侧': {'A': [0, 0, 1, 1, 1, 1, 1, 1, 1, 0], 'B': [0, 0, 0, 0, 0, 0, 0, 0, 0, 0]}, '西门北侧': {'A': [1, 1, 1, 1, 1, 1, 1, 1, 1, 1], 'B': [0, 1, 1, 1, 1, 1, 1, 1, 1, 1], 'C': [1, 1, 1, 1, 1, 1, 1, 1, 1, 1]}, '西门南侧': {'A': [0, 1, 1, 1, 1, 1, 1, 1, 1, 1], 'B': [1, 1, 1, 1, 1, 1, 1, 1, 1, 1], 'C': [1, 1, 1, 1, 1, 1, 1, 1, 1, 1]}, '南门西侧': {'A': [1, 1, 1, 1, 1, 1, 1, 1, 1, 1], 'B': [1, 1, 1, 1, 0, 1, 1, 1, 1, 1]}, '南门东侧': {'A': [1, 1, 0, 1, 1, 1, 1, 1, 1, 1], 'B': [1, 1, 1, 1, 1, 1, 1, 1, 1, 1]}, '北门东北侧': {'A': [1, 1, 1, 1, 1, 1, 1, 1, 1, 1], 'B': [1, 1, 1, 1, 1, 1, 1, 1, 0, 1], 'C': [1, 1, 0, 1, 1, 1, 1, 1, 1, 0], 'D': [1, 1, 1, 1, 1, 0, 1, 0, 1, 1]}, '北门东南侧': {'A': [1, 1, 1, 1, 1, 1, 1, 1, 1, 1], 'B': [0, 1, 1, 1, 1, 1, 1, 1, 1, 1], 'C': [1, 1, 1, 1, 1, 1, 1, 1, 0, 1], 'D': [1, 1, 0, 1, 1, 1, 1, 1, 1, 1], 'E': [1, 1, 1, 1, 1, 0, 1, 1, 1, 1], 'F': [1, 1, 1, 1, 0, 1, 1, 1, 1, 1]}, '橘园北侧南': {'A': [1, 1, 0, 1, 1, 0, 1, 1, 0, 1], 'B': [0, 1, 0, 1, 1, 0, 1, 1, 1, 1], 'C': [0, 0, 1, 1, 1, 1, 0, 0, 1, 1], 'D': [1, 1, 1, 1, 1, 0, 1, 1, 1, 1], 'E': [1, 1, 1, 0, 1, 1, 1, 1, 0, 1], 'F': [1, 1, 1, 1, 0, 1, 0, 1, 1, 1], 'G': [0, 1, 1, 1, 1, 1, 1, 1, 1, 1], 'H': [1, 1, 1, 1, 1, 1, 1, 1, 1, 1], 'I': [1, 1, 0, 1, 1, 0, 1, 1, 1, 1], 'J': [1, 1, 0, 1, 1, 1, 1, 1, 1, 0]}, '校医院西': {'A': [1, 1, 1, 1, 1, 1, 1, 1, 1, 1], 'B': [1, 1, 1, 1, 1, 1, 1, 1, 1, 1], 'C': [1, 1, 1, 1, 1, 1, 1, 1, 1, 1], 'D': [1, 1, 1, 1, 1, 1, 1, 1, 1, 1], 'E': [1, 1, 1, 1, 1, 1, 1, 1, 1, 1], 'F': [1, 1, 1, 1, 0, 1, 1, 1, 1, 1], 'G': [1, 1, 1, 1, 1, 1, 1, 1, 1, 1], 'H': [1, 1, 0, 1, 1, 0, 1, 1, 0, 1], 'I': [1, 1, 1, 1, 1, 1, 0, 0, 1, 1]}}
623329	2024-07-13 06:14:20.836000+08:00	2024-07-13 06:14:20.836000+08:00	{'东门北侧': {'A': [1, 1, 1, 1, 1, 1, 1, 1, 1, 1], 'B': [1, 1, 1, 1, 1, 1, 1, 1, 1, 1], 'C': [1, 1, 1, 1, 1, 1, 1, 1, 1, 0], 'D': [1, 1, 1, 1, 1, 0, 1, 1, 1, 1], 'E': [1, 1, 0, 0, 1, 1, 1, 1, 1, 1], 'F': [0, 1, 1, 1, 1, 1, 1, 1, 1, 1], 'G': [1, 1, 1, 1, 1, 0, 1, 1, 0, 1], 'H': [1, 1, 1, 1, 0, 1, 1, 1, 1, 0], 'I': [0, 1, 0, 1, 1, 0, 1, 1, 1, 1], 'J': [1, 1, 1, 1, 1, 0, 1, 1, 1, 0], 'K': [0, 1, 1, 1, 1, 1, 1, 1, 1, 0]}, '东门南侧': {'A': [0, 0, 1, 1, 1, 1, 1, 1, 1, 0], 'B': [0, 0, 0, 0, 0, 0, 0, 0, 0, 0]}, '西门北侧': {'A': [1, 1, 1, 1, 1, 1, 1, 1, 1, 1], 'B': [0, 1, 1, 1, 1, 1, 1, 1, 1, 1], 'C': [1, 1, 1, 1, 1, 1, 1, 1, 1, 1]}, '西门南侧': {'A': [0, 1, 1, 1, 1, 1, 1, 1, 1, 1], 'B': [1, 1, 1, 1, 1, 1, 1, 1, 1, 1], 'C': [1, 1, 1, 1, 1, 1, 1, 1, 1, 1]}, '南门西侧': {'A': [1, 1, 1, 1, 1, 1, 1, 1, 1, 1], 'B': [1, 1, 1, 1, 0, 1, 1, 1, 1, 1]}, '南门东侧': {'A': [1, 1, 0, 1, 1, 1, 1, 1, 1, 1], 'B': [1, 1, 1, 1, 1, 1, 1, 1, 1, 1]}, '北门东北侧': {'A': [1, 1, 1, 1, 1, 1, 1, 1, 1, 1], 'B': [1, 1, 1, 1, 1, 1, 1, 1, 0, 1], 'C': [1, 1, 0, 1, 1, 1, 1, 1, 1, 1], 'D': [1, 1, 1, 1, 1, 0, 1, 0, 1, 1]}, '北门东南侧': {'A': [1, 1, 1, 1, 1, 1, 1, 1, 1, 1], 'B': [0, 1, 1, 1, 1, 1, 1, 1, 1, 1], 'C': [1, 1, 1, 1, 1, 1, 1, 1, 0, 1], 'D': [1, 1, 0, 1, 1, 1, 1, 1, 1, 1], 'E': [1, 1, 1, 1, 1, 0, 1, 1, 1, 1], 'F': [1, 1, 1, 1, 0, 1, 1, 1, 1, 1]}, '橘园北侧南': {'A': [1, 1, 0, 1, 1, 0, 1, 1, 0, 1], 'B': [0, 1, 0, 1, 1, 0, 1, 1, 1, 1], 'C': [0, 0, 1, 1, 1, 1, 0, 0, 1, 1], 'D': [1, 1, 1, 1, 1, 0, 1, 1, 1, 1], 'E': [1, 1, 1, 0, 1, 1, 1, 1, 0, 1], 'F': [1, 1, 1, 1, 0, 1, 0, 1, 1, 1], 'G': [0, 1, 1, 1, 1, 1, 1, 1, 1, 1], 'H': [1, 1, 1, 1, 1, 1, 1, 1, 1, 1], 'I': [1, 1, 0, 1, 1, 0, 1, 1, 1, 1], 'J': [1, 1, 0, 1, 1, 1, 1, 1, 1, 0]}, '校医院西': {'A': [1, 1, 1, 1, 1, 1, 1, 1, 1, 1], 'B': [1, 1, 1, 1, 1, 1, 1, 1, 1, 1], 'C': [1, 1, 1, 1, 1, 1, 1, 1, 1, 1], 'D': [1, 1, 1, 1, 1, 1, 1, 1, 1, 1], 'E': [1, 1, 1, 1, 1, 1, 1, 1, 1, 1], 'F': [1, 1, 1, 1, 0, 1, 1, 1, 1, 1], 'G': [1, 1, 1, 1, 1, 1, 1, 1, 1, 1], 'H': [1, 1, 1, 1, 1, 0, 1, 1, 0, 1], 'I': [1, 1, 1, 1, 1, 1, 0, 0, 1, 1]}}
623330	2024-07-13 06:15:21.976000+08:00	2024-07-13 06:15:21.976000+08:00	{'东门北侧': {'A': [1, 1, 1, 1, 1, 1, 1, 1, 1, 1], 'B': [1, 1, 1, 1, 1, 1, 1, 1, 1, 1], 'C': [1, 1, 1, 1, 1, 1, 1, 1, 1, 0], 'D': [1, 1, 1, 1, 1, 0, 1, 1, 1, 1], 'E': [1, 1, 0, 0, 1, 1, 1, 1, 1, 1], 'F': [0, 1, 1, 1, 1, 1, 1, 1, 1, 1], 'G': [1, 1, 1, 1, 1, 0, 1, 1, 0, 1], 'H': [1, 1, 1, 1, 0, 1, 1, 1, 1, 0], 'I': [0, 1, 0, 1, 1, 0, 1, 1, 1, 1], 'J': [1, 1, 1, 1, 1, 0, 1, 1, 1, 0], 'K': [0, 1, 1, 1, 1, 1, 1, 1, 1, 0]}, '东门南侧': {'A': [1, 0, 1, 1, 1, 1, 1, 1, 1, 0], 'B': [0, 0, 0, 0, 0, 0, 0, 0, 0, 0]}, '西门北侧': {'A': [1, 1, 1, 1, 1, 1, 1, 1, 1, 1], 'B': [0, 1, 1, 1, 1, 1, 1, 1, 1, 1], 'C': [1, 1, 1, 1, 1, 1, 1, 1, 1, 1]}, '西门南侧': {'A': [0, 1, 1, 1, 1, 1, 1, 1, 1, 1], 'B': [1, 1, 1, 1, 1, 1, 1, 1, 1, 1], 'C': [1, 1, 1, 1, 1, 1, 1, 1, 1, 1]}, '南门西侧': {'A': [1, 1, 1, 1, 1, 1, 1, 1, 1, 1], 'B': [1, 1, 1, 1, 0, 1, 1, 1, 1, 1]}, '南门东侧': {'A': [1, 1, 0, 1, 1, 1, 1, 1, 1, 1], 'B': [1, 1, 1, 1, 1, 1, 1, 1, 1, 1]}, '北门东北侧': {'A': [1, 1, 1, 1, 1, 1, 1, 1, 1, 1], 'B': [1, 1, 1, 1, 1, 1, 1, 1, 0, 1], 'C': [1, 1, 0, 1, 1, 1, 1, 1, 1, 1], 'D': [1, 1, 1, 1, 1, 0, 1, 0, 1, 1]}, '北门东南侧': {'A': [1, 1, 1, 1, 1, 1, 1, 1, 1, 1], 'B': [0, 1, 1, 1, 1, 1, 1, 1, 1, 1], 'C': [1, 1, 1, 1, 1, 1, 1, 1, 0, 1], 'D': [1, 1, 0, 1, 1, 1, 1, 1, 1, 1], 'E': [1, 1, 1, 1, 1, 0, 1, 1, 1, 1], 'F': [1, 1, 1, 1, 0, 1, 1, 1, 1, 1]}, '橘园北侧南': {'A': [1, 1, 0, 1, 1, 0, 1, 1, 0, 1], 'B': [0, 1, 0, 1, 1, 0, 1, 1, 1, 1], 'C': [0, 0, 1, 1, 1, 1, 0, 0, 1, 1], 'D': [1, 1, 1, 1, 1, 0, 1, 1, 1, 1], 'E': [1, 1, 1, 0, 1, 1, 1, 1, 0, 1], 'F': [1, 1, 1, 1, 0, 1, 0, 1, 1, 1], 'G': [0, 1, 1, 1, 1, 1, 1, 1, 1, 1], 'H': [1, 1, 1, 1, 1, 1, 1, 1, 1, 1], 'I': [1, 1, 0, 1, 1, 0, 1, 1, 1, 1], 'J': [1, 1, 0, 1, 1, 1, 1, 1, 1, 0]}, '校医院西': {'A': [1, 1, 1, 1, 1, 1, 1, 1, 1, 1], 'B': [1, 1, 1, 1, 1, 1, 1, 1, 1, 1], 'C': [1, 1, 1, 1, 1, 1, 1, 1, 1, 1], 'D': [1, 1, 1, 1, 1, 1, 1, 1, 1, 1], 'E': [1, 1, 1, 1, 1, 1, 1, 1, 1, 1], 'F': [1, 1, 1, 1, 0, 1, 1, 1, 1, 1], 'G': [1, 1, 1, 1, 1, 1, 1, 1, 1, 1], 'H': [1, 1, 1, 1, 1, 0, 1, 1, 0, 1], 'I': [1, 1, 1, 1, 1, 1, 0, 0, 1, 1]}}
623331	2024-07-13 06:16:23.932000+08:00	2024-07-13 06:16:23.932000+08:00	{'东门北侧': {'A': [1, 1, 1, 1, 1, 1, 1, 1, 1, 1], 'B': [1, 1, 1, 1, 1, 1, 1, 1, 1, 1], 'C': [1, 1, 1, 1, 1, 1, 1, 1, 1, 0], 'D': [1, 1, 1, 1, 1, 0, 1, 1, 1, 1], 'E': [1, 1, 0, 0, 1, 1, 1, 1, 1, 1], 'F': [0, 1, 1, 1, 1, 1, 1, 1, 1, 1], 'G': [1, 1, 1, 1, 1, 0, 1, 1, 0, 1], 'H': [1, 1, 1, 1, 0, 1, 1, 1, 1, 0], 'I': [0, 1, 0, 1, 1, 0, 1, 1, 1, 1], 'J': [1, 1, 1, 1, 1, 0, 1, 1, 1, 0], 'K': [0, 1, 1, 1, 1, 1, 1, 1, 1, 0]}, '东门南侧': {'A': [1, 0, 1, 1, 1, 1, 1, 1, 1, 0], 'B': [0, 0, 0, 0, 0, 0, 0, 0, 0, 0]}, '西门北侧': {'A': [1, 1, 1, 1, 1, 1, 1, 1, 1, 1], 'B': [0, 1, 1, 1, 1, 1, 1, 1, 1, 1], 'C': [1, 1, 1, 1, 1, 1, 1, 1, 1, 1]}, '西门南侧': {'A': [0, 1, 1, 1, 1, 1, 1, 1, 1, 1], 'B': [1, 1, 1, 1, 1, 1, 1, 1, 1, 1], 'C': [1, 1, 1, 1, 1, 1, 1, 1, 1, 1]}, '南门西侧': {'A': [1, 1, 1, 1, 1, 1, 1, 1, 1, 1], 'B': [1, 1, 1, 1, 0, 1, 1, 1, 1, 1]}, '南门东侧': {'A': [1, 1, 0, 1, 1, 1, 1, 1, 1, 1], 'B': [1, 1, 1, 1, 1, 1, 1, 1, 1, 1]}, '北门东北侧': {'A': [1, 1, 1, 1, 1, 1, 1, 1, 1, 1], 'B': [1, 1, 1, 1, 1, 1, 1, 1, 0, 1], 'C': [1, 1, 0, 1, 1, 1, 1, 1, 1, 1], 'D': [1, 1, 1, 1, 1, 0, 1, 0, 1, 1]}, '北门东南侧': {'A': [1, 1, 1, 1, 1, 1, 1, 1, 1, 1], 'B': [0, 1, 1, 1, 1, 1, 1, 1, 1, 1], 'C': [1, 1, 1, 1, 1, 1, 1, 1, 0, 1], 'D': [1, 1, 0, 1, 1, 1, 1, 1, 1, 1], 'E': [1, 1, 1, 1, 1, 0, 1, 1, 1, 1], 'F': [1, 1, 1, 1, 0, 1, 1, 1, 1, 1]}, '橘园北侧南': {'A': [1, 1, 0, 1, 1, 0, 1, 1, 0, 1], 'B': [0, 1, 0, 1, 1, 0, 1, 1, 1, 1], 'C': [0, 0, 1, 1, 1, 1, 0, 0, 1, 1], 'D': [1, 1, 1, 1, 1, 0, 1, 1, 1, 1], 'E': [1, 1, 1, 0, 1, 1, 1, 1, 0, 1], 'F': [1, 1, 1, 1, 0, 1, 0, 1, 1, 1], 'G': [0, 1, 1, 1, 1, 1, 1, 1, 1, 1], 'H': [1, 1, 1, 1, 1, 1, 1, 1, 1, 1], 'I': [1, 1, 0, 1, 1, 0, 1, 1, 1, 1], 'J': [1, 1, 0, 1, 1, 1, 1, 1, 1, 0]}, '校医院西': {'A': [1, 1, 1, 1, 1, 1, 1, 1, 1, 1], 'B': [1, 1, 1, 1, 1, 1, 1, 1, 1, 1], 'C': [1, 1, 1, 1, 1, 1, 1, 1, 1, 1], 'D': [1, 1, 1, 1, 1, 1, 1, 1, 1, 1], 'E': [1, 1, 1, 1, 1, 1, 1, 1, 1, 1], 'F': [1, 1, 1, 1, 0, 1, 1, 1, 1, 1], 'G': [1, 1, 1, 1, 1, 1, 1, 1, 1, 1], 'H': [1, 1, 1, 1, 1, 0, 1, 1, 0, 1], 'I': [1, 1, 1, 1, 1, 1, 0, 0, 1, 1]}}
623332	2024-07-13 06:17:22.930000+08:00	2024-07-13 06:17:22.930000+08:00	{'东门北侧': {'A': [1, 1, 1, 1, 1, 1, 1, 1, 1, 1], 'B': [1, 1, 1, 1, 1, 1, 1, 1, 1, 1], 'C': [1, 1, 1, 1, 1, 1, 1, 1, 1, 0], 'D': [1, 1, 1, 1, 1, 0, 1, 1, 1, 1], 'E': [1, 1, 0, 0, 1, 1, 1, 1, 1, 1], 'F': [0, 1, 1, 1, 1, 1, 1, 1, 1, 1], 'G': [1, 1, 1, 1, 1, 0, 1, 1, 0, 1], 'H': [1, 1, 1, 1, 0, 1, 1, 1, 1, 0], 'I': [0, 1, 0, 1, 1, 0, 1, 1, 1, 1], 'J': [1, 1, 1, 1, 1, 0, 1, 1, 1, 0], 'K': [0, 1, 1, 1, 1, 1, 1, 1, 1, 0]}, '东门南侧': {'A': [1, 0, 1, 1, 1, 1, 1, 1, 1, 0], 'B': [0, 0, 0, 0, 0, 0, 0, 0, 0, 0]}, '西门北侧': {'A': [1, 1, 1, 1, 1, 1, 1, 1, 1, 1], 'B': [0, 1, 1, 1, 1, 1, 1, 1, 1, 1], 'C': [1, 1, 1, 1, 1, 1, 1, 1, 1, 1]}, '西门南侧': {'A': [0, 1, 1, 1, 1, 1, 1, 1, 1, 1], 'B': [1, 1, 1, 1, 1, 1, 1, 1, 1, 1], 'C': [1, 1, 1, 1, 1, 1, 1, 1, 1, 1]}, '南门西侧': {'A': [1, 1, 1, 1, 1, 1, 1, 1, 1, 1], 'B': [1, 1, 1, 1, 0, 1, 1, 1, 1, 1]}, '南门东侧': {'A': [1, 1, 0, 1, 1, 1, 1, 1, 1, 1], 'B': [1, 1, 1, 1, 1, 1, 1, 1, 1, 1]}, '北门东北侧': {'A': [1, 1, 1, 1, 1, 1, 1, 1, 1, 1], 'B': [1, 1, 1, 1, 1, 1, 1, 1, 0, 1], 'C': [1, 1, 0, 1, 1, 1, 1, 1, 1, 1], 'D': [1, 1, 1, 1, 1, 0, 1, 0, 1, 1]}, '北门东南侧': {'A': [1, 1, 1, 1, 1, 1, 1, 1, 1, 1], 'B': [0, 1, 1, 1, 1, 1, 1, 1, 1, 1], 'C': [1, 1, 1, 1, 1, 1, 1, 1, 0, 1], 'D': [1, 1, 0, 1, 1, 1, 1, 1, 1, 1], 'E': [1, 1, 1, 1, 1, 0, 1, 1, 1, 1], 'F': [1, 1, 1, 1, 0, 1, 1, 1, 1, 1]}, '橘园北侧南': {'A': [1, 1, 0, 1, 1, 0, 1, 1, 0, 1], 'B': [0, 1, 0, 1, 1, 0, 1, 1, 1, 1], 'C': [0, 0, 1, 1, 1, 1, 0, 0, 1, 1], 'D': [1, 1, 1, 1, 1, 0, 1, 1, 1, 1], 'E': [1, 1, 1, 0, 1, 1, 1, 1, 0, 1], 'F': [1, 1, 1, 1, 0, 1, 0, 1, 1, 1], 'G': [0, 1, 1, 1, 1, 1, 1, 1, 1, 1], 'H': [1, 1, 1, 1, 1, 1, 1, 1, 1, 1], 'I': [1, 1, 0, 1, 1, 0, 1, 1, 1, 1], 'J': [1, 1, 0, 1, 1, 1, 1, 1, 1, 0]}, '校医院西': {'A': [1, 1, 1, 1, 1, 1, 1, 1, 1, 1], 'B': [1, 1, 1, 1, 1, 1, 1, 1, 1, 1], 'C': [1, 1, 1, 1, 1, 1, 1, 1, 1, 1], 'D': [1, 1, 1, 1, 1, 1, 1, 1, 1, 1], 'E': [1, 1, 1, 1, 1, 1, 1, 1, 1, 1], 'F': [1, 1, 1, 1, 0, 1, 1, 1, 1, 1], 'G': [1, 1, 1, 1, 1, 1, 1, 1, 1, 1], 'H': [1, 1, 1, 1, 1, 0, 1, 1, 0, 1], 'I': [1, 1, 1, 1, 1, 1, 0, 0, 1, 1]}}
623333	2024-07-13 06:18:21.081000+08:00	2024-07-13 06:18:21.081000+08:00	{'东门北侧': {'A': [1, 1, 1, 1, 1, 1, 1, 1, 1, 1], 'B': [1, 1, 1, 1, 1, 1, 1, 1, 1, 1], 'C': [1, 1, 1, 1, 1, 1, 1, 1, 1, 0], 'D': [1, 1, 1, 1, 1, 0, 1, 1, 1, 1], 'E': [1, 1, 0, 0, 1, 1, 1, 1, 1, 1], 'F': [0, 1, 1, 1, 1, 1, 1, 1, 1, 1], 'G': [1, 1, 1, 1, 1, 0, 1, 1, 0, 1], 'H': [1, 1, 1, 1, 0, 1, 1, 1, 1, 0], 'I': [0, 1, 0, 1, 1, 0, 1, 1, 1, 1], 'J': [1, 1, 1, 1, 1, 0, 1, 1, 1, 0], 'K': [0, 1, 1, 1, 1, 1, 1, 1, 1, 0]}, '东门南侧': {'A': [1, 0, 1, 1, 1, 1, 1, 1, 1, 1], 'B': [0, 0, 0, 0, 0, 0, 0, 0, 0, 0]}, '西门北侧': {'A': [1, 1, 1, 1, 1, 1, 1, 1, 1, 1], 'B': [0, 1, 1, 1, 1, 1, 1, 1, 1, 1], 'C': [1, 1, 1, 1, 1, 1, 1, 1, 1, 1]}, '西门南侧': {'A': [0, 1, 1, 1, 1, 1, 1, 1, 1, 1], 'B': [1, 1, 1, 1, 1, 1, 1, 1, 1, 1], 'C': [1, 1, 1, 1, 1, 1, 1, 1, 1, 1]}, '南门西侧': {'A': [1, 1, 1, 1, 1, 1, 1, 1, 1, 1], 'B': [1, 1, 1, 1, 0, 1, 1, 1, 1, 1]}, '南门东侧': {'A': [1, 1, 0, 1, 1, 1, 1, 1, 1, 1], 'B': [1, 1, 1, 1, 1, 1, 1, 1, 1, 1]}, '北门东北侧': {'A': [1, 1, 1, 1, 1, 1, 1, 1, 1, 1], 'B': [1, 1, 1, 1, 1, 1, 1, 1, 0, 1], 'C': [1, 1, 0, 1, 1, 1, 1, 1, 1, 1], 'D': [1, 1, 1, 1, 1, 0, 1, 0, 1, 1]}, '北门东南侧': {'A': [1, 1, 1, 1, 1, 1, 1, 1, 1, 1], 'B': [0, 1, 1, 1, 1, 1, 1, 1, 1, 1], 'C': [1, 1, 1, 1, 1, 1, 1, 1, 0, 1], 'D': [1, 1, 0, 1, 1, 1, 1, 1, 1, 1], 'E': [1, 1, 1, 1, 1, 0, 1, 1, 1, 1], 'F': [1, 1, 1, 1, 0, 1, 1, 1, 1, 1]}, '橘园北侧南': {'A': [1, 1, 0, 1, 1, 0, 1, 1, 0, 1], 'B': [0, 1, 0, 1, 1, 0, 1, 1, 1, 1], 'C': [0, 0, 1, 1, 1, 1, 0, 0, 1, 1], 'D': [1, 1, 1, 1, 1, 0, 1, 1, 1, 1], 'E': [1, 1, 1, 0, 1, 1, 1, 1, 0, 1], 'F': [1, 1, 1, 1, 0, 1, 0, 1, 1, 1], 'G': [0, 1, 1, 1, 1, 1, 1, 1, 1, 1], 'H': [1, 1, 1, 1, 1, 1, 1, 1, 1, 1], 'I': [1, 1, 0, 1, 1, 0, 1, 1, 1, 1], 'J': [1, 1, 0, 1, 1, 1, 1, 1, 1, 0]}, '校医院西': {'A': [1, 1, 1, 1, 1, 1, 1, 1, 1, 1], 'B': [1, 1, 1, 1, 1, 1, 1, 1, 1, 1], 'C': [1, 1, 1, 1, 1, 1, 1, 1, 1, 1], 'D': [1, 1, 1, 1, 1, 1, 1, 1, 1, 1], 'E': [1, 1, 1, 1, 1, 1, 1, 1, 1, 1], 'F': [1, 1, 1, 1, 0, 1, 1, 1, 1, 1], 'G': [1, 1, 1, 1, 1, 1, 1, 1, 1, 1], 'H': [1, 1, 1, 1, 1, 0, 1, 1, 0, 1], 'I': [1, 1, 1, 1, 1, 1, 0, 0, 1, 1]}}
623334	2024-07-13 06:19:22.299000+08:00	2024-07-13 06:19:22.299000+08:00	{'东门北侧': {'A': [1, 1, 1, 1, 1, 1, 1, 1, 1, 1], 'B': [1, 1, 1, 1, 1, 1, 1, 1, 1, 1], 'C': [1, 1, 1, 1, 1, 1, 1, 1, 1, 0], 'D': [1, 1, 1, 1, 1, 0, 1, 1, 1, 1], 'E': [1, 1, 0, 0, 1, 1, 1, 1, 1, 1], 'F': [0, 1, 1, 1, 1, 1, 1, 1, 1, 1], 'G': [1, 1, 1, 1, 1, 0, 1, 1, 0, 1], 'H': [1, 1, 1, 1, 0, 1, 1, 1, 1, 0], 'I': [0, 1, 0, 1, 1, 0, 1, 1, 1, 1], 'J': [1, 1, 1, 1, 1, 0, 1, 1, 1, 0], 'K': [0, 1, 1, 1, 1, 1, 1, 1, 1, 0]}, '东门南侧': {'A': [1, 0, 1, 1, 1, 1, 1, 1, 1, 1], 'B': [0, 0, 0, 0, 0, 0, 0, 0, 0, 0]}, '西门北侧': {'A': [1, 1, 1, 1, 1, 1, 1, 1, 1, 1], 'B': [0, 1, 1, 1, 1, 1, 1, 1, 1, 1], 'C': [1, 1, 1, 1, 1, 1, 1, 1, 1, 1]}, '西门南侧': {'A': [0, 1, 1, 1, 1, 1, 1, 1, 1, 1], 'B': [1, 1, 1, 1, 1, 1, 1, 1, 1, 1], 'C': [1, 1, 1, 1, 1, 1, 1, 1, 1, 1]}, '南门西侧': {'A': [1, 1, 1, 1, 1, 1, 1, 1, 1, 1], 'B': [1, 1, 1, 1, 0, 1, 1, 1, 1, 1]}, '南门东侧': {'A': [1, 1, 0, 1, 1, 1, 1, 1, 1, 1], 'B': [1, 1, 1, 1, 1, 1, 1, 1, 1, 1]}, '北门东北侧': {'A': [1, 1, 1, 1, 1, 1, 1, 1, 1, 1], 'B': [1, 1, 1, 1, 1, 1, 1, 1, 0, 1], 'C': [1, 1, 0, 1, 1, 1, 1, 1, 1, 1], 'D': [1, 1, 1, 1, 1, 0, 1, 0, 1, 1]}, '北门东南侧': {'A': [1, 1, 1, 1, 1, 1, 1, 1, 1, 1], 'B': [0, 1, 1, 1, 1, 1, 1, 1, 1, 1], 'C': [1, 1, 1, 1, 1, 1, 1, 1, 0, 1], 'D': [1, 1, 0, 1, 1, 1, 1, 1, 1, 1], 'E': [1, 1, 1, 1, 1, 0, 1, 1, 1, 1], 'F': [1, 1, 1, 1, 0, 1, 1, 1, 1, 1]}, '橘园北侧南': {'A': [1, 1, 0, 1, 1, 0, 1, 1, 0, 1], 'B': [0, 1, 0, 1, 1, 0, 1, 1, 1, 1], 'C': [0, 0, 1, 1, 1, 1, 0, 0, 1, 1], 'D': [1, 1, 1, 1, 1, 0, 1, 1, 1, 1], 'E': [1, 1, 1, 0, 1, 1, 1, 1, 0, 1], 'F': [1, 1, 1, 1, 0, 1, 0, 1, 1, 1], 'G': [0, 1, 1, 1, 1, 1, 1, 1, 1, 1], 'H': [1, 1, 1, 1, 1, 1, 1, 1, 1, 1], 'I': [1, 1, 0, 1, 1, 0, 1, 1, 1, 1], 'J': [1, 1, 0, 1, 1, 1, 1, 1, 1, 0]}, '校医院西': {'A': [1, 1, 1, 1, 1, 1, 1, 1, 1, 1], 'B': [1, 1, 1, 1, 1, 1, 1, 1, 1, 1], 'C': [1, 1, 1, 1, 1, 1, 1, 1, 1, 1], 'D': [1, 1, 1, 1, 1, 1, 1, 1, 1, 1], 'E': [1, 1, 1, 1, 1, 1, 1, 1, 1, 1], 'F': [1, 1, 1, 1, 0, 1, 1, 1, 1, 1], 'G': [1, 1, 1, 1, 1, 1, 1, 1, 1, 1], 'H': [1, 1, 1, 1, 1, 0, 1, 1, 0, 1], 'I': [1, 1, 1, 1, 1, 1, 0, 0, 1, 1]}}
623335	2024-07-13 06:20:21.851000+08:00	2024-07-13 06:20:21.851000+08:00	{'东门北侧': {'A': [1, 1, 1, 1, 1, 1, 1, 1, 1, 1], 'B': [1, 1, 1, 1, 1, 1, 1, 1, 1, 1], 'C': [1, 1, 1, 1, 1, 1, 1, 1, 1, 0], 'D': [1, 1, 1, 1, 1, 0, 1, 1, 1, 1], 'E': [1, 1, 0, 0, 1, 1, 1, 1, 1, 1], 'F': [0, 1, 1, 1, 1, 1, 1, 1, 1, 1], 'G': [1, 1, 1, 1, 1, 0, 1, 1, 0, 1], 'H': [1, 1, 1, 1, 0, 1, 1, 1, 1, 0], 'I': [0, 1, 0, 1, 1, 0, 1, 1, 1, 1], 'J': [1, 1, 1, 1, 1, 0, 1, 1, 1, 0], 'K': [0, 1, 1, 1, 1, 1, 1, 1, 1, 0]}, '东门南侧': {'A': [1, 0, 1, 1, 1, 1, 1, 1, 1, 1], 'B': [0, 0, 0, 0, 0, 0, 0, 0, 0, 0]}, '西门北侧': {'A': [1, 1, 1, 1, 1, 1, 1, 1, 1, 1], 'B': [0, 1, 1, 1, 1, 1, 1, 1, 1, 1], 'C': [1, 1, 1, 1, 1, 1, 1, 1, 1, 1]}, '西门南侧': {'A': [0, 1, 1, 1, 1, 1, 1, 1, 1, 1], 'B': [1, 1, 1, 1, 1, 1, 1, 1, 1, 1], 'C': [1, 1, 1, 1, 1, 1, 1, 1, 1, 1]}, '南门西侧': {'A': [1, 1, 1, 1, 1, 1, 1, 1, 1, 1], 'B': [1, 1, 1, 1, 0, 1, 1, 1, 1, 1]}, '南门东侧': {'A': [1, 1, 0, 1, 1, 1, 1, 1, 1, 1], 'B': [1, 1, 1, 1, 1, 1, 1, 1, 1, 1]}, '北门东北侧': {'A': [1, 1, 1, 1, 1, 1, 1, 1, 1, 1], 'B': [1, 1, 1, 1, 1, 1, 1, 1, 0, 1], 'C': [1, 1, 0, 1, 1, 1, 1, 1, 1, 1], 'D': [1, 1, 1, 1, 1, 0, 1, 0, 1, 1]}, '北门东南侧': {'A': [1, 1, 1, 1, 1, 1, 1, 1, 1, 1], 'B': [0, 1, 1, 1, 1, 1, 1, 1, 1, 1], 'C': [1, 1, 1, 1, 1, 1, 1, 1, 0, 1], 'D': [1, 1, 0, 1, 1, 1, 1, 1, 1, 1], 'E': [1, 1, 1, 1, 1, 1, 1, 1, 1, 1], 'F': [1, 1, 1, 1, 0, 1, 1, 1, 1, 1]}, '橘园北侧南': {'A': [1, 1, 0, 1, 1, 0, 1, 1, 0, 1], 'B': [0, 1, 0, 1, 1, 0, 1, 1, 1, 1], 'C': [0, 0, 1, 1, 1, 1, 0, 0, 1, 1], 'D': [1, 1, 1, 1, 1, 0, 1, 1, 1, 1], 'E': [1, 1, 1, 0, 1, 1, 1, 1, 0, 1], 'F': [1, 1, 1, 1, 0, 1, 0, 1, 1, 1], 'G': [0, 1, 1, 1, 1, 1, 1, 1, 1, 1], 'H': [1, 1, 1, 1, 1, 1, 1, 1, 1, 1], 'I': [1, 1, 0, 1, 1, 0, 1, 1, 1, 1], 'J': [1, 1, 0, 1, 1, 1, 1, 1, 1, 0]}, '校医院西': {'A': [1, 1, 1, 1, 1, 1, 1, 1, 1, 1], 'B': [1, 1, 1, 1, 1, 1, 1, 1, 1, 1], 'C': [1, 1, 1, 1, 1, 1, 1, 1, 1, 1], 'D': [1, 1, 1, 1, 1, 1, 1, 1, 1, 1], 'E': [1, 1, 1, 1, 1, 1, 1, 1, 1, 1], 'F': [1, 1, 1, 1, 0, 1, 1, 1, 1, 1], 'G': [1, 1, 1, 1, 1, 1, 1, 1, 1, 1], 'H': [1, 1, 1, 1, 1, 0, 1, 1, 0, 1], 'I': [1, 1, 1, 1, 1, 1, 0, 0, 1, 1]}}
623336	2024-07-13 06:21:23.916000+08:00	2024-07-13 06:21:23.916000+08:00	{'东门北侧': {'A': [1, 1, 1, 1, 1, 1, 1, 1, 1, 1], 'B': [1, 1, 1, 1, 1, 1, 1, 1, 1, 1], 'C': [1, 1, 1, 1, 1, 1, 1, 1, 1, 0], 'D': [1, 1, 1, 1, 1, 0, 1, 1, 1, 1], 'E': [1, 1, 0, 0, 1, 1, 1, 1, 1, 1], 'F': [0, 1, 1, 1, 1, 1, 1, 1, 1, 1], 'G': [1, 1, 1, 1, 1, 0, 1, 1, 0, 1], 'H': [1, 1, 1, 1, 0, 1, 1, 1, 1, 0], 'I': [0, 1, 0, 1, 1, 0, 1, 1, 1, 1], 'J': [1, 1, 1, 1, 1, 0, 1, 1, 1, 0], 'K': [0, 1, 1, 1, 1, 1, 1, 1, 1, 0]}, '东门南侧': {'A': [1, 0, 1, 1, 1, 1, 1, 1, 1, 1], 'B': [0, 0, 0, 0, 0, 0, 0, 0, 0, 0]}, '西门北侧': {'A': [1, 1, 1, 1, 1, 1, 1, 1, 1, 1], 'B': [0, 1, 1, 1, 1, 1, 1, 1, 1, 1], 'C': [1, 1, 1, 1, 1, 1, 1, 1, 1, 1]}, '西门南侧': {'A': [0, 1, 1, 1, 1, 1, 1, 1, 1, 1], 'B': [1, 1, 1, 1, 1, 1, 1, 1, 1, 1], 'C': [1, 1, 1, 1, 1, 1, 1, 1, 1, 1]}, '南门西侧': {'A': [1, 1, 1, 1, 1, 1, 1, 1, 1, 1], 'B': [1, 1, 1, 1, 0, 1, 1, 1, 1, 1]}, '南门东侧': {'A': [1, 1, 0, 1, 1, 1, 1, 1, 1, 1], 'B': [1, 1, 1, 1, 1, 1, 1, 1, 1, 1]}, '北门东北侧': {'A': [1, 1, 1, 1, 1, 1, 1, 1, 1, 1], 'B': [1, 1, 1, 1, 1, 1, 1, 1, 0, 1], 'C': [1, 1, 0, 1, 1, 1, 1, 1, 1, 1], 'D': [1, 1, 1, 1, 1, 0, 1, 0, 1, 1]}, '北门东南侧': {'A': [1, 1, 1, 1, 1, 1, 1, 1, 1, 1], 'B': [0, 1, 1, 1, 1, 1, 1, 1, 1, 1], 'C': [1, 1, 1, 1, 1, 1, 1, 1, 0, 1], 'D': [1, 1, 0, 1, 1, 1, 1, 1, 1, 1], 'E': [1, 1, 1, 1, 1, 1, 1, 1, 1, 1], 'F': [1, 1, 1, 1, 0, 1, 1, 1, 1, 1]}, '橘园北侧南': {'A': [1, 1, 0, 1, 1, 0, 1, 1, 0, 1], 'B': [0, 1, 0, 1, 1, 0, 1, 1, 1, 1], 'C': [0, 0, 1, 1, 1, 1, 0, 0, 1, 1], 'D': [1, 1, 1, 1, 1, 0, 1, 1, 1, 1], 'E': [1, 1, 1, 0, 1, 1, 1, 1, 0, 1], 'F': [1, 1, 1, 1, 0, 1, 0, 1, 1, 1], 'G': [0, 1, 1, 1, 1, 1, 1, 1, 1, 1], 'H': [1, 1, 1, 1, 1, 1, 1, 1, 1, 1], 'I': [1, 1, 0, 1, 1, 0, 1, 1, 1, 1], 'J': [1, 1, 0, 1, 1, 1, 1, 1, 1, 0]}, '校医院西': {'A': [1, 1, 1, 1, 1, 1, 1, 1, 1, 1], 'B': [1, 1, 1, 1, 1, 1, 1, 1, 1, 1], 'C': [1, 1, 1, 1, 1, 1, 1, 1, 1, 1], 'D': [1, 1, 1, 1, 1, 1, 1, 1, 1, 1], 'E': [1, 1, 1, 1, 1, 1, 1, 1, 1, 1], 'F': [1, 1, 1, 1, 0, 1, 1, 1, 1, 1], 'G': [1, 1, 1, 1, 1, 1, 1, 1, 1, 1], 'H': [1, 1, 1, 1, 1, 0, 1, 1, 0, 1], 'I': [1, 1, 1, 1, 1, 1, 0, 0, 1, 1]}}
623337	2024-07-13 06:22:21.884000+08:00	2024-07-13 06:22:21.884000+08:00	{'东门北侧': {'A': [1, 1, 1, 1, 1, 1, 1, 1, 1, 1], 'B': [1, 1, 1, 1, 1, 1, 1, 1, 1, 1], 'C': [1, 1, 1, 1, 1, 1, 1, 1, 1, 0], 'D': [1, 1, 1, 1, 1, 0, 1, 1, 1, 1], 'E': [1, 1, 0, 0, 1, 1, 1, 1, 1, 1], 'F': [0, 1, 1, 1, 1, 1, 1, 1, 1, 1], 'G': [1, 1, 1, 1, 1, 0, 1, 1, 0, 1], 'H': [1, 1, 1, 1, 0, 1, 1, 1, 1, 0], 'I': [0, 1, 0, 1, 1, 0, 1, 1, 1, 1], 'J': [1, 1, 1, 1, 1, 0, 1, 1, 1, 0], 'K': [0, 1, 1, 1, 1, 1, 1, 1, 1, 0]}, '东门南侧': {'A': [1, 0, 1, 1, 1, 1, 1, 1, 1, 1], 'B': [0, 0, 0, 0, 0, 0, 0, 0, 0, 0]}, '西门北侧': {'A': [1, 1, 1, 1, 1, 1, 1, 1, 1, 1], 'B': [0, 1, 1, 1, 1, 1, 1, 1, 1, 1], 'C': [1, 1, 1, 1, 1, 1, 1, 1, 1, 1]}, '西门南侧': {'A': [0, 1, 1, 1, 1, 1, 1, 1, 1, 1], 'B': [1, 1, 1, 1, 1, 1, 1, 1, 1, 1], 'C': [1, 1, 1, 1, 1, 1, 1, 1, 1, 1]}, '南门西侧': {'A': [1, 1, 1, 1, 1, 1, 1, 1, 1, 1], 'B': [1, 1, 1, 1, 0, 1, 1, 1, 1, 1]}, '南门东侧': {'A': [1, 1, 0, 1, 1, 1, 1, 1, 1, 1], 'B': [1, 1, 1, 1, 1, 1, 1, 1, 1, 1]}, '北门东北侧': {'A': [1, 1, 1, 1, 1, 1, 1, 1, 1, 1], 'B': [1, 1, 1, 1, 1, 1, 1, 1, 0, 1], 'C': [1, 1, 0, 1, 1, 1, 1, 1, 1, 1], 'D': [1, 1, 1, 1, 1, 0, 1, 0, 1, 1]}, '北门东南侧': {'A': [1, 1, 1, 1, 1, 1, 1, 1, 1, 1], 'B': [0, 1, 1, 1, 1, 1, 1, 1, 1, 1], 'C': [1, 1, 1, 1, 1, 1, 1, 1, 0, 1], 'D': [1, 1, 0, 1, 1, 1, 1, 1, 1, 1], 'E': [1, 1, 1, 1, 1, 1, 1, 1, 1, 1], 'F': [1, 1, 1, 1, 0, 1, 1, 1, 1, 1]}, '橘园北侧南': {'A': [1, 1, 0, 1, 1, 0, 1, 1, 0, 1], 'B': [0, 1, 0, 1, 1, 0, 1, 1, 1, 1], 'C': [0, 0, 1, 1, 1, 1, 0, 0, 1, 1], 'D': [1, 1, 1, 1, 1, 0, 1, 1, 1, 1], 'E': [1, 1, 1, 0, 1, 1, 1, 1, 0, 1], 'F': [1, 1, 1, 1, 0, 1, 0, 1, 1, 1], 'G': [0, 1, 1, 1, 1, 1, 1, 1, 1, 1], 'H': [1, 1, 1, 1, 1, 1, 1, 1, 1, 1], 'I': [1, 1, 0, 1, 1, 0, 1, 1, 1, 1], 'J': [1, 1, 0, 1, 1, 1, 1, 1, 1, 0]}, '校医院西': {'A': [1, 1, 1, 1, 1, 1, 1, 1, 1, 1], 'B': [1, 1, 1, 1, 1, 1, 1, 1, 1, 1], 'C': [1, 1, 1, 1, 1, 1, 1, 1, 1, 1], 'D': [1, 1, 1, 1, 1, 1, 1, 1, 1, 1], 'E': [1, 1, 1, 1, 1, 1, 1, 1, 1, 1], 'F': [1, 1, 1, 1, 0, 1, 1, 1, 1, 1], 'G': [1, 1, 1, 1, 1, 1, 1, 1, 1, 1], 'H': [1, 1, 1, 1, 1, 0, 1, 1, 0, 1], 'I': [1, 1, 1, 1, 1, 1, 0, 0, 1, 1]}}
623338	2024-07-13 06:23:22.847000+08:00	2024-07-13 06:23:22.847000+08:00	{'东门北侧': {'A': [1, 1, 1, 1, 1, 1, 1, 1, 1, 1], 'B': [1, 1, 1, 1, 1, 1, 1, 1, 1, 1], 'C': [1, 1, 1, 1, 1, 1, 1, 1, 1, 0], 'D': [1, 1, 1, 1, 1, 0, 1, 1, 1, 1], 'E': [1, 1, 0, 0, 1, 1, 1, 1, 1, 1], 'F': [0, 1, 1, 1, 1, 1, 1, 1, 1, 1], 'G': [1, 1, 1, 1, 1, 0, 1, 1, 0, 1], 'H': [1, 1, 1, 1, 0, 1, 1, 1, 1, 0], 'I': [0, 1, 0, 1, 1, 0, 1, 1, 1, 1], 'J': [1, 1, 1, 1, 1, 0, 1, 1, 1, 0], 'K': [0, 1, 1, 1, 1, 1, 1, 1, 1, 0]}, '东门南侧': {'A': [1, 0, 1, 1, 1, 1, 1, 1, 1, 1], 'B': [0, 0, 0, 0, 0, 0, 0, 0, 0, 0]}, '西门北侧': {'A': [1, 1, 1, 1, 1, 1, 1, 1, 1, 1], 'B': [0, 1, 1, 1, 1, 1, 1, 1, 1, 1], 'C': [1, 1, 1, 1, 1, 1, 1, 1, 1, 1]}, '西门南侧': {'A': [0, 1, 1, 1, 1, 1, 1, 1, 1, 1], 'B': [1, 1, 1, 1, 1, 1, 1, 1, 1, 1], 'C': [1, 1, 1, 1, 1, 1, 1, 1, 1, 1]}, '南门西侧': {'A': [1, 1, 1, 1, 1, 1, 1, 1, 1, 1], 'B': [1, 1, 1, 1, 0, 1, 1, 1, 1, 1]}, '南门东侧': {'A': [1, 1, 0, 1, 1, 1, 1, 1, 1, 1], 'B': [1, 1, 1, 1, 1, 1, 1, 1, 1, 1]}, '北门东北侧': {'A': [1, 1, 1, 1, 1, 1, 1, 1, 1, 1], 'B': [1, 1, 1, 1, 1, 1, 1, 1, 0, 1], 'C': [1, 1, 0, 1, 1, 1, 1, 1, 1, 1], 'D': [1, 1, 1, 1, 1, 0, 1, 0, 1, 1]}, '北门东南侧': {'A': [1, 1, 1, 1, 1, 1, 1, 1, 1, 1], 'B': [0, 1, 1, 1, 1, 1, 1, 1, 1, 1], 'C': [1, 1, 1, 1, 1, 1, 1, 1, 0, 1], 'D': [1, 1, 0, 1, 1, 1, 1, 1, 1, 1], 'E': [1, 1, 1, 1, 1, 1, 1, 1, 1, 1], 'F': [1, 1, 1, 1, 0, 1, 1, 1, 1, 1]}, '橘园北侧南': {'A': [1, 1, 0, 1, 1, 0, 1, 1, 0, 1], 'B': [0, 1, 0, 1, 1, 0, 1, 1, 1, 1], 'C': [0, 0, 1, 1, 1, 1, 1, 0, 1, 1], 'D': [1, 1, 1, 1, 1, 0, 1, 1, 1, 1], 'E': [1, 1, 1, 0, 1, 1, 1, 1, 1, 1], 'F': [1, 1, 1, 1, 0, 1, 0, 1, 1, 1], 'G': [0, 1, 1, 1, 1, 1, 1, 1, 1, 1], 'H': [1, 1, 1, 1, 1, 1, 1, 1, 1, 1], 'I': [1, 1, 0, 1, 1, 0, 1, 1, 1, 1], 'J': [1, 1, 0, 1, 1, 1, 1, 1, 1, 0]}, '校医院西': {'A': [1, 1, 1, 1, 1, 1, 1, 1, 1, 1], 'B': [1, 1, 1, 1, 1, 1, 1, 1, 1, 1], 'C': [1, 1, 1, 1, 1, 1, 1, 1, 1, 1], 'D': [1, 1, 1, 1, 1, 1, 1, 1, 1, 1], 'E': [1, 1, 1, 1, 1, 1, 1, 1, 1, 1], 'F': [1, 1, 1, 1, 0, 1, 1, 1, 1, 1], 'G': [1, 1, 1, 1, 1, 1, 1, 1, 1, 1], 'H': [1, 1, 1, 1, 1, 0, 1, 1, 0, 1], 'I': [1, 1, 1, 1, 1, 1, 0, 0, 1, 1]}}
623339	2024-07-13 06:24:20.841000+08:00	2024-07-13 06:24:20.841000+08:00	{'东门北侧': {'A': [1, 1, 1, 1, 1, 1, 1, 1, 1, 1], 'B': [1, 1, 1, 1, 1, 1, 1, 1, 1, 1], 'C': [1, 1, 1, 1, 1, 1, 1, 1, 1, 0], 'D': [1, 1, 1, 1, 1, 0, 1, 1, 1, 1], 'E': [1, 1, 0, 0, 1, 1, 1, 1, 1, 1], 'F': [0, 1, 1, 1, 1, 1, 1, 1, 1, 1], 'G': [1, 1, 1, 1, 1, 0, 1, 1, 0, 1], 'H': [1, 1, 1, 1, 0, 1, 1, 1, 1, 0], 'I': [0, 1, 0, 1, 1, 0, 1, 1, 1, 1], 'J': [1, 1, 1, 1, 1, 0, 1, 1, 1, 0], 'K': [0, 1, 1, 1, 1, 1, 1, 1, 1, 0]}, '东门南侧': {'A': [1, 0, 1, 1, 1, 1, 1, 1, 1, 1], 'B': [0, 0, 0, 0, 0, 0, 0, 0, 0, 0]}, '西门北侧': {'A': [1, 1, 1, 1, 1, 1, 1, 1, 1, 1], 'B': [0, 1, 1, 1, 1, 1, 1, 1, 1, 1], 'C': [1, 1, 1, 1, 1, 1, 1, 1, 1, 1]}, '西门南侧': {'A': [0, 1, 1, 1, 1, 1, 1, 1, 1, 1], 'B': [1, 1, 1, 1, 1, 1, 1, 1, 1, 1], 'C': [1, 1, 1, 1, 1, 1, 1, 1, 1, 1]}, '南门西侧': {'A': [1, 1, 1, 1, 1, 1, 1, 1, 1, 1], 'B': [1, 1, 1, 1, 0, 1, 1, 1, 1, 1]}, '南门东侧': {'A': [1, 1, 0, 1, 1, 1, 1, 1, 1, 1], 'B': [1, 1, 1, 1, 1, 1, 1, 1, 1, 1]}, '北门东北侧': {'A': [1, 1, 1, 1, 1, 1, 1, 1, 1, 1], 'B': [1, 1, 1, 1, 1, 1, 1, 1, 0, 1], 'C': [1, 1, 0, 1, 1, 1, 1, 1, 1, 1], 'D': [1, 1, 1, 1, 1, 0, 1, 0, 1, 1]}, '北门东南侧': {'A': [1, 1, 1, 1, 1, 1, 1, 1, 1, 1], 'B': [0, 1, 1, 1, 1, 1, 1, 1, 1, 1], 'C': [1, 1, 1, 1, 1, 1, 1, 1, 0, 1], 'D': [1, 1, 0, 1, 1, 1, 1, 1, 1, 1], 'E': [1, 1, 1, 1, 1, 1, 1, 1, 1, 1], 'F': [1, 1, 1, 1, 0, 1, 1, 1, 1, 1]}, '橘园北侧南': {'A': [1, 1, 0, 1, 1, 0, 1, 1, 0, 1], 'B': [0, 1, 0, 1, 1, 0, 1, 1, 1, 1], 'C': [0, 0, 1, 1, 1, 1, 1, 0, 1, 1], 'D': [1, 1, 1, 1, 1, 0, 1, 1, 1, 1], 'E': [1, 1, 1, 0, 1, 1, 1, 1, 1, 1], 'F': [1, 1, 1, 1, 0, 1, 0, 1, 1, 1], 'G': [0, 1, 1, 1, 1, 1, 1, 1, 1, 1], 'H': [1, 1, 1, 1, 1, 1, 1, 1, 1, 1], 'I': [1, 1, 0, 1, 1, 0, 1, 1, 1, 1], 'J': [1, 1, 0, 1, 1, 1, 1, 1, 1, 0]}, '校医院西': {'A': [1, 1, 1, 1, 1, 1, 1, 1, 1, 1], 'B': [1, 1, 1, 1, 1, 1, 1, 1, 1, 1], 'C': [1, 1, 1, 1, 1, 1, 1, 1, 1, 1], 'D': [1, 1, 1, 1, 1, 1, 1, 1, 1, 1], 'E': [1, 1, 1, 1, 1, 1, 1, 1, 1, 1], 'F': [1, 1, 1, 1, 0, 1, 1, 1, 1, 1], 'G': [1, 1, 1, 1, 1, 1, 1, 1, 1, 1], 'H': [1, 1, 1, 1, 1, 0, 1, 1, 0, 1], 'I': [1, 1, 1, 1, 1, 1, 0, 0, 1, 1]}}
623340	2024-07-13 06:25:23.939000+08:00	2024-07-13 06:25:23.939000+08:00	{'东门北侧': {'A': [1, 1, 1, 1, 1, 1, 1, 1, 1, 1], 'B': [1, 1, 1, 1, 1, 1, 1, 1, 1, 1], 'C': [1, 1, 1, 1, 1, 1, 1, 1, 1, 0], 'D': [1, 1, 1, 1, 1, 0, 1, 1, 1, 1], 'E': [1, 1, 0, 0, 1, 1, 1, 1, 1, 1], 'F': [0, 1, 1, 1, 1, 1, 1, 1, 1, 1], 'G': [1, 1, 1, 1, 1, 0, 1, 1, 0, 1], 'H': [1, 1, 1, 1, 0, 1, 1, 1, 1, 0], 'I': [0, 1, 0, 1, 1, 0, 1, 1, 1, 1], 'J': [1, 1, 1, 1, 1, 0, 1, 1, 1, 1], 'K': [0, 1, 1, 1, 1, 1, 1, 1, 1, 0]}, '东门南侧': {'A': [1, 0, 1, 1, 1, 1, 1, 1, 1, 1], 'B': [0, 0, 0, 0, 0, 0, 0, 0, 0, 0]}, '西门北侧': {'A': [1, 1, 1, 1, 1, 1, 1, 1, 1, 1], 'B': [0, 1, 1, 1, 1, 1, 1, 1, 1, 1], 'C': [1, 1, 1, 1, 1, 1, 1, 1, 1, 1]}, '西门南侧': {'A': [0, 1, 1, 1, 1, 1, 1, 1, 1, 1], 'B': [1, 1, 1, 1, 1, 1, 1, 1, 1, 1], 'C': [1, 1, 1, 1, 1, 1, 1, 1, 1, 1]}, '南门西侧': {'A': [1, 1, 1, 1, 1, 1, 1, 1, 1, 1], 'B': [1, 1, 1, 1, 0, 1, 1, 1, 1, 1]}, '南门东侧': {'A': [1, 1, 0, 1, 1, 1, 1, 1, 1, 1], 'B': [1, 1, 1, 1, 1, 1, 1, 1, 1, 1]}, '北门东北侧': {'A': [1, 1, 1, 1, 1, 1, 1, 1, 1, 1], 'B': [1, 1, 1, 1, 1, 1, 1, 1, 0, 1], 'C': [1, 1, 0, 1, 1, 1, 1, 1, 1, 1], 'D': [1, 1, 1, 1, 1, 0, 1, 0, 1, 1]}, '北门东南侧': {'A': [1, 1, 1, 1, 1, 1, 1, 1, 1, 1], 'B': [0, 1, 1, 1, 1, 1, 1, 1, 1, 1], 'C': [1, 1, 1, 1, 1, 1, 1, 1, 0, 1], 'D': [1, 1, 0, 1, 1, 1, 1, 1, 1, 1], 'E': [1, 1, 1, 1, 1, 1, 1, 1, 1, 1], 'F': [1, 1, 1, 1, 0, 1, 1, 1, 1, 1]}, '橘园北侧南': {'A': [1, 1, 0, 1, 1, 0, 1, 1, 0, 1], 'B': [0, 1, 0, 1, 1, 0, 1, 1, 1, 1], 'C': [0, 0, 1, 1, 1, 1, 1, 0, 1, 1], 'D': [1, 1, 1, 1, 1, 0, 1, 1, 1, 1], 'E': [1, 1, 1, 0, 1, 1, 1, 1, 1, 1], 'F': [1, 1, 1, 1, 0, 1, 0, 1, 1, 1], 'G': [0, 1, 1, 1, 1, 1, 1, 1, 1, 1], 'H': [1, 1, 1, 1, 1, 1, 1, 1, 1, 1], 'I': [1, 1, 0, 1, 1, 0, 1, 1, 1, 1], 'J': [1, 1, 0, 1, 1, 1, 1, 1, 1, 0]}, '校医院西': {'A': [1, 1, 1, 1, 1, 1, 1, 1, 1, 1], 'B': [1, 1, 1, 1, 1, 1, 1, 1, 1, 1], 'C': [1, 1, 1, 1, 1, 1, 1, 1, 1, 1], 'D': [1, 1, 1, 1, 1, 1, 1, 1, 1, 1], 'E': [1, 1, 1, 1, 1, 1, 1, 1, 1, 1], 'F': [1, 1, 1, 1, 0, 1, 1, 1, 1, 1], 'G': [1, 1, 1, 1, 1, 1, 1, 1, 1, 1], 'H': [1, 1, 1, 1, 1, 0, 1, 1, 0, 1], 'I': [1, 1, 1, 1, 1, 1, 0, 0, 1, 1]}}
623341	2024-07-13 06:26:23.844000+08:00	2024-07-13 06:26:23.844000+08:00	{'东门北侧': {'A': [1, 1, 1, 1, 1, 1, 1, 1, 1, 1], 'B': [1, 1, 1, 1, 1, 1, 1, 1, 1, 1], 'C': [1, 1, 1, 1, 1, 1, 1, 1, 1, 0], 'D': [1, 1, 1, 1, 1, 0, 1, 1, 1, 1], 'E': [1, 1, 0, 0, 1, 1, 1, 1, 1, 1], 'F': [0, 1, 1, 1, 1, 1, 1, 1, 1, 1], 'G': [1, 1, 1, 1, 1, 0, 1, 1, 0, 1], 'H': [1, 1, 1, 1, 0, 1, 1, 1, 1, 0], 'I': [0, 1, 0, 1, 1, 0, 1, 1, 1, 1], 'J': [1, 1, 1, 1, 1, 0, 1, 1, 1, 1], 'K': [0, 1, 1, 1, 1, 1, 1, 1, 1, 0]}, '东门南侧': {'A': [1, 0, 1, 1, 1, 1, 1, 1, 1, 1], 'B': [0, 0, 0, 0, 0, 0, 0, 0, 0, 0]}, '西门北侧': {'A': [1, 1, 1, 1, 1, 1, 1, 1, 1, 1], 'B': [0, 1, 1, 1, 1, 1, 1, 1, 1, 1], 'C': [1, 1, 1, 1, 1, 1, 1, 1, 1, 1]}, '西门南侧': {'A': [0, 1, 1, 1, 1, 1, 1, 1, 1, 1], 'B': [1, 1, 1, 1, 1, 1, 1, 1, 1, 1], 'C': [1, 1, 1, 1, 1, 1, 1, 1, 1, 1]}, '南门西侧': {'A': [1, 1, 1, 1, 1, 1, 1, 1, 1, 1], 'B': [1, 1, 1, 1, 0, 1, 1, 1, 1, 1]}, '南门东侧': {'A': [1, 1, 0, 1, 1, 1, 1, 1, 1, 1], 'B': [1, 1, 1, 1, 1, 1, 1, 1, 1, 1]}, '北门东北侧': {'A': [1, 1, 1, 1, 1, 1, 1, 1, 1, 1], 'B': [1, 1, 1, 1, 1, 1, 1, 1, 0, 1], 'C': [1, 1, 0, 1, 1, 1, 1, 1, 1, 1], 'D': [1, 1, 1, 1, 1, 0, 1, 0, 1, 1]}, '北门东南侧': {'A': [1, 1, 1, 1, 1, 1, 1, 1, 1, 1], 'B': [0, 1, 1, 1, 1, 1, 1, 1, 1, 1], 'C': [1, 1, 1, 1, 1, 1, 1, 1, 0, 1], 'D': [1, 1, 0, 1, 1, 1, 1, 1, 1, 1], 'E': [1, 1, 1, 1, 1, 1, 1, 1, 1, 1], 'F': [1, 1, 1, 1, 0, 1, 1, 1, 1, 1]}, '橘园北侧南': {'A': [1, 1, 0, 1, 1, 0, 1, 1, 0, 1], 'B': [0, 1, 0, 1, 1, 0, 1, 1, 1, 1], 'C': [0, 0, 1, 1, 1, 1, 1, 0, 1, 1], 'D': [1, 1, 1, 1, 1, 0, 1, 1, 1, 1], 'E': [1, 1, 1, 0, 1, 1, 1, 1, 1, 1], 'F': [1, 1, 1, 1, 0, 1, 0, 1, 1, 1], 'G': [0, 1, 1, 1, 1, 1, 1, 1, 1, 1], 'H': [1, 1, 1, 1, 1, 1, 1, 1, 1, 1], 'I': [1, 1, 0, 1, 1, 0, 1, 1, 1, 1], 'J': [1, 1, 0, 1, 1, 1, 1, 1, 1, 0]}, '校医院西': {'A': [1, 1, 1, 1, 1, 1, 1, 1, 1, 1], 'B': [1, 1, 1, 1, 1, 1, 1, 1, 1, 1], 'C': [1, 1, 1, 1, 1, 1, 1, 1, 1, 1], 'D': [1, 1, 1, 1, 1, 1, 1, 1, 1, 1], 'E': [1, 1, 1, 1, 1, 1, 1, 1, 1, 1], 'F': [1, 1, 1, 1, 0, 1, 1, 1, 1, 1], 'G': [1, 1, 1, 1, 1, 1, 1, 1, 1, 1], 'H': [1, 1, 1, 1, 1, 0, 1, 1, 0, 1], 'I': [1, 1, 1, 1, 1, 1, 0, 0, 1, 1]}}
623342	2024-07-13 06:27:23.994000+08:00	2024-07-13 06:27:23.994000+08:00	{'东门北侧': {'A': [1, 1, 1, 1, 1, 1, 1, 1, 1, 1], 'B': [1, 1, 1, 1, 1, 1, 1, 1, 1, 1], 'C': [1, 1, 1, 1, 1, 1, 1, 1, 1, 0], 'D': [1, 1, 1, 1, 1, 0, 1, 1, 1, 1], 'E': [1, 1, 0, 0, 1, 1, 1, 1, 1, 1], 'F': [0, 1, 1, 1, 1, 1, 1, 1, 1, 1], 'G': [1, 1, 1, 1, 1, 0, 1, 1, 0, 1], 'H': [1, 1, 1, 1, 0, 1, 1, 1, 1, 1], 'I': [0, 1, 0, 1, 1, 0, 1, 1, 1, 1], 'J': [1, 1, 1, 1, 1, 0, 1, 1, 1, 1], 'K': [0, 1, 1, 1, 1, 1, 1, 1, 1, 0]}, '东门南侧': {'A': [1, 0, 1, 1, 1, 1, 1, 1, 1, 1], 'B': [0, 0, 0, 0, 0, 0, 0, 0, 0, 0]}, '西门北侧': {'A': [1, 1, 1, 1, 1, 1, 1, 1, 1, 1], 'B': [0, 1, 1, 1, 1, 1, 1, 1, 1, 1], 'C': [1, 1, 1, 1, 1, 1, 1, 1, 1, 1]}, '西门南侧': {'A': [0, 1, 1, 1, 1, 1, 1, 1, 1, 1], 'B': [1, 1, 1, 1, 1, 1, 1, 1, 1, 1], 'C': [1, 1, 1, 1, 1, 1, 1, 1, 1, 1]}, '南门西侧': {'A': [1, 1, 1, 1, 1, 1, 1, 1, 1, 1], 'B': [1, 1, 1, 1, 0, 1, 1, 1, 1, 1]}, '南门东侧': {'A': [1, 1, 0, 1, 1, 1, 1, 1, 1, 1], 'B': [1, 1, 1, 1, 1, 1, 1, 1, 1, 1]}, '北门东北侧': {'A': [1, 1, 1, 1, 1, 1, 1, 1, 1, 1], 'B': [1, 1, 1, 1, 1, 1, 1, 1, 0, 1], 'C': [1, 1, 0, 1, 1, 1, 1, 1, 1, 1], 'D': [1, 1, 1, 1, 1, 0, 1, 0, 1, 1]}, '北门东南侧': {'A': [1, 1, 1, 1, 1, 1, 1, 1, 1, 1], 'B': [0, 1, 1, 1, 1, 1, 1, 1, 1, 1], 'C': [1, 1, 1, 1, 1, 1, 1, 1, 0, 1], 'D': [1, 1, 0, 1, 1, 1, 1, 1, 1, 1], 'E': [1, 1, 1, 1, 1, 1, 1, 1, 1, 1], 'F': [1, 1, 1, 1, 0, 1, 1, 1, 1, 1]}, '橘园北侧南': {'A': [1, 1, 0, 1, 1, 0, 1, 1, 0, 1], 'B': [0, 1, 0, 1, 1, 0, 1, 1, 1, 1], 'C': [0, 0, 1, 1, 1, 1, 1, 1, 1, 1], 'D': [1, 1, 1, 1, 1, 0, 1, 1, 1, 1], 'E': [1, 1, 1, 0, 1, 1, 1, 1, 1, 1], 'F': [1, 1, 1, 1, 0, 1, 0, 1, 1, 1], 'G': [0, 1, 1, 1, 1, 1, 1, 1, 1, 1], 'H': [1, 1, 1, 1, 1, 1, 1, 1, 1, 1], 'I': [1, 1, 0, 1, 1, 0, 1, 1, 1, 1], 'J': [1, 1, 0, 1, 1, 1, 1, 1, 1, 0]}, '校医院西': {'A': [1, 1, 1, 1, 1, 1, 1, 1, 1, 1], 'B': [1, 1, 1, 1, 1, 1, 1, 1, 1, 1], 'C': [1, 1, 1, 1, 1, 1, 1, 1, 1, 1], 'D': [1, 1, 1, 1, 1, 1, 1, 1, 1, 1], 'E': [1, 1, 1, 1, 1, 1, 1, 1, 1, 1], 'F': [1, 1, 1, 1, 0, 1, 1, 1, 1, 1], 'G': [1, 1, 1, 1, 1, 1, 1, 1, 1, 1], 'H': [1, 1, 1, 1, 1, 0, 1, 1, 0, 1], 'I': [1, 1, 1, 1, 1, 1, 0, 0, 1, 1]}}
623343	2024-07-13 06:28:22.932000+08:00	2024-07-13 06:28:22.932000+08:00	{'东门北侧': {'A': [1, 1, 1, 1, 1, 1, 1, 1, 1, 1], 'B': [1, 1, 1, 1, 1, 1, 1, 1, 1, 1], 'C': [1, 1, 1, 1, 1, 1, 1, 1, 1, 0], 'D': [1, 1, 1, 1, 1, 0, 1, 1, 1, 1], 'E': [1, 1, 0, 0, 1, 1, 1, 1, 1, 1], 'F': [0, 1, 1, 1, 1, 1, 1, 1, 1, 1], 'G': [1, 1, 1, 1, 1, 0, 1, 1, 0, 1], 'H': [1, 1, 1, 1, 0, 1, 1, 1, 1, 1], 'I': [0, 1, 0, 1, 1, 0, 1, 1, 1, 1], 'J': [1, 1, 1, 1, 1, 0, 1, 1, 1, 1], 'K': [0, 1, 1, 1, 1, 1, 1, 1, 1, 0]}, '东门南侧': {'A': [1, 0, 1, 1, 1, 1, 1, 1, 1, 1], 'B': [0, 0, 0, 0, 0, 0, 0, 0, 0, 0]}, '西门北侧': {'A': [1, 1, 1, 1, 1, 1, 1, 1, 1, 1], 'B': [0, 1, 1, 1, 1, 1, 1, 1, 1, 1], 'C': [1, 1, 1, 1, 1, 1, 1, 1, 1, 1]}, '西门南侧': {'A': [0, 1, 1, 1, 1, 1, 1, 1, 1, 1], 'B': [1, 1, 1, 1, 1, 1, 1, 1, 1, 1], 'C': [1, 1, 1, 1, 1, 1, 1, 1, 1, 1]}, '南门西侧': {'A': [1, 1, 1, 1, 1, 1, 1, 1, 1, 1], 'B': [1, 1, 1, 1, 0, 1, 1, 1, 1, 1]}, '南门东侧': {'A': [1, 1, 0, 1, 1, 1, 1, 1, 1, 1], 'B': [1, 1, 1, 1, 1, 1, 1, 1, 1, 1]}, '北门东北侧': {'A': [1, 1, 1, 1, 1, 1, 1, 1, 1, 1], 'B': [1, 1, 1, 1, 1, 1, 1, 1, 0, 1], 'C': [1, 1, 0, 1, 1, 1, 1, 1, 1, 1], 'D': [1, 1, 1, 1, 1, 0, 1, 0, 1, 1]}, '北门东南侧': {'A': [1, 1, 1, 1, 1, 1, 1, 1, 1, 1], 'B': [0, 1, 1, 1, 1, 1, 1, 1, 1, 1], 'C': [1, 1, 1, 1, 1, 1, 1, 1, 0, 1], 'D': [1, 1, 0, 1, 1, 1, 1, 1, 1, 1], 'E': [1, 1, 1, 1, 1, 1, 1, 1, 1, 1], 'F': [1, 1, 1, 1, 0, 1, 1, 1, 1, 1]}, '橘园北侧南': {'A': [1, 1, 0, 1, 1, 0, 1, 1, 0, 1], 'B': [0, 1, 0, 1, 1, 0, 1, 1, 1, 1], 'C': [0, 0, 1, 1, 1, 1, 1, 1, 1, 1], 'D': [1, 1, 1, 1, 1, 0, 1, 1, 1, 1], 'E': [1, 1, 1, 0, 1, 1, 1, 1, 1, 1], 'F': [1, 1, 1, 1, 0, 1, 0, 1, 1, 1], 'G': [0, 1, 1, 1, 1, 1, 1, 1, 1, 1], 'H': [1, 1, 1, 1, 1, 1, 1, 1, 1, 1], 'I': [1, 1, 0, 1, 1, 0, 1, 1, 1, 1], 'J': [1, 1, 0, 1, 1, 1, 1, 1, 1, 0]}, '校医院西': {'A': [1, 1, 1, 1, 1, 1, 1, 1, 1, 1], 'B': [1, 1, 1, 1, 1, 1, 1, 1, 1, 1], 'C': [1, 1, 1, 1, 1, 1, 1, 1, 1, 1], 'D': [1, 1, 1, 1, 1, 1, 1, 1, 1, 1], 'E': [1, 1, 1, 1, 1, 1, 1, 1, 1, 1], 'F': [1, 1, 1, 1, 0, 1, 1, 1, 1, 1], 'G': [1, 1, 1, 1, 1, 1, 1, 1, 1, 1], 'H': [1, 1, 1, 1, 1, 0, 1, 1, 0, 1], 'I': [1, 1, 1, 1, 1, 1, 0, 0, 1, 1]}}
623344	2024-07-13 06:29:22.878000+08:00	2024-07-13 06:29:22.878000+08:00	{'东门北侧': {'A': [1, 1, 1, 1, 1, 1, 1, 1, 1, 1], 'B': [1, 1, 1, 1, 1, 1, 1, 1, 1, 1], 'C': [1, 1, 1, 1, 1, 1, 1, 1, 1, 0], 'D': [1, 1, 1, 1, 1, 0, 1, 1, 1, 1], 'E': [1, 1, 0, 0, 1, 1, 1, 1, 1, 1], 'F': [0, 1, 1, 1, 1, 1, 1, 1, 1, 1], 'G': [1, 1, 1, 1, 1, 0, 1, 1, 0, 1], 'H': [1, 1, 1, 1, 0, 1, 1, 1, 1, 1], 'I': [0, 1, 0, 1, 1, 0, 1, 1, 1, 1], 'J': [1, 1, 1, 1, 1, 0, 1, 1, 1, 1], 'K': [0, 1, 1, 1, 1, 1, 1, 1, 1, 0]}, '东门南侧': {'A': [1, 0, 1, 1, 1, 1, 1, 1, 1, 1], 'B': [0, 0, 0, 0, 0, 0, 0, 0, 0, 0]}, '西门北侧': {'A': [1, 1, 1, 1, 1, 1, 1, 1, 1, 1], 'B': [0, 1, 1, 1, 1, 1, 1, 1, 1, 1], 'C': [1, 1, 1, 1, 1, 1, 1, 1, 1, 1]}, '西门南侧': {'A': [0, 1, 1, 1, 1, 1, 1, 1, 1, 1], 'B': [1, 1, 1, 1, 1, 1, 1, 1, 1, 1], 'C': [1, 1, 1, 1, 1, 1, 1, 1, 1, 1]}, '南门西侧': {'A': [1, 1, 1, 1, 1, 1, 1, 1, 1, 1], 'B': [1, 1, 1, 1, 0, 1, 1, 1, 1, 1]}, '南门东侧': {'A': [1, 1, 0, 1, 1, 1, 1, 1, 1, 1], 'B': [1, 1, 1, 1, 1, 1, 1, 1, 1, 1]}, '北门东北侧': {'A': [1, 1, 1, 1, 1, 1, 1, 1, 1, 1], 'B': [1, 1, 1, 1, 1, 1, 1, 1, 0, 1], 'C': [1, 1, 0, 1, 1, 1, 1, 1, 1, 1], 'D': [1, 1, 1, 1, 1, 0, 1, 0, 1, 1]}, '北门东南侧': {'A': [1, 1, 1, 1, 1, 1, 1, 1, 1, 1], 'B': [0, 1, 1, 1, 1, 1, 1, 1, 1, 1], 'C': [1, 1, 1, 1, 1, 1, 1, 1, 0, 1], 'D': [1, 1, 0, 1, 1, 1, 1, 1, 1, 1], 'E': [1, 1, 1, 1, 1, 1, 1, 1, 1, 1], 'F': [1, 1, 1, 1, 0, 1, 1, 1, 1, 1]}, '橘园北侧南': {'A': [1, 1, 0, 1, 1, 0, 1, 1, 0, 1], 'B': [0, 1, 0, 1, 1, 0, 1, 1, 1, 1], 'C': [0, 0, 1, 1, 1, 1, 1, 1, 1, 1], 'D': [1, 1, 1, 1, 1, 0, 1, 1, 1, 1], 'E': [1, 1, 1, 0, 1, 1, 1, 1, 1, 1], 'F': [1, 1, 1, 1, 0, 1, 0, 1, 1, 1], 'G': [0, 1, 1, 1, 1, 1, 1, 1, 1, 1], 'H': [1, 1, 1, 1, 1, 1, 1, 1, 1, 1], 'I': [1, 1, 0, 1, 1, 0, 1, 1, 1, 1], 'J': [1, 1, 0, 1, 1, 1, 1, 1, 1, 0]}, '校医院西': {'A': [1, 1, 1, 1, 1, 1, 1, 1, 1, 1], 'B': [1, 1, 1, 1, 1, 1, 1, 1, 1, 1], 'C': [1, 1, 1, 1, 1, 1, 1, 1, 1, 1], 'D': [1, 1, 1, 1, 1, 1, 1, 1, 1, 1], 'E': [1, 1, 1, 1, 1, 1, 1, 1, 1, 1], 'F': [1, 1, 1, 1, 0, 1, 1, 1, 1, 1], 'G': [1, 1, 1, 1, 1, 1, 1, 1, 1, 1], 'H': [1, 1, 1, 1, 1, 0, 1, 1, 0, 1], 'I': [1, 1, 1, 1, 1, 1, 0, 0, 1, 1]}}
623345	2024-07-13 06:30:21.032000+08:00	2024-07-13 06:30:21.032000+08:00	{'东门北侧': {'A': [1, 1, 1, 1, 1, 1, 1, 1, 1, 1], 'B': [1, 1, 1, 1, 1, 1, 1, 1, 1, 1], 'C': [1, 1, 1, 1, 1, 1, 1, 1, 1, 0], 'D': [1, 1, 1, 1, 1, 0, 1, 1, 1, 1], 'E': [1, 1, 0, 0, 1, 1, 1, 1, 1, 1], 'F': [0, 1, 1, 1, 1, 1, 1, 1, 1, 1], 'G': [1, 1, 1, 1, 1, 0, 1, 1, 0, 1], 'H': [1, 1, 1, 1, 0, 1, 1, 1, 1, 1], 'I': [0, 1, 0, 1, 1, 0, 1, 1, 1, 1], 'J': [1, 1, 1, 1, 1, 0, 1, 1, 1, 1], 'K': [0, 1, 1, 1, 1, 1, 1, 1, 1, 0]}, '东门南侧': {'A': [1, 0, 1, 1, 1, 1, 1, 1, 1, 1], 'B': [0, 0, 0, 0, 0, 0, 0, 0, 0, 0]}, '西门北侧': {'A': [1, 1, 1, 1, 1, 1, 1, 1, 1, 1], 'B': [0, 1, 1, 1, 1, 1, 1, 1, 1, 1], 'C': [1, 1, 1, 1, 1, 1, 1, 1, 1, 1]}, '西门南侧': {'A': [0, 1, 1, 1, 1, 1, 1, 1, 1, 1], 'B': [1, 1, 1, 1, 1, 1, 1, 1, 1, 1], 'C': [1, 1, 1, 1, 1, 1, 1, 1, 1, 1]}, '南门西侧': {'A': [1, 1, 1, 1, 1, 1, 1, 1, 1, 1], 'B': [1, 1, 1, 1, 0, 1, 1, 1, 1, 1]}, '南门东侧': {'A': [1, 1, 0, 1, 1, 1, 1, 1, 1, 1], 'B': [1, 1, 1, 1, 1, 1, 1, 1, 1, 1]}, '北门东北侧': {'A': [1, 1, 1, 1, 1, 1, 1, 1, 1, 1], 'B': [1, 1, 1, 1, 1, 1, 1, 1, 0, 1], 'C': [1, 1, 0, 1, 1, 1, 1, 1, 1, 1], 'D': [1, 1, 1, 1, 1, 0, 1, 0, 1, 1]}, '北门东南侧': {'A': [1, 1, 1, 1, 1, 1, 1, 1, 1, 1], 'B': [0, 1, 1, 1, 1, 1, 1, 1, 1, 1], 'C': [1, 1, 1, 1, 1, 1, 1, 1, 0, 1], 'D': [1, 1, 0, 1, 1, 1, 1, 1, 1, 1], 'E': [1, 1, 1, 1, 1, 1, 1, 1, 1, 1], 'F': [1, 1, 1, 1, 0, 1, 1, 1, 1, 1]}, '橘园北侧南': {'A': [1, 1, 0, 1, 1, 0, 1, 1, 0, 1], 'B': [0, 1, 0, 1, 1, 0, 1, 1, 1, 1], 'C': [0, 0, 1, 1, 1, 1, 1, 1, 1, 1], 'D': [1, 1, 1, 1, 1, 0, 1, 1, 1, 1], 'E': [1, 1, 1, 0, 1, 1, 1, 1, 1, 1], 'F': [1, 1, 1, 1, 0, 1, 0, 1, 1, 1], 'G': [0, 1, 1, 1, 1, 1, 1, 1, 1, 1], 'H': [1, 1, 1, 1, 1, 1, 1, 1, 1, 1], 'I': [1, 1, 0, 1, 1, 0, 1, 1, 1, 1], 'J': [1, 1, 0, 1, 1, 1, 1, 1, 1, 0]}, '校医院西': {'A': [1, 1, 1, 1, 1, 1, 1, 1, 1, 1], 'B': [1, 1, 1, 1, 1, 1, 1, 1, 1, 1], 'C': [1, 1, 1, 1, 1, 1, 1, 1, 1, 1], 'D': [1, 1, 1, 1, 1, 1, 1, 1, 1, 1], 'E': [1, 1, 1, 1, 1, 1, 1, 1, 1, 1], 'F': [1, 1, 1, 1, 0, 1, 1, 1, 1, 1], 'G': [1, 1, 1, 1, 1, 1, 1, 1, 1, 1], 'H': [1, 1, 1, 1, 1, 0, 1, 1, 0, 1], 'I': [1, 1, 1, 1, 1, 1, 0, 0, 1, 1]}}
623346	2024-07-13 06:31:21.097000+08:00	2024-07-13 06:31:21.097000+08:00	{'东门北侧': {'A': [1, 1, 1, 1, 1, 1, 1, 1, 1, 1], 'B': [1, 1, 1, 1, 1, 1, 1, 1, 1, 1], 'C': [1, 1, 1, 1, 1, 1, 1, 1, 1, 0], 'D': [1, 1, 1, 1, 1, 0, 1, 1, 1, 1], 'E': [1, 1, 0, 0, 1, 1, 1, 1, 1, 1], 'F': [0, 1, 1, 1, 1, 1, 1, 1, 1, 1], 'G': [1, 1, 1, 1, 1, 0, 1, 1, 0, 1], 'H': [1, 1, 1, 1, 0, 1, 1, 1, 1, 1], 'I': [0, 1, 0, 1, 1, 0, 1, 1, 1, 1], 'J': [1, 1, 1, 1, 1, 0, 1, 1, 1, 1], 'K': [0, 1, 1, 1, 1, 1, 1, 1, 1, 0]}, '东门南侧': {'A': [1, 0, 1, 1, 1, 1, 1, 1, 1, 1], 'B': [0, 0, 0, 0, 0, 0, 0, 0, 0, 0]}, '西门北侧': {'A': [1, 1, 1, 1, 1, 1, 1, 1, 1, 1], 'B': [0, 1, 1, 1, 1, 1, 1, 1, 1, 1], 'C': [1, 1, 1, 1, 1, 1, 1, 1, 1, 1]}, '西门南侧': {'A': [0, 1, 1, 1, 1, 1, 1, 1, 1, 1], 'B': [1, 1, 1, 1, 1, 1, 1, 1, 1, 1], 'C': [1, 1, 1, 1, 1, 1, 1, 1, 1, 1]}, '南门西侧': {'A': [1, 1, 1, 1, 1, 1, 1, 1, 1, 1], 'B': [1, 1, 1, 1, 0, 1, 1, 1, 1, 1]}, '南门东侧': {'A': [1, 1, 0, 1, 1, 1, 1, 1, 1, 1], 'B': [1, 1, 1, 1, 1, 1, 1, 1, 1, 1]}, '北门东北侧': {'A': [1, 1, 1, 1, 1, 1, 1, 1, 1, 1], 'B': [1, 1, 1, 1, 1, 1, 1, 1, 1, 1], 'C': [1, 1, 0, 1, 1, 1, 1, 1, 1, 1], 'D': [1, 1, 1, 1, 1, 0, 1, 0, 1, 1]}, '北门东南侧': {'A': [1, 1, 1, 1, 1, 1, 1, 1, 1, 1], 'B': [0, 1, 1, 1, 1, 1, 1, 1, 1, 1], 'C': [1, 1, 1, 1, 1, 1, 1, 1, 0, 1], 'D': [1, 1, 0, 1, 1, 1, 1, 1, 1, 1], 'E': [1, 1, 1, 1, 1, 1, 1, 1, 1, 1], 'F': [1, 1, 1, 1, 0, 1, 1, 1, 1, 1]}, '橘园北侧南': {'A': [1, 1, 0, 1, 1, 0, 1, 1, 0, 1], 'B': [0, 1, 0, 1, 1, 0, 1, 1, 1, 1], 'C': [0, 0, 1, 1, 1, 1, 1, 1, 1, 1], 'D': [1, 1, 1, 1, 1, 0, 1, 1, 1, 1], 'E': [1, 1, 1, 0, 1, 1, 1, 1, 1, 1], 'F': [1, 1, 1, 1, 0, 1, 0, 1, 1, 1], 'G': [1, 1, 1, 1, 1, 1, 1, 1, 1, 1], 'H': [1, 1, 1, 1, 1, 1, 1, 1, 1, 1], 'I': [1, 1, 0, 1, 1, 0, 1, 1, 1, 1], 'J': [1, 1, 0, 1, 1, 1, 1, 1, 1, 0]}, '校医院西': {'A': [1, 1, 1, 1, 1, 1, 1, 1, 1, 1], 'B': [1, 1, 1, 1, 1, 1, 1, 1, 1, 1], 'C': [1, 1, 1, 1, 1, 1, 1, 1, 1, 1], 'D': [1, 1, 1, 1, 1, 1, 1, 1, 1, 1], 'E': [1, 1, 1, 1, 1, 1, 1, 1, 1, 1], 'F': [1, 1, 1, 1, 0, 1, 1, 1, 1, 1], 'G': [1, 1, 1, 1, 1, 1, 1, 1, 1, 1], 'H': [1, 1, 1, 1, 1, 0, 1, 1, 0, 1], 'I': [1, 1, 1, 1, 1, 1, 0, 0, 1, 1]}}
623347	2024-07-13 06:32:22.886000+08:00	2024-07-13 06:32:22.886000+08:00	{'东门北侧': {'A': [1, 1, 1, 1, 1, 1, 1, 1, 1, 1], 'B': [1, 1, 1, 1, 1, 1, 1, 1, 1, 1], 'C': [1, 1, 1, 1, 1, 1, 1, 1, 1, 0], 'D': [1, 1, 1, 1, 1, 0, 1, 1, 1, 1], 'E': [1, 1, 0, 0, 1, 1, 1, 1, 1, 1], 'F': [0, 1, 1, 1, 1, 1, 1, 1, 1, 1], 'G': [1, 1, 1, 1, 1, 0, 1, 1, 0, 1], 'H': [1, 1, 1, 1, 0, 1, 1, 1, 1, 1], 'I': [0, 1, 0, 1, 1, 0, 1, 1, 1, 1], 'J': [1, 1, 1, 1, 1, 0, 1, 1, 1, 1], 'K': [0, 1, 1, 1, 1, 1, 1, 1, 1, 0]}, '东门南侧': {'A': [1, 0, 1, 1, 1, 1, 1, 1, 1, 1], 'B': [0, 0, 0, 0, 0, 0, 0, 0, 0, 0]}, '西门北侧': {'A': [1, 1, 1, 1, 1, 1, 1, 1, 1, 1], 'B': [0, 1, 1, 1, 1, 1, 1, 1, 1, 1], 'C': [1, 1, 1, 1, 1, 1, 1, 1, 1, 1]}, '西门南侧': {'A': [0, 1, 1, 1, 1, 1, 1, 1, 1, 1], 'B': [1, 1, 1, 1, 1, 1, 1, 1, 1, 1], 'C': [1, 1, 1, 1, 1, 1, 1, 1, 1, 1]}, '南门西侧': {'A': [1, 1, 1, 1, 1, 1, 1, 1, 1, 1], 'B': [1, 1, 1, 1, 0, 1, 1, 1, 1, 1]}, '南门东侧': {'A': [1, 1, 0, 1, 1, 1, 1, 1, 1, 1], 'B': [1, 1, 1, 1, 1, 1, 1, 1, 1, 1]}, '北门东北侧': {'A': [1, 1, 1, 1, 1, 1, 1, 1, 1, 1], 'B': [1, 1, 1, 1, 1, 1, 1, 1, 1, 1], 'C': [1, 1, 0, 1, 1, 1, 1, 1, 1, 1], 'D': [1, 1, 1, 1, 1, 0, 1, 0, 1, 1]}, '北门东南侧': {'A': [1, 1, 1, 1, 1, 1, 1, 1, 1, 1], 'B': [0, 1, 1, 1, 1, 1, 1, 1, 1, 1], 'C': [1, 1, 1, 1, 1, 1, 1, 1, 0, 1], 'D': [1, 1, 0, 1, 1, 1, 1, 1, 1, 1], 'E': [1, 1, 1, 1, 1, 1, 1, 1, 1, 1], 'F': [1, 1, 1, 1, 0, 1, 1, 1, 1, 1]}, '橘园北侧南': {'A': [1, 1, 0, 1, 1, 0, 1, 1, 0, 1], 'B': [0, 1, 0, 1, 1, 0, 1, 1, 1, 1], 'C': [0, 0, 1, 1, 1, 1, 1, 1, 1, 1], 'D': [1, 1, 1, 1, 1, 0, 1, 1, 1, 1], 'E': [1, 1, 1, 0, 1, 1, 1, 1, 1, 1], 'F': [1, 1, 1, 1, 0, 1, 0, 1, 1, 1], 'G': [1, 1, 1, 1, 1, 1, 1, 1, 1, 1], 'H': [1, 1, 1, 1, 1, 1, 1, 1, 1, 1], 'I': [1, 1, 0, 1, 1, 0, 1, 1, 1, 1], 'J': [1, 1, 0, 1, 1, 1, 1, 1, 1, 0]}, '校医院西': {'A': [1, 1, 1, 1, 1, 1, 1, 1, 1, 1], 'B': [1, 1, 1, 1, 1, 1, 1, 1, 1, 1], 'C': [1, 1, 1, 1, 1, 1, 1, 1, 1, 1], 'D': [1, 1, 1, 1, 1, 1, 1, 1, 1, 1], 'E': [1, 1, 1, 1, 1, 1, 1, 1, 1, 1], 'F': [1, 1, 1, 1, 0, 1, 1, 1, 1, 1], 'G': [1, 1, 1, 1, 1, 1, 1, 1, 1, 1], 'H': [1, 1, 1, 1, 1, 0, 1, 1, 0, 1], 'I': [1, 1, 1, 1, 1, 1, 0, 0, 1, 1]}}
623348	2024-07-13 06:33:20.807000+08:00	2024-07-13 06:33:20.807000+08:00	{'东门北侧': {'A': [1, 1, 1, 1, 1, 1, 1, 1, 1, 1], 'B': [1, 1, 1, 1, 1, 1, 1, 1, 1, 1], 'C': [1, 1, 1, 1, 1, 1, 1, 1, 1, 0], 'D': [1, 1, 1, 1, 1, 0, 1, 1, 1, 1], 'E': [1, 1, 0, 0, 1, 1, 1, 1, 1, 1], 'F': [0, 1, 1, 1, 1, 1, 1, 1, 1, 1], 'G': [1, 1, 1, 1, 1, 0, 1, 1, 0, 1], 'H': [1, 1, 1, 1, 0, 1, 1, 1, 1, 1], 'I': [1, 1, 0, 1, 1, 0, 1, 1, 1, 1], 'J': [1, 1, 1, 1, 1, 0, 1, 1, 1, 1], 'K': [0, 1, 1, 1, 1, 1, 1, 1, 1, 0]}, '东门南侧': {'A': [1, 0, 1, 1, 1, 1, 1, 1, 1, 1], 'B': [0, 0, 0, 0, 0, 0, 0, 0, 0, 0]}, '西门北侧': {'A': [1, 1, 1, 1, 1, 1, 1, 1, 1, 1], 'B': [0, 1, 1, 1, 1, 1, 1, 1, 1, 1], 'C': [1, 1, 1, 1, 1, 1, 1, 1, 1, 1]}, '西门南侧': {'A': [0, 1, 1, 1, 1, 1, 1, 1, 1, 1], 'B': [1, 1, 1, 1, 1, 1, 1, 1, 1, 1], 'C': [1, 1, 1, 1, 1, 1, 1, 1, 1, 1]}, '南门西侧': {'A': [1, 1, 1, 1, 1, 1, 1, 1, 1, 1], 'B': [1, 1, 1, 1, 0, 1, 1, 1, 1, 1]}, '南门东侧': {'A': [1, 1, 0, 1, 1, 1, 1, 1, 1, 1], 'B': [1, 1, 1, 1, 1, 1, 1, 1, 1, 1]}, '北门东北侧': {'A': [1, 1, 1, 1, 1, 1, 1, 1, 1, 1], 'B': [1, 1, 1, 1, 1, 1, 1, 1, 1, 1], 'C': [1, 1, 1, 1, 1, 1, 1, 1, 1, 1], 'D': [1, 1, 1, 1, 1, 0, 1, 0, 1, 1]}, '北门东南侧': {'A': [1, 1, 1, 1, 1, 1, 1, 1, 1, 1], 'B': [0, 1, 1, 1, 1, 1, 1, 1, 1, 1], 'C': [1, 1, 1, 1, 1, 1, 1, 1, 0, 1], 'D': [1, 1, 0, 1, 1, 1, 1, 1, 1, 1], 'E': [1, 1, 1, 1, 1, 1, 1, 1, 1, 1], 'F': [1, 1, 1, 1, 0, 1, 1, 1, 1, 1]}, '橘园北侧南': {'A': [1, 1, 0, 1, 1, 0, 1, 1, 0, 1], 'B': [0, 1, 0, 1, 1, 0, 1, 1, 1, 1], 'C': [0, 0, 1, 1, 1, 1, 1, 1, 1, 1], 'D': [1, 1, 1, 1, 1, 0, 1, 1, 1, 1], 'E': [1, 1, 1, 0, 1, 1, 1, 1, 1, 1], 'F': [1, 1, 1, 1, 0, 1, 0, 1, 1, 1], 'G': [1, 1, 1, 1, 1, 1, 1, 1, 1, 1], 'H': [1, 1, 1, 1, 1, 1, 1, 1, 1, 1], 'I': [1, 1, 0, 1, 1, 0, 1, 1, 1, 1], 'J': [1, 1, 0, 1, 1, 1, 1, 1, 1, 0]}, '校医院西': {'A': [1, 1, 1, 1, 1, 1, 1, 1, 1, 1], 'B': [1, 1, 1, 1, 1, 1, 1, 1, 1, 1], 'C': [1, 1, 1, 1, 1, 1, 1, 1, 1, 1], 'D': [1, 1, 1, 1, 1, 1, 1, 1, 1, 1], 'E': [1, 1, 1, 1, 1, 1, 1, 1, 1, 1], 'F': [1, 1, 1, 1, 0, 1, 1, 1, 1, 1], 'G': [1, 1, 1, 1, 1, 1, 1, 1, 1, 1], 'H': [1, 1, 1, 1, 1, 0, 1, 1, 0, 1], 'I': [1, 1, 1, 1, 1, 1, 0, 0, 1, 1]}}
623349	2024-07-13 06:34:22.928000+08:00	2024-07-13 06:34:22.928000+08:00	{'东门北侧': {'A': [1, 1, 1, 1, 1, 1, 1, 1, 1, 1], 'B': [1, 1, 1, 1, 1, 1, 1, 1, 1, 1], 'C': [1, 1, 1, 1, 1, 1, 1, 1, 1, 0], 'D': [1, 1, 1, 1, 1, 0, 1, 1, 1, 1], 'E': [1, 1, 0, 0, 1, 1, 1, 1, 1, 1], 'F': [0, 1, 1, 1, 1, 1, 1, 1, 1, 1], 'G': [1, 1, 1, 1, 1, 0, 1, 1, 0, 1], 'H': [1, 1, 1, 1, 0, 1, 1, 1, 1, 1], 'I': [1, 1, 0, 1, 1, 0, 1, 1, 1, 1], 'J': [1, 1, 1, 1, 1, 0, 1, 1, 1, 1], 'K': [0, 1, 1, 1, 1, 1, 1, 1, 1, 0]}, '东门南侧': {'A': [1, 0, 1, 1, 1, 1, 1, 1, 1, 1], 'B': [0, 0, 0, 0, 0, 0, 0, 0, 0, 0]}, '西门北侧': {'A': [1, 1, 1, 1, 1, 1, 1, 1, 1, 1], 'B': [0, 1, 1, 1, 1, 1, 1, 1, 1, 1], 'C': [1, 1, 1, 1, 1, 1, 1, 1, 1, 1]}, '西门南侧': {'A': [0, 1, 1, 1, 1, 1, 1, 1, 1, 1], 'B': [1, 1, 1, 1, 1, 1, 1, 1, 1, 1], 'C': [1, 1, 1, 1, 1, 1, 1, 1, 1, 1]}, '南门西侧': {'A': [1, 1, 1, 1, 1, 1, 1, 1, 1, 1], 'B': [1, 1, 1, 1, 0, 1, 1, 1, 1, 1]}, '南门东侧': {'A': [1, 1, 1, 1, 1, 1, 1, 1, 1, 1], 'B': [1, 1, 1, 1, 1, 1, 1, 1, 1, 1]}, '北门东北侧': {'A': [1, 1, 1, 1, 1, 1, 1, 1, 1, 1], 'B': [1, 1, 1, 1, 1, 1, 1, 1, 1, 1], 'C': [1, 1, 1, 1, 1, 1, 1, 1, 1, 1], 'D': [1, 1, 1, 1, 1, 0, 1, 0, 1, 1]}, '北门东南侧': {'A': [1, 1, 1, 1, 1, 1, 1, 1, 1, 1], 'B': [0, 1, 1, 1, 1, 1, 1, 1, 1, 1], 'C': [1, 1, 1, 1, 1, 1, 1, 1, 0, 1], 'D': [1, 1, 0, 1, 1, 1, 1, 1, 1, 1], 'E': [1, 1, 1, 1, 1, 1, 1, 1, 1, 1], 'F': [1, 1, 1, 1, 0, 1, 1, 1, 1, 1]}, '橘园北侧南': {'A': [1, 1, 0, 1, 1, 0, 1, 1, 0, 1], 'B': [0, 1, 0, 1, 1, 0, 1, 1, 1, 1], 'C': [0, 0, 1, 1, 1, 1, 1, 1, 1, 1], 'D': [1, 1, 1, 1, 1, 0, 1, 1, 1, 1], 'E': [1, 1, 1, 0, 1, 1, 1, 1, 1, 1], 'F': [1, 1, 1, 1, 0, 1, 0, 1, 1, 1], 'G': [1, 1, 1, 1, 1, 1, 1, 1, 1, 1], 'H': [1, 1, 1, 1, 1, 1, 1, 1, 1, 1], 'I': [1, 1, 0, 1, 1, 0, 1, 1, 1, 1], 'J': [1, 1, 0, 1, 1, 1, 1, 1, 1, 0]}, '校医院西': {'A': [1, 1, 1, 1, 1, 1, 1, 1, 1, 1], 'B': [1, 1, 1, 1, 1, 1, 1, 1, 1, 1], 'C': [1, 1, 1, 1, 1, 1, 1, 1, 1, 1], 'D': [1, 1, 1, 1, 1, 1, 1, 1, 1, 1], 'E': [1, 1, 1, 1, 1, 1, 1, 1, 1, 1], 'F': [1, 1, 1, 1, 0, 1, 1, 1, 1, 1], 'G': [1, 1, 1, 1, 1, 1, 1, 1, 1, 1], 'H': [1, 1, 1, 1, 1, 0, 1, 1, 0, 1], 'I': [1, 1, 1, 1, 1, 1, 0, 0, 1, 1]}}
623350	2024-07-13 06:35:20.896000+08:00	2024-07-13 06:35:20.896000+08:00	{'东门北侧': {'A': [1, 1, 1, 1, 1, 1, 1, 1, 1, 1], 'B': [1, 1, 1, 1, 1, 1, 1, 1, 1, 1], 'C': [1, 1, 1, 1, 1, 1, 1, 1, 1, 0], 'D': [1, 1, 1, 1, 1, 0, 1, 1, 1, 1], 'E': [1, 1, 0, 0, 1, 1, 1, 1, 1, 1], 'F': [0, 1, 1, 1, 1, 1, 1, 1, 1, 1], 'G': [1, 1, 1, 1, 1, 0, 1, 1, 0, 1], 'H': [1, 1, 1, 1, 0, 1, 1, 1, 1, 1], 'I': [1, 1, 0, 1, 1, 0, 1, 1, 1, 1], 'J': [1, 1, 1, 1, 1, 0, 1, 1, 1, 1], 'K': [0, 1, 1, 1, 1, 1, 1, 1, 1, 0]}, '东门南侧': {'A': [1, 0, 1, 1, 1, 1, 1, 1, 1, 1], 'B': [0, 0, 0, 0, 0, 0, 0, 0, 0, 0]}, '西门北侧': {'A': [1, 1, 1, 1, 1, 1, 1, 1, 1, 1], 'B': [0, 1, 1, 1, 1, 1, 1, 1, 1, 1], 'C': [1, 1, 1, 1, 1, 1, 1, 1, 1, 1]}, '西门南侧': {'A': [0, 1, 1, 1, 1, 1, 1, 1, 1, 1], 'B': [1, 1, 1, 1, 1, 1, 1, 1, 1, 1], 'C': [1, 1, 1, 1, 1, 1, 1, 1, 1, 1]}, '南门西侧': {'A': [1, 1, 1, 1, 1, 1, 1, 1, 1, 1], 'B': [1, 1, 1, 1, 0, 1, 1, 1, 1, 1]}, '南门东侧': {'A': [1, 1, 1, 1, 1, 1, 1, 1, 1, 1], 'B': [1, 1, 1, 1, 1, 1, 1, 1, 1, 1]}, '北门东北侧': {'A': [1, 1, 1, 1, 1, 1, 1, 1, 1, 1], 'B': [1, 1, 1, 1, 1, 1, 1, 1, 1, 1], 'C': [1, 1, 1, 1, 1, 1, 1, 1, 1, 1], 'D': [1, 1, 1, 1, 1, 0, 1, 0, 1, 1]}, '北门东南侧': {'A': [1, 1, 1, 1, 1, 1, 1, 1, 1, 1], 'B': [0, 1, 1, 1, 1, 1, 1, 1, 1, 1], 'C': [1, 1, 1, 1, 1, 1, 1, 1, 0, 1], 'D': [1, 1, 0, 1, 1, 1, 1, 1, 1, 1], 'E': [1, 1, 1, 1, 1, 1, 1, 1, 1, 1], 'F': [1, 1, 1, 1, 0, 1, 1, 1, 1, 1]}, '橘园北侧南': {'A': [1, 1, 0, 1, 1, 0, 1, 1, 0, 1], 'B': [0, 1, 0, 1, 1, 0, 1, 1, 1, 1], 'C': [0, 0, 1, 1, 1, 1, 1, 1, 1, 1], 'D': [1, 1, 1, 1, 1, 0, 1, 1, 1, 1], 'E': [1, 1, 1, 0, 1, 1, 1, 1, 1, 1], 'F': [1, 1, 1, 1, 0, 1, 0, 1, 1, 1], 'G': [1, 1, 1, 1, 1, 1, 1, 1, 1, 1], 'H': [1, 1, 1, 1, 1, 1, 1, 1, 1, 1], 'I': [1, 1, 0, 1, 1, 0, 1, 1, 1, 1], 'J': [1, 1, 0, 1, 1, 1, 1, 1, 1, 0]}, '校医院西': {'A': [1, 1, 1, 1, 1, 1, 1, 1, 1, 1], 'B': [1, 1, 1, 1, 1, 1, 1, 1, 1, 1], 'C': [1, 1, 1, 1, 1, 1, 1, 1, 1, 1], 'D': [1, 1, 1, 1, 1, 1, 1, 1, 1, 1], 'E': [1, 1, 1, 1, 1, 1, 1, 1, 1, 1], 'F': [1, 1, 1, 1, 0, 1, 1, 1, 1, 1], 'G': [1, 1, 1, 1, 1, 1, 1, 1, 1, 1], 'H': [1, 1, 1, 1, 1, 0, 1, 1, 0, 1], 'I': [1, 1, 1, 1, 1, 1, 0, 0, 1, 1]}}
623351	2024-07-13 06:36:22.886000+08:00	2024-07-13 06:36:22.886000+08:00	{'东门北侧': {'A': [1, 1, 1, 1, 1, 1, 1, 1, 1, 1], 'B': [1, 1, 1, 1, 1, 1, 1, 1, 1, 1], 'C': [1, 1, 1, 1, 1, 1, 1, 1, 1, 0], 'D': [1, 1, 1, 1, 1, 0, 1, 1, 1, 1], 'E': [1, 1, 0, 0, 1, 1, 1, 1, 1, 1], 'F': [0, 1, 1, 1, 1, 1, 1, 1, 1, 1], 'G': [1, 1, 1, 1, 1, 0, 1, 1, 0, 1], 'H': [1, 1, 1, 1, 0, 1, 1, 1, 1, 1], 'I': [1, 1, 0, 1, 1, 0, 1, 1, 1, 1], 'J': [1, 1, 1, 1, 1, 0, 1, 1, 1, 1], 'K': [0, 1, 1, 1, 1, 1, 1, 1, 1, 0]}, '东门南侧': {'A': [1, 0, 1, 1, 1, 1, 1, 1, 1, 1], 'B': [0, 0, 0, 0, 0, 0, 0, 0, 0, 0]}, '西门北侧': {'A': [1, 1, 1, 1, 1, 1, 1, 1, 1, 1], 'B': [0, 1, 1, 1, 1, 1, 1, 1, 1, 1], 'C': [1, 1, 1, 1, 1, 1, 1, 1, 1, 1]}, '西门南侧': {'A': [0, 1, 1, 1, 1, 1, 1, 1, 1, 1], 'B': [1, 1, 1, 1, 1, 1, 1, 1, 1, 1], 'C': [1, 1, 1, 1, 1, 1, 1, 1, 1, 1]}, '南门西侧': {'A': [1, 1, 1, 1, 1, 1, 1, 1, 1, 1], 'B': [1, 1, 1, 1, 0, 1, 1, 1, 1, 1]}, '南门东侧': {'A': [1, 1, 1, 1, 1, 1, 1, 1, 1, 1], 'B': [1, 1, 1, 1, 1, 1, 1, 1, 1, 1]}, '北门东北侧': {'A': [1, 1, 1, 1, 1, 1, 1, 1, 1, 1], 'B': [1, 1, 1, 1, 1, 1, 1, 1, 1, 1], 'C': [1, 1, 1, 1, 1, 1, 1, 1, 1, 1], 'D': [1, 1, 1, 1, 1, 0, 1, 0, 1, 1]}, '北门东南侧': {'A': [1, 1, 1, 1, 1, 1, 1, 1, 1, 1], 'B': [0, 1, 1, 1, 1, 1, 1, 1, 1, 1], 'C': [1, 1, 1, 1, 1, 1, 1, 1, 0, 1], 'D': [1, 1, 0, 1, 1, 1, 1, 1, 1, 1], 'E': [1, 1, 1, 1, 1, 1, 1, 1, 1, 1], 'F': [1, 1, 1, 1, 0, 1, 1, 1, 1, 1]}, '橘园北侧南': {'A': [1, 1, 0, 1, 1, 0, 1, 1, 0, 1], 'B': [0, 1, 0, 1, 1, 0, 1, 1, 1, 1], 'C': [0, 0, 1, 1, 1, 1, 1, 1, 1, 1], 'D': [1, 1, 1, 1, 1, 0, 1, 1, 1, 1], 'E': [1, 1, 1, 0, 1, 1, 1, 1, 1, 1], 'F': [1, 1, 1, 1, 0, 1, 0, 1, 1, 1], 'G': [1, 1, 1, 1, 1, 1, 1, 1, 1, 1], 'H': [1, 1, 1, 1, 1, 1, 1, 1, 1, 1], 'I': [1, 1, 0, 1, 1, 0, 1, 1, 1, 1], 'J': [1, 1, 0, 1, 1, 1, 1, 1, 1, 0]}, '校医院西': {'A': [1, 1, 1, 1, 1, 1, 1, 1, 1, 1], 'B': [1, 1, 1, 1, 1, 1, 1, 1, 1, 1], 'C': [1, 1, 1, 1, 1, 1, 1, 1, 1, 1], 'D': [1, 1, 1, 1, 1, 1, 1, 1, 1, 1], 'E': [1, 1, 1, 1, 1, 1, 1, 1, 1, 1], 'F': [1, 1, 1, 1, 0, 1, 1, 1, 1, 1], 'G': [1, 1, 1, 1, 1, 1, 1, 1, 1, 1], 'H': [1, 1, 1, 1, 1, 0, 1, 1, 0, 1], 'I': [1, 1, 1, 1, 1, 1, 0, 0, 1, 1]}}
623352	2024-07-13 06:37:21.893000+08:00	2024-07-13 06:37:21.893000+08:00	{'东门北侧': {'A': [1, 1, 1, 1, 1, 1, 1, 1, 1, 1], 'B': [1, 1, 1, 1, 1, 1, 1, 1, 1, 1], 'C': [1, 1, 1, 1, 1, 1, 1, 1, 1, 0], 'D': [1, 1, 1, 1, 1, 0, 1, 1, 1, 1], 'E': [1, 1, 0, 0, 1, 1, 1, 1, 1, 1], 'F': [0, 1, 1, 1, 1, 1, 1, 1, 1, 1], 'G': [1, 1, 1, 1, 1, 0, 1, 1, 0, 1], 'H': [1, 1, 1, 1, 0, 1, 1, 1, 1, 1], 'I': [1, 1, 0, 1, 1, 0, 1, 1, 1, 1], 'J': [1, 1, 1, 1, 1, 0, 1, 1, 1, 1], 'K': [0, 1, 1, 1, 1, 1, 1, 1, 1, 0]}, '东门南侧': {'A': [1, 0, 1, 1, 1, 1, 1, 1, 1, 1], 'B': [0, 0, 0, 0, 0, 0, 0, 0, 0, 0]}, '西门北侧': {'A': [1, 1, 1, 1, 1, 1, 1, 1, 1, 1], 'B': [0, 1, 1, 1, 1, 1, 1, 1, 1, 1], 'C': [1, 1, 1, 1, 1, 1, 1, 1, 1, 1]}, '西门南侧': {'A': [0, 1, 1, 1, 1, 1, 1, 1, 1, 1], 'B': [1, 1, 1, 1, 1, 1, 1, 1, 1, 1], 'C': [1, 1, 1, 1, 1, 1, 1, 1, 1, 1]}, '南门西侧': {'A': [1, 1, 1, 1, 1, 1, 1, 1, 1, 1], 'B': [1, 1, 1, 1, 0, 1, 1, 1, 1, 1]}, '南门东侧': {'A': [1, 1, 1, 1, 1, 1, 1, 1, 1, 1], 'B': [1, 1, 1, 1, 1, 1, 1, 1, 1, 1]}, '北门东北侧': {'A': [1, 1, 1, 1, 1, 1, 1, 1, 1, 1], 'B': [1, 1, 1, 1, 1, 1, 1, 1, 1, 1], 'C': [1, 1, 1, 1, 1, 1, 1, 1, 1, 1], 'D': [1, 1, 1, 1, 1, 0, 1, 0, 1, 1]}, '北门东南侧': {'A': [1, 1, 1, 1, 1, 1, 1, 1, 1, 1], 'B': [0, 1, 1, 1, 1, 1, 1, 1, 1, 1], 'C': [1, 1, 1, 1, 1, 1, 1, 1, 0, 1], 'D': [1, 1, 0, 1, 1, 1, 1, 1, 1, 1], 'E': [1, 1, 1, 1, 1, 1, 1, 1, 1, 1], 'F': [1, 1, 1, 1, 0, 1, 1, 1, 1, 1]}, '橘园北侧南': {'A': [1, 1, 0, 1, 1, 0, 1, 1, 0, 1], 'B': [0, 1, 0, 1, 1, 0, 1, 1, 1, 1], 'C': [0, 0, 1, 1, 1, 1, 1, 1, 1, 1], 'D': [1, 1, 1, 1, 1, 0, 1, 1, 1, 1], 'E': [1, 1, 1, 0, 1, 1, 1, 1, 1, 1], 'F': [1, 1, 1, 1, 0, 1, 0, 1, 1, 1], 'G': [1, 1, 1, 1, 1, 1, 1, 1, 1, 1], 'H': [1, 1, 1, 1, 1, 1, 1, 1, 1, 1], 'I': [1, 1, 0, 1, 1, 0, 1, 1, 1, 1], 'J': [1, 1, 0, 1, 1, 1, 1, 1, 1, 0]}, '校医院西': {'A': [1, 1, 1, 1, 1, 1, 1, 1, 1, 1], 'B': [1, 1, 1, 1, 1, 1, 1, 1, 1, 1], 'C': [1, 1, 1, 1, 1, 1, 1, 1, 1, 1], 'D': [1, 1, 1, 1, 1, 1, 1, 1, 1, 1], 'E': [1, 1, 1, 1, 1, 1, 1, 1, 1, 1], 'F': [1, 1, 1, 1, 0, 1, 1, 1, 1, 1], 'G': [1, 1, 1, 1, 1, 1, 1, 1, 1, 1], 'H': [1, 1, 1, 1, 1, 0, 1, 1, 0, 1], 'I': [1, 1, 1, 1, 1, 1, 0, 0, 1, 1]}}
623353	2024-07-13 06:38:22.872000+08:00	2024-07-13 06:38:22.872000+08:00	{'东门北侧': {'A': [1, 1, 1, 1, 1, 1, 1, 1, 1, 1], 'B': [1, 1, 1, 1, 1, 1, 1, 1, 1, 1], 'C': [1, 1, 1, 1, 1, 1, 1, 1, 1, 0], 'D': [1, 1, 1, 1, 1, 0, 1, 1, 1, 1], 'E': [1, 1, 0, 0, 1, 1, 1, 1, 1, 1], 'F': [0, 1, 1, 1, 1, 1, 1, 1, 1, 1], 'G': [1, 1, 1, 1, 1, 0, 1, 1, 0, 1], 'H': [1, 1, 1, 1, 0, 1, 1, 1, 1, 1], 'I': [1, 1, 0, 1, 1, 0, 1, 1, 1, 1], 'J': [1, 1, 1, 1, 1, 0, 1, 1, 1, 1], 'K': [0, 1, 1, 1, 1, 1, 1, 1, 1, 0]}, '东门南侧': {'A': [1, 0, 1, 1, 1, 1, 1, 1, 1, 1], 'B': [0, 0, 0, 0, 0, 0, 0, 0, 0, 0]}, '西门北侧': {'A': [1, 1, 1, 1, 1, 1, 1, 1, 1, 1], 'B': [0, 1, 1, 1, 1, 1, 1, 1, 1, 1], 'C': [1, 1, 1, 1, 1, 1, 1, 1, 1, 1]}, '西门南侧': {'A': [0, 1, 1, 1, 1, 1, 1, 1, 1, 1], 'B': [1, 1, 1, 1, 1, 1, 1, 1, 1, 1], 'C': [1, 1, 1, 1, 1, 1, 1, 1, 1, 1]}, '南门西侧': {'A': [1, 1, 1, 1, 1, 1, 1, 1, 1, 1], 'B': [1, 1, 1, 1, 0, 1, 1, 1, 1, 1]}, '南门东侧': {'A': [1, 1, 1, 1, 1, 1, 1, 1, 1, 1], 'B': [1, 1, 1, 1, 1, 1, 1, 1, 1, 1]}, '北门东北侧': {'A': [1, 1, 1, 1, 1, 1, 1, 1, 1, 1], 'B': [1, 1, 1, 1, 1, 1, 1, 1, 1, 1], 'C': [1, 1, 1, 1, 1, 1, 1, 1, 1, 1], 'D': [1, 1, 1, 1, 1, 0, 1, 0, 1, 1]}, '北门东南侧': {'A': [1, 1, 1, 1, 1, 1, 1, 1, 1, 1], 'B': [0, 1, 1, 1, 1, 1, 1, 1, 1, 1], 'C': [1, 1, 1, 1, 1, 1, 1, 1, 0, 1], 'D': [1, 1, 0, 1, 1, 1, 1, 1, 1, 1], 'E': [1, 1, 1, 1, 1, 1, 1, 1, 1, 1], 'F': [1, 1, 1, 1, 0, 1, 1, 1, 1, 1]}, '橘园北侧南': {'A': [1, 1, 0, 1, 1, 0, 1, 1, 0, 1], 'B': [0, 1, 0, 1, 1, 0, 1, 1, 1, 1], 'C': [0, 0, 1, 1, 1, 1, 1, 1, 1, 1], 'D': [1, 1, 1, 1, 1, 0, 1, 1, 1, 1], 'E': [1, 1, 1, 0, 1, 1, 1, 1, 1, 1], 'F': [1, 1, 1, 1, 0, 1, 0, 1, 1, 1], 'G': [1, 1, 1, 1, 1, 1, 1, 1, 1, 1], 'H': [1, 1, 1, 1, 1, 1, 1, 1, 1, 1], 'I': [1, 1, 0, 1, 1, 0, 1, 1, 1, 1], 'J': [1, 1, 0, 1, 1, 1, 1, 1, 1, 0]}, '校医院西': {'A': [1, 1, 1, 1, 1, 1, 1, 1, 1, 1], 'B': [1, 1, 1, 1, 1, 1, 1, 1, 1, 1], 'C': [1, 1, 1, 1, 1, 1, 1, 1, 1, 1], 'D': [1, 1, 1, 1, 1, 1, 1, 1, 1, 1], 'E': [1, 1, 1, 1, 1, 1, 1, 1, 1, 1], 'F': [1, 1, 1, 1, 0, 1, 1, 1, 1, 1], 'G': [1, 1, 1, 1, 1, 1, 1, 1, 1, 1], 'H': [1, 1, 1, 1, 1, 0, 1, 1, 0, 1], 'I': [1, 1, 1, 1, 1, 1, 0, 0, 1, 1]}}
623354	2024-07-13 06:39:21.870000+08:00	2024-07-13 06:39:21.870000+08:00	{'东门北侧': {'A': [1, 1, 1, 1, 1, 1, 1, 1, 1, 1], 'B': [1, 1, 1, 1, 1, 1, 1, 1, 1, 1], 'C': [1, 1, 1, 1, 1, 1, 1, 1, 1, 0], 'D': [1, 1, 1, 1, 1, 0, 1, 1, 1, 1], 'E': [1, 1, 0, 0, 1, 1, 1, 1, 1, 1], 'F': [0, 1, 1, 1, 1, 1, 1, 1, 1, 1], 'G': [1, 1, 1, 1, 1, 0, 1, 1, 0, 1], 'H': [1, 1, 1, 1, 0, 1, 1, 1, 1, 1], 'I': [1, 1, 0, 1, 1, 0, 1, 1, 1, 1], 'J': [1, 1, 1, 1, 1, 0, 1, 1, 1, 1], 'K': [0, 1, 1, 1, 1, 1, 1, 1, 1, 0]}, '东门南侧': {'A': [1, 0, 1, 1, 1, 1, 1, 1, 1, 1], 'B': [0, 0, 0, 0, 0, 0, 0, 0, 0, 0]}, '西门北侧': {'A': [1, 1, 1, 1, 1, 1, 1, 1, 1, 1], 'B': [0, 1, 1, 1, 1, 1, 1, 1, 1, 1], 'C': [1, 1, 1, 1, 1, 1, 1, 1, 1, 1]}, '西门南侧': {'A': [0, 1, 1, 1, 1, 1, 1, 1, 1, 1], 'B': [1, 1, 1, 1, 1, 1, 1, 1, 1, 1], 'C': [1, 1, 1, 1, 1, 1, 1, 1, 1, 1]}, '南门西侧': {'A': [1, 1, 1, 1, 1, 1, 1, 1, 1, 1], 'B': [1, 1, 1, 1, 0, 1, 1, 1, 1, 1]}, '南门东侧': {'A': [1, 1, 1, 1, 1, 1, 1, 1, 1, 1], 'B': [1, 1, 1, 1, 1, 1, 1, 1, 1, 1]}, '北门东北侧': {'A': [1, 1, 1, 1, 1, 1, 1, 1, 1, 1], 'B': [1, 1, 1, 1, 1, 1, 1, 1, 1, 1], 'C': [1, 1, 1, 1, 1, 1, 1, 1, 1, 1], 'D': [1, 1, 1, 1, 1, 0, 1, 0, 1, 1]}, '北门东南侧': {'A': [1, 1, 1, 1, 1, 1, 1, 1, 1, 1], 'B': [0, 1, 1, 1, 1, 1, 1, 1, 1, 1], 'C': [1, 1, 1, 1, 1, 1, 1, 1, 0, 1], 'D': [1, 1, 0, 1, 1, 1, 1, 1, 1, 1], 'E': [1, 1, 1, 1, 1, 1, 1, 1, 1, 1], 'F': [1, 1, 1, 1, 0, 1, 1, 1, 1, 1]}, '橘园北侧南': {'A': [1, 1, 0, 1, 1, 0, 1, 1, 0, 1], 'B': [0, 1, 0, 1, 1, 0, 1, 1, 1, 1], 'C': [0, 0, 1, 1, 1, 1, 1, 1, 1, 1], 'D': [1, 1, 1, 1, 1, 0, 1, 1, 1, 1], 'E': [1, 1, 1, 0, 1, 1, 1, 1, 1, 1], 'F': [1, 1, 1, 1, 0, 1, 0, 1, 1, 1], 'G': [1, 1, 1, 1, 1, 1, 1, 1, 1, 1], 'H': [1, 1, 1, 1, 1, 1, 1, 1, 1, 1], 'I': [1, 1, 0, 1, 1, 0, 1, 1, 1, 1], 'J': [1, 1, 0, 1, 1, 1, 1, 1, 1, 0]}, '校医院西': {'A': [1, 1, 1, 1, 1, 1, 1, 1, 1, 1], 'B': [1, 1, 1, 1, 1, 1, 1, 1, 1, 1], 'C': [1, 1, 1, 1, 1, 1, 1, 1, 1, 1], 'D': [1, 1, 1, 1, 1, 1, 1, 1, 1, 1], 'E': [1, 1, 1, 1, 1, 1, 1, 1, 1, 1], 'F': [1, 1, 1, 1, 0, 1, 1, 1, 1, 1], 'G': [1, 1, 1, 1, 1, 1, 1, 1, 1, 1], 'H': [1, 1, 1, 1, 1, 0, 1, 1, 0, 1], 'I': [1, 1, 1, 1, 1, 1, 0, 0, 1, 1]}}
623355	2024-07-13 06:40:20.811000+08:00	2024-07-13 06:40:20.811000+08:00	{'东门北侧': {'A': [1, 1, 1, 1, 1, 1, 1, 1, 1, 1], 'B': [1, 1, 1, 1, 1, 1, 1, 1, 1, 1], 'C': [1, 1, 1, 1, 1, 1, 1, 1, 1, 0], 'D': [1, 1, 1, 1, 1, 0, 1, 1, 1, 1], 'E': [1, 1, 0, 0, 1, 1, 1, 1, 1, 1], 'F': [0, 1, 1, 1, 1, 1, 1, 1, 1, 1], 'G': [1, 1, 1, 1, 1, 0, 1, 1, 0, 1], 'H': [1, 1, 1, 1, 0, 1, 1, 1, 1, 1], 'I': [1, 1, 0, 1, 1, 0, 1, 1, 1, 1], 'J': [1, 1, 1, 1, 1, 0, 1, 1, 1, 1], 'K': [0, 1, 1, 1, 1, 1, 1, 1, 1, 0]}, '东门南侧': {'A': [1, 0, 1, 1, 1, 1, 1, 1, 1, 1], 'B': [0, 0, 0, 0, 0, 0, 0, 0, 0, 0]}, '西门北侧': {'A': [1, 1, 1, 1, 1, 1, 1, 1, 1, 1], 'B': [0, 1, 1, 1, 1, 1, 1, 1, 1, 1], 'C': [1, 1, 1, 1, 1, 1, 1, 1, 1, 1]}, '西门南侧': {'A': [0, 1, 1, 1, 1, 1, 1, 1, 1, 1], 'B': [1, 1, 1, 1, 1, 1, 1, 1, 1, 1], 'C': [1, 1, 1, 1, 1, 1, 1, 1, 1, 1]}, '南门西侧': {'A': [1, 1, 1, 1, 1, 1, 1, 1, 1, 1], 'B': [1, 1, 1, 1, 0, 1, 1, 1, 1, 1]}, '南门东侧': {'A': [1, 1, 1, 1, 1, 1, 1, 1, 1, 1], 'B': [1, 1, 1, 1, 1, 1, 1, 1, 1, 1]}, '北门东北侧': {'A': [1, 1, 1, 1, 1, 1, 1, 1, 1, 1], 'B': [1, 1, 1, 1, 1, 1, 1, 1, 1, 1], 'C': [1, 1, 1, 1, 1, 1, 1, 1, 1, 1], 'D': [1, 1, 1, 1, 1, 0, 1, 0, 1, 1]}, '北门东南侧': {'A': [1, 1, 1, 1, 1, 1, 1, 1, 1, 1], 'B': [0, 1, 1, 1, 1, 1, 1, 1, 1, 1], 'C': [1, 1, 1, 1, 1, 1, 1, 1, 0, 1], 'D': [1, 1, 0, 1, 1, 1, 1, 1, 1, 1], 'E': [1, 1, 1, 1, 1, 1, 1, 1, 1, 1], 'F': [1, 1, 1, 1, 0, 1, 1, 1, 1, 1]}, '橘园北侧南': {'A': [1, 1, 0, 1, 1, 0, 1, 1, 1, 1], 'B': [0, 1, 0, 1, 1, 0, 1, 1, 1, 1], 'C': [0, 0, 1, 1, 1, 1, 1, 1, 1, 1], 'D': [1, 1, 1, 1, 1, 0, 1, 1, 1, 1], 'E': [1, 1, 1, 0, 1, 1, 1, 1, 1, 1], 'F': [1, 1, 1, 1, 0, 1, 0, 1, 1, 1], 'G': [1, 1, 1, 1, 1, 1, 1, 1, 1, 1], 'H': [1, 1, 1, 1, 1, 1, 1, 1, 1, 1], 'I': [1, 1, 0, 1, 1, 0, 1, 1, 1, 1], 'J': [1, 1, 0, 1, 1, 1, 1, 1, 1, 0]}, '校医院西': {'A': [1, 1, 1, 1, 1, 1, 1, 1, 1, 1], 'B': [1, 1, 1, 1, 1, 1, 1, 1, 1, 1], 'C': [1, 1, 1, 1, 1, 1, 1, 1, 1, 1], 'D': [1, 1, 1, 1, 1, 1, 1, 1, 1, 1], 'E': [1, 1, 1, 1, 1, 1, 1, 1, 1, 1], 'F': [1, 1, 1, 1, 0, 1, 1, 1, 1, 1], 'G': [1, 1, 1, 1, 1, 1, 1, 1, 1, 1], 'H': [1, 1, 1, 1, 1, 0, 1, 1, 0, 1], 'I': [1, 1, 1, 1, 1, 1, 0, 0, 1, 1]}}
623356	2024-07-13 06:41:22.870000+08:00	2024-07-13 06:41:22.870000+08:00	{'东门北侧': {'A': [1, 1, 1, 1, 1, 1, 1, 1, 1, 1], 'B': [1, 1, 1, 1, 1, 1, 1, 1, 1, 1], 'C': [1, 1, 1, 1, 1, 1, 1, 1, 1, 0], 'D': [1, 1, 1, 1, 1, 0, 1, 1, 1, 1], 'E': [1, 1, 0, 0, 1, 1, 1, 1, 1, 1], 'F': [0, 1, 1, 1, 1, 1, 1, 1, 1, 1], 'G': [1, 1, 1, 1, 1, 0, 1, 1, 0, 1], 'H': [1, 1, 1, 1, 0, 1, 1, 1, 1, 1], 'I': [1, 1, 0, 1, 1, 0, 1, 1, 1, 1], 'J': [1, 1, 1, 1, 1, 0, 1, 1, 1, 1], 'K': [0, 1, 1, 1, 1, 1, 1, 1, 1, 0]}, '东门南侧': {'A': [1, 0, 1, 1, 1, 1, 1, 1, 1, 1], 'B': [0, 0, 0, 0, 0, 0, 0, 0, 0, 0]}, '西门北侧': {'A': [1, 1, 1, 1, 1, 1, 1, 1, 1, 1], 'B': [0, 1, 1, 1, 1, 1, 1, 1, 1, 1], 'C': [1, 1, 1, 1, 1, 1, 1, 1, 1, 1]}, '西门南侧': {'A': [0, 1, 1, 1, 1, 1, 1, 1, 1, 1], 'B': [1, 1, 1, 1, 1, 1, 1, 1, 1, 1], 'C': [1, 1, 1, 1, 1, 1, 1, 1, 1, 1]}, '南门西侧': {'A': [1, 1, 1, 1, 1, 1, 1, 1, 1, 1], 'B': [1, 1, 1, 1, 0, 1, 1, 1, 1, 1]}, '南门东侧': {'A': [1, 1, 1, 1, 1, 1, 1, 1, 1, 1], 'B': [1, 1, 1, 1, 1, 1, 1, 1, 1, 1]}, '北门东北侧': {'A': [1, 1, 1, 1, 1, 1, 1, 1, 1, 1], 'B': [1, 1, 1, 1, 1, 1, 1, 1, 1, 1], 'C': [1, 1, 1, 1, 1, 1, 1, 1, 1, 1], 'D': [1, 1, 1, 1, 1, 0, 1, 0, 1, 1]}, '北门东南侧': {'A': [1, 1, 1, 1, 1, 1, 1, 1, 1, 1], 'B': [0, 1, 1, 1, 1, 1, 1, 1, 1, 1], 'C': [1, 1, 1, 1, 1, 1, 1, 1, 0, 1], 'D': [1, 1, 0, 1, 1, 1, 1, 1, 1, 1], 'E': [1, 1, 1, 1, 1, 1, 1, 1, 1, 1], 'F': [1, 1, 1, 1, 0, 1, 1, 1, 1, 1]}, '橘园北侧南': {'A': [1, 1, 0, 1, 1, 0, 1, 1, 1, 1], 'B': [0, 1, 0, 1, 1, 0, 1, 1, 1, 1], 'C': [0, 0, 1, 1, 1, 1, 1, 1, 1, 1], 'D': [1, 1, 1, 1, 1, 0, 1, 1, 1, 1], 'E': [1, 1, 1, 0, 1, 1, 1, 1, 1, 1], 'F': [1, 1, 1, 1, 0, 1, 0, 1, 1, 1], 'G': [1, 1, 1, 1, 1, 1, 1, 1, 1, 1], 'H': [1, 1, 1, 1, 1, 1, 1, 1, 1, 1], 'I': [1, 1, 0, 1, 1, 0, 1, 1, 1, 1], 'J': [1, 1, 0, 1, 1, 1, 1, 1, 1, 0]}, '校医院西': {'A': [1, 1, 1, 1, 1, 1, 1, 1, 1, 1], 'B': [1, 1, 1, 1, 1, 1, 1, 1, 1, 1], 'C': [1, 1, 1, 1, 1, 1, 1, 1, 1, 1], 'D': [1, 1, 1, 1, 1, 1, 1, 1, 1, 1], 'E': [1, 1, 1, 1, 1, 1, 1, 1, 1, 1], 'F': [1, 1, 1, 1, 0, 1, 1, 1, 1, 1], 'G': [1, 1, 1, 1, 1, 1, 1, 1, 1, 1], 'H': [1, 1, 1, 1, 1, 0, 1, 1, 0, 1], 'I': [1, 1, 1, 1, 1, 1, 0, 0, 1, 1]}}
623357	2024-07-13 06:42:20.849000+08:00	2024-07-13 06:42:20.849000+08:00	{'东门北侧': {'A': [1, 1, 1, 1, 1, 1, 1, 1, 1, 1], 'B': [1, 1, 1, 1, 1, 1, 1, 1, 1, 1], 'C': [1, 1, 1, 1, 1, 1, 1, 1, 1, 0], 'D': [1, 1, 1, 1, 1, 0, 1, 1, 1, 1], 'E': [1, 1, 0, 0, 1, 1, 1, 1, 1, 1], 'F': [0, 1, 1, 1, 1, 1, 1, 1, 1, 1], 'G': [1, 1, 1, 1, 1, 0, 1, 1, 0, 1], 'H': [1, 1, 1, 1, 0, 1, 1, 1, 1, 1], 'I': [1, 1, 0, 1, 1, 0, 1, 1, 1, 1], 'J': [1, 1, 1, 1, 1, 0, 1, 1, 1, 1], 'K': [0, 1, 1, 1, 1, 1, 1, 1, 1, 0]}, '东门南侧': {'A': [1, 0, 1, 1, 1, 1, 1, 1, 1, 1], 'B': [0, 0, 0, 0, 0, 0, 0, 0, 0, 0]}, '西门北侧': {'A': [1, 1, 1, 1, 1, 1, 1, 1, 1, 1], 'B': [0, 1, 1, 1, 1, 1, 1, 1, 1, 1], 'C': [1, 1, 1, 1, 1, 1, 1, 1, 1, 1]}, '西门南侧': {'A': [0, 1, 1, 1, 1, 1, 1, 1, 1, 1], 'B': [1, 1, 1, 1, 1, 1, 1, 1, 1, 1], 'C': [1, 1, 1, 1, 1, 1, 1, 1, 1, 1]}, '南门西侧': {'A': [1, 1, 1, 1, 1, 1, 1, 1, 1, 1], 'B': [1, 1, 1, 1, 0, 1, 1, 1, 1, 1]}, '南门东侧': {'A': [1, 1, 1, 1, 1, 1, 1, 1, 1, 1], 'B': [1, 1, 1, 1, 1, 1, 1, 1, 1, 1]}, '北门东北侧': {'A': [1, 1, 1, 1, 1, 1, 1, 1, 1, 1], 'B': [1, 1, 1, 1, 1, 1, 1, 1, 1, 1], 'C': [1, 1, 1, 1, 1, 1, 1, 1, 1, 1], 'D': [1, 1, 1, 1, 1, 0, 1, 0, 1, 1]}, '北门东南侧': {'A': [1, 1, 1, 1, 1, 1, 1, 1, 1, 1], 'B': [0, 1, 1, 1, 1, 1, 1, 1, 1, 1], 'C': [1, 1, 1, 1, 1, 1, 1, 1, 0, 1], 'D': [1, 1, 0, 1, 1, 1, 1, 1, 1, 1], 'E': [1, 1, 1, 1, 1, 1, 1, 1, 1, 1], 'F': [1, 1, 1, 1, 0, 1, 1, 1, 1, 1]}, '橘园北侧南': {'A': [1, 1, 0, 1, 1, 0, 1, 1, 1, 1], 'B': [0, 1, 0, 1, 1, 0, 1, 1, 1, 1], 'C': [0, 0, 1, 1, 1, 1, 1, 1, 1, 1], 'D': [1, 1, 1, 1, 1, 0, 1, 1, 1, 1], 'E': [1, 1, 1, 0, 1, 1, 1, 1, 1, 1], 'F': [1, 1, 1, 1, 0, 1, 0, 1, 1, 1], 'G': [1, 1, 1, 1, 1, 1, 1, 1, 1, 1], 'H': [1, 1, 1, 1, 1, 1, 1, 1, 1, 1], 'I': [1, 1, 0, 1, 1, 0, 1, 1, 1, 1], 'J': [1, 1, 0, 1, 1, 1, 1, 1, 1, 0]}, '校医院西': {'A': [1, 1, 1, 1, 1, 1, 1, 1, 1, 1], 'B': [1, 1, 1, 1, 1, 1, 1, 1, 1, 1], 'C': [1, 1, 1, 1, 1, 1, 1, 1, 1, 1], 'D': [1, 1, 1, 1, 1, 1, 1, 1, 1, 1], 'E': [1, 1, 1, 1, 1, 1, 1, 1, 1, 1], 'F': [1, 1, 1, 1, 0, 1, 1, 1, 1, 1], 'G': [1, 1, 1, 1, 1, 1, 1, 1, 1, 1], 'H': [1, 1, 1, 1, 1, 0, 1, 1, 0, 1], 'I': [1, 1, 1, 1, 1, 1, 0, 0, 1, 1]}}
623358	2024-07-13 06:43:20.844000+08:00	2024-07-13 06:43:20.844000+08:00	{'东门北侧': {'A': [1, 1, 1, 1, 1, 1, 1, 1, 1, 1], 'B': [1, 1, 1, 1, 1, 1, 1, 1, 1, 1], 'C': [1, 1, 1, 1, 1, 1, 1, 1, 1, 0], 'D': [1, 1, 1, 1, 1, 0, 1, 1, 1, 1], 'E': [1, 1, 0, 0, 1, 1, 1, 1, 1, 1], 'F': [0, 1, 1, 1, 1, 1, 1, 1, 1, 1], 'G': [1, 1, 1, 1, 1, 0, 1, 1, 0, 1], 'H': [1, 1, 1, 1, 0, 1, 1, 1, 1, 1], 'I': [1, 1, 0, 1, 1, 0, 1, 1, 1, 1], 'J': [1, 1, 1, 1, 1, 0, 1, 1, 1, 1], 'K': [0, 1, 1, 1, 1, 1, 1, 1, 1, 0]}, '东门南侧': {'A': [1, 0, 1, 1, 1, 1, 1, 1, 1, 1], 'B': [0, 0, 0, 0, 0, 0, 0, 0, 0, 0]}, '西门北侧': {'A': [1, 1, 1, 1, 1, 1, 1, 1, 1, 1], 'B': [0, 1, 1, 1, 1, 1, 1, 1, 1, 1], 'C': [1, 1, 1, 1, 1, 1, 1, 1, 1, 1]}, '西门南侧': {'A': [0, 1, 1, 1, 1, 1, 1, 1, 1, 1], 'B': [1, 1, 1, 1, 1, 1, 1, 1, 1, 1], 'C': [1, 1, 1, 1, 1, 1, 1, 1, 1, 1]}, '南门西侧': {'A': [1, 1, 1, 1, 1, 1, 1, 1, 1, 1], 'B': [1, 1, 1, 1, 0, 1, 1, 1, 1, 1]}, '南门东侧': {'A': [1, 1, 1, 1, 1, 1, 1, 1, 1, 1], 'B': [1, 1, 1, 1, 1, 1, 1, 1, 1, 1]}, '北门东北侧': {'A': [1, 1, 1, 1, 1, 1, 1, 1, 1, 1], 'B': [1, 1, 1, 1, 1, 1, 1, 1, 1, 1], 'C': [1, 1, 1, 1, 1, 1, 1, 1, 1, 1], 'D': [1, 1, 1, 1, 1, 0, 1, 0, 1, 1]}, '北门东南侧': {'A': [1, 1, 1, 1, 1, 1, 1, 1, 1, 1], 'B': [0, 1, 1, 1, 1, 1, 1, 1, 1, 1], 'C': [1, 1, 1, 1, 1, 1, 1, 1, 0, 1], 'D': [1, 1, 0, 1, 1, 1, 1, 1, 1, 1], 'E': [1, 1, 1, 1, 1, 1, 1, 1, 1, 1], 'F': [1, 1, 1, 1, 0, 1, 1, 1, 1, 1]}, '橘园北侧南': {'A': [1, 1, 0, 1, 1, 0, 1, 1, 1, 1], 'B': [0, 1, 0, 1, 1, 0, 1, 1, 1, 1], 'C': [0, 0, 1, 1, 1, 1, 1, 1, 1, 1], 'D': [1, 1, 1, 1, 1, 0, 1, 1, 1, 1], 'E': [1, 1, 1, 0, 1, 1, 1, 1, 1, 1], 'F': [1, 1, 1, 1, 0, 1, 0, 1, 1, 1], 'G': [1, 1, 1, 1, 1, 1, 1, 1, 1, 1], 'H': [1, 1, 1, 1, 1, 1, 1, 1, 1, 1], 'I': [1, 1, 0, 1, 1, 0, 1, 1, 1, 1], 'J': [1, 1, 0, 1, 1, 1, 1, 1, 1, 0]}, '校医院西': {'A': [1, 1, 1, 1, 1, 1, 1, 1, 1, 1], 'B': [1, 1, 1, 1, 1, 1, 1, 1, 1, 1], 'C': [1, 1, 1, 1, 1, 1, 1, 1, 1, 1], 'D': [1, 1, 1, 1, 1, 1, 1, 1, 1, 1], 'E': [1, 1, 1, 1, 1, 1, 1, 1, 1, 1], 'F': [1, 1, 1, 1, 0, 1, 1, 1, 1, 1], 'G': [1, 1, 1, 1, 1, 1, 1, 1, 1, 1], 'H': [1, 1, 1, 1, 1, 0, 1, 1, 0, 1], 'I': [1, 1, 1, 1, 1, 1, 0, 0, 1, 1]}}
623359	2024-07-13 06:44:22.867000+08:00	2024-07-13 06:44:22.867000+08:00	{'东门北侧': {'A': [1, 1, 1, 1, 1, 1, 1, 1, 1, 1], 'B': [1, 1, 1, 1, 1, 1, 1, 1, 1, 1], 'C': [1, 1, 1, 1, 1, 1, 1, 1, 1, 0], 'D': [1, 1, 1, 1, 1, 0, 1, 1, 1, 1], 'E': [1, 1, 0, 0, 1, 1, 1, 1, 1, 1], 'F': [0, 1, 1, 1, 1, 1, 1, 1, 1, 1], 'G': [1, 1, 1, 1, 1, 0, 1, 1, 0, 1], 'H': [1, 1, 1, 1, 0, 1, 1, 1, 1, 1], 'I': [1, 1, 0, 1, 1, 1, 1, 1, 1, 1], 'J': [1, 1, 1, 1, 1, 0, 1, 1, 1, 1], 'K': [0, 1, 1, 1, 1, 1, 1, 1, 1, 0]}, '东门南侧': {'A': [1, 0, 1, 1, 1, 1, 1, 1, 1, 1], 'B': [0, 0, 0, 0, 0, 0, 0, 0, 0, 0]}, '西门北侧': {'A': [1, 1, 1, 1, 1, 1, 1, 1, 1, 1], 'B': [0, 1, 1, 1, 1, 1, 1, 1, 1, 1], 'C': [1, 1, 1, 1, 1, 1, 1, 1, 1, 1]}, '西门南侧': {'A': [0, 1, 1, 1, 1, 1, 1, 1, 1, 1], 'B': [1, 1, 1, 1, 1, 1, 1, 1, 1, 1], 'C': [1, 1, 1, 1, 1, 1, 1, 1, 1, 1]}, '南门西侧': {'A': [1, 1, 1, 1, 1, 1, 1, 1, 1, 1], 'B': [1, 1, 1, 1, 0, 1, 1, 1, 1, 1]}, '南门东侧': {'A': [1, 1, 1, 1, 1, 1, 1, 1, 1, 1], 'B': [1, 1, 1, 1, 1, 1, 1, 1, 1, 1]}, '北门东北侧': {'A': [1, 1, 1, 1, 1, 1, 1, 1, 1, 1], 'B': [1, 1, 1, 1, 1, 1, 1, 1, 1, 1], 'C': [1, 1, 1, 1, 1, 1, 1, 1, 1, 1], 'D': [1, 1, 1, 1, 1, 0, 1, 0, 1, 1]}, '北门东南侧': {'A': [1, 1, 1, 1, 1, 1, 1, 1, 1, 1], 'B': [0, 1, 1, 1, 1, 1, 1, 1, 1, 1], 'C': [1, 1, 1, 1, 1, 1, 1, 1, 0, 1], 'D': [1, 1, 0, 1, 1, 1, 1, 1, 1, 1], 'E': [1, 1, 1, 1, 1, 1, 1, 1, 1, 1], 'F': [1, 1, 1, 1, 0, 1, 1, 1, 1, 1]}, '橘园北侧南': {'A': [1, 1, 0, 1, 1, 0, 1, 1, 1, 1], 'B': [0, 1, 0, 1, 1, 0, 1, 1, 1, 1], 'C': [0, 0, 1, 1, 1, 1, 1, 1, 1, 1], 'D': [1, 1, 1, 1, 1, 0, 1, 1, 1, 1], 'E': [1, 1, 1, 0, 1, 1, 1, 1, 1, 1], 'F': [1, 1, 1, 1, 0, 1, 0, 1, 1, 1], 'G': [1, 1, 1, 1, 1, 1, 1, 1, 1, 1], 'H': [1, 1, 1, 1, 1, 1, 1, 1, 1, 1], 'I': [1, 1, 0, 1, 1, 0, 1, 1, 1, 1], 'J': [1, 1, 0, 1, 1, 1, 1, 1, 1, 0]}, '校医院西': {'A': [1, 1, 1, 1, 1, 1, 1, 1, 1, 1], 'B': [1, 1, 1, 1, 1, 1, 1, 1, 1, 1], 'C': [1, 1, 1, 1, 1, 1, 1, 1, 1, 1], 'D': [1, 1, 1, 1, 1, 1, 1, 1, 1, 1], 'E': [1, 1, 1, 1, 1, 1, 1, 1, 1, 1], 'F': [1, 1, 1, 1, 0, 1, 1, 1, 1, 1], 'G': [1, 1, 1, 1, 1, 1, 1, 1, 1, 1], 'H': [1, 1, 1, 1, 1, 0, 1, 1, 0, 1], 'I': [1, 1, 1, 1, 1, 1, 0, 0, 1, 1]}}
623360	2024-07-13 06:45:21.823000+08:00	2024-07-13 06:45:21.823000+08:00	{'东门北侧': {'A': [1, 1, 1, 1, 1, 1, 1, 1, 1, 1], 'B': [1, 1, 1, 1, 1, 1, 1, 1, 1, 1], 'C': [1, 1, 1, 1, 1, 1, 1, 1, 1, 0], 'D': [1, 1, 1, 1, 1, 0, 1, 1, 1, 1], 'E': [1, 1, 0, 0, 1, 1, 1, 1, 1, 1], 'F': [0, 1, 1, 1, 1, 1, 1, 1, 1, 1], 'G': [1, 1, 1, 1, 1, 0, 1, 1, 0, 1], 'H': [1, 1, 1, 1, 0, 1, 1, 1, 1, 1], 'I': [1, 1, 0, 1, 1, 1, 1, 1, 1, 1], 'J': [1, 1, 1, 1, 1, 0, 1, 1, 1, 1], 'K': [0, 1, 1, 1, 1, 1, 1, 1, 1, 0]}, '东门南侧': {'A': [1, 0, 1, 1, 1, 1, 1, 1, 1, 1], 'B': [0, 0, 0, 0, 0, 0, 0, 0, 0, 0]}, '西门北侧': {'A': [1, 1, 1, 1, 1, 1, 1, 1, 1, 1], 'B': [0, 1, 1, 1, 1, 1, 1, 1, 1, 1], 'C': [1, 1, 1, 1, 1, 1, 1, 1, 1, 1]}, '西门南侧': {'A': [0, 1, 1, 1, 1, 1, 1, 1, 1, 1], 'B': [1, 1, 1, 1, 1, 1, 1, 1, 1, 1], 'C': [1, 1, 1, 1, 1, 1, 1, 1, 1, 1]}, '南门西侧': {'A': [1, 1, 1, 1, 1, 1, 1, 1, 1, 1], 'B': [1, 1, 1, 1, 0, 1, 1, 1, 1, 1]}, '南门东侧': {'A': [1, 1, 1, 1, 1, 1, 1, 1, 1, 1], 'B': [1, 1, 1, 1, 1, 1, 1, 1, 1, 1]}, '北门东北侧': {'A': [1, 1, 1, 1, 1, 1, 1, 1, 1, 1], 'B': [1, 1, 1, 1, 1, 1, 1, 1, 1, 1], 'C': [1, 1, 1, 1, 1, 1, 1, 1, 1, 1], 'D': [1, 1, 1, 1, 1, 0, 1, 0, 1, 1]}, '北门东南侧': {'A': [1, 1, 1, 1, 1, 1, 1, 1, 1, 1], 'B': [0, 1, 1, 1, 1, 1, 1, 1, 1, 1], 'C': [1, 1, 1, 1, 1, 1, 1, 1, 0, 1], 'D': [1, 1, 0, 1, 1, 1, 1, 1, 1, 1], 'E': [1, 1, 1, 1, 1, 1, 1, 1, 1, 1], 'F': [1, 1, 1, 1, 0, 1, 1, 1, 1, 1]}, '橘园北侧南': {'A': [1, 1, 0, 1, 1, 0, 1, 1, 1, 1], 'B': [0, 1, 0, 1, 1, 0, 1, 1, 1, 1], 'C': [0, 0, 1, 1, 1, 1, 1, 1, 1, 1], 'D': [1, 1, 1, 1, 1, 0, 1, 1, 1, 1], 'E': [1, 1, 1, 0, 1, 1, 1, 1, 1, 1], 'F': [1, 1, 1, 1, 0, 1, 0, 1, 1, 1], 'G': [1, 1, 1, 1, 1, 1, 1, 1, 1, 1], 'H': [1, 1, 1, 1, 1, 1, 1, 1, 1, 1], 'I': [1, 1, 0, 1, 1, 0, 1, 1, 1, 1], 'J': [1, 1, 0, 1, 1, 1, 1, 1, 1, 0]}, '校医院西': {'A': [1, 1, 1, 1, 1, 1, 1, 1, 1, 1], 'B': [1, 1, 1, 1, 1, 1, 1, 1, 1, 1], 'C': [1, 1, 1, 1, 1, 1, 1, 1, 1, 1], 'D': [1, 1, 1, 1, 1, 1, 1, 1, 1, 1], 'E': [1, 1, 1, 1, 1, 1, 1, 1, 1, 1], 'F': [1, 1, 1, 1, 0, 1, 1, 1, 1, 1], 'G': [1, 1, 1, 1, 1, 1, 1, 1, 1, 1], 'H': [1, 1, 1, 1, 1, 0, 1, 1, 0, 1], 'I': [1, 1, 1, 1, 1, 1, 0, 0, 1, 1]}}
623361	2024-07-13 06:46:20.829000+08:00	2024-07-13 06:46:20.829000+08:00	{'东门北侧': {'A': [1, 1, 1, 1, 1, 1, 1, 1, 1, 1], 'B': [1, 1, 1, 1, 1, 1, 1, 1, 1, 1], 'C': [1, 1, 1, 1, 1, 1, 1, 1, 1, 0], 'D': [1, 1, 1, 1, 1, 0, 1, 1, 1, 1], 'E': [1, 1, 0, 0, 1, 1, 1, 1, 1, 1], 'F': [0, 1, 1, 1, 1, 1, 1, 1, 1, 1], 'G': [1, 1, 1, 1, 1, 0, 1, 1, 0, 1], 'H': [1, 1, 1, 1, 0, 1, 1, 1, 1, 1], 'I': [1, 1, 0, 1, 1, 1, 1, 1, 1, 1], 'J': [1, 1, 1, 1, 1, 0, 1, 1, 1, 1], 'K': [0, 1, 1, 1, 1, 1, 1, 1, 1, 0]}, '东门南侧': {'A': [1, 0, 1, 1, 1, 1, 1, 1, 1, 1], 'B': [0, 0, 0, 0, 0, 0, 0, 0, 0, 0]}, '西门北侧': {'A': [1, 1, 1, 1, 1, 1, 1, 1, 1, 1], 'B': [0, 1, 1, 1, 1, 1, 1, 1, 1, 1], 'C': [1, 1, 1, 1, 1, 1, 1, 1, 1, 1]}, '西门南侧': {'A': [0, 1, 1, 1, 1, 1, 1, 1, 1, 1], 'B': [1, 1, 1, 1, 1, 1, 1, 1, 1, 1], 'C': [1, 1, 1, 1, 1, 1, 1, 1, 1, 1]}, '南门西侧': {'A': [1, 1, 1, 1, 1, 1, 1, 1, 1, 1], 'B': [1, 1, 1, 1, 0, 1, 1, 1, 1, 1]}, '南门东侧': {'A': [1, 1, 1, 1, 1, 1, 1, 1, 1, 1], 'B': [1, 1, 1, 1, 1, 1, 1, 1, 1, 1]}, '北门东北侧': {'A': [1, 1, 1, 1, 1, 1, 1, 1, 1, 1], 'B': [1, 1, 1, 1, 1, 1, 1, 1, 1, 1], 'C': [1, 1, 1, 1, 1, 1, 1, 1, 1, 1], 'D': [1, 1, 1, 1, 1, 0, 1, 0, 1, 1]}, '北门东南侧': {'A': [1, 1, 1, 1, 1, 1, 1, 1, 1, 1], 'B': [0, 1, 1, 1, 1, 1, 1, 1, 1, 1], 'C': [1, 1, 1, 1, 1, 1, 1, 1, 0, 1], 'D': [1, 1, 0, 1, 1, 1, 1, 1, 1, 1], 'E': [1, 1, 1, 1, 1, 1, 1, 1, 1, 1], 'F': [1, 1, 1, 1, 0, 1, 1, 1, 1, 1]}, '橘园北侧南': {'A': [1, 1, 0, 1, 1, 0, 1, 1, 1, 1], 'B': [0, 1, 0, 1, 1, 0, 1, 1, 1, 1], 'C': [0, 0, 1, 1, 1, 1, 1, 1, 1, 1], 'D': [1, 1, 1, 1, 1, 0, 1, 1, 1, 1], 'E': [1, 1, 1, 0, 1, 1, 1, 1, 1, 1], 'F': [1, 1, 1, 1, 0, 1, 0, 1, 1, 1], 'G': [1, 1, 1, 1, 1, 1, 1, 1, 1, 1], 'H': [1, 1, 1, 1, 1, 1, 1, 1, 1, 1], 'I': [1, 1, 0, 1, 1, 0, 1, 1, 1, 1], 'J': [1, 1, 0, 1, 1, 1, 1, 1, 1, 0]}, '校医院西': {'A': [1, 1, 1, 1, 1, 1, 1, 1, 1, 1], 'B': [1, 1, 1, 1, 1, 1, 1, 1, 1, 1], 'C': [1, 1, 1, 1, 1, 1, 1, 1, 1, 1], 'D': [1, 1, 1, 1, 1, 1, 1, 1, 1, 1], 'E': [1, 1, 1, 1, 1, 1, 1, 1, 1, 1], 'F': [1, 1, 1, 1, 0, 1, 1, 1, 1, 1], 'G': [1, 1, 1, 1, 1, 1, 1, 1, 1, 1], 'H': [1, 1, 1, 1, 1, 0, 1, 1, 0, 1], 'I': [1, 1, 1, 1, 1, 1, 0, 0, 1, 1]}}
623362	2024-07-13 06:47:20.819000+08:00	2024-07-13 06:47:20.819000+08:00	{'东门北侧': {'A': [1, 1, 1, 1, 1, 1, 1, 1, 1, 1], 'B': [1, 1, 1, 1, 1, 1, 1, 1, 1, 1], 'C': [1, 1, 1, 1, 1, 1, 1, 1, 1, 0], 'D': [1, 1, 1, 1, 1, 0, 1, 1, 1, 1], 'E': [1, 1, 0, 0, 1, 1, 1, 1, 1, 1], 'F': [0, 1, 1, 1, 1, 1, 1, 1, 1, 1], 'G': [1, 1, 1, 1, 1, 0, 1, 1, 0, 1], 'H': [1, 1, 1, 1, 0, 1, 1, 1, 1, 1], 'I': [1, 1, 0, 1, 1, 1, 1, 1, 1, 1], 'J': [1, 1, 1, 1, 1, 0, 1, 1, 1, 1], 'K': [0, 1, 1, 1, 1, 1, 1, 1, 1, 0]}, '东门南侧': {'A': [1, 0, 1, 1, 1, 1, 1, 1, 1, 1], 'B': [0, 0, 0, 0, 0, 0, 0, 0, 0, 0]}, '西门北侧': {'A': [1, 1, 1, 1, 1, 1, 1, 1, 1, 1], 'B': [0, 1, 1, 1, 1, 1, 1, 1, 1, 1], 'C': [1, 1, 1, 1, 1, 1, 1, 1, 1, 1]}, '西门南侧': {'A': [0, 1, 1, 1, 1, 1, 1, 1, 1, 1], 'B': [1, 1, 1, 1, 1, 1, 1, 1, 1, 1], 'C': [1, 1, 1, 1, 1, 1, 1, 1, 1, 1]}, '南门西侧': {'A': [1, 1, 1, 1, 1, 1, 1, 1, 1, 1], 'B': [1, 1, 1, 1, 0, 1, 1, 1, 1, 1]}, '南门东侧': {'A': [1, 1, 1, 1, 1, 1, 1, 1, 1, 1], 'B': [1, 1, 1, 1, 1, 1, 1, 1, 1, 1]}, '北门东北侧': {'A': [1, 1, 1, 1, 1, 1, 1, 1, 1, 1], 'B': [1, 1, 1, 1, 1, 1, 1, 1, 1, 1], 'C': [1, 1, 1, 1, 1, 1, 1, 1, 1, 1], 'D': [1, 1, 1, 1, 1, 0, 1, 0, 1, 1]}, '北门东南侧': {'A': [1, 1, 1, 1, 1, 1, 1, 1, 1, 1], 'B': [0, 1, 1, 1, 1, 1, 1, 1, 1, 1], 'C': [1, 1, 1, 1, 1, 1, 1, 1, 0, 1], 'D': [1, 1, 0, 1, 1, 1, 1, 1, 1, 1], 'E': [1, 1, 1, 1, 1, 1, 1, 1, 1, 1], 'F': [1, 1, 1, 1, 0, 1, 1, 1, 1, 1]}, '橘园北侧南': {'A': [1, 1, 0, 1, 1, 0, 1, 1, 1, 1], 'B': [0, 1, 0, 1, 1, 0, 1, 1, 1, 1], 'C': [0, 0, 1, 1, 1, 1, 1, 1, 1, 1], 'D': [1, 1, 1, 1, 1, 0, 1, 1, 1, 1], 'E': [1, 1, 1, 0, 1, 1, 1, 1, 1, 1], 'F': [1, 1, 1, 1, 0, 1, 0, 1, 1, 1], 'G': [1, 1, 1, 1, 1, 1, 1, 1, 1, 1], 'H': [1, 1, 1, 1, 1, 1, 1, 1, 1, 1], 'I': [1, 1, 0, 1, 1, 0, 1, 1, 1, 1], 'J': [1, 1, 0, 1, 1, 1, 1, 1, 1, 0]}, '校医院西': {'A': [1, 1, 1, 1, 1, 1, 1, 1, 1, 1], 'B': [1, 1, 1, 1, 1, 1, 1, 1, 1, 1], 'C': [1, 1, 1, 1, 1, 1, 1, 1, 1, 1], 'D': [1, 1, 1, 1, 1, 1, 1, 1, 1, 1], 'E': [1, 1, 1, 1, 1, 1, 1, 1, 1, 1], 'F': [1, 1, 1, 1, 0, 1, 1, 1, 1, 1], 'G': [1, 1, 1, 1, 1, 1, 1, 1, 1, 1], 'H': [1, 1, 1, 1, 1, 0, 1, 1, 0, 1], 'I': [1, 1, 1, 1, 1, 1, 0, 0, 1, 1]}}
623363	2024-07-13 06:48:21.857000+08:00	2024-07-13 06:48:21.857000+08:00	{'东门北侧': {'A': [1, 1, 1, 1, 1, 1, 1, 1, 1, 1], 'B': [1, 1, 1, 1, 1, 1, 1, 1, 1, 1], 'C': [1, 1, 1, 1, 1, 1, 1, 1, 1, 0], 'D': [1, 1, 1, 1, 1, 0, 1, 1, 1, 1], 'E': [1, 1, 0, 0, 1, 1, 1, 1, 1, 1], 'F': [0, 1, 1, 1, 1, 1, 1, 1, 1, 1], 'G': [1, 1, 1, 1, 1, 0, 1, 1, 0, 1], 'H': [1, 1, 1, 1, 0, 1, 1, 1, 1, 1], 'I': [1, 1, 0, 1, 1, 1, 1, 1, 1, 1], 'J': [1, 1, 1, 1, 1, 0, 1, 1, 1, 1], 'K': [0, 1, 1, 1, 1, 1, 1, 1, 1, 0]}, '东门南侧': {'A': [1, 0, 1, 1, 1, 1, 1, 1, 1, 1], 'B': [0, 0, 0, 0, 0, 0, 0, 0, 0, 0]}, '西门北侧': {'A': [1, 1, 1, 1, 1, 1, 1, 1, 1, 1], 'B': [0, 1, 1, 1, 1, 1, 1, 1, 1, 1], 'C': [1, 1, 1, 1, 1, 1, 1, 1, 1, 1]}, '西门南侧': {'A': [0, 1, 1, 1, 1, 1, 1, 1, 1, 1], 'B': [1, 1, 1, 1, 1, 1, 1, 1, 1, 1], 'C': [1, 1, 1, 1, 1, 1, 1, 1, 1, 1]}, '南门西侧': {'A': [1, 1, 1, 1, 1, 1, 1, 1, 1, 1], 'B': [1, 1, 1, 1, 0, 1, 1, 1, 1, 1]}, '南门东侧': {'A': [1, 1, 1, 1, 1, 1, 1, 1, 1, 1], 'B': [1, 1, 1, 1, 1, 1, 1, 1, 1, 1]}, '北门东北侧': {'A': [1, 1, 1, 1, 1, 1, 1, 1, 1, 1], 'B': [1, 1, 1, 1, 1, 1, 1, 1, 1, 1], 'C': [1, 1, 1, 1, 1, 1, 1, 1, 1, 1], 'D': [1, 1, 1, 1, 1, 0, 1, 0, 1, 1]}, '北门东南侧': {'A': [1, 1, 1, 1, 1, 1, 1, 1, 1, 1], 'B': [0, 1, 1, 1, 1, 1, 1, 1, 1, 1], 'C': [1, 1, 1, 1, 1, 1, 1, 1, 0, 1], 'D': [1, 1, 0, 1, 1, 1, 1, 1, 1, 1], 'E': [1, 1, 1, 1, 1, 1, 1, 1, 1, 1], 'F': [1, 1, 1, 1, 0, 1, 1, 1, 1, 1]}, '橘园北侧南': {'A': [1, 1, 0, 1, 1, 0, 1, 1, 1, 1], 'B': [0, 1, 0, 1, 1, 0, 1, 1, 1, 1], 'C': [0, 0, 1, 1, 1, 1, 1, 1, 1, 1], 'D': [1, 1, 1, 1, 1, 0, 1, 1, 1, 1], 'E': [1, 1, 1, 0, 1, 1, 1, 1, 1, 1], 'F': [1, 1, 1, 1, 0, 1, 0, 1, 1, 1], 'G': [1, 1, 1, 1, 1, 1, 1, 1, 1, 1], 'H': [1, 1, 1, 1, 1, 1, 1, 1, 1, 1], 'I': [1, 1, 0, 1, 1, 0, 1, 1, 1, 1], 'J': [1, 1, 0, 1, 1, 1, 1, 1, 1, 0]}, '校医院西': {'A': [1, 1, 1, 1, 1, 1, 1, 1, 1, 1], 'B': [1, 1, 1, 1, 1, 1, 1, 1, 1, 1], 'C': [1, 1, 1, 1, 1, 1, 1, 1, 1, 1], 'D': [1, 1, 1, 1, 1, 1, 1, 1, 1, 1], 'E': [1, 1, 1, 1, 1, 1, 1, 1, 1, 1], 'F': [1, 1, 1, 1, 0, 1, 1, 1, 1, 1], 'G': [1, 1, 1, 1, 1, 1, 1, 1, 1, 1], 'H': [1, 1, 1, 1, 1, 0, 1, 1, 0, 1], 'I': [1, 1, 1, 1, 1, 1, 0, 0, 1, 1]}}
623364	2024-07-13 06:49:22.815000+08:00	2024-07-13 06:49:22.815000+08:00	{'东门北侧': {'A': [1, 1, 1, 1, 1, 1, 1, 1, 1, 1], 'B': [1, 1, 1, 1, 1, 1, 1, 1, 1, 1], 'C': [1, 1, 1, 1, 1, 1, 1, 1, 1, 0], 'D': [1, 1, 1, 1, 1, 0, 1, 1, 1, 1], 'E': [1, 1, 0, 0, 1, 1, 1, 1, 1, 1], 'F': [0, 1, 1, 1, 1, 1, 1, 1, 1, 1], 'G': [1, 1, 1, 1, 1, 0, 1, 1, 0, 1], 'H': [1, 1, 1, 1, 0, 1, 1, 1, 1, 1], 'I': [1, 1, 0, 1, 1, 1, 1, 1, 1, 1], 'J': [1, 1, 1, 1, 1, 0, 1, 1, 1, 1], 'K': [0, 1, 1, 1, 1, 1, 1, 1, 1, 0]}, '东门南侧': {'A': [1, 0, 1, 1, 1, 1, 1, 1, 1, 1], 'B': [0, 0, 0, 0, 0, 0, 0, 0, 0, 0]}, '西门北侧': {'A': [1, 1, 1, 1, 1, 1, 1, 1, 1, 1], 'B': [0, 1, 1, 1, 1, 1, 1, 1, 1, 1], 'C': [1, 1, 1, 1, 1, 1, 1, 1, 1, 1]}, '西门南侧': {'A': [0, 1, 1, 1, 1, 1, 1, 1, 1, 1], 'B': [1, 1, 1, 1, 1, 1, 1, 1, 1, 1], 'C': [1, 1, 1, 1, 1, 1, 1, 1, 1, 1]}, '南门西侧': {'A': [1, 1, 1, 1, 1, 1, 1, 1, 1, 1], 'B': [1, 1, 1, 1, 0, 1, 1, 1, 1, 1]}, '南门东侧': {'A': [1, 1, 1, 1, 1, 1, 1, 1, 1, 1], 'B': [1, 1, 1, 1, 1, 1, 1, 1, 1, 1]}, '北门东北侧': {'A': [1, 1, 1, 1, 1, 1, 1, 1, 1, 1], 'B': [1, 1, 1, 1, 1, 1, 1, 1, 1, 1], 'C': [1, 1, 1, 1, 1, 1, 1, 1, 1, 1], 'D': [1, 1, 1, 1, 1, 0, 1, 0, 1, 1]}, '北门东南侧': {'A': [1, 1, 1, 1, 1, 1, 1, 1, 1, 1], 'B': [0, 1, 1, 1, 1, 1, 1, 1, 1, 1], 'C': [1, 1, 1, 1, 1, 1, 1, 1, 0, 1], 'D': [1, 1, 0, 1, 1, 1, 1, 1, 1, 1], 'E': [1, 1, 1, 1, 1, 1, 1, 1, 1, 1], 'F': [1, 1, 1, 1, 0, 1, 1, 1, 1, 1]}, '橘园北侧南': {'A': [1, 1, 0, 1, 1, 1, 1, 1, 1, 1], 'B': [0, 1, 0, 1, 1, 0, 1, 1, 1, 1], 'C': [0, 0, 1, 1, 1, 1, 1, 1, 1, 1], 'D': [1, 1, 1, 1, 1, 0, 1, 1, 1, 1], 'E': [1, 1, 1, 0, 1, 1, 1, 1, 1, 1], 'F': [1, 1, 1, 1, 0, 1, 0, 1, 1, 1], 'G': [1, 1, 1, 1, 1, 1, 1, 1, 1, 1], 'H': [1, 1, 1, 1, 1, 1, 1, 1, 1, 1], 'I': [1, 1, 0, 1, 1, 0, 1, 1, 1, 1], 'J': [1, 1, 0, 1, 1, 1, 1, 1, 1, 0]}, '校医院西': {'A': [1, 1, 1, 1, 1, 1, 1, 1, 1, 1], 'B': [1, 1, 1, 1, 1, 1, 1, 1, 1, 1], 'C': [1, 1, 1, 1, 1, 1, 1, 1, 1, 1], 'D': [1, 1, 1, 1, 1, 1, 1, 1, 1, 1], 'E': [1, 1, 1, 1, 1, 1, 1, 1, 1, 1], 'F': [1, 1, 1, 1, 0, 1, 1, 1, 1, 1], 'G': [1, 1, 1, 1, 1, 1, 1, 1, 1, 1], 'H': [1, 1, 1, 1, 1, 0, 1, 1, 0, 1], 'I': [1, 1, 1, 1, 1, 1, 0, 0, 1, 1]}}
623365	2024-07-13 06:50:23.325000+08:00	2024-07-13 06:50:23.325000+08:00	{'东门北侧': {'A': [1, 1, 1, 1, 1, 1, 1, 1, 1, 1], 'B': [1, 1, 1, 1, 1, 1, 1, 1, 1, 1], 'C': [1, 1, 1, 1, 1, 1, 1, 1, 1, 0], 'D': [1, 1, 1, 1, 1, 0, 1, 1, 1, 1], 'E': [1, 1, 0, 0, 1, 1, 1, 1, 1, 1], 'F': [0, 1, 1, 1, 1, 1, 1, 1, 1, 1], 'G': [1, 1, 1, 1, 1, 0, 1, 1, 0, 1], 'H': [1, 1, 1, 1, 0, 1, 1, 1, 1, 1], 'I': [1, 1, 0, 1, 1, 1, 1, 1, 1, 1], 'J': [1, 1, 1, 1, 1, 0, 1, 1, 1, 1], 'K': [0, 1, 1, 1, 1, 1, 1, 1, 1, 0]}, '东门南侧': {'A': [1, 0, 1, 1, 1, 1, 1, 1, 1, 1], 'B': [0, 0, 0, 0, 0, 0, 0, 0, 0, 0]}, '西门北侧': {'A': [1, 1, 1, 1, 1, 1, 1, 1, 1, 1], 'B': [1, 1, 1, 1, 1, 1, 1, 1, 1, 1], 'C': [1, 1, 1, 1, 1, 1, 1, 1, 1, 1]}, '西门南侧': {'A': [0, 1, 1, 1, 1, 1, 1, 1, 1, 1], 'B': [1, 1, 1, 1, 1, 1, 1, 1, 1, 1], 'C': [1, 1, 1, 1, 1, 1, 1, 1, 1, 1]}, '南门西侧': {'A': [1, 1, 1, 1, 1, 1, 1, 1, 1, 1], 'B': [1, 1, 1, 1, 0, 1, 1, 1, 1, 1]}, '南门东侧': {'A': [1, 1, 1, 1, 1, 1, 1, 1, 1, 1], 'B': [1, 1, 1, 1, 1, 1, 1, 1, 1, 1]}, '北门东北侧': {'A': [1, 1, 1, 1, 1, 1, 1, 1, 1, 1], 'B': [1, 1, 1, 1, 1, 1, 1, 1, 1, 1], 'C': [1, 1, 1, 1, 1, 1, 1, 1, 1, 1], 'D': [1, 1, 1, 1, 1, 0, 1, 0, 1, 1]}, '北门东南侧': {'A': [1, 1, 1, 1, 1, 1, 1, 1, 1, 1], 'B': [0, 1, 1, 1, 1, 1, 1, 1, 1, 1], 'C': [1, 1, 1, 1, 1, 1, 1, 1, 0, 1], 'D': [1, 1, 0, 1, 1, 1, 1, 1, 1, 1], 'E': [1, 1, 1, 1, 1, 1, 1, 1, 1, 1], 'F': [1, 1, 1, 1, 1, 1, 1, 1, 1, 1]}, '橘园北侧南': {'A': [1, 1, 1, 1, 1, 1, 1, 1, 1, 1], 'B': [0, 1, 0, 1, 1, 0, 1, 1, 1, 1], 'C': [0, 0, 1, 1, 1, 1, 1, 1, 1, 1], 'D': [1, 1, 1, 1, 1, 0, 1, 1, 1, 1], 'E': [1, 1, 1, 0, 1, 1, 1, 1, 1, 1], 'F': [1, 1, 1, 1, 0, 1, 0, 1, 1, 1], 'G': [1, 1, 1, 1, 1, 1, 1, 1, 1, 1], 'H': [1, 1, 1, 1, 1, 1, 1, 1, 1, 1], 'I': [1, 1, 0, 1, 1, 0, 1, 1, 1, 1], 'J': [1, 1, 0, 1, 1, 1, 1, 1, 1, 0]}, '校医院西': {'A': [1, 1, 1, 1, 1, 1, 1, 1, 1, 1], 'B': [1, 1, 1, 1, 1, 1, 1, 1, 1, 1], 'C': [1, 1, 1, 1, 1, 1, 1, 1, 1, 1], 'D': [1, 1, 1, 1, 1, 1, 1, 1, 1, 1], 'E': [1, 1, 1, 1, 1, 1, 1, 1, 1, 1], 'F': [1, 1, 1, 1, 0, 1, 1, 1, 1, 1], 'G': [1, 1, 1, 1, 1, 1, 1, 1, 1, 1], 'H': [1, 1, 1, 1, 1, 0, 1, 1, 0, 1], 'I': [1, 1, 1, 1, 1, 1, 0, 0, 1, 1]}}
623366	2024-07-13 06:51:22.829000+08:00	2024-07-13 06:51:22.829000+08:00	{'东门北侧': {'A': [1, 1, 1, 1, 1, 1, 1, 1, 1, 1], 'B': [1, 1, 1, 1, 1, 1, 1, 1, 1, 1], 'C': [1, 1, 1, 1, 1, 1, 1, 1, 1, 0], 'D': [1, 1, 1, 1, 1, 0, 1, 1, 1, 1], 'E': [1, 1, 0, 0, 1, 1, 1, 1, 1, 1], 'F': [0, 1, 1, 1, 1, 1, 1, 1, 1, 1], 'G': [1, 1, 1, 1, 1, 0, 1, 1, 0, 1], 'H': [1, 1, 1, 1, 0, 1, 1, 1, 1, 1], 'I': [1, 1, 0, 1, 1, 1, 1, 1, 1, 1], 'J': [1, 1, 1, 1, 1, 0, 1, 1, 1, 1], 'K': [0, 1, 1, 1, 1, 1, 1, 1, 1, 0]}, '东门南侧': {'A': [1, 0, 1, 1, 1, 1, 1, 1, 1, 1], 'B': [0, 0, 0, 0, 0, 0, 0, 0, 0, 0]}, '西门北侧': {'A': [1, 1, 1, 1, 1, 1, 1, 1, 1, 1], 'B': [1, 1, 1, 1, 1, 1, 1, 1, 1, 1], 'C': [1, 1, 1, 1, 1, 1, 1, 1, 1, 1]}, '西门南侧': {'A': [0, 1, 1, 1, 1, 1, 1, 1, 1, 1], 'B': [1, 1, 1, 1, 1, 1, 1, 1, 1, 1], 'C': [1, 1, 1, 1, 1, 1, 1, 1, 1, 1]}, '南门西侧': {'A': [1, 1, 1, 1, 1, 1, 1, 1, 1, 1], 'B': [1, 1, 1, 1, 0, 1, 1, 1, 1, 1]}, '南门东侧': {'A': [1, 1, 1, 1, 1, 1, 1, 1, 1, 1], 'B': [1, 1, 1, 1, 1, 1, 1, 1, 1, 1]}, '北门东北侧': {'A': [1, 1, 1, 1, 1, 1, 1, 1, 1, 1], 'B': [1, 1, 1, 1, 1, 1, 1, 1, 1, 1], 'C': [1, 1, 1, 1, 1, 1, 1, 1, 1, 1], 'D': [1, 1, 1, 1, 1, 0, 1, 0, 1, 1]}, '北门东南侧': {'A': [1, 1, 1, 1, 1, 1, 1, 1, 1, 1], 'B': [0, 1, 1, 1, 1, 1, 1, 1, 1, 1], 'C': [1, 1, 1, 1, 1, 1, 1, 1, 0, 1], 'D': [1, 1, 0, 1, 1, 1, 1, 1, 1, 1], 'E': [1, 1, 1, 1, 1, 1, 1, 1, 1, 1], 'F': [1, 1, 1, 1, 1, 1, 1, 1, 1, 1]}, '橘园北侧南': {'A': [1, 1, 1, 1, 1, 1, 1, 1, 1, 1], 'B': [0, 1, 0, 1, 1, 0, 1, 1, 1, 1], 'C': [0, 0, 1, 1, 1, 1, 1, 1, 1, 1], 'D': [1, 1, 1, 1, 1, 0, 1, 1, 1, 1], 'E': [1, 1, 1, 0, 1, 1, 1, 1, 1, 1], 'F': [1, 1, 1, 1, 0, 1, 0, 1, 1, 1], 'G': [1, 1, 1, 1, 1, 1, 1, 1, 1, 1], 'H': [1, 1, 1, 1, 1, 1, 1, 1, 1, 1], 'I': [1, 1, 0, 1, 1, 0, 1, 1, 1, 1], 'J': [1, 1, 0, 1, 1, 1, 1, 1, 1, 0]}, '校医院西': {'A': [1, 1, 1, 1, 1, 1, 1, 1, 1, 1], 'B': [1, 1, 1, 1, 1, 1, 1, 1, 1, 1], 'C': [1, 1, 1, 1, 1, 1, 1, 1, 1, 1], 'D': [1, 1, 1, 1, 1, 1, 1, 1, 1, 1], 'E': [1, 1, 1, 1, 1, 1, 1, 1, 1, 1], 'F': [1, 1, 1, 1, 0, 1, 1, 1, 1, 1], 'G': [1, 1, 1, 1, 1, 1, 1, 1, 1, 1], 'H': [1, 1, 1, 1, 1, 0, 1, 1, 0, 1], 'I': [1, 1, 1, 1, 1, 1, 0, 0, 1, 1]}}
623367	2024-07-13 06:52:22.870000+08:00	2024-07-13 06:52:22.870000+08:00	{'东门北侧': {'A': [1, 1, 1, 1, 1, 1, 1, 1, 1, 1], 'B': [1, 1, 1, 1, 1, 1, 1, 1, 1, 1], 'C': [1, 1, 1, 1, 1, 1, 1, 1, 1, 0], 'D': [1, 0, 1, 1, 1, 0, 1, 1, 1, 1], 'E': [1, 1, 0, 0, 1, 1, 1, 1, 1, 1], 'F': [0, 1, 1, 1, 1, 1, 1, 1, 1, 1], 'G': [1, 1, 1, 1, 1, 0, 1, 1, 0, 1], 'H': [1, 1, 1, 1, 0, 1, 1, 1, 1, 1], 'I': [1, 1, 0, 1, 1, 1, 1, 1, 1, 1], 'J': [1, 1, 1, 1, 1, 0, 1, 1, 1, 1], 'K': [0, 1, 1, 1, 1, 1, 1, 1, 1, 0]}, '东门南侧': {'A': [1, 0, 1, 1, 1, 1, 1, 1, 1, 1], 'B': [0, 0, 0, 0, 0, 0, 0, 0, 0, 0]}, '西门北侧': {'A': [1, 1, 1, 1, 1, 1, 1, 1, 1, 1], 'B': [1, 1, 1, 1, 1, 1, 1, 1, 1, 1], 'C': [1, 1, 1, 1, 1, 1, 1, 1, 1, 1]}, '西门南侧': {'A': [0, 1, 1, 1, 1, 1, 1, 1, 1, 1], 'B': [1, 1, 1, 1, 1, 1, 1, 1, 1, 1], 'C': [1, 1, 1, 1, 1, 1, 1, 1, 1, 1]}, '南门西侧': {'A': [1, 1, 1, 1, 1, 1, 1, 1, 1, 1], 'B': [1, 1, 1, 1, 0, 1, 1, 1, 1, 1]}, '南门东侧': {'A': [1, 1, 1, 1, 1, 1, 1, 1, 1, 1], 'B': [1, 1, 1, 1, 1, 1, 1, 1, 1, 1]}, '北门东北侧': {'A': [1, 1, 1, 1, 1, 1, 1, 1, 1, 1], 'B': [1, 1, 1, 1, 1, 1, 1, 1, 1, 1], 'C': [1, 1, 1, 1, 1, 1, 1, 1, 1, 1], 'D': [1, 1, 1, 1, 1, 0, 1, 0, 1, 1]}, '北门东南侧': {'A': [1, 1, 1, 1, 1, 1, 1, 1, 1, 1], 'B': [0, 1, 1, 1, 1, 1, 1, 1, 1, 1], 'C': [1, 1, 1, 1, 1, 1, 1, 1, 0, 1], 'D': [1, 1, 0, 1, 1, 1, 1, 1, 1, 1], 'E': [1, 1, 1, 1, 1, 1, 1, 1, 1, 1], 'F': [1, 1, 1, 1, 1, 1, 1, 1, 1, 1]}, '橘园北侧南': {'A': [1, 1, 1, 1, 1, 1, 1, 1, 1, 1], 'B': [0, 1, 0, 1, 1, 0, 1, 1, 1, 1], 'C': [0, 0, 1, 1, 1, 1, 1, 1, 1, 1], 'D': [1, 1, 1, 1, 1, 0, 1, 1, 1, 1], 'E': [1, 1, 1, 0, 1, 1, 1, 1, 1, 1], 'F': [1, 1, 1, 1, 0, 1, 0, 1, 1, 1], 'G': [1, 1, 1, 1, 1, 1, 1, 1, 1, 1], 'H': [1, 1, 1, 1, 1, 1, 1, 1, 1, 1], 'I': [1, 1, 0, 1, 1, 0, 1, 1, 1, 1], 'J': [1, 1, 0, 1, 1, 1, 1, 1, 1, 0]}, '校医院西': {'A': [1, 1, 1, 1, 1, 1, 1, 1, 1, 1], 'B': [1, 1, 1, 1, 1, 1, 1, 1, 1, 1], 'C': [1, 1, 1, 1, 1, 1, 1, 1, 1, 1], 'D': [1, 1, 1, 1, 1, 1, 1, 1, 1, 1], 'E': [1, 1, 1, 1, 1, 1, 1, 1, 1, 1], 'F': [1, 1, 1, 1, 0, 1, 1, 1, 1, 1], 'G': [1, 1, 1, 1, 1, 1, 1, 1, 1, 1], 'H': [1, 1, 1, 1, 1, 0, 1, 1, 0, 0], 'I': [1, 1, 1, 1, 1, 1, 0, 0, 1, 1]}}
623368	2024-07-13 06:53:20.875000+08:00	2024-07-13 06:53:20.875000+08:00	{'东门北侧': {'A': [1, 1, 1, 1, 1, 1, 1, 1, 1, 1], 'B': [1, 1, 1, 1, 1, 1, 1, 1, 1, 1], 'C': [1, 1, 1, 1, 1, 1, 1, 1, 1, 0], 'D': [1, 0, 1, 1, 1, 0, 1, 1, 1, 1], 'E': [1, 1, 0, 0, 1, 1, 1, 1, 1, 1], 'F': [0, 1, 1, 1, 1, 1, 1, 1, 1, 1], 'G': [1, 1, 1, 1, 1, 0, 1, 1, 0, 1], 'H': [1, 1, 1, 1, 0, 1, 1, 1, 1, 1], 'I': [1, 1, 0, 1, 1, 1, 1, 1, 1, 1], 'J': [1, 1, 1, 1, 1, 0, 1, 1, 1, 1], 'K': [0, 1, 1, 1, 1, 1, 1, 1, 1, 0]}, '东门南侧': {'A': [1, 0, 1, 1, 1, 1, 1, 1, 1, 1], 'B': [0, 0, 0, 0, 0, 0, 0, 0, 0, 0]}, '西门北侧': {'A': [1, 1, 1, 1, 1, 1, 1, 1, 1, 1], 'B': [1, 1, 1, 1, 1, 1, 1, 1, 1, 1], 'C': [1, 1, 1, 1, 1, 1, 1, 1, 1, 1]}, '西门南侧': {'A': [0, 1, 1, 1, 1, 1, 1, 1, 1, 1], 'B': [1, 1, 1, 1, 1, 1, 1, 1, 1, 1], 'C': [1, 1, 1, 1, 1, 1, 1, 1, 1, 1]}, '南门西侧': {'A': [1, 1, 1, 1, 1, 1, 1, 1, 1, 1], 'B': [1, 1, 1, 1, 0, 1, 1, 1, 1, 1]}, '南门东侧': {'A': [1, 1, 1, 1, 1, 1, 1, 1, 1, 1], 'B': [1, 1, 1, 1, 1, 1, 1, 1, 1, 1]}, '北门东北侧': {'A': [1, 1, 1, 1, 1, 1, 1, 1, 1, 1], 'B': [1, 1, 1, 1, 1, 1, 1, 1, 1, 1], 'C': [1, 1, 1, 1, 1, 1, 1, 1, 1, 1], 'D': [1, 1, 1, 1, 1, 0, 1, 0, 1, 1]}, '北门东南侧': {'A': [1, 1, 1, 1, 1, 1, 1, 1, 1, 1], 'B': [0, 1, 1, 1, 1, 1, 1, 1, 1, 1], 'C': [1, 1, 1, 1, 1, 1, 1, 1, 0, 1], 'D': [1, 1, 0, 1, 1, 1, 1, 1, 1, 1], 'E': [1, 1, 1, 1, 1, 1, 1, 1, 1, 1], 'F': [1, 1, 1, 1, 1, 1, 1, 1, 1, 1]}, '橘园北侧南': {'A': [1, 1, 1, 1, 1, 1, 1, 1, 1, 1], 'B': [0, 1, 0, 1, 1, 0, 1, 1, 1, 1], 'C': [0, 0, 1, 1, 1, 1, 1, 1, 1, 1], 'D': [1, 1, 1, 1, 1, 0, 1, 1, 1, 1], 'E': [1, 1, 1, 0, 1, 1, 1, 1, 1, 1], 'F': [1, 1, 1, 1, 0, 1, 0, 1, 1, 1], 'G': [1, 1, 1, 1, 1, 1, 1, 1, 1, 1], 'H': [1, 1, 1, 1, 1, 1, 1, 1, 1, 1], 'I': [1, 1, 0, 1, 1, 0, 1, 1, 1, 1], 'J': [1, 1, 0, 1, 1, 1, 1, 1, 1, 0]}, '校医院西': {'A': [1, 1, 1, 1, 1, 1, 1, 1, 1, 1], 'B': [1, 1, 1, 1, 1, 1, 1, 1, 1, 1], 'C': [1, 1, 1, 1, 1, 1, 1, 1, 1, 1], 'D': [1, 1, 1, 1, 1, 1, 1, 1, 1, 1], 'E': [1, 1, 1, 1, 1, 1, 1, 1, 1, 1], 'F': [1, 1, 1, 1, 0, 1, 1, 1, 1, 1], 'G': [1, 1, 1, 1, 1, 1, 1, 1, 1, 1], 'H': [1, 1, 1, 1, 1, 0, 1, 1, 0, 0], 'I': [1, 1, 1, 1, 1, 1, 0, 0, 1, 1]}}
623369	2024-07-13 06:54:22.877000+08:00	2024-07-13 06:54:22.877000+08:00	{'东门北侧': {'A': [1, 1, 1, 1, 1, 1, 1, 1, 1, 1], 'B': [1, 1, 1, 1, 1, 1, 1, 1, 1, 1], 'C': [1, 1, 1, 1, 1, 1, 1, 1, 1, 0], 'D': [1, 0, 1, 1, 1, 0, 1, 1, 1, 1], 'E': [1, 1, 0, 0, 1, 1, 1, 1, 1, 1], 'F': [0, 1, 1, 1, 1, 1, 1, 1, 1, 1], 'G': [1, 1, 1, 1, 1, 0, 1, 1, 0, 1], 'H': [1, 1, 1, 1, 0, 1, 1, 1, 1, 1], 'I': [1, 1, 0, 1, 1, 1, 1, 1, 1, 1], 'J': [1, 1, 1, 1, 1, 0, 1, 1, 1, 1], 'K': [0, 1, 1, 1, 1, 1, 1, 1, 1, 0]}, '东门南侧': {'A': [1, 0, 1, 1, 1, 1, 1, 1, 1, 1], 'B': [0, 0, 0, 0, 0, 0, 0, 0, 0, 0]}, '西门北侧': {'A': [1, 1, 1, 1, 1, 1, 1, 1, 1, 1], 'B': [1, 1, 1, 1, 1, 1, 1, 1, 1, 1], 'C': [1, 1, 1, 1, 1, 1, 1, 1, 1, 1]}, '西门南侧': {'A': [0, 1, 1, 1, 1, 1, 1, 1, 1, 1], 'B': [1, 1, 1, 1, 1, 1, 1, 1, 1, 1], 'C': [1, 1, 1, 1, 1, 1, 1, 1, 1, 1]}, '南门西侧': {'A': [1, 1, 1, 1, 1, 1, 1, 1, 1, 1], 'B': [1, 1, 1, 1, 0, 1, 1, 1, 1, 1]}, '南门东侧': {'A': [1, 1, 1, 1, 1, 1, 1, 1, 1, 1], 'B': [1, 1, 1, 1, 1, 1, 1, 1, 1, 1]}, '北门东北侧': {'A': [1, 1, 1, 1, 1, 1, 1, 1, 1, 1], 'B': [1, 1, 1, 1, 1, 1, 1, 1, 1, 1], 'C': [1, 1, 1, 1, 1, 1, 1, 1, 1, 1], 'D': [1, 1, 1, 1, 1, 0, 1, 0, 1, 1]}, '北门东南侧': {'A': [1, 1, 1, 1, 1, 1, 1, 1, 1, 1], 'B': [0, 1, 1, 1, 1, 1, 1, 1, 1, 1], 'C': [1, 1, 1, 1, 1, 1, 1, 1, 0, 1], 'D': [1, 1, 0, 1, 1, 1, 1, 1, 1, 1], 'E': [1, 1, 1, 1, 1, 1, 1, 1, 1, 1], 'F': [1, 1, 1, 1, 1, 1, 1, 1, 1, 1]}, '橘园北侧南': {'A': [1, 1, 1, 1, 1, 1, 1, 1, 1, 1], 'B': [0, 1, 0, 1, 1, 0, 1, 1, 1, 1], 'C': [0, 0, 1, 1, 1, 1, 1, 1, 1, 1], 'D': [1, 1, 1, 1, 1, 0, 1, 1, 1, 1], 'E': [1, 1, 1, 0, 1, 1, 1, 1, 1, 1], 'F': [1, 1, 1, 1, 0, 1, 0, 1, 1, 1], 'G': [1, 1, 1, 1, 1, 1, 1, 1, 1, 1], 'H': [1, 1, 1, 1, 1, 1, 1, 1, 1, 1], 'I': [1, 1, 0, 1, 1, 0, 1, 1, 1, 1], 'J': [1, 1, 0, 1, 1, 1, 1, 1, 1, 0]}, '校医院西': {'A': [1, 1, 1, 1, 1, 1, 1, 1, 1, 1], 'B': [1, 1, 1, 1, 1, 1, 1, 1, 1, 1], 'C': [1, 1, 1, 1, 1, 1, 1, 1, 1, 1], 'D': [1, 1, 1, 1, 1, 1, 1, 1, 1, 1], 'E': [1, 1, 1, 1, 1, 1, 1, 1, 1, 1], 'F': [1, 1, 1, 1, 0, 1, 1, 1, 1, 1], 'G': [1, 1, 1, 1, 1, 1, 1, 1, 1, 1], 'H': [1, 1, 1, 1, 1, 0, 1, 1, 0, 0], 'I': [1, 1, 1, 1, 1, 1, 0, 0, 1, 1]}}
623370	2024-07-13 06:55:24.315000+08:00	2024-07-13 06:55:24.315000+08:00	{'东门北侧': {'A': [1, 1, 1, 1, 1, 1, 1, 1, 1, 1], 'B': [1, 1, 1, 1, 1, 1, 1, 1, 1, 1], 'C': [1, 1, 1, 1, 1, 1, 1, 1, 1, 0], 'D': [1, 0, 1, 1, 1, 0, 1, 1, 1, 1], 'E': [1, 1, 0, 0, 1, 1, 1, 1, 1, 1], 'F': [0, 1, 1, 1, 1, 1, 1, 1, 1, 1], 'G': [1, 1, 1, 1, 1, 0, 1, 1, 0, 1], 'H': [1, 1, 1, 1, 1, 1, 1, 1, 1, 1], 'I': [1, 1, 0, 1, 1, 1, 1, 1, 1, 1], 'J': [1, 1, 1, 1, 1, 0, 1, 1, 1, 1], 'K': [0, 1, 1, 1, 1, 1, 1, 1, 1, 0]}, '东门南侧': {'A': [1, 0, 1, 1, 1, 1, 1, 1, 1, 1], 'B': [0, 0, 0, 0, 0, 0, 0, 0, 0, 0]}, '西门北侧': {'A': [1, 1, 1, 1, 1, 1, 1, 1, 1, 1], 'B': [1, 1, 1, 1, 1, 1, 1, 1, 1, 1], 'C': [1, 1, 1, 1, 1, 1, 1, 1, 1, 1]}, '西门南侧': {'A': [0, 1, 1, 1, 1, 1, 1, 1, 1, 1], 'B': [1, 1, 1, 1, 1, 1, 1, 1, 1, 1], 'C': [1, 1, 1, 1, 1, 1, 1, 1, 1, 1]}, '南门西侧': {'A': [1, 1, 1, 1, 1, 1, 1, 1, 1, 1], 'B': [1, 1, 1, 1, 0, 1, 1, 1, 1, 1]}, '南门东侧': {'A': [1, 1, 1, 1, 1, 1, 1, 1, 1, 1], 'B': [1, 1, 1, 1, 1, 1, 1, 1, 1, 1]}, '北门东北侧': {'A': [1, 1, 1, 1, 1, 1, 1, 1, 1, 1], 'B': [1, 1, 1, 1, 1, 1, 1, 1, 1, 1], 'C': [1, 1, 1, 1, 1, 1, 1, 1, 1, 1], 'D': [1, 1, 1, 1, 1, 0, 1, 0, 1, 1]}, '北门东南侧': {'A': [1, 1, 1, 1, 1, 1, 1, 1, 1, 1], 'B': [0, 1, 1, 1, 1, 1, 1, 1, 1, 1], 'C': [1, 1, 1, 1, 1, 1, 1, 1, 0, 1], 'D': [1, 1, 0, 1, 1, 1, 1, 1, 1, 1], 'E': [1, 1, 1, 1, 1, 1, 1, 1, 1, 1], 'F': [1, 1, 1, 1, 1, 1, 1, 1, 1, 1]}, '橘园北侧南': {'A': [1, 1, 1, 1, 1, 1, 1, 1, 1, 1], 'B': [0, 1, 0, 1, 1, 0, 1, 1, 1, 1], 'C': [0, 0, 1, 1, 1, 1, 1, 1, 1, 1], 'D': [1, 1, 1, 1, 1, 0, 1, 1, 1, 1], 'E': [1, 1, 1, 0, 1, 1, 1, 1, 1, 1], 'F': [1, 1, 1, 1, 0, 1, 0, 1, 1, 1], 'G': [1, 1, 1, 1, 1, 1, 1, 1, 1, 1], 'H': [1, 1, 1, 1, 1, 1, 1, 1, 1, 1], 'I': [1, 1, 0, 1, 1, 0, 1, 1, 1, 1], 'J': [1, 1, 0, 1, 1, 1, 1, 1, 1, 0]}, '校医院西': {'A': [1, 1, 1, 1, 1, 1, 1, 1, 1, 1], 'B': [1, 1, 1, 1, 1, 1, 1, 1, 1, 1], 'C': [1, 1, 1, 1, 1, 1, 1, 1, 1, 1], 'D': [1, 1, 1, 1, 1, 1, 1, 1, 1, 1], 'E': [1, 1, 1, 1, 1, 1, 1, 1, 1, 1], 'F': [1, 1, 1, 1, 0, 1, 1, 1, 1, 1], 'G': [1, 1, 1, 1, 1, 1, 1, 1, 1, 1], 'H': [1, 1, 1, 1, 1, 0, 1, 1, 0, 0], 'I': [1, 1, 1, 1, 1, 1, 0, 0, 1, 1]}}
623371	2024-07-13 06:56:23.921000+08:00	2024-07-13 06:56:23.921000+08:00	{'东门北侧': {'A': [1, 1, 1, 1, 1, 1, 1, 1, 1, 1], 'B': [1, 1, 1, 1, 1, 1, 1, 1, 1, 1], 'C': [1, 1, 1, 1, 1, 1, 1, 1, 1, 0], 'D': [1, 0, 1, 1, 1, 0, 1, 1, 1, 1], 'E': [1, 1, 0, 0, 1, 1, 1, 1, 1, 1], 'F': [0, 1, 1, 1, 1, 1, 1, 1, 1, 1], 'G': [1, 1, 1, 1, 1, 0, 1, 1, 0, 1], 'H': [1, 1, 1, 1, 1, 1, 1, 1, 1, 1], 'I': [1, 1, 0, 1, 1, 1, 1, 1, 1, 1], 'J': [1, 1, 1, 1, 1, 0, 1, 1, 1, 1], 'K': [0, 1, 1, 1, 1, 1, 1, 1, 1, 0]}, '东门南侧': {'A': [1, 0, 1, 1, 1, 1, 1, 1, 1, 1], 'B': [0, 0, 0, 0, 0, 0, 0, 0, 0, 0]}, '西门北侧': {'A': [1, 1, 1, 1, 1, 1, 1, 1, 1, 1], 'B': [1, 1, 1, 1, 1, 1, 1, 1, 1, 1], 'C': [1, 1, 1, 1, 1, 1, 1, 1, 1, 1]}, '西门南侧': {'A': [0, 1, 1, 1, 1, 1, 1, 1, 1, 1], 'B': [1, 1, 1, 1, 1, 1, 1, 1, 1, 1], 'C': [1, 1, 1, 1, 1, 1, 1, 1, 1, 1]}, '南门西侧': {'A': [1, 1, 1, 1, 1, 1, 1, 1, 1, 1], 'B': [1, 1, 1, 1, 0, 1, 1, 1, 1, 1]}, '南门东侧': {'A': [1, 1, 1, 1, 1, 1, 1, 1, 1, 1], 'B': [1, 1, 1, 1, 1, 1, 1, 1, 1, 1]}, '北门东北侧': {'A': [1, 1, 1, 1, 1, 1, 1, 1, 1, 1], 'B': [1, 1, 1, 1, 1, 1, 1, 1, 1, 1], 'C': [1, 1, 1, 1, 1, 1, 1, 1, 1, 1], 'D': [1, 1, 1, 1, 1, 0, 1, 0, 1, 1]}, '北门东南侧': {'A': [1, 1, 1, 1, 1, 1, 1, 1, 1, 1], 'B': [0, 1, 1, 1, 1, 1, 1, 1, 1, 1], 'C': [1, 1, 1, 1, 1, 1, 1, 1, 0, 1], 'D': [1, 1, 0, 1, 1, 1, 1, 1, 1, 1], 'E': [1, 1, 1, 1, 1, 1, 1, 1, 1, 1], 'F': [1, 1, 1, 1, 1, 1, 1, 1, 1, 1]}, '橘园北侧南': {'A': [1, 1, 1, 1, 1, 1, 1, 1, 1, 1], 'B': [0, 1, 0, 1, 1, 0, 1, 1, 1, 1], 'C': [0, 0, 1, 1, 1, 1, 1, 1, 1, 1], 'D': [1, 1, 1, 1, 1, 0, 1, 1, 1, 1], 'E': [1, 1, 1, 0, 1, 1, 1, 1, 1, 1], 'F': [1, 1, 1, 1, 0, 1, 0, 1, 1, 1], 'G': [1, 1, 1, 1, 1, 1, 1, 1, 1, 1], 'H': [1, 1, 1, 1, 1, 1, 1, 1, 1, 1], 'I': [1, 1, 0, 1, 1, 0, 1, 1, 1, 1], 'J': [1, 1, 0, 1, 1, 1, 1, 1, 1, 0]}, '校医院西': {'A': [1, 1, 1, 1, 1, 1, 1, 1, 1, 1], 'B': [1, 1, 1, 1, 1, 1, 1, 1, 1, 1], 'C': [1, 1, 1, 1, 1, 1, 1, 1, 1, 1], 'D': [1, 1, 1, 1, 1, 1, 1, 1, 1, 1], 'E': [1, 1, 1, 1, 1, 1, 1, 1, 1, 1], 'F': [1, 1, 1, 1, 0, 1, 1, 1, 1, 1], 'G': [1, 1, 1, 1, 1, 1, 1, 1, 1, 1], 'H': [1, 1, 1, 1, 1, 0, 1, 1, 0, 0], 'I': [1, 1, 1, 1, 1, 1, 0, 0, 1, 1]}}
623372	2024-07-13 06:57:20.877000+08:00	2024-07-13 06:57:20.877000+08:00	{'东门北侧': {'A': [1, 1, 1, 1, 1, 1, 1, 1, 1, 1], 'B': [1, 1, 1, 1, 1, 1, 1, 1, 1, 1], 'C': [1, 1, 1, 1, 1, 1, 1, 1, 1, 0], 'D': [1, 0, 1, 1, 1, 0, 1, 1, 1, 1], 'E': [1, 1, 0, 0, 1, 1, 1, 1, 1, 1], 'F': [0, 1, 1, 1, 1, 1, 1, 1, 1, 1], 'G': [1, 1, 1, 1, 1, 0, 1, 1, 0, 1], 'H': [1, 1, 1, 1, 1, 1, 1, 1, 1, 1], 'I': [1, 1, 0, 1, 1, 1, 1, 1, 1, 1], 'J': [1, 1, 1, 1, 1, 0, 1, 1, 1, 1], 'K': [0, 1, 1, 1, 1, 1, 1, 1, 1, 0]}, '东门南侧': {'A': [1, 0, 1, 1, 1, 1, 1, 1, 1, 1], 'B': [0, 0, 0, 0, 0, 0, 0, 0, 0, 0]}, '西门北侧': {'A': [1, 1, 1, 1, 1, 1, 1, 1, 1, 1], 'B': [1, 1, 1, 1, 1, 1, 1, 1, 1, 1], 'C': [1, 1, 1, 1, 1, 1, 1, 1, 1, 1]}, '西门南侧': {'A': [0, 1, 1, 1, 1, 1, 1, 1, 1, 1], 'B': [1, 1, 1, 1, 1, 1, 1, 1, 1, 1], 'C': [1, 1, 1, 1, 1, 1, 1, 1, 1, 1]}, '南门西侧': {'A': [1, 1, 1, 1, 1, 1, 1, 1, 1, 1], 'B': [1, 1, 1, 1, 0, 1, 1, 1, 1, 1]}, '南门东侧': {'A': [1, 1, 1, 1, 1, 1, 1, 1, 1, 1], 'B': [1, 1, 1, 1, 1, 1, 1, 1, 1, 1]}, '北门东北侧': {'A': [1, 1, 1, 1, 1, 1, 1, 1, 1, 1], 'B': [1, 1, 1, 1, 1, 1, 1, 1, 1, 1], 'C': [1, 1, 1, 1, 1, 1, 1, 1, 1, 1], 'D': [1, 1, 1, 1, 1, 0, 1, 0, 1, 1]}, '北门东南侧': {'A': [1, 1, 1, 1, 1, 1, 1, 1, 1, 1], 'B': [0, 1, 1, 1, 1, 1, 1, 1, 1, 1], 'C': [1, 1, 1, 1, 1, 1, 1, 1, 0, 1], 'D': [1, 1, 0, 1, 1, 1, 1, 1, 1, 1], 'E': [1, 1, 1, 1, 1, 1, 1, 1, 1, 1], 'F': [1, 1, 1, 1, 1, 1, 1, 1, 1, 1]}, '橘园北侧南': {'A': [1, 1, 1, 1, 1, 1, 1, 1, 1, 1], 'B': [0, 1, 0, 1, 1, 0, 1, 1, 1, 1], 'C': [0, 0, 1, 1, 1, 1, 1, 1, 1, 1], 'D': [1, 1, 1, 1, 1, 0, 1, 1, 1, 1], 'E': [1, 1, 1, 0, 1, 1, 1, 1, 1, 1], 'F': [1, 1, 1, 1, 0, 1, 0, 1, 1, 1], 'G': [1, 1, 1, 1, 1, 1, 1, 1, 1, 1], 'H': [1, 1, 1, 1, 1, 1, 1, 1, 1, 1], 'I': [1, 1, 0, 1, 1, 0, 1, 1, 1, 1], 'J': [1, 1, 0, 1, 1, 1, 1, 1, 1, 0]}, '校医院西': {'A': [1, 1, 1, 1, 1, 1, 1, 1, 1, 1], 'B': [1, 1, 1, 1, 1, 1, 1, 1, 1, 1], 'C': [1, 1, 1, 1, 1, 1, 1, 1, 1, 1], 'D': [1, 1, 1, 1, 1, 1, 1, 1, 1, 1], 'E': [1, 1, 1, 1, 1, 1, 1, 1, 1, 1], 'F': [1, 1, 1, 1, 0, 1, 1, 1, 1, 1], 'G': [1, 1, 1, 1, 1, 1, 1, 1, 1, 1], 'H': [1, 1, 1, 1, 1, 0, 1, 1, 0, 0], 'I': [1, 1, 1, 1, 1, 1, 0, 0, 1, 1]}}
623373	2024-07-13 06:58:20.874000+08:00	2024-07-13 06:58:20.874000+08:00	{'东门北侧': {'A': [1, 1, 1, 1, 1, 1, 1, 1, 1, 1], 'B': [1, 1, 1, 1, 1, 1, 1, 1, 1, 1], 'C': [1, 1, 1, 1, 1, 1, 1, 1, 1, 0], 'D': [1, 0, 1, 1, 1, 0, 1, 1, 1, 1], 'E': [1, 1, 0, 0, 1, 1, 1, 1, 1, 1], 'F': [0, 1, 1, 1, 1, 1, 1, 1, 1, 1], 'G': [1, 1, 1, 1, 1, 0, 1, 1, 0, 1], 'H': [1, 1, 1, 1, 1, 1, 1, 1, 1, 1], 'I': [1, 1, 0, 1, 1, 1, 1, 1, 1, 1], 'J': [1, 1, 1, 1, 1, 0, 1, 1, 1, 1], 'K': [0, 1, 1, 1, 1, 1, 1, 1, 1, 0]}, '东门南侧': {'A': [1, 0, 1, 1, 1, 1, 1, 1, 1, 1], 'B': [0, 0, 0, 0, 0, 0, 0, 0, 0, 0]}, '西门北侧': {'A': [1, 1, 1, 1, 1, 1, 1, 1, 1, 1], 'B': [1, 1, 1, 1, 1, 1, 1, 1, 1, 1], 'C': [1, 1, 1, 1, 1, 1, 1, 1, 1, 1]}, '西门南侧': {'A': [0, 1, 1, 1, 1, 1, 1, 1, 1, 1], 'B': [1, 1, 1, 1, 1, 1, 1, 1, 1, 1], 'C': [1, 1, 1, 1, 1, 1, 1, 1, 1, 1]}, '南门西侧': {'A': [1, 1, 1, 1, 1, 1, 1, 1, 1, 1], 'B': [1, 1, 1, 1, 0, 1, 1, 1, 1, 1]}, '南门东侧': {'A': [1, 1, 1, 1, 1, 1, 1, 1, 1, 1], 'B': [1, 1, 1, 1, 1, 1, 1, 1, 1, 1]}, '北门东北侧': {'A': [1, 1, 1, 1, 1, 1, 1, 1, 1, 1], 'B': [1, 1, 1, 1, 1, 1, 1, 1, 1, 1], 'C': [1, 1, 1, 1, 1, 1, 1, 1, 1, 1], 'D': [1, 1, 1, 1, 1, 0, 1, 0, 1, 1]}, '北门东南侧': {'A': [1, 1, 1, 1, 1, 1, 1, 1, 1, 1], 'B': [0, 1, 1, 1, 1, 1, 1, 1, 1, 1], 'C': [1, 1, 1, 1, 1, 1, 1, 1, 0, 1], 'D': [1, 1, 0, 1, 1, 1, 1, 1, 1, 1], 'E': [1, 1, 1, 1, 1, 1, 1, 1, 1, 1], 'F': [1, 1, 1, 1, 1, 1, 1, 1, 1, 1]}, '橘园北侧南': {'A': [1, 1, 1, 1, 1, 1, 1, 1, 1, 1], 'B': [0, 1, 0, 1, 1, 0, 1, 1, 1, 1], 'C': [0, 0, 1, 1, 1, 1, 1, 1, 1, 1], 'D': [1, 1, 1, 1, 1, 0, 1, 1, 1, 1], 'E': [1, 1, 1, 0, 1, 1, 1, 1, 1, 1], 'F': [1, 1, 1, 1, 0, 1, 0, 1, 1, 1], 'G': [1, 1, 1, 1, 1, 1, 1, 1, 1, 1], 'H': [1, 1, 1, 1, 1, 1, 1, 1, 1, 1], 'I': [1, 1, 0, 1, 1, 0, 1, 1, 1, 1], 'J': [1, 1, 0, 1, 1, 1, 1, 1, 1, 0]}, '校医院西': {'A': [1, 1, 1, 1, 1, 1, 1, 1, 1, 1], 'B': [1, 1, 1, 1, 1, 1, 1, 1, 1, 1], 'C': [1, 1, 1, 1, 1, 1, 1, 1, 1, 1], 'D': [1, 1, 1, 1, 1, 1, 1, 1, 1, 1], 'E': [1, 1, 1, 1, 1, 1, 1, 1, 1, 1], 'F': [1, 1, 1, 1, 0, 1, 1, 1, 1, 1], 'G': [1, 1, 1, 1, 1, 1, 1, 1, 1, 1], 'H': [1, 1, 1, 1, 1, 0, 1, 1, 0, 0], 'I': [1, 1, 1, 1, 1, 1, 0, 0, 1, 1]}}
623374	2024-07-13 06:59:20.874000+08:00	2024-07-13 06:59:20.874000+08:00	{'东门北侧': {'A': [1, 1, 1, 1, 1, 1, 1, 1, 1, 1], 'B': [1, 1, 1, 1, 1, 1, 1, 1, 1, 1], 'C': [1, 1, 1, 1, 1, 1, 1, 1, 1, 0], 'D': [1, 0, 1, 1, 1, 0, 1, 1, 1, 1], 'E': [1, 1, 0, 0, 1, 1, 1, 1, 1, 1], 'F': [0, 1, 1, 1, 1, 1, 1, 1, 1, 1], 'G': [1, 1, 1, 1, 1, 0, 1, 1, 0, 1], 'H': [1, 1, 1, 1, 1, 1, 1, 1, 1, 1], 'I': [1, 1, 0, 1, 1, 1, 1, 1, 1, 1], 'J': [1, 1, 1, 1, 1, 0, 1, 1, 1, 1], 'K': [0, 1, 1, 1, 1, 1, 1, 1, 1, 0]}, '东门南侧': {'A': [1, 0, 1, 1, 1, 1, 1, 1, 1, 1], 'B': [0, 0, 0, 0, 0, 0, 0, 0, 0, 0]}, '西门北侧': {'A': [1, 1, 1, 1, 1, 1, 1, 1, 1, 1], 'B': [1, 1, 1, 1, 1, 1, 1, 1, 1, 1], 'C': [1, 1, 1, 1, 1, 1, 1, 1, 1, 1]}, '西门南侧': {'A': [0, 1, 1, 1, 1, 1, 1, 1, 1, 1], 'B': [1, 1, 1, 1, 1, 1, 1, 1, 1, 1], 'C': [1, 1, 1, 1, 1, 1, 1, 1, 1, 1]}, '南门西侧': {'A': [1, 1, 1, 1, 1, 1, 1, 1, 1, 1], 'B': [1, 1, 1, 1, 0, 1, 1, 1, 1, 1]}, '南门东侧': {'A': [1, 1, 1, 1, 1, 1, 1, 1, 1, 1], 'B': [1, 1, 1, 1, 1, 1, 1, 1, 1, 1]}, '北门东北侧': {'A': [1, 1, 1, 1, 1, 1, 1, 1, 1, 1], 'B': [1, 1, 1, 1, 1, 1, 1, 1, 1, 1], 'C': [1, 1, 1, 1, 1, 1, 1, 1, 1, 1], 'D': [1, 1, 1, 1, 1, 0, 1, 0, 1, 1]}, '北门东南侧': {'A': [1, 1, 1, 1, 1, 1, 1, 1, 1, 1], 'B': [0, 1, 1, 1, 1, 1, 1, 1, 1, 1], 'C': [1, 1, 1, 1, 1, 1, 1, 1, 0, 1], 'D': [1, 1, 0, 1, 1, 1, 1, 1, 1, 1], 'E': [1, 1, 1, 1, 1, 1, 1, 1, 1, 1], 'F': [1, 1, 1, 1, 1, 1, 1, 1, 1, 1]}, '橘园北侧南': {'A': [1, 1, 1, 1, 1, 1, 1, 1, 1, 1], 'B': [0, 1, 0, 1, 1, 0, 1, 1, 1, 1], 'C': [0, 0, 1, 1, 1, 1, 1, 1, 1, 1], 'D': [1, 1, 1, 1, 1, 0, 1, 1, 1, 1], 'E': [1, 1, 1, 0, 1, 1, 1, 1, 1, 1], 'F': [1, 1, 1, 1, 0, 1, 0, 1, 1, 1], 'G': [1, 1, 1, 1, 1, 1, 1, 1, 1, 1], 'H': [1, 1, 1, 1, 1, 1, 1, 1, 1, 1], 'I': [1, 1, 0, 1, 1, 0, 1, 1, 1, 1], 'J': [1, 1, 0, 1, 1, 1, 1, 1, 1, 0]}, '校医院西': {'A': [1, 1, 1, 1, 1, 1, 1, 1, 1, 1], 'B': [1, 1, 1, 1, 1, 1, 1, 1, 1, 1], 'C': [1, 1, 1, 1, 1, 1, 1, 1, 1, 1], 'D': [1, 1, 1, 1, 1, 1, 1, 1, 1, 1], 'E': [1, 1, 1, 1, 1, 1, 1, 1, 1, 1], 'F': [1, 1, 1, 1, 0, 1, 1, 1, 1, 1], 'G': [1, 1, 1, 1, 1, 1, 1, 1, 1, 1], 'H': [1, 1, 1, 1, 1, 0, 1, 1, 0, 0], 'I': [1, 1, 1, 1, 1, 1, 0, 0, 1, 1]}}
623375	2024-07-13 07:00:21.684000+08:00	2024-07-13 07:00:21.684000+08:00	{'东门北侧': {'A': [1, 1, 1, 1, 1, 1, 1, 1, 1, 1], 'B': [1, 1, 1, 1, 1, 1, 1, 1, 1, 1], 'C': [1, 1, 1, 1, 1, 1, 1, 1, 1, 0], 'D': [1, 0, 1, 1, 1, 0, 1, 1, 1, 1], 'E': [1, 1, 0, 0, 1, 1, 1, 1, 1, 1], 'F': [0, 1, 1, 1, 1, 1, 1, 1, 1, 1], 'G': [1, 1, 1, 1, 1, 0, 1, 1, 0, 1], 'H': [1, 1, 1, 1, 1, 1, 1, 1, 1, 1], 'I': [1, 1, 0, 1, 1, 1, 1, 1, 1, 1], 'J': [1, 1, 1, 1, 1, 0, 1, 1, 1, 1], 'K': [0, 1, 1, 1, 1, 1, 1, 1, 1, 0]}, '东门南侧': {'A': [1, 0, 1, 1, 1, 1, 1, 1, 1, 1], 'B': [0, 0, 0, 0, 0, 0, 0, 0, 0, 0]}, '西门北侧': {'A': [1, 1, 1, 1, 1, 1, 1, 1, 1, 1], 'B': [1, 1, 1, 1, 1, 1, 1, 1, 1, 1], 'C': [1, 1, 1, 1, 1, 1, 1, 1, 1, 1]}, '西门南侧': {'A': [0, 1, 1, 1, 1, 1, 1, 1, 1, 1], 'B': [1, 1, 1, 1, 1, 1, 1, 1, 1, 1], 'C': [1, 1, 1, 1, 1, 1, 1, 1, 1, 1]}, '南门西侧': {'A': [1, 1, 1, 1, 1, 1, 1, 1, 1, 1], 'B': [1, 1, 1, 1, 0, 1, 1, 1, 1, 1]}, '南门东侧': {'A': [1, 1, 1, 1, 1, 1, 1, 1, 1, 1], 'B': [1, 1, 1, 1, 1, 1, 1, 1, 1, 1]}, '北门东北侧': {'A': [1, 1, 1, 1, 1, 1, 1, 1, 1, 1], 'B': [1, 1, 1, 1, 1, 1, 1, 1, 1, 1], 'C': [1, 1, 1, 1, 1, 1, 1, 1, 1, 1], 'D': [1, 1, 1, 1, 1, 0, 1, 0, 1, 1]}, '北门东南侧': {'A': [1, 1, 1, 1, 1, 1, 1, 1, 1, 1], 'B': [0, 1, 1, 1, 1, 1, 1, 1, 1, 1], 'C': [1, 1, 1, 1, 1, 1, 1, 1, 0, 1], 'D': [1, 1, 0, 1, 1, 1, 1, 1, 1, 1], 'E': [1, 1, 1, 1, 1, 1, 1, 1, 1, 1], 'F': [1, 1, 1, 1, 1, 1, 1, 1, 1, 1]}, '橘园北侧南': {'A': [1, 1, 1, 1, 1, 1, 1, 1, 1, 1], 'B': [0, 1, 0, 1, 1, 0, 1, 1, 1, 1], 'C': [0, 0, 1, 1, 1, 1, 1, 1, 1, 1], 'D': [1, 1, 1, 1, 1, 0, 1, 1, 1, 1], 'E': [1, 1, 1, 0, 1, 1, 1, 1, 1, 1], 'F': [1, 1, 1, 1, 0, 1, 0, 1, 1, 1], 'G': [1, 1, 1, 1, 1, 1, 1, 1, 1, 1], 'H': [1, 1, 1, 1, 1, 1, 1, 1, 1, 1], 'I': [1, 1, 0, 1, 1, 0, 1, 1, 1, 1], 'J': [1, 1, 0, 1, 1, 1, 1, 1, 1, 0]}, '校医院西': {'A': [1, 1, 1, 1, 1, 1, 1, 1, 1, 1], 'B': [1, 1, 1, 1, 1, 1, 1, 1, 1, 1], 'C': [1, 1, 1, 1, 1, 1, 1, 1, 1, 1], 'D': [1, 1, 1, 1, 1, 1, 1, 1, 1, 1], 'E': [1, 1, 1, 1, 1, 1, 1, 1, 1, 1], 'F': [1, 1, 1, 1, 0, 1, 1, 1, 1, 1], 'G': [1, 1, 1, 1, 1, 1, 1, 1, 1, 1], 'H': [1, 1, 1, 1, 1, 0, 1, 1, 0, 0], 'I': [1, 1, 1, 1, 1, 1, 0, 0, 1, 1]}}
623376	2024-07-13 07:01:20.851000+08:00	2024-07-13 07:01:20.851000+08:00	{'东门北侧': {'A': [1, 1, 1, 1, 1, 1, 1, 1, 1, 1], 'B': [1, 1, 1, 1, 1, 1, 1, 1, 1, 1], 'C': [1, 1, 1, 1, 1, 1, 1, 1, 1, 0], 'D': [1, 0, 1, 1, 1, 0, 1, 1, 1, 1], 'E': [1, 1, 0, 0, 1, 1, 1, 1, 1, 1], 'F': [0, 1, 1, 1, 1, 1, 1, 1, 1, 1], 'G': [1, 1, 1, 1, 1, 0, 1, 1, 0, 1], 'H': [1, 1, 1, 1, 1, 1, 1, 1, 1, 1], 'I': [1, 1, 0, 1, 1, 1, 1, 1, 1, 1], 'J': [1, 1, 1, 1, 1, 0, 1, 1, 1, 1], 'K': [0, 1, 1, 1, 1, 1, 1, 1, 1, 0]}, '东门南侧': {'A': [1, 0, 1, 1, 1, 1, 1, 1, 1, 1], 'B': [0, 0, 0, 0, 0, 0, 0, 0, 0, 0]}, '西门北侧': {'A': [1, 1, 1, 1, 1, 1, 1, 1, 1, 1], 'B': [1, 1, 1, 1, 1, 1, 1, 1, 1, 1], 'C': [1, 1, 1, 1, 1, 1, 1, 1, 1, 1]}, '西门南侧': {'A': [0, 1, 1, 1, 1, 1, 1, 1, 1, 1], 'B': [1, 1, 1, 1, 1, 1, 1, 1, 1, 1], 'C': [1, 1, 1, 1, 1, 1, 1, 1, 1, 1]}, '南门西侧': {'A': [1, 1, 1, 1, 1, 1, 1, 1, 1, 1], 'B': [1, 1, 1, 1, 0, 1, 1, 1, 1, 1]}, '南门东侧': {'A': [1, 1, 1, 1, 1, 1, 1, 1, 1, 1], 'B': [1, 1, 1, 1, 1, 1, 1, 1, 1, 1]}, '北门东北侧': {'A': [1, 1, 1, 1, 1, 1, 1, 1, 1, 1], 'B': [1, 1, 1, 1, 1, 1, 1, 1, 1, 1], 'C': [1, 1, 1, 1, 1, 1, 1, 1, 1, 1], 'D': [1, 1, 1, 1, 1, 0, 1, 0, 1, 1]}, '北门东南侧': {'A': [1, 1, 1, 1, 1, 1, 1, 1, 1, 1], 'B': [0, 1, 1, 1, 1, 1, 1, 1, 1, 1], 'C': [1, 1, 1, 1, 1, 1, 1, 1, 0, 1], 'D': [1, 1, 0, 1, 1, 1, 1, 1, 1, 1], 'E': [1, 1, 1, 1, 1, 1, 1, 1, 1, 1], 'F': [1, 1, 1, 1, 1, 1, 1, 1, 1, 1]}, '橘园北侧南': {'A': [1, 1, 1, 1, 1, 1, 1, 1, 1, 1], 'B': [0, 1, 0, 1, 1, 0, 1, 1, 1, 1], 'C': [0, 0, 1, 1, 1, 1, 1, 1, 1, 1], 'D': [1, 1, 1, 1, 1, 0, 1, 1, 1, 1], 'E': [1, 1, 1, 0, 1, 1, 1, 1, 1, 1], 'F': [1, 1, 1, 1, 0, 1, 0, 1, 1, 1], 'G': [1, 1, 1, 1, 1, 1, 1, 1, 1, 1], 'H': [1, 1, 1, 1, 1, 1, 1, 1, 1, 1], 'I': [1, 1, 0, 1, 1, 0, 1, 1, 1, 1], 'J': [1, 1, 0, 1, 1, 1, 1, 1, 1, 0]}, '校医院西': {'A': [1, 1, 1, 1, 1, 1, 1, 1, 1, 1], 'B': [1, 1, 1, 1, 1, 1, 1, 1, 1, 1], 'C': [1, 1, 1, 1, 1, 1, 1, 1, 1, 1], 'D': [1, 1, 1, 1, 1, 1, 1, 1, 1, 1], 'E': [1, 1, 1, 1, 1, 1, 1, 1, 1, 1], 'F': [1, 1, 1, 1, 0, 1, 1, 1, 1, 1], 'G': [1, 1, 1, 1, 1, 1, 1, 1, 1, 1], 'H': [1, 1, 1, 1, 1, 0, 1, 1, 0, 0], 'I': [1, 1, 1, 1, 1, 1, 0, 0, 1, 1]}}
623377	2024-07-13 07:02:20.871000+08:00	2024-07-13 07:02:20.871000+08:00	{'东门北侧': {'A': [1, 1, 1, 1, 1, 1, 1, 1, 1, 1], 'B': [1, 1, 1, 1, 1, 1, 1, 1, 1, 1], 'C': [1, 1, 1, 1, 1, 1, 1, 1, 1, 0], 'D': [1, 0, 1, 1, 1, 0, 1, 1, 1, 1], 'E': [1, 1, 0, 0, 1, 1, 1, 1, 1, 1], 'F': [0, 1, 1, 1, 1, 1, 1, 1, 1, 1], 'G': [1, 1, 1, 1, 1, 0, 1, 1, 0, 1], 'H': [1, 1, 1, 1, 1, 1, 1, 1, 1, 1], 'I': [1, 1, 0, 1, 1, 1, 1, 1, 1, 1], 'J': [1, 1, 1, 1, 1, 0, 1, 1, 1, 1], 'K': [0, 1, 1, 1, 1, 1, 1, 1, 1, 0]}, '东门南侧': {'A': [1, 0, 1, 1, 1, 1, 1, 1, 1, 1], 'B': [0, 0, 0, 0, 0, 0, 0, 0, 0, 0]}, '西门北侧': {'A': [1, 1, 1, 1, 1, 1, 1, 1, 1, 1], 'B': [1, 1, 1, 1, 1, 1, 1, 1, 1, 1], 'C': [1, 1, 1, 1, 1, 1, 1, 1, 1, 1]}, '西门南侧': {'A': [0, 1, 1, 1, 1, 1, 1, 1, 1, 1], 'B': [1, 1, 1, 1, 1, 1, 1, 1, 1, 1], 'C': [1, 1, 1, 1, 1, 1, 1, 1, 1, 1]}, '南门西侧': {'A': [1, 1, 1, 1, 1, 1, 1, 1, 1, 1], 'B': [1, 1, 1, 1, 0, 1, 1, 1, 1, 1]}, '南门东侧': {'A': [1, 1, 1, 1, 1, 1, 1, 1, 1, 1], 'B': [1, 1, 1, 1, 1, 1, 1, 1, 1, 1]}, '北门东北侧': {'A': [1, 1, 1, 1, 1, 1, 1, 1, 1, 1], 'B': [1, 1, 1, 1, 1, 1, 1, 1, 1, 1], 'C': [1, 1, 1, 1, 1, 1, 1, 1, 1, 1], 'D': [1, 1, 1, 1, 1, 0, 1, 0, 1, 1]}, '北门东南侧': {'A': [1, 1, 1, 1, 1, 1, 1, 1, 1, 1], 'B': [0, 1, 1, 1, 1, 1, 1, 1, 1, 1], 'C': [1, 1, 1, 1, 1, 1, 1, 1, 0, 1], 'D': [1, 1, 0, 1, 1, 1, 1, 1, 1, 1], 'E': [1, 1, 1, 1, 1, 1, 1, 1, 1, 1], 'F': [1, 1, 1, 1, 1, 1, 1, 1, 1, 1]}, '橘园北侧南': {'A': [1, 1, 1, 1, 1, 1, 1, 1, 1, 1], 'B': [0, 1, 0, 1, 1, 0, 1, 1, 1, 1], 'C': [0, 0, 1, 1, 1, 1, 1, 1, 1, 1], 'D': [1, 1, 1, 1, 1, 0, 1, 1, 1, 1], 'E': [1, 1, 1, 0, 1, 1, 1, 1, 1, 1], 'F': [1, 1, 1, 1, 0, 1, 0, 1, 1, 1], 'G': [1, 1, 1, 1, 1, 1, 1, 1, 1, 1], 'H': [1, 1, 1, 1, 1, 1, 1, 1, 1, 1], 'I': [1, 1, 0, 1, 1, 0, 1, 1, 1, 1], 'J': [1, 1, 0, 1, 1, 1, 1, 1, 1, 0]}, '校医院西': {'A': [1, 1, 1, 1, 1, 1, 1, 1, 1, 1], 'B': [1, 1, 1, 1, 1, 1, 1, 1, 1, 1], 'C': [1, 1, 1, 1, 1, 1, 1, 1, 1, 1], 'D': [1, 1, 1, 1, 1, 1, 1, 1, 1, 1], 'E': [1, 1, 1, 1, 1, 1, 1, 1, 1, 1], 'F': [1, 1, 1, 1, 0, 1, 1, 1, 1, 1], 'G': [1, 1, 1, 1, 1, 1, 1, 1, 1, 1], 'H': [1, 1, 1, 1, 1, 0, 1, 1, 0, 0], 'I': [1, 1, 1, 1, 1, 1, 0, 0, 1, 1]}}
623378	2024-07-13 07:03:21.109000+08:00	2024-07-13 07:03:21.109000+08:00	{'东门北侧': {'A': [1, 1, 1, 1, 1, 1, 1, 1, 1, 1], 'B': [1, 1, 1, 1, 1, 1, 1, 1, 1, 1], 'C': [1, 1, 1, 1, 1, 1, 1, 1, 1, 0], 'D': [1, 0, 1, 1, 1, 0, 1, 1, 1, 1], 'E': [1, 1, 0, 0, 1, 1, 1, 1, 1, 1], 'F': [0, 1, 1, 1, 1, 1, 1, 1, 1, 1], 'G': [1, 1, 1, 1, 1, 0, 1, 1, 0, 1], 'H': [1, 1, 1, 1, 1, 1, 1, 1, 1, 1], 'I': [1, 1, 0, 1, 1, 1, 1, 1, 1, 1], 'J': [1, 1, 1, 1, 1, 0, 1, 1, 1, 1], 'K': [0, 1, 1, 1, 1, 1, 1, 1, 1, 0]}, '东门南侧': {'A': [1, 0, 1, 1, 1, 1, 1, 1, 1, 1], 'B': [0, 0, 0, 0, 0, 0, 0, 0, 0, 0]}, '西门北侧': {'A': [1, 1, 1, 1, 1, 1, 1, 1, 1, 1], 'B': [1, 1, 1, 1, 1, 1, 1, 1, 1, 1], 'C': [1, 1, 1, 1, 1, 1, 1, 1, 1, 1]}, '西门南侧': {'A': [0, 1, 1, 1, 1, 1, 1, 1, 1, 1], 'B': [1, 1, 1, 1, 1, 1, 1, 1, 1, 1], 'C': [1, 1, 1, 1, 1, 1, 1, 1, 1, 1]}, '南门西侧': {'A': [1, 1, 1, 1, 1, 1, 1, 1, 1, 1], 'B': [1, 1, 1, 1, 0, 1, 1, 1, 1, 1]}, '南门东侧': {'A': [1, 1, 1, 1, 1, 1, 1, 1, 1, 1], 'B': [1, 1, 1, 1, 1, 1, 1, 1, 1, 1]}, '北门东北侧': {'A': [1, 1, 1, 1, 1, 1, 1, 1, 1, 1], 'B': [1, 1, 1, 1, 1, 1, 1, 1, 1, 1], 'C': [1, 1, 1, 1, 1, 1, 1, 1, 1, 1], 'D': [1, 1, 1, 1, 1, 0, 1, 0, 1, 1]}, '北门东南侧': {'A': [1, 1, 1, 1, 1, 1, 1, 1, 1, 1], 'B': [0, 1, 1, 1, 1, 1, 1, 1, 1, 1], 'C': [1, 1, 1, 1, 1, 1, 1, 1, 0, 1], 'D': [1, 1, 0, 1, 1, 1, 1, 1, 1, 1], 'E': [1, 1, 1, 1, 1, 1, 1, 1, 1, 1], 'F': [1, 1, 1, 1, 1, 1, 1, 1, 1, 1]}, '橘园北侧南': {'A': [1, 1, 1, 1, 1, 1, 1, 1, 1, 1], 'B': [0, 1, 0, 1, 1, 0, 1, 1, 1, 1], 'C': [0, 0, 1, 1, 1, 1, 1, 1, 1, 1], 'D': [1, 1, 1, 1, 1, 0, 1, 1, 1, 1], 'E': [1, 1, 1, 0, 1, 1, 1, 1, 1, 1], 'F': [1, 1, 1, 1, 0, 1, 0, 1, 1, 1], 'G': [1, 1, 1, 1, 1, 1, 1, 1, 1, 1], 'H': [1, 1, 1, 1, 1, 1, 1, 1, 1, 1], 'I': [1, 1, 0, 1, 1, 0, 1, 1, 1, 1], 'J': [1, 1, 0, 1, 1, 1, 1, 1, 1, 0]}, '校医院西': {'A': [1, 1, 1, 1, 1, 1, 1, 1, 1, 1], 'B': [1, 1, 1, 1, 1, 1, 1, 1, 1, 1], 'C': [1, 1, 1, 1, 1, 1, 1, 1, 1, 1], 'D': [1, 1, 1, 1, 0, 1, 1, 1, 1, 1], 'E': [1, 1, 1, 1, 1, 1, 1, 1, 1, 1], 'F': [1, 1, 1, 1, 0, 1, 1, 1, 1, 1], 'G': [1, 1, 1, 1, 1, 1, 1, 1, 1, 1], 'H': [1, 1, 1, 1, 1, 0, 1, 1, 0, 0], 'I': [1, 1, 1, 1, 1, 1, 0, 0, 1, 1]}}
623379	2024-07-13 07:04:21.875000+08:00	2024-07-13 07:04:21.875000+08:00	{'东门北侧': {'A': [1, 1, 1, 1, 1, 1, 1, 1, 1, 1], 'B': [1, 1, 1, 1, 1, 1, 1, 1, 1, 1], 'C': [1, 1, 1, 1, 1, 1, 1, 1, 1, 0], 'D': [1, 0, 1, 1, 1, 0, 1, 1, 1, 1], 'E': [1, 1, 0, 0, 1, 1, 1, 1, 1, 1], 'F': [0, 1, 1, 1, 1, 1, 1, 1, 1, 1], 'G': [1, 1, 1, 1, 1, 0, 1, 1, 0, 1], 'H': [1, 1, 1, 1, 1, 1, 1, 1, 1, 1], 'I': [1, 1, 0, 1, 1, 1, 1, 1, 1, 1], 'J': [1, 1, 1, 1, 1, 0, 1, 1, 1, 1], 'K': [0, 1, 1, 1, 1, 1, 1, 1, 1, 0]}, '东门南侧': {'A': [1, 0, 1, 1, 1, 1, 1, 1, 1, 1], 'B': [0, 0, 0, 0, 0, 0, 0, 0, 0, 0]}, '西门北侧': {'A': [1, 1, 1, 1, 1, 1, 1, 1, 1, 1], 'B': [1, 1, 1, 1, 1, 1, 1, 1, 1, 1], 'C': [1, 1, 1, 1, 1, 1, 1, 1, 1, 1]}, '西门南侧': {'A': [0, 1, 1, 1, 1, 1, 1, 1, 1, 1], 'B': [1, 1, 1, 1, 1, 1, 1, 1, 1, 1], 'C': [1, 1, 1, 1, 1, 1, 1, 1, 1, 1]}, '南门西侧': {'A': [1, 1, 1, 1, 1, 1, 1, 1, 1, 1], 'B': [1, 1, 1, 1, 0, 1, 1, 1, 1, 1]}, '南门东侧': {'A': [1, 1, 1, 1, 1, 1, 1, 1, 1, 1], 'B': [1, 1, 1, 1, 1, 1, 1, 1, 1, 1]}, '北门东北侧': {'A': [1, 1, 1, 1, 1, 1, 1, 1, 1, 1], 'B': [1, 1, 1, 1, 1, 1, 1, 1, 1, 1], 'C': [1, 1, 1, 1, 1, 1, 1, 1, 1, 1], 'D': [1, 1, 1, 1, 1, 0, 1, 0, 1, 1]}, '北门东南侧': {'A': [1, 1, 1, 1, 1, 1, 1, 1, 1, 1], 'B': [0, 1, 1, 1, 1, 1, 1, 1, 1, 1], 'C': [1, 1, 1, 1, 1, 1, 1, 1, 0, 1], 'D': [1, 1, 0, 1, 1, 1, 1, 1, 1, 1], 'E': [1, 1, 1, 1, 1, 1, 1, 1, 1, 1], 'F': [1, 1, 1, 1, 1, 1, 1, 1, 1, 1]}, '橘园北侧南': {'A': [1, 1, 1, 1, 1, 1, 1, 1, 1, 1], 'B': [0, 1, 0, 1, 1, 0, 1, 1, 1, 1], 'C': [0, 0, 1, 1, 1, 1, 1, 1, 1, 1], 'D': [1, 1, 1, 1, 1, 0, 1, 1, 1, 1], 'E': [1, 1, 1, 0, 1, 1, 1, 1, 1, 1], 'F': [1, 1, 1, 1, 0, 1, 0, 1, 1, 1], 'G': [1, 1, 1, 1, 1, 1, 1, 1, 1, 1], 'H': [1, 1, 1, 1, 1, 1, 1, 1, 1, 1], 'I': [1, 1, 0, 1, 1, 0, 1, 1, 1, 1], 'J': [1, 1, 0, 1, 1, 1, 1, 1, 1, 0]}, '校医院西': {'A': [1, 1, 1, 1, 1, 1, 1, 1, 1, 1], 'B': [1, 1, 1, 1, 1, 1, 1, 1, 1, 1], 'C': [1, 1, 1, 1, 1, 1, 1, 1, 1, 1], 'D': [1, 1, 1, 1, 0, 1, 1, 1, 1, 1], 'E': [1, 1, 1, 1, 1, 1, 1, 1, 1, 1], 'F': [1, 1, 1, 1, 0, 1, 1, 1, 1, 1], 'G': [1, 1, 1, 1, 1, 1, 1, 1, 1, 1], 'H': [1, 1, 1, 1, 1, 0, 1, 1, 0, 0], 'I': [1, 1, 1, 1, 1, 1, 0, 0, 1, 1]}}
623380	2024-07-13 07:05:23.854000+08:00	2024-07-13 07:05:23.854000+08:00	{'东门北侧': {'A': [1, 1, 1, 1, 1, 1, 1, 1, 1, 1], 'B': [1, 1, 1, 1, 1, 1, 1, 1, 1, 1], 'C': [1, 1, 1, 1, 1, 1, 1, 1, 1, 0], 'D': [1, 0, 1, 1, 1, 0, 1, 1, 1, 1], 'E': [1, 1, 0, 0, 1, 1, 1, 1, 1, 1], 'F': [0, 1, 1, 1, 1, 1, 1, 1, 1, 1], 'G': [1, 1, 1, 1, 1, 0, 1, 1, 0, 1], 'H': [1, 1, 1, 1, 1, 1, 1, 1, 1, 1], 'I': [1, 1, 0, 1, 1, 1, 1, 1, 1, 1], 'J': [1, 1, 1, 1, 1, 0, 1, 1, 1, 1], 'K': [0, 1, 1, 1, 1, 1, 1, 1, 1, 0]}, '东门南侧': {'A': [1, 0, 1, 1, 1, 1, 1, 1, 1, 1], 'B': [0, 0, 0, 0, 0, 0, 0, 0, 0, 0]}, '西门北侧': {'A': [1, 1, 1, 1, 1, 1, 1, 1, 1, 1], 'B': [1, 1, 1, 1, 1, 1, 1, 1, 1, 1], 'C': [1, 1, 1, 1, 1, 1, 1, 1, 1, 1]}, '西门南侧': {'A': [0, 1, 1, 1, 1, 1, 1, 1, 1, 1], 'B': [1, 1, 1, 1, 1, 1, 1, 1, 1, 1], 'C': [1, 1, 1, 1, 1, 1, 1, 1, 1, 1]}, '南门西侧': {'A': [1, 1, 1, 1, 1, 1, 1, 1, 1, 1], 'B': [1, 1, 1, 1, 0, 1, 1, 1, 1, 1]}, '南门东侧': {'A': [1, 1, 1, 1, 1, 1, 1, 1, 1, 1], 'B': [1, 1, 1, 1, 1, 1, 1, 1, 1, 1]}, '北门东北侧': {'A': [1, 1, 1, 1, 1, 1, 1, 1, 1, 1], 'B': [1, 1, 1, 1, 1, 1, 1, 1, 1, 1], 'C': [1, 1, 1, 1, 1, 1, 1, 1, 1, 1], 'D': [1, 1, 1, 1, 1, 0, 1, 0, 1, 1]}, '北门东南侧': {'A': [1, 1, 1, 1, 1, 1, 1, 1, 1, 1], 'B': [0, 1, 1, 1, 1, 1, 1, 1, 1, 1], 'C': [1, 1, 1, 1, 1, 1, 1, 1, 0, 1], 'D': [1, 1, 0, 1, 1, 1, 1, 1, 1, 1], 'E': [1, 1, 1, 1, 1, 1, 1, 1, 1, 1], 'F': [1, 1, 1, 1, 1, 1, 1, 1, 1, 1]}, '橘园北侧南': {'A': [1, 1, 1, 1, 1, 1, 1, 1, 1, 1], 'B': [0, 1, 0, 1, 1, 0, 1, 1, 1, 1], 'C': [0, 0, 1, 1, 1, 1, 1, 1, 1, 1], 'D': [1, 1, 1, 1, 1, 0, 1, 1, 1, 1], 'E': [1, 1, 1, 0, 1, 1, 1, 1, 1, 1], 'F': [1, 1, 1, 1, 0, 1, 0, 1, 1, 1], 'G': [1, 1, 1, 1, 1, 1, 1, 1, 1, 1], 'H': [1, 1, 1, 1, 1, 1, 1, 1, 1, 1], 'I': [1, 1, 0, 1, 1, 0, 1, 1, 1, 1], 'J': [1, 1, 0, 1, 1, 1, 1, 1, 1, 0]}, '校医院西': {'A': [1, 1, 1, 1, 1, 1, 1, 1, 1, 1], 'B': [1, 1, 1, 1, 1, 1, 1, 1, 1, 1], 'C': [1, 1, 1, 1, 1, 1, 1, 1, 1, 1], 'D': [1, 1, 1, 1, 0, 1, 1, 1, 1, 1], 'E': [1, 1, 1, 1, 1, 1, 1, 1, 1, 1], 'F': [1, 1, 1, 1, 0, 1, 1, 1, 1, 1], 'G': [1, 1, 1, 1, 1, 1, 1, 1, 1, 1], 'H': [1, 1, 1, 1, 1, 0, 1, 1, 0, 0], 'I': [1, 1, 1, 1, 1, 1, 0, 0, 1, 1]}}
623381	2024-07-13 07:06:21.873000+08:00	2024-07-13 07:06:21.873000+08:00	{'东门北侧': {'A': [1, 1, 1, 1, 1, 1, 1, 1, 1, 1], 'B': [1, 1, 1, 1, 1, 1, 1, 1, 1, 1], 'C': [1, 1, 1, 1, 1, 1, 1, 1, 1, 0], 'D': [1, 0, 1, 1, 1, 0, 1, 1, 1, 1], 'E': [1, 1, 0, 0, 1, 1, 1, 1, 1, 1], 'F': [0, 1, 1, 1, 1, 1, 1, 1, 1, 1], 'G': [1, 1, 1, 1, 1, 0, 1, 1, 0, 1], 'H': [1, 1, 1, 1, 1, 1, 1, 1, 1, 1], 'I': [1, 1, 0, 1, 1, 1, 1, 1, 1, 1], 'J': [1, 1, 1, 1, 1, 0, 1, 1, 1, 1], 'K': [0, 1, 1, 1, 1, 1, 1, 1, 1, 0]}, '东门南侧': {'A': [1, 0, 1, 1, 1, 1, 1, 1, 1, 1], 'B': [0, 0, 0, 0, 0, 0, 0, 0, 0, 0]}, '西门北侧': {'A': [1, 1, 1, 1, 1, 1, 1, 1, 1, 1], 'B': [1, 1, 1, 1, 1, 1, 1, 1, 1, 1], 'C': [1, 1, 1, 1, 1, 1, 1, 1, 1, 1]}, '西门南侧': {'A': [0, 1, 1, 1, 1, 1, 1, 1, 1, 1], 'B': [1, 1, 1, 1, 1, 1, 1, 1, 1, 1], 'C': [1, 1, 1, 1, 1, 1, 1, 1, 1, 1]}, '南门西侧': {'A': [1, 1, 1, 1, 1, 1, 1, 1, 1, 1], 'B': [1, 1, 1, 1, 0, 1, 1, 1, 1, 1]}, '南门东侧': {'A': [1, 1, 1, 1, 1, 1, 1, 1, 1, 1], 'B': [1, 1, 1, 1, 1, 1, 1, 1, 1, 1]}, '北门东北侧': {'A': [1, 1, 1, 1, 1, 1, 1, 1, 1, 1], 'B': [1, 1, 1, 1, 1, 1, 1, 1, 1, 1], 'C': [1, 1, 1, 1, 1, 1, 1, 1, 1, 1], 'D': [1, 1, 1, 1, 1, 0, 1, 0, 1, 1]}, '北门东南侧': {'A': [1, 1, 1, 1, 1, 1, 1, 1, 1, 1], 'B': [0, 1, 1, 1, 1, 1, 1, 1, 1, 1], 'C': [1, 1, 1, 1, 1, 1, 1, 1, 0, 1], 'D': [1, 1, 0, 1, 1, 1, 1, 1, 1, 1], 'E': [1, 1, 1, 1, 1, 1, 1, 1, 1, 1], 'F': [1, 1, 1, 1, 1, 1, 1, 1, 1, 1]}, '橘园北侧南': {'A': [1, 1, 1, 1, 1, 1, 1, 1, 1, 1], 'B': [0, 1, 0, 1, 1, 0, 1, 1, 1, 1], 'C': [0, 0, 1, 1, 1, 1, 1, 1, 1, 1], 'D': [1, 1, 1, 1, 1, 0, 1, 1, 1, 1], 'E': [1, 1, 1, 0, 1, 1, 1, 1, 1, 1], 'F': [1, 1, 1, 1, 0, 1, 0, 1, 1, 1], 'G': [1, 1, 1, 1, 1, 1, 1, 1, 1, 1], 'H': [1, 1, 1, 1, 1, 1, 1, 1, 1, 1], 'I': [1, 1, 0, 1, 1, 0, 1, 1, 1, 1], 'J': [1, 1, 0, 1, 1, 1, 1, 1, 1, 0]}, '校医院西': {'A': [1, 1, 1, 1, 1, 1, 1, 1, 1, 1], 'B': [1, 1, 1, 1, 1, 1, 1, 1, 1, 1], 'C': [1, 1, 1, 1, 1, 1, 1, 1, 1, 1], 'D': [1, 1, 1, 1, 1, 1, 1, 1, 1, 1], 'E': [1, 1, 1, 1, 1, 1, 1, 1, 1, 1], 'F': [1, 1, 1, 1, 0, 1, 1, 1, 1, 1], 'G': [1, 1, 1, 1, 1, 1, 1, 1, 1, 1], 'H': [1, 1, 1, 1, 1, 0, 1, 1, 0, 0], 'I': [1, 1, 1, 1, 1, 1, 0, 0, 1, 1]}}
623382	2024-07-13 07:07:21.879000+08:00	2024-07-13 07:07:21.879000+08:00	{'东门北侧': {'A': [1, 1, 1, 1, 1, 1, 1, 1, 1, 1], 'B': [1, 1, 1, 1, 1, 1, 1, 1, 1, 1], 'C': [1, 1, 1, 1, 1, 1, 1, 1, 1, 0], 'D': [1, 0, 1, 1, 1, 0, 1, 1, 1, 1], 'E': [1, 1, 0, 0, 1, 1, 1, 1, 1, 1], 'F': [0, 1, 1, 1, 1, 1, 1, 1, 1, 1], 'G': [1, 1, 1, 1, 1, 0, 1, 1, 0, 1], 'H': [1, 1, 1, 1, 1, 1, 1, 1, 1, 1], 'I': [1, 1, 0, 1, 1, 1, 1, 1, 1, 1], 'J': [1, 1, 1, 1, 1, 0, 1, 1, 1, 1], 'K': [0, 1, 1, 1, 1, 1, 1, 1, 1, 0]}, '东门南侧': {'A': [1, 0, 1, 1, 1, 1, 1, 1, 1, 1], 'B': [0, 0, 0, 0, 0, 0, 0, 0, 0, 0]}, '西门北侧': {'A': [1, 1, 1, 1, 1, 1, 1, 1, 1, 1], 'B': [1, 1, 1, 1, 1, 1, 1, 1, 1, 1], 'C': [1, 1, 1, 1, 1, 1, 1, 1, 1, 1]}, '西门南侧': {'A': [0, 1, 1, 1, 1, 1, 1, 1, 1, 1], 'B': [1, 1, 1, 1, 1, 1, 1, 1, 1, 1], 'C': [1, 1, 1, 1, 1, 1, 1, 1, 1, 1]}, '南门西侧': {'A': [1, 1, 1, 1, 1, 1, 1, 1, 1, 1], 'B': [1, 1, 1, 1, 0, 1, 1, 1, 1, 1]}, '南门东侧': {'A': [1, 1, 1, 1, 1, 1, 1, 1, 1, 1], 'B': [1, 1, 1, 1, 1, 1, 1, 1, 1, 1]}, '北门东北侧': {'A': [1, 1, 1, 1, 1, 1, 1, 1, 1, 1], 'B': [1, 1, 1, 1, 1, 1, 1, 1, 1, 1], 'C': [1, 1, 1, 1, 1, 1, 1, 1, 1, 1], 'D': [1, 1, 1, 1, 1, 0, 1, 0, 1, 1]}, '北门东南侧': {'A': [1, 1, 1, 1, 1, 1, 1, 1, 1, 1], 'B': [0, 1, 1, 1, 1, 1, 1, 1, 1, 1], 'C': [1, 1, 1, 1, 1, 1, 1, 1, 0, 1], 'D': [1, 1, 0, 1, 1, 1, 1, 1, 1, 1], 'E': [1, 1, 1, 1, 1, 1, 1, 1, 1, 1], 'F': [1, 1, 1, 1, 1, 1, 1, 1, 1, 1]}, '橘园北侧南': {'A': [1, 1, 1, 1, 1, 1, 1, 1, 1, 1], 'B': [0, 1, 0, 1, 1, 0, 1, 1, 1, 1], 'C': [0, 0, 1, 1, 1, 1, 1, 1, 1, 1], 'D': [1, 1, 1, 1, 1, 0, 1, 1, 1, 1], 'E': [1, 1, 1, 0, 1, 1, 1, 1, 1, 1], 'F': [1, 1, 1, 1, 0, 1, 0, 1, 1, 1], 'G': [1, 1, 1, 1, 1, 1, 1, 1, 1, 1], 'H': [1, 1, 1, 1, 1, 1, 1, 1, 1, 1], 'I': [1, 1, 0, 1, 1, 0, 1, 1, 1, 1], 'J': [1, 1, 0, 1, 1, 1, 1, 1, 1, 0]}, '校医院西': {'A': [1, 1, 1, 1, 1, 1, 1, 1, 1, 1], 'B': [1, 1, 1, 1, 1, 1, 1, 1, 1, 1], 'C': [1, 1, 1, 1, 1, 1, 1, 1, 1, 1], 'D': [1, 1, 1, 1, 1, 1, 1, 1, 1, 1], 'E': [1, 1, 1, 1, 1, 1, 1, 1, 1, 1], 'F': [1, 1, 1, 1, 0, 1, 1, 1, 1, 1], 'G': [1, 1, 1, 1, 1, 1, 1, 1, 1, 1], 'H': [1, 1, 1, 1, 1, 0, 1, 1, 0, 0], 'I': [1, 1, 1, 1, 1, 1, 0, 0, 1, 1]}}
623383	2024-07-13 07:08:23.871000+08:00	2024-07-13 07:08:23.871000+08:00	{'东门北侧': {'A': [1, 1, 1, 1, 1, 1, 1, 1, 1, 1], 'B': [1, 1, 1, 1, 1, 1, 1, 1, 1, 1], 'C': [1, 1, 1, 1, 1, 1, 1, 1, 1, 0], 'D': [1, 0, 1, 1, 1, 0, 1, 1, 1, 1], 'E': [1, 1, 0, 0, 1, 1, 1, 1, 1, 1], 'F': [0, 1, 1, 1, 1, 1, 1, 1, 1, 1], 'G': [1, 1, 1, 1, 1, 0, 1, 1, 0, 1], 'H': [1, 1, 1, 1, 1, 1, 1, 1, 1, 1], 'I': [1, 1, 0, 1, 1, 1, 1, 1, 1, 1], 'J': [1, 1, 1, 1, 1, 0, 1, 1, 1, 1], 'K': [0, 1, 1, 1, 1, 1, 1, 1, 1, 0]}, '东门南侧': {'A': [1, 0, 1, 1, 1, 1, 1, 1, 1, 1], 'B': [0, 0, 0, 0, 0, 0, 0, 0, 0, 0]}, '西门北侧': {'A': [1, 1, 1, 1, 1, 1, 1, 1, 1, 1], 'B': [1, 1, 1, 1, 1, 1, 1, 1, 1, 1], 'C': [1, 1, 1, 1, 1, 1, 1, 1, 1, 1]}, '西门南侧': {'A': [0, 1, 1, 1, 1, 1, 1, 1, 1, 1], 'B': [1, 1, 1, 1, 1, 1, 1, 1, 1, 1], 'C': [1, 1, 1, 1, 1, 1, 1, 1, 1, 1]}, '南门西侧': {'A': [1, 1, 1, 1, 1, 1, 1, 1, 1, 1], 'B': [1, 1, 1, 1, 0, 1, 1, 1, 1, 1]}, '南门东侧': {'A': [1, 1, 1, 1, 1, 1, 1, 1, 1, 1], 'B': [1, 1, 1, 1, 1, 1, 1, 1, 1, 1]}, '北门东北侧': {'A': [1, 1, 1, 1, 1, 1, 1, 1, 1, 1], 'B': [1, 1, 1, 1, 1, 1, 1, 1, 1, 1], 'C': [1, 1, 1, 1, 1, 1, 1, 1, 1, 1], 'D': [1, 1, 1, 1, 1, 0, 1, 0, 1, 1]}, '北门东南侧': {'A': [1, 1, 1, 1, 1, 1, 1, 1, 1, 1], 'B': [0, 1, 1, 1, 1, 1, 1, 1, 1, 1], 'C': [1, 1, 1, 1, 1, 1, 1, 1, 0, 1], 'D': [1, 1, 0, 1, 1, 1, 1, 1, 1, 1], 'E': [1, 1, 1, 1, 1, 1, 1, 1, 1, 1], 'F': [1, 1, 1, 1, 1, 1, 1, 1, 1, 1]}, '橘园北侧南': {'A': [1, 1, 1, 1, 1, 1, 1, 1, 1, 1], 'B': [0, 1, 0, 1, 1, 0, 1, 1, 1, 1], 'C': [0, 0, 1, 1, 1, 1, 1, 1, 1, 1], 'D': [1, 1, 1, 1, 1, 0, 1, 1, 1, 1], 'E': [1, 1, 1, 0, 1, 1, 1, 1, 1, 1], 'F': [1, 1, 1, 1, 0, 1, 0, 1, 1, 1], 'G': [1, 1, 1, 1, 1, 1, 1, 1, 1, 1], 'H': [1, 1, 1, 0, 1, 1, 1, 1, 1, 1], 'I': [1, 1, 0, 1, 1, 0, 1, 1, 1, 1], 'J': [1, 1, 0, 1, 1, 1, 1, 1, 1, 0]}, '校医院西': {'A': [1, 1, 1, 1, 1, 1, 1, 1, 1, 1], 'B': [1, 1, 1, 1, 1, 1, 1, 1, 1, 1], 'C': [1, 1, 1, 1, 1, 1, 1, 1, 1, 1], 'D': [1, 1, 1, 1, 1, 1, 1, 1, 1, 1], 'E': [1, 1, 1, 1, 1, 1, 1, 1, 1, 1], 'F': [1, 1, 1, 1, 0, 1, 1, 1, 1, 1], 'G': [1, 1, 1, 1, 1, 1, 1, 1, 1, 1], 'H': [1, 1, 1, 1, 1, 0, 1, 1, 0, 0], 'I': [1, 1, 1, 1, 1, 1, 1, 0, 1, 1]}}
623384	2024-07-13 07:09:21.859000+08:00	2024-07-13 07:09:21.859000+08:00	{'东门北侧': {'A': [1, 1, 1, 1, 1, 1, 1, 1, 1, 1], 'B': [1, 1, 1, 1, 1, 1, 1, 1, 1, 1], 'C': [1, 1, 1, 1, 1, 1, 1, 1, 1, 0], 'D': [1, 0, 1, 1, 1, 0, 1, 1, 1, 1], 'E': [1, 1, 0, 0, 1, 1, 1, 1, 1, 1], 'F': [0, 1, 1, 1, 1, 1, 1, 1, 1, 1], 'G': [1, 1, 1, 1, 1, 0, 1, 1, 0, 1], 'H': [1, 1, 1, 1, 1, 1, 1, 1, 1, 1], 'I': [1, 1, 0, 1, 1, 1, 1, 1, 1, 1], 'J': [1, 1, 1, 1, 1, 0, 1, 1, 1, 1], 'K': [0, 1, 1, 1, 1, 1, 1, 1, 1, 0]}, '东门南侧': {'A': [1, 0, 1, 1, 1, 1, 1, 1, 1, 1], 'B': [0, 0, 0, 0, 0, 0, 0, 0, 0, 0]}, '西门北侧': {'A': [1, 1, 1, 1, 1, 1, 1, 1, 1, 1], 'B': [1, 1, 1, 1, 1, 1, 1, 1, 1, 1], 'C': [1, 1, 1, 1, 1, 1, 1, 1, 1, 1]}, '西门南侧': {'A': [0, 1, 1, 1, 1, 1, 1, 1, 1, 1], 'B': [1, 1, 1, 1, 1, 1, 1, 1, 1, 1], 'C': [1, 1, 1, 1, 1, 1, 1, 1, 1, 1]}, '南门西侧': {'A': [1, 1, 1, 1, 1, 1, 1, 1, 1, 1], 'B': [1, 1, 1, 1, 0, 1, 1, 1, 1, 1]}, '南门东侧': {'A': [1, 1, 1, 1, 1, 1, 1, 1, 1, 1], 'B': [1, 1, 1, 1, 1, 1, 1, 1, 1, 1]}, '北门东北侧': {'A': [1, 1, 1, 1, 1, 1, 1, 1, 1, 1], 'B': [1, 1, 1, 1, 1, 1, 1, 1, 1, 1], 'C': [1, 1, 1, 1, 1, 1, 1, 1, 1, 1], 'D': [1, 1, 1, 1, 1, 0, 1, 0, 1, 1]}, '北门东南侧': {'A': [1, 1, 1, 1, 1, 1, 1, 1, 1, 1], 'B': [0, 1, 1, 1, 1, 1, 1, 1, 1, 1], 'C': [1, 1, 1, 1, 1, 1, 1, 1, 0, 1], 'D': [1, 1, 0, 1, 1, 1, 1, 1, 1, 1], 'E': [1, 1, 1, 1, 1, 1, 1, 1, 1, 1], 'F': [1, 1, 1, 1, 1, 1, 1, 1, 1, 1]}, '橘园北侧南': {'A': [1, 1, 1, 1, 1, 1, 1, 1, 1, 1], 'B': [0, 1, 0, 1, 1, 0, 1, 1, 1, 1], 'C': [0, 0, 1, 1, 1, 1, 1, 1, 1, 1], 'D': [1, 1, 1, 1, 1, 0, 1, 1, 1, 1], 'E': [1, 1, 1, 0, 1, 1, 1, 1, 1, 1], 'F': [1, 1, 1, 1, 0, 1, 0, 1, 1, 1], 'G': [1, 1, 1, 1, 1, 1, 1, 1, 1, 1], 'H': [1, 1, 1, 0, 1, 1, 1, 1, 1, 1], 'I': [1, 1, 1, 1, 1, 0, 1, 1, 1, 1], 'J': [1, 1, 0, 1, 1, 1, 1, 1, 1, 0]}, '校医院西': {'A': [1, 1, 1, 1, 1, 1, 1, 1, 1, 1], 'B': [1, 1, 1, 1, 1, 1, 1, 1, 1, 1], 'C': [1, 1, 1, 1, 1, 1, 1, 1, 1, 1], 'D': [1, 1, 1, 1, 1, 1, 1, 1, 1, 1], 'E': [1, 1, 1, 1, 1, 1, 1, 1, 1, 1], 'F': [1, 1, 1, 1, 0, 1, 1, 1, 1, 1], 'G': [1, 1, 1, 1, 1, 1, 1, 1, 1, 1], 'H': [1, 1, 1, 1, 1, 0, 1, 1, 0, 0], 'I': [1, 1, 1, 1, 1, 1, 1, 0, 1, 1]}}
623385	2024-07-13 07:10:20.870000+08:00	2024-07-13 07:10:20.870000+08:00	{'东门北侧': {'A': [1, 1, 1, 1, 1, 1, 1, 1, 1, 1], 'B': [1, 1, 1, 1, 1, 1, 1, 1, 1, 1], 'C': [1, 1, 1, 1, 1, 1, 1, 1, 1, 0], 'D': [1, 0, 1, 1, 1, 0, 1, 1, 1, 1], 'E': [1, 1, 0, 0, 1, 1, 1, 1, 1, 1], 'F': [0, 1, 1, 1, 1, 1, 1, 1, 1, 1], 'G': [1, 1, 1, 1, 1, 0, 1, 1, 0, 1], 'H': [1, 1, 1, 1, 1, 1, 1, 1, 1, 1], 'I': [1, 1, 0, 1, 1, 1, 1, 1, 1, 1], 'J': [1, 1, 1, 1, 1, 0, 1, 1, 1, 1], 'K': [0, 1, 1, 1, 1, 1, 1, 1, 1, 0]}, '东门南侧': {'A': [1, 0, 1, 1, 1, 1, 1, 1, 1, 1], 'B': [0, 0, 0, 0, 0, 0, 0, 0, 0, 0]}, '西门北侧': {'A': [1, 1, 1, 1, 1, 1, 1, 1, 1, 1], 'B': [1, 1, 1, 1, 1, 1, 1, 1, 1, 1], 'C': [1, 1, 1, 1, 1, 1, 1, 1, 1, 1]}, '西门南侧': {'A': [1, 1, 1, 1, 1, 1, 1, 1, 1, 1], 'B': [1, 1, 1, 1, 1, 1, 1, 1, 1, 1], 'C': [1, 1, 1, 1, 1, 1, 1, 1, 1, 1]}, '南门西侧': {'A': [1, 1, 1, 1, 1, 1, 1, 1, 1, 1], 'B': [1, 1, 1, 1, 0, 1, 1, 1, 1, 1]}, '南门东侧': {'A': [1, 1, 1, 1, 1, 1, 1, 1, 1, 1], 'B': [1, 1, 1, 1, 1, 1, 1, 1, 1, 1]}, '北门东北侧': {'A': [1, 1, 1, 1, 1, 1, 1, 1, 1, 1], 'B': [1, 1, 1, 1, 1, 1, 1, 1, 1, 1], 'C': [1, 1, 1, 1, 1, 1, 1, 1, 1, 1], 'D': [1, 1, 1, 1, 1, 0, 1, 0, 1, 1]}, '北门东南侧': {'A': [1, 1, 1, 1, 1, 1, 1, 1, 1, 1], 'B': [0, 1, 1, 1, 1, 1, 1, 1, 1, 1], 'C': [1, 1, 1, 1, 1, 1, 1, 1, 0, 1], 'D': [1, 1, 0, 1, 1, 1, 1, 1, 1, 1], 'E': [1, 1, 1, 1, 1, 1, 1, 1, 1, 1], 'F': [1, 1, 1, 1, 1, 1, 1, 1, 1, 1]}, '橘园北侧南': {'A': [1, 1, 1, 1, 1, 1, 1, 1, 1, 1], 'B': [0, 1, 0, 1, 1, 0, 1, 1, 1, 1], 'C': [0, 0, 1, 1, 1, 1, 1, 1, 1, 1], 'D': [1, 1, 1, 1, 1, 0, 1, 1, 1, 1], 'E': [1, 1, 1, 0, 1, 1, 1, 1, 1, 1], 'F': [1, 1, 1, 1, 0, 1, 0, 1, 1, 1], 'G': [1, 1, 1, 1, 1, 1, 1, 1, 1, 1], 'H': [1, 1, 1, 1, 1, 1, 1, 1, 1, 1], 'I': [1, 1, 1, 1, 1, 0, 1, 1, 1, 1], 'J': [1, 1, 0, 1, 1, 1, 1, 1, 1, 0]}, '校医院西': {'A': [1, 1, 1, 1, 1, 1, 1, 1, 1, 1], 'B': [1, 1, 1, 1, 1, 1, 1, 1, 1, 1], 'C': [1, 1, 1, 1, 1, 1, 1, 1, 1, 1], 'D': [1, 1, 1, 1, 1, 1, 1, 1, 1, 1], 'E': [1, 1, 1, 1, 1, 1, 1, 0, 1, 1], 'F': [1, 1, 1, 1, 0, 1, 1, 1, 1, 1], 'G': [1, 1, 1, 1, 1, 1, 1, 1, 1, 1], 'H': [1, 1, 1, 1, 1, 0, 1, 1, 0, 0], 'I': [1, 1, 1, 1, 1, 1, 1, 0, 1, 1]}}
623386	2024-07-13 07:11:23.854000+08:00	2024-07-13 07:11:23.854000+08:00	{'东门北侧': {'A': [1, 1, 1, 1, 1, 1, 1, 1, 1, 1], 'B': [1, 1, 1, 1, 1, 1, 1, 1, 1, 1], 'C': [1, 1, 1, 1, 1, 1, 1, 1, 1, 0], 'D': [1, 0, 1, 1, 1, 0, 1, 1, 1, 1], 'E': [1, 1, 0, 0, 1, 1, 1, 1, 1, 1], 'F': [0, 1, 1, 1, 1, 1, 1, 1, 1, 1], 'G': [1, 1, 1, 1, 1, 0, 1, 1, 0, 1], 'H': [1, 1, 1, 1, 1, 1, 1, 1, 1, 1], 'I': [1, 1, 0, 1, 1, 1, 1, 1, 1, 1], 'J': [1, 1, 1, 1, 1, 0, 1, 1, 1, 1], 'K': [0, 1, 1, 1, 1, 1, 1, 1, 1, 0]}, '东门南侧': {'A': [1, 0, 1, 1, 1, 1, 1, 1, 1, 1], 'B': [0, 0, 0, 0, 0, 0, 0, 0, 0, 0]}, '西门北侧': {'A': [1, 1, 1, 1, 1, 1, 1, 1, 1, 1], 'B': [1, 1, 1, 1, 1, 1, 1, 1, 1, 1], 'C': [1, 1, 1, 1, 1, 1, 1, 1, 1, 1]}, '西门南侧': {'A': [1, 1, 1, 1, 1, 1, 1, 1, 1, 1], 'B': [1, 1, 1, 1, 1, 1, 1, 1, 1, 1], 'C': [1, 1, 1, 1, 1, 1, 1, 1, 1, 1]}, '南门西侧': {'A': [1, 1, 1, 1, 1, 1, 1, 1, 1, 1], 'B': [1, 1, 1, 1, 0, 1, 1, 1, 1, 1]}, '南门东侧': {'A': [1, 1, 1, 1, 1, 1, 1, 1, 1, 1], 'B': [1, 1, 1, 1, 1, 1, 1, 1, 1, 1]}, '北门东北侧': {'A': [1, 1, 1, 1, 1, 1, 1, 1, 1, 1], 'B': [1, 1, 1, 1, 1, 1, 1, 1, 1, 1], 'C': [1, 1, 1, 1, 1, 1, 1, 1, 1, 1], 'D': [1, 1, 1, 1, 1, 0, 1, 0, 1, 1]}, '北门东南侧': {'A': [1, 1, 1, 1, 1, 1, 1, 1, 1, 1], 'B': [0, 1, 1, 1, 1, 1, 1, 1, 1, 1], 'C': [1, 1, 1, 1, 1, 1, 1, 1, 0, 1], 'D': [1, 1, 0, 1, 1, 1, 1, 1, 1, 1], 'E': [1, 1, 1, 1, 1, 1, 1, 1, 1, 1], 'F': [1, 1, 1, 1, 1, 1, 1, 1, 1, 1]}, '橘园北侧南': {'A': [1, 1, 1, 1, 1, 1, 1, 1, 1, 1], 'B': [0, 1, 0, 1, 1, 0, 1, 1, 1, 1], 'C': [0, 0, 1, 1, 1, 1, 1, 1, 1, 1], 'D': [1, 1, 1, 1, 1, 0, 1, 1, 1, 1], 'E': [1, 1, 1, 0, 1, 1, 1, 1, 1, 1], 'F': [1, 1, 1, 1, 0, 1, 0, 1, 1, 1], 'G': [1, 1, 1, 1, 1, 1, 1, 1, 1, 1], 'H': [1, 1, 1, 1, 1, 1, 1, 1, 1, 1], 'I': [1, 1, 1, 1, 1, 0, 1, 1, 1, 1], 'J': [1, 1, 0, 1, 1, 1, 1, 1, 1, 0]}, '校医院西': {'A': [1, 1, 1, 1, 1, 1, 1, 1, 1, 1], 'B': [1, 1, 1, 1, 1, 1, 1, 1, 1, 1], 'C': [1, 1, 1, 1, 1, 1, 1, 1, 1, 1], 'D': [1, 1, 1, 1, 1, 1, 1, 1, 1, 1], 'E': [1, 1, 1, 1, 1, 1, 1, 0, 1, 1], 'F': [1, 1, 1, 1, 0, 1, 1, 1, 1, 1], 'G': [1, 1, 1, 1, 1, 1, 1, 1, 1, 1], 'H': [1, 1, 1, 1, 1, 0, 1, 1, 0, 0], 'I': [1, 1, 1, 1, 1, 1, 1, 0, 1, 1]}}
623387	2024-07-13 07:12:22.871000+08:00	2024-07-13 07:12:22.871000+08:00	{'东门北侧': {'A': [1, 1, 1, 1, 1, 1, 1, 1, 1, 1], 'B': [1, 1, 1, 1, 1, 1, 1, 1, 1, 1], 'C': [1, 1, 1, 1, 1, 1, 1, 1, 1, 0], 'D': [1, 0, 1, 1, 1, 0, 1, 1, 1, 1], 'E': [1, 1, 0, 0, 1, 1, 1, 1, 1, 1], 'F': [0, 1, 1, 1, 1, 1, 1, 1, 1, 1], 'G': [1, 1, 1, 1, 1, 0, 1, 1, 0, 1], 'H': [1, 1, 1, 1, 1, 1, 1, 1, 1, 1], 'I': [1, 1, 0, 1, 1, 1, 1, 1, 1, 1], 'J': [1, 1, 1, 1, 1, 0, 1, 1, 1, 1], 'K': [0, 1, 1, 1, 1, 1, 1, 1, 1, 0]}, '东门南侧': {'A': [1, 0, 1, 1, 1, 1, 1, 1, 1, 1], 'B': [0, 0, 0, 0, 0, 0, 0, 0, 0, 0]}, '西门北侧': {'A': [1, 1, 1, 1, 1, 1, 1, 1, 1, 1], 'B': [1, 1, 1, 1, 1, 1, 1, 1, 1, 1], 'C': [1, 1, 1, 1, 1, 1, 1, 1, 1, 1]}, '西门南侧': {'A': [1, 1, 1, 1, 1, 1, 1, 1, 1, 1], 'B': [1, 1, 1, 1, 1, 1, 1, 1, 1, 1], 'C': [1, 1, 1, 1, 1, 1, 1, 1, 1, 1]}, '南门西侧': {'A': [1, 1, 1, 1, 1, 1, 1, 1, 1, 1], 'B': [1, 1, 1, 1, 0, 1, 1, 1, 1, 1]}, '南门东侧': {'A': [1, 1, 1, 1, 1, 1, 1, 1, 1, 1], 'B': [1, 1, 1, 1, 1, 1, 1, 1, 1, 1]}, '北门东北侧': {'A': [1, 1, 1, 1, 1, 1, 1, 1, 1, 1], 'B': [1, 1, 1, 1, 1, 1, 1, 1, 1, 1], 'C': [1, 1, 1, 1, 1, 1, 1, 1, 1, 1], 'D': [1, 1, 1, 1, 1, 0, 1, 0, 1, 1]}, '北门东南侧': {'A': [1, 1, 1, 1, 1, 1, 1, 1, 1, 1], 'B': [0, 1, 1, 1, 1, 1, 1, 1, 1, 1], 'C': [1, 1, 1, 1, 1, 1, 1, 1, 0, 1], 'D': [1, 1, 0, 1, 1, 1, 1, 1, 1, 1], 'E': [1, 1, 1, 1, 1, 1, 1, 1, 1, 1], 'F': [1, 1, 1, 1, 1, 1, 1, 1, 1, 1]}, '橘园北侧南': {'A': [1, 1, 1, 1, 1, 1, 1, 1, 1, 1], 'B': [0, 1, 0, 1, 1, 0, 1, 1, 1, 1], 'C': [0, 0, 1, 1, 1, 1, 1, 1, 1, 1], 'D': [1, 1, 1, 1, 1, 0, 1, 1, 1, 1], 'E': [1, 1, 1, 0, 1, 1, 1, 1, 1, 1], 'F': [1, 1, 1, 1, 0, 1, 0, 1, 1, 1], 'G': [1, 1, 1, 1, 1, 1, 1, 1, 1, 1], 'H': [1, 1, 1, 1, 1, 1, 1, 1, 1, 1], 'I': [1, 1, 1, 1, 1, 0, 1, 1, 1, 1], 'J': [1, 1, 0, 1, 1, 1, 1, 1, 1, 0]}, '校医院西': {'A': [1, 1, 1, 1, 1, 1, 1, 1, 1, 1], 'B': [1, 1, 1, 1, 1, 1, 1, 1, 1, 1], 'C': [1, 1, 1, 1, 1, 1, 1, 1, 1, 1], 'D': [1, 1, 1, 1, 1, 1, 1, 1, 1, 1], 'E': [1, 1, 1, 1, 1, 1, 1, 0, 1, 1], 'F': [1, 1, 1, 1, 0, 1, 1, 1, 1, 1], 'G': [1, 1, 1, 1, 1, 1, 1, 1, 1, 1], 'H': [1, 1, 1, 1, 1, 0, 1, 1, 0, 0], 'I': [1, 1, 1, 1, 1, 1, 1, 0, 1, 1]}}
623388	2024-07-13 07:13:23.231000+08:00	2024-07-13 07:13:23.231000+08:00	{'东门北侧': {'A': [1, 1, 1, 1, 1, 1, 1, 1, 1, 1], 'B': [1, 1, 1, 1, 1, 1, 1, 1, 1, 1], 'C': [1, 1, 1, 1, 1, 1, 1, 1, 1, 0], 'D': [1, 0, 1, 1, 1, 0, 1, 1, 1, 1], 'E': [1, 1, 0, 0, 1, 1, 1, 1, 1, 1], 'F': [0, 1, 1, 1, 1, 1, 1, 1, 1, 1], 'G': [1, 1, 1, 1, 1, 0, 1, 1, 0, 1], 'H': [1, 1, 1, 1, 1, 1, 1, 1, 1, 1], 'I': [1, 1, 0, 1, 1, 1, 1, 1, 1, 1], 'J': [1, 1, 1, 1, 1, 0, 1, 1, 1, 1], 'K': [0, 1, 1, 1, 1, 1, 1, 1, 1, 0]}, '东门南侧': {'A': [1, 0, 1, 1, 1, 1, 1, 1, 1, 1], 'B': [0, 0, 0, 0, 0, 0, 0, 0, 0, 0]}, '西门北侧': {'A': [1, 1, 1, 1, 1, 1, 1, 1, 1, 1], 'B': [1, 1, 1, 1, 1, 1, 1, 1, 1, 1], 'C': [1, 1, 1, 1, 1, 1, 1, 1, 1, 1]}, '西门南侧': {'A': [1, 1, 1, 1, 1, 1, 1, 1, 1, 1], 'B': [1, 1, 1, 1, 1, 1, 1, 1, 1, 1], 'C': [1, 1, 1, 1, 1, 1, 1, 1, 1, 1]}, '南门西侧': {'A': [1, 1, 1, 1, 1, 1, 1, 1, 1, 1], 'B': [1, 1, 1, 1, 0, 1, 1, 1, 1, 1]}, '南门东侧': {'A': [1, 1, 1, 1, 1, 1, 1, 1, 1, 1], 'B': [1, 1, 1, 1, 1, 1, 1, 1, 1, 1]}, '北门东北侧': {'A': [1, 1, 1, 1, 1, 1, 1, 1, 1, 1], 'B': [1, 1, 1, 1, 1, 1, 1, 1, 1, 1], 'C': [1, 1, 1, 1, 1, 1, 1, 1, 1, 1], 'D': [1, 1, 1, 1, 1, 0, 1, 0, 1, 1]}, '北门东南侧': {'A': [1, 1, 1, 1, 1, 1, 1, 1, 1, 1], 'B': [0, 1, 1, 1, 1, 1, 1, 1, 1, 1], 'C': [1, 1, 1, 1, 1, 1, 1, 1, 0, 1], 'D': [1, 1, 0, 1, 1, 1, 1, 1, 1, 1], 'E': [1, 1, 1, 1, 1, 1, 1, 1, 1, 1], 'F': [1, 1, 1, 1, 1, 1, 1, 1, 1, 1]}, '橘园北侧南': {'A': [1, 1, 1, 1, 1, 1, 1, 1, 1, 1], 'B': [0, 1, 0, 1, 1, 0, 1, 1, 1, 1], 'C': [0, 0, 1, 1, 1, 1, 1, 1, 1, 1], 'D': [1, 1, 1, 1, 1, 0, 1, 1, 1, 1], 'E': [1, 1, 1, 0, 1, 1, 1, 1, 1, 1], 'F': [1, 1, 1, 1, 0, 1, 0, 1, 1, 1], 'G': [1, 1, 1, 1, 1, 1, 1, 1, 1, 1], 'H': [1, 1, 1, 1, 1, 1, 1, 1, 1, 1], 'I': [1, 1, 1, 1, 1, 0, 1, 1, 1, 1], 'J': [1, 1, 0, 1, 1, 1, 1, 1, 1, 0]}, '校医院西': {'A': [1, 1, 1, 1, 1, 1, 1, 1, 1, 1], 'B': [1, 1, 1, 1, 1, 1, 1, 1, 1, 1], 'C': [1, 1, 1, 1, 1, 1, 1, 1, 1, 1], 'D': [1, 1, 1, 1, 1, 1, 1, 1, 1, 1], 'E': [1, 1, 1, 1, 1, 1, 1, 0, 1, 1], 'F': [1, 1, 1, 1, 0, 1, 1, 1, 1, 1], 'G': [1, 1, 1, 1, 1, 1, 1, 1, 1, 1], 'H': [1, 1, 1, 1, 1, 0, 1, 1, 0, 0], 'I': [1, 1, 1, 1, 1, 1, 1, 0, 1, 1]}}
623389	2024-07-13 07:14:20.907000+08:00	2024-07-13 07:14:20.907000+08:00	{'东门北侧': {'A': [1, 1, 1, 1, 1, 1, 1, 1, 1, 1], 'B': [1, 1, 1, 1, 1, 1, 1, 1, 1, 1], 'C': [1, 1, 1, 1, 1, 1, 1, 1, 1, 0], 'D': [1, 0, 1, 1, 1, 0, 1, 1, 1, 1], 'E': [1, 1, 0, 0, 1, 1, 1, 1, 1, 1], 'F': [0, 1, 1, 1, 1, 1, 1, 1, 1, 1], 'G': [1, 1, 1, 1, 1, 0, 1, 1, 0, 1], 'H': [1, 1, 1, 1, 1, 1, 1, 1, 1, 1], 'I': [1, 1, 0, 1, 1, 1, 1, 1, 1, 1], 'J': [1, 1, 1, 1, 1, 0, 1, 1, 1, 1], 'K': [0, 1, 1, 1, 1, 1, 1, 1, 1, 0]}, '东门南侧': {'A': [1, 0, 1, 1, 1, 1, 1, 1, 1, 1], 'B': [0, 0, 0, 0, 0, 0, 0, 0, 0, 0]}, '西门北侧': {'A': [1, 1, 1, 1, 1, 1, 1, 1, 1, 1], 'B': [1, 1, 1, 1, 1, 1, 1, 1, 1, 1], 'C': [1, 1, 1, 1, 1, 1, 1, 1, 1, 1]}, '西门南侧': {'A': [1, 1, 1, 1, 1, 1, 1, 1, 1, 1], 'B': [1, 1, 1, 1, 1, 1, 1, 1, 1, 1], 'C': [1, 1, 1, 1, 1, 1, 1, 1, 1, 1]}, '南门西侧': {'A': [1, 1, 1, 1, 1, 1, 1, 1, 1, 1], 'B': [1, 1, 1, 1, 0, 1, 1, 1, 1, 1]}, '南门东侧': {'A': [1, 1, 1, 1, 1, 1, 1, 1, 1, 1], 'B': [1, 1, 1, 1, 1, 1, 1, 1, 1, 1]}, '北门东北侧': {'A': [1, 1, 1, 1, 1, 1, 1, 1, 1, 1], 'B': [1, 1, 1, 1, 1, 1, 1, 1, 1, 1], 'C': [1, 1, 1, 1, 1, 1, 1, 1, 1, 1], 'D': [1, 1, 1, 1, 1, 0, 1, 0, 1, 1]}, '北门东南侧': {'A': [1, 1, 1, 1, 1, 1, 1, 1, 1, 1], 'B': [0, 1, 1, 1, 1, 1, 1, 1, 1, 1], 'C': [1, 1, 1, 1, 1, 1, 1, 1, 0, 1], 'D': [1, 1, 0, 1, 1, 1, 1, 1, 1, 1], 'E': [1, 1, 1, 1, 1, 1, 1, 1, 1, 1], 'F': [1, 1, 1, 1, 1, 1, 1, 1, 1, 1]}, '橘园北侧南': {'A': [1, 1, 1, 1, 1, 1, 1, 1, 1, 1], 'B': [0, 1, 0, 1, 1, 0, 1, 1, 1, 1], 'C': [0, 0, 1, 1, 1, 1, 1, 1, 1, 1], 'D': [1, 1, 1, 1, 1, 0, 1, 1, 1, 1], 'E': [1, 1, 1, 0, 1, 1, 1, 1, 1, 1], 'F': [1, 1, 1, 1, 0, 1, 0, 1, 1, 1], 'G': [1, 1, 1, 1, 1, 1, 1, 1, 1, 1], 'H': [1, 1, 1, 1, 1, 1, 1, 1, 1, 1], 'I': [1, 1, 1, 1, 1, 0, 1, 1, 1, 1], 'J': [1, 1, 0, 1, 1, 1, 1, 1, 1, 0]}, '校医院西': {'A': [1, 1, 1, 1, 1, 1, 1, 1, 1, 1], 'B': [1, 1, 1, 1, 1, 1, 1, 1, 1, 1], 'C': [1, 1, 1, 1, 1, 1, 1, 1, 1, 1], 'D': [1, 1, 1, 1, 1, 1, 1, 1, 1, 1], 'E': [1, 1, 1, 1, 1, 1, 1, 0, 1, 1], 'F': [1, 1, 1, 1, 0, 1, 1, 1, 1, 1], 'G': [1, 1, 1, 1, 1, 1, 1, 1, 1, 1], 'H': [1, 1, 1, 1, 1, 0, 1, 1, 0, 0], 'I': [1, 1, 1, 1, 1, 1, 1, 0, 1, 1]}}
623390	2024-07-13 07:15:24.055000+08:00	2024-07-13 07:15:24.055000+08:00	{'东门北侧': {'A': [1, 1, 1, 1, 1, 1, 1, 1, 1, 1], 'B': [1, 1, 1, 1, 1, 1, 1, 1, 1, 1], 'C': [1, 1, 1, 1, 1, 1, 1, 1, 1, 0], 'D': [1, 0, 1, 1, 1, 0, 1, 1, 1, 1], 'E': [1, 1, 0, 0, 1, 1, 1, 1, 1, 1], 'F': [0, 1, 1, 1, 1, 1, 1, 1, 1, 1], 'G': [1, 1, 1, 1, 1, 0, 1, 1, 0, 1], 'H': [1, 1, 1, 1, 1, 1, 1, 1, 1, 1], 'I': [1, 1, 0, 1, 1, 1, 1, 1, 1, 1], 'J': [1, 1, 1, 1, 1, 0, 1, 1, 1, 1], 'K': [0, 1, 1, 1, 1, 1, 1, 1, 1, 0]}, '东门南侧': {'A': [1, 0, 1, 1, 1, 1, 1, 1, 1, 1], 'B': [0, 0, 0, 0, 0, 0, 0, 0, 0, 0]}, '西门北侧': {'A': [1, 1, 1, 1, 1, 1, 1, 1, 1, 1], 'B': [1, 1, 1, 1, 1, 1, 1, 1, 1, 1], 'C': [1, 1, 1, 1, 1, 1, 1, 1, 1, 1]}, '西门南侧': {'A': [1, 1, 1, 1, 1, 1, 1, 1, 1, 1], 'B': [1, 1, 1, 1, 1, 1, 1, 1, 1, 1], 'C': [1, 1, 1, 1, 1, 1, 1, 1, 1, 1]}, '南门西侧': {'A': [1, 1, 1, 1, 1, 1, 1, 1, 1, 1], 'B': [1, 1, 1, 1, 0, 1, 1, 1, 1, 1]}, '南门东侧': {'A': [1, 1, 1, 1, 1, 1, 1, 1, 1, 1], 'B': [1, 1, 1, 1, 1, 1, 1, 1, 1, 1]}, '北门东北侧': {'A': [1, 1, 1, 1, 1, 1, 1, 1, 1, 1], 'B': [1, 1, 1, 1, 1, 1, 1, 1, 1, 1], 'C': [1, 1, 1, 1, 1, 1, 1, 1, 1, 1], 'D': [1, 1, 1, 1, 1, 0, 1, 0, 1, 1]}, '北门东南侧': {'A': [1, 1, 1, 1, 1, 1, 1, 1, 1, 1], 'B': [0, 1, 1, 1, 1, 1, 1, 1, 1, 1], 'C': [1, 1, 1, 1, 1, 1, 1, 1, 0, 1], 'D': [1, 1, 0, 1, 1, 1, 1, 1, 1, 1], 'E': [1, 1, 1, 1, 1, 1, 1, 1, 1, 1], 'F': [1, 1, 1, 1, 1, 1, 1, 1, 1, 1]}, '橘园北侧南': {'A': [1, 1, 1, 1, 1, 1, 1, 1, 1, 1], 'B': [0, 1, 0, 1, 1, 0, 1, 1, 1, 1], 'C': [0, 0, 1, 1, 1, 1, 1, 1, 1, 1], 'D': [1, 1, 1, 1, 1, 0, 1, 1, 1, 1], 'E': [1, 1, 1, 0, 1, 1, 1, 1, 1, 1], 'F': [1, 1, 1, 1, 0, 1, 0, 1, 1, 1], 'G': [1, 1, 1, 1, 1, 1, 1, 1, 1, 1], 'H': [1, 1, 1, 1, 1, 1, 1, 1, 1, 1], 'I': [1, 1, 1, 1, 1, 0, 1, 1, 1, 1], 'J': [1, 1, 0, 1, 1, 1, 1, 1, 1, 0]}, '校医院西': {'A': [1, 1, 1, 1, 1, 1, 1, 1, 1, 1], 'B': [1, 1, 1, 1, 1, 1, 1, 1, 1, 1], 'C': [1, 1, 1, 1, 1, 1, 1, 1, 1, 1], 'D': [1, 1, 1, 1, 1, 1, 1, 1, 1, 1], 'E': [1, 1, 1, 1, 1, 1, 1, 0, 1, 1], 'F': [1, 1, 1, 1, 0, 1, 1, 1, 1, 1], 'G': [1, 1, 1, 1, 1, 1, 1, 1, 1, 1], 'H': [1, 1, 1, 1, 1, 0, 1, 1, 0, 0], 'I': [1, 1, 1, 1, 1, 1, 1, 0, 1, 1]}}
623391	2024-07-13 07:16:23.893000+08:00	2024-07-13 07:16:23.893000+08:00	{'东门北侧': {'A': [1, 1, 1, 1, 1, 1, 1, 1, 1, 1], 'B': [1, 1, 1, 1, 1, 1, 1, 1, 1, 1], 'C': [1, 1, 1, 1, 1, 1, 1, 1, 1, 0], 'D': [1, 0, 1, 1, 1, 0, 1, 1, 1, 1], 'E': [1, 1, 0, 0, 1, 1, 1, 1, 1, 1], 'F': [0, 1, 1, 1, 1, 1, 1, 1, 1, 1], 'G': [1, 1, 1, 1, 1, 0, 1, 1, 0, 1], 'H': [1, 1, 1, 1, 1, 1, 1, 1, 1, 1], 'I': [1, 1, 0, 1, 1, 1, 1, 1, 1, 1], 'J': [1, 1, 1, 1, 1, 0, 1, 1, 1, 1], 'K': [0, 1, 1, 1, 1, 1, 1, 1, 1, 0]}, '东门南侧': {'A': [1, 0, 1, 1, 1, 1, 1, 1, 1, 1], 'B': [0, 0, 0, 0, 0, 0, 0, 0, 0, 0]}, '西门北侧': {'A': [1, 1, 1, 1, 1, 1, 1, 1, 1, 1], 'B': [1, 1, 1, 1, 1, 1, 1, 1, 1, 1], 'C': [1, 1, 1, 1, 1, 1, 1, 1, 1, 1]}, '西门南侧': {'A': [1, 1, 1, 1, 1, 1, 1, 1, 1, 1], 'B': [1, 1, 1, 1, 1, 1, 1, 1, 1, 1], 'C': [1, 1, 1, 1, 1, 1, 1, 1, 1, 1]}, '南门西侧': {'A': [1, 1, 1, 1, 1, 1, 1, 1, 1, 1], 'B': [1, 1, 1, 1, 0, 1, 1, 1, 1, 1]}, '南门东侧': {'A': [1, 1, 1, 1, 1, 1, 1, 1, 1, 1], 'B': [1, 1, 1, 1, 1, 1, 1, 1, 1, 1]}, '北门东北侧': {'A': [1, 1, 1, 1, 1, 1, 1, 1, 1, 1], 'B': [1, 1, 1, 1, 1, 1, 1, 1, 1, 1], 'C': [1, 1, 1, 1, 1, 1, 1, 1, 1, 1], 'D': [1, 1, 1, 1, 1, 0, 1, 0, 1, 1]}, '北门东南侧': {'A': [1, 1, 1, 1, 1, 1, 1, 1, 1, 1], 'B': [0, 1, 1, 1, 1, 1, 1, 1, 1, 1], 'C': [1, 1, 1, 1, 1, 1, 1, 1, 0, 1], 'D': [1, 1, 0, 1, 1, 1, 1, 1, 1, 1], 'E': [1, 1, 1, 1, 1, 1, 1, 1, 1, 1], 'F': [1, 1, 1, 1, 1, 1, 1, 1, 1, 1]}, '橘园北侧南': {'A': [1, 1, 1, 1, 1, 1, 1, 1, 1, 1], 'B': [0, 1, 0, 1, 1, 0, 1, 1, 1, 1], 'C': [0, 0, 1, 1, 1, 1, 1, 1, 1, 1], 'D': [1, 1, 1, 1, 1, 0, 1, 1, 1, 1], 'E': [1, 1, 1, 0, 1, 1, 1, 1, 1, 1], 'F': [1, 1, 1, 1, 0, 1, 0, 1, 1, 1], 'G': [1, 1, 1, 1, 1, 1, 1, 1, 1, 1], 'H': [1, 1, 1, 1, 1, 1, 1, 1, 1, 1], 'I': [1, 1, 1, 1, 1, 0, 1, 1, 1, 1], 'J': [1, 1, 0, 1, 1, 1, 1, 1, 1, 0]}, '校医院西': {'A': [1, 1, 1, 1, 1, 1, 1, 1, 1, 1], 'B': [1, 1, 1, 1, 1, 1, 1, 1, 1, 1], 'C': [1, 1, 1, 1, 1, 1, 1, 1, 1, 1], 'D': [1, 1, 1, 1, 1, 1, 1, 1, 1, 1], 'E': [1, 1, 1, 1, 1, 1, 1, 0, 1, 1], 'F': [1, 1, 1, 1, 0, 1, 1, 1, 1, 1], 'G': [1, 1, 1, 1, 1, 1, 1, 1, 1, 1], 'H': [1, 1, 1, 1, 1, 0, 1, 1, 0, 0], 'I': [1, 1, 1, 1, 1, 1, 1, 0, 1, 1]}}
623392	2024-07-13 07:17:22.869000+08:00	2024-07-13 07:17:22.869000+08:00	{'东门北侧': {'A': [1, 1, 1, 1, 1, 1, 1, 1, 1, 1], 'B': [1, 1, 1, 1, 1, 1, 1, 1, 1, 1], 'C': [1, 1, 1, 1, 1, 1, 1, 1, 1, 0], 'D': [1, 0, 1, 1, 1, 0, 1, 1, 1, 1], 'E': [1, 1, 0, 0, 1, 1, 1, 1, 1, 1], 'F': [0, 1, 1, 1, 1, 1, 1, 1, 1, 1], 'G': [1, 1, 1, 1, 1, 0, 1, 1, 0, 1], 'H': [1, 1, 1, 1, 1, 1, 1, 1, 1, 1], 'I': [1, 1, 0, 1, 1, 1, 1, 1, 1, 1], 'J': [1, 1, 1, 1, 1, 0, 1, 1, 1, 1], 'K': [0, 1, 1, 1, 1, 1, 1, 1, 1, 0]}, '东门南侧': {'A': [1, 0, 1, 1, 1, 1, 1, 1, 1, 1], 'B': [0, 0, 0, 0, 0, 0, 0, 0, 0, 0]}, '西门北侧': {'A': [1, 1, 1, 1, 1, 1, 1, 1, 1, 1], 'B': [1, 1, 1, 1, 1, 1, 1, 1, 1, 1], 'C': [1, 1, 1, 1, 1, 1, 1, 1, 1, 1]}, '西门南侧': {'A': [1, 1, 1, 1, 1, 1, 1, 1, 1, 1], 'B': [1, 1, 1, 1, 1, 1, 1, 1, 1, 1], 'C': [1, 1, 1, 1, 1, 1, 1, 1, 1, 1]}, '南门西侧': {'A': [1, 1, 1, 1, 1, 1, 1, 1, 1, 1], 'B': [1, 1, 1, 1, 0, 1, 1, 1, 1, 1]}, '南门东侧': {'A': [1, 1, 1, 1, 1, 1, 1, 1, 1, 1], 'B': [1, 1, 1, 1, 1, 1, 1, 1, 1, 1]}, '北门东北侧': {'A': [1, 1, 1, 1, 1, 1, 1, 1, 1, 1], 'B': [1, 1, 1, 1, 1, 1, 1, 1, 1, 1], 'C': [1, 1, 1, 1, 1, 1, 1, 1, 1, 1], 'D': [1, 1, 1, 1, 1, 0, 1, 0, 1, 1]}, '北门东南侧': {'A': [1, 1, 1, 1, 1, 1, 1, 1, 1, 1], 'B': [0, 1, 1, 1, 1, 1, 1, 1, 1, 1], 'C': [1, 1, 1, 1, 1, 1, 1, 1, 0, 1], 'D': [1, 1, 0, 1, 1, 1, 1, 1, 1, 1], 'E': [1, 1, 1, 1, 1, 1, 1, 1, 1, 1], 'F': [1, 1, 1, 1, 1, 1, 1, 1, 1, 1]}, '橘园北侧南': {'A': [1, 1, 1, 1, 1, 1, 1, 1, 1, 1], 'B': [0, 1, 0, 1, 1, 0, 1, 1, 1, 1], 'C': [0, 0, 1, 1, 1, 1, 1, 1, 1, 1], 'D': [1, 1, 1, 1, 1, 0, 1, 1, 1, 1], 'E': [1, 1, 1, 0, 1, 1, 1, 1, 1, 1], 'F': [1, 1, 1, 1, 0, 1, 0, 1, 1, 1], 'G': [1, 1, 1, 1, 1, 1, 1, 1, 1, 1], 'H': [1, 1, 1, 1, 1, 1, 1, 1, 1, 1], 'I': [1, 1, 1, 1, 1, 0, 1, 1, 1, 1], 'J': [1, 1, 0, 1, 1, 1, 1, 1, 1, 0]}, '校医院西': {'A': [1, 1, 1, 1, 1, 1, 1, 1, 1, 1], 'B': [1, 1, 1, 1, 1, 1, 1, 1, 1, 1], 'C': [1, 1, 1, 1, 1, 1, 1, 1, 1, 1], 'D': [1, 1, 1, 1, 1, 1, 1, 1, 1, 1], 'E': [1, 1, 1, 1, 1, 1, 1, 0, 1, 1], 'F': [1, 1, 1, 1, 0, 1, 1, 1, 1, 1], 'G': [1, 1, 1, 1, 1, 1, 1, 1, 1, 1], 'H': [1, 1, 1, 1, 1, 0, 1, 1, 0, 0], 'I': [1, 1, 1, 1, 1, 1, 1, 0, 1, 1]}}
623393	2024-07-13 07:18:23.879000+08:00	2024-07-13 07:18:23.879000+08:00	{'东门北侧': {'A': [1, 1, 1, 1, 1, 1, 1, 1, 1, 1], 'B': [1, 1, 1, 1, 1, 1, 1, 1, 1, 1], 'C': [1, 1, 1, 1, 1, 1, 1, 1, 1, 0], 'D': [1, 0, 1, 1, 1, 0, 1, 1, 1, 1], 'E': [1, 1, 0, 0, 1, 1, 1, 1, 1, 1], 'F': [0, 1, 1, 1, 1, 1, 1, 1, 1, 1], 'G': [1, 1, 1, 1, 1, 0, 1, 1, 0, 1], 'H': [1, 1, 1, 1, 1, 1, 1, 1, 1, 1], 'I': [1, 1, 0, 1, 1, 1, 1, 1, 1, 1], 'J': [1, 1, 1, 1, 1, 0, 1, 1, 1, 1], 'K': [0, 1, 1, 1, 1, 1, 1, 1, 1, 0]}, '东门南侧': {'A': [1, 0, 1, 1, 1, 1, 1, 1, 1, 1], 'B': [0, 0, 0, 0, 0, 0, 0, 0, 0, 0]}, '西门北侧': {'A': [1, 1, 1, 1, 1, 1, 1, 1, 1, 1], 'B': [1, 1, 1, 1, 1, 1, 1, 1, 1, 1], 'C': [1, 1, 1, 1, 1, 1, 1, 1, 1, 1]}, '西门南侧': {'A': [1, 1, 1, 1, 1, 1, 1, 1, 1, 1], 'B': [1, 1, 1, 1, 1, 1, 1, 1, 1, 1], 'C': [1, 1, 1, 1, 1, 1, 1, 1, 1, 1]}, '南门西侧': {'A': [1, 1, 1, 1, 1, 1, 1, 1, 1, 1], 'B': [1, 1, 1, 1, 0, 1, 1, 1, 1, 1]}, '南门东侧': {'A': [1, 1, 1, 1, 1, 1, 1, 1, 1, 1], 'B': [1, 1, 1, 1, 1, 1, 1, 1, 1, 1]}, '北门东北侧': {'A': [1, 1, 1, 1, 1, 1, 1, 1, 1, 1], 'B': [1, 1, 1, 1, 1, 1, 1, 1, 1, 1], 'C': [1, 1, 1, 1, 1, 1, 1, 1, 1, 1], 'D': [1, 1, 1, 1, 1, 0, 1, 0, 1, 1]}, '北门东南侧': {'A': [1, 1, 1, 1, 1, 1, 1, 1, 1, 1], 'B': [0, 1, 1, 1, 1, 1, 1, 1, 1, 1], 'C': [1, 1, 1, 1, 1, 1, 1, 1, 0, 1], 'D': [1, 1, 0, 1, 1, 1, 1, 1, 1, 1], 'E': [1, 1, 1, 1, 1, 1, 1, 1, 1, 1], 'F': [1, 1, 1, 1, 1, 1, 1, 1, 1, 1]}, '橘园北侧南': {'A': [1, 1, 1, 1, 1, 1, 1, 1, 1, 1], 'B': [0, 1, 0, 1, 1, 0, 1, 1, 1, 1], 'C': [0, 0, 1, 1, 1, 1, 1, 1, 1, 1], 'D': [1, 1, 1, 1, 1, 0, 1, 1, 1, 1], 'E': [1, 1, 1, 0, 1, 1, 1, 1, 1, 1], 'F': [1, 1, 1, 1, 0, 1, 0, 1, 1, 1], 'G': [1, 1, 1, 1, 1, 1, 1, 1, 1, 1], 'H': [1, 1, 1, 1, 1, 1, 1, 1, 1, 1], 'I': [1, 1, 1, 1, 1, 0, 1, 1, 1, 1], 'J': [1, 1, 0, 1, 1, 1, 1, 1, 1, 0]}, '校医院西': {'A': [1, 1, 1, 1, 1, 1, 1, 1, 1, 1], 'B': [1, 1, 1, 1, 1, 1, 1, 1, 1, 1], 'C': [1, 1, 1, 1, 1, 1, 1, 1, 1, 1], 'D': [1, 1, 1, 1, 1, 1, 1, 1, 1, 1], 'E': [1, 1, 1, 1, 1, 1, 1, 0, 1, 1], 'F': [1, 1, 1, 1, 0, 1, 1, 1, 1, 1], 'G': [1, 1, 1, 1, 1, 1, 1, 1, 1, 1], 'H': [1, 1, 1, 1, 1, 0, 1, 1, 0, 0], 'I': [1, 1, 1, 1, 1, 1, 1, 0, 1, 1]}}
623394	2024-07-13 07:19:20.832000+08:00	2024-07-13 07:19:20.832000+08:00	{'东门北侧': {'A': [1, 1, 1, 1, 1, 1, 1, 1, 1, 1], 'B': [1, 1, 1, 1, 1, 1, 1, 1, 1, 1], 'C': [1, 1, 1, 1, 1, 1, 1, 1, 1, 0], 'D': [1, 0, 1, 1, 1, 0, 1, 1, 1, 1], 'E': [1, 1, 0, 0, 1, 1, 1, 1, 1, 1], 'F': [0, 1, 1, 1, 1, 1, 1, 1, 1, 1], 'G': [1, 1, 1, 1, 1, 0, 1, 1, 0, 1], 'H': [1, 1, 1, 1, 1, 1, 1, 1, 1, 1], 'I': [1, 1, 0, 1, 1, 1, 1, 1, 1, 1], 'J': [1, 1, 1, 1, 1, 0, 1, 1, 1, 1], 'K': [0, 1, 1, 1, 1, 1, 1, 1, 1, 0]}, '东门南侧': {'A': [1, 0, 1, 1, 1, 1, 1, 1, 1, 1], 'B': [0, 0, 0, 0, 0, 0, 0, 0, 0, 0]}, '西门北侧': {'A': [1, 1, 1, 1, 1, 1, 1, 1, 1, 1], 'B': [1, 1, 1, 1, 1, 1, 1, 1, 1, 1], 'C': [1, 1, 1, 1, 1, 1, 1, 1, 1, 1]}, '西门南侧': {'A': [1, 1, 1, 1, 1, 1, 1, 1, 1, 1], 'B': [1, 1, 1, 1, 1, 1, 1, 1, 1, 1], 'C': [1, 1, 1, 1, 1, 1, 1, 1, 1, 1]}, '南门西侧': {'A': [1, 1, 1, 1, 1, 1, 1, 1, 1, 1], 'B': [1, 1, 1, 1, 0, 1, 1, 1, 1, 1]}, '南门东侧': {'A': [1, 1, 1, 1, 1, 1, 1, 1, 1, 1], 'B': [1, 1, 1, 1, 1, 1, 1, 1, 1, 1]}, '北门东北侧': {'A': [1, 1, 1, 1, 1, 1, 1, 1, 1, 1], 'B': [1, 1, 1, 1, 1, 1, 1, 1, 1, 1], 'C': [1, 1, 1, 1, 1, 1, 1, 1, 1, 1], 'D': [1, 1, 1, 1, 1, 0, 1, 0, 1, 1]}, '北门东南侧': {'A': [1, 1, 1, 1, 1, 1, 1, 1, 1, 1], 'B': [0, 1, 1, 1, 1, 1, 1, 1, 1, 1], 'C': [1, 1, 1, 1, 1, 1, 1, 1, 0, 1], 'D': [1, 1, 0, 1, 1, 1, 1, 1, 1, 1], 'E': [1, 1, 1, 1, 1, 1, 1, 1, 1, 1], 'F': [1, 1, 1, 1, 1, 1, 1, 1, 1, 1]}, '橘园北侧南': {'A': [1, 1, 1, 1, 1, 1, 1, 1, 1, 1], 'B': [0, 1, 0, 1, 1, 0, 1, 1, 1, 1], 'C': [0, 0, 1, 1, 1, 1, 1, 1, 1, 1], 'D': [1, 1, 1, 1, 1, 0, 1, 1, 1, 1], 'E': [1, 1, 1, 0, 1, 1, 1, 1, 1, 1], 'F': [1, 1, 1, 1, 0, 1, 0, 1, 1, 1], 'G': [1, 1, 1, 1, 1, 1, 1, 1, 1, 1], 'H': [1, 1, 1, 1, 1, 1, 1, 1, 1, 1], 'I': [1, 1, 1, 1, 1, 0, 1, 1, 1, 1], 'J': [1, 1, 0, 1, 1, 1, 1, 1, 1, 0]}, '校医院西': {'A': [1, 1, 1, 1, 1, 1, 1, 1, 1, 1], 'B': [1, 1, 1, 1, 1, 1, 1, 1, 1, 1], 'C': [1, 1, 1, 1, 1, 1, 1, 1, 1, 1], 'D': [1, 1, 1, 1, 1, 1, 1, 1, 1, 1], 'E': [1, 1, 1, 1, 1, 1, 1, 0, 1, 1], 'F': [1, 1, 1, 1, 0, 1, 1, 1, 1, 1], 'G': [1, 1, 1, 1, 1, 1, 1, 1, 1, 1], 'H': [1, 1, 1, 1, 1, 0, 1, 1, 0, 0], 'I': [1, 1, 1, 1, 1, 1, 1, 0, 1, 1]}}
623395	2024-07-13 07:20:23.174000+08:00	2024-07-13 07:20:23.174000+08:00	{'东门北侧': {'A': [1, 1, 1, 1, 1, 1, 1, 1, 1, 1], 'B': [1, 1, 1, 1, 1, 1, 1, 1, 1, 1], 'C': [1, 1, 1, 1, 1, 1, 1, 1, 1, 0], 'D': [1, 0, 1, 1, 1, 0, 1, 1, 1, 1], 'E': [1, 1, 0, 0, 1, 1, 1, 1, 1, 1], 'F': [0, 1, 1, 1, 1, 1, 1, 1, 1, 1], 'G': [1, 1, 1, 1, 1, 0, 1, 1, 0, 1], 'H': [1, 1, 1, 1, 1, 1, 1, 1, 1, 1], 'I': [1, 1, 0, 1, 1, 1, 1, 1, 1, 1], 'J': [1, 1, 1, 1, 1, 0, 1, 1, 1, 1], 'K': [0, 1, 1, 1, 1, 1, 1, 1, 1, 0]}, '东门南侧': {'A': [1, 0, 1, 1, 1, 1, 1, 1, 1, 1], 'B': [0, 0, 0, 0, 0, 0, 0, 0, 0, 0]}, '西门北侧': {'A': [1, 1, 1, 1, 1, 1, 1, 1, 1, 1], 'B': [1, 1, 1, 1, 1, 1, 1, 1, 1, 1], 'C': [1, 1, 1, 1, 1, 1, 1, 1, 1, 1]}, '西门南侧': {'A': [1, 1, 1, 1, 1, 1, 1, 1, 1, 1], 'B': [1, 1, 1, 1, 1, 1, 1, 1, 1, 1], 'C': [1, 1, 1, 1, 1, 1, 1, 1, 1, 1]}, '南门西侧': {'A': [1, 1, 1, 1, 1, 1, 1, 1, 1, 1], 'B': [1, 1, 1, 1, 0, 1, 1, 1, 1, 1]}, '南门东侧': {'A': [1, 1, 1, 1, 1, 1, 1, 1, 1, 1], 'B': [1, 1, 1, 1, 1, 1, 1, 1, 1, 1]}, '北门东北侧': {'A': [1, 1, 1, 1, 1, 1, 1, 1, 1, 1], 'B': [1, 1, 1, 1, 1, 1, 1, 1, 1, 1], 'C': [1, 1, 1, 1, 1, 1, 1, 1, 1, 1], 'D': [1, 1, 1, 1, 1, 0, 1, 0, 1, 1]}, '北门东南侧': {'A': [1, 1, 1, 1, 1, 1, 1, 1, 1, 1], 'B': [0, 1, 1, 1, 1, 1, 1, 1, 1, 1], 'C': [1, 1, 1, 1, 1, 1, 1, 1, 0, 1], 'D': [1, 1, 0, 1, 1, 1, 1, 1, 1, 1], 'E': [1, 1, 1, 1, 1, 1, 1, 1, 1, 1], 'F': [1, 1, 1, 1, 1, 1, 1, 1, 1, 1]}, '橘园北侧南': {'A': [1, 1, 1, 1, 1, 1, 1, 1, 1, 1], 'B': [0, 1, 0, 1, 1, 0, 1, 1, 1, 1], 'C': [0, 0, 1, 1, 1, 1, 1, 1, 1, 1], 'D': [1, 1, 1, 1, 1, 0, 1, 1, 1, 1], 'E': [1, 1, 1, 0, 1, 1, 1, 1, 1, 1], 'F': [1, 1, 1, 1, 0, 1, 0, 1, 1, 1], 'G': [1, 1, 1, 1, 1, 1, 1, 1, 1, 1], 'H': [1, 1, 1, 1, 1, 1, 1, 1, 1, 1], 'I': [1, 1, 1, 1, 1, 0, 1, 1, 1, 1], 'J': [1, 1, 0, 1, 1, 1, 1, 1, 1, 0]}, '校医院西': {'A': [1, 1, 1, 1, 1, 1, 1, 1, 1, 1], 'B': [1, 1, 1, 1, 1, 1, 1, 1, 1, 1], 'C': [1, 1, 1, 1, 1, 1, 1, 1, 1, 1], 'D': [1, 1, 1, 1, 1, 1, 1, 1, 1, 1], 'E': [1, 1, 1, 1, 1, 1, 1, 0, 1, 1], 'F': [1, 1, 1, 1, 0, 1, 1, 1, 1, 1], 'G': [1, 1, 1, 1, 1, 1, 1, 1, 1, 1], 'H': [1, 1, 1, 1, 1, 0, 1, 1, 0, 0], 'I': [1, 1, 1, 1, 1, 1, 1, 0, 1, 1]}}
623396	2024-07-13 07:21:22.832000+08:00	2024-07-13 07:21:22.832000+08:00	{'东门北侧': {'A': [1, 1, 1, 1, 1, 1, 1, 1, 1, 1], 'B': [1, 1, 1, 1, 1, 1, 1, 1, 1, 1], 'C': [1, 1, 1, 1, 1, 1, 1, 1, 1, 0], 'D': [1, 0, 1, 1, 1, 0, 1, 1, 1, 1], 'E': [1, 1, 0, 0, 1, 1, 1, 1, 1, 1], 'F': [0, 1, 1, 1, 1, 1, 1, 1, 1, 1], 'G': [1, 1, 1, 1, 1, 0, 1, 1, 0, 1], 'H': [1, 1, 1, 1, 1, 1, 1, 1, 1, 1], 'I': [1, 1, 0, 1, 1, 1, 1, 1, 1, 1], 'J': [1, 1, 1, 1, 1, 0, 1, 1, 1, 1], 'K': [0, 1, 1, 1, 1, 1, 1, 1, 1, 0]}, '东门南侧': {'A': [1, 0, 1, 1, 1, 1, 1, 1, 1, 1], 'B': [0, 0, 0, 0, 0, 0, 0, 0, 0, 0]}, '西门北侧': {'A': [1, 1, 1, 1, 1, 1, 1, 1, 1, 1], 'B': [1, 1, 1, 1, 1, 1, 1, 1, 1, 1], 'C': [1, 1, 1, 1, 1, 1, 1, 1, 1, 1]}, '西门南侧': {'A': [1, 1, 1, 1, 1, 1, 1, 1, 1, 1], 'B': [1, 1, 1, 1, 1, 1, 1, 1, 1, 1], 'C': [1, 1, 1, 1, 1, 1, 1, 1, 1, 1]}, '南门西侧': {'A': [1, 1, 1, 1, 1, 1, 1, 1, 1, 1], 'B': [1, 1, 1, 1, 0, 1, 1, 1, 1, 1]}, '南门东侧': {'A': [1, 1, 1, 1, 1, 1, 1, 1, 1, 1], 'B': [1, 1, 1, 1, 1, 1, 1, 1, 1, 1]}, '北门东北侧': {'A': [1, 1, 1, 1, 1, 1, 1, 1, 1, 1], 'B': [1, 1, 1, 1, 1, 1, 1, 1, 1, 1], 'C': [1, 1, 1, 1, 1, 1, 1, 1, 1, 1], 'D': [1, 1, 1, 1, 1, 0, 1, 0, 1, 1]}, '北门东南侧': {'A': [1, 1, 1, 1, 1, 1, 1, 1, 1, 1], 'B': [0, 1, 1, 1, 1, 1, 1, 1, 1, 1], 'C': [1, 1, 1, 1, 1, 1, 1, 1, 0, 1], 'D': [1, 1, 0, 1, 1, 1, 1, 1, 1, 1], 'E': [1, 1, 1, 1, 1, 1, 1, 1, 1, 1], 'F': [1, 1, 1, 1, 1, 1, 1, 1, 1, 1]}, '橘园北侧南': {'A': [1, 1, 1, 1, 1, 1, 1, 1, 1, 1], 'B': [0, 1, 0, 1, 1, 0, 1, 1, 1, 1], 'C': [0, 0, 1, 1, 1, 1, 1, 1, 1, 1], 'D': [1, 1, 1, 1, 1, 0, 1, 1, 1, 1], 'E': [1, 1, 1, 0, 1, 1, 1, 1, 1, 1], 'F': [1, 1, 1, 1, 0, 1, 0, 1, 1, 1], 'G': [1, 1, 1, 1, 1, 1, 1, 1, 1, 1], 'H': [1, 1, 1, 1, 1, 1, 1, 1, 1, 1], 'I': [1, 1, 1, 1, 1, 0, 1, 1, 1, 1], 'J': [1, 1, 0, 1, 1, 1, 1, 1, 1, 0]}, '校医院西': {'A': [1, 1, 1, 1, 1, 1, 1, 1, 1, 1], 'B': [1, 1, 1, 1, 1, 1, 1, 1, 1, 1], 'C': [1, 1, 1, 1, 1, 1, 1, 1, 1, 1], 'D': [1, 1, 1, 1, 1, 1, 1, 1, 1, 1], 'E': [1, 1, 1, 1, 1, 1, 1, 0, 1, 1], 'F': [1, 1, 1, 1, 0, 1, 1, 1, 1, 1], 'G': [1, 1, 1, 1, 1, 1, 1, 1, 1, 1], 'H': [1, 1, 1, 1, 1, 0, 1, 1, 0, 0], 'I': [1, 1, 1, 1, 1, 1, 1, 0, 1, 1]}}
623397	2024-07-13 07:22:20.832000+08:00	2024-07-13 07:22:20.832000+08:00	{'东门北侧': {'A': [1, 1, 1, 1, 1, 1, 1, 1, 1, 1], 'B': [1, 1, 1, 1, 1, 1, 1, 1, 1, 1], 'C': [1, 1, 1, 1, 1, 1, 1, 1, 1, 0], 'D': [1, 0, 1, 1, 1, 0, 1, 1, 1, 1], 'E': [1, 1, 0, 0, 1, 1, 1, 1, 1, 1], 'F': [0, 1, 1, 1, 1, 1, 1, 1, 1, 1], 'G': [1, 1, 1, 1, 1, 0, 1, 1, 0, 1], 'H': [1, 1, 1, 1, 1, 1, 1, 1, 1, 1], 'I': [1, 1, 0, 1, 1, 1, 1, 1, 1, 1], 'J': [1, 1, 1, 1, 1, 0, 1, 1, 1, 1], 'K': [0, 1, 1, 1, 1, 1, 1, 1, 1, 0]}, '东门南侧': {'A': [1, 0, 1, 1, 1, 1, 1, 1, 1, 1], 'B': [0, 0, 0, 0, 0, 0, 0, 0, 0, 0]}, '西门北侧': {'A': [1, 1, 1, 1, 1, 1, 1, 1, 1, 1], 'B': [1, 1, 1, 1, 1, 1, 1, 1, 1, 1], 'C': [1, 1, 1, 1, 1, 1, 1, 1, 1, 1]}, '西门南侧': {'A': [1, 1, 1, 1, 1, 1, 1, 1, 1, 1], 'B': [1, 1, 1, 1, 1, 1, 1, 1, 1, 1], 'C': [1, 1, 1, 1, 1, 1, 1, 1, 1, 1]}, '南门西侧': {'A': [1, 1, 1, 1, 1, 1, 1, 1, 1, 1], 'B': [1, 1, 1, 1, 0, 1, 1, 1, 1, 1]}, '南门东侧': {'A': [1, 1, 1, 1, 1, 1, 1, 1, 1, 1], 'B': [1, 1, 1, 1, 1, 1, 1, 1, 1, 1]}, '北门东北侧': {'A': [1, 1, 1, 1, 1, 1, 1, 1, 1, 1], 'B': [1, 1, 1, 1, 1, 1, 1, 1, 1, 1], 'C': [1, 1, 1, 1, 1, 1, 1, 1, 1, 1], 'D': [1, 1, 1, 1, 1, 0, 1, 0, 1, 1]}, '北门东南侧': {'A': [1, 1, 1, 1, 1, 1, 1, 1, 1, 1], 'B': [0, 1, 1, 1, 1, 1, 1, 1, 1, 1], 'C': [1, 1, 1, 1, 1, 1, 1, 1, 0, 1], 'D': [1, 1, 0, 1, 1, 1, 1, 1, 1, 1], 'E': [1, 1, 1, 1, 1, 1, 1, 1, 1, 1], 'F': [1, 1, 1, 1, 1, 1, 1, 1, 1, 1]}, '橘园北侧南': {'A': [1, 1, 1, 1, 1, 1, 1, 1, 1, 1], 'B': [0, 1, 0, 1, 1, 0, 1, 1, 1, 1], 'C': [0, 0, 1, 1, 1, 1, 1, 1, 1, 1], 'D': [1, 1, 1, 1, 1, 0, 1, 1, 1, 1], 'E': [1, 1, 1, 0, 1, 1, 1, 1, 1, 1], 'F': [1, 1, 1, 1, 0, 1, 0, 1, 1, 1], 'G': [1, 1, 1, 1, 1, 1, 1, 1, 1, 1], 'H': [1, 1, 1, 1, 1, 1, 1, 1, 1, 1], 'I': [1, 1, 1, 1, 1, 0, 1, 1, 1, 1], 'J': [1, 1, 0, 1, 1, 1, 1, 1, 1, 0]}, '校医院西': {'A': [1, 1, 1, 1, 1, 1, 1, 1, 1, 1], 'B': [1, 1, 1, 1, 1, 1, 1, 1, 1, 1], 'C': [1, 1, 1, 1, 1, 1, 1, 1, 1, 1], 'D': [1, 1, 1, 1, 1, 1, 1, 1, 1, 1], 'E': [1, 1, 1, 1, 1, 1, 1, 0, 1, 1], 'F': [1, 1, 1, 1, 0, 1, 1, 1, 1, 1], 'G': [1, 1, 1, 1, 1, 1, 1, 1, 1, 1], 'H': [1, 1, 1, 1, 1, 0, 1, 1, 0, 0], 'I': [1, 1, 1, 1, 1, 1, 1, 0, 1, 1]}}
623398	2024-07-13 07:23:20.827000+08:00	2024-07-13 07:23:20.827000+08:00	{'东门北侧': {'A': [1, 1, 1, 1, 1, 1, 1, 1, 1, 1], 'B': [1, 1, 1, 1, 1, 1, 1, 1, 1, 1], 'C': [1, 1, 1, 1, 1, 1, 1, 1, 1, 0], 'D': [1, 0, 1, 1, 1, 0, 1, 1, 1, 1], 'E': [1, 1, 0, 0, 1, 1, 1, 1, 1, 1], 'F': [0, 1, 1, 1, 1, 1, 1, 1, 1, 1], 'G': [1, 1, 1, 1, 1, 0, 1, 1, 0, 1], 'H': [1, 1, 1, 1, 1, 1, 1, 1, 1, 1], 'I': [1, 1, 0, 1, 1, 1, 1, 1, 1, 1], 'J': [1, 1, 1, 1, 1, 0, 1, 1, 1, 1], 'K': [0, 1, 1, 1, 1, 1, 1, 1, 1, 0]}, '东门南侧': {'A': [1, 0, 1, 1, 1, 1, 1, 1, 1, 1], 'B': [0, 0, 0, 0, 0, 0, 0, 0, 0, 0]}, '西门北侧': {'A': [1, 1, 1, 1, 1, 1, 1, 1, 1, 1], 'B': [1, 1, 1, 1, 1, 1, 1, 1, 1, 1], 'C': [1, 1, 1, 1, 1, 1, 1, 1, 1, 1]}, '西门南侧': {'A': [1, 1, 1, 1, 1, 1, 1, 1, 1, 1], 'B': [1, 1, 1, 1, 1, 1, 1, 1, 1, 1], 'C': [1, 1, 1, 1, 1, 1, 1, 1, 1, 1]}, '南门西侧': {'A': [1, 1, 1, 1, 1, 1, 1, 1, 1, 1], 'B': [1, 1, 1, 1, 0, 1, 1, 1, 1, 1]}, '南门东侧': {'A': [1, 1, 1, 1, 1, 1, 1, 1, 1, 1], 'B': [1, 1, 1, 1, 1, 1, 1, 1, 1, 1]}, '北门东北侧': {'A': [1, 1, 1, 1, 1, 1, 1, 1, 1, 1], 'B': [1, 1, 1, 1, 1, 1, 1, 1, 1, 1], 'C': [1, 1, 1, 1, 1, 1, 1, 1, 1, 1], 'D': [1, 1, 1, 1, 1, 0, 1, 0, 1, 1]}, '北门东南侧': {'A': [1, 1, 1, 1, 1, 1, 1, 1, 1, 1], 'B': [0, 1, 1, 1, 1, 1, 1, 1, 1, 1], 'C': [1, 1, 1, 1, 1, 1, 1, 1, 0, 1], 'D': [1, 1, 0, 1, 1, 1, 1, 1, 1, 1], 'E': [1, 1, 1, 1, 1, 1, 1, 1, 1, 1], 'F': [1, 1, 1, 1, 1, 1, 1, 1, 1, 1]}, '橘园北侧南': {'A': [1, 1, 1, 1, 1, 1, 1, 1, 1, 1], 'B': [0, 1, 0, 1, 1, 0, 1, 1, 1, 1], 'C': [0, 0, 1, 1, 1, 1, 1, 1, 1, 1], 'D': [1, 1, 1, 1, 1, 0, 1, 1, 1, 1], 'E': [1, 1, 1, 0, 1, 1, 1, 1, 1, 1], 'F': [1, 1, 1, 1, 0, 1, 0, 1, 1, 1], 'G': [1, 1, 1, 1, 1, 1, 1, 1, 1, 1], 'H': [1, 1, 1, 1, 1, 1, 1, 1, 1, 1], 'I': [1, 1, 1, 1, 1, 0, 1, 1, 1, 1], 'J': [1, 1, 0, 1, 1, 1, 1, 1, 1, 0]}, '校医院西': {'A': [1, 1, 1, 1, 1, 1, 1, 1, 1, 1], 'B': [1, 1, 1, 1, 1, 1, 1, 1, 1, 1], 'C': [1, 1, 1, 1, 1, 1, 1, 1, 1, 1], 'D': [1, 1, 1, 1, 1, 1, 1, 1, 1, 1], 'E': [1, 1, 1, 1, 1, 1, 1, 0, 1, 1], 'F': [1, 1, 1, 1, 0, 1, 1, 1, 1, 1], 'G': [1, 1, 1, 1, 1, 1, 1, 1, 1, 1], 'H': [1, 1, 1, 1, 1, 0, 1, 1, 0, 0], 'I': [1, 1, 1, 1, 1, 1, 1, 0, 1, 1]}}
623399	2024-07-13 07:24:21.859000+08:00	2024-07-13 07:24:21.859000+08:00	{'东门北侧': {'A': [1, 1, 1, 1, 1, 1, 1, 1, 1, 1], 'B': [1, 1, 1, 1, 1, 1, 1, 1, 1, 1], 'C': [1, 1, 1, 1, 1, 1, 1, 1, 1, 0], 'D': [1, 0, 1, 1, 1, 0, 1, 1, 1, 1], 'E': [1, 1, 0, 0, 1, 1, 1, 1, 1, 1], 'F': [0, 1, 1, 1, 1, 1, 1, 1, 1, 1], 'G': [1, 1, 1, 1, 1, 0, 1, 1, 0, 1], 'H': [1, 1, 1, 1, 1, 1, 1, 1, 1, 1], 'I': [1, 1, 0, 1, 1, 1, 1, 1, 1, 1], 'J': [1, 1, 1, 1, 1, 0, 1, 1, 1, 1], 'K': [0, 1, 1, 1, 1, 1, 1, 1, 1, 0]}, '东门南侧': {'A': [1, 0, 1, 1, 1, 1, 1, 1, 1, 1], 'B': [0, 0, 0, 0, 0, 0, 0, 0, 0, 0]}, '西门北侧': {'A': [1, 1, 1, 1, 1, 1, 1, 1, 1, 1], 'B': [1, 1, 1, 1, 1, 1, 1, 1, 1, 1], 'C': [1, 1, 1, 1, 1, 1, 1, 1, 1, 1]}, '西门南侧': {'A': [1, 1, 1, 1, 1, 1, 1, 1, 1, 1], 'B': [1, 1, 1, 1, 1, 1, 1, 1, 1, 1], 'C': [1, 1, 1, 1, 1, 1, 1, 1, 1, 1]}, '南门西侧': {'A': [1, 1, 1, 1, 1, 1, 1, 1, 1, 1], 'B': [1, 1, 1, 1, 0, 1, 1, 1, 1, 1]}, '南门东侧': {'A': [1, 1, 1, 1, 1, 1, 1, 1, 1, 1], 'B': [1, 1, 1, 1, 1, 1, 1, 1, 1, 1]}, '北门东北侧': {'A': [1, 1, 1, 1, 1, 1, 1, 1, 1, 1], 'B': [1, 1, 1, 1, 1, 1, 1, 1, 1, 1], 'C': [1, 1, 1, 1, 1, 1, 1, 1, 1, 1], 'D': [1, 1, 1, 1, 1, 0, 1, 0, 1, 1]}, '北门东南侧': {'A': [1, 1, 1, 1, 1, 1, 1, 1, 1, 1], 'B': [0, 1, 1, 1, 1, 1, 1, 1, 1, 1], 'C': [1, 1, 1, 1, 1, 1, 1, 1, 0, 1], 'D': [1, 1, 0, 1, 1, 1, 1, 1, 1, 1], 'E': [1, 1, 1, 1, 1, 1, 1, 1, 1, 1], 'F': [1, 1, 1, 1, 1, 1, 1, 1, 1, 1]}, '橘园北侧南': {'A': [1, 1, 1, 1, 1, 1, 1, 1, 1, 1], 'B': [0, 1, 0, 1, 1, 0, 1, 1, 1, 1], 'C': [0, 0, 1, 1, 1, 1, 1, 1, 1, 1], 'D': [1, 1, 1, 1, 1, 0, 1, 1, 1, 1], 'E': [1, 1, 1, 0, 1, 1, 1, 1, 1, 1], 'F': [1, 1, 1, 1, 0, 1, 0, 1, 1, 1], 'G': [1, 1, 1, 1, 1, 1, 1, 1, 1, 1], 'H': [1, 1, 1, 1, 1, 1, 1, 1, 1, 1], 'I': [1, 1, 1, 1, 1, 0, 1, 1, 1, 1], 'J': [1, 1, 0, 1, 1, 1, 1, 1, 1, 0]}, '校医院西': {'A': [1, 1, 1, 1, 1, 1, 1, 1, 1, 1], 'B': [1, 1, 1, 1, 1, 1, 1, 1, 1, 1], 'C': [1, 1, 1, 1, 1, 1, 1, 1, 1, 1], 'D': [1, 1, 1, 1, 1, 1, 1, 1, 1, 1], 'E': [1, 1, 1, 1, 1, 1, 1, 0, 1, 1], 'F': [1, 1, 1, 1, 0, 1, 1, 1, 1, 1], 'G': [1, 1, 1, 1, 1, 1, 1, 1, 1, 1], 'H': [1, 1, 1, 1, 1, 0, 1, 1, 0, 0], 'I': [1, 1, 1, 1, 1, 1, 1, 0, 1, 1]}}
623400	2024-07-13 07:25:22.845000+08:00	2024-07-13 07:25:22.845000+08:00	{'东门北侧': {'A': [1, 1, 1, 1, 1, 1, 1, 1, 1, 1], 'B': [1, 1, 1, 1, 1, 1, 1, 1, 1, 1], 'C': [1, 1, 1, 1, 1, 1, 1, 1, 1, 0], 'D': [1, 0, 1, 1, 1, 0, 1, 1, 1, 1], 'E': [1, 1, 0, 0, 1, 1, 1, 1, 1, 1], 'F': [0, 1, 1, 1, 1, 1, 1, 1, 1, 1], 'G': [1, 1, 1, 1, 1, 0, 1, 1, 0, 1], 'H': [1, 1, 1, 1, 1, 1, 1, 1, 1, 1], 'I': [1, 1, 0, 1, 1, 1, 1, 1, 1, 1], 'J': [1, 1, 1, 1, 1, 0, 1, 1, 1, 1], 'K': [0, 1, 1, 1, 1, 1, 1, 1, 1, 0]}, '东门南侧': {'A': [1, 0, 1, 1, 1, 1, 1, 1, 1, 1], 'B': [0, 0, 0, 0, 0, 0, 0, 0, 0, 0]}, '西门北侧': {'A': [1, 1, 1, 1, 1, 1, 1, 1, 1, 1], 'B': [1, 1, 1, 1, 1, 1, 1, 1, 1, 1], 'C': [1, 1, 1, 1, 1, 1, 1, 1, 1, 1]}, '西门南侧': {'A': [1, 1, 1, 1, 1, 1, 1, 1, 1, 1], 'B': [1, 1, 1, 1, 1, 1, 1, 1, 1, 1], 'C': [1, 1, 1, 1, 1, 1, 1, 1, 1, 1]}, '南门西侧': {'A': [1, 1, 1, 1, 1, 1, 1, 1, 1, 1], 'B': [1, 1, 1, 1, 0, 1, 1, 1, 1, 1]}, '南门东侧': {'A': [1, 1, 1, 1, 1, 1, 1, 1, 1, 1], 'B': [1, 1, 1, 1, 1, 1, 1, 1, 1, 1]}, '北门东北侧': {'A': [1, 1, 1, 1, 1, 1, 1, 1, 1, 1], 'B': [1, 1, 1, 1, 1, 1, 1, 1, 1, 1], 'C': [1, 1, 1, 1, 1, 1, 1, 1, 1, 1], 'D': [1, 1, 1, 1, 1, 0, 1, 0, 1, 1]}, '北门东南侧': {'A': [1, 1, 1, 1, 1, 1, 1, 1, 1, 1], 'B': [0, 1, 1, 1, 1, 1, 1, 1, 1, 1], 'C': [1, 1, 1, 1, 1, 1, 1, 1, 0, 1], 'D': [1, 1, 0, 1, 1, 1, 1, 1, 1, 1], 'E': [1, 1, 1, 1, 1, 1, 1, 1, 1, 1], 'F': [1, 1, 1, 1, 1, 1, 1, 1, 1, 1]}, '橘园北侧南': {'A': [1, 1, 1, 1, 1, 1, 1, 1, 1, 1], 'B': [0, 1, 0, 1, 1, 0, 1, 1, 1, 1], 'C': [0, 0, 1, 1, 1, 1, 1, 1, 1, 1], 'D': [1, 1, 1, 1, 1, 0, 1, 1, 1, 1], 'E': [1, 1, 1, 0, 1, 1, 1, 1, 1, 1], 'F': [1, 1, 1, 1, 0, 1, 0, 1, 1, 1], 'G': [1, 1, 1, 1, 1, 1, 1, 1, 1, 1], 'H': [1, 1, 1, 1, 1, 1, 1, 1, 1, 1], 'I': [1, 1, 1, 1, 1, 0, 1, 1, 1, 1], 'J': [1, 1, 0, 1, 1, 1, 1, 1, 1, 0]}, '校医院西': {'A': [1, 1, 1, 1, 1, 1, 1, 1, 1, 1], 'B': [1, 1, 1, 1, 1, 1, 1, 1, 1, 1], 'C': [1, 1, 1, 1, 1, 1, 1, 1, 1, 1], 'D': [1, 1, 1, 1, 1, 1, 1, 1, 1, 1], 'E': [1, 1, 1, 1, 1, 1, 1, 0, 1, 1], 'F': [1, 1, 1, 1, 0, 1, 1, 1, 1, 1], 'G': [1, 1, 1, 1, 1, 1, 1, 1, 1, 1], 'H': [1, 1, 1, 1, 1, 0, 1, 1, 0, 0], 'I': [1, 1, 1, 1, 1, 1, 1, 0, 1, 1]}}
623401	2024-07-13 07:26:20.826000+08:00	2024-07-13 07:26:20.826000+08:00	{'东门北侧': {'A': [1, 1, 1, 1, 1, 1, 1, 1, 1, 1], 'B': [1, 1, 1, 1, 1, 1, 1, 1, 1, 1], 'C': [1, 1, 1, 1, 1, 1, 1, 1, 1, 0], 'D': [1, 0, 1, 1, 1, 0, 1, 1, 1, 1], 'E': [1, 1, 0, 0, 1, 1, 1, 1, 1, 1], 'F': [0, 1, 1, 1, 1, 1, 1, 1, 1, 1], 'G': [1, 1, 1, 1, 1, 0, 1, 1, 0, 1], 'H': [1, 1, 1, 1, 1, 1, 1, 1, 1, 1], 'I': [1, 1, 0, 1, 1, 1, 1, 1, 1, 1], 'J': [1, 1, 1, 1, 1, 0, 1, 1, 1, 1], 'K': [0, 1, 1, 1, 1, 1, 1, 1, 1, 0]}, '东门南侧': {'A': [1, 0, 1, 1, 1, 1, 1, 1, 1, 1], 'B': [0, 0, 0, 0, 0, 0, 0, 0, 0, 0]}, '西门北侧': {'A': [1, 1, 1, 1, 1, 1, 1, 1, 1, 1], 'B': [1, 1, 1, 1, 1, 1, 1, 1, 1, 1], 'C': [1, 1, 1, 1, 1, 1, 1, 1, 1, 1]}, '西门南侧': {'A': [1, 1, 1, 1, 1, 1, 1, 1, 1, 1], 'B': [1, 1, 1, 1, 1, 1, 1, 1, 1, 1], 'C': [1, 1, 1, 1, 1, 1, 1, 1, 1, 1]}, '南门西侧': {'A': [1, 1, 1, 1, 1, 1, 1, 1, 1, 1], 'B': [1, 1, 1, 1, 0, 1, 1, 1, 1, 1]}, '南门东侧': {'A': [1, 1, 1, 1, 1, 1, 1, 1, 1, 1], 'B': [1, 1, 1, 1, 1, 1, 1, 1, 1, 1]}, '北门东北侧': {'A': [1, 1, 1, 1, 1, 1, 1, 1, 1, 1], 'B': [1, 1, 1, 1, 1, 1, 1, 1, 1, 1], 'C': [1, 1, 1, 1, 1, 1, 1, 1, 1, 1], 'D': [1, 1, 1, 1, 1, 0, 1, 0, 1, 1]}, '北门东南侧': {'A': [1, 1, 1, 1, 1, 1, 1, 1, 1, 1], 'B': [0, 1, 1, 1, 1, 1, 1, 1, 1, 1], 'C': [1, 1, 1, 1, 1, 1, 1, 1, 0, 1], 'D': [1, 1, 0, 1, 1, 1, 1, 1, 1, 1], 'E': [1, 1, 1, 1, 1, 1, 1, 1, 1, 1], 'F': [1, 1, 1, 1, 1, 1, 1, 1, 1, 1]}, '橘园北侧南': {'A': [1, 1, 1, 1, 1, 1, 1, 1, 1, 1], 'B': [0, 1, 0, 1, 1, 0, 1, 1, 1, 1], 'C': [0, 0, 1, 1, 1, 1, 1, 1, 1, 1], 'D': [1, 1, 1, 1, 1, 0, 1, 1, 1, 1], 'E': [1, 1, 1, 0, 1, 1, 1, 1, 1, 1], 'F': [1, 1, 1, 1, 0, 1, 0, 1, 1, 1], 'G': [1, 1, 1, 1, 1, 1, 1, 1, 1, 1], 'H': [1, 1, 1, 1, 1, 1, 1, 1, 1, 1], 'I': [1, 1, 1, 1, 1, 0, 1, 1, 1, 1], 'J': [1, 1, 0, 1, 1, 1, 1, 1, 1, 0]}, '校医院西': {'A': [1, 1, 1, 1, 1, 1, 1, 1, 1, 1], 'B': [1, 1, 1, 1, 1, 1, 1, 1, 1, 1], 'C': [1, 1, 1, 1, 1, 1, 1, 1, 1, 1], 'D': [1, 1, 1, 1, 1, 1, 1, 1, 1, 1], 'E': [1, 1, 1, 1, 1, 1, 1, 0, 1, 1], 'F': [1, 1, 1, 1, 0, 1, 1, 1, 1, 1], 'G': [1, 1, 1, 1, 1, 1, 1, 1, 1, 1], 'H': [1, 1, 1, 1, 1, 0, 1, 1, 0, 0], 'I': [1, 1, 1, 1, 1, 1, 1, 0, 1, 1]}}
623402	2024-07-13 07:27:22.162000+08:00	2024-07-13 07:27:22.162000+08:00	{'东门北侧': {'A': [1, 1, 1, 1, 1, 1, 1, 1, 1, 1], 'B': [1, 1, 1, 1, 1, 1, 1, 1, 1, 1], 'C': [1, 1, 1, 1, 1, 1, 1, 1, 1, 0], 'D': [1, 0, 1, 1, 1, 0, 1, 1, 1, 1], 'E': [1, 1, 0, 0, 1, 1, 1, 1, 1, 1], 'F': [0, 1, 1, 1, 1, 1, 1, 1, 1, 1], 'G': [1, 1, 1, 1, 1, 0, 1, 1, 0, 1], 'H': [1, 1, 1, 1, 1, 1, 1, 1, 1, 1], 'I': [1, 1, 0, 1, 1, 1, 1, 1, 1, 1], 'J': [1, 1, 1, 1, 1, 0, 1, 1, 1, 1], 'K': [0, 1, 1, 1, 1, 1, 1, 1, 1, 0]}, '东门南侧': {'A': [1, 0, 1, 1, 1, 1, 1, 1, 1, 1], 'B': [0, 0, 0, 0, 0, 0, 0, 0, 0, 0]}, '西门北侧': {'A': [1, 1, 1, 1, 1, 1, 1, 1, 1, 1], 'B': [1, 1, 1, 1, 1, 1, 1, 1, 1, 1], 'C': [1, 1, 1, 1, 1, 1, 1, 1, 1, 1]}, '西门南侧': {'A': [1, 1, 1, 1, 1, 1, 1, 1, 1, 1], 'B': [1, 1, 1, 1, 1, 1, 1, 1, 1, 1], 'C': [1, 1, 1, 1, 1, 1, 1, 1, 1, 1]}, '南门西侧': {'A': [1, 1, 1, 1, 1, 1, 1, 1, 1, 1], 'B': [1, 1, 1, 1, 0, 1, 1, 1, 1, 1]}, '南门东侧': {'A': [1, 1, 1, 1, 1, 1, 1, 1, 1, 1], 'B': [1, 1, 1, 1, 1, 1, 1, 1, 1, 1]}, '北门东北侧': {'A': [1, 1, 1, 1, 1, 1, 1, 1, 1, 1], 'B': [1, 1, 1, 1, 1, 1, 1, 1, 1, 1], 'C': [1, 1, 1, 1, 1, 1, 1, 1, 1, 1], 'D': [1, 1, 1, 1, 1, 1, 1, 0, 1, 1]}, '北门东南侧': {'A': [1, 1, 1, 1, 1, 1, 1, 1, 1, 1], 'B': [0, 1, 1, 1, 1, 1, 1, 1, 1, 1], 'C': [1, 1, 1, 1, 1, 1, 1, 1, 0, 1], 'D': [1, 1, 0, 1, 1, 1, 1, 1, 1, 1], 'E': [1, 1, 1, 1, 1, 1, 1, 1, 1, 1], 'F': [1, 1, 1, 1, 1, 1, 1, 1, 1, 1]}, '橘园北侧南': {'A': [1, 1, 1, 1, 1, 1, 1, 1, 1, 1], 'B': [0, 1, 0, 1, 1, 0, 1, 1, 1, 1], 'C': [0, 0, 1, 1, 1, 1, 1, 1, 1, 1], 'D': [1, 1, 1, 1, 1, 0, 1, 1, 1, 1], 'E': [1, 1, 1, 0, 1, 1, 1, 1, 1, 1], 'F': [1, 1, 1, 1, 0, 1, 0, 1, 1, 1], 'G': [1, 1, 1, 1, 1, 1, 1, 1, 1, 1], 'H': [1, 1, 1, 1, 1, 1, 1, 1, 1, 1], 'I': [1, 1, 1, 1, 1, 0, 1, 1, 1, 1], 'J': [1, 1, 0, 1, 1, 1, 1, 1, 1, 0]}, '校医院西': {'A': [1, 1, 1, 1, 1, 1, 1, 1, 1, 1], 'B': [1, 1, 1, 1, 1, 1, 1, 1, 1, 1], 'C': [1, 1, 1, 1, 1, 1, 1, 1, 1, 1], 'D': [1, 1, 1, 1, 1, 1, 1, 1, 1, 1], 'E': [1, 1, 1, 1, 1, 1, 1, 0, 1, 1], 'F': [1, 1, 1, 1, 0, 1, 1, 1, 1, 1], 'G': [1, 1, 1, 1, 1, 1, 1, 1, 1, 1], 'H': [1, 1, 1, 1, 1, 0, 1, 1, 0, 0], 'I': [1, 1, 1, 1, 1, 1, 1, 0, 1, 1]}}
623403	2024-07-13 07:28:23.798000+08:00	2024-07-13 07:28:23.798000+08:00	{'东门北侧': {'A': [1, 1, 1, 1, 1, 1, 1, 1, 1, 1], 'B': [1, 1, 1, 1, 1, 1, 1, 1, 1, 1], 'C': [1, 1, 1, 1, 1, 1, 1, 1, 1, 0], 'D': [1, 0, 1, 1, 1, 0, 1, 1, 1, 1], 'E': [1, 1, 0, 0, 1, 1, 1, 1, 1, 1], 'F': [0, 1, 1, 1, 1, 1, 1, 1, 1, 1], 'G': [1, 1, 1, 1, 1, 0, 1, 1, 0, 1], 'H': [1, 1, 1, 1, 1, 1, 1, 1, 1, 1], 'I': [1, 1, 0, 1, 1, 1, 1, 1, 1, 1], 'J': [1, 1, 1, 1, 1, 0, 1, 1, 1, 1], 'K': [0, 1, 1, 1, 1, 1, 1, 1, 1, 0]}, '东门南侧': {'A': [1, 0, 1, 1, 1, 1, 1, 1, 1, 1], 'B': [0, 0, 0, 0, 0, 0, 0, 0, 0, 0]}, '西门北侧': {'A': [1, 1, 1, 1, 1, 1, 1, 1, 1, 1], 'B': [1, 1, 1, 1, 1, 1, 1, 1, 1, 1], 'C': [1, 1, 1, 1, 1, 1, 1, 1, 1, 1]}, '西门南侧': {'A': [1, 1, 1, 1, 1, 1, 1, 1, 1, 1], 'B': [1, 1, 1, 1, 1, 1, 1, 1, 1, 1], 'C': [1, 1, 1, 1, 1, 1, 1, 1, 1, 1]}, '南门西侧': {'A': [1, 1, 1, 1, 1, 1, 1, 1, 1, 1], 'B': [1, 1, 1, 1, 0, 1, 1, 1, 1, 1]}, '南门东侧': {'A': [1, 1, 1, 1, 1, 1, 1, 1, 1, 1], 'B': [1, 1, 1, 1, 1, 1, 1, 1, 1, 1]}, '北门东北侧': {'A': [1, 1, 1, 1, 1, 1, 1, 1, 1, 1], 'B': [1, 1, 1, 1, 1, 1, 1, 1, 1, 1], 'C': [1, 1, 1, 1, 1, 1, 1, 1, 1, 1], 'D': [1, 1, 1, 1, 1, 1, 1, 0, 1, 1]}, '北门东南侧': {'A': [1, 1, 1, 1, 1, 1, 1, 1, 1, 1], 'B': [0, 1, 1, 1, 1, 1, 1, 1, 1, 1], 'C': [1, 1, 1, 1, 1, 1, 1, 1, 0, 1], 'D': [1, 1, 0, 1, 1, 1, 1, 1, 1, 1], 'E': [1, 1, 1, 1, 1, 1, 1, 1, 1, 1], 'F': [1, 1, 1, 1, 1, 1, 1, 1, 1, 1]}, '橘园北侧南': {'A': [1, 1, 1, 1, 1, 1, 1, 1, 1, 1], 'B': [0, 1, 0, 1, 1, 0, 1, 1, 1, 1], 'C': [0, 0, 1, 1, 1, 1, 1, 1, 1, 1], 'D': [1, 1, 1, 1, 1, 0, 1, 1, 1, 1], 'E': [1, 1, 1, 0, 1, 1, 1, 1, 1, 1], 'F': [1, 1, 1, 1, 0, 1, 0, 1, 1, 1], 'G': [1, 1, 1, 1, 1, 1, 1, 1, 1, 1], 'H': [1, 1, 1, 1, 1, 1, 1, 1, 1, 1], 'I': [1, 1, 1, 1, 1, 0, 1, 1, 1, 1], 'J': [1, 1, 0, 1, 1, 1, 1, 1, 1, 0]}, '校医院西': {'A': [1, 1, 1, 1, 1, 1, 1, 1, 1, 1], 'B': [1, 1, 1, 1, 1, 1, 1, 1, 1, 1], 'C': [1, 1, 1, 1, 1, 1, 1, 1, 1, 1], 'D': [1, 1, 1, 1, 1, 1, 1, 1, 1, 1], 'E': [1, 1, 1, 1, 1, 1, 1, 0, 1, 1], 'F': [1, 1, 1, 1, 0, 1, 1, 1, 1, 1], 'G': [1, 1, 1, 1, 1, 1, 1, 1, 1, 1], 'H': [1, 1, 1, 1, 1, 0, 1, 1, 0, 0], 'I': [1, 1, 1, 1, 1, 1, 1, 0, 1, 1]}}
623404	2024-07-13 07:29:23.856000+08:00	2024-07-13 07:29:23.856000+08:00	{'东门北侧': {'A': [1, 1, 1, 1, 1, 1, 1, 1, 1, 1], 'B': [1, 1, 1, 1, 1, 1, 1, 1, 1, 1], 'C': [1, 1, 1, 1, 1, 1, 1, 1, 1, 0], 'D': [1, 0, 1, 1, 1, 0, 1, 1, 1, 1], 'E': [1, 1, 0, 0, 1, 1, 1, 1, 1, 1], 'F': [0, 1, 1, 1, 1, 1, 1, 1, 1, 1], 'G': [1, 1, 1, 1, 1, 0, 1, 1, 0, 1], 'H': [1, 1, 1, 1, 1, 1, 1, 1, 1, 1], 'I': [1, 1, 0, 1, 1, 1, 1, 1, 1, 1], 'J': [1, 1, 1, 1, 1, 0, 1, 1, 1, 1], 'K': [0, 1, 1, 1, 1, 1, 1, 1, 1, 0]}, '东门南侧': {'A': [1, 0, 1, 1, 1, 1, 1, 1, 1, 1], 'B': [0, 0, 0, 0, 0, 0, 0, 0, 0, 0]}, '西门北侧': {'A': [1, 1, 1, 1, 1, 1, 1, 1, 1, 1], 'B': [1, 1, 1, 1, 1, 1, 1, 1, 1, 1], 'C': [1, 1, 1, 1, 1, 1, 1, 1, 1, 1]}, '西门南侧': {'A': [1, 1, 1, 1, 1, 1, 1, 1, 1, 1], 'B': [1, 1, 1, 1, 1, 1, 1, 1, 1, 1], 'C': [1, 1, 1, 1, 1, 1, 1, 1, 1, 1]}, '南门西侧': {'A': [1, 1, 1, 1, 1, 1, 1, 1, 1, 1], 'B': [1, 1, 1, 1, 0, 1, 1, 1, 1, 1]}, '南门东侧': {'A': [1, 1, 1, 1, 1, 1, 1, 1, 1, 1], 'B': [1, 1, 1, 1, 1, 1, 1, 1, 1, 1]}, '北门东北侧': {'A': [1, 1, 1, 1, 1, 1, 1, 1, 1, 1], 'B': [1, 1, 1, 1, 1, 1, 1, 1, 1, 1], 'C': [1, 1, 1, 1, 1, 1, 1, 1, 1, 1], 'D': [1, 1, 1, 1, 1, 1, 1, 0, 1, 1]}, '北门东南侧': {'A': [1, 1, 1, 1, 1, 1, 1, 1, 1, 1], 'B': [0, 1, 1, 1, 1, 1, 1, 1, 1, 1], 'C': [1, 1, 1, 1, 1, 1, 1, 1, 0, 1], 'D': [1, 1, 0, 1, 1, 1, 1, 1, 1, 1], 'E': [1, 1, 1, 1, 1, 1, 1, 1, 1, 1], 'F': [1, 1, 1, 1, 1, 1, 1, 1, 1, 1]}, '橘园北侧南': {'A': [1, 1, 1, 1, 1, 1, 1, 1, 1, 1], 'B': [0, 1, 0, 1, 1, 0, 1, 1, 1, 1], 'C': [0, 0, 1, 1, 1, 1, 1, 1, 1, 1], 'D': [1, 1, 1, 1, 1, 0, 1, 1, 1, 1], 'E': [1, 1, 1, 0, 1, 1, 1, 1, 1, 1], 'F': [1, 1, 1, 1, 0, 1, 0, 1, 1, 1], 'G': [1, 1, 1, 1, 1, 1, 1, 1, 1, 1], 'H': [1, 1, 1, 1, 1, 1, 1, 1, 1, 1], 'I': [1, 1, 1, 1, 1, 0, 1, 1, 1, 1], 'J': [1, 1, 0, 1, 1, 1, 1, 1, 1, 0]}, '校医院西': {'A': [1, 1, 1, 1, 1, 1, 1, 1, 1, 1], 'B': [1, 1, 1, 1, 1, 1, 1, 1, 1, 1], 'C': [1, 1, 1, 1, 1, 1, 1, 1, 1, 1], 'D': [1, 1, 1, 1, 1, 1, 1, 1, 1, 1], 'E': [1, 1, 1, 1, 1, 1, 1, 0, 1, 1], 'F': [1, 1, 1, 1, 0, 1, 1, 1, 1, 1], 'G': [1, 1, 1, 1, 1, 1, 1, 1, 1, 1], 'H': [1, 1, 1, 1, 1, 0, 1, 1, 0, 0], 'I': [1, 1, 1, 1, 1, 1, 1, 0, 1, 1]}}
623405	2024-07-13 07:30:24.018000+08:00	2024-07-13 07:30:24.018000+08:00	{'东门北侧': {'A': [1, 1, 1, 1, 1, 1, 1, 1, 1, 1], 'B': [1, 1, 1, 1, 1, 1, 1, 1, 1, 1], 'C': [1, 1, 1, 1, 1, 1, 1, 1, 1, 0], 'D': [1, 0, 1, 1, 1, 0, 1, 1, 1, 1], 'E': [1, 1, 0, 0, 1, 1, 1, 1, 1, 1], 'F': [0, 1, 1, 1, 1, 1, 1, 1, 1, 1], 'G': [1, 1, 1, 1, 1, 0, 1, 1, 0, 1], 'H': [1, 1, 1, 1, 1, 1, 1, 1, 1, 1], 'I': [1, 1, 0, 1, 1, 1, 1, 1, 1, 1], 'J': [1, 1, 1, 1, 1, 0, 1, 1, 1, 1], 'K': [0, 1, 1, 1, 1, 1, 1, 1, 1, 0]}, '东门南侧': {'A': [1, 0, 1, 1, 1, 1, 1, 1, 1, 1], 'B': [0, 0, 0, 0, 0, 0, 0, 0, 0, 0]}, '西门北侧': {'A': [1, 1, 1, 1, 1, 1, 1, 1, 1, 1], 'B': [1, 1, 1, 1, 1, 1, 1, 1, 1, 1], 'C': [1, 1, 1, 1, 1, 1, 1, 1, 1, 1]}, '西门南侧': {'A': [1, 1, 1, 1, 1, 1, 1, 1, 1, 1], 'B': [1, 1, 1, 1, 1, 1, 1, 1, 1, 1], 'C': [1, 1, 1, 1, 1, 1, 1, 1, 1, 1]}, '南门西侧': {'A': [1, 1, 1, 1, 1, 1, 1, 1, 1, 1], 'B': [1, 1, 1, 1, 0, 1, 1, 1, 1, 1]}, '南门东侧': {'A': [1, 1, 1, 1, 1, 1, 1, 1, 1, 1], 'B': [1, 1, 1, 1, 1, 1, 1, 1, 1, 1]}, '北门东北侧': {'A': [1, 1, 1, 1, 1, 1, 1, 1, 1, 1], 'B': [1, 1, 1, 1, 1, 1, 1, 1, 1, 1], 'C': [1, 1, 1, 1, 1, 1, 1, 1, 1, 1], 'D': [1, 1, 1, 1, 1, 1, 1, 0, 1, 1]}, '北门东南侧': {'A': [1, 1, 1, 1, 1, 1, 1, 1, 1, 1], 'B': [0, 1, 1, 1, 1, 1, 1, 1, 1, 1], 'C': [1, 1, 1, 1, 1, 1, 1, 1, 0, 1], 'D': [1, 1, 0, 1, 1, 1, 1, 1, 1, 1], 'E': [1, 1, 1, 1, 1, 1, 1, 1, 1, 1], 'F': [1, 1, 1, 1, 1, 1, 1, 1, 1, 1]}, '橘园北侧南': {'A': [1, 1, 1, 1, 1, 1, 1, 1, 1, 1], 'B': [0, 1, 0, 1, 1, 0, 1, 1, 1, 1], 'C': [0, 0, 1, 1, 1, 1, 1, 1, 1, 1], 'D': [1, 1, 1, 1, 1, 0, 1, 1, 1, 1], 'E': [1, 1, 1, 0, 1, 1, 1, 1, 1, 1], 'F': [1, 1, 1, 1, 0, 1, 0, 1, 1, 1], 'G': [1, 1, 1, 1, 1, 1, 1, 1, 1, 1], 'H': [1, 1, 1, 1, 1, 1, 1, 1, 1, 1], 'I': [1, 1, 1, 1, 1, 0, 1, 1, 1, 1], 'J': [1, 1, 0, 1, 1, 1, 1, 1, 1, 0]}, '校医院西': {'A': [1, 1, 1, 1, 1, 1, 1, 1, 1, 1], 'B': [1, 1, 1, 1, 1, 1, 1, 1, 1, 1], 'C': [1, 1, 1, 1, 1, 1, 1, 1, 1, 1], 'D': [1, 1, 1, 1, 1, 1, 1, 1, 1, 1], 'E': [1, 1, 1, 1, 1, 1, 1, 0, 1, 1], 'F': [1, 1, 1, 1, 0, 1, 1, 1, 1, 1], 'G': [1, 1, 1, 1, 1, 1, 1, 1, 1, 1], 'H': [1, 1, 1, 1, 1, 0, 1, 1, 0, 0], 'I': [1, 1, 1, 1, 1, 1, 1, 0, 1, 1]}}
623406	2024-07-13 07:31:20.789000+08:00	2024-07-13 07:31:20.789000+08:00	{'东门北侧': {'A': [1, 1, 1, 1, 1, 1, 1, 1, 1, 1], 'B': [1, 1, 1, 1, 1, 1, 1, 1, 1, 1], 'C': [1, 1, 1, 1, 1, 1, 1, 1, 1, 0], 'D': [1, 0, 1, 1, 1, 0, 1, 1, 1, 1], 'E': [1, 1, 0, 0, 1, 1, 1, 1, 1, 1], 'F': [0, 1, 1, 1, 1, 1, 1, 1, 1, 1], 'G': [1, 1, 1, 1, 1, 0, 1, 1, 0, 1], 'H': [1, 1, 1, 1, 1, 1, 1, 1, 1, 1], 'I': [1, 1, 0, 1, 1, 1, 1, 1, 1, 1], 'J': [1, 1, 1, 1, 1, 0, 1, 1, 1, 1], 'K': [0, 1, 1, 1, 1, 1, 1, 1, 1, 0]}, '东门南侧': {'A': [1, 0, 1, 1, 1, 1, 1, 1, 1, 1], 'B': [0, 0, 0, 0, 0, 0, 0, 0, 0, 0]}, '西门北侧': {'A': [1, 1, 1, 1, 1, 1, 1, 1, 1, 1], 'B': [1, 1, 1, 1, 1, 1, 1, 1, 1, 1], 'C': [1, 1, 1, 1, 1, 1, 1, 1, 1, 1]}, '西门南侧': {'A': [1, 1, 1, 1, 1, 1, 1, 1, 1, 1], 'B': [1, 1, 1, 1, 1, 1, 1, 1, 1, 1], 'C': [1, 1, 1, 1, 1, 1, 1, 1, 1, 1]}, '南门西侧': {'A': [1, 1, 1, 1, 1, 1, 1, 1, 1, 1], 'B': [1, 1, 1, 1, 0, 1, 1, 1, 1, 1]}, '南门东侧': {'A': [1, 1, 1, 1, 1, 1, 1, 1, 1, 1], 'B': [1, 1, 1, 1, 1, 1, 1, 1, 1, 1]}, '北门东北侧': {'A': [1, 1, 1, 1, 1, 1, 1, 1, 1, 1], 'B': [1, 1, 1, 1, 1, 1, 1, 1, 1, 1], 'C': [1, 1, 1, 1, 1, 1, 1, 1, 1, 1], 'D': [1, 1, 1, 1, 1, 1, 1, 0, 1, 1]}, '北门东南侧': {'A': [1, 1, 1, 1, 1, 1, 1, 1, 1, 1], 'B': [0, 1, 1, 1, 1, 1, 1, 1, 1, 1], 'C': [1, 1, 1, 1, 1, 1, 1, 1, 0, 1], 'D': [1, 1, 0, 1, 1, 1, 1, 1, 1, 1], 'E': [1, 1, 1, 1, 1, 1, 1, 1, 1, 1], 'F': [1, 1, 1, 1, 1, 1, 1, 1, 1, 1]}, '橘园北侧南': {'A': [1, 1, 1, 1, 1, 1, 1, 1, 1, 1], 'B': [0, 1, 0, 1, 1, 0, 1, 1, 1, 1], 'C': [0, 0, 1, 1, 1, 1, 1, 1, 1, 1], 'D': [1, 1, 1, 1, 1, 0, 1, 1, 1, 1], 'E': [1, 1, 1, 0, 1, 1, 1, 1, 1, 1], 'F': [1, 1, 1, 1, 0, 1, 0, 1, 1, 1], 'G': [1, 1, 1, 1, 1, 1, 1, 1, 1, 1], 'H': [1, 1, 1, 1, 1, 1, 1, 1, 1, 1], 'I': [1, 1, 1, 1, 1, 0, 1, 1, 1, 1], 'J': [1, 1, 0, 1, 1, 1, 1, 1, 1, 0]}, '校医院西': {'A': [1, 1, 1, 1, 1, 1, 1, 1, 1, 1], 'B': [1, 1, 1, 1, 1, 1, 1, 1, 1, 1], 'C': [1, 1, 1, 1, 1, 1, 1, 1, 1, 1], 'D': [1, 1, 1, 1, 1, 1, 1, 1, 1, 1], 'E': [1, 1, 1, 1, 1, 1, 1, 0, 1, 1], 'F': [1, 1, 1, 1, 0, 1, 1, 1, 1, 1], 'G': [1, 1, 1, 1, 1, 1, 1, 1, 1, 1], 'H': [1, 1, 1, 1, 1, 0, 1, 1, 0, 0], 'I': [1, 1, 1, 1, 1, 1, 1, 0, 1, 1]}}
623407	2024-07-13 07:32:22.320000+08:00	2024-07-13 07:32:22.320000+08:00	{'东门北侧': {'A': [1, 1, 1, 1, 1, 1, 1, 1, 1, 1], 'B': [1, 1, 1, 1, 1, 1, 1, 1, 1, 1], 'C': [1, 1, 1, 1, 1, 1, 1, 1, 1, 0], 'D': [1, 0, 1, 1, 1, 0, 1, 1, 1, 1], 'E': [1, 1, 0, 0, 1, 1, 1, 1, 1, 1], 'F': [0, 1, 1, 1, 1, 1, 1, 1, 1, 1], 'G': [1, 1, 1, 1, 1, 0, 1, 1, 0, 1], 'H': [1, 1, 1, 1, 1, 1, 1, 1, 1, 1], 'I': [1, 1, 0, 1, 1, 1, 1, 1, 1, 1], 'J': [1, 1, 1, 1, 1, 0, 1, 1, 1, 1], 'K': [0, 1, 1, 1, 1, 1, 1, 1, 1, 0]}, '东门南侧': {'A': [1, 0, 1, 1, 1, 1, 1, 1, 1, 1], 'B': [0, 0, 0, 0, 0, 0, 0, 0, 0, 0]}, '西门北侧': {'A': [1, 1, 1, 1, 1, 1, 1, 1, 1, 1], 'B': [1, 1, 1, 1, 1, 1, 1, 1, 1, 1], 'C': [1, 1, 1, 1, 1, 1, 1, 1, 1, 1]}, '西门南侧': {'A': [1, 1, 1, 1, 1, 1, 1, 1, 1, 1], 'B': [1, 1, 1, 1, 1, 1, 1, 1, 1, 1], 'C': [1, 1, 1, 1, 1, 1, 1, 1, 1, 1]}, '南门西侧': {'A': [1, 1, 1, 1, 1, 1, 1, 1, 1, 1], 'B': [1, 1, 1, 1, 0, 1, 1, 1, 1, 1]}, '南门东侧': {'A': [1, 1, 1, 1, 1, 1, 1, 1, 1, 1], 'B': [1, 1, 1, 1, 1, 1, 1, 1, 1, 1]}, '北门东北侧': {'A': [1, 1, 1, 1, 1, 1, 1, 1, 1, 1], 'B': [1, 1, 1, 1, 1, 1, 1, 1, 1, 1], 'C': [1, 1, 1, 1, 1, 1, 1, 1, 1, 1], 'D': [1, 1, 1, 1, 1, 1, 1, 0, 1, 1]}, '北门东南侧': {'A': [1, 1, 1, 1, 1, 1, 1, 1, 1, 1], 'B': [0, 1, 1, 1, 1, 1, 1, 1, 1, 1], 'C': [1, 1, 1, 1, 1, 1, 1, 1, 0, 1], 'D': [1, 1, 0, 1, 1, 1, 1, 1, 1, 1], 'E': [1, 1, 1, 1, 1, 1, 1, 1, 1, 1], 'F': [1, 1, 1, 1, 1, 1, 1, 1, 1, 1]}, '橘园北侧南': {'A': [1, 1, 1, 1, 1, 1, 1, 1, 1, 1], 'B': [0, 1, 0, 1, 1, 0, 1, 1, 1, 1], 'C': [0, 0, 1, 1, 1, 1, 1, 1, 1, 1], 'D': [1, 1, 1, 1, 1, 0, 1, 1, 1, 1], 'E': [1, 1, 1, 0, 1, 1, 1, 1, 1, 1], 'F': [1, 1, 1, 1, 0, 1, 0, 1, 1, 1], 'G': [1, 1, 1, 1, 1, 1, 1, 1, 1, 1], 'H': [1, 1, 1, 1, 1, 1, 1, 1, 1, 1], 'I': [1, 1, 1, 1, 1, 0, 1, 1, 1, 1], 'J': [1, 1, 0, 1, 1, 1, 1, 1, 1, 0]}, '校医院西': {'A': [1, 1, 1, 1, 1, 1, 1, 1, 1, 1], 'B': [1, 1, 1, 1, 1, 1, 1, 1, 1, 1], 'C': [1, 1, 1, 1, 1, 1, 1, 1, 1, 1], 'D': [1, 1, 1, 1, 1, 1, 1, 1, 1, 1], 'E': [1, 1, 1, 1, 1, 1, 1, 0, 1, 1], 'F': [1, 1, 1, 1, 0, 1, 1, 1, 1, 1], 'G': [1, 1, 1, 1, 1, 1, 1, 1, 1, 1], 'H': [1, 1, 1, 1, 1, 0, 1, 1, 0, 0], 'I': [1, 1, 1, 1, 1, 1, 1, 0, 1, 1]}}
623408	2024-07-13 07:33:21.964000+08:00	2024-07-13 07:33:21.964000+08:00	{'东门北侧': {'A': [1, 1, 1, 1, 1, 1, 1, 1, 1, 1], 'B': [1, 1, 1, 1, 1, 1, 1, 1, 1, 1], 'C': [1, 1, 1, 1, 1, 1, 1, 1, 1, 0], 'D': [1, 0, 1, 1, 1, 0, 1, 1, 1, 1], 'E': [1, 1, 0, 0, 1, 1, 1, 1, 1, 1], 'F': [0, 1, 1, 1, 1, 1, 1, 1, 1, 1], 'G': [1, 1, 1, 1, 1, 0, 1, 1, 0, 1], 'H': [1, 1, 1, 1, 1, 1, 1, 1, 1, 1], 'I': [1, 1, 0, 1, 1, 1, 1, 1, 1, 1], 'J': [1, 1, 1, 1, 1, 0, 1, 1, 1, 1], 'K': [0, 1, 1, 1, 1, 1, 1, 1, 1, 0]}, '东门南侧': {'A': [1, 0, 1, 1, 1, 1, 1, 1, 1, 1], 'B': [0, 0, 0, 0, 0, 0, 0, 0, 0, 0]}, '西门北侧': {'A': [1, 1, 1, 1, 1, 1, 1, 1, 1, 1], 'B': [1, 1, 1, 1, 1, 1, 1, 1, 1, 1], 'C': [1, 1, 1, 1, 1, 1, 1, 1, 1, 1]}, '西门南侧': {'A': [1, 1, 1, 1, 1, 1, 1, 1, 1, 1], 'B': [1, 1, 1, 1, 1, 1, 1, 1, 1, 1], 'C': [1, 1, 1, 1, 1, 1, 1, 1, 1, 1]}, '南门西侧': {'A': [1, 1, 1, 1, 1, 1, 1, 1, 1, 1], 'B': [1, 1, 1, 1, 0, 1, 1, 1, 1, 1]}, '南门东侧': {'A': [1, 1, 1, 1, 1, 1, 1, 1, 1, 1], 'B': [1, 1, 1, 1, 1, 1, 1, 1, 1, 1]}, '北门东北侧': {'A': [1, 1, 1, 1, 1, 1, 1, 1, 1, 1], 'B': [1, 1, 1, 1, 1, 1, 1, 1, 1, 1], 'C': [1, 1, 1, 1, 1, 1, 1, 1, 1, 1], 'D': [1, 1, 1, 1, 1, 1, 1, 0, 1, 1]}, '北门东南侧': {'A': [1, 1, 1, 1, 1, 1, 1, 1, 1, 1], 'B': [0, 1, 1, 1, 1, 1, 1, 1, 1, 1], 'C': [1, 1, 1, 1, 1, 1, 1, 1, 0, 1], 'D': [1, 1, 0, 1, 1, 1, 1, 1, 1, 1], 'E': [1, 1, 1, 1, 1, 1, 1, 1, 1, 1], 'F': [1, 1, 1, 1, 1, 1, 1, 1, 1, 1]}, '橘园北侧南': {'A': [1, 1, 1, 1, 1, 1, 1, 1, 1, 1], 'B': [0, 1, 0, 1, 1, 0, 1, 1, 1, 1], 'C': [0, 0, 1, 1, 1, 1, 1, 1, 1, 1], 'D': [1, 1, 1, 1, 1, 0, 1, 1, 1, 1], 'E': [1, 1, 1, 0, 1, 1, 1, 1, 1, 1], 'F': [1, 1, 1, 1, 0, 1, 0, 1, 1, 1], 'G': [1, 1, 1, 1, 1, 1, 1, 1, 1, 1], 'H': [1, 1, 1, 1, 1, 1, 1, 1, 1, 1], 'I': [1, 1, 1, 1, 1, 0, 1, 1, 1, 1], 'J': [1, 1, 0, 1, 1, 1, 1, 1, 1, 0]}, '校医院西': {'A': [1, 1, 1, 1, 1, 1, 1, 1, 1, 1], 'B': [1, 1, 1, 1, 1, 1, 1, 1, 1, 1], 'C': [1, 1, 1, 1, 1, 1, 1, 1, 1, 1], 'D': [1, 1, 1, 1, 1, 1, 1, 1, 1, 1], 'E': [1, 1, 1, 1, 1, 1, 1, 0, 1, 1], 'F': [1, 1, 1, 1, 0, 1, 1, 1, 1, 1], 'G': [1, 1, 1, 1, 1, 1, 1, 1, 1, 1], 'H': [1, 1, 1, 1, 1, 0, 1, 1, 0, 0], 'I': [1, 1, 1, 1, 1, 1, 1, 0, 1, 1]}}
623409	2024-07-13 07:34:22.797000+08:00	2024-07-13 07:34:22.797000+08:00	{'东门北侧': {'A': [1, 1, 1, 1, 1, 1, 1, 1, 1, 1], 'B': [1, 1, 1, 1, 1, 1, 1, 1, 1, 1], 'C': [1, 1, 1, 1, 1, 1, 1, 1, 1, 0], 'D': [1, 0, 1, 1, 1, 0, 1, 1, 1, 1], 'E': [1, 1, 0, 0, 1, 1, 1, 1, 1, 1], 'F': [0, 1, 1, 1, 1, 1, 1, 1, 1, 1], 'G': [1, 1, 1, 1, 1, 0, 1, 1, 0, 1], 'H': [1, 1, 1, 1, 1, 1, 1, 1, 1, 1], 'I': [1, 1, 0, 1, 1, 1, 1, 1, 1, 1], 'J': [1, 1, 1, 1, 1, 0, 1, 1, 1, 1], 'K': [0, 1, 1, 1, 1, 1, 1, 1, 1, 0]}, '东门南侧': {'A': [1, 0, 1, 1, 1, 1, 1, 1, 1, 1], 'B': [0, 0, 0, 0, 0, 0, 0, 0, 0, 0]}, '西门北侧': {'A': [1, 1, 1, 1, 1, 1, 1, 1, 1, 1], 'B': [1, 1, 1, 1, 1, 1, 1, 1, 1, 1], 'C': [1, 1, 1, 1, 1, 1, 1, 1, 1, 1]}, '西门南侧': {'A': [1, 1, 1, 1, 1, 1, 1, 1, 1, 1], 'B': [1, 1, 1, 1, 1, 1, 1, 1, 1, 1], 'C': [1, 1, 1, 1, 1, 1, 1, 1, 1, 1]}, '南门西侧': {'A': [1, 1, 1, 1, 1, 1, 1, 1, 1, 1], 'B': [1, 1, 1, 1, 0, 1, 1, 1, 1, 1]}, '南门东侧': {'A': [1, 1, 1, 1, 1, 1, 1, 1, 1, 1], 'B': [1, 1, 1, 1, 1, 1, 1, 1, 1, 1]}, '北门东北侧': {'A': [1, 1, 1, 1, 1, 1, 1, 1, 1, 1], 'B': [1, 1, 1, 1, 1, 1, 1, 1, 1, 1], 'C': [1, 1, 1, 1, 1, 1, 1, 1, 1, 1], 'D': [1, 1, 1, 1, 1, 1, 1, 0, 1, 1]}, '北门东南侧': {'A': [1, 1, 1, 1, 1, 1, 1, 1, 1, 1], 'B': [0, 1, 1, 1, 1, 1, 1, 1, 1, 1], 'C': [1, 1, 1, 1, 1, 1, 1, 1, 1, 1], 'D': [1, 1, 0, 1, 1, 1, 1, 1, 1, 1], 'E': [1, 1, 1, 1, 1, 1, 1, 1, 1, 1], 'F': [1, 1, 1, 1, 1, 1, 1, 1, 1, 1]}, '橘园北侧南': {'A': [1, 1, 1, 1, 1, 1, 1, 1, 1, 1], 'B': [0, 1, 0, 1, 1, 0, 1, 1, 1, 1], 'C': [0, 0, 1, 1, 1, 1, 1, 1, 1, 1], 'D': [1, 1, 1, 1, 1, 0, 1, 1, 1, 1], 'E': [1, 1, 1, 0, 1, 1, 1, 1, 1, 1], 'F': [1, 1, 1, 1, 0, 1, 0, 1, 1, 1], 'G': [1, 1, 1, 1, 1, 1, 1, 1, 1, 1], 'H': [1, 1, 1, 1, 1, 1, 1, 1, 1, 1], 'I': [1, 1, 1, 1, 1, 0, 1, 1, 1, 1], 'J': [1, 1, 0, 1, 1, 1, 1, 1, 1, 0]}, '校医院西': {'A': [1, 1, 1, 1, 1, 1, 1, 1, 1, 1], 'B': [1, 1, 1, 1, 1, 1, 1, 1, 1, 1], 'C': [1, 1, 1, 1, 1, 1, 1, 1, 1, 1], 'D': [1, 1, 1, 1, 1, 1, 1, 1, 1, 1], 'E': [1, 1, 1, 1, 1, 1, 1, 0, 1, 1], 'F': [1, 1, 1, 1, 0, 1, 1, 1, 1, 1], 'G': [1, 1, 1, 1, 1, 1, 1, 1, 1, 1], 'H': [1, 1, 1, 1, 1, 0, 1, 1, 0, 0], 'I': [1, 1, 1, 1, 1, 1, 1, 0, 1, 1]}}
623410	2024-07-13 07:35:22.323000+08:00	2024-07-13 07:35:22.323000+08:00	{'东门北侧': {'A': [1, 1, 1, 1, 1, 1, 1, 1, 1, 1], 'B': [1, 1, 1, 1, 1, 1, 1, 1, 1, 1], 'C': [1, 1, 1, 1, 1, 1, 1, 1, 1, 0], 'D': [1, 0, 1, 1, 1, 0, 1, 1, 1, 1], 'E': [1, 1, 0, 0, 1, 1, 1, 1, 1, 1], 'F': [0, 1, 1, 1, 1, 1, 1, 1, 1, 1], 'G': [1, 1, 1, 1, 1, 0, 1, 1, 0, 1], 'H': [1, 1, 1, 1, 1, 1, 1, 1, 1, 1], 'I': [1, 1, 0, 1, 1, 1, 1, 1, 1, 1], 'J': [1, 1, 1, 1, 1, 0, 1, 1, 1, 1], 'K': [0, 1, 1, 1, 1, 1, 1, 1, 1, 0]}, '东门南侧': {'A': [1, 0, 1, 1, 1, 1, 1, 1, 1, 1], 'B': [0, 0, 0, 0, 0, 0, 0, 0, 0, 0]}, '西门北侧': {'A': [1, 1, 1, 1, 1, 1, 1, 1, 1, 1], 'B': [1, 1, 1, 1, 1, 1, 1, 1, 1, 1], 'C': [1, 1, 1, 1, 1, 1, 1, 1, 1, 1]}, '西门南侧': {'A': [1, 1, 1, 1, 1, 1, 1, 1, 1, 1], 'B': [1, 1, 1, 1, 1, 1, 1, 1, 1, 1], 'C': [1, 1, 1, 1, 1, 1, 1, 1, 1, 1]}, '南门西侧': {'A': [1, 1, 1, 1, 1, 1, 1, 1, 1, 1], 'B': [1, 1, 1, 1, 0, 1, 1, 1, 1, 1]}, '南门东侧': {'A': [1, 1, 1, 1, 1, 1, 1, 1, 1, 1], 'B': [1, 1, 1, 1, 1, 1, 1, 1, 1, 1]}, '北门东北侧': {'A': [1, 1, 1, 1, 1, 1, 1, 1, 1, 1], 'B': [1, 1, 1, 1, 1, 1, 1, 1, 1, 1], 'C': [1, 1, 1, 1, 1, 1, 1, 1, 1, 1], 'D': [1, 1, 1, 1, 1, 1, 1, 0, 1, 1]}, '北门东南侧': {'A': [1, 1, 1, 1, 1, 1, 1, 1, 1, 1], 'B': [0, 1, 1, 1, 1, 1, 1, 1, 1, 1], 'C': [1, 1, 1, 1, 1, 1, 1, 1, 1, 1], 'D': [1, 1, 0, 1, 1, 1, 1, 1, 1, 1], 'E': [1, 1, 1, 1, 1, 1, 1, 1, 1, 1], 'F': [1, 1, 1, 1, 1, 1, 1, 1, 1, 1]}, '橘园北侧南': {'A': [1, 1, 1, 1, 1, 1, 1, 1, 1, 1], 'B': [0, 1, 0, 1, 1, 0, 1, 1, 1, 1], 'C': [0, 0, 1, 1, 1, 1, 1, 1, 1, 1], 'D': [1, 1, 1, 1, 1, 0, 1, 1, 1, 1], 'E': [1, 1, 1, 0, 1, 1, 1, 1, 1, 1], 'F': [1, 1, 1, 1, 0, 1, 0, 1, 1, 1], 'G': [1, 1, 1, 1, 1, 1, 1, 1, 1, 1], 'H': [1, 1, 1, 1, 1, 1, 1, 1, 1, 1], 'I': [1, 1, 1, 1, 1, 0, 1, 1, 1, 1], 'J': [1, 1, 0, 1, 1, 1, 1, 1, 1, 0]}, '校医院西': {'A': [1, 1, 1, 1, 1, 1, 1, 1, 1, 1], 'B': [1, 1, 1, 1, 1, 1, 1, 1, 1, 1], 'C': [1, 1, 1, 1, 1, 1, 1, 1, 1, 1], 'D': [1, 1, 1, 1, 1, 1, 1, 1, 1, 1], 'E': [1, 1, 1, 1, 1, 1, 1, 0, 1, 1], 'F': [1, 1, 1, 1, 0, 1, 1, 1, 1, 1], 'G': [1, 1, 1, 1, 1, 1, 1, 1, 1, 1], 'H': [1, 1, 1, 1, 1, 0, 1, 1, 0, 0], 'I': [1, 1, 1, 1, 1, 1, 1, 0, 1, 1]}}
623411	2024-07-13 07:36:21.787000+08:00	2024-07-13 07:36:21.787000+08:00	{'东门北侧': {'A': [1, 1, 1, 1, 1, 1, 1, 1, 1, 1], 'B': [1, 1, 1, 1, 1, 1, 1, 1, 1, 1], 'C': [1, 1, 1, 1, 1, 1, 1, 1, 1, 0], 'D': [1, 0, 1, 1, 1, 0, 1, 1, 1, 1], 'E': [1, 1, 0, 0, 1, 1, 1, 1, 1, 1], 'F': [0, 1, 1, 1, 1, 1, 1, 1, 1, 1], 'G': [1, 1, 1, 1, 1, 0, 1, 1, 0, 1], 'H': [1, 1, 1, 1, 1, 1, 1, 1, 1, 1], 'I': [1, 1, 0, 1, 1, 1, 1, 1, 1, 1], 'J': [1, 1, 1, 1, 1, 0, 1, 1, 1, 1], 'K': [0, 1, 1, 1, 1, 1, 1, 1, 1, 0]}, '东门南侧': {'A': [1, 0, 1, 1, 1, 1, 1, 1, 1, 1], 'B': [0, 0, 0, 0, 0, 0, 0, 0, 0, 0]}, '西门北侧': {'A': [1, 1, 1, 1, 1, 1, 1, 1, 1, 1], 'B': [1, 1, 1, 1, 1, 1, 1, 1, 1, 1], 'C': [1, 1, 1, 1, 1, 1, 1, 1, 1, 1]}, '西门南侧': {'A': [1, 1, 1, 1, 1, 1, 1, 1, 1, 1], 'B': [1, 1, 1, 1, 1, 1, 1, 1, 1, 1], 'C': [1, 1, 1, 1, 1, 1, 1, 1, 1, 1]}, '南门西侧': {'A': [1, 1, 1, 1, 1, 1, 1, 1, 1, 1], 'B': [1, 1, 1, 1, 0, 1, 1, 1, 1, 1]}, '南门东侧': {'A': [1, 1, 1, 1, 1, 1, 1, 1, 1, 1], 'B': [1, 1, 1, 1, 1, 1, 1, 1, 1, 1]}, '北门东北侧': {'A': [1, 1, 1, 1, 1, 1, 1, 1, 1, 1], 'B': [1, 1, 1, 1, 1, 1, 1, 1, 1, 1], 'C': [1, 1, 1, 1, 1, 1, 1, 1, 1, 1], 'D': [1, 1, 1, 1, 1, 1, 1, 0, 1, 1]}, '北门东南侧': {'A': [1, 1, 1, 1, 1, 1, 1, 1, 1, 1], 'B': [0, 1, 1, 1, 1, 1, 1, 1, 1, 1], 'C': [1, 1, 1, 1, 1, 1, 1, 1, 1, 1], 'D': [1, 1, 0, 1, 1, 1, 1, 1, 1, 1], 'E': [1, 1, 1, 1, 1, 1, 1, 1, 1, 1], 'F': [1, 1, 1, 1, 1, 1, 1, 1, 1, 1]}, '橘园北侧南': {'A': [1, 1, 1, 1, 1, 1, 1, 1, 1, 1], 'B': [0, 1, 0, 1, 1, 0, 1, 1, 1, 1], 'C': [0, 0, 1, 1, 1, 1, 1, 1, 1, 1], 'D': [1, 1, 1, 1, 1, 0, 1, 1, 1, 1], 'E': [1, 1, 1, 0, 1, 1, 1, 1, 1, 1], 'F': [1, 1, 1, 1, 0, 1, 0, 1, 1, 1], 'G': [1, 1, 1, 1, 1, 1, 1, 1, 1, 1], 'H': [1, 1, 1, 1, 1, 1, 1, 1, 1, 1], 'I': [1, 1, 1, 1, 1, 0, 1, 1, 1, 1], 'J': [1, 1, 0, 1, 1, 1, 1, 1, 1, 0]}, '校医院西': {'A': [1, 1, 1, 1, 1, 1, 1, 1, 1, 1], 'B': [1, 1, 1, 1, 1, 1, 1, 1, 1, 1], 'C': [1, 1, 1, 1, 1, 1, 1, 1, 1, 1], 'D': [1, 1, 1, 1, 1, 1, 1, 1, 1, 1], 'E': [1, 1, 1, 1, 1, 1, 1, 0, 1, 1], 'F': [1, 1, 1, 1, 0, 1, 1, 1, 1, 1], 'G': [1, 1, 1, 1, 1, 1, 1, 1, 1, 1], 'H': [1, 1, 1, 1, 1, 0, 1, 1, 0, 0], 'I': [1, 1, 1, 1, 1, 1, 1, 0, 1, 1]}}
623412	2024-07-13 07:37:20.875000+08:00	2024-07-13 07:37:20.875000+08:00	{'东门北侧': {'A': [1, 1, 1, 1, 1, 1, 1, 1, 1, 1], 'B': [1, 1, 1, 1, 1, 1, 1, 1, 1, 1], 'C': [1, 1, 1, 1, 1, 1, 1, 1, 1, 0], 'D': [1, 0, 1, 1, 1, 0, 1, 1, 1, 1], 'E': [1, 1, 0, 0, 1, 1, 1, 1, 1, 1], 'F': [0, 1, 1, 1, 1, 1, 1, 1, 1, 1], 'G': [1, 1, 1, 1, 1, 0, 1, 1, 0, 1], 'H': [1, 1, 1, 1, 1, 1, 1, 1, 1, 1], 'I': [1, 1, 0, 1, 1, 1, 1, 1, 1, 1], 'J': [1, 1, 1, 1, 1, 0, 1, 1, 1, 1], 'K': [0, 1, 1, 1, 1, 1, 1, 1, 1, 0]}, '东门南侧': {'A': [1, 0, 1, 1, 1, 1, 1, 1, 1, 1], 'B': [0, 0, 0, 0, 0, 0, 0, 0, 0, 0]}, '西门北侧': {'A': [1, 1, 1, 1, 1, 1, 1, 1, 1, 1], 'B': [1, 1, 1, 1, 1, 1, 1, 1, 1, 1], 'C': [1, 1, 1, 1, 1, 1, 1, 1, 1, 1]}, '西门南侧': {'A': [1, 1, 1, 1, 1, 1, 1, 1, 1, 1], 'B': [1, 1, 1, 1, 1, 1, 1, 1, 1, 1], 'C': [1, 1, 1, 1, 1, 1, 1, 1, 1, 1]}, '南门西侧': {'A': [1, 1, 1, 1, 1, 1, 1, 1, 1, 1], 'B': [1, 1, 1, 1, 0, 1, 1, 1, 1, 1]}, '南门东侧': {'A': [1, 1, 1, 1, 1, 1, 1, 1, 1, 1], 'B': [1, 1, 1, 1, 1, 1, 1, 1, 1, 1]}, '北门东北侧': {'A': [1, 1, 1, 1, 1, 1, 1, 1, 1, 1], 'B': [1, 1, 1, 1, 1, 1, 1, 1, 1, 1], 'C': [1, 1, 1, 1, 1, 1, 1, 1, 1, 1], 'D': [1, 1, 1, 1, 1, 1, 1, 0, 1, 1]}, '北门东南侧': {'A': [1, 1, 1, 1, 1, 1, 1, 1, 1, 1], 'B': [0, 1, 1, 1, 1, 1, 1, 1, 1, 1], 'C': [1, 1, 1, 1, 1, 1, 1, 1, 1, 1], 'D': [1, 1, 0, 1, 1, 1, 1, 1, 1, 1], 'E': [1, 1, 1, 1, 1, 1, 1, 1, 1, 1], 'F': [1, 1, 1, 1, 1, 1, 1, 1, 1, 1]}, '橘园北侧南': {'A': [1, 1, 1, 1, 1, 1, 1, 1, 1, 1], 'B': [0, 1, 0, 1, 1, 0, 1, 1, 1, 1], 'C': [0, 0, 1, 1, 1, 1, 1, 1, 1, 1], 'D': [1, 1, 1, 1, 1, 0, 1, 1, 1, 1], 'E': [1, 1, 1, 0, 1, 1, 1, 1, 1, 1], 'F': [1, 1, 1, 1, 0, 1, 0, 1, 1, 1], 'G': [1, 1, 1, 1, 1, 1, 1, 1, 1, 1], 'H': [1, 1, 1, 1, 1, 1, 1, 1, 1, 1], 'I': [1, 1, 1, 1, 1, 0, 1, 1, 1, 1], 'J': [1, 1, 0, 1, 1, 1, 1, 1, 1, 0]}, '校医院西': {'A': [1, 1, 1, 1, 1, 1, 1, 1, 1, 1], 'B': [1, 1, 1, 1, 1, 1, 1, 1, 1, 1], 'C': [1, 1, 1, 1, 1, 1, 1, 1, 1, 1], 'D': [1, 1, 1, 1, 1, 1, 1, 1, 1, 1], 'E': [1, 1, 1, 1, 1, 1, 1, 0, 1, 1], 'F': [1, 1, 1, 1, 0, 1, 1, 1, 1, 1], 'G': [1, 1, 1, 1, 1, 1, 1, 1, 1, 1], 'H': [1, 1, 1, 1, 1, 0, 1, 1, 0, 0], 'I': [1, 1, 1, 1, 1, 1, 1, 0, 1, 1]}}
623413	2024-07-13 07:38:22.835000+08:00	2024-07-13 07:38:22.835000+08:00	{'东门北侧': {'A': [1, 1, 1, 1, 1, 1, 1, 1, 1, 1], 'B': [1, 1, 1, 1, 1, 1, 1, 1, 1, 1], 'C': [1, 1, 1, 1, 1, 1, 1, 1, 1, 0], 'D': [1, 0, 1, 1, 1, 0, 1, 1, 1, 1], 'E': [1, 1, 0, 0, 1, 1, 1, 1, 1, 1], 'F': [0, 1, 1, 1, 1, 1, 1, 1, 1, 1], 'G': [1, 1, 1, 1, 1, 0, 1, 1, 0, 1], 'H': [1, 1, 1, 1, 1, 1, 1, 1, 1, 1], 'I': [1, 1, 0, 1, 1, 1, 1, 1, 1, 1], 'J': [1, 1, 1, 1, 1, 0, 1, 1, 1, 1], 'K': [0, 1, 1, 1, 1, 1, 1, 1, 1, 0]}, '东门南侧': {'A': [1, 0, 1, 1, 1, 1, 1, 1, 1, 1], 'B': [0, 0, 0, 0, 0, 0, 0, 0, 0, 0]}, '西门北侧': {'A': [1, 1, 1, 1, 1, 1, 1, 1, 1, 1], 'B': [1, 1, 1, 1, 1, 1, 1, 1, 1, 1], 'C': [1, 1, 1, 1, 1, 1, 1, 1, 1, 1]}, '西门南侧': {'A': [1, 1, 1, 1, 1, 1, 1, 1, 1, 1], 'B': [1, 1, 1, 1, 1, 1, 1, 1, 1, 1], 'C': [1, 1, 1, 1, 1, 1, 1, 1, 1, 1]}, '南门西侧': {'A': [1, 1, 1, 1, 1, 1, 1, 1, 1, 1], 'B': [1, 1, 1, 1, 0, 1, 1, 1, 1, 1]}, '南门东侧': {'A': [1, 1, 1, 1, 1, 1, 1, 1, 1, 1], 'B': [1, 1, 1, 1, 1, 1, 1, 1, 1, 1]}, '北门东北侧': {'A': [1, 1, 1, 1, 1, 1, 1, 1, 1, 1], 'B': [1, 1, 1, 1, 1, 1, 1, 1, 1, 1], 'C': [1, 1, 1, 1, 1, 1, 1, 1, 1, 1], 'D': [1, 1, 1, 1, 1, 1, 1, 0, 1, 1]}, '北门东南侧': {'A': [1, 1, 1, 1, 1, 1, 1, 1, 1, 1], 'B': [0, 1, 1, 1, 1, 1, 1, 1, 1, 1], 'C': [1, 1, 1, 1, 1, 1, 1, 1, 1, 1], 'D': [1, 1, 0, 1, 1, 1, 1, 1, 1, 1], 'E': [1, 1, 1, 1, 1, 1, 1, 1, 1, 1], 'F': [1, 1, 1, 1, 1, 1, 1, 1, 1, 1]}, '橘园北侧南': {'A': [1, 1, 1, 1, 1, 1, 1, 1, 1, 1], 'B': [0, 1, 0, 1, 1, 0, 1, 1, 1, 1], 'C': [0, 0, 1, 1, 1, 1, 1, 1, 1, 1], 'D': [1, 1, 1, 1, 1, 0, 1, 1, 1, 1], 'E': [1, 1, 1, 0, 1, 1, 1, 1, 1, 1], 'F': [1, 1, 1, 1, 0, 1, 0, 1, 1, 1], 'G': [1, 1, 1, 1, 1, 1, 1, 1, 1, 1], 'H': [1, 1, 1, 1, 1, 1, 1, 1, 1, 1], 'I': [1, 1, 1, 1, 1, 0, 1, 1, 1, 1], 'J': [1, 1, 0, 1, 1, 1, 1, 1, 1, 0]}, '校医院西': {'A': [1, 1, 1, 1, 1, 1, 1, 1, 1, 1], 'B': [1, 1, 1, 1, 1, 1, 1, 1, 1, 1], 'C': [1, 1, 1, 1, 1, 1, 1, 1, 1, 1], 'D': [1, 1, 1, 1, 1, 1, 1, 1, 1, 1], 'E': [1, 1, 1, 1, 1, 1, 1, 0, 1, 1], 'F': [1, 1, 1, 1, 0, 1, 1, 1, 1, 1], 'G': [1, 1, 1, 1, 1, 1, 1, 1, 1, 1], 'H': [1, 1, 1, 1, 1, 0, 1, 1, 0, 0], 'I': [1, 1, 1, 1, 1, 1, 1, 0, 1, 1]}}
623414	2024-07-13 07:39:22.275000+08:00	2024-07-13 07:39:22.275000+08:00	{'东门北侧': {'A': [1, 1, 1, 1, 1, 1, 1, 1, 1, 1], 'B': [1, 1, 1, 1, 1, 1, 1, 1, 1, 1], 'C': [1, 1, 1, 1, 1, 1, 1, 1, 1, 0], 'D': [1, 0, 1, 1, 1, 0, 1, 1, 1, 1], 'E': [1, 1, 0, 0, 1, 1, 1, 1, 1, 1], 'F': [0, 1, 1, 1, 1, 1, 1, 1, 1, 1], 'G': [1, 1, 1, 1, 1, 0, 1, 1, 0, 1], 'H': [1, 1, 1, 1, 1, 1, 1, 1, 1, 1], 'I': [1, 1, 0, 1, 1, 1, 1, 1, 1, 1], 'J': [1, 1, 1, 1, 1, 0, 1, 1, 1, 1], 'K': [0, 1, 1, 1, 1, 1, 1, 1, 1, 0]}, '东门南侧': {'A': [1, 0, 1, 1, 1, 1, 1, 1, 1, 1], 'B': [0, 0, 0, 0, 0, 0, 0, 0, 0, 0]}, '西门北侧': {'A': [1, 1, 1, 1, 1, 1, 1, 1, 1, 1], 'B': [1, 1, 1, 1, 1, 1, 1, 1, 1, 1], 'C': [1, 1, 1, 1, 1, 1, 1, 1, 1, 1]}, '西门南侧': {'A': [1, 1, 1, 1, 1, 1, 1, 1, 1, 1], 'B': [1, 1, 1, 1, 1, 1, 1, 1, 1, 1], 'C': [1, 1, 1, 1, 1, 1, 1, 1, 1, 1]}, '南门西侧': {'A': [1, 1, 1, 1, 1, 1, 1, 1, 1, 1], 'B': [1, 1, 1, 1, 0, 1, 1, 1, 1, 1]}, '南门东侧': {'A': [1, 1, 1, 1, 1, 1, 1, 1, 1, 1], 'B': [1, 1, 1, 1, 1, 1, 1, 1, 1, 1]}, '北门东北侧': {'A': [1, 1, 1, 1, 1, 1, 1, 1, 1, 1], 'B': [1, 1, 1, 1, 1, 1, 1, 1, 1, 1], 'C': [1, 1, 1, 1, 1, 1, 1, 1, 1, 1], 'D': [1, 1, 1, 1, 1, 1, 1, 0, 1, 1]}, '北门东南侧': {'A': [1, 1, 1, 1, 1, 1, 1, 1, 1, 1], 'B': [0, 1, 1, 1, 1, 1, 1, 1, 1, 1], 'C': [1, 1, 1, 1, 1, 1, 1, 1, 1, 1], 'D': [1, 1, 0, 1, 1, 1, 1, 1, 1, 1], 'E': [1, 1, 1, 1, 1, 1, 1, 1, 1, 1], 'F': [1, 1, 1, 1, 1, 1, 1, 1, 1, 1]}, '橘园北侧南': {'A': [1, 1, 1, 1, 1, 1, 1, 1, 1, 1], 'B': [0, 1, 0, 1, 1, 0, 1, 1, 1, 1], 'C': [0, 0, 1, 1, 1, 1, 1, 1, 1, 1], 'D': [1, 1, 1, 1, 1, 0, 1, 1, 1, 1], 'E': [1, 1, 1, 0, 1, 1, 1, 1, 1, 1], 'F': [1, 1, 1, 1, 0, 1, 1, 1, 1, 1], 'G': [1, 1, 1, 1, 1, 1, 1, 1, 1, 1], 'H': [1, 1, 1, 1, 1, 1, 1, 1, 1, 1], 'I': [1, 1, 1, 1, 1, 0, 1, 1, 1, 1], 'J': [1, 1, 0, 1, 1, 1, 1, 1, 1, 0]}, '校医院西': {'A': [1, 1, 1, 1, 1, 1, 1, 1, 1, 1], 'B': [1, 1, 1, 1, 1, 1, 1, 1, 1, 1], 'C': [1, 1, 1, 1, 1, 1, 1, 1, 1, 1], 'D': [1, 1, 1, 1, 1, 1, 1, 1, 1, 1], 'E': [1, 1, 1, 1, 1, 1, 1, 0, 1, 1], 'F': [1, 1, 1, 1, 0, 1, 1, 1, 1, 1], 'G': [1, 1, 1, 1, 1, 1, 1, 1, 1, 1], 'H': [1, 1, 1, 1, 1, 0, 1, 1, 0, 0], 'I': [1, 1, 1, 1, 1, 1, 1, 0, 1, 1]}}
623415	2024-07-13 07:40:22.804000+08:00	2024-07-13 07:40:22.804000+08:00	{'东门北侧': {'A': [1, 1, 1, 1, 1, 1, 1, 1, 1, 1], 'B': [1, 1, 1, 1, 1, 1, 1, 1, 1, 1], 'C': [1, 1, 1, 1, 1, 1, 1, 1, 1, 0], 'D': [1, 0, 1, 1, 1, 0, 1, 1, 1, 1], 'E': [1, 1, 0, 0, 1, 1, 1, 1, 1, 1], 'F': [0, 1, 1, 1, 1, 1, 1, 1, 1, 1], 'G': [1, 1, 1, 1, 1, 0, 1, 1, 0, 1], 'H': [1, 1, 1, 1, 1, 1, 1, 1, 1, 1], 'I': [1, 1, 0, 1, 1, 1, 1, 1, 1, 1], 'J': [1, 1, 1, 1, 1, 0, 1, 1, 1, 1], 'K': [0, 1, 1, 1, 1, 1, 1, 1, 1, 0]}, '东门南侧': {'A': [1, 0, 1, 1, 1, 1, 1, 1, 1, 1], 'B': [0, 0, 0, 0, 0, 0, 0, 0, 0, 0]}, '西门北侧': {'A': [1, 1, 1, 1, 1, 1, 1, 1, 1, 1], 'B': [1, 1, 1, 1, 1, 1, 1, 1, 1, 1], 'C': [1, 1, 1, 1, 1, 1, 1, 1, 1, 1]}, '西门南侧': {'A': [1, 1, 1, 1, 1, 1, 1, 1, 1, 1], 'B': [1, 1, 1, 1, 1, 1, 1, 1, 1, 1], 'C': [1, 1, 1, 1, 1, 1, 1, 1, 1, 1]}, '南门西侧': {'A': [1, 1, 1, 1, 1, 1, 1, 1, 1, 1], 'B': [1, 1, 1, 1, 0, 1, 1, 1, 1, 1]}, '南门东侧': {'A': [1, 1, 1, 1, 1, 1, 1, 1, 1, 1], 'B': [1, 1, 1, 1, 1, 1, 1, 1, 1, 1]}, '北门东北侧': {'A': [1, 1, 1, 1, 1, 1, 1, 1, 1, 1], 'B': [1, 1, 1, 1, 1, 1, 1, 1, 1, 1], 'C': [1, 1, 1, 1, 1, 1, 1, 1, 1, 1], 'D': [1, 1, 1, 1, 1, 1, 1, 0, 1, 1]}, '北门东南侧': {'A': [1, 1, 1, 1, 1, 1, 1, 1, 1, 1], 'B': [0, 1, 1, 1, 1, 1, 1, 1, 1, 1], 'C': [1, 1, 1, 1, 1, 1, 1, 1, 1, 1], 'D': [1, 1, 0, 1, 1, 1, 1, 1, 1, 1], 'E': [1, 1, 1, 1, 1, 1, 1, 1, 1, 1], 'F': [1, 1, 1, 1, 1, 1, 1, 1, 1, 1]}, '橘园北侧南': {'A': [1, 1, 1, 1, 1, 1, 1, 1, 1, 1], 'B': [0, 1, 0, 1, 1, 0, 1, 1, 1, 1], 'C': [0, 0, 1, 1, 1, 1, 1, 1, 1, 1], 'D': [1, 1, 1, 1, 1, 0, 1, 1, 1, 1], 'E': [1, 1, 1, 0, 1, 1, 1, 1, 1, 1], 'F': [1, 1, 1, 1, 0, 1, 1, 1, 1, 1], 'G': [1, 1, 1, 1, 1, 1, 1, 1, 1, 1], 'H': [1, 1, 1, 1, 1, 1, 1, 1, 1, 1], 'I': [1, 1, 1, 1, 1, 0, 1, 1, 1, 1], 'J': [1, 1, 0, 1, 1, 1, 1, 1, 1, 0]}, '校医院西': {'A': [1, 1, 1, 1, 1, 1, 1, 1, 1, 1], 'B': [1, 1, 1, 1, 1, 1, 1, 1, 1, 1], 'C': [1, 1, 1, 1, 1, 1, 1, 1, 1, 1], 'D': [1, 1, 1, 1, 1, 1, 1, 1, 1, 1], 'E': [1, 1, 1, 1, 1, 1, 1, 0, 1, 1], 'F': [1, 1, 1, 1, 0, 1, 1, 1, 1, 1], 'G': [1, 1, 1, 1, 1, 1, 1, 1, 1, 1], 'H': [1, 1, 1, 1, 1, 0, 1, 1, 0, 0], 'I': [1, 1, 1, 1, 1, 1, 1, 0, 1, 1]}}
623416	2024-07-13 07:41:20.872000+08:00	2024-07-13 07:41:20.872000+08:00	{'东门北侧': {'A': [1, 1, 1, 1, 1, 1, 1, 1, 1, 1], 'B': [1, 1, 1, 1, 1, 1, 1, 1, 1, 1], 'C': [1, 1, 1, 1, 1, 1, 1, 1, 1, 0], 'D': [1, 0, 1, 1, 1, 0, 1, 1, 1, 1], 'E': [1, 1, 0, 0, 1, 1, 1, 1, 1, 1], 'F': [0, 1, 1, 1, 1, 1, 1, 1, 1, 1], 'G': [1, 1, 1, 1, 1, 0, 1, 1, 0, 1], 'H': [1, 1, 1, 1, 1, 1, 1, 1, 1, 1], 'I': [1, 1, 0, 1, 1, 1, 1, 1, 1, 1], 'J': [1, 1, 1, 1, 1, 0, 1, 1, 1, 1], 'K': [0, 1, 1, 1, 1, 1, 1, 1, 1, 0]}, '东门南侧': {'A': [1, 0, 1, 1, 1, 1, 1, 1, 1, 1], 'B': [0, 0, 0, 0, 0, 0, 0, 0, 0, 0]}, '西门北侧': {'A': [1, 1, 1, 1, 1, 1, 1, 1, 1, 1], 'B': [1, 1, 1, 1, 1, 1, 1, 1, 1, 1], 'C': [1, 1, 1, 1, 1, 1, 1, 1, 1, 1]}, '西门南侧': {'A': [1, 1, 1, 1, 1, 1, 1, 1, 1, 1], 'B': [1, 1, 1, 1, 1, 1, 1, 1, 1, 1], 'C': [1, 1, 1, 1, 1, 1, 1, 1, 1, 1]}, '南门西侧': {'A': [1, 1, 1, 1, 1, 1, 1, 1, 1, 1], 'B': [1, 1, 1, 1, 0, 1, 1, 1, 1, 1]}, '南门东侧': {'A': [1, 1, 1, 1, 1, 1, 1, 1, 1, 1], 'B': [1, 1, 1, 1, 1, 1, 1, 1, 1, 1]}, '北门东北侧': {'A': [1, 1, 1, 1, 1, 1, 1, 1, 1, 1], 'B': [1, 1, 1, 1, 1, 1, 1, 1, 1, 1], 'C': [1, 1, 1, 1, 1, 1, 1, 1, 1, 1], 'D': [1, 1, 1, 1, 1, 1, 1, 0, 1, 1]}, '北门东南侧': {'A': [1, 1, 1, 1, 1, 1, 1, 1, 1, 1], 'B': [0, 1, 1, 1, 1, 1, 1, 1, 1, 1], 'C': [1, 1, 1, 1, 1, 1, 1, 1, 1, 1], 'D': [1, 1, 0, 1, 1, 1, 1, 1, 1, 1], 'E': [1, 1, 1, 1, 1, 1, 1, 1, 1, 1], 'F': [1, 1, 1, 1, 1, 1, 1, 1, 1, 1]}, '橘园北侧南': {'A': [1, 1, 1, 1, 1, 1, 1, 1, 1, 1], 'B': [0, 1, 0, 1, 1, 0, 1, 1, 1, 1], 'C': [0, 0, 1, 1, 1, 1, 1, 1, 1, 1], 'D': [1, 1, 1, 1, 1, 0, 1, 1, 1, 1], 'E': [1, 1, 1, 0, 1, 1, 1, 1, 1, 1], 'F': [1, 1, 1, 1, 0, 1, 1, 1, 1, 1], 'G': [1, 1, 1, 1, 1, 1, 1, 1, 1, 1], 'H': [1, 1, 1, 1, 1, 1, 1, 1, 1, 1], 'I': [1, 1, 1, 1, 1, 0, 1, 1, 1, 1], 'J': [1, 1, 0, 1, 1, 1, 1, 1, 1, 0]}, '校医院西': {'A': [1, 1, 1, 1, 1, 1, 1, 1, 1, 1], 'B': [1, 1, 1, 1, 1, 1, 1, 1, 1, 1], 'C': [1, 1, 1, 1, 1, 1, 1, 1, 1, 1], 'D': [1, 1, 1, 1, 1, 1, 1, 1, 1, 1], 'E': [1, 1, 1, 1, 1, 1, 1, 0, 1, 1], 'F': [1, 1, 1, 1, 0, 1, 1, 1, 1, 1], 'G': [1, 1, 1, 1, 1, 1, 1, 1, 1, 1], 'H': [1, 1, 1, 1, 1, 0, 1, 1, 0, 0], 'I': [1, 1, 1, 1, 1, 1, 1, 0, 1, 1]}}
623417	2024-07-13 07:42:21.904000+08:00	2024-07-13 07:42:21.904000+08:00	{'东门北侧': {'A': [1, 1, 1, 1, 1, 1, 1, 1, 1, 1], 'B': [1, 1, 1, 1, 1, 1, 1, 1, 1, 1], 'C': [1, 1, 1, 1, 1, 1, 1, 1, 1, 0], 'D': [1, 0, 1, 1, 1, 0, 1, 1, 1, 1], 'E': [1, 1, 0, 0, 1, 1, 1, 1, 1, 1], 'F': [0, 1, 1, 1, 1, 1, 1, 1, 1, 1], 'G': [1, 1, 1, 1, 1, 0, 1, 1, 0, 1], 'H': [1, 1, 1, 1, 1, 1, 1, 1, 1, 1], 'I': [1, 1, 0, 1, 1, 1, 1, 1, 1, 1], 'J': [1, 1, 1, 1, 1, 0, 1, 1, 1, 1], 'K': [0, 1, 1, 1, 1, 1, 1, 1, 1, 0]}, '东门南侧': {'A': [1, 0, 1, 1, 1, 1, 1, 1, 1, 1], 'B': [0, 0, 0, 0, 0, 0, 0, 0, 0, 0]}, '西门北侧': {'A': [1, 1, 1, 1, 1, 1, 1, 1, 1, 1], 'B': [1, 1, 1, 1, 1, 1, 1, 1, 1, 1], 'C': [1, 1, 1, 1, 1, 1, 1, 1, 1, 1]}, '西门南侧': {'A': [1, 1, 1, 1, 1, 1, 1, 1, 1, 1], 'B': [1, 1, 1, 1, 1, 1, 1, 1, 1, 1], 'C': [1, 1, 1, 1, 1, 1, 1, 1, 1, 1]}, '南门西侧': {'A': [1, 1, 1, 1, 1, 1, 1, 1, 1, 1], 'B': [1, 1, 1, 1, 0, 1, 1, 1, 1, 1]}, '南门东侧': {'A': [1, 1, 1, 1, 1, 1, 1, 1, 1, 1], 'B': [1, 1, 1, 1, 1, 1, 1, 1, 1, 1]}, '北门东北侧': {'A': [1, 1, 1, 1, 1, 1, 1, 1, 1, 1], 'B': [1, 1, 1, 1, 1, 1, 1, 1, 1, 1], 'C': [1, 1, 1, 1, 1, 1, 1, 1, 1, 1], 'D': [1, 1, 1, 1, 1, 1, 1, 0, 1, 1]}, '北门东南侧': {'A': [1, 1, 1, 1, 1, 1, 1, 1, 1, 1], 'B': [0, 1, 1, 1, 1, 1, 1, 1, 1, 1], 'C': [1, 1, 1, 1, 1, 1, 1, 1, 1, 1], 'D': [1, 1, 0, 1, 1, 1, 1, 1, 1, 1], 'E': [1, 1, 1, 1, 1, 1, 1, 1, 1, 1], 'F': [1, 1, 1, 1, 1, 1, 1, 1, 1, 1]}, '橘园北侧南': {'A': [1, 1, 1, 1, 1, 1, 1, 1, 1, 1], 'B': [0, 1, 0, 1, 1, 0, 1, 1, 1, 1], 'C': [0, 0, 1, 1, 1, 1, 1, 1, 1, 1], 'D': [1, 1, 1, 1, 1, 0, 1, 1, 1, 1], 'E': [1, 1, 1, 0, 1, 1, 1, 1, 1, 1], 'F': [1, 1, 1, 1, 0, 1, 1, 1, 1, 1], 'G': [1, 1, 1, 1, 1, 1, 1, 1, 1, 1], 'H': [1, 1, 1, 1, 1, 1, 1, 1, 1, 1], 'I': [1, 1, 1, 1, 1, 0, 1, 1, 1, 1], 'J': [1, 1, 0, 1, 1, 1, 1, 1, 1, 0]}, '校医院西': {'A': [1, 1, 1, 1, 1, 1, 1, 1, 1, 1], 'B': [1, 1, 1, 1, 1, 1, 1, 1, 1, 1], 'C': [1, 1, 1, 1, 1, 1, 1, 1, 1, 1], 'D': [1, 1, 1, 1, 1, 1, 1, 1, 1, 1], 'E': [1, 1, 1, 1, 1, 1, 1, 0, 1, 1], 'F': [1, 1, 1, 1, 0, 1, 1, 1, 1, 1], 'G': [1, 1, 1, 1, 1, 1, 1, 1, 1, 1], 'H': [1, 1, 1, 1, 1, 0, 1, 1, 0, 0], 'I': [1, 1, 1, 1, 1, 1, 1, 0, 1, 1]}}
623418	2024-07-13 07:43:21.019000+08:00	2024-07-13 07:43:21.019000+08:00	{'东门北侧': {'A': [1, 1, 1, 1, 1, 1, 1, 1, 1, 1], 'B': [1, 1, 1, 1, 1, 1, 1, 1, 1, 1], 'C': [1, 1, 1, 1, 1, 1, 1, 1, 1, 0], 'D': [1, 0, 1, 1, 1, 0, 1, 1, 1, 1], 'E': [1, 1, 0, 0, 1, 1, 1, 1, 1, 1], 'F': [0, 1, 1, 1, 1, 1, 1, 1, 1, 1], 'G': [1, 1, 1, 1, 1, 0, 1, 1, 0, 1], 'H': [1, 1, 1, 1, 1, 1, 1, 1, 1, 1], 'I': [1, 1, 0, 1, 1, 1, 1, 1, 1, 1], 'J': [1, 1, 1, 1, 1, 0, 1, 1, 1, 1], 'K': [0, 1, 1, 1, 1, 1, 1, 1, 1, 0]}, '东门南侧': {'A': [1, 0, 1, 1, 1, 1, 1, 1, 1, 1], 'B': [0, 0, 0, 0, 0, 0, 0, 0, 0, 0]}, '西门北侧': {'A': [1, 1, 1, 1, 1, 1, 1, 1, 1, 1], 'B': [1, 1, 1, 1, 1, 1, 1, 1, 1, 1], 'C': [1, 1, 1, 1, 1, 1, 1, 1, 1, 1]}, '西门南侧': {'A': [1, 1, 1, 1, 1, 1, 1, 1, 1, 1], 'B': [1, 1, 1, 1, 1, 1, 1, 1, 1, 1], 'C': [1, 1, 1, 1, 1, 1, 1, 1, 1, 1]}, '南门西侧': {'A': [1, 1, 1, 1, 1, 1, 1, 1, 1, 1], 'B': [1, 1, 1, 1, 0, 1, 1, 1, 1, 1]}, '南门东侧': {'A': [1, 1, 1, 1, 1, 1, 1, 1, 1, 1], 'B': [1, 1, 1, 1, 1, 1, 1, 1, 1, 1]}, '北门东北侧': {'A': [1, 1, 1, 1, 1, 1, 1, 1, 1, 1], 'B': [1, 1, 1, 1, 1, 1, 1, 1, 1, 1], 'C': [1, 1, 1, 1, 1, 1, 1, 1, 1, 1], 'D': [1, 1, 1, 1, 1, 1, 1, 0, 1, 1]}, '北门东南侧': {'A': [1, 1, 1, 1, 1, 1, 1, 1, 1, 1], 'B': [0, 1, 1, 1, 1, 1, 1, 1, 1, 1], 'C': [1, 1, 1, 1, 1, 1, 1, 1, 1, 1], 'D': [1, 1, 0, 1, 1, 1, 1, 1, 1, 1], 'E': [1, 1, 1, 1, 1, 1, 1, 1, 1, 1], 'F': [1, 1, 1, 1, 1, 1, 1, 1, 1, 1]}, '橘园北侧南': {'A': [1, 1, 1, 1, 1, 1, 1, 1, 1, 1], 'B': [0, 1, 0, 1, 1, 0, 1, 1, 1, 1], 'C': [0, 0, 1, 1, 1, 1, 1, 1, 1, 1], 'D': [1, 1, 1, 1, 1, 0, 1, 1, 1, 1], 'E': [1, 1, 1, 0, 1, 1, 1, 1, 1, 1], 'F': [1, 1, 1, 1, 0, 1, 1, 1, 1, 1], 'G': [1, 1, 1, 1, 1, 1, 1, 1, 1, 1], 'H': [1, 1, 1, 1, 1, 1, 1, 1, 1, 1], 'I': [1, 1, 1, 1, 1, 0, 1, 1, 1, 1], 'J': [1, 1, 0, 1, 1, 1, 1, 1, 1, 0]}, '校医院西': {'A': [1, 1, 1, 1, 1, 1, 1, 1, 1, 1], 'B': [1, 1, 1, 1, 1, 1, 1, 1, 1, 1], 'C': [1, 1, 1, 1, 1, 1, 1, 1, 1, 1], 'D': [1, 1, 1, 1, 1, 1, 1, 1, 1, 1], 'E': [1, 1, 1, 1, 1, 1, 1, 0, 1, 1], 'F': [1, 1, 1, 1, 0, 1, 1, 1, 1, 1], 'G': [1, 1, 1, 1, 1, 1, 1, 1, 1, 1], 'H': [1, 1, 1, 1, 1, 0, 1, 1, 0, 0], 'I': [1, 1, 1, 1, 1, 1, 1, 0, 1, 1]}}
623419	2024-07-13 07:44:20.887000+08:00	2024-07-13 07:44:20.887000+08:00	{'东门北侧': {'A': [1, 1, 1, 1, 1, 1, 1, 1, 1, 1], 'B': [1, 1, 1, 1, 1, 1, 1, 1, 1, 1], 'C': [1, 1, 1, 1, 1, 1, 1, 1, 1, 0], 'D': [1, 0, 1, 1, 1, 0, 1, 1, 1, 1], 'E': [1, 1, 0, 0, 1, 1, 1, 1, 1, 1], 'F': [0, 1, 1, 1, 1, 1, 1, 1, 1, 1], 'G': [1, 1, 1, 1, 1, 0, 1, 1, 0, 1], 'H': [1, 1, 1, 1, 1, 1, 1, 1, 1, 1], 'I': [1, 1, 0, 1, 1, 1, 1, 1, 1, 1], 'J': [1, 1, 1, 1, 1, 0, 1, 1, 1, 1], 'K': [0, 1, 1, 1, 1, 1, 1, 1, 1, 0]}, '东门南侧': {'A': [1, 0, 1, 1, 1, 1, 1, 1, 1, 1], 'B': [0, 0, 0, 0, 0, 0, 0, 0, 0, 0]}, '西门北侧': {'A': [1, 1, 1, 1, 1, 1, 1, 1, 1, 1], 'B': [1, 1, 1, 1, 1, 1, 1, 1, 1, 1], 'C': [1, 1, 1, 1, 1, 1, 1, 1, 1, 1]}, '西门南侧': {'A': [1, 1, 1, 1, 1, 1, 1, 1, 1, 1], 'B': [1, 1, 1, 1, 1, 1, 1, 1, 1, 1], 'C': [1, 1, 1, 1, 1, 1, 1, 1, 1, 1]}, '南门西侧': {'A': [1, 1, 1, 1, 1, 1, 1, 1, 1, 1], 'B': [1, 1, 1, 1, 0, 1, 1, 1, 1, 1]}, '南门东侧': {'A': [1, 1, 1, 1, 1, 1, 1, 1, 1, 1], 'B': [1, 1, 1, 1, 1, 1, 1, 1, 1, 1]}, '北门东北侧': {'A': [1, 1, 1, 1, 1, 1, 1, 1, 1, 1], 'B': [1, 1, 1, 1, 1, 1, 1, 1, 1, 1], 'C': [1, 1, 1, 1, 1, 1, 1, 1, 1, 1], 'D': [1, 1, 1, 1, 1, 1, 1, 0, 1, 1]}, '北门东南侧': {'A': [1, 1, 1, 1, 1, 1, 1, 1, 1, 1], 'B': [0, 1, 1, 1, 1, 1, 1, 1, 1, 1], 'C': [1, 1, 1, 1, 1, 1, 1, 1, 1, 1], 'D': [1, 1, 0, 1, 1, 1, 1, 1, 1, 1], 'E': [1, 1, 1, 1, 1, 1, 1, 1, 1, 1], 'F': [1, 1, 1, 1, 1, 1, 1, 1, 1, 1]}, '橘园北侧南': {'A': [1, 1, 1, 1, 1, 1, 1, 1, 1, 1], 'B': [0, 1, 0, 1, 1, 0, 1, 1, 1, 1], 'C': [0, 0, 1, 1, 1, 1, 1, 1, 1, 1], 'D': [1, 1, 1, 1, 1, 0, 1, 1, 1, 1], 'E': [1, 1, 1, 0, 1, 1, 1, 1, 1, 1], 'F': [1, 1, 1, 1, 0, 1, 1, 1, 1, 1], 'G': [1, 1, 1, 1, 1, 1, 1, 1, 1, 1], 'H': [1, 1, 1, 1, 1, 1, 1, 1, 1, 1], 'I': [1, 1, 1, 1, 1, 0, 1, 1, 1, 1], 'J': [1, 1, 0, 1, 1, 1, 1, 1, 1, 0]}, '校医院西': {'A': [1, 1, 1, 1, 1, 1, 1, 1, 1, 1], 'B': [1, 1, 1, 1, 1, 1, 1, 1, 1, 1], 'C': [1, 1, 1, 1, 1, 1, 1, 1, 1, 1], 'D': [1, 1, 1, 1, 1, 1, 1, 1, 1, 1], 'E': [1, 1, 1, 1, 1, 1, 1, 0, 1, 1], 'F': [1, 1, 1, 1, 0, 1, 1, 1, 1, 1], 'G': [1, 1, 1, 1, 1, 1, 1, 1, 1, 1], 'H': [1, 1, 1, 1, 1, 0, 1, 1, 0, 0], 'I': [1, 1, 1, 1, 1, 1, 1, 0, 1, 1]}}
623420	2024-07-13 07:45:23.882000+08:00	2024-07-13 07:45:23.882000+08:00	{'东门北侧': {'A': [1, 1, 1, 1, 1, 1, 1, 1, 1, 1], 'B': [1, 1, 1, 1, 1, 1, 1, 1, 1, 1], 'C': [1, 1, 1, 1, 1, 1, 1, 1, 1, 0], 'D': [1, 0, 1, 1, 1, 0, 1, 1, 1, 1], 'E': [1, 1, 0, 0, 1, 1, 1, 1, 1, 1], 'F': [0, 1, 1, 1, 1, 1, 1, 1, 1, 1], 'G': [1, 1, 1, 1, 1, 0, 1, 1, 0, 1], 'H': [1, 1, 1, 1, 1, 1, 1, 1, 1, 1], 'I': [1, 1, 0, 1, 1, 1, 1, 1, 1, 1], 'J': [1, 1, 1, 1, 1, 0, 1, 1, 1, 1], 'K': [0, 1, 1, 1, 1, 1, 1, 1, 1, 0]}, '东门南侧': {'A': [1, 0, 1, 1, 1, 1, 1, 1, 1, 1], 'B': [0, 0, 0, 0, 0, 0, 0, 0, 0, 0]}, '西门北侧': {'A': [1, 1, 1, 1, 1, 1, 1, 1, 1, 1], 'B': [1, 1, 1, 1, 1, 1, 1, 1, 1, 1], 'C': [1, 1, 1, 1, 1, 1, 1, 1, 1, 1]}, '西门南侧': {'A': [1, 1, 1, 1, 1, 1, 1, 1, 1, 1], 'B': [1, 1, 1, 1, 1, 1, 1, 1, 1, 1], 'C': [1, 1, 1, 1, 1, 1, 1, 1, 1, 1]}, '南门西侧': {'A': [1, 1, 1, 1, 1, 1, 1, 1, 1, 1], 'B': [1, 1, 1, 1, 0, 1, 1, 1, 1, 1]}, '南门东侧': {'A': [1, 1, 1, 1, 1, 1, 1, 1, 1, 1], 'B': [1, 1, 1, 1, 1, 1, 1, 1, 1, 1]}, '北门东北侧': {'A': [1, 1, 1, 1, 1, 1, 1, 1, 1, 1], 'B': [1, 1, 1, 1, 1, 1, 1, 1, 1, 1], 'C': [1, 1, 1, 1, 1, 1, 1, 1, 1, 1], 'D': [1, 1, 1, 1, 1, 1, 1, 0, 1, 1]}, '北门东南侧': {'A': [1, 1, 1, 1, 1, 1, 1, 1, 1, 1], 'B': [0, 1, 1, 1, 1, 1, 1, 1, 1, 1], 'C': [1, 1, 1, 1, 1, 1, 1, 1, 1, 1], 'D': [1, 1, 0, 1, 1, 1, 1, 1, 1, 1], 'E': [1, 1, 1, 1, 1, 1, 1, 1, 1, 1], 'F': [1, 1, 1, 1, 1, 1, 1, 1, 1, 1]}, '橘园北侧南': {'A': [1, 1, 1, 1, 1, 1, 1, 1, 1, 1], 'B': [0, 1, 0, 1, 1, 0, 1, 1, 1, 1], 'C': [0, 0, 1, 1, 1, 1, 1, 1, 1, 1], 'D': [1, 1, 1, 1, 1, 0, 1, 1, 1, 1], 'E': [1, 1, 1, 0, 1, 1, 1, 1, 1, 1], 'F': [1, 1, 1, 1, 0, 1, 1, 1, 1, 1], 'G': [1, 1, 1, 1, 1, 1, 1, 1, 1, 1], 'H': [1, 1, 1, 1, 1, 1, 1, 1, 1, 1], 'I': [1, 1, 1, 1, 1, 0, 1, 1, 1, 1], 'J': [1, 1, 0, 1, 1, 1, 1, 1, 1, 0]}, '校医院西': {'A': [1, 1, 1, 1, 1, 1, 1, 1, 1, 1], 'B': [1, 1, 1, 1, 1, 1, 1, 1, 1, 1], 'C': [1, 1, 1, 1, 1, 1, 1, 1, 1, 1], 'D': [1, 1, 1, 1, 1, 1, 1, 1, 1, 1], 'E': [1, 1, 1, 1, 1, 1, 1, 0, 1, 1], 'F': [1, 1, 1, 1, 0, 1, 1, 1, 1, 1], 'G': [1, 1, 1, 1, 1, 1, 1, 1, 1, 1], 'H': [1, 1, 1, 1, 1, 0, 1, 1, 0, 0], 'I': [1, 1, 1, 1, 1, 1, 1, 0, 1, 1]}}
623421	2024-07-13 07:46:22.070000+08:00	2024-07-13 07:46:22.070000+08:00	{'东门北侧': {'A': [1, 1, 1, 1, 1, 1, 1, 1, 1, 1], 'B': [1, 1, 1, 1, 1, 1, 1, 1, 1, 1], 'C': [1, 1, 1, 1, 1, 1, 1, 1, 1, 0], 'D': [1, 0, 1, 1, 1, 0, 1, 1, 1, 1], 'E': [1, 1, 0, 0, 1, 1, 1, 1, 1, 1], 'F': [0, 1, 1, 1, 1, 1, 1, 1, 1, 1], 'G': [1, 1, 1, 1, 1, 0, 1, 1, 0, 1], 'H': [1, 1, 1, 1, 1, 1, 1, 1, 1, 1], 'I': [1, 1, 0, 1, 1, 1, 1, 1, 1, 1], 'J': [1, 1, 1, 1, 1, 0, 1, 1, 1, 1], 'K': [0, 1, 1, 1, 1, 1, 1, 1, 1, 0]}, '东门南侧': {'A': [1, 0, 1, 1, 1, 1, 1, 1, 1, 1], 'B': [0, 0, 0, 0, 0, 0, 0, 0, 0, 0]}, '西门北侧': {'A': [1, 1, 1, 1, 1, 1, 1, 1, 1, 1], 'B': [1, 1, 1, 1, 1, 1, 1, 1, 1, 1], 'C': [1, 1, 1, 1, 1, 1, 1, 1, 1, 1]}, '西门南侧': {'A': [1, 1, 1, 1, 1, 1, 1, 1, 1, 1], 'B': [1, 1, 1, 1, 1, 1, 1, 1, 1, 1], 'C': [1, 1, 1, 1, 1, 1, 1, 1, 1, 1]}, '南门西侧': {'A': [1, 1, 1, 1, 1, 1, 1, 1, 1, 1], 'B': [1, 1, 1, 1, 0, 1, 1, 1, 1, 1]}, '南门东侧': {'A': [1, 1, 1, 1, 1, 1, 1, 1, 1, 1], 'B': [1, 1, 1, 1, 1, 1, 1, 1, 1, 1]}, '北门东北侧': {'A': [1, 1, 1, 1, 1, 1, 1, 1, 1, 1], 'B': [1, 1, 1, 1, 1, 1, 1, 1, 1, 1], 'C': [1, 1, 1, 1, 1, 1, 1, 1, 1, 1], 'D': [1, 1, 1, 1, 1, 1, 1, 0, 1, 1]}, '北门东南侧': {'A': [1, 1, 1, 1, 1, 1, 1, 1, 1, 1], 'B': [0, 1, 1, 1, 1, 1, 1, 1, 1, 1], 'C': [1, 1, 1, 1, 1, 1, 1, 1, 1, 1], 'D': [1, 1, 0, 1, 1, 1, 1, 1, 1, 1], 'E': [1, 1, 1, 1, 1, 1, 1, 1, 1, 1], 'F': [1, 1, 1, 1, 1, 1, 1, 1, 1, 1]}, '橘园北侧南': {'A': [1, 1, 1, 1, 1, 1, 1, 1, 1, 1], 'B': [0, 1, 0, 1, 1, 0, 1, 1, 1, 1], 'C': [0, 0, 1, 1, 1, 1, 1, 1, 1, 1], 'D': [1, 1, 1, 1, 1, 0, 1, 1, 1, 1], 'E': [1, 1, 1, 0, 1, 1, 1, 1, 1, 1], 'F': [1, 1, 1, 1, 0, 1, 1, 1, 1, 1], 'G': [1, 1, 1, 1, 1, 1, 1, 1, 1, 1], 'H': [1, 1, 1, 1, 1, 1, 1, 1, 1, 1], 'I': [1, 1, 1, 1, 1, 0, 1, 1, 1, 1], 'J': [1, 1, 0, 1, 1, 1, 1, 1, 1, 0]}, '校医院西': {'A': [1, 1, 1, 1, 1, 1, 1, 1, 1, 1], 'B': [1, 1, 1, 1, 1, 1, 1, 1, 1, 1], 'C': [1, 1, 1, 1, 1, 1, 1, 1, 1, 1], 'D': [1, 1, 1, 1, 1, 1, 1, 1, 1, 1], 'E': [1, 1, 1, 1, 1, 1, 1, 0, 1, 1], 'F': [1, 1, 1, 1, 0, 1, 1, 1, 1, 1], 'G': [1, 1, 1, 1, 1, 1, 1, 1, 1, 1], 'H': [1, 1, 1, 1, 1, 0, 1, 1, 0, 0], 'I': [1, 1, 1, 1, 1, 1, 1, 0, 1, 1]}}
623422	2024-07-13 07:47:23.836000+08:00	2024-07-13 07:47:23.836000+08:00	{'东门北侧': {'A': [1, 1, 1, 1, 1, 1, 1, 1, 1, 1], 'B': [1, 1, 1, 1, 1, 1, 1, 1, 1, 1], 'C': [1, 1, 1, 1, 1, 1, 1, 1, 1, 0], 'D': [1, 0, 1, 1, 1, 0, 1, 1, 1, 1], 'E': [1, 1, 0, 0, 1, 1, 1, 1, 1, 1], 'F': [0, 1, 1, 1, 1, 1, 1, 1, 1, 1], 'G': [1, 1, 1, 1, 1, 0, 1, 1, 0, 1], 'H': [1, 1, 1, 1, 1, 1, 1, 1, 1, 1], 'I': [1, 1, 0, 1, 1, 1, 1, 1, 1, 1], 'J': [1, 1, 1, 1, 1, 0, 1, 1, 1, 1], 'K': [0, 1, 1, 1, 1, 1, 1, 1, 1, 0]}, '东门南侧': {'A': [1, 0, 1, 1, 1, 1, 1, 1, 1, 1], 'B': [0, 0, 0, 0, 0, 0, 0, 0, 0, 0]}, '西门北侧': {'A': [1, 1, 1, 1, 1, 1, 1, 1, 1, 1], 'B': [1, 1, 1, 1, 1, 1, 1, 1, 1, 1], 'C': [1, 1, 1, 1, 1, 1, 1, 1, 1, 1]}, '西门南侧': {'A': [1, 1, 1, 1, 1, 1, 1, 1, 1, 1], 'B': [1, 1, 1, 1, 1, 1, 1, 1, 1, 1], 'C': [1, 1, 1, 1, 1, 1, 1, 1, 1, 1]}, '南门西侧': {'A': [1, 1, 1, 1, 1, 1, 1, 1, 1, 1], 'B': [1, 1, 1, 1, 0, 1, 1, 1, 1, 1]}, '南门东侧': {'A': [1, 1, 1, 1, 1, 1, 1, 1, 1, 1], 'B': [1, 1, 1, 1, 1, 1, 1, 1, 1, 1]}, '北门东北侧': {'A': [1, 1, 1, 1, 1, 1, 1, 1, 1, 1], 'B': [1, 1, 1, 1, 1, 1, 1, 1, 1, 1], 'C': [1, 1, 1, 1, 1, 1, 1, 1, 1, 1], 'D': [1, 1, 1, 1, 1, 1, 1, 0, 1, 1]}, '北门东南侧': {'A': [1, 1, 1, 1, 1, 1, 1, 1, 1, 1], 'B': [0, 1, 1, 1, 1, 1, 1, 1, 1, 1], 'C': [1, 1, 1, 1, 1, 1, 1, 1, 1, 1], 'D': [1, 1, 0, 1, 1, 1, 1, 1, 1, 1], 'E': [1, 1, 1, 1, 1, 1, 1, 1, 1, 1], 'F': [1, 1, 1, 1, 1, 1, 1, 1, 1, 1]}, '橘园北侧南': {'A': [1, 1, 1, 1, 1, 1, 1, 1, 1, 1], 'B': [0, 1, 0, 1, 1, 0, 1, 1, 1, 1], 'C': [0, 0, 1, 1, 1, 1, 1, 1, 1, 1], 'D': [1, 1, 1, 1, 1, 0, 1, 1, 1, 1], 'E': [0, 1, 1, 0, 1, 1, 1, 1, 1, 1], 'F': [1, 1, 1, 1, 0, 1, 1, 1, 1, 1], 'G': [1, 1, 1, 1, 1, 1, 1, 1, 1, 1], 'H': [1, 1, 1, 1, 1, 1, 1, 1, 1, 1], 'I': [1, 1, 1, 1, 1, 0, 1, 1, 1, 1], 'J': [1, 1, 0, 1, 1, 1, 1, 1, 1, 0]}, '校医院西': {'A': [1, 1, 1, 1, 1, 1, 1, 1, 1, 1], 'B': [1, 1, 1, 1, 1, 1, 1, 1, 1, 1], 'C': [1, 1, 1, 1, 1, 1, 1, 1, 1, 1], 'D': [1, 1, 1, 1, 1, 1, 1, 1, 1, 1], 'E': [1, 1, 1, 1, 1, 1, 1, 0, 1, 1], 'F': [1, 1, 1, 1, 0, 1, 1, 1, 1, 1], 'G': [1, 1, 1, 1, 1, 1, 1, 1, 1, 1], 'H': [1, 1, 1, 1, 1, 0, 1, 1, 1, 0], 'I': [1, 1, 1, 1, 1, 1, 1, 0, 1, 1]}}
623423	2024-07-13 07:48:24.461000+08:00	2024-07-13 07:48:24.461000+08:00	{'东门北侧': {'A': [1, 1, 1, 1, 1, 1, 1, 1, 1, 1], 'B': [1, 1, 1, 1, 1, 1, 1, 1, 1, 1], 'C': [1, 1, 1, 1, 1, 1, 1, 1, 1, 0], 'D': [1, 0, 1, 1, 1, 0, 1, 1, 1, 1], 'E': [1, 1, 0, 0, 1, 1, 1, 1, 1, 1], 'F': [0, 1, 1, 1, 1, 1, 1, 1, 1, 1], 'G': [1, 1, 1, 1, 1, 0, 1, 1, 0, 1], 'H': [1, 1, 1, 1, 1, 1, 1, 1, 1, 1], 'I': [1, 1, 0, 1, 1, 1, 1, 1, 1, 1], 'J': [1, 1, 1, 1, 1, 0, 1, 1, 1, 1], 'K': [0, 1, 1, 1, 1, 1, 1, 1, 1, 0]}, '东门南侧': {'A': [1, 0, 1, 1, 1, 1, 1, 1, 1, 1], 'B': [0, 0, 0, 0, 0, 0, 0, 0, 0, 0]}, '西门北侧': {'A': [1, 1, 1, 1, 1, 1, 1, 1, 1, 1], 'B': [1, 1, 1, 1, 1, 1, 1, 1, 1, 1], 'C': [1, 1, 1, 1, 1, 1, 1, 1, 1, 1]}, '西门南侧': {'A': [1, 1, 1, 1, 1, 1, 1, 1, 1, 1], 'B': [1, 1, 1, 1, 1, 1, 1, 1, 1, 1], 'C': [1, 1, 1, 1, 1, 1, 1, 1, 1, 1]}, '南门西侧': {'A': [1, 1, 1, 1, 1, 1, 1, 1, 1, 1], 'B': [1, 1, 1, 1, 0, 1, 1, 1, 1, 1]}, '南门东侧': {'A': [1, 1, 1, 1, 1, 1, 1, 1, 1, 1], 'B': [1, 1, 1, 1, 1, 1, 1, 1, 1, 1]}, '北门东北侧': {'A': [1, 1, 1, 1, 1, 1, 1, 1, 1, 1], 'B': [1, 1, 1, 1, 1, 1, 1, 1, 1, 1], 'C': [1, 1, 1, 1, 1, 1, 1, 1, 1, 1], 'D': [1, 1, 1, 1, 1, 1, 1, 0, 1, 1]}, '北门东南侧': {'A': [1, 1, 1, 1, 1, 1, 1, 1, 1, 1], 'B': [0, 1, 1, 1, 1, 1, 1, 1, 1, 1], 'C': [1, 1, 1, 1, 1, 1, 1, 1, 1, 1], 'D': [1, 1, 0, 1, 1, 1, 1, 1, 1, 1], 'E': [1, 1, 1, 1, 1, 1, 1, 1, 1, 1], 'F': [1, 1, 1, 1, 1, 1, 1, 1, 1, 1]}, '橘园北侧南': {'A': [1, 1, 1, 1, 1, 1, 1, 1, 1, 1], 'B': [0, 1, 0, 1, 1, 0, 1, 1, 1, 1], 'C': [0, 0, 1, 1, 1, 1, 1, 1, 1, 1], 'D': [1, 1, 1, 1, 1, 0, 1, 1, 1, 1], 'E': [0, 1, 1, 0, 1, 1, 1, 1, 1, 1], 'F': [1, 1, 1, 1, 0, 1, 1, 1, 1, 1], 'G': [1, 1, 1, 1, 1, 1, 1, 1, 1, 1], 'H': [1, 1, 1, 1, 1, 1, 1, 1, 1, 1], 'I': [1, 1, 1, 1, 1, 0, 1, 1, 1, 1], 'J': [1, 1, 0, 1, 1, 1, 1, 1, 1, 0]}, '校医院西': {'A': [1, 1, 1, 1, 1, 1, 1, 1, 1, 1], 'B': [1, 1, 1, 1, 1, 1, 1, 1, 1, 1], 'C': [1, 1, 1, 1, 1, 1, 1, 1, 1, 1], 'D': [1, 1, 1, 1, 1, 1, 1, 1, 1, 1], 'E': [1, 1, 1, 1, 1, 1, 1, 0, 1, 1], 'F': [1, 1, 1, 1, 0, 1, 1, 1, 1, 1], 'G': [1, 1, 1, 1, 1, 1, 1, 1, 1, 1], 'H': [1, 1, 1, 1, 1, 0, 1, 1, 1, 0], 'I': [1, 1, 1, 1, 1, 1, 1, 0, 1, 1]}}
623424	2024-07-13 07:49:20.856000+08:00	2024-07-13 07:49:20.856000+08:00	{'东门北侧': {'A': [1, 1, 1, 1, 1, 1, 1, 1, 1, 1], 'B': [1, 1, 1, 1, 1, 1, 1, 1, 1, 1], 'C': [1, 1, 1, 1, 1, 1, 1, 1, 1, 0], 'D': [1, 0, 1, 1, 1, 0, 1, 1, 1, 1], 'E': [1, 1, 0, 0, 1, 1, 1, 1, 1, 1], 'F': [0, 1, 1, 1, 1, 1, 1, 1, 1, 1], 'G': [1, 1, 1, 1, 1, 0, 1, 1, 0, 1], 'H': [1, 1, 1, 1, 1, 1, 1, 1, 1, 1], 'I': [1, 1, 0, 1, 1, 1, 1, 1, 1, 1], 'J': [1, 1, 1, 1, 1, 0, 1, 1, 1, 1], 'K': [0, 1, 1, 1, 1, 1, 1, 1, 1, 0]}, '东门南侧': {'A': [1, 0, 1, 1, 1, 1, 1, 1, 1, 1], 'B': [0, 0, 0, 0, 0, 0, 0, 0, 0, 0]}, '西门北侧': {'A': [1, 1, 1, 1, 1, 1, 1, 1, 1, 1], 'B': [1, 1, 1, 1, 1, 1, 1, 1, 1, 1], 'C': [1, 1, 1, 1, 1, 1, 1, 1, 1, 1]}, '西门南侧': {'A': [1, 1, 1, 1, 1, 1, 1, 1, 1, 1], 'B': [1, 1, 1, 1, 1, 1, 1, 1, 1, 1], 'C': [1, 1, 1, 1, 1, 1, 1, 1, 1, 1]}, '南门西侧': {'A': [1, 1, 1, 1, 1, 1, 1, 1, 1, 1], 'B': [1, 1, 1, 1, 0, 1, 1, 1, 1, 1]}, '南门东侧': {'A': [1, 1, 1, 1, 1, 1, 1, 1, 1, 1], 'B': [1, 1, 1, 1, 1, 1, 1, 1, 1, 1]}, '北门东北侧': {'A': [1, 1, 1, 1, 1, 1, 1, 1, 1, 1], 'B': [1, 1, 1, 1, 1, 1, 1, 1, 1, 1], 'C': [1, 1, 1, 1, 1, 1, 1, 1, 1, 1], 'D': [1, 1, 1, 1, 1, 1, 1, 0, 1, 1]}, '北门东南侧': {'A': [1, 1, 1, 1, 1, 1, 1, 1, 1, 1], 'B': [0, 1, 1, 1, 1, 1, 1, 1, 1, 1], 'C': [1, 1, 1, 1, 1, 1, 1, 1, 1, 1], 'D': [1, 1, 0, 1, 1, 1, 1, 1, 1, 1], 'E': [1, 1, 1, 1, 1, 1, 1, 1, 1, 1], 'F': [1, 1, 1, 1, 1, 1, 1, 1, 1, 1]}, '橘园北侧南': {'A': [1, 1, 1, 1, 1, 1, 1, 1, 1, 1], 'B': [0, 1, 0, 1, 1, 0, 1, 1, 1, 1], 'C': [0, 0, 1, 1, 1, 1, 1, 1, 1, 1], 'D': [1, 1, 1, 1, 1, 0, 1, 1, 1, 1], 'E': [0, 1, 1, 0, 1, 1, 1, 1, 1, 1], 'F': [1, 1, 1, 1, 0, 1, 1, 1, 1, 1], 'G': [1, 1, 1, 1, 1, 1, 1, 1, 1, 1], 'H': [1, 1, 1, 1, 1, 1, 1, 1, 1, 1], 'I': [1, 1, 1, 1, 1, 0, 1, 1, 1, 1], 'J': [1, 1, 0, 1, 1, 1, 1, 1, 1, 0]}, '校医院西': {'A': [1, 1, 1, 1, 1, 1, 1, 1, 1, 1], 'B': [1, 1, 1, 1, 1, 1, 1, 1, 1, 1], 'C': [1, 1, 1, 1, 1, 1, 1, 1, 1, 1], 'D': [1, 1, 1, 1, 1, 1, 1, 1, 1, 1], 'E': [1, 1, 1, 1, 1, 1, 1, 0, 1, 1], 'F': [1, 1, 1, 1, 0, 1, 1, 1, 1, 1], 'G': [1, 1, 1, 1, 1, 1, 1, 1, 1, 1], 'H': [1, 1, 1, 1, 1, 0, 1, 1, 1, 0], 'I': [1, 1, 1, 1, 1, 1, 1, 0, 1, 1]}}
623425	2024-07-13 07:50:23.846000+08:00	2024-07-13 07:50:23.846000+08:00	{'东门北侧': {'A': [1, 1, 1, 1, 1, 1, 1, 1, 1, 1], 'B': [1, 1, 1, 1, 1, 1, 1, 1, 1, 1], 'C': [1, 1, 1, 1, 1, 1, 1, 1, 1, 0], 'D': [1, 0, 1, 1, 1, 0, 1, 1, 1, 1], 'E': [1, 1, 0, 0, 1, 1, 1, 1, 1, 1], 'F': [0, 1, 1, 1, 1, 1, 1, 1, 1, 1], 'G': [1, 1, 1, 1, 1, 0, 1, 1, 0, 1], 'H': [1, 1, 1, 1, 1, 1, 1, 1, 1, 1], 'I': [1, 1, 0, 1, 1, 1, 1, 1, 1, 1], 'J': [1, 1, 1, 1, 1, 0, 1, 1, 1, 1], 'K': [0, 1, 1, 1, 1, 1, 1, 1, 1, 0]}, '东门南侧': {'A': [1, 0, 1, 1, 1, 1, 1, 1, 1, 1], 'B': [0, 0, 0, 0, 0, 0, 0, 0, 0, 0]}, '西门北侧': {'A': [1, 1, 1, 1, 1, 1, 1, 1, 1, 1], 'B': [1, 1, 1, 1, 1, 1, 1, 1, 1, 1], 'C': [1, 1, 1, 1, 1, 1, 1, 1, 1, 1]}, '西门南侧': {'A': [1, 1, 1, 1, 1, 1, 1, 1, 1, 1], 'B': [1, 1, 1, 1, 1, 1, 1, 1, 1, 1], 'C': [1, 1, 1, 1, 1, 1, 1, 1, 1, 1]}, '南门西侧': {'A': [1, 1, 1, 1, 1, 1, 1, 1, 1, 1], 'B': [1, 1, 1, 1, 0, 1, 1, 1, 1, 1]}, '南门东侧': {'A': [1, 1, 1, 1, 1, 1, 1, 1, 1, 1], 'B': [1, 1, 1, 1, 1, 1, 1, 1, 1, 1]}, '北门东北侧': {'A': [1, 1, 1, 1, 1, 1, 1, 1, 1, 1], 'B': [1, 1, 1, 1, 1, 1, 1, 1, 1, 1], 'C': [1, 1, 1, 1, 1, 1, 1, 1, 1, 1], 'D': [1, 1, 1, 1, 1, 1, 1, 0, 1, 1]}, '北门东南侧': {'A': [1, 1, 1, 1, 1, 1, 1, 1, 1, 1], 'B': [0, 1, 1, 1, 1, 1, 1, 1, 1, 1], 'C': [1, 1, 1, 1, 1, 1, 1, 1, 1, 1], 'D': [1, 1, 0, 1, 1, 1, 1, 1, 1, 1], 'E': [1, 1, 1, 1, 1, 1, 1, 1, 1, 1], 'F': [1, 1, 1, 1, 1, 1, 1, 1, 1, 1]}, '橘园北侧南': {'A': [1, 1, 1, 1, 1, 1, 1, 1, 1, 1], 'B': [0, 1, 0, 1, 1, 0, 1, 1, 1, 1], 'C': [0, 0, 1, 1, 1, 1, 1, 1, 1, 1], 'D': [1, 1, 1, 1, 1, 0, 1, 1, 1, 1], 'E': [0, 1, 1, 0, 1, 1, 1, 1, 1, 1], 'F': [1, 1, 1, 1, 0, 1, 1, 1, 1, 1], 'G': [1, 1, 1, 1, 1, 1, 1, 1, 1, 1], 'H': [1, 1, 1, 1, 1, 1, 1, 1, 1, 1], 'I': [1, 1, 1, 1, 1, 0, 1, 1, 1, 1], 'J': [1, 1, 0, 1, 1, 1, 1, 1, 1, 0]}, '校医院西': {'A': [1, 1, 1, 1, 1, 1, 1, 1, 1, 1], 'B': [1, 1, 1, 1, 1, 1, 1, 1, 1, 1], 'C': [1, 1, 1, 1, 1, 1, 1, 1, 1, 1], 'D': [1, 1, 1, 1, 1, 1, 1, 1, 1, 1], 'E': [1, 1, 1, 1, 1, 1, 1, 0, 1, 1], 'F': [1, 1, 1, 1, 0, 1, 1, 1, 1, 1], 'G': [1, 1, 1, 1, 1, 1, 1, 1, 1, 1], 'H': [1, 1, 1, 1, 1, 0, 1, 1, 1, 0], 'I': [1, 1, 1, 1, 1, 1, 1, 0, 1, 1]}}
623426	2024-07-13 07:51:22.908000+08:00	2024-07-13 07:51:22.908000+08:00	{'东门北侧': {'A': [1, 1, 1, 1, 1, 1, 1, 1, 1, 1], 'B': [1, 1, 1, 1, 1, 1, 1, 1, 1, 1], 'C': [1, 1, 1, 1, 1, 1, 1, 1, 1, 0], 'D': [1, 0, 1, 1, 1, 0, 1, 1, 1, 1], 'E': [1, 1, 0, 0, 1, 1, 1, 1, 1, 1], 'F': [0, 1, 1, 1, 1, 1, 1, 1, 1, 1], 'G': [1, 1, 1, 1, 1, 0, 1, 1, 0, 1], 'H': [1, 1, 1, 1, 1, 1, 1, 1, 1, 1], 'I': [1, 1, 0, 1, 1, 1, 1, 1, 1, 1], 'J': [1, 1, 1, 1, 1, 0, 1, 1, 1, 1], 'K': [0, 1, 1, 1, 1, 1, 1, 1, 1, 0]}, '东门南侧': {'A': [1, 0, 1, 1, 1, 1, 1, 1, 1, 1], 'B': [0, 0, 0, 0, 0, 0, 0, 0, 0, 0]}, '西门北侧': {'A': [1, 1, 1, 1, 1, 1, 1, 1, 1, 1], 'B': [1, 1, 1, 1, 1, 1, 1, 1, 1, 1], 'C': [1, 1, 1, 1, 1, 1, 1, 1, 1, 1]}, '西门南侧': {'A': [1, 1, 1, 1, 1, 1, 1, 1, 1, 1], 'B': [1, 1, 1, 1, 1, 1, 1, 1, 1, 1], 'C': [1, 1, 1, 1, 1, 1, 1, 1, 1, 1]}, '南门西侧': {'A': [1, 1, 1, 1, 1, 1, 1, 1, 1, 1], 'B': [1, 1, 1, 1, 1, 1, 1, 1, 1, 1]}, '南门东侧': {'A': [1, 1, 1, 1, 1, 1, 1, 1, 1, 1], 'B': [1, 1, 1, 1, 1, 1, 1, 1, 1, 1]}, '北门东北侧': {'A': [1, 1, 1, 1, 1, 1, 1, 1, 1, 1], 'B': [1, 1, 1, 1, 1, 1, 1, 1, 1, 1], 'C': [1, 1, 1, 1, 1, 1, 1, 1, 1, 1], 'D': [1, 1, 1, 1, 1, 1, 1, 0, 1, 1]}, '北门东南侧': {'A': [1, 1, 1, 1, 1, 1, 1, 1, 1, 1], 'B': [0, 1, 1, 1, 1, 1, 1, 1, 1, 1], 'C': [1, 1, 1, 1, 1, 1, 1, 1, 1, 1], 'D': [1, 1, 0, 1, 1, 1, 1, 1, 1, 1], 'E': [1, 1, 1, 1, 1, 1, 1, 1, 1, 1], 'F': [1, 1, 1, 1, 1, 1, 1, 1, 1, 1]}, '橘园北侧南': {'A': [1, 1, 1, 1, 1, 1, 1, 1, 1, 1], 'B': [0, 1, 0, 1, 1, 0, 1, 1, 1, 1], 'C': [0, 0, 1, 1, 1, 1, 1, 1, 1, 1], 'D': [1, 1, 1, 1, 1, 0, 1, 1, 1, 1], 'E': [0, 1, 1, 0, 1, 1, 1, 1, 1, 1], 'F': [1, 1, 1, 1, 0, 1, 1, 1, 1, 1], 'G': [1, 1, 1, 1, 1, 1, 1, 1, 1, 1], 'H': [1, 1, 1, 1, 1, 1, 1, 1, 1, 1], 'I': [1, 1, 1, 1, 1, 0, 1, 1, 1, 1], 'J': [1, 1, 0, 1, 1, 1, 1, 1, 1, 0]}, '校医院西': {'A': [1, 1, 1, 1, 1, 1, 1, 1, 1, 1], 'B': [1, 1, 1, 1, 1, 1, 1, 1, 1, 1], 'C': [1, 1, 1, 1, 1, 1, 1, 1, 1, 1], 'D': [1, 1, 1, 1, 1, 1, 1, 1, 1, 1], 'E': [1, 1, 1, 1, 1, 1, 1, 0, 1, 1], 'F': [1, 1, 1, 1, 0, 1, 1, 1, 1, 1], 'G': [1, 1, 1, 1, 1, 1, 1, 1, 1, 1], 'H': [1, 1, 1, 1, 1, 0, 1, 1, 1, 0], 'I': [1, 1, 1, 1, 1, 1, 1, 0, 1, 1]}}
623427	2024-07-13 07:52:21.877000+08:00	2024-07-13 07:52:21.877000+08:00	{'东门北侧': {'A': [1, 1, 1, 1, 1, 1, 1, 1, 1, 1], 'B': [1, 1, 1, 1, 1, 1, 1, 1, 1, 1], 'C': [1, 1, 1, 1, 1, 1, 1, 1, 1, 0], 'D': [1, 0, 1, 1, 1, 0, 1, 1, 1, 1], 'E': [1, 1, 0, 0, 1, 1, 1, 1, 1, 1], 'F': [0, 1, 1, 1, 1, 1, 1, 1, 1, 1], 'G': [1, 1, 1, 1, 1, 0, 1, 1, 0, 1], 'H': [1, 1, 1, 1, 1, 1, 1, 1, 1, 1], 'I': [1, 1, 0, 1, 1, 1, 1, 1, 1, 1], 'J': [1, 1, 1, 1, 1, 0, 1, 1, 1, 1], 'K': [0, 1, 1, 1, 1, 1, 1, 1, 1, 0]}, '东门南侧': {'A': [1, 0, 1, 1, 1, 1, 1, 1, 1, 1], 'B': [0, 0, 0, 0, 0, 0, 0, 0, 0, 0]}, '西门北侧': {'A': [1, 1, 1, 1, 1, 1, 1, 1, 1, 1], 'B': [1, 1, 1, 1, 1, 1, 1, 1, 1, 1], 'C': [1, 1, 1, 1, 1, 1, 1, 1, 1, 1]}, '西门南侧': {'A': [1, 1, 1, 1, 1, 1, 1, 1, 1, 1], 'B': [1, 1, 1, 1, 1, 1, 1, 1, 1, 1], 'C': [1, 1, 1, 1, 1, 1, 1, 1, 1, 1]}, '南门西侧': {'A': [1, 1, 1, 1, 1, 1, 1, 1, 1, 1], 'B': [1, 1, 1, 1, 1, 1, 1, 1, 1, 1]}, '南门东侧': {'A': [1, 1, 1, 1, 1, 1, 1, 1, 1, 1], 'B': [1, 1, 1, 1, 1, 1, 1, 1, 1, 1]}, '北门东北侧': {'A': [1, 1, 1, 1, 1, 1, 1, 1, 1, 1], 'B': [1, 1, 1, 1, 1, 1, 1, 1, 1, 1], 'C': [1, 1, 1, 1, 1, 1, 1, 1, 1, 1], 'D': [1, 1, 1, 1, 1, 1, 1, 0, 1, 1]}, '北门东南侧': {'A': [1, 1, 1, 1, 1, 1, 1, 1, 1, 1], 'B': [0, 1, 1, 1, 1, 1, 1, 1, 1, 1], 'C': [1, 1, 1, 1, 1, 1, 1, 1, 1, 1], 'D': [1, 1, 0, 1, 1, 1, 1, 1, 1, 1], 'E': [1, 1, 1, 1, 1, 1, 1, 1, 1, 1], 'F': [1, 1, 1, 1, 1, 1, 1, 1, 1, 1]}, '橘园北侧南': {'A': [1, 1, 1, 1, 1, 1, 1, 1, 1, 1], 'B': [0, 1, 0, 1, 1, 0, 1, 1, 1, 1], 'C': [0, 0, 1, 1, 1, 1, 1, 1, 1, 1], 'D': [1, 1, 1, 1, 1, 0, 1, 1, 1, 1], 'E': [0, 1, 1, 0, 1, 1, 1, 1, 1, 1], 'F': [1, 1, 1, 1, 0, 1, 1, 1, 1, 1], 'G': [1, 1, 1, 1, 1, 1, 1, 1, 1, 1], 'H': [1, 1, 1, 1, 1, 1, 1, 1, 1, 1], 'I': [1, 1, 1, 1, 1, 0, 1, 1, 1, 1], 'J': [1, 1, 0, 1, 1, 1, 1, 1, 1, 0]}, '校医院西': {'A': [1, 1, 1, 1, 1, 1, 1, 1, 1, 1], 'B': [1, 1, 1, 1, 1, 1, 1, 1, 1, 1], 'C': [1, 1, 1, 1, 1, 1, 1, 1, 1, 1], 'D': [1, 1, 1, 1, 1, 1, 1, 1, 1, 1], 'E': [1, 1, 1, 1, 1, 1, 1, 0, 1, 1], 'F': [1, 1, 1, 1, 0, 1, 1, 1, 1, 1], 'G': [1, 1, 1, 1, 1, 1, 1, 1, 1, 1], 'H': [1, 1, 1, 1, 1, 0, 1, 1, 1, 0], 'I': [1, 1, 1, 1, 1, 1, 1, 0, 1, 1]}}
623428	2024-07-13 07:53:23.840000+08:00	2024-07-13 07:53:23.840000+08:00	{'东门北侧': {'A': [1, 1, 1, 1, 1, 1, 1, 1, 1, 1], 'B': [1, 1, 1, 1, 1, 1, 1, 1, 1, 1], 'C': [1, 1, 1, 1, 1, 1, 1, 1, 1, 0], 'D': [1, 0, 1, 1, 1, 0, 1, 1, 1, 1], 'E': [1, 1, 0, 0, 1, 1, 1, 1, 1, 1], 'F': [0, 1, 1, 1, 1, 1, 1, 1, 1, 1], 'G': [1, 1, 1, 1, 1, 0, 1, 1, 0, 1], 'H': [1, 1, 1, 1, 1, 1, 1, 1, 1, 1], 'I': [1, 1, 0, 1, 1, 1, 1, 1, 1, 1], 'J': [1, 1, 1, 1, 1, 0, 1, 1, 1, 1], 'K': [0, 1, 1, 1, 1, 1, 1, 1, 1, 0]}, '东门南侧': {'A': [1, 0, 1, 1, 1, 1, 1, 1, 1, 1], 'B': [0, 0, 0, 0, 0, 0, 0, 0, 0, 0]}, '西门北侧': {'A': [1, 1, 1, 1, 1, 1, 1, 1, 1, 1], 'B': [1, 1, 1, 1, 1, 1, 1, 1, 1, 1], 'C': [1, 1, 1, 1, 1, 1, 1, 1, 1, 1]}, '西门南侧': {'A': [1, 1, 1, 1, 1, 1, 1, 1, 1, 1], 'B': [1, 1, 1, 1, 1, 1, 1, 1, 1, 1], 'C': [1, 1, 1, 1, 1, 1, 1, 1, 1, 1]}, '南门西侧': {'A': [1, 1, 1, 1, 1, 1, 1, 1, 1, 1], 'B': [1, 1, 1, 1, 1, 1, 1, 1, 1, 1]}, '南门东侧': {'A': [1, 1, 1, 1, 1, 1, 1, 1, 1, 1], 'B': [1, 1, 1, 1, 1, 1, 1, 1, 1, 1]}, '北门东北侧': {'A': [1, 1, 1, 1, 1, 1, 1, 1, 1, 1], 'B': [1, 1, 1, 1, 1, 1, 1, 1, 1, 1], 'C': [1, 1, 1, 1, 1, 1, 1, 1, 1, 1], 'D': [1, 1, 1, 1, 1, 1, 1, 0, 1, 1]}, '北门东南侧': {'A': [1, 1, 1, 1, 1, 1, 1, 1, 1, 1], 'B': [0, 1, 1, 1, 1, 1, 1, 1, 1, 1], 'C': [1, 1, 1, 1, 1, 1, 1, 1, 1, 1], 'D': [1, 1, 0, 1, 1, 1, 1, 1, 1, 1], 'E': [1, 1, 1, 1, 1, 1, 1, 1, 1, 1], 'F': [1, 1, 1, 1, 1, 1, 1, 1, 1, 1]}, '橘园北侧南': {'A': [1, 1, 1, 1, 1, 1, 1, 1, 1, 1], 'B': [0, 1, 0, 1, 1, 0, 1, 1, 1, 1], 'C': [1, 0, 1, 1, 1, 1, 1, 1, 1, 1], 'D': [1, 1, 1, 1, 1, 0, 1, 1, 1, 1], 'E': [0, 1, 1, 0, 1, 1, 1, 1, 1, 1], 'F': [1, 1, 1, 1, 0, 1, 1, 1, 1, 1], 'G': [1, 1, 1, 1, 1, 1, 1, 1, 1, 1], 'H': [1, 1, 1, 1, 1, 1, 1, 1, 1, 1], 'I': [1, 1, 1, 1, 1, 0, 1, 1, 1, 1], 'J': [1, 1, 0, 1, 1, 1, 1, 1, 1, 0]}, '校医院西': {'A': [1, 1, 1, 1, 1, 1, 1, 1, 1, 1], 'B': [1, 1, 1, 1, 1, 1, 1, 1, 1, 1], 'C': [1, 1, 1, 1, 1, 1, 1, 1, 1, 1], 'D': [1, 1, 1, 1, 1, 1, 1, 1, 1, 1], 'E': [1, 1, 1, 1, 1, 1, 1, 0, 1, 1], 'F': [1, 1, 1, 1, 0, 1, 1, 1, 1, 1], 'G': [1, 1, 1, 1, 1, 1, 1, 1, 1, 1], 'H': [1, 1, 1, 1, 1, 0, 1, 1, 1, 0], 'I': [1, 1, 1, 1, 1, 1, 1, 0, 1, 1]}}
623429	2024-07-13 07:54:22.898000+08:00	2024-07-13 07:54:22.898000+08:00	{'东门北侧': {'A': [1, 1, 1, 1, 1, 1, 1, 1, 1, 1], 'B': [1, 1, 1, 1, 1, 1, 1, 1, 1, 1], 'C': [1, 1, 1, 1, 1, 1, 1, 1, 1, 0], 'D': [1, 0, 1, 1, 1, 0, 1, 1, 1, 1], 'E': [1, 1, 0, 0, 1, 1, 1, 1, 1, 1], 'F': [0, 1, 1, 1, 1, 1, 1, 1, 1, 1], 'G': [1, 1, 1, 1, 1, 0, 1, 1, 0, 1], 'H': [1, 1, 1, 1, 1, 1, 1, 1, 1, 1], 'I': [1, 1, 0, 1, 1, 1, 1, 1, 1, 1], 'J': [1, 1, 1, 1, 1, 0, 1, 1, 1, 1], 'K': [0, 1, 1, 1, 1, 1, 1, 1, 1, 0]}, '东门南侧': {'A': [1, 0, 1, 1, 1, 1, 1, 1, 1, 1], 'B': [0, 0, 0, 0, 0, 0, 0, 0, 0, 0]}, '西门北侧': {'A': [1, 1, 1, 1, 1, 1, 1, 1, 1, 1], 'B': [1, 1, 1, 1, 1, 1, 1, 1, 1, 1], 'C': [1, 1, 1, 1, 1, 1, 1, 1, 1, 1]}, '西门南侧': {'A': [1, 1, 1, 1, 1, 1, 1, 1, 1, 1], 'B': [1, 1, 1, 1, 1, 1, 1, 1, 1, 1], 'C': [1, 1, 1, 1, 1, 1, 1, 1, 1, 1]}, '南门西侧': {'A': [1, 1, 1, 1, 1, 1, 1, 1, 1, 1], 'B': [1, 1, 1, 1, 1, 1, 1, 1, 1, 1]}, '南门东侧': {'A': [1, 1, 1, 1, 1, 1, 1, 1, 1, 1], 'B': [1, 1, 1, 1, 1, 1, 1, 1, 1, 1]}, '北门东北侧': {'A': [1, 1, 1, 1, 1, 1, 1, 1, 1, 1], 'B': [1, 1, 1, 1, 1, 1, 1, 1, 1, 1], 'C': [1, 1, 1, 1, 1, 1, 1, 1, 1, 1], 'D': [1, 1, 1, 1, 1, 1, 1, 0, 1, 1]}, '北门东南侧': {'A': [1, 1, 1, 1, 1, 1, 1, 1, 1, 1], 'B': [0, 1, 1, 1, 1, 1, 1, 1, 1, 1], 'C': [1, 1, 1, 1, 1, 1, 1, 1, 1, 1], 'D': [1, 1, 0, 1, 1, 1, 1, 1, 1, 1], 'E': [1, 1, 1, 1, 1, 1, 1, 1, 1, 1], 'F': [1, 1, 1, 1, 1, 1, 1, 1, 1, 1]}, '橘园北侧南': {'A': [1, 1, 1, 1, 1, 1, 1, 1, 1, 1], 'B': [0, 1, 0, 1, 1, 0, 1, 1, 1, 1], 'C': [1, 0, 1, 1, 1, 1, 1, 1, 1, 1], 'D': [1, 1, 1, 1, 1, 0, 1, 1, 1, 1], 'E': [0, 1, 1, 0, 1, 1, 1, 1, 1, 1], 'F': [1, 1, 1, 1, 0, 1, 1, 1, 1, 1], 'G': [1, 1, 1, 1, 1, 1, 1, 1, 1, 1], 'H': [1, 1, 1, 1, 1, 1, 1, 1, 1, 1], 'I': [1, 1, 1, 1, 1, 0, 1, 1, 1, 1], 'J': [1, 1, 0, 1, 1, 1, 1, 1, 1, 0]}, '校医院西': {'A': [1, 1, 1, 1, 1, 1, 1, 1, 1, 1], 'B': [1, 1, 1, 1, 1, 1, 1, 1, 1, 1], 'C': [1, 1, 1, 1, 1, 1, 1, 1, 1, 1], 'D': [1, 1, 1, 1, 1, 1, 1, 1, 1, 1], 'E': [1, 1, 1, 1, 1, 1, 1, 0, 1, 1], 'F': [1, 1, 1, 1, 0, 1, 1, 1, 1, 1], 'G': [1, 1, 1, 1, 1, 1, 1, 1, 1, 1], 'H': [1, 1, 1, 1, 1, 0, 1, 1, 1, 0], 'I': [1, 1, 1, 1, 1, 1, 1, 0, 1, 1]}}
623430	2024-07-13 07:55:23.847000+08:00	2024-07-13 07:55:23.847000+08:00	{'东门北侧': {'A': [1, 1, 1, 1, 1, 1, 1, 1, 1, 1], 'B': [1, 1, 1, 1, 1, 1, 1, 1, 1, 1], 'C': [1, 1, 1, 1, 1, 1, 1, 1, 1, 0], 'D': [1, 0, 1, 1, 1, 0, 1, 1, 1, 1], 'E': [1, 1, 0, 0, 1, 1, 1, 1, 1, 1], 'F': [0, 1, 1, 1, 1, 1, 1, 1, 1, 1], 'G': [1, 1, 1, 1, 1, 0, 1, 1, 0, 1], 'H': [1, 1, 1, 1, 1, 1, 1, 1, 1, 1], 'I': [1, 1, 0, 1, 1, 1, 1, 1, 1, 1], 'J': [1, 1, 1, 1, 1, 0, 1, 1, 1, 1], 'K': [0, 1, 1, 1, 1, 1, 1, 1, 1, 0]}, '东门南侧': {'A': [1, 0, 1, 1, 1, 1, 1, 1, 1, 1], 'B': [0, 0, 0, 0, 0, 0, 0, 0, 0, 0]}, '西门北侧': {'A': [1, 1, 1, 1, 1, 1, 1, 1, 1, 1], 'B': [1, 1, 1, 1, 1, 1, 1, 1, 1, 1], 'C': [1, 1, 1, 1, 1, 1, 1, 1, 1, 1]}, '西门南侧': {'A': [1, 1, 1, 1, 1, 1, 1, 1, 1, 1], 'B': [1, 1, 1, 1, 1, 1, 1, 1, 1, 1], 'C': [1, 1, 1, 1, 1, 1, 1, 1, 1, 1]}, '南门西侧': {'A': [1, 1, 1, 1, 1, 1, 1, 1, 1, 1], 'B': [1, 1, 1, 1, 1, 1, 1, 1, 1, 1]}, '南门东侧': {'A': [1, 1, 1, 1, 1, 1, 1, 1, 1, 1], 'B': [1, 1, 1, 1, 1, 1, 1, 1, 1, 1]}, '北门东北侧': {'A': [1, 1, 1, 1, 1, 1, 1, 1, 1, 1], 'B': [1, 1, 1, 1, 1, 1, 1, 1, 1, 1], 'C': [1, 1, 1, 1, 1, 1, 1, 1, 1, 1], 'D': [1, 1, 1, 1, 1, 1, 1, 1, 1, 1]}, '北门东南侧': {'A': [1, 1, 1, 1, 1, 1, 1, 1, 1, 1], 'B': [0, 1, 1, 1, 1, 1, 1, 1, 1, 1], 'C': [1, 1, 1, 1, 1, 1, 1, 1, 1, 1], 'D': [1, 1, 0, 1, 1, 1, 1, 1, 1, 1], 'E': [1, 1, 1, 1, 1, 1, 1, 1, 1, 1], 'F': [1, 1, 1, 1, 1, 1, 1, 1, 1, 1]}, '橘园北侧南': {'A': [1, 1, 1, 1, 1, 1, 1, 1, 1, 1], 'B': [0, 1, 0, 1, 1, 0, 1, 1, 1, 1], 'C': [1, 0, 1, 1, 1, 1, 1, 1, 1, 1], 'D': [1, 1, 1, 1, 1, 0, 1, 1, 1, 1], 'E': [0, 1, 1, 0, 1, 1, 1, 1, 1, 1], 'F': [1, 1, 1, 1, 0, 1, 1, 1, 1, 1], 'G': [1, 1, 1, 1, 1, 1, 1, 1, 1, 1], 'H': [1, 1, 1, 1, 1, 1, 1, 1, 1, 1], 'I': [1, 1, 1, 1, 1, 0, 1, 1, 1, 1], 'J': [1, 1, 0, 1, 1, 1, 1, 1, 1, 0]}, '校医院西': {'A': [1, 1, 1, 1, 1, 1, 1, 1, 1, 1], 'B': [1, 1, 1, 1, 1, 1, 1, 1, 1, 1], 'C': [1, 1, 1, 1, 1, 1, 1, 1, 1, 1], 'D': [1, 1, 1, 1, 1, 1, 1, 1, 1, 1], 'E': [1, 1, 1, 1, 1, 1, 1, 0, 1, 1], 'F': [1, 1, 1, 1, 0, 1, 1, 1, 1, 1], 'G': [1, 1, 1, 1, 1, 1, 1, 1, 1, 1], 'H': [1, 1, 1, 1, 1, 0, 1, 1, 1, 0], 'I': [1, 1, 1, 1, 1, 1, 1, 0, 1, 1]}}
623431	2024-07-13 07:56:22.851000+08:00	2024-07-13 07:56:22.851000+08:00	{'东门北侧': {'A': [1, 1, 1, 1, 1, 1, 1, 1, 1, 1], 'B': [1, 1, 1, 1, 1, 1, 1, 1, 1, 1], 'C': [1, 1, 1, 1, 1, 1, 1, 1, 1, 0], 'D': [1, 0, 1, 1, 1, 0, 1, 1, 1, 1], 'E': [1, 1, 0, 0, 1, 1, 1, 1, 1, 1], 'F': [0, 1, 1, 1, 1, 1, 1, 1, 1, 1], 'G': [1, 1, 1, 1, 1, 0, 1, 1, 0, 1], 'H': [1, 1, 1, 1, 1, 1, 1, 1, 1, 1], 'I': [1, 1, 0, 1, 1, 1, 1, 1, 1, 1], 'J': [1, 1, 1, 1, 1, 0, 1, 1, 1, 1], 'K': [0, 1, 1, 1, 1, 1, 1, 1, 1, 0]}, '东门南侧': {'A': [1, 0, 1, 1, 1, 1, 1, 1, 1, 1], 'B': [0, 0, 0, 0, 0, 0, 0, 0, 0, 0]}, '西门北侧': {'A': [1, 1, 1, 1, 1, 1, 1, 1, 1, 1], 'B': [1, 1, 1, 1, 1, 1, 1, 1, 1, 1], 'C': [1, 1, 1, 1, 1, 1, 1, 1, 1, 1]}, '西门南侧': {'A': [1, 1, 1, 1, 1, 1, 1, 1, 1, 1], 'B': [1, 1, 1, 1, 1, 1, 1, 1, 1, 1], 'C': [1, 1, 1, 1, 1, 1, 1, 1, 1, 1]}, '南门西侧': {'A': [1, 1, 1, 1, 1, 1, 1, 1, 1, 1], 'B': [1, 1, 1, 1, 1, 1, 1, 1, 1, 1]}, '南门东侧': {'A': [1, 1, 1, 1, 1, 1, 1, 1, 1, 1], 'B': [1, 1, 1, 1, 1, 1, 1, 1, 1, 1]}, '北门东北侧': {'A': [1, 1, 1, 1, 1, 1, 1, 1, 1, 1], 'B': [1, 1, 1, 1, 1, 1, 1, 1, 1, 1], 'C': [1, 1, 1, 1, 1, 1, 1, 1, 1, 1], 'D': [1, 1, 1, 1, 1, 1, 1, 1, 1, 1]}, '北门东南侧': {'A': [1, 1, 1, 1, 1, 1, 1, 1, 1, 1], 'B': [0, 1, 1, 1, 1, 1, 1, 1, 1, 1], 'C': [1, 1, 1, 1, 1, 1, 1, 1, 1, 1], 'D': [1, 1, 0, 1, 1, 1, 1, 1, 1, 1], 'E': [1, 1, 1, 1, 1, 1, 1, 1, 1, 1], 'F': [1, 1, 1, 1, 1, 1, 1, 1, 1, 1]}, '橘园北侧南': {'A': [1, 1, 1, 1, 1, 1, 1, 1, 1, 1], 'B': [0, 1, 0, 1, 1, 0, 1, 1, 1, 1], 'C': [1, 0, 1, 1, 1, 1, 1, 1, 1, 1], 'D': [1, 1, 1, 1, 1, 0, 1, 1, 1, 1], 'E': [0, 1, 1, 0, 1, 1, 1, 1, 1, 1], 'F': [1, 1, 1, 1, 0, 1, 1, 1, 1, 1], 'G': [1, 1, 1, 1, 1, 1, 1, 1, 1, 1], 'H': [1, 1, 1, 1, 1, 1, 1, 1, 1, 1], 'I': [1, 1, 1, 1, 1, 0, 1, 1, 1, 1], 'J': [1, 1, 0, 1, 1, 1, 1, 1, 1, 0]}, '校医院西': {'A': [1, 1, 1, 1, 1, 1, 1, 1, 1, 1], 'B': [1, 1, 1, 1, 1, 1, 1, 1, 1, 1], 'C': [1, 1, 1, 1, 1, 1, 1, 1, 1, 1], 'D': [1, 1, 1, 1, 1, 1, 1, 1, 1, 1], 'E': [1, 1, 1, 1, 1, 1, 1, 0, 1, 1], 'F': [1, 1, 1, 1, 0, 1, 1, 1, 1, 1], 'G': [1, 1, 1, 1, 1, 1, 1, 1, 1, 1], 'H': [1, 1, 1, 1, 1, 0, 1, 1, 1, 0], 'I': [1, 1, 1, 1, 1, 1, 1, 0, 1, 1]}}
623432	2024-07-13 07:57:20.871000+08:00	2024-07-13 07:57:20.871000+08:00	{'东门北侧': {'A': [1, 1, 1, 1, 1, 1, 1, 1, 1, 1], 'B': [1, 1, 1, 1, 1, 1, 1, 1, 1, 1], 'C': [1, 1, 1, 1, 1, 1, 1, 1, 1, 0], 'D': [1, 0, 1, 1, 1, 0, 1, 1, 1, 1], 'E': [1, 1, 0, 0, 1, 1, 1, 1, 1, 1], 'F': [0, 1, 1, 1, 1, 1, 1, 1, 1, 1], 'G': [1, 1, 1, 1, 1, 0, 1, 1, 0, 1], 'H': [1, 1, 1, 1, 1, 1, 1, 1, 1, 1], 'I': [1, 1, 0, 1, 1, 1, 1, 1, 1, 1], 'J': [1, 1, 1, 1, 1, 0, 1, 1, 1, 1], 'K': [0, 1, 1, 1, 1, 1, 1, 1, 1, 0]}, '东门南侧': {'A': [1, 0, 1, 1, 1, 1, 1, 1, 1, 1], 'B': [0, 0, 0, 0, 0, 0, 0, 0, 0, 0]}, '西门北侧': {'A': [1, 1, 1, 1, 1, 1, 1, 1, 1, 1], 'B': [1, 1, 1, 1, 1, 1, 1, 1, 1, 1], 'C': [1, 1, 1, 1, 1, 1, 1, 1, 1, 1]}, '西门南侧': {'A': [1, 1, 1, 1, 1, 1, 1, 1, 1, 1], 'B': [1, 1, 1, 1, 1, 1, 1, 1, 1, 1], 'C': [1, 1, 1, 1, 1, 1, 1, 1, 1, 1]}, '南门西侧': {'A': [1, 1, 1, 1, 1, 1, 1, 1, 1, 1], 'B': [1, 1, 1, 1, 1, 1, 1, 1, 1, 1]}, '南门东侧': {'A': [1, 1, 1, 1, 1, 1, 1, 1, 1, 1], 'B': [1, 1, 1, 1, 1, 1, 1, 1, 1, 1]}, '北门东北侧': {'A': [1, 1, 1, 1, 1, 1, 1, 1, 1, 1], 'B': [1, 1, 1, 1, 1, 1, 1, 1, 1, 1], 'C': [1, 1, 1, 1, 1, 1, 1, 1, 1, 1], 'D': [1, 1, 1, 1, 1, 1, 1, 1, 1, 1]}, '北门东南侧': {'A': [1, 1, 1, 1, 1, 1, 1, 1, 1, 1], 'B': [0, 1, 1, 1, 1, 1, 1, 1, 1, 1], 'C': [1, 1, 1, 1, 1, 1, 1, 1, 1, 1], 'D': [1, 1, 0, 1, 1, 1, 1, 1, 1, 1], 'E': [1, 1, 1, 1, 1, 1, 1, 1, 1, 1], 'F': [1, 1, 1, 1, 1, 1, 1, 1, 1, 1]}, '橘园北侧南': {'A': [1, 1, 1, 1, 1, 1, 1, 1, 1, 1], 'B': [0, 1, 0, 1, 1, 0, 1, 1, 1, 1], 'C': [1, 0, 1, 1, 1, 1, 1, 1, 1, 1], 'D': [1, 1, 1, 1, 1, 0, 1, 1, 1, 1], 'E': [0, 1, 1, 0, 1, 1, 1, 1, 1, 1], 'F': [1, 1, 1, 1, 0, 1, 1, 1, 1, 1], 'G': [1, 1, 1, 1, 1, 1, 1, 1, 1, 1], 'H': [1, 1, 1, 1, 1, 1, 1, 1, 1, 1], 'I': [1, 1, 1, 1, 1, 0, 1, 1, 1, 1], 'J': [1, 1, 0, 1, 1, 1, 1, 1, 1, 0]}, '校医院西': {'A': [1, 1, 1, 1, 1, 1, 1, 1, 1, 1], 'B': [1, 1, 1, 1, 1, 1, 1, 1, 1, 1], 'C': [1, 1, 1, 1, 1, 1, 1, 1, 1, 1], 'D': [1, 1, 1, 1, 1, 1, 1, 1, 1, 1], 'E': [1, 1, 1, 1, 1, 1, 1, 0, 1, 1], 'F': [1, 1, 1, 1, 0, 1, 1, 1, 1, 1], 'G': [1, 1, 1, 1, 1, 1, 1, 1, 1, 1], 'H': [1, 1, 1, 1, 1, 0, 1, 1, 1, 0], 'I': [1, 1, 1, 1, 1, 1, 1, 0, 1, 1]}}
623433	2024-07-13 07:58:23.069000+08:00	2024-07-13 07:58:23.069000+08:00	{'东门北侧': {'A': [1, 1, 1, 1, 1, 1, 1, 1, 1, 1], 'B': [1, 1, 1, 1, 1, 1, 1, 1, 1, 1], 'C': [1, 1, 1, 1, 1, 1, 1, 1, 1, 0], 'D': [1, 0, 1, 1, 1, 0, 1, 1, 1, 1], 'E': [1, 1, 0, 0, 1, 1, 1, 1, 1, 1], 'F': [0, 1, 1, 1, 1, 1, 1, 1, 1, 1], 'G': [1, 1, 1, 1, 1, 0, 1, 1, 0, 1], 'H': [1, 1, 1, 1, 1, 1, 1, 1, 1, 1], 'I': [1, 1, 0, 1, 1, 1, 1, 1, 1, 1], 'J': [1, 1, 1, 1, 1, 0, 1, 1, 1, 1], 'K': [0, 1, 1, 1, 1, 1, 1, 1, 1, 0]}, '东门南侧': {'A': [1, 0, 1, 1, 1, 1, 1, 1, 1, 1], 'B': [0, 0, 0, 0, 0, 0, 0, 0, 0, 0]}, '西门北侧': {'A': [1, 1, 1, 1, 1, 1, 1, 1, 1, 1], 'B': [1, 1, 1, 1, 1, 1, 1, 1, 1, 1], 'C': [1, 1, 1, 1, 1, 1, 1, 1, 1, 1]}, '西门南侧': {'A': [1, 1, 1, 1, 1, 1, 1, 1, 1, 1], 'B': [1, 1, 1, 1, 1, 1, 1, 1, 1, 1], 'C': [1, 1, 1, 1, 1, 1, 1, 1, 1, 1]}, '南门西侧': {'A': [1, 1, 1, 1, 1, 1, 1, 1, 1, 1], 'B': [1, 1, 1, 1, 1, 1, 1, 1, 1, 1]}, '南门东侧': {'A': [1, 1, 1, 1, 1, 1, 1, 1, 1, 1], 'B': [1, 1, 1, 1, 1, 1, 1, 1, 1, 1]}, '北门东北侧': {'A': [1, 1, 1, 1, 1, 1, 1, 1, 1, 1], 'B': [1, 1, 1, 1, 1, 1, 1, 1, 1, 1], 'C': [1, 1, 1, 1, 1, 1, 1, 1, 1, 1], 'D': [1, 1, 1, 1, 1, 1, 1, 1, 1, 1]}, '北门东南侧': {'A': [1, 1, 1, 1, 1, 1, 1, 1, 1, 1], 'B': [0, 1, 1, 1, 1, 1, 1, 1, 1, 1], 'C': [1, 1, 1, 1, 1, 1, 1, 1, 1, 1], 'D': [1, 1, 0, 1, 1, 1, 1, 1, 1, 1], 'E': [1, 1, 1, 1, 1, 1, 1, 1, 1, 1], 'F': [1, 1, 1, 1, 1, 1, 1, 1, 1, 1]}, '橘园北侧南': {'A': [1, 1, 1, 1, 1, 1, 1, 1, 1, 1], 'B': [0, 1, 0, 1, 1, 0, 1, 1, 1, 1], 'C': [1, 0, 1, 1, 1, 1, 1, 1, 1, 1], 'D': [1, 1, 0, 1, 1, 0, 1, 1, 1, 1], 'E': [0, 1, 1, 0, 1, 1, 1, 1, 1, 1], 'F': [1, 1, 1, 1, 0, 1, 1, 1, 1, 1], 'G': [1, 1, 1, 1, 1, 1, 1, 1, 1, 1], 'H': [1, 1, 1, 1, 1, 1, 1, 1, 1, 1], 'I': [1, 1, 1, 1, 1, 0, 1, 1, 1, 1], 'J': [1, 1, 0, 1, 1, 1, 1, 1, 1, 0]}, '校医院西': {'A': [1, 1, 1, 1, 1, 1, 1, 1, 1, 1], 'B': [1, 1, 1, 1, 1, 1, 1, 1, 1, 1], 'C': [1, 1, 1, 1, 1, 1, 1, 1, 1, 1], 'D': [1, 1, 1, 1, 1, 1, 1, 1, 1, 1], 'E': [1, 1, 1, 1, 1, 1, 1, 0, 1, 1], 'F': [1, 1, 1, 1, 0, 1, 1, 1, 1, 1], 'G': [1, 1, 1, 1, 1, 1, 1, 1, 1, 1], 'H': [1, 1, 1, 1, 1, 0, 1, 1, 1, 0], 'I': [1, 1, 1, 1, 1, 1, 1, 0, 1, 1]}}
623434	2024-07-13 07:59:21.871000+08:00	2024-07-13 07:59:21.871000+08:00	{'东门北侧': {'A': [1, 1, 1, 1, 1, 1, 1, 1, 1, 1], 'B': [1, 1, 1, 1, 1, 1, 1, 1, 1, 1], 'C': [1, 1, 1, 1, 1, 1, 1, 1, 1, 0], 'D': [1, 0, 1, 1, 1, 0, 1, 1, 1, 1], 'E': [1, 1, 0, 0, 1, 1, 1, 1, 1, 1], 'F': [0, 1, 1, 1, 1, 1, 1, 1, 1, 1], 'G': [1, 1, 1, 1, 1, 0, 1, 1, 0, 1], 'H': [1, 1, 1, 1, 1, 1, 1, 1, 1, 1], 'I': [1, 1, 0, 1, 1, 1, 1, 1, 1, 1], 'J': [1, 1, 1, 1, 1, 0, 1, 1, 1, 1], 'K': [0, 1, 1, 1, 1, 1, 1, 1, 1, 0]}, '东门南侧': {'A': [1, 0, 1, 1, 1, 1, 1, 1, 1, 1], 'B': [0, 0, 0, 0, 0, 0, 0, 0, 0, 0]}, '西门北侧': {'A': [1, 1, 1, 1, 1, 1, 1, 1, 1, 1], 'B': [1, 1, 1, 1, 1, 1, 1, 1, 1, 1], 'C': [1, 1, 1, 1, 1, 1, 1, 1, 1, 1]}, '西门南侧': {'A': [1, 1, 1, 1, 1, 1, 1, 1, 1, 1], 'B': [1, 1, 1, 1, 1, 1, 1, 1, 1, 1], 'C': [1, 1, 1, 1, 1, 1, 1, 1, 1, 1]}, '南门西侧': {'A': [1, 1, 1, 1, 1, 1, 1, 1, 1, 1], 'B': [1, 1, 1, 1, 1, 1, 1, 1, 1, 1]}, '南门东侧': {'A': [1, 1, 1, 1, 1, 1, 1, 1, 1, 1], 'B': [1, 1, 1, 1, 1, 1, 1, 1, 1, 1]}, '北门东北侧': {'A': [1, 1, 1, 1, 1, 1, 1, 1, 1, 1], 'B': [1, 1, 1, 1, 1, 1, 1, 1, 1, 1], 'C': [1, 1, 1, 1, 1, 1, 1, 1, 1, 1], 'D': [1, 1, 1, 1, 1, 1, 1, 1, 1, 1]}, '北门东南侧': {'A': [1, 1, 1, 1, 1, 1, 1, 1, 1, 1], 'B': [0, 1, 1, 1, 1, 1, 1, 1, 1, 1], 'C': [1, 1, 1, 1, 1, 1, 1, 1, 1, 1], 'D': [1, 1, 0, 1, 1, 1, 1, 1, 1, 1], 'E': [1, 1, 1, 1, 1, 1, 1, 1, 1, 1], 'F': [1, 1, 1, 1, 1, 1, 1, 1, 1, 1]}, '橘园北侧南': {'A': [1, 1, 1, 1, 1, 1, 1, 1, 1, 1], 'B': [0, 1, 0, 1, 1, 0, 1, 1, 1, 1], 'C': [1, 0, 1, 1, 1, 1, 1, 1, 1, 1], 'D': [1, 1, 0, 1, 1, 0, 1, 1, 1, 1], 'E': [0, 1, 1, 0, 1, 1, 1, 1, 1, 1], 'F': [1, 1, 1, 1, 0, 1, 1, 1, 1, 1], 'G': [1, 1, 1, 1, 1, 1, 1, 1, 1, 1], 'H': [1, 1, 1, 1, 1, 1, 1, 1, 1, 1], 'I': [1, 1, 1, 1, 1, 0, 1, 1, 1, 1], 'J': [1, 1, 0, 1, 1, 1, 1, 1, 1, 0]}, '校医院西': {'A': [1, 1, 1, 1, 1, 1, 1, 1, 1, 1], 'B': [1, 1, 1, 1, 1, 1, 1, 1, 1, 1], 'C': [1, 1, 1, 1, 1, 1, 1, 1, 1, 1], 'D': [1, 1, 1, 1, 1, 1, 1, 1, 1, 1], 'E': [1, 1, 1, 1, 1, 1, 1, 0, 1, 1], 'F': [1, 1, 1, 1, 0, 1, 1, 1, 1, 1], 'G': [1, 1, 1, 1, 1, 1, 1, 1, 1, 1], 'H': [1, 1, 1, 1, 1, 0, 1, 1, 1, 0], 'I': [1, 1, 1, 1, 1, 1, 1, 0, 1, 1]}}
623435	2024-07-13 08:00:24.414000+08:00	2024-07-13 08:00:24.414000+08:00	{'东门北侧': {'A': [1, 1, 1, 1, 1, 1, 1, 1, 1, 1], 'B': [1, 1, 1, 1, 1, 1, 1, 1, 1, 1], 'C': [1, 1, 1, 1, 1, 1, 1, 1, 1, 0], 'D': [1, 0, 1, 1, 1, 0, 1, 1, 1, 1], 'E': [1, 1, 0, 0, 1, 1, 1, 1, 1, 1], 'F': [0, 1, 1, 1, 1, 1, 1, 1, 1, 1], 'G': [1, 1, 1, 1, 1, 0, 1, 1, 0, 1], 'H': [1, 1, 1, 1, 1, 1, 1, 1, 1, 1], 'I': [1, 1, 0, 1, 1, 1, 1, 1, 1, 1], 'J': [1, 1, 1, 1, 1, 0, 1, 1, 1, 1], 'K': [0, 1, 1, 1, 1, 1, 1, 1, 1, 0]}, '东门南侧': {'A': [1, 0, 1, 1, 1, 1, 1, 1, 1, 1], 'B': [0, 0, 0, 0, 0, 0, 0, 0, 0, 0]}, '西门北侧': {'A': [1, 1, 1, 1, 1, 1, 1, 1, 1, 1], 'B': [1, 1, 1, 1, 1, 1, 1, 1, 1, 1], 'C': [1, 1, 1, 1, 1, 1, 1, 1, 1, 1]}, '西门南侧': {'A': [1, 1, 1, 1, 1, 1, 1, 1, 1, 1], 'B': [1, 1, 1, 1, 1, 1, 1, 1, 1, 1], 'C': [1, 1, 1, 1, 1, 1, 1, 1, 1, 1]}, '南门西侧': {'A': [1, 1, 1, 1, 1, 1, 1, 1, 1, 1], 'B': [1, 1, 1, 1, 1, 1, 1, 1, 1, 1]}, '南门东侧': {'A': [1, 1, 1, 1, 1, 1, 1, 1, 1, 1], 'B': [1, 1, 1, 1, 1, 1, 1, 1, 1, 1]}, '北门东北侧': {'A': [1, 1, 1, 1, 1, 1, 1, 1, 1, 1], 'B': [1, 1, 1, 1, 1, 1, 1, 1, 1, 1], 'C': [1, 1, 1, 1, 1, 1, 1, 1, 1, 1], 'D': [1, 1, 1, 1, 1, 1, 1, 1, 1, 1]}, '北门东南侧': {'A': [1, 1, 1, 1, 1, 1, 1, 1, 1, 1], 'B': [0, 1, 1, 1, 1, 1, 1, 1, 1, 1], 'C': [1, 1, 1, 1, 1, 1, 1, 1, 1, 1], 'D': [1, 1, 0, 1, 1, 1, 1, 1, 1, 1], 'E': [1, 1, 1, 1, 1, 1, 1, 1, 1, 1], 'F': [1, 1, 1, 1, 1, 1, 1, 1, 1, 1]}, '橘园北侧南': {'A': [1, 1, 1, 1, 1, 1, 1, 1, 1, 1], 'B': [0, 1, 0, 1, 1, 0, 1, 1, 1, 1], 'C': [1, 0, 1, 1, 1, 1, 1, 1, 1, 1], 'D': [1, 1, 0, 1, 1, 0, 1, 1, 1, 1], 'E': [0, 1, 1, 0, 1, 1, 1, 1, 1, 1], 'F': [1, 1, 1, 1, 0, 1, 1, 1, 1, 1], 'G': [1, 1, 1, 1, 1, 1, 1, 1, 1, 1], 'H': [1, 1, 1, 1, 1, 1, 1, 1, 1, 1], 'I': [1, 1, 1, 1, 1, 0, 1, 1, 1, 1], 'J': [1, 1, 0, 1, 1, 1, 1, 1, 1, 0]}, '校医院西': {'A': [1, 1, 1, 1, 1, 1, 1, 1, 1, 1], 'B': [1, 1, 1, 1, 1, 1, 1, 1, 1, 1], 'C': [1, 1, 1, 1, 1, 1, 1, 1, 1, 1], 'D': [1, 1, 1, 1, 1, 1, 1, 1, 1, 1], 'E': [1, 1, 1, 1, 1, 1, 1, 0, 1, 1], 'F': [1, 1, 1, 1, 0, 1, 1, 1, 1, 1], 'G': [1, 1, 1, 1, 1, 1, 1, 1, 1, 1], 'H': [1, 1, 1, 1, 1, 0, 1, 1, 1, 0], 'I': [1, 1, 1, 1, 1, 1, 1, 0, 1, 1]}}
623436	2024-07-13 08:01:22.862000+08:00	2024-07-13 08:01:22.862000+08:00	{'东门北侧': {'A': [1, 1, 1, 1, 1, 1, 1, 1, 1, 1], 'B': [1, 1, 1, 1, 1, 1, 1, 1, 1, 1], 'C': [1, 1, 1, 1, 1, 1, 1, 1, 1, 0], 'D': [1, 0, 1, 1, 1, 0, 1, 1, 1, 1], 'E': [1, 1, 0, 0, 1, 1, 1, 1, 1, 1], 'F': [0, 1, 1, 1, 1, 1, 1, 1, 1, 1], 'G': [1, 1, 1, 1, 1, 0, 1, 1, 0, 1], 'H': [1, 1, 1, 1, 1, 1, 1, 1, 1, 1], 'I': [1, 1, 0, 1, 1, 1, 1, 1, 1, 1], 'J': [1, 1, 1, 1, 1, 0, 1, 1, 1, 1], 'K': [0, 1, 1, 1, 1, 1, 1, 1, 1, 0]}, '东门南侧': {'A': [1, 0, 1, 1, 1, 1, 1, 1, 1, 1], 'B': [0, 0, 0, 0, 0, 0, 0, 0, 0, 0]}, '西门北侧': {'A': [1, 1, 1, 1, 1, 1, 1, 1, 1, 1], 'B': [1, 1, 1, 1, 1, 1, 1, 1, 1, 1], 'C': [1, 1, 1, 1, 1, 1, 1, 1, 1, 1]}, '西门南侧': {'A': [1, 1, 1, 1, 1, 1, 1, 1, 1, 1], 'B': [1, 1, 1, 1, 1, 1, 1, 1, 1, 1], 'C': [1, 1, 1, 1, 1, 1, 1, 1, 1, 1]}, '南门西侧': {'A': [1, 1, 1, 1, 1, 1, 1, 1, 1, 1], 'B': [1, 1, 1, 1, 1, 1, 1, 1, 1, 1]}, '南门东侧': {'A': [1, 1, 1, 1, 1, 1, 1, 1, 1, 1], 'B': [1, 1, 1, 1, 1, 1, 1, 1, 1, 1]}, '北门东北侧': {'A': [1, 1, 1, 1, 1, 1, 1, 1, 1, 1], 'B': [1, 1, 1, 1, 1, 1, 1, 1, 1, 1], 'C': [1, 1, 1, 1, 1, 1, 1, 1, 1, 1], 'D': [1, 1, 1, 1, 1, 1, 1, 1, 1, 1]}, '北门东南侧': {'A': [1, 1, 1, 1, 1, 1, 1, 1, 1, 1], 'B': [0, 1, 1, 1, 1, 1, 1, 1, 1, 1], 'C': [1, 1, 1, 1, 1, 1, 1, 1, 1, 1], 'D': [1, 1, 0, 1, 1, 1, 1, 1, 1, 1], 'E': [1, 1, 1, 1, 1, 1, 1, 1, 1, 1], 'F': [1, 1, 1, 1, 1, 1, 1, 1, 1, 1]}, '橘园北侧南': {'A': [1, 1, 1, 1, 1, 1, 1, 1, 1, 1], 'B': [0, 1, 0, 1, 1, 0, 1, 1, 1, 1], 'C': [1, 0, 1, 1, 1, 1, 1, 1, 1, 1], 'D': [1, 1, 0, 1, 1, 0, 1, 1, 1, 1], 'E': [0, 1, 1, 0, 1, 1, 1, 1, 1, 1], 'F': [1, 1, 1, 1, 0, 1, 1, 1, 1, 1], 'G': [1, 1, 1, 1, 1, 1, 1, 1, 1, 1], 'H': [1, 1, 1, 1, 1, 1, 1, 1, 1, 1], 'I': [1, 1, 1, 1, 1, 0, 1, 1, 1, 1], 'J': [1, 1, 0, 1, 1, 1, 1, 1, 1, 0]}, '校医院西': {'A': [1, 1, 1, 1, 1, 1, 1, 1, 1, 1], 'B': [1, 1, 1, 1, 1, 1, 1, 1, 1, 1], 'C': [1, 1, 1, 1, 1, 1, 1, 1, 1, 1], 'D': [1, 1, 1, 1, 1, 1, 1, 1, 1, 1], 'E': [1, 1, 1, 1, 1, 1, 1, 0, 1, 1], 'F': [1, 1, 1, 1, 0, 1, 1, 1, 1, 1], 'G': [1, 1, 1, 1, 1, 1, 1, 1, 1, 1], 'H': [1, 1, 1, 1, 1, 0, 1, 1, 1, 0], 'I': [1, 1, 1, 1, 1, 1, 1, 0, 1, 1]}}
623437	2024-07-13 08:02:24.312000+08:00	2024-07-13 08:02:24.312000+08:00	{'东门北侧': {'A': [1, 1, 1, 1, 1, 1, 1, 1, 1, 1], 'B': [1, 1, 1, 1, 1, 1, 1, 1, 1, 1], 'C': [1, 1, 1, 1, 1, 1, 1, 1, 1, 0], 'D': [1, 0, 1, 1, 1, 0, 1, 1, 1, 1], 'E': [1, 1, 0, 0, 1, 1, 1, 1, 1, 1], 'F': [0, 1, 1, 1, 1, 1, 1, 1, 1, 1], 'G': [1, 1, 1, 1, 1, 0, 1, 1, 0, 1], 'H': [1, 1, 1, 1, 1, 1, 1, 1, 1, 1], 'I': [1, 1, 0, 1, 1, 1, 1, 1, 1, 1], 'J': [1, 1, 1, 1, 1, 0, 1, 1, 1, 1], 'K': [0, 1, 1, 1, 1, 1, 1, 1, 1, 0]}, '东门南侧': {'A': [1, 0, 1, 1, 1, 1, 1, 1, 1, 1], 'B': [0, 0, 0, 0, 0, 0, 0, 0, 0, 0]}, '西门北侧': {'A': [1, 1, 1, 1, 1, 1, 1, 1, 1, 1], 'B': [1, 1, 1, 1, 1, 1, 1, 1, 1, 1], 'C': [1, 1, 1, 1, 1, 1, 1, 1, 1, 1]}, '西门南侧': {'A': [1, 1, 1, 1, 1, 1, 1, 1, 1, 1], 'B': [1, 1, 1, 1, 1, 1, 1, 1, 1, 1], 'C': [1, 1, 1, 1, 1, 1, 1, 1, 1, 1]}, '南门西侧': {'A': [1, 1, 1, 1, 1, 1, 1, 1, 1, 1], 'B': [1, 1, 1, 1, 1, 1, 1, 1, 1, 1]}, '南门东侧': {'A': [1, 1, 1, 1, 1, 1, 1, 1, 1, 1], 'B': [1, 1, 1, 1, 1, 1, 1, 1, 1, 1]}, '北门东北侧': {'A': [1, 1, 1, 1, 1, 1, 1, 1, 1, 1], 'B': [1, 1, 1, 1, 1, 1, 1, 1, 1, 1], 'C': [1, 1, 1, 1, 1, 1, 1, 1, 1, 1], 'D': [1, 1, 1, 1, 1, 1, 1, 1, 1, 1]}, '北门东南侧': {'A': [1, 1, 1, 1, 1, 1, 1, 1, 1, 1], 'B': [0, 1, 1, 1, 1, 1, 1, 1, 1, 1], 'C': [1, 1, 1, 1, 1, 1, 1, 1, 1, 1], 'D': [1, 1, 0, 1, 1, 1, 1, 1, 1, 1], 'E': [1, 1, 1, 1, 1, 1, 1, 1, 1, 1], 'F': [1, 1, 1, 1, 1, 1, 1, 1, 1, 1]}, '橘园北侧南': {'A': [1, 1, 1, 1, 1, 1, 1, 1, 1, 1], 'B': [0, 1, 1, 1, 1, 0, 1, 1, 1, 1], 'C': [1, 0, 1, 1, 1, 1, 1, 1, 1, 1], 'D': [1, 1, 0, 1, 1, 0, 1, 1, 1, 1], 'E': [0, 1, 1, 0, 1, 1, 1, 1, 1, 1], 'F': [1, 1, 1, 1, 0, 1, 1, 1, 1, 1], 'G': [1, 1, 1, 1, 1, 1, 1, 1, 1, 1], 'H': [1, 1, 1, 1, 1, 1, 1, 1, 1, 1], 'I': [1, 1, 1, 1, 1, 0, 1, 1, 1, 1], 'J': [1, 1, 0, 1, 1, 1, 1, 1, 1, 0]}, '校医院西': {'A': [1, 1, 1, 1, 1, 1, 1, 1, 1, 1], 'B': [1, 1, 1, 1, 1, 1, 1, 1, 1, 1], 'C': [1, 1, 1, 1, 1, 1, 1, 1, 1, 1], 'D': [1, 1, 1, 1, 1, 1, 1, 1, 1, 1], 'E': [1, 1, 1, 1, 1, 1, 1, 0, 1, 1], 'F': [1, 1, 1, 1, 0, 1, 1, 1, 1, 1], 'G': [1, 1, 1, 1, 1, 1, 1, 1, 1, 1], 'H': [1, 1, 1, 1, 1, 0, 1, 1, 1, 0], 'I': [1, 1, 1, 1, 1, 1, 1, 0, 1, 1]}}
623438	2024-07-13 08:03:23.868000+08:00	2024-07-13 08:03:23.868000+08:00	{'东门北侧': {'A': [1, 1, 1, 1, 1, 1, 1, 1, 1, 1], 'B': [1, 1, 1, 1, 1, 1, 1, 1, 1, 1], 'C': [1, 1, 1, 1, 1, 1, 1, 1, 1, 0], 'D': [1, 0, 1, 1, 1, 0, 1, 1, 1, 1], 'E': [1, 1, 0, 0, 1, 1, 1, 1, 1, 1], 'F': [0, 1, 1, 1, 1, 1, 1, 1, 1, 1], 'G': [1, 1, 1, 1, 1, 0, 1, 1, 0, 1], 'H': [1, 1, 1, 1, 1, 1, 1, 1, 1, 1], 'I': [1, 1, 0, 1, 1, 1, 1, 1, 1, 1], 'J': [1, 1, 1, 0, 1, 0, 1, 1, 1, 1], 'K': [0, 1, 1, 1, 1, 1, 1, 1, 1, 0]}, '东门南侧': {'A': [1, 0, 1, 1, 1, 1, 1, 1, 1, 1], 'B': [0, 0, 0, 0, 0, 0, 0, 0, 0, 0]}, '西门北侧': {'A': [1, 1, 1, 1, 1, 1, 1, 1, 1, 1], 'B': [1, 1, 1, 1, 1, 1, 1, 1, 1, 1], 'C': [1, 1, 1, 1, 1, 1, 1, 1, 1, 1]}, '西门南侧': {'A': [1, 1, 1, 1, 1, 1, 1, 1, 1, 1], 'B': [1, 1, 1, 1, 1, 1, 1, 1, 1, 1], 'C': [1, 1, 1, 1, 1, 1, 1, 1, 1, 1]}, '南门西侧': {'A': [1, 1, 1, 1, 1, 1, 1, 1, 1, 1], 'B': [1, 1, 1, 1, 1, 1, 1, 1, 1, 1]}, '南门东侧': {'A': [1, 1, 1, 1, 1, 1, 1, 1, 1, 1], 'B': [1, 1, 1, 1, 1, 1, 1, 1, 1, 1]}, '北门东北侧': {'A': [1, 1, 1, 1, 1, 1, 1, 1, 1, 1], 'B': [1, 1, 1, 1, 1, 1, 1, 1, 1, 1], 'C': [1, 1, 1, 1, 1, 1, 1, 1, 1, 1], 'D': [1, 1, 1, 1, 1, 1, 1, 1, 1, 1]}, '北门东南侧': {'A': [1, 1, 1, 1, 1, 1, 1, 1, 1, 1], 'B': [0, 1, 1, 1, 1, 1, 1, 1, 1, 1], 'C': [1, 1, 1, 1, 1, 1, 1, 1, 1, 1], 'D': [1, 1, 0, 1, 1, 1, 1, 1, 1, 1], 'E': [1, 1, 1, 1, 1, 1, 1, 1, 1, 1], 'F': [1, 1, 1, 1, 1, 1, 1, 1, 1, 1]}, '橘园北侧南': {'A': [1, 1, 1, 1, 1, 1, 1, 1, 1, 1], 'B': [0, 1, 1, 1, 1, 0, 1, 1, 1, 1], 'C': [1, 0, 1, 1, 1, 1, 1, 1, 1, 1], 'D': [1, 1, 0, 1, 1, 0, 1, 1, 1, 1], 'E': [0, 1, 1, 0, 1, 1, 1, 1, 1, 1], 'F': [1, 1, 1, 1, 0, 1, 1, 1, 1, 1], 'G': [1, 1, 1, 1, 1, 1, 1, 1, 1, 1], 'H': [1, 1, 1, 1, 1, 1, 1, 1, 1, 1], 'I': [1, 1, 1, 1, 1, 0, 1, 1, 1, 1], 'J': [1, 1, 0, 1, 1, 1, 1, 1, 1, 0]}, '校医院西': {'A': [1, 1, 1, 1, 1, 1, 1, 1, 1, 1], 'B': [1, 1, 1, 1, 1, 1, 1, 1, 1, 1], 'C': [1, 1, 1, 1, 1, 1, 1, 1, 1, 1], 'D': [1, 1, 1, 1, 1, 1, 1, 1, 1, 1], 'E': [1, 1, 1, 1, 1, 1, 1, 0, 1, 1], 'F': [1, 1, 1, 1, 0, 1, 1, 1, 1, 1], 'G': [1, 1, 1, 1, 1, 1, 1, 1, 1, 1], 'H': [1, 1, 1, 1, 1, 0, 1, 1, 1, 0], 'I': [1, 1, 1, 1, 1, 1, 1, 0, 1, 1]}}
623439	2024-07-13 08:04:22.869000+08:00	2024-07-13 08:04:22.869000+08:00	{'东门北侧': {'A': [1, 1, 1, 1, 1, 1, 1, 1, 1, 1], 'B': [1, 1, 1, 1, 1, 1, 1, 1, 1, 1], 'C': [1, 1, 1, 1, 1, 1, 1, 1, 1, 0], 'D': [1, 0, 1, 1, 1, 0, 1, 1, 1, 1], 'E': [1, 1, 0, 0, 1, 1, 1, 1, 1, 1], 'F': [0, 1, 1, 1, 1, 1, 1, 1, 1, 1], 'G': [1, 1, 1, 1, 1, 0, 1, 1, 0, 1], 'H': [1, 1, 1, 1, 1, 1, 1, 1, 1, 1], 'I': [1, 1, 0, 1, 1, 1, 1, 1, 1, 1], 'J': [1, 1, 1, 0, 1, 0, 1, 1, 1, 1], 'K': [0, 1, 1, 1, 1, 1, 1, 1, 1, 0]}, '东门南侧': {'A': [1, 0, 1, 1, 1, 1, 1, 1, 1, 1], 'B': [0, 0, 0, 0, 0, 0, 0, 0, 0, 0]}, '西门北侧': {'A': [1, 1, 1, 1, 1, 1, 1, 1, 1, 1], 'B': [1, 1, 1, 1, 1, 1, 1, 1, 1, 1], 'C': [1, 1, 1, 1, 1, 1, 1, 1, 1, 1]}, '西门南侧': {'A': [1, 1, 1, 1, 1, 1, 1, 1, 1, 1], 'B': [1, 1, 1, 1, 1, 1, 1, 1, 1, 1], 'C': [1, 1, 1, 1, 1, 1, 1, 1, 1, 1]}, '南门西侧': {'A': [1, 1, 1, 1, 1, 1, 1, 1, 1, 1], 'B': [1, 1, 1, 1, 1, 1, 1, 1, 1, 1]}, '南门东侧': {'A': [1, 1, 1, 1, 1, 1, 1, 1, 1, 1], 'B': [0, 1, 1, 1, 1, 1, 1, 1, 1, 1]}, '北门东北侧': {'A': [1, 1, 1, 1, 1, 1, 1, 1, 1, 1], 'B': [1, 1, 1, 1, 1, 1, 1, 1, 1, 1], 'C': [1, 1, 1, 1, 1, 1, 1, 1, 1, 1], 'D': [1, 1, 1, 1, 1, 1, 1, 1, 1, 1]}, '北门东南侧': {'A': [1, 1, 1, 1, 1, 1, 1, 1, 1, 1], 'B': [0, 1, 1, 1, 1, 1, 1, 1, 1, 1], 'C': [1, 1, 1, 1, 1, 1, 1, 1, 1, 1], 'D': [1, 1, 0, 1, 1, 1, 1, 1, 1, 1], 'E': [1, 1, 1, 1, 1, 1, 1, 1, 1, 1], 'F': [1, 1, 1, 1, 1, 1, 1, 1, 1, 1]}, '橘园北侧南': {'A': [1, 1, 1, 1, 1, 1, 1, 1, 1, 1], 'B': [0, 1, 1, 1, 1, 0, 1, 1, 1, 1], 'C': [1, 0, 1, 1, 1, 1, 1, 1, 1, 1], 'D': [1, 1, 0, 1, 1, 0, 1, 1, 1, 1], 'E': [0, 1, 1, 0, 1, 1, 1, 1, 1, 1], 'F': [1, 1, 1, 1, 0, 1, 1, 1, 1, 1], 'G': [1, 1, 1, 1, 1, 1, 1, 1, 1, 1], 'H': [1, 1, 1, 1, 1, 1, 1, 1, 1, 1], 'I': [1, 1, 1, 1, 1, 0, 1, 1, 1, 1], 'J': [1, 1, 1, 1, 1, 1, 1, 1, 1, 0]}, '校医院西': {'A': [1, 1, 1, 1, 1, 1, 1, 1, 1, 1], 'B': [1, 1, 1, 1, 1, 1, 1, 1, 1, 1], 'C': [1, 1, 1, 1, 1, 1, 1, 1, 1, 1], 'D': [1, 1, 1, 1, 1, 1, 1, 1, 1, 1], 'E': [1, 1, 1, 1, 1, 1, 1, 0, 1, 1], 'F': [1, 1, 1, 1, 0, 1, 1, 1, 1, 1], 'G': [1, 1, 1, 1, 1, 1, 1, 1, 1, 1], 'H': [1, 1, 1, 1, 1, 0, 1, 1, 1, 0], 'I': [1, 1, 1, 1, 1, 1, 1, 0, 1, 1]}}
623440	2024-07-13 08:05:23.869000+08:00	2024-07-13 08:05:23.869000+08:00	{'东门北侧': {'A': [1, 1, 1, 1, 1, 1, 1, 1, 1, 1], 'B': [1, 1, 1, 1, 1, 1, 1, 1, 1, 1], 'C': [1, 1, 1, 1, 1, 1, 1, 1, 1, 0], 'D': [1, 0, 1, 1, 1, 0, 1, 1, 1, 1], 'E': [1, 1, 0, 0, 1, 1, 1, 1, 1, 1], 'F': [0, 1, 1, 1, 1, 1, 1, 1, 1, 1], 'G': [1, 1, 1, 1, 1, 0, 1, 1, 0, 1], 'H': [1, 1, 1, 1, 1, 1, 1, 1, 1, 1], 'I': [1, 1, 0, 1, 1, 1, 1, 1, 1, 1], 'J': [1, 1, 1, 0, 1, 0, 1, 1, 1, 1], 'K': [0, 1, 1, 1, 1, 1, 1, 1, 1, 0]}, '东门南侧': {'A': [1, 0, 1, 1, 1, 1, 1, 1, 1, 1], 'B': [0, 0, 0, 0, 0, 0, 0, 0, 0, 0]}, '西门北侧': {'A': [1, 1, 1, 1, 1, 1, 1, 1, 1, 1], 'B': [1, 1, 1, 1, 1, 1, 1, 1, 1, 1], 'C': [1, 1, 1, 1, 1, 1, 1, 1, 1, 1]}, '西门南侧': {'A': [1, 1, 1, 1, 1, 1, 1, 1, 1, 1], 'B': [1, 1, 1, 1, 1, 1, 1, 1, 1, 1], 'C': [1, 1, 1, 1, 1, 1, 1, 1, 1, 1]}, '南门西侧': {'A': [1, 1, 1, 1, 1, 1, 1, 1, 1, 1], 'B': [1, 1, 1, 1, 1, 1, 1, 1, 1, 1]}, '南门东侧': {'A': [1, 1, 1, 1, 1, 1, 1, 1, 1, 1], 'B': [0, 1, 1, 1, 1, 1, 1, 1, 1, 1]}, '北门东北侧': {'A': [1, 1, 1, 1, 1, 1, 1, 1, 1, 1], 'B': [1, 1, 1, 1, 1, 1, 1, 1, 1, 1], 'C': [1, 1, 1, 1, 1, 1, 1, 1, 1, 1], 'D': [1, 1, 1, 1, 1, 1, 1, 1, 1, 1]}, '北门东南侧': {'A': [1, 1, 1, 1, 1, 1, 1, 1, 1, 1], 'B': [0, 1, 1, 1, 1, 1, 1, 1, 1, 1], 'C': [1, 1, 1, 1, 1, 1, 1, 1, 1, 1], 'D': [1, 1, 0, 1, 1, 1, 1, 1, 1, 1], 'E': [1, 1, 1, 1, 1, 1, 1, 1, 1, 1], 'F': [1, 1, 1, 1, 1, 1, 1, 1, 1, 1]}, '橘园北侧南': {'A': [1, 1, 1, 1, 1, 1, 1, 1, 1, 1], 'B': [0, 1, 1, 1, 1, 0, 1, 1, 1, 1], 'C': [1, 0, 1, 1, 1, 1, 1, 1, 1, 1], 'D': [1, 1, 0, 1, 1, 0, 1, 1, 1, 1], 'E': [0, 1, 1, 0, 1, 1, 1, 1, 1, 1], 'F': [1, 1, 1, 1, 0, 1, 1, 1, 1, 1], 'G': [1, 1, 1, 1, 1, 1, 1, 1, 1, 1], 'H': [1, 1, 1, 1, 1, 1, 1, 1, 1, 1], 'I': [1, 1, 1, 1, 1, 0, 1, 1, 1, 1], 'J': [1, 1, 1, 1, 1, 1, 1, 1, 1, 0]}, '校医院西': {'A': [1, 1, 1, 1, 1, 1, 1, 1, 1, 1], 'B': [1, 1, 1, 1, 1, 1, 1, 1, 1, 1], 'C': [1, 1, 1, 1, 1, 1, 1, 1, 1, 1], 'D': [1, 1, 1, 1, 1, 1, 1, 1, 1, 1], 'E': [1, 1, 1, 1, 1, 1, 1, 0, 1, 1], 'F': [1, 1, 1, 1, 0, 1, 1, 1, 1, 1], 'G': [1, 1, 1, 1, 1, 1, 1, 1, 1, 1], 'H': [1, 1, 1, 1, 1, 0, 1, 1, 1, 0], 'I': [1, 1, 1, 1, 1, 1, 1, 0, 1, 1]}}
623441	2024-07-13 08:06:23.346000+08:00	2024-07-13 08:06:23.346000+08:00	{'东门北侧': {'A': [1, 1, 1, 1, 1, 1, 1, 1, 1, 1], 'B': [1, 1, 1, 1, 1, 1, 1, 1, 1, 1], 'C': [1, 1, 1, 1, 1, 1, 1, 1, 1, 0], 'D': [1, 0, 1, 1, 1, 0, 1, 1, 1, 1], 'E': [1, 1, 0, 0, 1, 1, 1, 1, 1, 1], 'F': [0, 1, 1, 1, 1, 1, 1, 1, 1, 1], 'G': [1, 1, 1, 1, 1, 0, 1, 1, 0, 1], 'H': [1, 1, 1, 1, 1, 1, 1, 1, 1, 1], 'I': [1, 1, 0, 1, 1, 1, 1, 1, 1, 1], 'J': [1, 1, 1, 0, 1, 0, 1, 1, 1, 1], 'K': [0, 1, 1, 1, 1, 1, 1, 1, 1, 0]}, '东门南侧': {'A': [1, 0, 1, 1, 1, 1, 1, 1, 1, 1], 'B': [0, 0, 0, 0, 0, 0, 0, 0, 0, 0]}, '西门北侧': {'A': [1, 1, 1, 1, 1, 1, 1, 1, 1, 1], 'B': [1, 1, 1, 1, 1, 1, 1, 1, 1, 1], 'C': [1, 1, 1, 1, 1, 1, 1, 1, 1, 1]}, '西门南侧': {'A': [1, 1, 1, 1, 1, 1, 1, 1, 1, 1], 'B': [1, 1, 1, 1, 1, 1, 1, 1, 1, 1], 'C': [1, 1, 1, 1, 1, 1, 1, 1, 1, 1]}, '南门西侧': {'A': [1, 1, 1, 1, 1, 1, 1, 1, 1, 1], 'B': [1, 1, 1, 1, 1, 1, 1, 1, 1, 1]}, '南门东侧': {'A': [1, 1, 1, 1, 1, 1, 1, 1, 1, 1], 'B': [0, 1, 1, 1, 1, 1, 1, 1, 1, 1]}, '北门东北侧': {'A': [1, 1, 1, 1, 1, 1, 1, 1, 1, 1], 'B': [1, 1, 1, 1, 1, 1, 1, 1, 1, 1], 'C': [1, 1, 1, 1, 1, 1, 1, 1, 1, 1], 'D': [1, 1, 1, 1, 1, 1, 1, 1, 1, 1]}, '北门东南侧': {'A': [1, 1, 1, 1, 1, 1, 1, 1, 1, 1], 'B': [0, 1, 1, 1, 1, 1, 1, 1, 1, 1], 'C': [1, 1, 1, 1, 1, 1, 1, 1, 1, 1], 'D': [1, 1, 0, 1, 1, 1, 1, 1, 1, 1], 'E': [1, 1, 1, 1, 1, 1, 1, 1, 1, 1], 'F': [1, 1, 1, 1, 1, 1, 1, 1, 1, 1]}, '橘园北侧南': {'A': [1, 1, 1, 1, 1, 1, 1, 1, 1, 1], 'B': [0, 1, 1, 1, 1, 0, 1, 1, 1, 1], 'C': [1, 0, 1, 1, 1, 1, 1, 1, 1, 1], 'D': [1, 1, 0, 1, 1, 0, 1, 1, 1, 1], 'E': [0, 1, 1, 0, 1, 1, 1, 1, 1, 1], 'F': [1, 1, 1, 1, 0, 1, 1, 1, 1, 1], 'G': [1, 1, 1, 1, 1, 1, 1, 1, 1, 1], 'H': [1, 1, 1, 1, 1, 1, 1, 1, 1, 1], 'I': [1, 1, 1, 1, 1, 0, 1, 1, 1, 1], 'J': [1, 1, 1, 1, 1, 1, 1, 1, 1, 0]}, '校医院西': {'A': [1, 1, 1, 1, 1, 1, 1, 1, 1, 1], 'B': [1, 1, 1, 1, 1, 1, 1, 1, 1, 1], 'C': [1, 1, 1, 1, 1, 1, 1, 1, 1, 1], 'D': [1, 1, 1, 1, 1, 1, 1, 1, 1, 1], 'E': [1, 1, 1, 1, 1, 1, 1, 0, 1, 1], 'F': [1, 1, 1, 1, 0, 1, 1, 1, 1, 1], 'G': [1, 1, 1, 1, 1, 1, 1, 1, 1, 1], 'H': [1, 1, 1, 1, 1, 0, 1, 1, 1, 0], 'I': [1, 1, 1, 1, 1, 1, 1, 0, 1, 1]}}
623442	2024-07-13 08:07:22.887000+08:00	2024-07-13 08:07:22.887000+08:00	{'东门北侧': {'A': [1, 1, 1, 1, 1, 1, 1, 1, 1, 1], 'B': [1, 1, 1, 1, 1, 1, 1, 1, 1, 1], 'C': [1, 1, 1, 1, 1, 1, 1, 1, 1, 0], 'D': [1, 0, 1, 1, 1, 0, 1, 1, 1, 1], 'E': [1, 1, 0, 0, 1, 1, 1, 1, 1, 1], 'F': [0, 1, 1, 1, 1, 1, 1, 1, 1, 1], 'G': [1, 1, 1, 1, 1, 0, 1, 1, 0, 1], 'H': [1, 1, 1, 1, 1, 1, 1, 1, 1, 1], 'I': [1, 1, 0, 1, 1, 1, 1, 1, 1, 1], 'J': [1, 1, 1, 0, 1, 0, 1, 1, 1, 1], 'K': [0, 1, 1, 1, 1, 1, 1, 1, 1, 0]}, '东门南侧': {'A': [1, 0, 1, 1, 1, 1, 1, 1, 1, 1], 'B': [0, 0, 0, 0, 0, 0, 0, 0, 0, 0]}, '西门北侧': {'A': [1, 1, 1, 1, 1, 1, 1, 1, 1, 1], 'B': [1, 1, 1, 1, 1, 1, 1, 1, 1, 1], 'C': [1, 1, 1, 1, 1, 1, 1, 1, 1, 1]}, '西门南侧': {'A': [1, 1, 1, 1, 1, 1, 1, 1, 1, 1], 'B': [1, 1, 1, 1, 1, 1, 1, 1, 1, 1], 'C': [1, 1, 1, 1, 1, 1, 1, 1, 1, 1]}, '南门西侧': {'A': [1, 1, 1, 1, 1, 1, 1, 1, 1, 1], 'B': [1, 1, 1, 1, 1, 1, 1, 1, 1, 1]}, '南门东侧': {'A': [1, 1, 1, 1, 1, 1, 1, 1, 1, 1], 'B': [0, 1, 1, 1, 1, 1, 1, 1, 1, 1]}, '北门东北侧': {'A': [1, 1, 1, 1, 1, 1, 1, 1, 1, 1], 'B': [1, 1, 1, 1, 1, 1, 1, 1, 1, 1], 'C': [1, 1, 1, 1, 1, 1, 1, 1, 1, 1], 'D': [1, 1, 1, 1, 1, 1, 1, 1, 1, 1]}, '北门东南侧': {'A': [1, 1, 1, 1, 1, 1, 1, 1, 1, 1], 'B': [0, 1, 1, 1, 1, 1, 1, 1, 1, 1], 'C': [1, 1, 1, 1, 1, 1, 1, 1, 1, 1], 'D': [1, 1, 0, 1, 1, 1, 1, 1, 1, 1], 'E': [1, 1, 1, 1, 1, 1, 1, 1, 1, 1], 'F': [1, 1, 1, 1, 1, 1, 1, 1, 1, 1]}, '橘园北侧南': {'A': [1, 1, 1, 1, 1, 1, 1, 1, 1, 1], 'B': [0, 1, 1, 1, 1, 0, 1, 1, 1, 1], 'C': [1, 0, 1, 1, 1, 1, 1, 1, 1, 1], 'D': [1, 1, 0, 1, 1, 0, 1, 1, 1, 1], 'E': [0, 1, 1, 0, 1, 1, 1, 1, 1, 1], 'F': [1, 1, 1, 1, 0, 1, 1, 1, 1, 1], 'G': [1, 1, 1, 1, 1, 1, 1, 1, 1, 1], 'H': [1, 1, 1, 1, 1, 1, 1, 1, 1, 1], 'I': [1, 1, 1, 1, 1, 0, 1, 1, 1, 1], 'J': [1, 1, 1, 1, 1, 1, 1, 1, 1, 0]}, '校医院西': {'A': [1, 1, 1, 1, 1, 1, 1, 1, 1, 1], 'B': [1, 1, 1, 1, 1, 1, 1, 1, 1, 1], 'C': [1, 1, 1, 1, 1, 1, 1, 1, 1, 1], 'D': [1, 1, 1, 1, 1, 1, 1, 1, 1, 1], 'E': [1, 1, 1, 1, 1, 1, 1, 0, 1, 1], 'F': [1, 1, 1, 1, 0, 1, 1, 1, 1, 1], 'G': [1, 1, 1, 1, 1, 1, 1, 1, 1, 1], 'H': [1, 1, 1, 1, 1, 0, 1, 1, 1, 0], 'I': [1, 1, 1, 1, 1, 1, 1, 0, 1, 1]}}
623443	2024-07-13 08:08:22.871000+08:00	2024-07-13 08:08:22.871000+08:00	{'东门北侧': {'A': [1, 1, 1, 1, 1, 1, 1, 1, 1, 1], 'B': [1, 1, 1, 1, 1, 1, 1, 1, 1, 1], 'C': [1, 1, 1, 1, 1, 1, 1, 1, 1, 0], 'D': [1, 0, 1, 1, 1, 0, 1, 1, 1, 1], 'E': [1, 1, 0, 0, 1, 1, 1, 1, 1, 1], 'F': [0, 1, 1, 1, 1, 1, 1, 1, 1, 1], 'G': [1, 1, 1, 1, 1, 0, 1, 1, 0, 1], 'H': [1, 1, 1, 1, 1, 1, 1, 1, 1, 1], 'I': [1, 1, 0, 1, 1, 1, 1, 1, 1, 1], 'J': [1, 1, 1, 0, 1, 0, 1, 1, 1, 1], 'K': [0, 1, 1, 1, 1, 1, 1, 1, 1, 0]}, '东门南侧': {'A': [1, 0, 1, 1, 1, 1, 1, 1, 1, 1], 'B': [0, 0, 0, 0, 0, 0, 0, 0, 0, 0]}, '西门北侧': {'A': [1, 1, 1, 1, 1, 1, 1, 1, 1, 1], 'B': [1, 1, 1, 1, 1, 1, 1, 1, 1, 1], 'C': [1, 1, 1, 1, 1, 1, 1, 1, 1, 1]}, '西门南侧': {'A': [1, 1, 1, 1, 1, 1, 1, 1, 1, 1], 'B': [1, 1, 1, 1, 1, 1, 1, 1, 1, 1], 'C': [1, 1, 1, 1, 1, 1, 1, 1, 1, 1]}, '南门西侧': {'A': [1, 1, 1, 1, 1, 1, 1, 1, 1, 1], 'B': [1, 1, 1, 1, 1, 1, 1, 1, 1, 1]}, '南门东侧': {'A': [1, 1, 1, 1, 1, 1, 1, 1, 1, 1], 'B': [0, 1, 1, 1, 1, 1, 1, 1, 1, 1]}, '北门东北侧': {'A': [1, 1, 1, 1, 1, 1, 1, 1, 1, 1], 'B': [1, 1, 1, 1, 1, 1, 1, 1, 1, 1], 'C': [1, 1, 1, 1, 1, 1, 1, 1, 1, 1], 'D': [1, 1, 1, 1, 1, 1, 1, 1, 1, 1]}, '北门东南侧': {'A': [1, 1, 1, 1, 1, 1, 1, 1, 1, 1], 'B': [0, 1, 1, 1, 1, 1, 1, 1, 1, 1], 'C': [1, 1, 1, 1, 1, 1, 1, 1, 1, 1], 'D': [1, 1, 0, 1, 1, 1, 1, 1, 1, 1], 'E': [1, 1, 1, 1, 1, 1, 1, 1, 1, 1], 'F': [1, 1, 1, 1, 1, 1, 1, 1, 1, 1]}, '橘园北侧南': {'A': [1, 1, 1, 1, 1, 1, 1, 1, 1, 1], 'B': [0, 1, 1, 1, 1, 0, 1, 1, 1, 1], 'C': [1, 0, 1, 1, 1, 1, 1, 1, 1, 1], 'D': [1, 1, 0, 1, 1, 0, 1, 1, 1, 1], 'E': [0, 1, 1, 0, 1, 1, 1, 1, 1, 1], 'F': [1, 1, 1, 1, 0, 1, 1, 1, 1, 1], 'G': [1, 1, 1, 1, 1, 1, 1, 1, 1, 1], 'H': [1, 1, 1, 1, 1, 1, 1, 1, 1, 1], 'I': [1, 1, 1, 1, 1, 0, 1, 1, 1, 1], 'J': [1, 1, 1, 1, 1, 1, 1, 1, 1, 0]}, '校医院西': {'A': [1, 1, 1, 1, 1, 1, 1, 1, 1, 1], 'B': [1, 1, 1, 1, 1, 1, 1, 1, 1, 1], 'C': [1, 1, 1, 1, 1, 1, 1, 1, 1, 1], 'D': [1, 1, 1, 1, 1, 1, 1, 1, 1, 1], 'E': [1, 1, 1, 1, 1, 1, 1, 0, 1, 1], 'F': [1, 1, 1, 1, 0, 1, 1, 1, 1, 1], 'G': [1, 1, 1, 1, 1, 1, 1, 1, 1, 1], 'H': [1, 1, 1, 1, 1, 0, 1, 1, 1, 0], 'I': [1, 1, 1, 1, 1, 1, 1, 0, 1, 1]}}
623444	2024-07-13 08:09:23.916000+08:00	2024-07-13 08:09:23.916000+08:00	{'东门北侧': {'A': [1, 1, 1, 1, 1, 1, 1, 1, 1, 1], 'B': [1, 1, 1, 1, 1, 1, 1, 1, 1, 1], 'C': [1, 1, 1, 1, 1, 1, 1, 1, 1, 0], 'D': [1, 0, 1, 1, 1, 0, 1, 1, 1, 1], 'E': [1, 1, 0, 0, 1, 1, 1, 1, 1, 1], 'F': [0, 1, 1, 1, 1, 1, 1, 1, 1, 1], 'G': [1, 1, 1, 1, 1, 0, 1, 1, 0, 1], 'H': [1, 1, 1, 1, 1, 1, 1, 1, 1, 1], 'I': [1, 1, 0, 1, 1, 1, 1, 1, 1, 1], 'J': [1, 1, 1, 0, 1, 0, 1, 1, 1, 1], 'K': [0, 1, 1, 1, 1, 1, 1, 1, 1, 0]}, '东门南侧': {'A': [1, 0, 1, 1, 1, 1, 1, 1, 1, 1], 'B': [0, 0, 0, 0, 0, 0, 0, 0, 0, 0]}, '西门北侧': {'A': [1, 1, 1, 1, 1, 1, 1, 1, 1, 1], 'B': [1, 1, 1, 1, 1, 1, 1, 1, 1, 1], 'C': [1, 1, 1, 1, 1, 1, 1, 1, 1, 1]}, '西门南侧': {'A': [1, 1, 1, 1, 1, 1, 1, 1, 1, 1], 'B': [1, 1, 1, 1, 1, 1, 1, 1, 1, 1], 'C': [1, 1, 1, 1, 1, 1, 1, 1, 1, 1]}, '南门西侧': {'A': [1, 1, 1, 1, 1, 1, 1, 1, 1, 1], 'B': [1, 1, 1, 1, 1, 1, 1, 1, 1, 1]}, '南门东侧': {'A': [1, 1, 1, 1, 1, 1, 1, 1, 1, 1], 'B': [0, 1, 1, 1, 1, 1, 1, 1, 1, 1]}, '北门东北侧': {'A': [1, 1, 1, 1, 1, 1, 1, 1, 1, 1], 'B': [1, 1, 1, 1, 1, 1, 1, 1, 1, 1], 'C': [1, 1, 1, 1, 1, 1, 1, 1, 1, 1], 'D': [1, 1, 1, 1, 1, 1, 1, 1, 1, 1]}, '北门东南侧': {'A': [1, 1, 1, 1, 1, 1, 1, 1, 1, 1], 'B': [0, 1, 1, 1, 1, 1, 1, 1, 1, 1], 'C': [1, 1, 1, 1, 1, 1, 1, 1, 1, 1], 'D': [1, 1, 0, 1, 1, 1, 1, 1, 1, 1], 'E': [1, 1, 1, 1, 1, 1, 1, 1, 1, 1], 'F': [1, 1, 1, 1, 1, 1, 1, 1, 1, 1]}, '橘园北侧南': {'A': [1, 1, 1, 1, 1, 1, 1, 1, 1, 1], 'B': [0, 1, 1, 1, 1, 0, 1, 1, 1, 1], 'C': [1, 0, 1, 1, 1, 1, 1, 1, 1, 1], 'D': [1, 1, 0, 1, 1, 0, 1, 1, 1, 1], 'E': [0, 1, 1, 0, 1, 1, 1, 1, 1, 1], 'F': [1, 1, 1, 1, 0, 1, 1, 1, 1, 1], 'G': [1, 1, 1, 1, 1, 1, 1, 1, 1, 1], 'H': [1, 1, 1, 1, 1, 1, 1, 1, 1, 1], 'I': [1, 1, 1, 1, 1, 0, 1, 1, 1, 1], 'J': [1, 1, 1, 1, 1, 1, 1, 1, 1, 0]}, '校医院西': {'A': [1, 1, 1, 1, 1, 1, 1, 1, 1, 1], 'B': [1, 1, 1, 1, 1, 1, 1, 1, 1, 1], 'C': [1, 1, 1, 1, 1, 1, 1, 1, 1, 1], 'D': [1, 1, 1, 1, 1, 1, 1, 1, 1, 1], 'E': [1, 1, 1, 1, 1, 1, 1, 0, 1, 1], 'F': [1, 1, 1, 1, 0, 1, 1, 1, 1, 1], 'G': [1, 1, 1, 1, 1, 1, 1, 1, 1, 1], 'H': [1, 1, 1, 1, 1, 0, 1, 1, 1, 0], 'I': [1, 1, 1, 1, 1, 1, 1, 0, 1, 1]}}
623445	2024-07-13 08:10:22.922000+08:00	2024-07-13 08:10:22.922000+08:00	{'东门北侧': {'A': [1, 1, 1, 1, 1, 1, 1, 1, 1, 1], 'B': [1, 1, 1, 1, 1, 1, 1, 1, 1, 1], 'C': [1, 1, 1, 1, 1, 1, 1, 1, 1, 0], 'D': [1, 0, 1, 1, 1, 0, 1, 1, 1, 1], 'E': [1, 1, 0, 0, 1, 1, 1, 1, 1, 1], 'F': [0, 1, 1, 1, 1, 1, 1, 1, 1, 1], 'G': [1, 1, 1, 1, 1, 0, 1, 1, 0, 1], 'H': [1, 1, 1, 1, 1, 1, 1, 1, 1, 1], 'I': [1, 1, 0, 1, 1, 1, 1, 1, 1, 1], 'J': [1, 1, 1, 0, 1, 0, 1, 1, 1, 1], 'K': [0, 1, 1, 1, 1, 1, 1, 1, 1, 0]}, '东门南侧': {'A': [1, 0, 1, 1, 1, 1, 1, 1, 1, 1], 'B': [0, 0, 0, 0, 0, 0, 0, 0, 0, 0]}, '西门北侧': {'A': [1, 1, 1, 1, 1, 1, 1, 1, 1, 1], 'B': [1, 1, 1, 1, 1, 1, 1, 1, 1, 1], 'C': [1, 1, 1, 1, 1, 1, 1, 1, 1, 1]}, '西门南侧': {'A': [1, 1, 1, 1, 1, 1, 1, 1, 1, 1], 'B': [1, 1, 1, 1, 1, 1, 1, 1, 1, 1], 'C': [1, 1, 1, 1, 1, 1, 1, 1, 1, 1]}, '南门西侧': {'A': [1, 1, 1, 1, 1, 1, 1, 1, 1, 1], 'B': [1, 1, 1, 1, 1, 1, 1, 1, 1, 1]}, '南门东侧': {'A': [1, 1, 1, 1, 1, 1, 1, 1, 1, 1], 'B': [0, 1, 1, 1, 1, 1, 1, 1, 1, 1]}, '北门东北侧': {'A': [1, 1, 1, 1, 1, 1, 1, 1, 1, 1], 'B': [1, 1, 1, 1, 1, 1, 1, 1, 1, 1], 'C': [1, 1, 1, 1, 1, 1, 1, 1, 1, 1], 'D': [1, 1, 1, 1, 1, 1, 1, 1, 1, 1]}, '北门东南侧': {'A': [1, 1, 1, 1, 1, 1, 1, 1, 1, 1], 'B': [0, 1, 1, 1, 1, 1, 1, 1, 1, 1], 'C': [1, 1, 1, 1, 1, 1, 1, 1, 1, 1], 'D': [1, 1, 0, 1, 1, 1, 1, 1, 1, 1], 'E': [1, 1, 1, 1, 1, 1, 1, 1, 1, 1], 'F': [1, 1, 1, 1, 1, 1, 1, 1, 1, 1]}, '橘园北侧南': {'A': [1, 1, 1, 1, 1, 1, 1, 1, 1, 1], 'B': [0, 1, 1, 1, 1, 0, 1, 1, 1, 1], 'C': [1, 0, 1, 1, 1, 1, 1, 1, 1, 1], 'D': [1, 1, 0, 1, 1, 0, 1, 1, 1, 1], 'E': [0, 1, 1, 0, 1, 1, 1, 1, 1, 1], 'F': [1, 1, 1, 1, 0, 1, 1, 1, 1, 1], 'G': [1, 1, 1, 1, 1, 1, 1, 1, 1, 1], 'H': [1, 1, 1, 1, 1, 1, 1, 1, 1, 1], 'I': [1, 1, 1, 1, 1, 0, 1, 1, 1, 1], 'J': [1, 1, 1, 1, 1, 1, 1, 1, 1, 0]}, '校医院西': {'A': [1, 1, 1, 1, 1, 1, 1, 1, 1, 1], 'B': [1, 1, 1, 1, 1, 1, 1, 1, 1, 1], 'C': [1, 1, 1, 1, 1, 1, 1, 1, 1, 1], 'D': [1, 1, 1, 1, 1, 1, 1, 1, 1, 1], 'E': [1, 1, 1, 1, 1, 1, 1, 0, 1, 1], 'F': [1, 1, 1, 1, 0, 1, 1, 1, 1, 1], 'G': [1, 1, 1, 1, 1, 1, 1, 1, 1, 1], 'H': [1, 1, 1, 1, 1, 0, 1, 1, 1, 0], 'I': [1, 1, 1, 1, 1, 1, 1, 0, 1, 1]}}
623446	2024-07-13 08:11:24.082000+08:00	2024-07-13 08:11:24.082000+08:00	{'东门北侧': {'A': [1, 1, 1, 1, 1, 1, 1, 1, 1, 1], 'B': [1, 1, 1, 1, 1, 1, 1, 1, 1, 1], 'C': [1, 1, 1, 1, 1, 1, 1, 1, 1, 0], 'D': [1, 0, 1, 1, 1, 0, 1, 1, 1, 1], 'E': [1, 1, 0, 0, 1, 1, 1, 1, 1, 1], 'F': [0, 1, 1, 1, 1, 1, 1, 1, 1, 1], 'G': [1, 1, 1, 1, 1, 0, 1, 1, 0, 1], 'H': [1, 1, 1, 1, 1, 1, 1, 1, 1, 1], 'I': [1, 1, 0, 1, 1, 1, 1, 1, 1, 1], 'J': [1, 1, 1, 0, 1, 0, 1, 1, 1, 1], 'K': [0, 1, 1, 1, 1, 1, 1, 1, 1, 0]}, '东门南侧': {'A': [1, 0, 1, 1, 1, 1, 1, 1, 1, 1], 'B': [0, 0, 0, 0, 0, 0, 0, 0, 0, 0]}, '西门北侧': {'A': [1, 1, 1, 1, 1, 1, 1, 1, 1, 1], 'B': [1, 1, 1, 1, 1, 1, 1, 1, 1, 1], 'C': [1, 1, 1, 1, 1, 1, 1, 1, 1, 1]}, '西门南侧': {'A': [1, 1, 1, 1, 1, 1, 1, 1, 1, 1], 'B': [1, 1, 1, 1, 1, 1, 1, 1, 1, 1], 'C': [1, 1, 1, 1, 1, 1, 1, 1, 1, 1]}, '南门西侧': {'A': [1, 1, 1, 1, 1, 1, 1, 1, 1, 1], 'B': [1, 1, 1, 1, 1, 1, 1, 1, 1, 1]}, '南门东侧': {'A': [1, 1, 1, 1, 1, 1, 1, 1, 1, 1], 'B': [0, 1, 1, 1, 1, 1, 1, 1, 1, 1]}, '北门东北侧': {'A': [1, 1, 1, 1, 1, 1, 1, 1, 1, 1], 'B': [1, 1, 1, 1, 1, 1, 1, 1, 1, 1], 'C': [1, 1, 1, 1, 1, 1, 1, 1, 1, 1], 'D': [1, 1, 1, 1, 1, 1, 1, 1, 1, 1]}, '北门东南侧': {'A': [1, 1, 1, 1, 1, 1, 1, 1, 1, 1], 'B': [0, 0, 1, 1, 1, 1, 1, 1, 1, 1], 'C': [1, 1, 1, 1, 1, 1, 1, 1, 1, 1], 'D': [1, 1, 0, 1, 1, 1, 1, 1, 1, 1], 'E': [1, 1, 1, 1, 1, 1, 1, 1, 1, 1], 'F': [1, 1, 1, 1, 1, 1, 1, 1, 1, 1]}, '橘园北侧南': {'A': [1, 1, 1, 1, 1, 1, 1, 1, 1, 1], 'B': [0, 1, 1, 1, 1, 0, 1, 1, 1, 1], 'C': [1, 0, 1, 1, 1, 1, 1, 1, 1, 1], 'D': [1, 1, 0, 1, 1, 0, 1, 1, 1, 1], 'E': [0, 1, 1, 0, 1, 1, 1, 1, 1, 1], 'F': [1, 1, 1, 1, 0, 1, 1, 1, 1, 1], 'G': [1, 1, 1, 1, 1, 1, 1, 1, 1, 1], 'H': [1, 1, 1, 1, 1, 1, 1, 1, 1, 1], 'I': [1, 1, 1, 1, 1, 0, 1, 1, 1, 1], 'J': [1, 1, 1, 1, 1, 1, 1, 1, 1, 0]}, '校医院西': {'A': [1, 1, 1, 1, 1, 1, 1, 1, 1, 1], 'B': [1, 1, 1, 1, 1, 1, 1, 1, 1, 1], 'C': [1, 1, 1, 1, 1, 1, 1, 1, 1, 1], 'D': [1, 1, 1, 1, 1, 1, 1, 1, 1, 1], 'E': [1, 1, 1, 1, 1, 1, 1, 0, 1, 1], 'F': [1, 1, 1, 1, 0, 1, 1, 1, 1, 1], 'G': [1, 1, 1, 1, 1, 1, 1, 1, 1, 1], 'H': [1, 1, 1, 1, 1, 0, 1, 1, 1, 0], 'I': [1, 1, 1, 1, 1, 1, 1, 0, 1, 1]}}
623447	2024-07-13 08:12:21.850000+08:00	2024-07-13 08:12:21.850000+08:00	{'东门北侧': {'A': [1, 1, 1, 1, 1, 1, 1, 1, 1, 1], 'B': [1, 1, 1, 1, 1, 1, 1, 1, 1, 1], 'C': [1, 1, 1, 1, 1, 1, 1, 1, 1, 1], 'D': [1, 0, 1, 1, 1, 0, 1, 1, 1, 1], 'E': [1, 1, 0, 0, 1, 1, 1, 1, 1, 1], 'F': [0, 1, 1, 1, 1, 1, 1, 1, 1, 1], 'G': [1, 1, 1, 1, 1, 0, 1, 1, 0, 1], 'H': [1, 1, 1, 1, 1, 1, 1, 1, 1, 1], 'I': [1, 1, 0, 1, 1, 1, 1, 1, 1, 1], 'J': [1, 1, 1, 0, 1, 0, 1, 1, 1, 1], 'K': [0, 1, 1, 1, 1, 1, 1, 1, 1, 0]}, '东门南侧': {'A': [1, 0, 1, 1, 1, 1, 1, 1, 1, 1], 'B': [0, 0, 0, 0, 0, 0, 0, 0, 0, 0]}, '西门北侧': {'A': [1, 1, 1, 1, 1, 1, 1, 1, 1, 1], 'B': [1, 1, 1, 1, 1, 1, 1, 1, 1, 1], 'C': [1, 1, 1, 1, 1, 1, 1, 1, 1, 1]}, '西门南侧': {'A': [1, 1, 1, 1, 1, 1, 1, 1, 1, 1], 'B': [1, 1, 1, 1, 1, 1, 1, 1, 1, 1], 'C': [1, 1, 1, 1, 1, 1, 1, 1, 1, 1]}, '南门西侧': {'A': [1, 1, 1, 1, 1, 1, 1, 1, 1, 1], 'B': [1, 1, 1, 1, 1, 1, 1, 1, 1, 1]}, '南门东侧': {'A': [1, 1, 1, 1, 1, 1, 1, 1, 1, 1], 'B': [0, 1, 1, 1, 1, 1, 1, 1, 1, 1]}, '北门东北侧': {'A': [1, 1, 1, 1, 1, 1, 1, 1, 1, 1], 'B': [1, 1, 1, 1, 1, 1, 1, 1, 1, 1], 'C': [1, 1, 1, 1, 1, 1, 1, 1, 1, 1], 'D': [1, 1, 1, 1, 1, 1, 1, 1, 1, 1]}, '北门东南侧': {'A': [1, 1, 1, 1, 1, 1, 1, 1, 1, 1], 'B': [0, 0, 1, 1, 1, 1, 1, 1, 1, 1], 'C': [1, 1, 1, 1, 1, 1, 1, 1, 1, 1], 'D': [1, 1, 0, 1, 1, 1, 1, 1, 1, 1], 'E': [1, 1, 1, 1, 1, 1, 1, 1, 1, 1], 'F': [1, 1, 1, 1, 1, 1, 1, 1, 1, 1]}, '橘园北侧南': {'A': [1, 1, 1, 1, 1, 1, 1, 1, 1, 1], 'B': [0, 1, 1, 1, 1, 0, 1, 1, 1, 1], 'C': [1, 0, 1, 1, 1, 1, 1, 1, 1, 1], 'D': [1, 1, 0, 1, 1, 0, 1, 1, 1, 1], 'E': [0, 1, 1, 0, 1, 1, 1, 1, 1, 1], 'F': [1, 1, 1, 1, 0, 1, 1, 1, 1, 1], 'G': [1, 1, 1, 1, 1, 1, 1, 1, 1, 1], 'H': [1, 1, 1, 1, 1, 1, 1, 1, 1, 1], 'I': [1, 1, 1, 1, 1, 0, 1, 1, 1, 1], 'J': [1, 1, 1, 1, 1, 1, 1, 1, 1, 0]}, '校医院西': {'A': [1, 1, 1, 1, 1, 1, 1, 1, 1, 1], 'B': [1, 1, 1, 1, 1, 1, 1, 1, 1, 1], 'C': [1, 1, 1, 1, 1, 1, 1, 1, 1, 1], 'D': [1, 1, 1, 1, 1, 1, 1, 1, 1, 1], 'E': [1, 1, 1, 1, 1, 1, 1, 0, 1, 1], 'F': [1, 1, 1, 1, 0, 1, 1, 1, 1, 1], 'G': [1, 1, 1, 1, 1, 1, 1, 1, 1, 1], 'H': [1, 1, 1, 1, 1, 1, 1, 1, 1, 0], 'I': [1, 1, 1, 1, 1, 1, 1, 0, 1, 1]}}
623448	2024-07-13 08:13:24.130000+08:00	2024-07-13 08:13:24.130000+08:00	{'东门北侧': {'A': [1, 1, 1, 1, 1, 1, 1, 1, 1, 1], 'B': [1, 1, 1, 1, 1, 1, 1, 1, 1, 1], 'C': [1, 1, 1, 1, 1, 1, 1, 1, 1, 1], 'D': [1, 0, 1, 1, 1, 0, 1, 1, 1, 1], 'E': [1, 1, 0, 0, 1, 1, 1, 1, 1, 1], 'F': [0, 1, 1, 1, 1, 1, 1, 1, 1, 1], 'G': [1, 1, 1, 1, 1, 0, 1, 1, 0, 1], 'H': [1, 1, 1, 1, 1, 1, 1, 1, 1, 1], 'I': [1, 1, 0, 1, 1, 1, 1, 1, 1, 1], 'J': [1, 1, 1, 0, 1, 0, 1, 1, 1, 1], 'K': [0, 1, 1, 1, 1, 1, 1, 1, 1, 0]}, '东门南侧': {'A': [1, 0, 1, 1, 1, 1, 1, 1, 1, 1], 'B': [0, 0, 0, 0, 0, 0, 0, 0, 0, 0]}, '西门北侧': {'A': [1, 1, 1, 1, 1, 1, 1, 1, 1, 1], 'B': [1, 1, 1, 1, 1, 1, 1, 1, 1, 1], 'C': [1, 1, 1, 1, 1, 1, 1, 1, 1, 1]}, '西门南侧': {'A': [1, 1, 1, 1, 1, 1, 1, 1, 1, 1], 'B': [1, 1, 1, 1, 1, 1, 1, 1, 1, 1], 'C': [1, 1, 1, 1, 1, 1, 1, 1, 1, 1]}, '南门西侧': {'A': [1, 1, 1, 1, 1, 1, 1, 1, 1, 1], 'B': [1, 1, 1, 1, 1, 1, 1, 1, 1, 1]}, '南门东侧': {'A': [1, 1, 1, 1, 1, 1, 1, 1, 1, 1], 'B': [0, 1, 1, 1, 1, 1, 1, 1, 1, 1]}, '北门东北侧': {'A': [1, 1, 1, 1, 1, 1, 1, 1, 1, 1], 'B': [1, 1, 1, 1, 1, 1, 1, 1, 1, 1], 'C': [1, 1, 1, 1, 1, 1, 1, 1, 1, 1], 'D': [1, 1, 1, 1, 1, 1, 1, 1, 1, 1]}, '北门东南侧': {'A': [1, 1, 1, 1, 1, 1, 1, 1, 1, 1], 'B': [0, 0, 1, 1, 1, 1, 1, 1, 1, 1], 'C': [1, 1, 1, 1, 1, 1, 1, 1, 1, 1], 'D': [1, 1, 0, 1, 1, 1, 1, 1, 1, 1], 'E': [1, 1, 1, 1, 1, 1, 1, 1, 1, 1], 'F': [1, 1, 1, 1, 1, 1, 1, 1, 1, 1]}, '橘园北侧南': {'A': [1, 1, 1, 1, 1, 1, 1, 1, 1, 1], 'B': [0, 1, 1, 1, 1, 0, 1, 1, 1, 1], 'C': [1, 0, 1, 1, 1, 1, 1, 1, 1, 1], 'D': [1, 1, 0, 1, 1, 1, 1, 1, 1, 1], 'E': [0, 1, 1, 0, 1, 1, 1, 1, 1, 1], 'F': [1, 1, 1, 1, 0, 1, 1, 1, 1, 1], 'G': [1, 1, 1, 1, 1, 1, 1, 1, 1, 1], 'H': [1, 1, 1, 1, 1, 1, 1, 1, 1, 1], 'I': [1, 1, 1, 1, 1, 0, 1, 1, 1, 1], 'J': [1, 1, 1, 1, 1, 1, 1, 1, 1, 0]}, '校医院西': {'A': [1, 1, 1, 1, 1, 1, 1, 1, 1, 1], 'B': [1, 1, 1, 1, 1, 1, 1, 1, 1, 1], 'C': [1, 1, 1, 1, 1, 1, 1, 1, 1, 1], 'D': [1, 1, 1, 1, 1, 1, 1, 1, 1, 1], 'E': [1, 1, 1, 1, 1, 1, 1, 0, 1, 1], 'F': [1, 1, 1, 1, 0, 1, 1, 1, 1, 1], 'G': [1, 1, 1, 1, 1, 1, 1, 1, 1, 1], 'H': [1, 1, 1, 1, 1, 1, 1, 1, 1, 0], 'I': [1, 1, 1, 1, 1, 1, 1, 0, 1, 1]}}
623449	2024-07-13 08:14:22.847000+08:00	2024-07-13 08:14:22.847000+08:00	{'东门北侧': {'A': [1, 1, 1, 1, 1, 1, 1, 1, 1, 1], 'B': [1, 1, 1, 1, 1, 1, 1, 1, 1, 1], 'C': [1, 1, 1, 1, 1, 1, 1, 1, 1, 1], 'D': [1, 0, 1, 1, 1, 0, 1, 1, 1, 1], 'E': [1, 1, 0, 0, 1, 1, 1, 1, 1, 1], 'F': [0, 1, 1, 1, 1, 1, 1, 1, 1, 1], 'G': [1, 1, 1, 1, 1, 0, 1, 1, 0, 1], 'H': [1, 1, 1, 1, 1, 1, 1, 1, 1, 1], 'I': [1, 1, 0, 1, 1, 1, 1, 1, 1, 1], 'J': [1, 1, 1, 0, 1, 1, 1, 1, 1, 1], 'K': [0, 1, 1, 1, 1, 1, 1, 1, 1, 0]}, '东门南侧': {'A': [1, 0, 1, 1, 1, 1, 1, 1, 1, 1], 'B': [0, 0, 0, 0, 0, 0, 0, 0, 0, 0]}, '西门北侧': {'A': [1, 1, 1, 1, 1, 1, 1, 1, 1, 1], 'B': [1, 1, 1, 1, 1, 1, 1, 1, 1, 1], 'C': [1, 1, 1, 1, 1, 1, 1, 1, 1, 1]}, '西门南侧': {'A': [1, 1, 1, 1, 1, 1, 1, 1, 1, 1], 'B': [1, 1, 1, 1, 1, 1, 1, 1, 1, 1], 'C': [1, 1, 1, 1, 1, 1, 1, 1, 1, 1]}, '南门西侧': {'A': [1, 1, 1, 1, 1, 1, 1, 1, 1, 1], 'B': [1, 1, 1, 1, 1, 1, 1, 1, 1, 1]}, '南门东侧': {'A': [1, 1, 1, 1, 1, 1, 1, 1, 1, 1], 'B': [0, 1, 1, 1, 1, 1, 1, 1, 1, 1]}, '北门东北侧': {'A': [1, 1, 1, 1, 1, 1, 1, 1, 1, 1], 'B': [1, 1, 1, 1, 1, 1, 1, 1, 1, 1], 'C': [1, 1, 1, 1, 1, 1, 1, 1, 1, 1], 'D': [1, 1, 1, 1, 1, 1, 1, 1, 1, 1]}, '北门东南侧': {'A': [1, 1, 1, 1, 1, 1, 1, 1, 1, 1], 'B': [0, 0, 1, 1, 1, 1, 1, 1, 1, 1], 'C': [1, 1, 1, 1, 1, 1, 1, 1, 1, 1], 'D': [1, 1, 0, 1, 1, 1, 1, 1, 1, 1], 'E': [1, 1, 1, 1, 1, 1, 1, 1, 1, 1], 'F': [1, 1, 1, 1, 1, 1, 1, 1, 1, 1]}, '橘园北侧南': {'A': [1, 1, 1, 1, 1, 1, 1, 1, 1, 1], 'B': [0, 1, 1, 1, 1, 0, 1, 1, 1, 1], 'C': [1, 0, 1, 1, 1, 1, 1, 1, 1, 1], 'D': [1, 1, 0, 1, 1, 1, 1, 1, 1, 1], 'E': [0, 1, 1, 0, 1, 1, 1, 1, 1, 1], 'F': [1, 1, 1, 1, 0, 1, 1, 1, 1, 1], 'G': [1, 1, 1, 1, 1, 1, 1, 1, 1, 1], 'H': [1, 1, 1, 1, 1, 1, 1, 1, 1, 1], 'I': [1, 1, 1, 1, 1, 0, 1, 1, 1, 1], 'J': [1, 1, 1, 1, 1, 1, 1, 1, 1, 0]}, '校医院西': {'A': [1, 1, 1, 1, 1, 1, 1, 1, 1, 1], 'B': [1, 1, 1, 1, 1, 1, 1, 1, 1, 1], 'C': [1, 1, 1, 1, 1, 1, 1, 1, 1, 1], 'D': [1, 1, 1, 1, 1, 1, 1, 1, 1, 1], 'E': [1, 1, 1, 1, 1, 1, 1, 0, 1, 1], 'F': [1, 1, 1, 1, 0, 1, 1, 1, 1, 1], 'G': [1, 1, 1, 1, 1, 1, 1, 1, 1, 1], 'H': [1, 1, 1, 1, 1, 1, 1, 1, 1, 0], 'I': [1, 1, 1, 1, 1, 1, 1, 0, 1, 1]}}
623450	2024-07-13 08:15:22.058000+08:00	2024-07-13 08:15:22.058000+08:00	{'东门北侧': {'A': [1, 1, 1, 1, 1, 1, 1, 1, 1, 1], 'B': [1, 1, 1, 1, 1, 1, 1, 1, 1, 1], 'C': [1, 1, 1, 1, 1, 1, 1, 1, 1, 1], 'D': [1, 0, 1, 1, 1, 0, 1, 1, 1, 1], 'E': [1, 1, 0, 0, 1, 1, 1, 1, 1, 1], 'F': [0, 1, 1, 1, 1, 1, 1, 1, 1, 1], 'G': [1, 1, 1, 1, 1, 0, 1, 1, 0, 1], 'H': [1, 1, 1, 1, 1, 1, 1, 1, 1, 1], 'I': [1, 1, 0, 1, 1, 1, 1, 1, 1, 1], 'J': [1, 1, 1, 0, 1, 1, 1, 1, 1, 1], 'K': [0, 1, 1, 1, 1, 1, 1, 1, 1, 0]}, '东门南侧': {'A': [1, 0, 1, 1, 1, 1, 1, 1, 1, 1], 'B': [0, 0, 0, 0, 0, 0, 0, 0, 0, 0]}, '西门北侧': {'A': [1, 1, 1, 1, 1, 1, 1, 1, 1, 1], 'B': [1, 1, 1, 1, 1, 1, 1, 1, 1, 1], 'C': [1, 1, 1, 1, 1, 1, 1, 1, 1, 1]}, '西门南侧': {'A': [1, 1, 1, 1, 1, 1, 1, 1, 1, 1], 'B': [1, 1, 1, 1, 1, 1, 1, 1, 1, 1], 'C': [1, 1, 1, 1, 1, 1, 1, 1, 1, 1]}, '南门西侧': {'A': [1, 1, 1, 1, 1, 1, 1, 1, 1, 1], 'B': [1, 1, 1, 1, 1, 1, 1, 1, 1, 1]}, '南门东侧': {'A': [1, 1, 1, 1, 1, 1, 1, 1, 1, 1], 'B': [0, 1, 1, 1, 1, 1, 1, 1, 1, 1]}, '北门东北侧': {'A': [1, 1, 1, 1, 1, 1, 1, 1, 1, 1], 'B': [1, 1, 1, 1, 1, 1, 1, 1, 1, 1], 'C': [1, 1, 1, 1, 1, 1, 1, 1, 1, 1], 'D': [1, 1, 1, 1, 1, 1, 1, 1, 1, 1]}, '北门东南侧': {'A': [1, 1, 1, 1, 1, 1, 1, 1, 1, 1], 'B': [0, 0, 1, 1, 1, 1, 1, 1, 1, 1], 'C': [1, 1, 1, 1, 1, 1, 1, 1, 1, 1], 'D': [1, 1, 1, 1, 1, 1, 1, 1, 1, 1], 'E': [1, 1, 1, 1, 1, 1, 1, 1, 1, 1], 'F': [1, 1, 1, 1, 1, 1, 1, 1, 1, 1]}, '橘园北侧南': {'A': [1, 1, 1, 1, 1, 1, 1, 1, 1, 1], 'B': [0, 1, 1, 1, 1, 0, 1, 1, 1, 1], 'C': [1, 0, 1, 1, 1, 1, 1, 1, 1, 1], 'D': [1, 1, 0, 1, 1, 1, 1, 1, 1, 1], 'E': [0, 1, 1, 0, 1, 1, 1, 1, 1, 1], 'F': [1, 1, 1, 1, 0, 1, 1, 1, 1, 1], 'G': [1, 1, 1, 1, 1, 1, 1, 1, 1, 1], 'H': [1, 1, 1, 1, 1, 1, 1, 1, 1, 1], 'I': [1, 1, 1, 1, 1, 0, 1, 1, 1, 1], 'J': [1, 1, 1, 1, 1, 1, 1, 1, 1, 0]}, '校医院西': {'A': [1, 1, 1, 1, 1, 1, 1, 1, 1, 1], 'B': [1, 1, 1, 1, 1, 1, 1, 1, 1, 1], 'C': [1, 1, 1, 1, 1, 1, 1, 1, 1, 1], 'D': [1, 1, 1, 1, 1, 1, 1, 1, 1, 1], 'E': [1, 1, 1, 1, 1, 1, 1, 0, 1, 1], 'F': [1, 1, 1, 1, 0, 1, 1, 1, 1, 1], 'G': [1, 1, 1, 1, 1, 1, 1, 1, 1, 1], 'H': [1, 1, 1, 1, 1, 1, 1, 1, 1, 0], 'I': [1, 1, 1, 1, 1, 1, 1, 0, 1, 1]}}
623451	2024-07-13 08:16:20.882000+08:00	2024-07-13 08:16:20.882000+08:00	{'东门北侧': {'A': [1, 1, 1, 1, 1, 1, 1, 1, 1, 1], 'B': [1, 1, 1, 1, 1, 1, 1, 1, 1, 1], 'C': [1, 1, 1, 1, 1, 1, 1, 1, 1, 1], 'D': [1, 0, 1, 1, 1, 0, 1, 1, 1, 1], 'E': [1, 1, 0, 0, 1, 1, 1, 1, 1, 1], 'F': [0, 1, 1, 1, 1, 1, 1, 1, 1, 1], 'G': [1, 1, 1, 1, 1, 0, 1, 1, 0, 1], 'H': [1, 1, 1, 1, 1, 1, 1, 1, 1, 1], 'I': [1, 1, 0, 1, 1, 1, 1, 1, 1, 1], 'J': [1, 1, 1, 0, 1, 1, 1, 1, 1, 1], 'K': [0, 1, 1, 1, 1, 1, 1, 1, 1, 0]}, '东门南侧': {'A': [1, 0, 1, 1, 1, 1, 1, 1, 1, 1], 'B': [0, 0, 0, 0, 0, 0, 0, 0, 0, 0]}, '西门北侧': {'A': [1, 1, 1, 1, 1, 1, 1, 1, 1, 1], 'B': [1, 1, 1, 1, 1, 1, 1, 1, 1, 1], 'C': [1, 1, 1, 1, 1, 1, 1, 1, 1, 1]}, '西门南侧': {'A': [1, 1, 1, 1, 1, 1, 1, 1, 1, 1], 'B': [1, 1, 1, 1, 1, 1, 1, 1, 1, 1], 'C': [1, 1, 1, 1, 1, 1, 1, 1, 1, 1]}, '南门西侧': {'A': [1, 1, 1, 1, 1, 1, 1, 1, 1, 1], 'B': [1, 1, 1, 1, 1, 1, 1, 1, 1, 1]}, '南门东侧': {'A': [1, 1, 1, 1, 1, 1, 1, 1, 1, 1], 'B': [0, 1, 1, 1, 1, 1, 1, 1, 1, 1]}, '北门东北侧': {'A': [1, 1, 1, 1, 1, 1, 1, 1, 1, 1], 'B': [1, 1, 1, 1, 1, 1, 1, 1, 1, 1], 'C': [1, 1, 1, 1, 1, 1, 1, 1, 1, 1], 'D': [1, 1, 1, 1, 1, 1, 1, 1, 1, 1]}, '北门东南侧': {'A': [1, 1, 1, 1, 1, 1, 1, 1, 1, 1], 'B': [0, 0, 1, 1, 1, 1, 1, 1, 1, 1], 'C': [1, 1, 1, 1, 1, 1, 1, 1, 1, 1], 'D': [1, 1, 1, 1, 1, 1, 1, 1, 1, 1], 'E': [1, 1, 1, 1, 1, 1, 1, 1, 1, 1], 'F': [1, 1, 1, 1, 1, 1, 1, 1, 1, 1]}, '橘园北侧南': {'A': [1, 1, 1, 1, 1, 1, 1, 1, 1, 1], 'B': [0, 1, 1, 1, 1, 0, 1, 1, 1, 1], 'C': [1, 0, 1, 1, 1, 1, 1, 1, 1, 1], 'D': [1, 1, 0, 1, 1, 1, 1, 1, 1, 1], 'E': [0, 1, 1, 0, 1, 1, 1, 1, 1, 1], 'F': [1, 1, 1, 1, 0, 1, 1, 1, 1, 1], 'G': [1, 1, 1, 1, 1, 1, 1, 1, 1, 1], 'H': [1, 1, 1, 1, 1, 1, 1, 1, 1, 1], 'I': [1, 1, 1, 1, 1, 0, 1, 1, 1, 1], 'J': [1, 1, 1, 1, 1, 1, 1, 1, 1, 0]}, '校医院西': {'A': [1, 1, 1, 1, 1, 1, 1, 1, 1, 1], 'B': [1, 1, 1, 1, 1, 1, 1, 1, 1, 1], 'C': [1, 1, 1, 1, 1, 1, 1, 1, 1, 1], 'D': [1, 1, 1, 1, 1, 1, 1, 1, 1, 1], 'E': [1, 1, 1, 1, 1, 1, 1, 0, 1, 1], 'F': [1, 1, 1, 1, 0, 1, 1, 1, 1, 1], 'G': [1, 1, 1, 1, 1, 1, 1, 1, 1, 1], 'H': [1, 1, 1, 1, 1, 1, 1, 1, 1, 0], 'I': [1, 1, 1, 1, 1, 1, 1, 0, 1, 1]}}
623452	2024-07-13 08:17:21.884000+08:00	2024-07-13 08:17:21.884000+08:00	{'东门北侧': {'A': [1, 1, 1, 1, 1, 1, 1, 1, 1, 1], 'B': [1, 1, 1, 1, 1, 1, 1, 1, 1, 1], 'C': [1, 1, 1, 1, 1, 1, 1, 1, 1, 1], 'D': [1, 0, 1, 1, 1, 0, 1, 1, 1, 1], 'E': [1, 1, 0, 0, 1, 1, 1, 1, 1, 1], 'F': [0, 1, 1, 1, 1, 1, 1, 1, 1, 1], 'G': [1, 1, 1, 1, 1, 0, 1, 1, 0, 1], 'H': [1, 1, 1, 1, 1, 1, 1, 1, 1, 1], 'I': [1, 1, 0, 1, 1, 1, 1, 1, 1, 1], 'J': [1, 1, 1, 0, 1, 1, 1, 1, 1, 1], 'K': [0, 1, 1, 1, 1, 1, 1, 1, 1, 0]}, '东门南侧': {'A': [1, 0, 1, 1, 1, 1, 1, 1, 1, 1], 'B': [0, 0, 0, 0, 0, 0, 0, 0, 0, 0]}, '西门北侧': {'A': [1, 1, 1, 1, 1, 1, 1, 1, 1, 1], 'B': [1, 1, 1, 1, 1, 1, 1, 1, 1, 1], 'C': [1, 1, 1, 1, 1, 1, 1, 1, 1, 1]}, '西门南侧': {'A': [1, 1, 1, 1, 1, 1, 1, 1, 1, 1], 'B': [1, 1, 1, 1, 1, 1, 1, 1, 1, 1], 'C': [1, 1, 1, 1, 1, 1, 1, 1, 1, 1]}, '南门西侧': {'A': [1, 1, 1, 1, 1, 1, 1, 1, 1, 1], 'B': [1, 1, 1, 1, 1, 1, 1, 1, 1, 1]}, '南门东侧': {'A': [1, 1, 1, 1, 1, 1, 1, 1, 1, 1], 'B': [0, 1, 1, 1, 1, 1, 1, 1, 1, 1]}, '北门东北侧': {'A': [1, 1, 1, 1, 1, 1, 1, 1, 1, 1], 'B': [1, 1, 1, 1, 1, 1, 1, 1, 1, 1], 'C': [1, 1, 1, 1, 1, 1, 1, 1, 1, 1], 'D': [1, 1, 1, 1, 1, 1, 1, 1, 1, 1]}, '北门东南侧': {'A': [1, 1, 1, 1, 1, 1, 1, 1, 1, 1], 'B': [0, 0, 1, 1, 1, 1, 1, 1, 1, 1], 'C': [1, 1, 1, 1, 1, 1, 1, 1, 1, 1], 'D': [1, 1, 1, 1, 1, 1, 1, 1, 1, 1], 'E': [1, 1, 1, 1, 1, 1, 1, 1, 1, 1], 'F': [1, 1, 1, 1, 1, 1, 1, 1, 1, 1]}, '橘园北侧南': {'A': [1, 1, 1, 1, 1, 1, 1, 1, 1, 1], 'B': [0, 1, 1, 1, 1, 0, 1, 1, 1, 1], 'C': [1, 0, 1, 1, 1, 1, 1, 1, 1, 1], 'D': [1, 1, 1, 1, 1, 1, 1, 1, 1, 1], 'E': [0, 1, 1, 0, 1, 1, 1, 1, 1, 1], 'F': [1, 1, 1, 1, 0, 1, 1, 1, 1, 1], 'G': [1, 1, 1, 1, 1, 1, 1, 1, 1, 1], 'H': [1, 1, 1, 1, 1, 1, 1, 1, 1, 1], 'I': [1, 1, 1, 1, 1, 0, 1, 1, 1, 1], 'J': [1, 1, 1, 1, 1, 1, 1, 1, 1, 0]}, '校医院西': {'A': [1, 1, 1, 1, 1, 1, 1, 1, 1, 1], 'B': [1, 1, 1, 1, 1, 1, 1, 1, 1, 1], 'C': [1, 1, 1, 1, 1, 1, 1, 1, 1, 1], 'D': [1, 1, 1, 1, 1, 1, 1, 1, 1, 1], 'E': [1, 1, 1, 1, 1, 1, 1, 0, 1, 1], 'F': [1, 1, 1, 1, 0, 1, 1, 1, 1, 1], 'G': [1, 1, 1, 1, 1, 1, 1, 1, 1, 1], 'H': [1, 1, 1, 1, 1, 1, 1, 1, 1, 0], 'I': [1, 1, 1, 1, 1, 1, 1, 0, 1, 1]}}
623453	2024-07-13 08:18:23.842000+08:00	2024-07-13 08:18:23.842000+08:00	{'东门北侧': {'A': [1, 1, 1, 1, 1, 1, 1, 1, 1, 1], 'B': [1, 1, 1, 1, 1, 1, 1, 1, 1, 1], 'C': [1, 1, 1, 1, 1, 1, 1, 1, 1, 1], 'D': [1, 0, 1, 1, 1, 0, 1, 1, 1, 1], 'E': [1, 1, 0, 0, 1, 1, 1, 1, 1, 1], 'F': [0, 1, 1, 1, 1, 1, 1, 1, 1, 1], 'G': [1, 1, 1, 1, 1, 0, 1, 1, 0, 1], 'H': [1, 1, 1, 1, 1, 1, 1, 1, 1, 1], 'I': [1, 1, 0, 1, 1, 1, 1, 1, 1, 1], 'J': [1, 1, 1, 0, 1, 1, 1, 1, 1, 1], 'K': [0, 1, 1, 1, 1, 1, 1, 1, 1, 0]}, '东门南侧': {'A': [1, 0, 1, 1, 1, 1, 1, 1, 1, 1], 'B': [0, 0, 0, 0, 0, 0, 0, 0, 0, 0]}, '西门北侧': {'A': [1, 1, 1, 1, 1, 1, 1, 1, 1, 1], 'B': [1, 1, 1, 1, 1, 1, 1, 1, 1, 1], 'C': [1, 1, 1, 1, 1, 1, 1, 1, 1, 1]}, '西门南侧': {'A': [1, 1, 1, 1, 1, 1, 1, 1, 1, 1], 'B': [1, 1, 1, 1, 1, 1, 1, 1, 1, 1], 'C': [1, 1, 1, 1, 1, 1, 1, 1, 1, 1]}, '南门西侧': {'A': [1, 1, 1, 1, 1, 1, 1, 1, 1, 1], 'B': [1, 1, 1, 1, 1, 1, 1, 1, 1, 1]}, '南门东侧': {'A': [1, 1, 1, 1, 1, 1, 1, 1, 1, 1], 'B': [0, 1, 1, 1, 1, 1, 1, 1, 1, 1]}, '北门东北侧': {'A': [1, 1, 1, 1, 1, 1, 1, 1, 1, 1], 'B': [1, 1, 1, 1, 1, 1, 1, 1, 1, 1], 'C': [1, 1, 1, 1, 1, 1, 1, 1, 1, 1], 'D': [1, 1, 1, 1, 1, 1, 1, 1, 1, 1]}, '北门东南侧': {'A': [1, 1, 1, 1, 1, 1, 1, 1, 1, 1], 'B': [0, 0, 1, 1, 1, 1, 1, 1, 1, 1], 'C': [1, 1, 1, 1, 1, 1, 1, 1, 1, 1], 'D': [1, 1, 1, 1, 1, 1, 1, 1, 1, 1], 'E': [1, 1, 1, 1, 1, 1, 1, 1, 1, 1], 'F': [1, 1, 1, 1, 1, 1, 1, 1, 1, 1]}, '橘园北侧南': {'A': [1, 1, 1, 1, 1, 1, 1, 1, 1, 1], 'B': [0, 1, 1, 1, 1, 0, 1, 1, 1, 1], 'C': [1, 0, 1, 1, 1, 1, 1, 1, 1, 1], 'D': [1, 1, 1, 1, 1, 1, 1, 1, 1, 1], 'E': [0, 1, 1, 0, 1, 1, 1, 1, 1, 1], 'F': [1, 1, 1, 1, 0, 1, 1, 1, 1, 1], 'G': [1, 1, 1, 1, 1, 1, 1, 1, 1, 1], 'H': [1, 1, 1, 1, 1, 1, 1, 1, 1, 1], 'I': [1, 1, 1, 1, 1, 0, 1, 1, 1, 1], 'J': [1, 1, 1, 1, 1, 1, 1, 1, 1, 0]}, '校医院西': {'A': [1, 1, 1, 1, 1, 1, 1, 1, 1, 1], 'B': [1, 1, 1, 1, 1, 1, 1, 1, 1, 1], 'C': [1, 1, 1, 1, 1, 1, 1, 1, 1, 1], 'D': [1, 1, 1, 1, 1, 1, 1, 1, 1, 1], 'E': [1, 1, 1, 1, 1, 1, 1, 0, 1, 1], 'F': [1, 1, 1, 1, 0, 1, 1, 1, 1, 1], 'G': [1, 1, 1, 1, 1, 1, 1, 1, 1, 1], 'H': [1, 1, 1, 1, 1, 1, 1, 1, 1, 0], 'I': [1, 1, 1, 1, 1, 1, 1, 0, 1, 1]}}
623454	2024-07-13 08:19:22.869000+08:00	2024-07-13 08:19:22.869000+08:00	{'东门北侧': {'A': [1, 1, 1, 1, 1, 1, 1, 1, 1, 1], 'B': [1, 1, 1, 1, 1, 1, 1, 1, 1, 1], 'C': [1, 1, 1, 1, 1, 1, 1, 1, 1, 1], 'D': [1, 0, 1, 1, 1, 0, 1, 1, 1, 1], 'E': [1, 1, 0, 0, 1, 1, 1, 1, 1, 1], 'F': [0, 1, 1, 1, 1, 1, 1, 1, 1, 1], 'G': [1, 1, 1, 1, 1, 0, 1, 1, 0, 1], 'H': [1, 1, 1, 1, 1, 1, 1, 1, 1, 1], 'I': [1, 1, 0, 1, 1, 1, 1, 1, 1, 1], 'J': [1, 1, 1, 0, 1, 1, 1, 1, 1, 1], 'K': [0, 1, 1, 1, 1, 1, 1, 1, 1, 0]}, '东门南侧': {'A': [1, 0, 1, 1, 1, 1, 1, 1, 1, 1], 'B': [0, 0, 0, 0, 0, 0, 0, 0, 0, 0]}, '西门北侧': {'A': [1, 1, 1, 1, 1, 1, 1, 1, 1, 1], 'B': [1, 1, 1, 1, 1, 1, 1, 1, 1, 1], 'C': [1, 1, 1, 1, 1, 1, 1, 1, 1, 1]}, '西门南侧': {'A': [1, 1, 1, 1, 1, 1, 1, 1, 1, 1], 'B': [1, 1, 1, 1, 1, 1, 1, 1, 1, 1], 'C': [1, 1, 1, 1, 1, 1, 1, 1, 1, 1]}, '南门西侧': {'A': [1, 1, 1, 1, 1, 1, 1, 1, 1, 1], 'B': [1, 1, 1, 1, 1, 1, 1, 1, 1, 1]}, '南门东侧': {'A': [1, 1, 1, 1, 1, 1, 1, 1, 1, 1], 'B': [0, 1, 1, 1, 1, 1, 1, 1, 1, 1]}, '北门东北侧': {'A': [1, 1, 1, 1, 1, 1, 1, 1, 1, 1], 'B': [1, 1, 1, 1, 1, 1, 1, 1, 1, 1], 'C': [1, 1, 1, 1, 1, 1, 1, 1, 1, 1], 'D': [1, 1, 1, 1, 1, 1, 1, 1, 1, 1]}, '北门东南侧': {'A': [1, 1, 1, 1, 1, 1, 1, 1, 1, 1], 'B': [0, 0, 1, 1, 1, 1, 1, 1, 1, 1], 'C': [1, 1, 1, 1, 1, 1, 1, 1, 1, 1], 'D': [1, 1, 1, 1, 1, 1, 1, 1, 1, 1], 'E': [1, 1, 1, 1, 1, 1, 1, 1, 1, 1], 'F': [1, 1, 1, 1, 1, 1, 1, 1, 1, 1]}, '橘园北侧南': {'A': [1, 1, 1, 1, 1, 1, 1, 1, 1, 1], 'B': [0, 1, 1, 1, 1, 0, 1, 1, 1, 1], 'C': [1, 0, 1, 1, 1, 1, 1, 1, 1, 1], 'D': [1, 1, 1, 1, 1, 1, 1, 1, 1, 1], 'E': [0, 1, 1, 0, 1, 1, 1, 1, 1, 1], 'F': [1, 1, 1, 1, 0, 1, 1, 1, 1, 1], 'G': [1, 1, 1, 1, 1, 1, 1, 1, 1, 1], 'H': [1, 1, 1, 1, 1, 1, 1, 1, 1, 1], 'I': [1, 1, 1, 1, 1, 0, 1, 1, 1, 1], 'J': [1, 1, 1, 1, 1, 1, 1, 1, 1, 0]}, '校医院西': {'A': [1, 1, 1, 1, 1, 1, 1, 1, 1, 1], 'B': [1, 1, 1, 1, 1, 1, 1, 1, 1, 1], 'C': [1, 1, 1, 1, 1, 1, 1, 1, 1, 1], 'D': [1, 1, 1, 1, 1, 1, 1, 1, 1, 1], 'E': [1, 1, 1, 1, 1, 1, 1, 0, 1, 1], 'F': [1, 1, 1, 1, 0, 1, 1, 1, 1, 1], 'G': [1, 1, 1, 1, 1, 1, 1, 1, 1, 1], 'H': [1, 1, 1, 1, 1, 1, 1, 1, 1, 0], 'I': [1, 1, 1, 1, 1, 1, 1, 0, 1, 1]}}
623455	2024-07-13 08:20:20.841000+08:00	2024-07-13 08:20:20.841000+08:00	{'东门北侧': {'A': [1, 1, 1, 1, 1, 1, 1, 1, 1, 1], 'B': [1, 1, 1, 1, 1, 1, 1, 1, 1, 1], 'C': [1, 1, 1, 1, 1, 1, 1, 1, 1, 1], 'D': [1, 0, 1, 1, 1, 0, 1, 1, 1, 1], 'E': [1, 1, 0, 0, 1, 1, 1, 1, 1, 1], 'F': [0, 1, 1, 1, 1, 1, 1, 1, 1, 1], 'G': [1, 1, 1, 1, 1, 0, 1, 1, 0, 1], 'H': [1, 1, 1, 1, 1, 1, 1, 1, 1, 1], 'I': [1, 1, 0, 1, 1, 1, 1, 1, 1, 1], 'J': [1, 1, 1, 0, 1, 1, 1, 1, 1, 1], 'K': [0, 1, 1, 1, 1, 1, 1, 1, 1, 0]}, '东门南侧': {'A': [1, 0, 1, 1, 1, 1, 1, 1, 1, 1], 'B': [0, 0, 0, 0, 0, 0, 0, 0, 0, 0]}, '西门北侧': {'A': [1, 1, 1, 1, 1, 1, 1, 1, 1, 1], 'B': [1, 1, 1, 1, 1, 1, 1, 1, 1, 1], 'C': [1, 1, 1, 1, 1, 1, 1, 1, 1, 1]}, '西门南侧': {'A': [1, 1, 1, 1, 1, 1, 1, 1, 1, 1], 'B': [1, 1, 1, 1, 1, 1, 1, 1, 1, 1], 'C': [1, 1, 1, 1, 1, 1, 1, 1, 1, 1]}, '南门西侧': {'A': [1, 1, 1, 1, 1, 1, 1, 1, 1, 1], 'B': [1, 1, 1, 1, 1, 1, 1, 1, 1, 1]}, '南门东侧': {'A': [1, 1, 1, 1, 1, 1, 1, 1, 1, 1], 'B': [0, 1, 1, 1, 1, 1, 1, 1, 1, 1]}, '北门东北侧': {'A': [1, 1, 1, 1, 1, 1, 1, 1, 1, 1], 'B': [1, 1, 1, 1, 1, 1, 1, 1, 1, 1], 'C': [1, 1, 1, 1, 1, 1, 1, 1, 1, 1], 'D': [1, 1, 1, 1, 1, 1, 1, 1, 1, 1]}, '北门东南侧': {'A': [1, 1, 1, 1, 1, 1, 1, 1, 1, 1], 'B': [0, 0, 1, 1, 1, 1, 1, 1, 1, 1], 'C': [1, 1, 1, 1, 1, 1, 1, 1, 1, 1], 'D': [1, 1, 1, 1, 1, 1, 1, 1, 1, 1], 'E': [1, 1, 1, 1, 1, 1, 1, 1, 1, 1], 'F': [1, 1, 1, 1, 1, 1, 1, 1, 1, 1]}, '橘园北侧南': {'A': [1, 1, 1, 1, 1, 1, 1, 1, 1, 1], 'B': [0, 1, 1, 1, 1, 0, 1, 1, 1, 1], 'C': [1, 0, 1, 1, 1, 1, 1, 1, 1, 1], 'D': [1, 1, 1, 1, 1, 1, 1, 1, 1, 1], 'E': [0, 1, 1, 0, 1, 1, 1, 1, 1, 1], 'F': [1, 1, 1, 1, 0, 1, 1, 1, 1, 1], 'G': [1, 1, 1, 1, 1, 1, 1, 1, 1, 1], 'H': [1, 1, 1, 1, 1, 1, 1, 1, 1, 1], 'I': [1, 1, 1, 1, 1, 0, 1, 1, 1, 1], 'J': [1, 1, 1, 1, 1, 1, 1, 1, 1, 0]}, '校医院西': {'A': [1, 1, 1, 1, 1, 1, 1, 1, 1, 1], 'B': [1, 1, 1, 1, 1, 1, 1, 1, 1, 1], 'C': [1, 1, 1, 1, 1, 1, 1, 1, 1, 1], 'D': [1, 1, 1, 1, 1, 1, 1, 1, 1, 1], 'E': [1, 1, 1, 1, 1, 1, 1, 0, 1, 1], 'F': [1, 1, 1, 1, 0, 1, 1, 1, 1, 1], 'G': [1, 1, 1, 1, 1, 1, 1, 1, 1, 1], 'H': [1, 1, 1, 1, 1, 1, 1, 1, 1, 0], 'I': [1, 1, 1, 1, 1, 1, 1, 0, 1, 1]}}
623456	2024-07-13 08:21:21.878000+08:00	2024-07-13 08:21:21.878000+08:00	{'东门北侧': {'A': [1, 1, 1, 1, 1, 1, 1, 1, 1, 1], 'B': [1, 1, 1, 1, 1, 1, 1, 1, 1, 1], 'C': [1, 1, 1, 1, 1, 1, 1, 1, 1, 1], 'D': [1, 0, 1, 1, 1, 0, 1, 1, 1, 1], 'E': [1, 1, 0, 0, 1, 1, 1, 1, 1, 1], 'F': [0, 1, 1, 1, 1, 1, 1, 1, 1, 1], 'G': [1, 1, 1, 1, 1, 0, 1, 1, 0, 1], 'H': [1, 1, 1, 1, 1, 1, 1, 1, 1, 1], 'I': [1, 1, 0, 1, 1, 1, 1, 1, 1, 1], 'J': [1, 1, 1, 0, 1, 1, 1, 1, 1, 1], 'K': [0, 1, 1, 1, 1, 1, 1, 1, 1, 0]}, '东门南侧': {'A': [1, 0, 1, 1, 1, 1, 1, 1, 1, 1], 'B': [0, 0, 0, 0, 0, 0, 0, 0, 0, 0]}, '西门北侧': {'A': [1, 1, 1, 1, 1, 1, 1, 1, 1, 1], 'B': [1, 1, 1, 1, 1, 1, 1, 1, 1, 1], 'C': [1, 1, 1, 1, 1, 1, 1, 1, 1, 1]}, '西门南侧': {'A': [1, 1, 1, 1, 1, 1, 1, 1, 1, 1], 'B': [1, 1, 1, 1, 1, 1, 1, 1, 1, 1], 'C': [1, 1, 1, 1, 1, 1, 1, 1, 1, 1]}, '南门西侧': {'A': [1, 1, 1, 1, 1, 1, 1, 1, 1, 1], 'B': [1, 1, 1, 1, 1, 1, 1, 1, 1, 1]}, '南门东侧': {'A': [1, 1, 1, 1, 1, 1, 1, 1, 1, 1], 'B': [0, 1, 1, 1, 1, 1, 1, 1, 1, 1]}, '北门东北侧': {'A': [1, 1, 1, 1, 1, 1, 1, 1, 1, 1], 'B': [1, 1, 1, 1, 1, 1, 1, 1, 1, 1], 'C': [1, 1, 1, 1, 1, 1, 1, 1, 1, 1], 'D': [1, 1, 1, 1, 1, 1, 1, 1, 1, 1]}, '北门东南侧': {'A': [1, 1, 1, 1, 1, 1, 1, 1, 1, 1], 'B': [0, 0, 1, 1, 1, 1, 1, 1, 1, 1], 'C': [1, 1, 1, 1, 1, 1, 1, 1, 1, 1], 'D': [1, 1, 1, 1, 1, 1, 1, 1, 1, 1], 'E': [1, 1, 1, 1, 1, 1, 1, 1, 1, 1], 'F': [1, 1, 1, 1, 1, 1, 1, 1, 1, 1]}, '橘园北侧南': {'A': [1, 1, 1, 1, 1, 1, 1, 1, 1, 1], 'B': [0, 1, 1, 1, 1, 0, 1, 1, 1, 1], 'C': [1, 0, 1, 1, 1, 1, 1, 1, 1, 1], 'D': [1, 1, 1, 1, 1, 1, 1, 1, 1, 1], 'E': [0, 1, 1, 0, 1, 1, 1, 1, 1, 1], 'F': [1, 1, 1, 1, 0, 1, 1, 1, 1, 1], 'G': [1, 1, 1, 1, 1, 1, 1, 1, 1, 1], 'H': [1, 1, 1, 1, 1, 1, 1, 1, 1, 1], 'I': [1, 1, 1, 1, 1, 0, 1, 1, 1, 1], 'J': [1, 1, 1, 1, 1, 1, 1, 1, 1, 0]}, '校医院西': {'A': [1, 1, 1, 1, 1, 1, 1, 1, 1, 1], 'B': [1, 1, 1, 1, 1, 1, 1, 1, 1, 1], 'C': [1, 1, 1, 1, 1, 1, 1, 1, 1, 1], 'D': [1, 1, 1, 1, 1, 1, 1, 1, 1, 1], 'E': [1, 1, 1, 1, 1, 1, 1, 0, 1, 1], 'F': [1, 1, 1, 1, 0, 1, 1, 1, 1, 1], 'G': [1, 1, 1, 1, 1, 1, 1, 1, 1, 1], 'H': [1, 1, 1, 1, 1, 1, 1, 1, 1, 0], 'I': [1, 1, 1, 1, 1, 1, 1, 0, 1, 1]}}
623457	2024-07-13 08:22:21.922000+08:00	2024-07-13 08:22:21.922000+08:00	{'东门北侧': {'A': [1, 1, 1, 1, 1, 1, 1, 1, 1, 1], 'B': [1, 1, 1, 1, 1, 1, 1, 1, 1, 1], 'C': [1, 1, 1, 1, 1, 1, 1, 1, 1, 1], 'D': [1, 0, 1, 1, 1, 0, 1, 1, 1, 1], 'E': [1, 1, 0, 1, 1, 1, 1, 1, 1, 1], 'F': [0, 1, 1, 1, 1, 1, 1, 1, 1, 1], 'G': [1, 1, 1, 1, 1, 0, 1, 1, 1, 1], 'H': [1, 1, 1, 1, 1, 1, 1, 1, 1, 1], 'I': [1, 1, 0, 1, 1, 1, 1, 1, 1, 1], 'J': [1, 1, 1, 0, 1, 1, 1, 1, 1, 1], 'K': [0, 1, 1, 1, 1, 1, 1, 1, 1, 0]}, '东门南侧': {'A': [1, 0, 1, 1, 1, 1, 1, 1, 1, 1], 'B': [0, 0, 0, 0, 0, 0, 0, 0, 0, 0]}, '西门北侧': {'A': [1, 1, 1, 1, 1, 1, 1, 1, 1, 1], 'B': [1, 1, 1, 1, 1, 1, 1, 1, 1, 1], 'C': [1, 1, 1, 1, 1, 1, 1, 1, 1, 1]}, '西门南侧': {'A': [1, 1, 1, 1, 1, 1, 1, 1, 1, 1], 'B': [1, 1, 1, 1, 1, 1, 1, 1, 1, 1], 'C': [1, 1, 1, 1, 1, 1, 1, 1, 1, 1]}, '南门西侧': {'A': [1, 1, 1, 1, 1, 1, 1, 1, 1, 1], 'B': [1, 1, 1, 1, 1, 1, 1, 1, 1, 1]}, '南门东侧': {'A': [1, 1, 1, 1, 1, 1, 1, 1, 1, 1], 'B': [0, 1, 1, 1, 1, 1, 1, 1, 1, 1]}, '北门东北侧': {'A': [1, 1, 1, 1, 1, 1, 1, 1, 1, 1], 'B': [1, 1, 1, 1, 1, 1, 1, 1, 1, 1], 'C': [1, 1, 1, 1, 1, 1, 1, 1, 1, 1], 'D': [1, 1, 1, 1, 1, 1, 1, 1, 1, 1]}, '北门东南侧': {'A': [1, 1, 1, 1, 1, 1, 1, 1, 1, 1], 'B': [0, 0, 1, 1, 1, 1, 1, 1, 1, 1], 'C': [1, 1, 1, 1, 1, 1, 1, 1, 1, 1], 'D': [1, 1, 1, 1, 1, 1, 1, 1, 1, 1], 'E': [1, 1, 1, 1, 1, 1, 1, 1, 1, 1], 'F': [1, 1, 1, 1, 1, 1, 1, 1, 1, 1]}, '橘园北侧南': {'A': [1, 1, 1, 1, 1, 1, 1, 1, 1, 1], 'B': [0, 1, 1, 1, 1, 0, 1, 1, 1, 1], 'C': [1, 0, 1, 1, 1, 1, 1, 1, 1, 1], 'D': [1, 1, 1, 1, 1, 1, 1, 1, 1, 1], 'E': [0, 1, 1, 0, 1, 1, 1, 1, 1, 1], 'F': [1, 1, 1, 1, 0, 1, 1, 1, 1, 1], 'G': [1, 1, 1, 1, 1, 1, 1, 1, 1, 1], 'H': [1, 1, 1, 1, 1, 1, 1, 1, 1, 1], 'I': [1, 1, 1, 1, 1, 0, 1, 1, 1, 1], 'J': [1, 1, 1, 1, 1, 1, 1, 1, 1, 0]}, '校医院西': {'A': [1, 1, 1, 1, 1, 1, 1, 1, 1, 1], 'B': [1, 1, 1, 1, 1, 1, 1, 1, 1, 1], 'C': [1, 1, 1, 1, 1, 1, 1, 1, 1, 1], 'D': [1, 1, 1, 1, 1, 1, 1, 1, 1, 1], 'E': [1, 1, 1, 1, 1, 1, 1, 0, 1, 1], 'F': [1, 1, 1, 1, 0, 1, 1, 1, 1, 1], 'G': [1, 1, 1, 1, 1, 1, 1, 1, 1, 1], 'H': [1, 1, 1, 1, 1, 1, 1, 1, 1, 0], 'I': [1, 1, 1, 1, 1, 1, 1, 0, 1, 1]}}
623458	2024-07-13 08:23:20.910000+08:00	2024-07-13 08:23:20.910000+08:00	{'东门北侧': {'A': [1, 1, 1, 1, 1, 1, 1, 1, 1, 1], 'B': [1, 1, 1, 1, 1, 1, 1, 1, 1, 1], 'C': [1, 1, 1, 1, 1, 1, 1, 1, 1, 1], 'D': [1, 0, 1, 1, 1, 0, 1, 1, 1, 1], 'E': [1, 1, 0, 1, 1, 1, 1, 1, 1, 1], 'F': [0, 1, 1, 1, 1, 1, 1, 1, 1, 1], 'G': [1, 1, 1, 1, 1, 0, 1, 1, 1, 1], 'H': [1, 1, 1, 1, 1, 1, 1, 1, 1, 1], 'I': [1, 1, 0, 1, 1, 1, 1, 1, 1, 1], 'J': [1, 1, 1, 0, 1, 1, 1, 1, 1, 1], 'K': [0, 1, 1, 1, 1, 1, 1, 1, 1, 0]}, '东门南侧': {'A': [1, 0, 1, 1, 1, 1, 1, 1, 1, 1], 'B': [0, 0, 0, 0, 0, 0, 0, 0, 0, 0]}, '西门北侧': {'A': [1, 1, 1, 1, 1, 1, 1, 1, 1, 1], 'B': [1, 1, 1, 1, 1, 1, 1, 1, 1, 1], 'C': [1, 1, 1, 1, 1, 1, 1, 1, 1, 1]}, '西门南侧': {'A': [1, 1, 1, 1, 1, 1, 1, 1, 1, 1], 'B': [1, 1, 1, 1, 1, 1, 1, 1, 1, 1], 'C': [1, 1, 1, 1, 1, 1, 1, 1, 1, 1]}, '南门西侧': {'A': [1, 1, 1, 1, 1, 1, 1, 1, 1, 1], 'B': [1, 1, 1, 1, 1, 1, 1, 1, 1, 1]}, '南门东侧': {'A': [1, 1, 1, 1, 1, 1, 1, 1, 1, 1], 'B': [0, 1, 1, 1, 1, 1, 1, 1, 1, 1]}, '北门东北侧': {'A': [1, 1, 1, 1, 1, 1, 1, 1, 1, 1], 'B': [1, 1, 1, 1, 1, 1, 1, 1, 1, 1], 'C': [1, 1, 1, 1, 1, 1, 1, 1, 1, 1], 'D': [1, 1, 1, 1, 1, 1, 1, 1, 1, 1]}, '北门东南侧': {'A': [1, 1, 1, 1, 1, 1, 1, 1, 1, 1], 'B': [0, 0, 1, 1, 1, 1, 1, 1, 1, 1], 'C': [1, 1, 1, 1, 1, 1, 1, 1, 1, 1], 'D': [1, 1, 1, 1, 1, 1, 1, 1, 1, 1], 'E': [1, 1, 1, 1, 1, 1, 1, 1, 1, 1], 'F': [1, 1, 1, 1, 1, 1, 1, 1, 1, 1]}, '橘园北侧南': {'A': [1, 1, 1, 1, 1, 1, 1, 1, 1, 1], 'B': [0, 1, 1, 1, 1, 0, 1, 1, 1, 1], 'C': [1, 0, 1, 1, 1, 1, 1, 1, 1, 1], 'D': [1, 1, 1, 1, 1, 1, 1, 1, 1, 1], 'E': [0, 1, 1, 0, 1, 1, 1, 1, 1, 1], 'F': [1, 1, 1, 1, 0, 1, 1, 1, 1, 1], 'G': [1, 1, 1, 1, 1, 1, 1, 1, 1, 1], 'H': [1, 1, 1, 1, 1, 1, 1, 1, 1, 1], 'I': [1, 1, 1, 1, 1, 0, 1, 1, 1, 1], 'J': [1, 1, 1, 1, 1, 1, 1, 1, 1, 0]}, '校医院西': {'A': [1, 1, 1, 1, 1, 1, 1, 1, 1, 1], 'B': [1, 1, 1, 1, 1, 1, 1, 1, 1, 1], 'C': [1, 1, 1, 1, 1, 1, 1, 1, 1, 1], 'D': [1, 1, 1, 1, 1, 1, 1, 1, 1, 1], 'E': [1, 1, 1, 1, 1, 1, 1, 0, 1, 1], 'F': [1, 1, 1, 1, 0, 1, 1, 1, 1, 1], 'G': [1, 1, 1, 1, 1, 1, 1, 1, 1, 1], 'H': [1, 1, 1, 1, 1, 1, 1, 1, 1, 0], 'I': [1, 1, 1, 1, 1, 1, 1, 0, 1, 1]}}
623459	2024-07-13 08:24:22.880000+08:00	2024-07-13 08:24:22.880000+08:00	{'东门北侧': {'A': [1, 1, 1, 1, 1, 1, 1, 1, 1, 1], 'B': [1, 1, 1, 1, 1, 1, 1, 1, 1, 1], 'C': [1, 1, 1, 1, 1, 1, 1, 1, 1, 1], 'D': [1, 0, 1, 1, 1, 0, 1, 1, 1, 1], 'E': [1, 1, 0, 1, 1, 1, 1, 1, 1, 1], 'F': [0, 1, 1, 1, 1, 1, 1, 1, 1, 1], 'G': [1, 1, 1, 1, 1, 0, 1, 1, 1, 1], 'H': [1, 1, 1, 1, 1, 1, 1, 1, 1, 1], 'I': [1, 1, 0, 1, 1, 1, 1, 1, 1, 1], 'J': [1, 1, 1, 0, 1, 1, 1, 1, 1, 1], 'K': [0, 1, 1, 1, 1, 1, 1, 1, 1, 0]}, '东门南侧': {'A': [1, 0, 1, 1, 1, 1, 1, 1, 1, 1], 'B': [0, 0, 0, 0, 0, 0, 0, 0, 0, 0]}, '西门北侧': {'A': [1, 1, 1, 1, 1, 1, 1, 1, 1, 1], 'B': [1, 1, 1, 1, 1, 1, 1, 1, 1, 1], 'C': [1, 1, 1, 1, 1, 1, 1, 1, 1, 1]}, '西门南侧': {'A': [1, 1, 1, 1, 1, 1, 1, 1, 1, 1], 'B': [1, 1, 1, 1, 1, 1, 1, 1, 1, 1], 'C': [1, 1, 1, 1, 1, 1, 1, 1, 1, 1]}, '南门西侧': {'A': [1, 1, 1, 1, 1, 1, 1, 1, 1, 1], 'B': [1, 1, 1, 1, 1, 1, 1, 1, 1, 1]}, '南门东侧': {'A': [1, 1, 1, 1, 1, 1, 1, 1, 1, 1], 'B': [0, 1, 1, 1, 1, 1, 1, 1, 1, 1]}, '北门东北侧': {'A': [1, 1, 1, 1, 1, 1, 1, 1, 1, 1], 'B': [1, 1, 1, 1, 1, 1, 1, 1, 1, 1], 'C': [1, 1, 1, 1, 1, 1, 1, 1, 1, 1], 'D': [1, 1, 1, 1, 1, 1, 1, 1, 1, 1]}, '北门东南侧': {'A': [1, 1, 1, 1, 1, 1, 1, 1, 1, 1], 'B': [0, 0, 1, 1, 1, 1, 1, 1, 1, 1], 'C': [1, 1, 1, 1, 1, 1, 1, 1, 1, 1], 'D': [1, 1, 1, 1, 1, 1, 1, 1, 1, 1], 'E': [1, 1, 1, 1, 1, 1, 1, 1, 1, 1], 'F': [1, 1, 1, 1, 1, 1, 1, 1, 1, 1]}, '橘园北侧南': {'A': [1, 1, 1, 1, 1, 1, 1, 1, 1, 1], 'B': [0, 1, 1, 1, 1, 0, 1, 1, 1, 1], 'C': [1, 0, 1, 1, 1, 1, 1, 1, 1, 1], 'D': [1, 1, 1, 1, 1, 1, 1, 1, 1, 1], 'E': [0, 1, 1, 0, 1, 1, 1, 1, 1, 1], 'F': [1, 1, 1, 1, 0, 1, 1, 1, 1, 1], 'G': [1, 1, 1, 1, 1, 1, 1, 1, 1, 1], 'H': [1, 1, 1, 1, 1, 1, 1, 1, 1, 1], 'I': [1, 1, 1, 1, 1, 1, 1, 1, 1, 1], 'J': [1, 1, 1, 1, 1, 1, 1, 1, 1, 0]}, '校医院西': {'A': [1, 1, 1, 1, 1, 1, 1, 1, 1, 1], 'B': [1, 1, 1, 1, 1, 1, 1, 1, 1, 1], 'C': [1, 1, 1, 1, 1, 1, 1, 1, 1, 1], 'D': [1, 1, 1, 1, 1, 1, 1, 1, 1, 1], 'E': [1, 1, 1, 1, 1, 1, 1, 0, 1, 1], 'F': [1, 1, 1, 1, 0, 1, 1, 1, 1, 1], 'G': [1, 1, 1, 1, 1, 1, 1, 1, 1, 1], 'H': [1, 1, 1, 1, 1, 1, 1, 1, 1, 0], 'I': [1, 1, 1, 1, 1, 1, 1, 0, 1, 1]}}
623460	2024-07-13 08:25:23.877000+08:00	2024-07-13 08:25:23.877000+08:00	{'东门北侧': {'A': [1, 1, 1, 1, 1, 1, 1, 1, 1, 1], 'B': [1, 1, 1, 1, 1, 1, 1, 1, 1, 1], 'C': [1, 1, 1, 1, 1, 1, 1, 1, 1, 1], 'D': [1, 0, 1, 1, 1, 0, 1, 1, 1, 1], 'E': [1, 1, 0, 1, 1, 1, 1, 1, 1, 1], 'F': [0, 1, 1, 1, 1, 1, 1, 1, 1, 1], 'G': [1, 1, 1, 1, 1, 0, 1, 1, 1, 1], 'H': [1, 1, 1, 1, 1, 1, 1, 1, 1, 1], 'I': [1, 1, 0, 1, 1, 1, 1, 1, 1, 1], 'J': [1, 1, 1, 0, 1, 1, 1, 1, 1, 1], 'K': [0, 1, 1, 1, 1, 1, 1, 1, 1, 0]}, '东门南侧': {'A': [1, 0, 1, 1, 1, 1, 1, 1, 1, 1], 'B': [0, 0, 0, 0, 0, 0, 0, 0, 0, 0]}, '西门北侧': {'A': [1, 1, 1, 1, 1, 1, 1, 1, 1, 1], 'B': [1, 1, 1, 1, 1, 1, 1, 1, 1, 1], 'C': [1, 1, 1, 1, 1, 1, 1, 1, 1, 1]}, '西门南侧': {'A': [1, 1, 1, 1, 1, 1, 1, 1, 1, 1], 'B': [1, 1, 1, 1, 1, 1, 1, 1, 1, 1], 'C': [1, 1, 1, 1, 1, 1, 1, 1, 1, 1]}, '南门西侧': {'A': [1, 1, 1, 1, 1, 1, 1, 1, 1, 1], 'B': [1, 1, 1, 1, 1, 1, 1, 1, 1, 1]}, '南门东侧': {'A': [1, 1, 1, 1, 1, 1, 1, 1, 1, 1], 'B': [0, 1, 1, 1, 1, 1, 1, 1, 1, 1]}, '北门东北侧': {'A': [1, 1, 1, 1, 1, 1, 1, 1, 1, 1], 'B': [1, 1, 1, 1, 1, 1, 1, 1, 1, 1], 'C': [1, 1, 1, 1, 1, 1, 1, 1, 1, 1], 'D': [1, 1, 1, 1, 1, 1, 1, 1, 1, 1]}, '北门东南侧': {'A': [1, 1, 1, 1, 1, 1, 1, 1, 1, 1], 'B': [0, 0, 1, 1, 1, 1, 1, 1, 1, 1], 'C': [1, 1, 1, 1, 1, 1, 1, 1, 1, 1], 'D': [1, 1, 1, 1, 1, 1, 1, 1, 1, 1], 'E': [1, 1, 1, 1, 1, 1, 1, 1, 1, 1], 'F': [1, 1, 1, 1, 1, 1, 1, 1, 1, 1]}, '橘园北侧南': {'A': [1, 1, 1, 1, 1, 1, 1, 1, 1, 1], 'B': [0, 1, 1, 1, 1, 0, 1, 1, 1, 1], 'C': [1, 0, 1, 1, 1, 1, 1, 1, 1, 1], 'D': [1, 1, 1, 1, 1, 1, 1, 1, 1, 1], 'E': [0, 1, 1, 0, 1, 1, 1, 1, 1, 1], 'F': [1, 1, 1, 1, 0, 1, 1, 1, 1, 1], 'G': [1, 1, 1, 1, 1, 1, 1, 1, 1, 1], 'H': [1, 1, 1, 1, 1, 1, 1, 1, 1, 1], 'I': [1, 1, 1, 1, 1, 1, 1, 1, 1, 1], 'J': [1, 1, 1, 1, 1, 1, 1, 1, 1, 0]}, '校医院西': {'A': [1, 1, 1, 1, 1, 1, 1, 1, 1, 1], 'B': [1, 1, 1, 1, 1, 1, 1, 1, 1, 1], 'C': [1, 1, 1, 1, 1, 1, 1, 1, 1, 1], 'D': [1, 1, 1, 1, 1, 1, 1, 1, 1, 1], 'E': [1, 1, 1, 1, 1, 1, 1, 0, 1, 1], 'F': [1, 1, 1, 1, 1, 1, 1, 1, 1, 1], 'G': [1, 1, 1, 1, 1, 1, 1, 1, 1, 1], 'H': [1, 1, 1, 1, 1, 1, 1, 1, 1, 0], 'I': [1, 1, 1, 1, 1, 1, 1, 0, 1, 1]}}
623461	2024-07-13 08:26:20.904000+08:00	2024-07-13 08:26:20.904000+08:00	{'东门北侧': {'A': [1, 1, 1, 1, 1, 1, 1, 1, 1, 1], 'B': [1, 1, 1, 1, 1, 1, 1, 1, 1, 1], 'C': [1, 1, 1, 1, 1, 1, 1, 1, 1, 1], 'D': [1, 0, 1, 1, 1, 1, 1, 1, 1, 1], 'E': [1, 1, 0, 1, 1, 1, 1, 1, 1, 1], 'F': [0, 1, 1, 1, 1, 1, 1, 1, 1, 1], 'G': [1, 1, 1, 1, 1, 0, 1, 1, 1, 1], 'H': [1, 1, 1, 1, 1, 1, 1, 1, 1, 1], 'I': [1, 1, 0, 1, 1, 1, 1, 1, 1, 1], 'J': [1, 1, 1, 0, 1, 1, 1, 1, 1, 1], 'K': [0, 1, 1, 1, 1, 1, 1, 1, 1, 0]}, '东门南侧': {'A': [1, 0, 1, 1, 1, 1, 1, 1, 1, 1], 'B': [0, 0, 0, 0, 0, 0, 0, 0, 0, 0]}, '西门北侧': {'A': [1, 1, 1, 1, 1, 1, 1, 1, 1, 1], 'B': [1, 1, 1, 1, 1, 1, 1, 1, 1, 1], 'C': [1, 1, 1, 1, 1, 1, 1, 1, 1, 1]}, '西门南侧': {'A': [1, 1, 1, 1, 1, 1, 1, 1, 1, 1], 'B': [1, 1, 1, 1, 1, 1, 1, 1, 1, 1], 'C': [1, 1, 1, 1, 1, 1, 1, 1, 1, 1]}, '南门西侧': {'A': [1, 1, 1, 1, 1, 1, 1, 1, 1, 1], 'B': [1, 1, 1, 1, 1, 1, 1, 1, 1, 1]}, '南门东侧': {'A': [1, 1, 1, 1, 1, 1, 1, 1, 1, 1], 'B': [0, 1, 1, 1, 1, 1, 1, 1, 1, 1]}, '北门东北侧': {'A': [1, 1, 1, 1, 1, 1, 1, 1, 1, 1], 'B': [1, 1, 1, 1, 1, 1, 1, 1, 1, 1], 'C': [1, 1, 1, 1, 1, 1, 1, 1, 1, 1], 'D': [1, 1, 1, 1, 1, 1, 1, 1, 1, 1]}, '北门东南侧': {'A': [1, 1, 1, 1, 1, 1, 1, 1, 1, 1], 'B': [0, 0, 1, 1, 1, 1, 1, 1, 1, 1], 'C': [1, 1, 1, 1, 1, 1, 1, 1, 1, 1], 'D': [1, 1, 1, 1, 1, 1, 1, 1, 1, 1], 'E': [1, 1, 1, 1, 1, 1, 1, 1, 1, 1], 'F': [1, 1, 1, 1, 1, 1, 1, 1, 1, 1]}, '橘园北侧南': {'A': [1, 1, 1, 1, 1, 1, 1, 1, 1, 1], 'B': [0, 1, 1, 1, 1, 0, 1, 1, 1, 1], 'C': [1, 0, 1, 1, 1, 1, 1, 1, 1, 1], 'D': [1, 1, 1, 1, 1, 1, 1, 1, 1, 1], 'E': [0, 1, 1, 0, 1, 1, 1, 1, 1, 1], 'F': [1, 1, 1, 1, 0, 1, 1, 1, 1, 1], 'G': [1, 1, 1, 1, 1, 1, 1, 1, 1, 1], 'H': [1, 1, 1, 1, 1, 1, 1, 1, 1, 1], 'I': [1, 1, 1, 1, 1, 1, 1, 1, 1, 1], 'J': [1, 1, 1, 1, 1, 1, 1, 1, 1, 0]}, '校医院西': {'A': [1, 1, 1, 1, 1, 1, 1, 1, 1, 1], 'B': [1, 1, 1, 1, 1, 1, 1, 1, 1, 1], 'C': [1, 1, 1, 1, 1, 1, 1, 1, 1, 1], 'D': [1, 1, 1, 1, 1, 1, 1, 1, 1, 1], 'E': [1, 1, 1, 1, 1, 1, 1, 0, 1, 1], 'F': [1, 1, 1, 1, 1, 1, 1, 1, 1, 1], 'G': [1, 1, 1, 1, 1, 1, 1, 1, 1, 1], 'H': [1, 1, 1, 1, 1, 1, 1, 1, 1, 0], 'I': [1, 1, 1, 1, 1, 1, 1, 0, 1, 1]}}
623462	2024-07-13 08:27:23.886000+08:00	2024-07-13 08:27:23.886000+08:00	{'东门北侧': {'A': [1, 1, 1, 1, 1, 1, 1, 1, 1, 1], 'B': [1, 1, 1, 1, 1, 1, 1, 1, 1, 1], 'C': [1, 1, 1, 1, 1, 1, 1, 1, 1, 1], 'D': [1, 0, 1, 1, 1, 1, 1, 1, 1, 1], 'E': [1, 1, 0, 1, 1, 1, 1, 1, 1, 1], 'F': [0, 1, 1, 1, 1, 1, 1, 1, 1, 1], 'G': [1, 1, 1, 1, 1, 1, 1, 1, 1, 1], 'H': [1, 1, 1, 1, 1, 1, 1, 1, 1, 1], 'I': [1, 1, 0, 1, 1, 1, 1, 1, 1, 1], 'J': [1, 1, 1, 0, 1, 1, 1, 1, 1, 1], 'K': [0, 1, 1, 1, 1, 1, 1, 1, 1, 0]}, '东门南侧': {'A': [1, 0, 1, 1, 1, 1, 1, 1, 1, 1], 'B': [0, 0, 0, 0, 0, 0, 0, 0, 0, 0]}, '西门北侧': {'A': [1, 1, 1, 1, 1, 1, 1, 1, 1, 1], 'B': [1, 1, 1, 1, 1, 1, 1, 1, 1, 1], 'C': [1, 1, 1, 1, 1, 1, 1, 1, 1, 1]}, '西门南侧': {'A': [1, 1, 1, 1, 1, 1, 1, 1, 1, 1], 'B': [1, 1, 1, 1, 1, 1, 1, 1, 1, 1], 'C': [1, 1, 1, 1, 1, 1, 1, 1, 1, 1]}, '南门西侧': {'A': [1, 1, 1, 1, 1, 1, 1, 1, 1, 1], 'B': [1, 1, 1, 1, 1, 1, 1, 1, 1, 1]}, '南门东侧': {'A': [1, 1, 1, 1, 1, 1, 1, 1, 1, 1], 'B': [0, 1, 1, 1, 1, 1, 1, 1, 1, 1]}, '北门东北侧': {'A': [1, 1, 1, 1, 1, 1, 1, 1, 1, 1], 'B': [1, 1, 1, 1, 1, 1, 1, 1, 1, 1], 'C': [1, 1, 1, 1, 1, 1, 1, 1, 1, 1], 'D': [1, 1, 1, 1, 1, 1, 1, 1, 1, 1]}, '北门东南侧': {'A': [1, 1, 1, 1, 1, 1, 1, 1, 1, 1], 'B': [0, 0, 1, 1, 1, 1, 1, 1, 1, 1], 'C': [1, 1, 1, 1, 1, 1, 1, 1, 1, 1], 'D': [1, 1, 1, 1, 1, 1, 1, 1, 1, 1], 'E': [1, 1, 1, 1, 1, 1, 1, 1, 1, 1], 'F': [1, 1, 1, 1, 1, 1, 1, 1, 1, 1]}, '橘园北侧南': {'A': [1, 1, 1, 1, 1, 1, 1, 1, 1, 1], 'B': [0, 1, 1, 1, 1, 0, 1, 1, 1, 1], 'C': [1, 0, 1, 1, 1, 1, 1, 1, 1, 1], 'D': [1, 1, 1, 1, 1, 1, 1, 1, 1, 1], 'E': [0, 1, 1, 1, 1, 1, 1, 1, 1, 1], 'F': [1, 1, 1, 1, 0, 1, 1, 1, 1, 1], 'G': [1, 1, 1, 1, 1, 1, 1, 1, 1, 1], 'H': [1, 1, 1, 1, 1, 1, 1, 1, 1, 1], 'I': [1, 1, 1, 1, 1, 1, 1, 1, 1, 1], 'J': [1, 1, 1, 1, 1, 1, 1, 1, 1, 0]}, '校医院西': {'A': [1, 1, 1, 1, 1, 1, 1, 1, 1, 1], 'B': [1, 1, 1, 1, 1, 1, 1, 1, 1, 1], 'C': [1, 1, 1, 1, 1, 1, 1, 1, 1, 1], 'D': [1, 1, 1, 1, 1, 1, 1, 1, 1, 1], 'E': [1, 1, 1, 1, 1, 1, 1, 0, 1, 1], 'F': [1, 1, 1, 1, 1, 1, 1, 1, 1, 1], 'G': [1, 1, 1, 1, 1, 1, 1, 1, 1, 1], 'H': [1, 1, 1, 1, 1, 1, 1, 1, 1, 0], 'I': [1, 1, 1, 1, 1, 1, 1, 0, 1, 1]}}
623463	2024-07-13 08:28:21.910000+08:00	2024-07-13 08:28:21.910000+08:00	{'东门北侧': {'A': [1, 1, 1, 1, 1, 1, 1, 1, 1, 1], 'B': [1, 1, 1, 1, 1, 1, 1, 1, 1, 1], 'C': [1, 1, 1, 1, 1, 1, 1, 1, 1, 1], 'D': [1, 0, 1, 1, 1, 1, 1, 1, 1, 1], 'E': [1, 1, 0, 1, 1, 1, 1, 1, 1, 1], 'F': [0, 1, 1, 1, 1, 1, 1, 1, 1, 1], 'G': [1, 1, 1, 1, 1, 1, 1, 1, 1, 1], 'H': [1, 1, 1, 1, 1, 1, 1, 1, 1, 1], 'I': [1, 1, 0, 1, 1, 1, 1, 1, 1, 1], 'J': [1, 1, 1, 0, 1, 1, 1, 1, 1, 1], 'K': [0, 1, 1, 1, 1, 1, 1, 1, 1, 0]}, '东门南侧': {'A': [1, 0, 1, 1, 1, 1, 1, 1, 1, 1], 'B': [0, 0, 0, 0, 0, 0, 0, 0, 0, 0]}, '西门北侧': {'A': [1, 1, 1, 1, 1, 1, 1, 1, 1, 1], 'B': [1, 1, 1, 1, 1, 1, 1, 1, 1, 1], 'C': [1, 1, 1, 1, 1, 1, 1, 1, 1, 1]}, '西门南侧': {'A': [1, 1, 1, 1, 1, 1, 1, 1, 1, 1], 'B': [1, 1, 1, 1, 1, 1, 1, 1, 1, 1], 'C': [1, 1, 1, 1, 1, 1, 1, 1, 1, 1]}, '南门西侧': {'A': [1, 1, 1, 1, 1, 1, 1, 1, 1, 1], 'B': [1, 1, 1, 1, 1, 1, 1, 1, 1, 1]}, '南门东侧': {'A': [1, 1, 1, 1, 1, 1, 1, 1, 1, 1], 'B': [0, 1, 1, 1, 1, 1, 1, 1, 1, 1]}, '北门东北侧': {'A': [1, 1, 1, 1, 1, 1, 1, 1, 1, 1], 'B': [1, 1, 1, 1, 1, 1, 1, 1, 1, 1], 'C': [1, 1, 1, 1, 1, 1, 1, 1, 1, 1], 'D': [1, 1, 1, 1, 1, 1, 1, 1, 1, 1]}, '北门东南侧': {'A': [1, 1, 1, 1, 1, 1, 1, 1, 1, 1], 'B': [0, 0, 1, 1, 1, 1, 1, 1, 1, 1], 'C': [1, 1, 1, 1, 1, 1, 1, 1, 1, 1], 'D': [1, 1, 1, 1, 1, 1, 1, 1, 1, 1], 'E': [1, 1, 1, 1, 1, 1, 1, 1, 1, 1], 'F': [1, 1, 1, 1, 1, 1, 1, 1, 1, 1]}, '橘园北侧南': {'A': [1, 1, 1, 1, 1, 1, 1, 1, 1, 1], 'B': [0, 1, 1, 1, 1, 0, 1, 1, 1, 1], 'C': [1, 0, 1, 1, 1, 1, 1, 1, 1, 1], 'D': [1, 1, 1, 1, 1, 1, 1, 1, 1, 1], 'E': [0, 1, 1, 1, 1, 1, 1, 1, 1, 1], 'F': [1, 1, 1, 1, 0, 1, 1, 1, 1, 1], 'G': [1, 1, 1, 1, 1, 1, 1, 1, 1, 1], 'H': [1, 1, 1, 1, 1, 1, 1, 1, 1, 1], 'I': [1, 1, 1, 1, 1, 1, 1, 1, 1, 1], 'J': [1, 1, 1, 1, 1, 1, 1, 1, 1, 0]}, '校医院西': {'A': [1, 1, 1, 1, 1, 1, 1, 1, 1, 1], 'B': [1, 1, 1, 1, 1, 1, 1, 1, 1, 1], 'C': [1, 1, 1, 1, 1, 1, 1, 1, 1, 1], 'D': [1, 1, 1, 1, 1, 1, 1, 1, 1, 1], 'E': [1, 1, 1, 1, 1, 1, 1, 0, 1, 1], 'F': [1, 1, 1, 1, 1, 1, 1, 1, 1, 1], 'G': [1, 1, 1, 1, 1, 1, 1, 1, 1, 1], 'H': [1, 1, 1, 1, 1, 1, 1, 1, 1, 0], 'I': [1, 1, 1, 1, 1, 1, 1, 0, 1, 1]}}
623464	2024-07-13 08:29:23.913000+08:00	2024-07-13 08:29:23.913000+08:00	{'东门北侧': {'A': [1, 1, 1, 1, 1, 1, 1, 1, 1, 1], 'B': [1, 1, 1, 1, 1, 1, 1, 1, 1, 1], 'C': [1, 1, 1, 1, 1, 1, 1, 1, 1, 1], 'D': [1, 0, 1, 1, 1, 1, 1, 1, 1, 1], 'E': [1, 1, 0, 1, 1, 1, 1, 1, 1, 1], 'F': [0, 1, 1, 1, 1, 1, 1, 1, 1, 1], 'G': [1, 1, 1, 1, 1, 1, 1, 1, 1, 1], 'H': [1, 1, 1, 1, 1, 1, 1, 1, 1, 1], 'I': [1, 1, 0, 1, 1, 1, 1, 1, 1, 1], 'J': [1, 1, 1, 0, 1, 1, 1, 1, 1, 1], 'K': [0, 1, 1, 1, 1, 1, 1, 1, 1, 0]}, '东门南侧': {'A': [1, 1, 1, 1, 1, 1, 1, 1, 1, 1], 'B': [0, 0, 0, 0, 0, 0, 0, 0, 0, 0]}, '西门北侧': {'A': [1, 1, 1, 1, 1, 1, 1, 1, 1, 1], 'B': [1, 1, 1, 1, 1, 1, 1, 1, 1, 1], 'C': [1, 1, 1, 1, 1, 1, 1, 1, 1, 1]}, '西门南侧': {'A': [1, 1, 1, 1, 1, 1, 1, 1, 1, 1], 'B': [1, 1, 1, 1, 1, 1, 1, 1, 1, 1], 'C': [1, 1, 1, 1, 1, 1, 1, 1, 1, 1]}, '南门西侧': {'A': [1, 1, 1, 1, 1, 1, 1, 1, 1, 1], 'B': [1, 1, 1, 1, 1, 1, 1, 1, 1, 1]}, '南门东侧': {'A': [1, 1, 1, 1, 1, 1, 1, 1, 1, 1], 'B': [0, 1, 1, 1, 1, 1, 1, 1, 1, 1]}, '北门东北侧': {'A': [1, 1, 1, 1, 1, 1, 1, 1, 1, 1], 'B': [1, 1, 1, 1, 1, 1, 1, 1, 1, 1], 'C': [1, 1, 1, 1, 1, 1, 1, 1, 1, 1], 'D': [1, 1, 1, 1, 1, 1, 1, 1, 1, 1]}, '北门东南侧': {'A': [1, 1, 1, 1, 1, 1, 1, 1, 1, 1], 'B': [0, 0, 1, 1, 1, 1, 1, 1, 1, 1], 'C': [1, 1, 1, 1, 1, 1, 1, 1, 1, 1], 'D': [1, 1, 1, 1, 1, 1, 1, 1, 1, 1], 'E': [1, 1, 1, 1, 1, 1, 1, 1, 1, 1], 'F': [1, 1, 1, 1, 1, 1, 1, 1, 1, 1]}, '橘园北侧南': {'A': [1, 1, 1, 1, 1, 1, 1, 1, 1, 1], 'B': [0, 1, 1, 1, 1, 0, 1, 1, 1, 1], 'C': [1, 0, 1, 1, 1, 1, 1, 1, 1, 1], 'D': [1, 1, 1, 1, 1, 1, 1, 1, 1, 1], 'E': [0, 1, 1, 1, 1, 1, 1, 1, 1, 1], 'F': [1, 1, 1, 1, 0, 1, 1, 1, 1, 1], 'G': [1, 1, 1, 1, 1, 1, 1, 1, 1, 1], 'H': [1, 1, 1, 1, 1, 1, 1, 1, 1, 1], 'I': [1, 1, 1, 1, 1, 1, 1, 1, 1, 1], 'J': [1, 1, 1, 1, 1, 1, 1, 1, 1, 0]}, '校医院西': {'A': [1, 1, 1, 1, 1, 1, 1, 1, 1, 1], 'B': [1, 1, 1, 1, 1, 1, 1, 1, 1, 1], 'C': [1, 1, 1, 1, 1, 1, 1, 1, 1, 1], 'D': [1, 1, 1, 1, 1, 1, 1, 1, 1, 1], 'E': [1, 1, 1, 1, 1, 1, 1, 0, 1, 1], 'F': [1, 1, 1, 1, 1, 1, 1, 1, 1, 1], 'G': [1, 1, 1, 1, 1, 1, 1, 1, 1, 1], 'H': [1, 1, 1, 1, 1, 1, 1, 1, 1, 0], 'I': [1, 1, 1, 1, 1, 1, 1, 0, 1, 1]}}
623465	2024-07-13 08:30:22.186000+08:00	2024-07-13 08:30:22.186000+08:00	{'东门北侧': {'A': [1, 1, 1, 1, 1, 1, 1, 1, 1, 1], 'B': [1, 1, 1, 1, 1, 1, 1, 1, 1, 1], 'C': [1, 1, 1, 1, 1, 1, 1, 1, 1, 1], 'D': [1, 0, 1, 1, 1, 1, 1, 1, 1, 1], 'E': [1, 1, 0, 1, 1, 1, 1, 1, 1, 1], 'F': [0, 1, 1, 1, 1, 1, 1, 1, 1, 1], 'G': [1, 1, 1, 1, 1, 1, 1, 1, 1, 1], 'H': [1, 1, 1, 1, 1, 1, 1, 1, 1, 1], 'I': [1, 1, 0, 1, 1, 1, 1, 1, 1, 1], 'J': [1, 1, 1, 0, 1, 1, 1, 1, 1, 1], 'K': [0, 1, 1, 1, 1, 1, 1, 1, 1, 0]}, '东门南侧': {'A': [1, 1, 1, 1, 1, 1, 1, 1, 1, 1], 'B': [0, 0, 0, 0, 0, 0, 0, 0, 0, 0]}, '西门北侧': {'A': [1, 1, 1, 1, 1, 1, 1, 1, 1, 1], 'B': [1, 1, 1, 1, 1, 1, 1, 1, 1, 1], 'C': [1, 1, 1, 1, 1, 1, 1, 1, 1, 1]}, '西门南侧': {'A': [1, 1, 1, 1, 1, 1, 1, 1, 1, 1], 'B': [1, 1, 1, 1, 1, 1, 1, 1, 1, 1], 'C': [1, 1, 1, 1, 1, 1, 1, 1, 1, 1]}, '南门西侧': {'A': [1, 1, 1, 1, 1, 1, 1, 1, 1, 1], 'B': [1, 1, 1, 1, 1, 1, 1, 1, 1, 1]}, '南门东侧': {'A': [1, 1, 1, 1, 1, 1, 1, 1, 1, 1], 'B': [0, 1, 1, 1, 1, 1, 1, 1, 1, 1]}, '北门东北侧': {'A': [1, 1, 1, 1, 1, 1, 1, 1, 1, 1], 'B': [1, 1, 1, 1, 1, 1, 1, 1, 1, 1], 'C': [1, 1, 1, 1, 1, 1, 1, 1, 1, 1], 'D': [1, 1, 1, 1, 1, 1, 1, 1, 1, 1]}, '北门东南侧': {'A': [1, 1, 1, 1, 1, 1, 1, 1, 1, 1], 'B': [0, 0, 1, 1, 1, 1, 1, 1, 1, 1], 'C': [1, 1, 1, 1, 1, 1, 1, 1, 1, 1], 'D': [1, 1, 1, 1, 1, 1, 1, 1, 1, 1], 'E': [1, 1, 1, 1, 1, 1, 1, 1, 1, 1], 'F': [1, 1, 1, 1, 1, 1, 1, 1, 1, 1]}, '橘园北侧南': {'A': [1, 1, 1, 1, 1, 1, 1, 1, 1, 1], 'B': [0, 1, 1, 1, 1, 0, 1, 1, 1, 1], 'C': [1, 0, 1, 1, 1, 1, 1, 1, 1, 1], 'D': [1, 1, 1, 1, 1, 1, 1, 1, 1, 1], 'E': [0, 1, 1, 1, 1, 1, 1, 1, 1, 1], 'F': [1, 1, 1, 1, 0, 1, 1, 1, 1, 1], 'G': [1, 1, 1, 1, 1, 1, 1, 1, 1, 1], 'H': [1, 1, 1, 1, 1, 1, 1, 1, 1, 1], 'I': [1, 1, 1, 1, 1, 1, 1, 1, 1, 1], 'J': [1, 1, 1, 1, 1, 1, 1, 1, 1, 0]}, '校医院西': {'A': [1, 1, 1, 1, 1, 1, 1, 1, 1, 1], 'B': [1, 1, 1, 1, 1, 1, 1, 1, 1, 1], 'C': [1, 1, 1, 1, 1, 1, 1, 1, 1, 1], 'D': [1, 1, 1, 1, 1, 1, 1, 1, 1, 1], 'E': [1, 1, 1, 1, 1, 1, 1, 0, 1, 1], 'F': [1, 1, 1, 1, 1, 1, 1, 1, 1, 1], 'G': [1, 1, 1, 1, 1, 1, 1, 1, 1, 1], 'H': [1, 1, 1, 1, 1, 1, 1, 1, 1, 0], 'I': [1, 1, 1, 1, 1, 1, 1, 0, 1, 1]}}
623466	2024-07-13 08:31:20.885000+08:00	2024-07-13 08:31:20.885000+08:00	{'东门北侧': {'A': [1, 1, 1, 1, 1, 1, 1, 1, 1, 1], 'B': [1, 1, 1, 1, 1, 1, 1, 1, 1, 1], 'C': [1, 1, 1, 1, 1, 1, 1, 1, 1, 1], 'D': [1, 0, 1, 1, 1, 1, 1, 1, 1, 1], 'E': [1, 1, 0, 1, 1, 1, 1, 1, 1, 1], 'F': [0, 1, 1, 1, 1, 1, 1, 1, 1, 1], 'G': [1, 1, 1, 1, 1, 1, 1, 1, 1, 1], 'H': [1, 1, 1, 1, 1, 1, 1, 1, 1, 1], 'I': [1, 1, 0, 1, 1, 1, 1, 1, 1, 1], 'J': [1, 1, 1, 0, 1, 1, 1, 1, 1, 1], 'K': [0, 1, 1, 1, 1, 1, 1, 1, 1, 0]}, '东门南侧': {'A': [1, 1, 1, 1, 1, 1, 1, 1, 1, 1], 'B': [0, 0, 0, 0, 0, 0, 0, 0, 0, 0]}, '西门北侧': {'A': [1, 1, 1, 1, 1, 1, 1, 1, 1, 1], 'B': [1, 1, 1, 1, 1, 1, 1, 1, 1, 1], 'C': [1, 1, 1, 1, 1, 1, 1, 1, 1, 1]}, '西门南侧': {'A': [1, 1, 1, 1, 1, 1, 1, 1, 1, 1], 'B': [1, 1, 1, 1, 1, 1, 1, 1, 1, 1], 'C': [1, 1, 1, 1, 1, 1, 1, 1, 1, 1]}, '南门西侧': {'A': [1, 1, 1, 1, 1, 1, 1, 1, 1, 1], 'B': [1, 1, 1, 1, 1, 1, 1, 1, 1, 1]}, '南门东侧': {'A': [1, 1, 1, 1, 1, 1, 1, 1, 1, 1], 'B': [0, 1, 1, 1, 1, 1, 1, 1, 1, 1]}, '北门东北侧': {'A': [1, 1, 1, 1, 1, 1, 1, 1, 1, 1], 'B': [1, 1, 1, 1, 1, 1, 1, 1, 1, 1], 'C': [1, 1, 1, 1, 1, 1, 1, 1, 1, 1], 'D': [1, 1, 1, 1, 1, 1, 1, 1, 1, 1]}, '北门东南侧': {'A': [1, 1, 1, 1, 1, 1, 1, 1, 1, 1], 'B': [0, 0, 1, 1, 1, 1, 1, 1, 1, 1], 'C': [1, 1, 1, 1, 1, 1, 1, 1, 1, 1], 'D': [1, 1, 1, 1, 1, 1, 1, 1, 1, 1], 'E': [1, 1, 1, 1, 1, 1, 1, 1, 1, 1], 'F': [1, 1, 1, 1, 1, 1, 1, 1, 1, 1]}, '橘园北侧南': {'A': [1, 1, 1, 1, 1, 1, 1, 1, 1, 1], 'B': [0, 1, 1, 1, 1, 0, 1, 1, 1, 1], 'C': [1, 0, 1, 1, 1, 1, 1, 1, 1, 1], 'D': [1, 1, 1, 1, 1, 1, 1, 1, 1, 1], 'E': [0, 1, 1, 1, 1, 1, 1, 1, 1, 1], 'F': [1, 1, 1, 1, 0, 1, 1, 1, 1, 1], 'G': [1, 1, 1, 1, 1, 1, 1, 1, 1, 1], 'H': [1, 1, 1, 1, 1, 1, 1, 1, 1, 1], 'I': [1, 1, 1, 1, 1, 1, 1, 1, 1, 1], 'J': [1, 1, 1, 1, 1, 1, 1, 1, 1, 0]}, '校医院西': {'A': [1, 1, 1, 1, 1, 1, 1, 1, 1, 1], 'B': [1, 1, 1, 1, 1, 1, 1, 1, 1, 1], 'C': [1, 1, 1, 1, 1, 1, 1, 1, 1, 1], 'D': [1, 1, 1, 1, 1, 1, 1, 1, 1, 1], 'E': [1, 1, 1, 1, 1, 1, 1, 0, 1, 1], 'F': [1, 1, 1, 1, 1, 1, 1, 1, 1, 1], 'G': [1, 1, 1, 1, 1, 1, 1, 1, 1, 1], 'H': [1, 1, 1, 1, 1, 1, 1, 1, 1, 0], 'I': [1, 1, 1, 1, 1, 1, 1, 0, 1, 1]}}
623467	2024-07-13 08:32:22.885000+08:00	2024-07-13 08:32:22.885000+08:00	{'东门北侧': {'A': [1, 1, 1, 1, 1, 1, 1, 1, 1, 1], 'B': [1, 1, 1, 1, 1, 1, 1, 1, 1, 1], 'C': [1, 1, 1, 1, 1, 1, 1, 1, 1, 1], 'D': [1, 0, 1, 1, 1, 1, 1, 1, 1, 1], 'E': [1, 1, 0, 1, 1, 1, 1, 1, 1, 1], 'F': [0, 1, 1, 1, 1, 1, 1, 1, 1, 1], 'G': [1, 1, 1, 1, 1, 1, 1, 1, 1, 1], 'H': [1, 1, 1, 1, 1, 1, 1, 1, 1, 1], 'I': [1, 1, 0, 1, 1, 1, 1, 1, 1, 1], 'J': [1, 1, 1, 0, 1, 1, 1, 1, 1, 1], 'K': [0, 1, 1, 1, 1, 1, 1, 1, 1, 0]}, '东门南侧': {'A': [1, 1, 1, 1, 1, 1, 1, 1, 1, 1], 'B': [0, 0, 0, 0, 0, 0, 0, 0, 0, 0]}, '西门北侧': {'A': [1, 1, 1, 1, 1, 1, 1, 1, 1, 1], 'B': [1, 1, 1, 1, 1, 1, 1, 1, 1, 1], 'C': [1, 1, 1, 1, 1, 1, 1, 1, 1, 1]}, '西门南侧': {'A': [1, 1, 1, 1, 1, 1, 1, 1, 1, 1], 'B': [1, 1, 1, 1, 1, 1, 1, 1, 1, 1], 'C': [1, 1, 1, 1, 1, 1, 1, 1, 1, 1]}, '南门西侧': {'A': [1, 1, 1, 1, 1, 1, 1, 1, 1, 1], 'B': [1, 1, 1, 1, 1, 1, 1, 1, 1, 1]}, '南门东侧': {'A': [1, 1, 1, 1, 1, 1, 1, 1, 1, 1], 'B': [0, 1, 1, 1, 1, 1, 1, 1, 1, 1]}, '北门东北侧': {'A': [1, 1, 1, 1, 1, 1, 1, 1, 1, 1], 'B': [1, 1, 1, 1, 1, 1, 1, 1, 1, 1], 'C': [1, 1, 1, 1, 1, 1, 1, 1, 1, 1], 'D': [1, 1, 1, 1, 1, 1, 1, 1, 1, 1]}, '北门东南侧': {'A': [1, 1, 1, 1, 1, 1, 1, 1, 1, 1], 'B': [0, 0, 1, 1, 1, 1, 1, 1, 1, 1], 'C': [1, 1, 1, 1, 1, 1, 1, 1, 1, 1], 'D': [1, 1, 1, 1, 1, 1, 1, 1, 1, 1], 'E': [1, 1, 1, 1, 1, 1, 1, 1, 1, 1], 'F': [1, 1, 1, 1, 1, 1, 1, 1, 1, 1]}, '橘园北侧南': {'A': [1, 1, 1, 1, 1, 1, 1, 1, 1, 1], 'B': [0, 1, 1, 1, 1, 0, 1, 1, 1, 1], 'C': [1, 0, 1, 1, 1, 1, 1, 1, 1, 1], 'D': [1, 1, 1, 1, 1, 1, 1, 1, 1, 1], 'E': [0, 1, 1, 1, 1, 1, 1, 1, 1, 1], 'F': [1, 1, 1, 1, 0, 1, 1, 1, 1, 1], 'G': [1, 1, 1, 1, 1, 1, 1, 1, 1, 1], 'H': [1, 1, 1, 1, 1, 1, 1, 1, 1, 1], 'I': [1, 1, 1, 1, 1, 1, 1, 1, 1, 1], 'J': [1, 1, 1, 1, 1, 1, 1, 1, 1, 0]}, '校医院西': {'A': [1, 1, 1, 1, 1, 1, 1, 1, 1, 1], 'B': [1, 1, 1, 1, 1, 1, 1, 1, 1, 1], 'C': [1, 1, 1, 1, 1, 1, 1, 1, 1, 1], 'D': [1, 1, 1, 1, 1, 1, 1, 1, 1, 1], 'E': [1, 1, 1, 1, 1, 1, 1, 0, 1, 1], 'F': [1, 1, 1, 1, 1, 1, 1, 1, 1, 1], 'G': [1, 1, 1, 1, 1, 1, 1, 1, 1, 1], 'H': [1, 1, 1, 1, 1, 1, 1, 1, 1, 0], 'I': [1, 1, 1, 1, 1, 1, 1, 0, 1, 1]}}
623468	2024-07-13 08:33:24.203000+08:00	2024-07-13 08:33:24.203000+08:00	{'东门北侧': {'A': [1, 1, 1, 1, 1, 1, 1, 1, 1, 1], 'B': [1, 1, 1, 1, 1, 1, 1, 1, 1, 1], 'C': [1, 1, 1, 1, 1, 1, 1, 1, 1, 1], 'D': [1, 0, 1, 1, 1, 1, 1, 1, 1, 1], 'E': [1, 1, 0, 1, 1, 1, 1, 1, 1, 1], 'F': [0, 1, 1, 1, 1, 1, 1, 1, 1, 1], 'G': [1, 1, 1, 1, 1, 1, 1, 1, 1, 1], 'H': [1, 1, 1, 1, 1, 1, 1, 1, 1, 1], 'I': [1, 1, 0, 1, 1, 1, 1, 1, 1, 1], 'J': [1, 1, 1, 0, 1, 1, 1, 1, 1, 1], 'K': [0, 1, 1, 1, 1, 1, 1, 1, 1, 1]}, '东门南侧': {'A': [1, 1, 1, 1, 1, 1, 1, 1, 1, 1], 'B': [0, 0, 0, 0, 0, 0, 0, 0, 0, 0]}, '西门北侧': {'A': [1, 1, 1, 1, 1, 1, 1, 1, 1, 1], 'B': [1, 1, 1, 1, 1, 1, 1, 1, 1, 1], 'C': [1, 1, 1, 1, 1, 1, 1, 1, 1, 1]}, '西门南侧': {'A': [1, 1, 1, 1, 1, 1, 1, 1, 1, 1], 'B': [1, 1, 1, 1, 1, 1, 1, 1, 1, 1], 'C': [1, 1, 1, 1, 1, 1, 1, 1, 1, 1]}, '南门西侧': {'A': [1, 1, 1, 1, 1, 1, 1, 1, 1, 1], 'B': [1, 1, 1, 1, 1, 1, 1, 1, 1, 1]}, '南门东侧': {'A': [1, 1, 1, 1, 1, 1, 1, 1, 1, 1], 'B': [0, 1, 1, 1, 1, 1, 1, 1, 1, 1]}, '北门东北侧': {'A': [1, 1, 1, 1, 1, 1, 1, 1, 1, 1], 'B': [1, 1, 1, 1, 1, 1, 1, 1, 1, 1], 'C': [1, 1, 1, 1, 1, 1, 1, 1, 1, 1], 'D': [1, 1, 1, 1, 1, 1, 1, 1, 1, 1]}, '北门东南侧': {'A': [1, 1, 1, 1, 1, 1, 1, 1, 1, 1], 'B': [0, 0, 1, 1, 1, 1, 1, 1, 1, 1], 'C': [1, 1, 1, 1, 1, 1, 1, 1, 1, 1], 'D': [1, 1, 1, 1, 1, 1, 1, 1, 1, 1], 'E': [1, 1, 1, 1, 1, 1, 1, 1, 1, 1], 'F': [1, 1, 1, 1, 1, 1, 1, 1, 1, 1]}, '橘园北侧南': {'A': [1, 1, 1, 1, 1, 1, 1, 1, 1, 1], 'B': [0, 1, 1, 1, 1, 0, 1, 1, 1, 1], 'C': [1, 0, 1, 1, 1, 1, 1, 1, 1, 1], 'D': [1, 1, 1, 1, 1, 1, 1, 1, 1, 1], 'E': [0, 1, 1, 1, 1, 1, 1, 1, 1, 1], 'F': [1, 1, 1, 1, 0, 1, 1, 1, 1, 1], 'G': [1, 1, 1, 1, 1, 1, 1, 1, 1, 1], 'H': [1, 1, 1, 1, 1, 1, 1, 1, 1, 1], 'I': [1, 1, 1, 1, 1, 1, 1, 1, 1, 1], 'J': [1, 1, 1, 1, 1, 1, 1, 1, 1, 0]}, '校医院西': {'A': [1, 1, 1, 1, 1, 1, 1, 1, 1, 1], 'B': [1, 1, 1, 1, 1, 1, 1, 1, 1, 1], 'C': [1, 1, 1, 1, 1, 1, 1, 1, 1, 1], 'D': [1, 1, 1, 1, 1, 1, 1, 1, 1, 1], 'E': [1, 1, 1, 1, 1, 1, 1, 0, 1, 1], 'F': [1, 1, 1, 1, 1, 1, 1, 1, 1, 1], 'G': [1, 1, 1, 1, 1, 1, 1, 1, 1, 1], 'H': [1, 1, 1, 1, 1, 1, 1, 1, 1, 0], 'I': [1, 1, 1, 1, 1, 1, 1, 0, 1, 1]}}
623469	2024-07-13 08:34:23.882000+08:00	2024-07-13 08:34:23.882000+08:00	{'东门北侧': {'A': [1, 1, 1, 1, 1, 1, 1, 1, 1, 1], 'B': [1, 1, 1, 1, 1, 1, 1, 1, 1, 1], 'C': [1, 1, 1, 1, 1, 1, 1, 1, 1, 1], 'D': [1, 0, 1, 1, 1, 1, 1, 1, 1, 1], 'E': [1, 1, 0, 1, 1, 1, 1, 1, 1, 1], 'F': [0, 1, 1, 1, 1, 1, 1, 1, 1, 1], 'G': [1, 1, 1, 1, 1, 1, 1, 1, 1, 1], 'H': [1, 1, 1, 1, 1, 1, 1, 1, 1, 1], 'I': [1, 1, 0, 1, 1, 1, 1, 1, 1, 1], 'J': [1, 1, 1, 0, 1, 1, 1, 1, 1, 1], 'K': [0, 1, 1, 1, 1, 1, 1, 1, 1, 1]}, '东门南侧': {'A': [1, 1, 1, 1, 1, 1, 1, 1, 1, 1], 'B': [0, 0, 0, 0, 0, 0, 0, 0, 0, 0]}, '西门北侧': {'A': [1, 1, 1, 1, 1, 1, 1, 1, 1, 1], 'B': [1, 1, 1, 1, 1, 1, 1, 1, 1, 1], 'C': [1, 1, 1, 1, 1, 1, 1, 1, 1, 1]}, '西门南侧': {'A': [1, 1, 1, 1, 1, 1, 1, 1, 1, 1], 'B': [1, 1, 1, 1, 1, 1, 1, 1, 1, 1], 'C': [1, 1, 1, 1, 1, 1, 1, 1, 1, 1]}, '南门西侧': {'A': [1, 1, 1, 1, 1, 1, 1, 1, 1, 1], 'B': [1, 1, 1, 1, 1, 1, 1, 1, 1, 1]}, '南门东侧': {'A': [1, 1, 1, 1, 1, 1, 1, 1, 1, 1], 'B': [0, 1, 1, 1, 1, 1, 1, 1, 1, 1]}, '北门东北侧': {'A': [1, 1, 1, 1, 1, 1, 1, 1, 1, 1], 'B': [1, 1, 1, 1, 1, 1, 1, 1, 1, 1], 'C': [1, 1, 1, 1, 1, 1, 1, 1, 1, 1], 'D': [1, 1, 1, 1, 1, 1, 1, 1, 1, 1]}, '北门东南侧': {'A': [1, 1, 1, 1, 1, 1, 1, 1, 1, 1], 'B': [0, 0, 1, 1, 1, 1, 1, 1, 1, 1], 'C': [1, 1, 1, 1, 1, 1, 1, 1, 1, 1], 'D': [1, 1, 1, 1, 1, 1, 1, 1, 1, 1], 'E': [1, 1, 1, 1, 1, 1, 1, 1, 1, 1], 'F': [1, 1, 1, 1, 1, 1, 1, 1, 1, 1]}, '橘园北侧南': {'A': [1, 1, 1, 1, 1, 1, 1, 1, 1, 1], 'B': [0, 1, 1, 1, 1, 0, 1, 1, 1, 1], 'C': [1, 0, 1, 1, 1, 1, 1, 1, 1, 1], 'D': [1, 1, 1, 1, 1, 1, 1, 1, 1, 1], 'E': [0, 1, 1, 1, 1, 1, 1, 1, 1, 1], 'F': [1, 1, 1, 1, 0, 1, 1, 1, 1, 1], 'G': [1, 1, 1, 1, 1, 1, 1, 1, 1, 1], 'H': [1, 1, 1, 1, 1, 1, 1, 1, 1, 1], 'I': [1, 1, 1, 1, 1, 1, 1, 1, 1, 1], 'J': [1, 1, 1, 1, 1, 1, 1, 1, 1, 0]}, '校医院西': {'A': [1, 1, 1, 1, 1, 1, 1, 1, 1, 1], 'B': [1, 1, 1, 1, 1, 1, 1, 1, 1, 1], 'C': [1, 1, 1, 1, 1, 1, 1, 1, 1, 1], 'D': [1, 1, 1, 1, 1, 1, 1, 1, 1, 1], 'E': [1, 1, 1, 1, 1, 1, 1, 0, 1, 1], 'F': [1, 1, 1, 1, 1, 1, 1, 1, 1, 1], 'G': [1, 1, 1, 1, 1, 1, 1, 1, 1, 1], 'H': [1, 1, 1, 1, 1, 1, 1, 1, 1, 0], 'I': [1, 1, 1, 1, 1, 1, 1, 0, 1, 1]}}
623470	2024-07-13 08:35:21.900000+08:00	2024-07-13 08:35:21.900000+08:00	{'东门北侧': {'A': [1, 1, 1, 1, 1, 1, 1, 1, 1, 1], 'B': [1, 1, 1, 1, 1, 1, 1, 1, 1, 1], 'C': [1, 1, 1, 1, 1, 1, 1, 1, 1, 1], 'D': [1, 0, 1, 1, 1, 1, 1, 1, 1, 1], 'E': [1, 1, 0, 1, 1, 1, 1, 1, 1, 1], 'F': [0, 1, 1, 1, 1, 1, 1, 1, 1, 1], 'G': [1, 1, 1, 1, 1, 1, 1, 1, 1, 1], 'H': [1, 1, 1, 1, 1, 1, 1, 1, 1, 1], 'I': [1, 1, 0, 1, 1, 1, 1, 1, 1, 1], 'J': [1, 1, 1, 0, 1, 1, 1, 1, 1, 1], 'K': [0, 1, 1, 1, 1, 1, 1, 1, 1, 1]}, '东门南侧': {'A': [1, 1, 1, 1, 1, 1, 1, 1, 1, 1], 'B': [0, 0, 0, 0, 0, 0, 0, 0, 0, 0]}, '西门北侧': {'A': [1, 1, 1, 1, 1, 1, 1, 1, 1, 1], 'B': [1, 1, 1, 1, 1, 1, 1, 1, 1, 1], 'C': [1, 1, 1, 1, 1, 1, 1, 1, 1, 1]}, '西门南侧': {'A': [1, 1, 1, 1, 1, 1, 1, 1, 1, 1], 'B': [1, 1, 1, 1, 1, 1, 1, 1, 1, 1], 'C': [1, 1, 1, 1, 1, 1, 1, 1, 1, 1]}, '南门西侧': {'A': [1, 1, 1, 1, 1, 1, 1, 1, 1, 1], 'B': [1, 1, 1, 1, 1, 1, 1, 1, 1, 1]}, '南门东侧': {'A': [1, 1, 1, 1, 1, 1, 1, 1, 1, 1], 'B': [0, 1, 1, 1, 1, 1, 1, 1, 1, 1]}, '北门东北侧': {'A': [1, 1, 1, 1, 1, 1, 1, 1, 1, 1], 'B': [1, 1, 1, 1, 1, 1, 1, 1, 1, 1], 'C': [1, 1, 1, 1, 1, 1, 1, 1, 1, 1], 'D': [1, 1, 1, 1, 1, 1, 1, 1, 1, 1]}, '北门东南侧': {'A': [1, 1, 1, 1, 1, 1, 1, 1, 1, 1], 'B': [0, 0, 1, 1, 1, 1, 1, 1, 1, 1], 'C': [1, 1, 1, 1, 1, 1, 1, 1, 1, 1], 'D': [1, 1, 1, 1, 1, 1, 1, 1, 1, 1], 'E': [1, 1, 1, 1, 1, 1, 1, 1, 1, 1], 'F': [1, 1, 1, 1, 1, 1, 1, 1, 1, 1]}, '橘园北侧南': {'A': [1, 1, 1, 1, 1, 1, 1, 1, 1, 1], 'B': [0, 1, 1, 1, 1, 1, 1, 1, 1, 1], 'C': [1, 0, 1, 1, 1, 1, 1, 1, 1, 1], 'D': [1, 1, 1, 1, 1, 1, 1, 1, 1, 1], 'E': [0, 1, 1, 1, 1, 1, 1, 1, 1, 1], 'F': [1, 1, 1, 1, 0, 1, 1, 1, 1, 1], 'G': [1, 1, 1, 1, 1, 1, 1, 1, 1, 1], 'H': [1, 1, 1, 1, 1, 1, 1, 1, 1, 1], 'I': [1, 1, 1, 1, 1, 1, 1, 1, 1, 1], 'J': [1, 1, 1, 1, 1, 1, 1, 1, 1, 0]}, '校医院西': {'A': [1, 1, 1, 1, 1, 1, 1, 1, 1, 1], 'B': [1, 1, 1, 1, 1, 1, 1, 1, 1, 1], 'C': [1, 1, 1, 1, 1, 1, 1, 1, 1, 1], 'D': [1, 1, 1, 1, 1, 1, 1, 1, 1, 1], 'E': [1, 1, 1, 1, 1, 1, 1, 0, 1, 1], 'F': [1, 1, 1, 1, 1, 1, 1, 1, 1, 1], 'G': [1, 1, 1, 1, 1, 1, 1, 1, 1, 1], 'H': [1, 1, 1, 1, 1, 1, 1, 1, 1, 0], 'I': [1, 1, 1, 1, 1, 1, 1, 0, 1, 1]}}
623471	2024-07-13 08:36:20.928000+08:00	2024-07-13 08:36:20.928000+08:00	{'东门北侧': {'A': [1, 1, 1, 1, 1, 1, 1, 1, 1, 1], 'B': [1, 1, 1, 1, 1, 1, 1, 1, 1, 1], 'C': [1, 1, 1, 1, 1, 1, 1, 1, 1, 1], 'D': [1, 0, 1, 1, 1, 1, 1, 1, 1, 1], 'E': [1, 1, 0, 1, 1, 1, 1, 1, 1, 1], 'F': [0, 1, 1, 1, 1, 1, 1, 1, 1, 1], 'G': [1, 1, 1, 1, 1, 1, 1, 1, 1, 1], 'H': [1, 1, 1, 1, 1, 1, 1, 1, 1, 1], 'I': [1, 1, 0, 1, 1, 1, 1, 1, 1, 1], 'J': [1, 1, 1, 0, 1, 1, 1, 1, 1, 1], 'K': [0, 1, 1, 1, 1, 1, 1, 1, 1, 1]}, '东门南侧': {'A': [1, 1, 1, 1, 1, 1, 1, 1, 1, 1], 'B': [0, 0, 0, 0, 0, 0, 0, 0, 0, 0]}, '西门北侧': {'A': [1, 1, 1, 1, 1, 1, 1, 1, 1, 1], 'B': [1, 1, 1, 1, 1, 1, 1, 1, 1, 1], 'C': [1, 1, 1, 1, 1, 1, 1, 1, 1, 1]}, '西门南侧': {'A': [1, 1, 1, 1, 1, 1, 1, 1, 1, 1], 'B': [1, 1, 1, 1, 1, 1, 1, 1, 1, 1], 'C': [1, 1, 1, 1, 1, 0, 1, 1, 1, 1]}, '南门西侧': {'A': [1, 1, 1, 1, 1, 1, 1, 1, 1, 1], 'B': [1, 1, 1, 1, 1, 1, 1, 1, 1, 1]}, '南门东侧': {'A': [1, 1, 1, 1, 1, 1, 1, 1, 1, 1], 'B': [0, 1, 1, 1, 1, 1, 1, 1, 1, 1]}, '北门东北侧': {'A': [1, 1, 1, 1, 1, 1, 1, 1, 1, 1], 'B': [1, 1, 1, 1, 1, 1, 1, 1, 1, 1], 'C': [1, 1, 1, 1, 1, 1, 1, 1, 1, 1], 'D': [1, 1, 1, 1, 1, 1, 1, 1, 1, 1]}, '北门东南侧': {'A': [1, 1, 1, 1, 1, 1, 1, 1, 1, 1], 'B': [0, 0, 1, 1, 1, 1, 1, 1, 1, 1], 'C': [1, 1, 1, 1, 1, 1, 1, 1, 1, 1], 'D': [1, 1, 1, 1, 1, 1, 1, 1, 1, 1], 'E': [1, 1, 1, 1, 1, 1, 1, 1, 1, 1], 'F': [1, 1, 1, 1, 1, 1, 1, 1, 1, 1]}, '橘园北侧南': {'A': [1, 1, 1, 1, 1, 1, 1, 1, 1, 1], 'B': [0, 1, 1, 1, 1, 1, 1, 1, 1, 1], 'C': [1, 0, 1, 1, 1, 1, 1, 1, 1, 1], 'D': [1, 1, 1, 1, 1, 1, 1, 1, 1, 1], 'E': [0, 1, 1, 1, 1, 1, 1, 1, 1, 1], 'F': [1, 1, 1, 1, 0, 1, 1, 1, 1, 1], 'G': [1, 1, 1, 1, 1, 1, 1, 1, 1, 1], 'H': [1, 1, 1, 1, 1, 1, 1, 1, 1, 1], 'I': [1, 1, 1, 1, 1, 1, 1, 1, 1, 1], 'J': [1, 1, 1, 1, 1, 1, 1, 1, 1, 0]}, '校医院西': {'A': [1, 1, 1, 1, 1, 1, 1, 1, 1, 1], 'B': [1, 1, 1, 1, 1, 1, 1, 1, 1, 1], 'C': [1, 1, 1, 1, 1, 1, 1, 1, 1, 1], 'D': [1, 1, 1, 1, 1, 1, 1, 1, 1, 1], 'E': [1, 1, 1, 1, 1, 1, 1, 0, 1, 1], 'F': [1, 1, 1, 1, 1, 1, 1, 1, 1, 1], 'G': [1, 1, 1, 1, 1, 1, 1, 1, 1, 1], 'H': [1, 1, 1, 1, 1, 1, 1, 1, 1, 0], 'I': [1, 1, 1, 1, 1, 1, 1, 0, 1, 1]}}
623472	2024-07-13 08:37:23.876000+08:00	2024-07-13 08:37:23.876000+08:00	{'东门北侧': {'A': [1, 1, 1, 1, 1, 1, 1, 1, 1, 1], 'B': [1, 1, 1, 1, 1, 1, 1, 1, 1, 1], 'C': [1, 1, 1, 1, 1, 1, 1, 1, 1, 1], 'D': [1, 0, 1, 1, 1, 1, 1, 1, 1, 1], 'E': [1, 1, 0, 1, 1, 1, 1, 1, 1, 1], 'F': [0, 1, 1, 1, 1, 1, 1, 1, 1, 1], 'G': [1, 1, 1, 1, 1, 1, 1, 1, 1, 1], 'H': [1, 1, 1, 1, 1, 1, 1, 1, 1, 1], 'I': [1, 1, 0, 1, 1, 1, 1, 1, 1, 1], 'J': [1, 1, 1, 0, 1, 1, 1, 1, 1, 1], 'K': [0, 1, 1, 1, 1, 1, 1, 1, 1, 1]}, '东门南侧': {'A': [1, 1, 1, 1, 1, 1, 1, 1, 1, 1], 'B': [0, 0, 0, 0, 0, 0, 0, 0, 0, 0]}, '西门北侧': {'A': [1, 1, 1, 1, 1, 1, 1, 1, 1, 1], 'B': [1, 1, 1, 1, 1, 1, 1, 1, 1, 1], 'C': [1, 1, 1, 1, 1, 1, 1, 1, 1, 1]}, '西门南侧': {'A': [1, 1, 1, 1, 1, 1, 1, 1, 1, 1], 'B': [1, 1, 1, 1, 1, 1, 1, 1, 1, 1], 'C': [1, 1, 1, 1, 1, 0, 1, 1, 1, 1]}, '南门西侧': {'A': [1, 1, 1, 1, 1, 1, 1, 1, 1, 1], 'B': [1, 1, 1, 1, 1, 1, 1, 1, 1, 1]}, '南门东侧': {'A': [1, 1, 1, 1, 1, 1, 1, 1, 1, 1], 'B': [0, 1, 1, 1, 1, 1, 1, 1, 1, 1]}, '北门东北侧': {'A': [1, 1, 1, 1, 1, 1, 1, 1, 1, 1], 'B': [1, 1, 1, 1, 1, 1, 1, 1, 1, 1], 'C': [1, 1, 1, 1, 1, 1, 1, 1, 1, 1], 'D': [1, 1, 1, 1, 1, 1, 1, 1, 1, 1]}, '北门东南侧': {'A': [1, 1, 1, 1, 1, 1, 1, 1, 1, 1], 'B': [0, 0, 1, 1, 1, 1, 1, 1, 1, 1], 'C': [1, 1, 1, 1, 1, 1, 1, 1, 1, 1], 'D': [1, 1, 1, 1, 1, 1, 1, 1, 1, 1], 'E': [1, 1, 1, 1, 1, 1, 1, 1, 1, 1], 'F': [1, 1, 1, 1, 1, 1, 1, 1, 1, 1]}, '橘园北侧南': {'A': [1, 1, 1, 1, 1, 1, 1, 1, 1, 1], 'B': [0, 1, 1, 1, 1, 1, 1, 1, 1, 1], 'C': [1, 0, 1, 1, 1, 1, 1, 1, 1, 1], 'D': [1, 1, 1, 1, 1, 1, 1, 1, 1, 1], 'E': [0, 1, 1, 1, 1, 1, 1, 1, 1, 1], 'F': [1, 1, 1, 1, 0, 1, 1, 1, 1, 1], 'G': [1, 1, 1, 1, 1, 1, 1, 1, 1, 1], 'H': [1, 1, 1, 1, 1, 1, 1, 1, 1, 1], 'I': [1, 1, 1, 1, 1, 1, 1, 1, 1, 1], 'J': [1, 1, 1, 1, 1, 1, 1, 1, 1, 0]}, '校医院西': {'A': [1, 1, 1, 1, 1, 1, 1, 1, 1, 1], 'B': [1, 1, 1, 1, 1, 1, 1, 1, 1, 1], 'C': [1, 1, 1, 1, 1, 1, 1, 1, 1, 1], 'D': [1, 1, 1, 1, 1, 1, 1, 1, 1, 1], 'E': [1, 1, 1, 1, 1, 1, 1, 0, 1, 1], 'F': [1, 1, 1, 1, 1, 1, 1, 1, 1, 1], 'G': [1, 1, 1, 1, 1, 1, 1, 1, 1, 1], 'H': [1, 1, 1, 1, 1, 1, 1, 1, 1, 0], 'I': [1, 1, 1, 1, 1, 1, 1, 0, 1, 1]}}
623473	2024-07-13 08:38:22.887000+08:00	2024-07-13 08:38:22.887000+08:00	{'东门北侧': {'A': [1, 1, 1, 1, 1, 1, 1, 1, 1, 1], 'B': [1, 1, 1, 1, 1, 1, 1, 1, 1, 1], 'C': [1, 1, 1, 1, 1, 1, 1, 1, 1, 1], 'D': [1, 0, 1, 1, 1, 1, 1, 1, 1, 1], 'E': [1, 1, 0, 1, 1, 1, 1, 1, 1, 1], 'F': [0, 1, 1, 1, 1, 1, 1, 1, 1, 1], 'G': [1, 1, 1, 1, 1, 1, 1, 1, 1, 1], 'H': [1, 1, 1, 1, 1, 1, 1, 1, 1, 1], 'I': [1, 1, 0, 1, 1, 1, 1, 1, 1, 1], 'J': [1, 1, 1, 0, 1, 1, 1, 1, 1, 1], 'K': [0, 1, 1, 1, 1, 1, 1, 1, 1, 1]}, '东门南侧': {'A': [1, 1, 1, 1, 1, 1, 1, 1, 1, 1], 'B': [0, 0, 0, 0, 0, 0, 0, 0, 0, 0]}, '西门北侧': {'A': [1, 1, 1, 1, 1, 1, 1, 1, 1, 1], 'B': [1, 1, 1, 1, 1, 1, 1, 1, 1, 1], 'C': [1, 1, 1, 1, 1, 1, 1, 1, 1, 1]}, '西门南侧': {'A': [1, 1, 1, 1, 1, 1, 1, 1, 1, 1], 'B': [1, 1, 1, 1, 1, 1, 1, 1, 1, 1], 'C': [1, 1, 1, 1, 1, 0, 1, 1, 1, 1]}, '南门西侧': {'A': [1, 1, 1, 1, 1, 1, 1, 1, 1, 1], 'B': [1, 1, 1, 1, 1, 1, 1, 1, 1, 1]}, '南门东侧': {'A': [1, 1, 1, 1, 1, 1, 1, 1, 1, 1], 'B': [0, 1, 1, 1, 1, 1, 1, 1, 1, 1]}, '北门东北侧': {'A': [1, 1, 1, 1, 1, 1, 1, 1, 1, 1], 'B': [1, 1, 1, 1, 1, 1, 1, 1, 1, 1], 'C': [1, 1, 1, 1, 1, 1, 1, 1, 1, 1], 'D': [1, 1, 1, 1, 1, 1, 1, 1, 1, 1]}, '北门东南侧': {'A': [1, 1, 1, 1, 1, 1, 1, 1, 1, 1], 'B': [0, 1, 1, 1, 1, 1, 1, 1, 1, 1], 'C': [1, 1, 1, 1, 1, 1, 1, 1, 1, 1], 'D': [1, 1, 1, 1, 1, 1, 1, 1, 1, 1], 'E': [1, 1, 1, 1, 1, 1, 1, 1, 1, 1], 'F': [1, 1, 1, 1, 1, 1, 1, 1, 1, 1]}, '橘园北侧南': {'A': [1, 1, 1, 1, 1, 1, 1, 1, 1, 1], 'B': [0, 1, 1, 1, 1, 1, 1, 1, 1, 1], 'C': [1, 0, 1, 1, 1, 1, 1, 1, 1, 1], 'D': [1, 1, 1, 1, 1, 1, 1, 1, 1, 1], 'E': [0, 1, 1, 1, 1, 1, 1, 1, 1, 1], 'F': [1, 1, 1, 1, 0, 1, 1, 1, 1, 1], 'G': [1, 1, 1, 1, 1, 1, 1, 1, 1, 1], 'H': [1, 1, 1, 1, 1, 1, 1, 1, 1, 1], 'I': [1, 1, 1, 1, 1, 1, 1, 1, 1, 1], 'J': [1, 1, 1, 1, 1, 1, 1, 1, 1, 0]}, '校医院西': {'A': [1, 1, 1, 1, 1, 1, 1, 1, 1, 1], 'B': [1, 1, 1, 1, 1, 1, 1, 1, 1, 1], 'C': [1, 1, 1, 1, 1, 1, 1, 1, 1, 1], 'D': [1, 1, 1, 1, 1, 1, 1, 1, 1, 1], 'E': [1, 1, 1, 1, 1, 1, 1, 0, 1, 1], 'F': [1, 1, 1, 1, 1, 1, 1, 1, 1, 1], 'G': [1, 1, 1, 1, 1, 1, 1, 1, 1, 1], 'H': [1, 1, 1, 1, 1, 1, 1, 1, 1, 0], 'I': [1, 1, 1, 1, 1, 1, 1, 0, 1, 1]}}
623474	2024-07-13 08:39:21.894000+08:00	2024-07-13 08:39:21.894000+08:00	{'东门北侧': {'A': [1, 1, 1, 1, 1, 1, 1, 1, 1, 1], 'B': [1, 1, 1, 1, 1, 1, 1, 1, 1, 1], 'C': [1, 1, 1, 1, 1, 1, 1, 1, 1, 1], 'D': [1, 0, 1, 1, 1, 1, 1, 1, 1, 1], 'E': [1, 1, 0, 1, 1, 1, 1, 1, 1, 1], 'F': [0, 1, 1, 1, 1, 1, 1, 1, 1, 1], 'G': [1, 1, 1, 1, 1, 1, 1, 1, 1, 1], 'H': [1, 1, 1, 1, 1, 1, 1, 1, 1, 1], 'I': [1, 1, 0, 1, 1, 1, 1, 1, 1, 1], 'J': [1, 1, 1, 0, 1, 1, 1, 1, 1, 1], 'K': [0, 1, 1, 1, 1, 1, 1, 1, 1, 1]}, '东门南侧': {'A': [1, 1, 1, 1, 1, 1, 1, 1, 1, 1], 'B': [0, 0, 0, 0, 0, 0, 0, 0, 0, 0]}, '西门北侧': {'A': [1, 1, 1, 1, 1, 1, 1, 1, 1, 1], 'B': [1, 1, 1, 1, 1, 1, 1, 1, 1, 1], 'C': [1, 1, 1, 1, 1, 0, 1, 1, 1, 1]}, '西门南侧': {'A': [1, 1, 1, 1, 1, 1, 1, 1, 1, 1], 'B': [1, 1, 1, 1, 1, 1, 1, 1, 1, 1], 'C': [1, 1, 1, 1, 1, 0, 1, 1, 1, 1]}, '南门西侧': {'A': [1, 1, 1, 1, 1, 1, 1, 1, 1, 1], 'B': [1, 1, 1, 1, 1, 1, 1, 1, 1, 1]}, '南门东侧': {'A': [1, 1, 1, 1, 1, 1, 1, 1, 1, 1], 'B': [0, 1, 1, 1, 1, 1, 1, 1, 1, 1]}, '北门东北侧': {'A': [1, 1, 1, 1, 1, 1, 1, 1, 1, 1], 'B': [1, 1, 1, 1, 1, 1, 1, 1, 1, 1], 'C': [1, 1, 1, 1, 1, 1, 1, 1, 1, 1], 'D': [1, 1, 1, 1, 1, 1, 1, 1, 1, 1]}, '北门东南侧': {'A': [1, 1, 1, 1, 1, 1, 1, 1, 1, 1], 'B': [0, 1, 1, 1, 1, 1, 1, 1, 1, 1], 'C': [1, 1, 1, 1, 1, 1, 1, 1, 1, 1], 'D': [1, 1, 1, 1, 1, 1, 1, 1, 1, 1], 'E': [1, 1, 1, 1, 1, 1, 1, 1, 1, 1], 'F': [1, 1, 1, 1, 1, 1, 1, 1, 1, 1]}, '橘园北侧南': {'A': [1, 1, 1, 1, 1, 1, 1, 1, 1, 1], 'B': [0, 1, 1, 1, 1, 1, 1, 1, 1, 1], 'C': [1, 0, 1, 1, 1, 1, 1, 1, 1, 1], 'D': [1, 1, 1, 1, 1, 1, 1, 1, 1, 1], 'E': [0, 1, 1, 1, 1, 1, 1, 1, 1, 1], 'F': [1, 1, 1, 1, 0, 1, 1, 1, 1, 1], 'G': [1, 1, 1, 1, 1, 1, 1, 1, 1, 1], 'H': [1, 1, 1, 1, 1, 1, 1, 1, 1, 1], 'I': [1, 1, 1, 1, 1, 1, 1, 1, 1, 1], 'J': [1, 1, 1, 1, 1, 1, 1, 1, 1, 0]}, '校医院西': {'A': [1, 1, 1, 1, 1, 1, 1, 1, 1, 1], 'B': [1, 1, 1, 1, 1, 1, 1, 1, 1, 1], 'C': [1, 1, 1, 1, 1, 1, 1, 1, 1, 1], 'D': [1, 1, 1, 1, 1, 1, 1, 1, 1, 1], 'E': [1, 1, 1, 1, 1, 1, 1, 0, 1, 1], 'F': [1, 1, 1, 1, 1, 1, 1, 1, 1, 1], 'G': [1, 1, 1, 1, 1, 1, 1, 1, 1, 1], 'H': [1, 1, 1, 1, 1, 1, 1, 1, 1, 0], 'I': [1, 1, 1, 1, 1, 1, 1, 0, 1, 1]}}
623475	2024-07-13 08:40:21.885000+08:00	2024-07-13 08:40:21.885000+08:00	{'东门北侧': {'A': [1, 1, 1, 1, 1, 1, 1, 1, 1, 1], 'B': [1, 1, 1, 1, 1, 1, 1, 1, 1, 1], 'C': [1, 1, 1, 1, 1, 1, 1, 1, 1, 1], 'D': [1, 0, 1, 1, 1, 1, 1, 1, 1, 1], 'E': [1, 1, 0, 1, 1, 1, 1, 1, 1, 1], 'F': [0, 1, 1, 1, 1, 1, 1, 1, 1, 1], 'G': [1, 1, 1, 1, 1, 1, 1, 1, 1, 1], 'H': [1, 1, 1, 1, 1, 1, 1, 1, 1, 1], 'I': [1, 1, 0, 1, 1, 1, 1, 1, 1, 1], 'J': [1, 1, 1, 0, 1, 1, 1, 1, 1, 1], 'K': [0, 1, 1, 1, 1, 1, 1, 1, 1, 1]}, '东门南侧': {'A': [1, 1, 1, 1, 1, 1, 1, 1, 1, 1], 'B': [0, 0, 0, 0, 0, 0, 0, 0, 0, 0]}, '西门北侧': {'A': [1, 1, 1, 1, 1, 1, 1, 1, 1, 1], 'B': [1, 1, 1, 1, 1, 1, 1, 1, 1, 1], 'C': [1, 1, 1, 1, 1, 0, 1, 1, 1, 1]}, '西门南侧': {'A': [1, 1, 1, 1, 1, 1, 1, 1, 1, 1], 'B': [1, 1, 1, 1, 1, 1, 1, 1, 1, 1], 'C': [1, 1, 1, 1, 1, 0, 1, 1, 1, 1]}, '南门西侧': {'A': [1, 1, 1, 1, 1, 1, 1, 1, 1, 1], 'B': [1, 1, 1, 1, 1, 1, 1, 1, 1, 1]}, '南门东侧': {'A': [1, 1, 1, 1, 1, 1, 1, 1, 1, 1], 'B': [0, 1, 1, 1, 1, 1, 1, 1, 1, 1]}, '北门东北侧': {'A': [1, 1, 1, 1, 1, 1, 1, 1, 1, 1], 'B': [1, 1, 1, 1, 1, 1, 1, 1, 1, 0], 'C': [1, 1, 1, 1, 1, 1, 1, 1, 1, 1], 'D': [1, 1, 1, 1, 1, 1, 1, 1, 1, 1]}, '北门东南侧': {'A': [1, 1, 1, 1, 1, 1, 1, 1, 1, 1], 'B': [0, 1, 1, 1, 1, 1, 1, 1, 1, 1], 'C': [1, 1, 1, 1, 1, 1, 1, 1, 1, 1], 'D': [1, 1, 1, 1, 1, 1, 1, 1, 1, 1], 'E': [1, 1, 1, 1, 1, 1, 1, 1, 1, 1], 'F': [1, 1, 1, 1, 1, 1, 1, 1, 1, 1]}, '橘园北侧南': {'A': [1, 1, 1, 1, 1, 1, 1, 1, 1, 1], 'B': [0, 1, 1, 1, 1, 1, 1, 1, 1, 1], 'C': [1, 0, 1, 1, 1, 1, 1, 1, 1, 1], 'D': [1, 1, 1, 1, 1, 1, 1, 1, 1, 1], 'E': [0, 1, 1, 1, 1, 1, 1, 1, 1, 1], 'F': [1, 1, 1, 1, 0, 1, 1, 1, 1, 1], 'G': [1, 1, 1, 1, 1, 1, 1, 1, 1, 1], 'H': [1, 1, 1, 1, 1, 1, 1, 1, 1, 1], 'I': [1, 1, 1, 1, 1, 1, 1, 1, 1, 1], 'J': [1, 1, 1, 1, 1, 1, 1, 1, 1, 0]}, '校医院西': {'A': [1, 1, 1, 1, 1, 1, 1, 1, 1, 1], 'B': [1, 1, 1, 1, 1, 1, 1, 1, 1, 1], 'C': [1, 1, 1, 1, 1, 1, 1, 1, 1, 1], 'D': [1, 1, 1, 1, 1, 1, 1, 1, 1, 1], 'E': [1, 1, 1, 1, 1, 1, 1, 0, 1, 1], 'F': [1, 1, 1, 1, 1, 1, 1, 1, 1, 1], 'G': [1, 1, 1, 1, 1, 1, 1, 1, 1, 1], 'H': [1, 1, 1, 1, 1, 1, 1, 1, 1, 0], 'I': [1, 1, 1, 1, 1, 1, 1, 0, 1, 1]}}
623476	2024-07-13 08:41:21.906000+08:00	2024-07-13 08:41:21.906000+08:00	{'东门北侧': {'A': [1, 1, 1, 1, 1, 1, 1, 1, 1, 1], 'B': [1, 1, 1, 1, 1, 1, 1, 1, 1, 1], 'C': [1, 1, 1, 1, 1, 1, 1, 1, 1, 1], 'D': [1, 0, 1, 1, 1, 1, 1, 1, 1, 1], 'E': [1, 1, 0, 1, 1, 1, 1, 1, 1, 1], 'F': [0, 1, 1, 1, 1, 1, 1, 1, 1, 1], 'G': [1, 1, 1, 1, 1, 1, 1, 1, 1, 1], 'H': [1, 1, 1, 1, 1, 1, 1, 1, 1, 1], 'I': [1, 1, 0, 1, 1, 1, 1, 1, 1, 1], 'J': [1, 1, 1, 0, 1, 1, 1, 1, 1, 1], 'K': [0, 1, 1, 1, 1, 1, 1, 1, 1, 1]}, '东门南侧': {'A': [1, 1, 1, 1, 1, 1, 1, 1, 1, 1], 'B': [0, 0, 0, 0, 0, 0, 0, 0, 0, 0]}, '西门北侧': {'A': [1, 1, 1, 1, 1, 1, 1, 1, 1, 1], 'B': [1, 1, 1, 1, 1, 1, 1, 1, 1, 1], 'C': [1, 1, 1, 1, 1, 0, 1, 1, 1, 1]}, '西门南侧': {'A': [1, 1, 1, 1, 1, 1, 1, 1, 1, 1], 'B': [1, 1, 1, 1, 1, 1, 1, 1, 1, 1], 'C': [1, 1, 1, 1, 1, 0, 1, 1, 1, 1]}, '南门西侧': {'A': [1, 1, 1, 1, 1, 1, 1, 1, 1, 1], 'B': [1, 1, 1, 1, 1, 1, 1, 1, 1, 1]}, '南门东侧': {'A': [1, 1, 1, 1, 1, 1, 1, 1, 1, 1], 'B': [0, 1, 1, 1, 1, 1, 1, 1, 1, 1]}, '北门东北侧': {'A': [1, 1, 1, 1, 1, 1, 1, 1, 1, 1], 'B': [1, 1, 1, 1, 1, 1, 1, 1, 1, 0], 'C': [1, 1, 1, 1, 1, 1, 1, 1, 1, 1], 'D': [1, 1, 1, 1, 1, 1, 1, 1, 1, 1]}, '北门东南侧': {'A': [1, 1, 1, 1, 1, 1, 1, 1, 1, 1], 'B': [0, 1, 1, 1, 1, 1, 1, 1, 1, 1], 'C': [1, 1, 1, 1, 1, 1, 1, 1, 1, 1], 'D': [1, 1, 1, 1, 1, 1, 1, 1, 1, 1], 'E': [1, 1, 1, 1, 1, 1, 1, 1, 1, 1], 'F': [1, 1, 1, 1, 1, 1, 1, 1, 1, 1]}, '橘园北侧南': {'A': [1, 1, 1, 1, 1, 1, 1, 1, 1, 1], 'B': [0, 1, 1, 1, 1, 1, 1, 1, 1, 1], 'C': [1, 0, 1, 1, 1, 1, 1, 1, 1, 1], 'D': [1, 1, 1, 1, 1, 1, 1, 1, 1, 1], 'E': [0, 1, 1, 1, 1, 1, 1, 1, 1, 1], 'F': [1, 1, 1, 1, 0, 1, 1, 1, 1, 1], 'G': [1, 1, 1, 1, 1, 1, 1, 1, 1, 1], 'H': [1, 1, 1, 1, 1, 1, 1, 1, 1, 1], 'I': [1, 0, 1, 1, 1, 1, 1, 1, 1, 1], 'J': [1, 1, 1, 1, 1, 1, 1, 1, 1, 0]}, '校医院西': {'A': [1, 1, 1, 1, 1, 1, 1, 1, 1, 1], 'B': [1, 1, 1, 1, 1, 1, 1, 1, 1, 1], 'C': [1, 1, 1, 1, 1, 1, 1, 1, 1, 1], 'D': [1, 1, 1, 1, 1, 1, 1, 1, 1, 1], 'E': [1, 1, 1, 1, 1, 1, 1, 0, 1, 1], 'F': [1, 1, 1, 1, 1, 1, 1, 1, 1, 1], 'G': [1, 1, 1, 1, 1, 1, 1, 1, 1, 1], 'H': [1, 1, 1, 1, 1, 1, 1, 1, 1, 0], 'I': [1, 1, 1, 1, 1, 1, 1, 0, 1, 1]}}
623477	2024-07-13 08:42:20.883000+08:00	2024-07-13 08:42:20.883000+08:00	{'东门北侧': {'A': [1, 1, 1, 1, 1, 1, 1, 1, 1, 1], 'B': [1, 1, 1, 1, 1, 1, 1, 1, 1, 1], 'C': [1, 1, 1, 1, 1, 1, 1, 1, 1, 1], 'D': [1, 0, 1, 1, 1, 1, 1, 1, 1, 1], 'E': [1, 1, 0, 1, 1, 1, 1, 1, 1, 1], 'F': [0, 1, 1, 1, 1, 1, 1, 1, 1, 1], 'G': [1, 1, 1, 1, 1, 1, 1, 1, 1, 1], 'H': [1, 1, 1, 1, 1, 1, 1, 1, 1, 1], 'I': [1, 1, 0, 1, 1, 1, 1, 1, 1, 1], 'J': [1, 1, 1, 0, 1, 1, 1, 1, 1, 1], 'K': [0, 1, 1, 1, 1, 1, 1, 1, 1, 1]}, '东门南侧': {'A': [1, 1, 1, 1, 1, 1, 1, 1, 1, 1], 'B': [0, 0, 0, 0, 0, 0, 0, 0, 0, 0]}, '西门北侧': {'A': [1, 1, 1, 1, 1, 1, 1, 1, 1, 1], 'B': [1, 1, 1, 1, 1, 1, 1, 1, 1, 1], 'C': [1, 1, 1, 1, 1, 0, 1, 1, 1, 1]}, '西门南侧': {'A': [1, 1, 1, 1, 1, 1, 1, 1, 1, 1], 'B': [1, 1, 1, 1, 1, 1, 1, 1, 1, 1], 'C': [1, 1, 1, 1, 1, 0, 1, 1, 1, 1]}, '南门西侧': {'A': [1, 1, 1, 1, 1, 1, 1, 1, 1, 1], 'B': [1, 1, 1, 1, 1, 1, 1, 1, 1, 1]}, '南门东侧': {'A': [1, 1, 1, 1, 1, 1, 1, 1, 1, 1], 'B': [0, 1, 1, 1, 1, 1, 1, 1, 1, 1]}, '北门东北侧': {'A': [1, 1, 1, 1, 1, 1, 1, 1, 1, 1], 'B': [1, 1, 1, 1, 1, 1, 1, 1, 1, 0], 'C': [1, 1, 1, 1, 1, 1, 1, 1, 1, 1], 'D': [1, 1, 1, 1, 1, 1, 1, 1, 1, 1]}, '北门东南侧': {'A': [1, 1, 1, 1, 1, 1, 1, 1, 1, 1], 'B': [0, 1, 1, 1, 1, 1, 1, 1, 1, 1], 'C': [1, 1, 1, 1, 1, 1, 1, 1, 1, 1], 'D': [1, 1, 1, 1, 1, 1, 1, 1, 1, 1], 'E': [1, 1, 1, 1, 1, 1, 1, 1, 1, 1], 'F': [1, 1, 1, 1, 1, 1, 1, 1, 1, 1]}, '橘园北侧南': {'A': [1, 1, 1, 1, 1, 1, 1, 1, 1, 1], 'B': [0, 1, 1, 1, 1, 1, 1, 1, 1, 1], 'C': [1, 0, 1, 1, 1, 1, 1, 1, 1, 1], 'D': [1, 1, 1, 1, 1, 1, 1, 1, 1, 1], 'E': [0, 1, 1, 1, 1, 1, 1, 1, 1, 1], 'F': [1, 1, 1, 1, 0, 1, 1, 1, 1, 1], 'G': [1, 1, 1, 1, 1, 1, 1, 1, 1, 1], 'H': [1, 1, 1, 1, 1, 1, 1, 1, 1, 1], 'I': [1, 0, 1, 1, 1, 1, 1, 1, 1, 1], 'J': [1, 1, 1, 1, 1, 1, 1, 1, 1, 0]}, '校医院西': {'A': [1, 1, 1, 1, 1, 1, 1, 1, 1, 1], 'B': [1, 1, 1, 1, 1, 1, 1, 1, 1, 1], 'C': [1, 1, 1, 1, 1, 1, 1, 1, 1, 1], 'D': [1, 1, 1, 1, 1, 1, 1, 1, 1, 1], 'E': [1, 1, 1, 1, 1, 1, 1, 0, 1, 1], 'F': [1, 1, 1, 1, 1, 1, 1, 1, 1, 1], 'G': [1, 1, 1, 1, 1, 1, 1, 1, 1, 1], 'H': [1, 1, 1, 1, 1, 1, 1, 1, 1, 0], 'I': [1, 1, 1, 1, 1, 1, 1, 0, 1, 1]}}
623478	2024-07-13 08:43:22.879000+08:00	2024-07-13 08:43:22.879000+08:00	{'东门北侧': {'A': [1, 1, 1, 1, 1, 1, 1, 1, 1, 1], 'B': [1, 1, 1, 1, 1, 1, 1, 1, 1, 1], 'C': [1, 1, 1, 1, 1, 1, 1, 1, 1, 1], 'D': [1, 0, 1, 1, 1, 1, 1, 1, 1, 1], 'E': [1, 1, 0, 1, 1, 1, 1, 1, 1, 1], 'F': [0, 1, 1, 1, 1, 1, 1, 1, 1, 1], 'G': [1, 1, 1, 1, 1, 1, 1, 1, 1, 1], 'H': [1, 1, 1, 1, 1, 1, 1, 1, 1, 1], 'I': [1, 1, 0, 1, 1, 1, 1, 1, 1, 1], 'J': [1, 1, 1, 0, 1, 1, 1, 1, 1, 1], 'K': [0, 1, 1, 1, 1, 1, 1, 1, 1, 1]}, '东门南侧': {'A': [1, 1, 1, 1, 1, 1, 1, 1, 1, 1], 'B': [0, 0, 0, 0, 0, 0, 0, 0, 0, 0]}, '西门北侧': {'A': [1, 1, 1, 1, 1, 1, 1, 1, 1, 1], 'B': [1, 1, 1, 1, 1, 1, 1, 1, 1, 1], 'C': [1, 1, 1, 1, 1, 0, 1, 1, 1, 1]}, '西门南侧': {'A': [1, 1, 1, 1, 1, 1, 1, 1, 1, 1], 'B': [1, 1, 1, 1, 1, 1, 1, 1, 1, 1], 'C': [1, 1, 1, 1, 1, 0, 1, 1, 1, 1]}, '南门西侧': {'A': [1, 1, 1, 1, 1, 1, 1, 1, 1, 1], 'B': [1, 1, 1, 1, 1, 1, 1, 1, 1, 1]}, '南门东侧': {'A': [1, 1, 1, 1, 1, 1, 1, 1, 1, 1], 'B': [0, 1, 1, 1, 1, 1, 1, 1, 1, 1]}, '北门东北侧': {'A': [1, 1, 1, 1, 1, 1, 1, 1, 1, 1], 'B': [1, 1, 1, 1, 1, 1, 1, 1, 1, 0], 'C': [1, 1, 1, 1, 1, 1, 1, 1, 1, 1], 'D': [1, 1, 1, 1, 1, 1, 1, 1, 1, 1]}, '北门东南侧': {'A': [1, 1, 1, 1, 1, 1, 1, 1, 1, 1], 'B': [0, 1, 1, 1, 1, 1, 1, 1, 1, 1], 'C': [1, 1, 1, 1, 1, 1, 1, 1, 1, 1], 'D': [1, 1, 1, 1, 1, 1, 1, 1, 1, 1], 'E': [1, 1, 1, 1, 1, 1, 1, 1, 1, 1], 'F': [1, 1, 1, 1, 1, 1, 1, 1, 1, 1]}, '橘园北侧南': {'A': [1, 1, 1, 1, 1, 1, 1, 1, 1, 1], 'B': [0, 1, 1, 1, 1, 1, 1, 1, 1, 1], 'C': [1, 0, 1, 1, 1, 1, 1, 1, 1, 1], 'D': [1, 1, 1, 1, 1, 1, 1, 1, 1, 1], 'E': [0, 1, 1, 1, 1, 1, 1, 1, 1, 1], 'F': [1, 1, 1, 1, 0, 1, 1, 1, 1, 1], 'G': [1, 1, 1, 1, 1, 1, 1, 1, 1, 1], 'H': [1, 1, 1, 1, 1, 1, 1, 1, 1, 1], 'I': [1, 0, 1, 0, 1, 1, 1, 1, 1, 1], 'J': [1, 1, 1, 1, 1, 1, 1, 1, 1, 0]}, '校医院西': {'A': [1, 1, 1, 1, 1, 1, 1, 1, 1, 1], 'B': [1, 1, 1, 1, 1, 1, 1, 1, 1, 1], 'C': [1, 1, 1, 1, 1, 1, 1, 1, 1, 1], 'D': [1, 1, 1, 1, 1, 1, 1, 1, 1, 1], 'E': [1, 1, 1, 1, 1, 1, 1, 0, 1, 1], 'F': [1, 1, 1, 1, 1, 1, 1, 1, 1, 1], 'G': [1, 1, 1, 1, 1, 1, 1, 1, 1, 1], 'H': [1, 1, 1, 1, 1, 1, 1, 1, 1, 0], 'I': [1, 1, 1, 1, 1, 1, 1, 0, 1, 1]}}
623479	2024-07-13 08:44:22.912000+08:00	2024-07-13 08:44:22.912000+08:00	{'东门北侧': {'A': [1, 1, 1, 1, 1, 1, 1, 1, 1, 1], 'B': [1, 1, 1, 1, 1, 1, 1, 1, 1, 1], 'C': [1, 1, 1, 1, 1, 1, 1, 1, 1, 1], 'D': [1, 0, 1, 1, 1, 1, 1, 1, 1, 1], 'E': [1, 1, 0, 1, 1, 1, 1, 1, 1, 1], 'F': [0, 1, 1, 1, 1, 1, 1, 1, 1, 1], 'G': [1, 1, 1, 1, 1, 1, 1, 1, 1, 1], 'H': [1, 1, 1, 1, 1, 1, 1, 1, 1, 1], 'I': [1, 1, 0, 1, 1, 1, 1, 1, 1, 1], 'J': [1, 1, 1, 0, 1, 1, 1, 1, 1, 1], 'K': [0, 1, 1, 1, 1, 1, 1, 1, 1, 1]}, '东门南侧': {'A': [1, 1, 1, 1, 1, 1, 1, 1, 1, 1], 'B': [0, 0, 0, 0, 0, 0, 0, 0, 0, 0]}, '西门北侧': {'A': [1, 1, 1, 1, 1, 1, 1, 1, 1, 1], 'B': [1, 1, 1, 1, 1, 1, 1, 1, 1, 1], 'C': [1, 1, 1, 1, 1, 0, 1, 1, 1, 1]}, '西门南侧': {'A': [1, 1, 1, 1, 1, 1, 1, 1, 1, 1], 'B': [1, 1, 1, 1, 1, 1, 1, 1, 1, 1], 'C': [1, 1, 1, 1, 1, 0, 1, 1, 1, 1]}, '南门西侧': {'A': [1, 1, 1, 1, 1, 1, 1, 1, 1, 1], 'B': [1, 1, 1, 1, 1, 1, 1, 1, 1, 1]}, '南门东侧': {'A': [1, 1, 1, 1, 1, 1, 1, 1, 1, 1], 'B': [0, 1, 1, 1, 1, 1, 1, 1, 1, 1]}, '北门东北侧': {'A': [1, 1, 1, 1, 1, 1, 1, 1, 1, 1], 'B': [1, 1, 1, 1, 1, 1, 1, 1, 1, 0], 'C': [1, 1, 1, 1, 1, 1, 1, 1, 1, 1], 'D': [1, 1, 1, 1, 1, 1, 1, 1, 1, 1]}, '北门东南侧': {'A': [1, 1, 1, 1, 1, 1, 1, 1, 1, 1], 'B': [0, 1, 1, 1, 1, 1, 1, 1, 1, 1], 'C': [1, 1, 1, 1, 1, 1, 1, 1, 1, 1], 'D': [1, 1, 1, 1, 1, 1, 1, 1, 1, 1], 'E': [1, 1, 1, 1, 1, 1, 1, 1, 1, 1], 'F': [1, 1, 1, 1, 1, 1, 1, 1, 1, 1]}, '橘园北侧南': {'A': [1, 1, 1, 1, 1, 1, 1, 1, 1, 1], 'B': [0, 1, 1, 1, 1, 1, 1, 1, 1, 1], 'C': [1, 1, 1, 1, 1, 1, 1, 1, 1, 1], 'D': [1, 1, 1, 1, 1, 1, 1, 1, 1, 1], 'E': [0, 1, 1, 1, 1, 1, 1, 1, 1, 1], 'F': [1, 1, 1, 1, 0, 1, 1, 1, 1, 1], 'G': [1, 1, 1, 1, 1, 1, 1, 1, 1, 1], 'H': [1, 1, 1, 1, 1, 1, 1, 1, 1, 1], 'I': [1, 0, 1, 0, 1, 1, 1, 1, 1, 1], 'J': [1, 1, 1, 1, 1, 1, 1, 1, 1, 0]}, '校医院西': {'A': [1, 1, 1, 1, 1, 1, 1, 1, 1, 1], 'B': [1, 1, 1, 1, 1, 1, 1, 1, 1, 1], 'C': [1, 1, 1, 1, 1, 1, 1, 1, 1, 1], 'D': [1, 1, 1, 1, 1, 1, 1, 1, 1, 1], 'E': [1, 1, 1, 1, 1, 1, 1, 0, 1, 1], 'F': [1, 1, 1, 1, 1, 1, 1, 1, 1, 1], 'G': [1, 1, 1, 1, 1, 1, 1, 1, 1, 1], 'H': [1, 1, 1, 1, 1, 1, 1, 1, 1, 0], 'I': [1, 1, 1, 1, 1, 1, 1, 0, 1, 1]}}
623480	2024-07-13 08:45:21.876000+08:00	2024-07-13 08:45:21.876000+08:00	{'东门北侧': {'A': [1, 1, 1, 1, 1, 1, 1, 1, 1, 1], 'B': [1, 1, 1, 1, 1, 1, 1, 1, 1, 1], 'C': [1, 1, 1, 1, 1, 1, 1, 1, 1, 1], 'D': [1, 0, 1, 1, 1, 1, 1, 1, 1, 1], 'E': [1, 1, 0, 1, 1, 1, 1, 1, 1, 1], 'F': [0, 1, 1, 1, 1, 1, 1, 1, 1, 1], 'G': [1, 1, 1, 1, 1, 1, 1, 1, 1, 1], 'H': [1, 1, 1, 1, 1, 1, 1, 1, 1, 1], 'I': [1, 1, 0, 1, 1, 1, 1, 1, 1, 1], 'J': [1, 1, 1, 0, 1, 1, 1, 1, 1, 1], 'K': [0, 1, 1, 1, 1, 1, 1, 1, 1, 1]}, '东门南侧': {'A': [1, 1, 1, 1, 1, 1, 1, 1, 1, 1], 'B': [0, 0, 0, 0, 0, 0, 0, 0, 0, 0]}, '西门北侧': {'A': [1, 1, 1, 1, 1, 1, 1, 1, 1, 1], 'B': [1, 1, 1, 1, 1, 1, 1, 1, 1, 1], 'C': [1, 1, 1, 1, 1, 0, 1, 1, 1, 1]}, '西门南侧': {'A': [1, 1, 1, 1, 1, 1, 1, 1, 1, 1], 'B': [1, 1, 1, 1, 1, 1, 1, 1, 1, 1], 'C': [1, 1, 1, 1, 1, 0, 1, 1, 1, 1]}, '南门西侧': {'A': [1, 1, 1, 1, 1, 1, 1, 1, 1, 1], 'B': [1, 1, 1, 1, 1, 1, 1, 1, 1, 1]}, '南门东侧': {'A': [1, 1, 1, 1, 1, 1, 1, 1, 1, 1], 'B': [0, 1, 1, 1, 1, 1, 1, 1, 1, 1]}, '北门东北侧': {'A': [1, 1, 1, 1, 1, 1, 1, 1, 1, 1], 'B': [1, 1, 1, 1, 1, 1, 1, 1, 1, 0], 'C': [1, 1, 1, 1, 1, 1, 1, 1, 1, 1], 'D': [1, 1, 1, 1, 1, 1, 1, 1, 1, 1]}, '北门东南侧': {'A': [1, 1, 1, 1, 1, 1, 1, 1, 1, 1], 'B': [0, 1, 1, 1, 1, 1, 1, 1, 1, 1], 'C': [1, 1, 1, 1, 1, 1, 1, 1, 1, 1], 'D': [1, 1, 1, 1, 1, 1, 1, 1, 1, 1], 'E': [1, 1, 1, 1, 1, 1, 1, 1, 1, 1], 'F': [1, 1, 1, 1, 1, 1, 1, 1, 1, 1]}, '橘园北侧南': {'A': [1, 1, 1, 1, 1, 1, 1, 1, 1, 1], 'B': [0, 1, 1, 1, 1, 1, 1, 1, 1, 1], 'C': [1, 1, 1, 1, 1, 1, 1, 1, 1, 1], 'D': [1, 1, 1, 1, 1, 1, 1, 1, 1, 1], 'E': [0, 1, 1, 1, 1, 1, 1, 1, 1, 1], 'F': [1, 1, 1, 1, 0, 1, 1, 1, 1, 1], 'G': [1, 1, 1, 1, 1, 1, 1, 1, 1, 1], 'H': [1, 1, 1, 1, 1, 1, 1, 1, 1, 1], 'I': [1, 0, 1, 0, 1, 1, 1, 1, 1, 1], 'J': [1, 1, 1, 1, 1, 1, 1, 1, 1, 0]}, '校医院西': {'A': [1, 1, 1, 1, 1, 1, 1, 1, 1, 1], 'B': [1, 1, 1, 1, 1, 1, 1, 1, 1, 1], 'C': [1, 1, 1, 1, 1, 1, 1, 1, 1, 1], 'D': [1, 1, 1, 1, 1, 1, 1, 1, 1, 1], 'E': [1, 1, 1, 1, 1, 1, 1, 0, 1, 1], 'F': [1, 1, 1, 1, 1, 1, 1, 1, 1, 1], 'G': [1, 1, 1, 1, 1, 1, 1, 1, 1, 1], 'H': [1, 1, 1, 1, 1, 1, 1, 1, 1, 0], 'I': [1, 1, 1, 1, 1, 1, 1, 0, 1, 1]}}
623481	2024-07-13 08:46:20.881000+08:00	2024-07-13 08:46:20.881000+08:00	{'东门北侧': {'A': [1, 1, 1, 1, 1, 1, 1, 1, 1, 1], 'B': [1, 1, 1, 1, 1, 1, 1, 1, 1, 1], 'C': [1, 1, 1, 1, 1, 1, 1, 1, 1, 1], 'D': [1, 0, 1, 1, 1, 1, 1, 1, 1, 1], 'E': [1, 1, 0, 1, 1, 1, 1, 1, 1, 1], 'F': [0, 1, 1, 1, 1, 1, 1, 1, 1, 1], 'G': [1, 1, 1, 1, 1, 1, 1, 1, 1, 1], 'H': [1, 1, 1, 1, 1, 1, 1, 1, 1, 1], 'I': [1, 1, 0, 1, 1, 1, 1, 1, 1, 1], 'J': [1, 1, 1, 0, 1, 1, 1, 1, 1, 1], 'K': [0, 1, 1, 1, 1, 1, 1, 1, 1, 1]}, '东门南侧': {'A': [1, 1, 1, 1, 1, 1, 1, 1, 1, 1], 'B': [0, 0, 0, 0, 0, 0, 0, 0, 0, 0]}, '西门北侧': {'A': [1, 1, 1, 1, 1, 1, 1, 1, 1, 1], 'B': [1, 1, 1, 1, 1, 1, 1, 1, 1, 1], 'C': [1, 1, 1, 1, 1, 0, 1, 1, 1, 1]}, '西门南侧': {'A': [1, 1, 1, 1, 1, 1, 1, 1, 1, 1], 'B': [1, 1, 1, 1, 1, 1, 1, 1, 1, 1], 'C': [1, 1, 1, 1, 1, 0, 1, 1, 1, 1]}, '南门西侧': {'A': [1, 1, 1, 1, 1, 1, 1, 1, 1, 1], 'B': [1, 1, 1, 1, 1, 1, 1, 1, 1, 1]}, '南门东侧': {'A': [1, 1, 1, 1, 1, 1, 1, 1, 1, 1], 'B': [0, 1, 1, 1, 1, 1, 1, 1, 1, 1]}, '北门东北侧': {'A': [1, 1, 1, 1, 1, 1, 1, 1, 1, 1], 'B': [1, 1, 1, 1, 1, 1, 1, 1, 1, 0], 'C': [1, 1, 1, 1, 1, 1, 1, 1, 1, 1], 'D': [1, 1, 1, 1, 1, 1, 1, 1, 1, 1]}, '北门东南侧': {'A': [1, 1, 1, 1, 1, 1, 1, 1, 1, 1], 'B': [0, 1, 1, 1, 1, 1, 1, 1, 1, 1], 'C': [1, 1, 1, 1, 1, 1, 1, 1, 1, 1], 'D': [1, 1, 1, 1, 1, 1, 1, 1, 1, 1], 'E': [1, 1, 1, 1, 1, 1, 1, 1, 1, 1], 'F': [1, 1, 1, 1, 1, 1, 1, 1, 1, 1]}, '橘园北侧南': {'A': [1, 1, 1, 1, 1, 1, 1, 1, 1, 1], 'B': [0, 1, 1, 1, 1, 1, 1, 1, 1, 1], 'C': [1, 1, 1, 1, 1, 1, 1, 1, 1, 1], 'D': [1, 1, 1, 1, 1, 1, 1, 1, 1, 1], 'E': [0, 1, 1, 1, 1, 1, 1, 1, 1, 1], 'F': [1, 1, 1, 1, 0, 1, 1, 1, 1, 1], 'G': [1, 1, 1, 1, 1, 1, 1, 1, 1, 1], 'H': [1, 1, 1, 1, 1, 1, 1, 1, 1, 1], 'I': [1, 0, 1, 0, 1, 1, 1, 1, 1, 1], 'J': [1, 1, 1, 1, 1, 1, 1, 1, 1, 0]}, '校医院西': {'A': [1, 1, 1, 1, 1, 1, 1, 1, 1, 1], 'B': [1, 1, 1, 1, 1, 1, 1, 1, 1, 1], 'C': [1, 1, 1, 1, 1, 1, 1, 1, 1, 1], 'D': [1, 1, 1, 1, 1, 1, 1, 1, 1, 1], 'E': [1, 1, 1, 1, 1, 1, 1, 0, 1, 1], 'F': [1, 1, 1, 1, 1, 1, 1, 1, 1, 1], 'G': [1, 1, 1, 1, 1, 1, 1, 1, 1, 1], 'H': [1, 1, 1, 1, 1, 1, 1, 1, 1, 0], 'I': [1, 1, 1, 1, 1, 1, 1, 0, 1, 1]}}
623482	2024-07-13 08:47:20.922000+08:00	2024-07-13 08:47:20.922000+08:00	{'东门北侧': {'A': [1, 1, 1, 1, 1, 1, 1, 1, 1, 1], 'B': [1, 1, 1, 1, 1, 1, 1, 1, 1, 1], 'C': [1, 1, 1, 1, 1, 1, 1, 1, 1, 1], 'D': [1, 0, 1, 1, 1, 1, 1, 1, 1, 1], 'E': [1, 1, 0, 1, 1, 1, 1, 1, 1, 1], 'F': [0, 1, 1, 1, 1, 1, 1, 1, 1, 1], 'G': [1, 1, 1, 1, 1, 1, 1, 1, 1, 1], 'H': [1, 1, 1, 1, 1, 1, 1, 1, 1, 1], 'I': [1, 1, 0, 1, 1, 1, 1, 1, 1, 1], 'J': [1, 1, 1, 0, 1, 1, 1, 1, 1, 1], 'K': [0, 0, 1, 1, 1, 1, 1, 1, 1, 1]}, '东门南侧': {'A': [1, 1, 1, 1, 1, 1, 1, 1, 1, 1], 'B': [0, 0, 0, 0, 0, 0, 0, 0, 0, 0]}, '西门北侧': {'A': [1, 1, 1, 1, 1, 1, 1, 1, 1, 1], 'B': [1, 1, 1, 1, 1, 1, 1, 1, 1, 1], 'C': [1, 1, 1, 1, 1, 0, 1, 1, 1, 1]}, '西门南侧': {'A': [1, 1, 1, 1, 1, 1, 1, 1, 1, 1], 'B': [1, 1, 1, 1, 1, 1, 1, 1, 1, 1], 'C': [1, 1, 1, 1, 1, 0, 1, 1, 1, 1]}, '南门西侧': {'A': [1, 1, 1, 1, 1, 1, 1, 1, 1, 1], 'B': [1, 1, 1, 1, 1, 1, 1, 1, 1, 1]}, '南门东侧': {'A': [1, 1, 1, 1, 1, 1, 1, 1, 1, 1], 'B': [0, 1, 1, 1, 1, 1, 1, 1, 1, 1]}, '北门东北侧': {'A': [1, 1, 1, 1, 1, 1, 1, 1, 1, 1], 'B': [1, 1, 1, 1, 1, 1, 1, 1, 1, 0], 'C': [1, 1, 1, 1, 1, 1, 1, 1, 1, 1], 'D': [1, 1, 1, 1, 1, 1, 1, 1, 1, 1]}, '北门东南侧': {'A': [1, 1, 1, 1, 1, 1, 1, 1, 1, 1], 'B': [0, 1, 1, 1, 1, 1, 1, 1, 1, 1], 'C': [1, 1, 1, 1, 1, 1, 1, 1, 1, 1], 'D': [1, 1, 1, 1, 1, 1, 1, 1, 1, 1], 'E': [1, 1, 1, 1, 1, 1, 1, 1, 1, 1], 'F': [1, 1, 1, 1, 1, 1, 1, 1, 1, 1]}, '橘园北侧南': {'A': [1, 1, 1, 1, 1, 1, 1, 1, 1, 1], 'B': [0, 1, 1, 1, 1, 1, 1, 1, 1, 1], 'C': [1, 1, 1, 1, 1, 1, 1, 1, 1, 1], 'D': [1, 1, 1, 1, 1, 1, 1, 1, 1, 1], 'E': [0, 1, 1, 1, 1, 1, 1, 1, 1, 1], 'F': [1, 1, 1, 1, 0, 1, 1, 1, 1, 1], 'G': [1, 1, 1, 1, 1, 1, 1, 1, 1, 1], 'H': [1, 1, 1, 1, 1, 1, 1, 1, 1, 1], 'I': [1, 0, 1, 0, 1, 1, 1, 1, 1, 1], 'J': [1, 1, 1, 1, 1, 1, 1, 1, 1, 0]}, '校医院西': {'A': [1, 1, 1, 1, 1, 1, 1, 1, 1, 1], 'B': [1, 1, 1, 1, 1, 1, 1, 1, 1, 1], 'C': [1, 1, 1, 1, 1, 1, 1, 1, 1, 1], 'D': [1, 1, 1, 1, 1, 1, 1, 1, 1, 1], 'E': [1, 1, 1, 1, 1, 1, 1, 0, 1, 1], 'F': [1, 1, 1, 1, 1, 1, 1, 1, 1, 1], 'G': [1, 1, 1, 1, 1, 1, 1, 1, 1, 1], 'H': [1, 1, 1, 1, 1, 1, 1, 1, 1, 0], 'I': [1, 1, 1, 1, 1, 1, 1, 0, 1, 1]}}
623483	2024-07-13 08:48:21.881000+08:00	2024-07-13 08:48:21.881000+08:00	{'东门北侧': {'A': [1, 1, 1, 1, 1, 1, 1, 1, 1, 1], 'B': [1, 1, 1, 1, 1, 1, 1, 1, 1, 1], 'C': [1, 1, 1, 1, 1, 1, 1, 1, 1, 1], 'D': [1, 0, 1, 1, 1, 1, 1, 1, 1, 1], 'E': [1, 1, 0, 1, 1, 1, 1, 1, 1, 1], 'F': [0, 1, 1, 1, 1, 1, 1, 1, 1, 1], 'G': [1, 1, 1, 1, 1, 1, 1, 1, 1, 1], 'H': [1, 1, 1, 1, 1, 1, 1, 1, 1, 1], 'I': [1, 1, 0, 1, 1, 1, 1, 1, 1, 1], 'J': [1, 1, 1, 0, 1, 1, 1, 1, 1, 1], 'K': [0, 0, 1, 1, 1, 1, 1, 1, 1, 1]}, '东门南侧': {'A': [1, 1, 1, 1, 1, 1, 1, 1, 1, 1], 'B': [0, 0, 0, 0, 0, 0, 0, 0, 0, 0]}, '西门北侧': {'A': [1, 1, 1, 1, 1, 1, 1, 1, 1, 1], 'B': [1, 1, 1, 1, 1, 1, 1, 1, 1, 1], 'C': [1, 1, 1, 1, 1, 0, 1, 1, 1, 1]}, '西门南侧': {'A': [1, 1, 1, 1, 1, 1, 1, 1, 1, 1], 'B': [1, 1, 1, 1, 1, 1, 1, 1, 1, 1], 'C': [1, 1, 1, 1, 1, 0, 1, 1, 1, 1]}, '南门西侧': {'A': [1, 1, 1, 1, 1, 1, 1, 1, 1, 1], 'B': [1, 1, 1, 1, 1, 1, 1, 1, 1, 1]}, '南门东侧': {'A': [1, 1, 1, 1, 1, 1, 1, 1, 1, 1], 'B': [0, 1, 1, 1, 1, 1, 1, 1, 1, 1]}, '北门东北侧': {'A': [1, 1, 1, 1, 1, 1, 1, 1, 1, 1], 'B': [1, 1, 1, 1, 1, 1, 1, 1, 1, 0], 'C': [1, 1, 1, 1, 1, 1, 1, 1, 1, 1], 'D': [1, 1, 1, 1, 1, 1, 1, 1, 1, 1]}, '北门东南侧': {'A': [1, 1, 1, 1, 1, 1, 1, 1, 1, 1], 'B': [0, 1, 1, 1, 1, 1, 1, 1, 1, 1], 'C': [1, 1, 1, 1, 1, 1, 1, 1, 1, 1], 'D': [1, 1, 1, 1, 1, 1, 1, 1, 1, 1], 'E': [1, 1, 1, 1, 1, 1, 1, 1, 1, 1], 'F': [1, 1, 1, 1, 1, 1, 1, 1, 1, 1]}, '橘园北侧南': {'A': [1, 1, 1, 1, 1, 1, 1, 1, 1, 1], 'B': [0, 1, 1, 1, 1, 1, 1, 1, 1, 1], 'C': [1, 1, 1, 1, 1, 1, 1, 1, 1, 1], 'D': [1, 1, 1, 1, 1, 1, 1, 1, 1, 1], 'E': [0, 1, 1, 1, 1, 1, 1, 1, 1, 1], 'F': [1, 1, 1, 1, 0, 1, 1, 1, 1, 1], 'G': [1, 1, 1, 1, 1, 1, 1, 1, 1, 1], 'H': [1, 1, 1, 1, 1, 1, 1, 1, 1, 1], 'I': [1, 0, 1, 0, 1, 1, 1, 1, 1, 1], 'J': [1, 1, 1, 1, 1, 1, 1, 1, 1, 0]}, '校医院西': {'A': [1, 1, 1, 1, 1, 1, 1, 1, 1, 1], 'B': [1, 1, 1, 1, 1, 1, 1, 1, 1, 1], 'C': [1, 1, 1, 1, 1, 1, 1, 1, 1, 1], 'D': [1, 1, 1, 1, 1, 1, 1, 1, 1, 1], 'E': [1, 1, 1, 1, 1, 1, 1, 0, 1, 1], 'F': [1, 1, 1, 1, 1, 1, 1, 1, 1, 1], 'G': [1, 1, 1, 1, 1, 1, 1, 1, 1, 1], 'H': [1, 1, 1, 1, 1, 1, 1, 1, 1, 0], 'I': [1, 1, 1, 1, 1, 1, 1, 0, 1, 1]}}
623484	2024-07-13 08:49:21.893000+08:00	2024-07-13 08:49:21.893000+08:00	{'东门北侧': {'A': [1, 1, 1, 1, 1, 1, 1, 1, 1, 1], 'B': [1, 1, 1, 1, 1, 1, 1, 1, 1, 1], 'C': [1, 1, 1, 1, 1, 1, 1, 1, 1, 1], 'D': [1, 0, 1, 1, 1, 1, 1, 1, 1, 1], 'E': [1, 1, 0, 1, 1, 1, 1, 1, 1, 1], 'F': [0, 1, 1, 1, 1, 1, 1, 1, 1, 1], 'G': [1, 1, 1, 1, 1, 1, 1, 1, 1, 1], 'H': [1, 1, 1, 1, 1, 1, 1, 1, 1, 1], 'I': [1, 1, 0, 1, 1, 1, 1, 1, 1, 1], 'J': [1, 1, 1, 0, 1, 1, 1, 1, 1, 1], 'K': [0, 0, 1, 1, 1, 1, 1, 1, 1, 1]}, '东门南侧': {'A': [1, 1, 1, 1, 1, 1, 1, 1, 1, 1], 'B': [0, 0, 0, 0, 0, 0, 0, 0, 0, 0]}, '西门北侧': {'A': [1, 1, 1, 1, 1, 1, 1, 1, 1, 1], 'B': [1, 1, 1, 1, 1, 1, 1, 1, 1, 1], 'C': [1, 1, 1, 1, 1, 0, 1, 1, 1, 1]}, '西门南侧': {'A': [1, 1, 1, 1, 1, 1, 1, 1, 1, 1], 'B': [1, 1, 1, 1, 1, 1, 1, 1, 1, 1], 'C': [1, 1, 1, 1, 1, 0, 1, 1, 1, 1]}, '南门西侧': {'A': [1, 1, 1, 1, 1, 1, 1, 1, 1, 1], 'B': [1, 1, 1, 1, 1, 1, 1, 1, 1, 1]}, '南门东侧': {'A': [1, 1, 1, 1, 1, 1, 1, 1, 1, 1], 'B': [0, 1, 1, 1, 1, 1, 1, 1, 1, 1]}, '北门东北侧': {'A': [1, 1, 1, 1, 1, 1, 1, 1, 1, 1], 'B': [1, 1, 1, 1, 1, 1, 1, 1, 1, 0], 'C': [1, 1, 1, 1, 1, 1, 1, 1, 1, 1], 'D': [1, 1, 1, 1, 1, 1, 1, 1, 1, 1]}, '北门东南侧': {'A': [1, 1, 1, 1, 1, 1, 1, 1, 1, 1], 'B': [0, 1, 1, 1, 1, 1, 1, 1, 1, 1], 'C': [1, 1, 1, 1, 1, 1, 1, 1, 1, 1], 'D': [1, 1, 1, 1, 1, 1, 1, 1, 1, 1], 'E': [1, 1, 1, 1, 1, 1, 1, 1, 1, 1], 'F': [1, 1, 1, 1, 1, 1, 1, 1, 1, 1]}, '橘园北侧南': {'A': [1, 1, 1, 1, 1, 1, 1, 1, 1, 1], 'B': [0, 1, 1, 1, 1, 1, 1, 1, 1, 1], 'C': [1, 1, 1, 1, 1, 1, 1, 1, 1, 1], 'D': [1, 1, 1, 1, 1, 1, 1, 1, 1, 1], 'E': [0, 1, 1, 1, 1, 1, 1, 1, 1, 1], 'F': [1, 1, 1, 1, 0, 1, 1, 1, 1, 1], 'G': [1, 1, 1, 1, 1, 1, 1, 1, 1, 1], 'H': [1, 1, 1, 1, 1, 1, 1, 1, 1, 1], 'I': [1, 0, 1, 0, 1, 1, 1, 1, 1, 1], 'J': [1, 1, 1, 1, 1, 1, 1, 1, 1, 0]}, '校医院西': {'A': [1, 1, 1, 1, 1, 1, 1, 1, 1, 1], 'B': [1, 1, 1, 1, 1, 1, 1, 1, 1, 1], 'C': [1, 1, 1, 1, 1, 1, 1, 1, 1, 1], 'D': [1, 1, 1, 1, 1, 1, 1, 1, 1, 1], 'E': [1, 1, 1, 1, 1, 1, 1, 0, 1, 1], 'F': [1, 1, 1, 1, 1, 1, 1, 1, 1, 1], 'G': [1, 1, 1, 1, 1, 1, 1, 1, 1, 1], 'H': [1, 1, 1, 1, 1, 1, 1, 1, 1, 0], 'I': [1, 1, 1, 1, 1, 1, 1, 0, 1, 1]}}
623485	2024-07-13 08:50:23.082000+08:00	2024-07-13 08:50:23.082000+08:00	{'东门北侧': {'A': [1, 1, 1, 1, 1, 1, 1, 1, 1, 1], 'B': [1, 1, 1, 1, 1, 1, 1, 1, 1, 1], 'C': [1, 1, 1, 1, 1, 1, 1, 1, 1, 1], 'D': [1, 0, 1, 1, 1, 1, 1, 1, 1, 1], 'E': [1, 1, 0, 1, 1, 1, 1, 1, 1, 1], 'F': [0, 1, 1, 1, 1, 1, 1, 1, 1, 1], 'G': [1, 1, 1, 1, 1, 1, 1, 1, 1, 1], 'H': [1, 1, 1, 1, 1, 1, 1, 1, 1, 1], 'I': [1, 1, 0, 1, 1, 1, 1, 1, 1, 1], 'J': [1, 1, 1, 0, 1, 1, 1, 1, 1, 1], 'K': [0, 0, 1, 1, 1, 1, 1, 1, 1, 1]}, '东门南侧': {'A': [1, 1, 1, 1, 1, 1, 1, 1, 1, 1], 'B': [0, 0, 0, 0, 0, 0, 0, 0, 0, 0]}, '西门北侧': {'A': [1, 1, 1, 1, 1, 1, 1, 1, 1, 1], 'B': [1, 1, 1, 1, 1, 1, 1, 1, 1, 1], 'C': [1, 1, 1, 1, 1, 0, 1, 1, 1, 1]}, '西门南侧': {'A': [1, 1, 1, 1, 1, 1, 1, 1, 1, 1], 'B': [1, 1, 1, 1, 1, 1, 1, 1, 1, 1], 'C': [1, 1, 1, 1, 1, 0, 1, 1, 1, 1]}, '南门西侧': {'A': [1, 1, 1, 1, 1, 1, 1, 1, 1, 1], 'B': [1, 1, 1, 1, 1, 1, 1, 1, 1, 1]}, '南门东侧': {'A': [1, 1, 1, 1, 1, 1, 1, 1, 1, 1], 'B': [0, 1, 1, 1, 1, 1, 1, 1, 1, 1]}, '北门东北侧': {'A': [1, 1, 1, 1, 1, 1, 1, 1, 1, 1], 'B': [1, 1, 1, 1, 1, 1, 1, 1, 1, 0], 'C': [1, 1, 1, 1, 1, 1, 1, 1, 1, 1], 'D': [1, 1, 1, 1, 1, 1, 1, 1, 1, 1]}, '北门东南侧': {'A': [1, 1, 1, 1, 1, 1, 1, 1, 1, 1], 'B': [0, 1, 1, 1, 1, 1, 1, 1, 1, 1], 'C': [1, 1, 1, 1, 1, 1, 1, 1, 1, 1], 'D': [1, 1, 1, 1, 1, 1, 1, 1, 1, 1], 'E': [1, 1, 1, 1, 1, 1, 1, 1, 1, 1], 'F': [1, 1, 1, 1, 1, 1, 1, 1, 1, 1]}, '橘园北侧南': {'A': [1, 1, 1, 1, 1, 1, 1, 1, 1, 1], 'B': [0, 1, 1, 1, 1, 1, 1, 1, 1, 1], 'C': [1, 1, 1, 1, 1, 1, 1, 1, 1, 1], 'D': [1, 1, 1, 1, 1, 1, 1, 1, 1, 1], 'E': [0, 1, 1, 1, 1, 1, 0, 1, 1, 1], 'F': [1, 1, 1, 1, 0, 1, 1, 1, 1, 1], 'G': [1, 1, 1, 1, 1, 1, 1, 1, 1, 1], 'H': [1, 1, 1, 1, 1, 1, 1, 1, 1, 1], 'I': [1, 0, 1, 0, 1, 1, 1, 1, 1, 1], 'J': [1, 1, 1, 1, 1, 1, 1, 1, 1, 0]}, '校医院西': {'A': [1, 1, 1, 1, 1, 1, 1, 1, 1, 1], 'B': [1, 1, 1, 1, 1, 1, 1, 1, 1, 1], 'C': [1, 1, 1, 1, 1, 1, 1, 1, 1, 1], 'D': [1, 1, 1, 1, 1, 1, 1, 1, 1, 1], 'E': [1, 1, 1, 1, 1, 1, 1, 0, 1, 1], 'F': [1, 1, 1, 1, 1, 1, 1, 1, 1, 1], 'G': [1, 1, 1, 1, 1, 1, 1, 1, 1, 1], 'H': [1, 1, 1, 1, 1, 1, 1, 1, 1, 0], 'I': [1, 1, 1, 1, 1, 1, 1, 0, 1, 1]}}
623486	2024-07-13 08:51:20.884000+08:00	2024-07-13 08:51:20.884000+08:00	{'东门北侧': {'A': [1, 1, 1, 1, 1, 1, 1, 1, 1, 1], 'B': [1, 1, 1, 1, 1, 1, 1, 1, 1, 1], 'C': [1, 1, 1, 1, 1, 1, 1, 1, 1, 1], 'D': [1, 0, 1, 1, 1, 1, 1, 1, 1, 1], 'E': [1, 1, 0, 1, 1, 1, 1, 1, 1, 1], 'F': [0, 1, 1, 1, 1, 1, 1, 1, 1, 1], 'G': [1, 1, 1, 1, 1, 1, 1, 1, 1, 1], 'H': [1, 1, 1, 1, 1, 1, 1, 1, 1, 1], 'I': [1, 1, 0, 1, 1, 1, 1, 1, 1, 1], 'J': [1, 1, 1, 0, 1, 1, 1, 1, 1, 1], 'K': [0, 0, 1, 1, 1, 1, 1, 1, 1, 1]}, '东门南侧': {'A': [1, 1, 1, 1, 1, 1, 1, 1, 1, 1], 'B': [0, 0, 0, 0, 0, 0, 0, 0, 0, 0]}, '西门北侧': {'A': [1, 1, 1, 1, 1, 1, 1, 1, 1, 1], 'B': [1, 1, 1, 1, 1, 1, 1, 1, 1, 1], 'C': [1, 1, 1, 1, 1, 0, 1, 1, 1, 1]}, '西门南侧': {'A': [1, 1, 1, 1, 1, 1, 1, 1, 1, 1], 'B': [1, 1, 1, 1, 1, 1, 1, 1, 1, 1], 'C': [1, 1, 1, 1, 1, 0, 1, 1, 1, 1]}, '南门西侧': {'A': [1, 1, 1, 1, 1, 1, 1, 1, 1, 1], 'B': [1, 1, 1, 1, 1, 1, 1, 1, 1, 1]}, '南门东侧': {'A': [1, 1, 1, 1, 1, 1, 1, 1, 1, 1], 'B': [0, 1, 1, 1, 1, 1, 1, 1, 1, 1]}, '北门东北侧': {'A': [1, 1, 1, 1, 1, 1, 1, 1, 1, 1], 'B': [1, 1, 1, 1, 1, 1, 1, 1, 1, 0], 'C': [1, 1, 1, 1, 1, 1, 1, 1, 1, 1], 'D': [1, 1, 1, 1, 1, 1, 1, 1, 1, 1]}, '北门东南侧': {'A': [1, 1, 1, 1, 1, 1, 1, 1, 1, 1], 'B': [0, 1, 1, 1, 1, 1, 1, 1, 1, 1], 'C': [1, 1, 1, 1, 1, 1, 1, 1, 1, 1], 'D': [1, 1, 1, 1, 1, 1, 1, 1, 1, 1], 'E': [1, 1, 1, 1, 1, 1, 1, 1, 1, 1], 'F': [1, 1, 1, 1, 1, 1, 1, 1, 1, 1]}, '橘园北侧南': {'A': [1, 1, 1, 1, 1, 1, 1, 1, 1, 1], 'B': [0, 1, 1, 1, 1, 1, 1, 1, 1, 1], 'C': [1, 1, 1, 1, 1, 1, 1, 1, 1, 1], 'D': [1, 1, 1, 1, 1, 1, 1, 1, 1, 1], 'E': [0, 1, 1, 1, 1, 1, 0, 1, 1, 1], 'F': [1, 1, 1, 1, 0, 1, 1, 1, 1, 1], 'G': [1, 1, 1, 1, 1, 1, 1, 1, 1, 1], 'H': [1, 1, 1, 1, 1, 1, 1, 1, 1, 1], 'I': [1, 0, 1, 0, 1, 1, 1, 1, 1, 1], 'J': [1, 1, 1, 1, 1, 1, 1, 1, 1, 0]}, '校医院西': {'A': [1, 1, 1, 1, 1, 1, 1, 1, 1, 1], 'B': [1, 1, 1, 1, 1, 1, 1, 1, 1, 1], 'C': [1, 1, 1, 1, 1, 1, 1, 1, 1, 1], 'D': [1, 1, 1, 1, 1, 1, 1, 1, 1, 1], 'E': [1, 1, 1, 1, 1, 1, 1, 0, 1, 1], 'F': [1, 1, 1, 1, 1, 1, 1, 1, 1, 1], 'G': [1, 1, 1, 1, 1, 1, 1, 1, 1, 1], 'H': [1, 1, 1, 1, 1, 1, 1, 1, 1, 0], 'I': [1, 1, 1, 1, 1, 1, 1, 0, 1, 1]}}
623487	2024-07-13 08:52:23.874000+08:00	2024-07-13 08:52:23.874000+08:00	{'东门北侧': {'A': [1, 1, 1, 1, 1, 1, 1, 1, 1, 1], 'B': [1, 1, 1, 1, 1, 1, 1, 1, 1, 1], 'C': [1, 1, 1, 1, 1, 1, 1, 1, 1, 1], 'D': [1, 0, 1, 1, 1, 1, 1, 1, 1, 1], 'E': [1, 1, 0, 1, 1, 1, 1, 1, 1, 1], 'F': [0, 1, 1, 1, 1, 1, 1, 1, 1, 1], 'G': [1, 1, 1, 1, 1, 1, 1, 1, 1, 1], 'H': [1, 1, 1, 1, 1, 1, 1, 1, 1, 1], 'I': [1, 1, 0, 1, 1, 1, 1, 1, 1, 1], 'J': [1, 1, 1, 0, 1, 1, 1, 1, 1, 1], 'K': [0, 0, 1, 1, 1, 1, 1, 1, 1, 1]}, '东门南侧': {'A': [1, 1, 1, 1, 1, 1, 1, 1, 1, 1], 'B': [0, 0, 0, 0, 0, 0, 0, 0, 0, 0]}, '西门北侧': {'A': [1, 1, 1, 1, 1, 1, 1, 1, 1, 1], 'B': [1, 1, 1, 1, 1, 1, 1, 1, 1, 1], 'C': [1, 1, 1, 1, 1, 0, 1, 1, 1, 1]}, '西门南侧': {'A': [1, 1, 1, 1, 1, 1, 1, 1, 1, 1], 'B': [1, 1, 1, 1, 1, 1, 1, 1, 1, 1], 'C': [1, 1, 1, 1, 1, 0, 1, 1, 1, 1]}, '南门西侧': {'A': [1, 1, 1, 1, 1, 1, 1, 1, 1, 1], 'B': [1, 1, 1, 1, 1, 1, 1, 1, 1, 1]}, '南门东侧': {'A': [1, 1, 1, 1, 1, 1, 1, 1, 1, 1], 'B': [0, 1, 1, 1, 1, 1, 1, 1, 1, 1]}, '北门东北侧': {'A': [1, 1, 1, 1, 1, 1, 1, 1, 1, 1], 'B': [1, 1, 1, 1, 1, 1, 1, 1, 1, 0], 'C': [1, 1, 1, 1, 1, 1, 1, 1, 1, 1], 'D': [1, 1, 0, 1, 1, 1, 1, 1, 1, 1]}, '北门东南侧': {'A': [1, 1, 1, 1, 1, 1, 1, 1, 1, 1], 'B': [0, 1, 1, 1, 1, 1, 1, 1, 1, 1], 'C': [1, 1, 1, 1, 1, 1, 1, 1, 1, 1], 'D': [1, 1, 1, 1, 1, 1, 1, 1, 1, 1], 'E': [1, 1, 1, 1, 1, 1, 1, 1, 1, 1], 'F': [1, 1, 1, 1, 1, 1, 1, 1, 1, 1]}, '橘园北侧南': {'A': [1, 1, 1, 1, 1, 1, 1, 1, 1, 1], 'B': [0, 1, 1, 1, 1, 1, 1, 1, 1, 1], 'C': [1, 1, 1, 1, 1, 1, 1, 1, 1, 1], 'D': [1, 1, 1, 1, 1, 1, 1, 1, 1, 1], 'E': [0, 1, 1, 1, 1, 1, 0, 1, 1, 1], 'F': [1, 1, 1, 1, 0, 1, 1, 1, 1, 1], 'G': [1, 1, 1, 1, 1, 1, 1, 1, 1, 1], 'H': [1, 1, 1, 1, 1, 1, 1, 1, 1, 1], 'I': [1, 0, 1, 0, 1, 1, 1, 1, 1, 1], 'J': [1, 1, 1, 1, 1, 1, 1, 1, 1, 0]}, '校医院西': {'A': [1, 1, 1, 1, 1, 1, 1, 1, 1, 1], 'B': [1, 1, 1, 1, 1, 1, 1, 1, 1, 1], 'C': [1, 1, 1, 1, 1, 1, 1, 1, 1, 1], 'D': [1, 1, 1, 1, 1, 1, 1, 1, 1, 1], 'E': [1, 1, 1, 1, 1, 1, 1, 0, 1, 1], 'F': [1, 1, 1, 1, 1, 1, 1, 1, 1, 1], 'G': [1, 1, 1, 1, 1, 1, 1, 1, 1, 1], 'H': [1, 1, 1, 1, 1, 1, 1, 1, 1, 0], 'I': [1, 1, 1, 1, 1, 1, 1, 0, 1, 1]}}
623488	2024-07-13 08:53:23.878000+08:00	2024-07-13 08:53:23.878000+08:00	{'东门北侧': {'A': [1, 1, 1, 1, 1, 1, 1, 1, 1, 1], 'B': [1, 1, 1, 1, 1, 1, 1, 1, 1, 1], 'C': [1, 1, 1, 1, 1, 1, 1, 1, 1, 1], 'D': [1, 0, 1, 1, 1, 1, 1, 1, 1, 1], 'E': [1, 1, 0, 1, 1, 1, 1, 1, 1, 1], 'F': [0, 1, 1, 1, 1, 1, 1, 1, 1, 1], 'G': [1, 1, 1, 1, 1, 1, 1, 1, 1, 1], 'H': [1, 1, 1, 1, 1, 1, 1, 1, 1, 1], 'I': [1, 1, 0, 1, 1, 1, 1, 1, 1, 1], 'J': [1, 1, 1, 0, 1, 1, 1, 1, 1, 1], 'K': [0, 0, 1, 1, 1, 1, 1, 1, 1, 1]}, '东门南侧': {'A': [1, 1, 1, 1, 1, 1, 1, 1, 1, 1], 'B': [0, 0, 0, 0, 0, 0, 0, 0, 0, 0]}, '西门北侧': {'A': [1, 1, 1, 1, 1, 1, 1, 1, 1, 1], 'B': [1, 1, 1, 1, 1, 1, 1, 1, 1, 1], 'C': [1, 1, 1, 1, 1, 0, 1, 1, 1, 1]}, '西门南侧': {'A': [1, 1, 1, 1, 1, 1, 1, 1, 1, 1], 'B': [1, 1, 1, 1, 1, 1, 1, 1, 1, 1], 'C': [1, 1, 1, 1, 1, 0, 1, 1, 1, 1]}, '南门西侧': {'A': [1, 1, 1, 1, 1, 1, 1, 1, 1, 1], 'B': [1, 1, 1, 1, 1, 1, 1, 1, 1, 1]}, '南门东侧': {'A': [1, 1, 1, 1, 1, 1, 1, 1, 1, 1], 'B': [0, 1, 1, 1, 1, 1, 1, 1, 1, 1]}, '北门东北侧': {'A': [1, 1, 1, 1, 1, 1, 1, 1, 1, 1], 'B': [1, 1, 1, 1, 1, 1, 1, 1, 1, 0], 'C': [1, 1, 1, 1, 1, 1, 1, 1, 1, 1], 'D': [1, 1, 0, 1, 1, 1, 1, 1, 1, 1]}, '北门东南侧': {'A': [1, 1, 1, 1, 1, 1, 1, 1, 1, 1], 'B': [0, 1, 1, 1, 1, 1, 1, 1, 1, 1], 'C': [1, 1, 1, 1, 1, 1, 1, 1, 1, 1], 'D': [1, 1, 1, 1, 1, 1, 1, 1, 1, 1], 'E': [1, 1, 1, 1, 1, 1, 1, 1, 1, 1], 'F': [1, 1, 1, 1, 1, 1, 1, 1, 1, 1]}, '橘园北侧南': {'A': [1, 1, 1, 1, 1, 1, 1, 1, 1, 1], 'B': [0, 1, 1, 1, 1, 1, 1, 1, 1, 1], 'C': [1, 1, 1, 1, 1, 1, 1, 1, 1, 1], 'D': [1, 1, 1, 1, 1, 1, 1, 1, 1, 1], 'E': [0, 1, 1, 1, 1, 1, 0, 1, 1, 1], 'F': [1, 1, 1, 1, 0, 1, 1, 1, 1, 1], 'G': [1, 1, 1, 1, 1, 1, 1, 1, 1, 1], 'H': [1, 1, 1, 1, 1, 1, 1, 1, 1, 1], 'I': [1, 0, 1, 0, 1, 1, 1, 1, 1, 1], 'J': [1, 1, 1, 1, 1, 1, 1, 1, 1, 0]}, '校医院西': {'A': [1, 1, 1, 1, 1, 1, 1, 1, 1, 1], 'B': [1, 1, 1, 1, 1, 1, 1, 1, 1, 1], 'C': [1, 1, 1, 1, 1, 1, 1, 1, 1, 1], 'D': [1, 1, 1, 1, 1, 1, 1, 1, 1, 1], 'E': [1, 1, 1, 1, 1, 1, 1, 0, 1, 1], 'F': [1, 1, 1, 1, 1, 1, 1, 1, 1, 1], 'G': [1, 1, 1, 1, 1, 1, 1, 1, 1, 1], 'H': [1, 1, 1, 1, 1, 1, 1, 1, 1, 0], 'I': [1, 1, 1, 1, 1, 1, 1, 0, 1, 1]}}
623489	2024-07-13 08:54:20.893000+08:00	2024-07-13 08:54:20.893000+08:00	{'东门北侧': {'A': [1, 1, 1, 1, 1, 1, 1, 1, 1, 1], 'B': [1, 1, 1, 1, 1, 1, 1, 1, 1, 1], 'C': [1, 1, 1, 1, 1, 1, 1, 1, 1, 1], 'D': [1, 0, 1, 1, 1, 1, 1, 1, 1, 1], 'E': [1, 1, 0, 1, 1, 1, 1, 1, 1, 1], 'F': [0, 1, 1, 1, 1, 1, 1, 1, 1, 1], 'G': [1, 1, 1, 1, 1, 1, 1, 1, 1, 1], 'H': [1, 1, 1, 1, 1, 1, 1, 1, 1, 1], 'I': [1, 1, 0, 1, 1, 1, 1, 1, 1, 1], 'J': [1, 1, 1, 0, 1, 1, 1, 1, 1, 1], 'K': [0, 0, 1, 1, 1, 1, 1, 1, 1, 1]}, '东门南侧': {'A': [1, 1, 1, 1, 1, 1, 1, 1, 1, 1], 'B': [0, 0, 0, 0, 0, 0, 0, 0, 0, 0]}, '西门北侧': {'A': [1, 1, 1, 1, 1, 1, 1, 1, 1, 1], 'B': [1, 1, 1, 1, 1, 1, 1, 1, 1, 1], 'C': [1, 1, 1, 1, 1, 0, 1, 1, 1, 1]}, '西门南侧': {'A': [1, 1, 1, 1, 1, 1, 1, 1, 1, 1], 'B': [1, 1, 1, 1, 1, 1, 1, 1, 1, 1], 'C': [1, 1, 1, 1, 1, 0, 1, 1, 1, 1]}, '南门西侧': {'A': [1, 1, 1, 1, 1, 1, 1, 1, 1, 1], 'B': [1, 1, 1, 1, 1, 1, 1, 1, 1, 1]}, '南门东侧': {'A': [1, 1, 1, 1, 1, 1, 1, 1, 1, 1], 'B': [0, 1, 1, 1, 1, 1, 1, 1, 1, 1]}, '北门东北侧': {'A': [1, 1, 1, 1, 1, 1, 1, 1, 1, 1], 'B': [1, 1, 1, 1, 1, 1, 1, 1, 1, 0], 'C': [1, 1, 1, 1, 1, 1, 1, 1, 1, 1], 'D': [1, 1, 1, 1, 1, 1, 1, 1, 1, 0]}, '北门东南侧': {'A': [1, 1, 1, 1, 1, 1, 1, 1, 1, 1], 'B': [0, 1, 1, 1, 1, 1, 1, 1, 1, 1], 'C': [1, 1, 1, 1, 1, 1, 1, 1, 1, 1], 'D': [1, 1, 1, 1, 1, 1, 1, 1, 1, 1], 'E': [1, 1, 1, 1, 1, 1, 1, 1, 1, 1], 'F': [1, 1, 1, 1, 1, 1, 1, 1, 1, 1]}, '橘园北侧南': {'A': [1, 1, 1, 1, 1, 1, 1, 1, 1, 1], 'B': [0, 1, 1, 1, 1, 1, 1, 1, 1, 1], 'C': [1, 1, 1, 1, 1, 1, 1, 1, 1, 1], 'D': [1, 1, 1, 1, 1, 1, 1, 1, 1, 1], 'E': [0, 1, 1, 1, 1, 1, 0, 1, 1, 1], 'F': [1, 1, 1, 1, 0, 1, 1, 1, 1, 1], 'G': [1, 1, 1, 1, 1, 1, 1, 1, 1, 1], 'H': [1, 1, 1, 1, 1, 1, 1, 1, 1, 1], 'I': [1, 0, 1, 0, 1, 1, 1, 1, 1, 1], 'J': [1, 1, 1, 1, 1, 1, 1, 1, 1, 0]}, '校医院西': {'A': [1, 1, 1, 1, 1, 1, 1, 1, 1, 1], 'B': [1, 1, 1, 1, 1, 1, 1, 1, 1, 1], 'C': [1, 1, 1, 1, 1, 1, 1, 1, 1, 1], 'D': [1, 1, 1, 1, 1, 1, 1, 1, 1, 1], 'E': [1, 1, 1, 1, 1, 1, 1, 0, 1, 1], 'F': [1, 1, 1, 1, 1, 1, 1, 1, 1, 1], 'G': [1, 1, 1, 1, 1, 1, 1, 1, 1, 1], 'H': [1, 1, 1, 1, 1, 1, 1, 1, 1, 0], 'I': [1, 1, 1, 1, 1, 1, 1, 0, 1, 1]}}
623490	2024-07-13 08:55:24.326000+08:00	2024-07-13 08:55:24.326000+08:00	{'东门北侧': {'A': [1, 1, 1, 1, 1, 1, 1, 1, 1, 1], 'B': [1, 1, 1, 1, 1, 1, 1, 1, 1, 1], 'C': [1, 1, 1, 1, 1, 1, 1, 1, 1, 1], 'D': [1, 0, 1, 1, 1, 1, 1, 1, 1, 1], 'E': [1, 1, 0, 1, 1, 1, 1, 1, 1, 1], 'F': [0, 1, 1, 1, 1, 1, 1, 1, 1, 1], 'G': [1, 1, 1, 1, 1, 1, 1, 1, 1, 1], 'H': [1, 1, 1, 1, 1, 1, 1, 1, 1, 1], 'I': [1, 1, 0, 1, 1, 1, 1, 1, 1, 1], 'J': [1, 1, 1, 0, 1, 1, 1, 1, 1, 1], 'K': [0, 0, 1, 1, 1, 1, 1, 1, 1, 1]}, '东门南侧': {'A': [1, 1, 1, 1, 1, 1, 1, 1, 1, 1], 'B': [0, 0, 0, 0, 0, 0, 0, 0, 0, 0]}, '西门北侧': {'A': [1, 1, 1, 1, 1, 1, 1, 1, 1, 1], 'B': [1, 1, 1, 1, 1, 1, 1, 1, 1, 1], 'C': [1, 1, 1, 1, 1, 0, 1, 1, 1, 1]}, '西门南侧': {'A': [1, 1, 1, 1, 1, 1, 1, 1, 1, 1], 'B': [1, 1, 1, 1, 1, 1, 1, 1, 1, 1], 'C': [1, 1, 1, 1, 1, 0, 1, 1, 1, 1]}, '南门西侧': {'A': [1, 1, 1, 1, 1, 1, 1, 1, 1, 1], 'B': [1, 1, 1, 1, 1, 1, 1, 1, 1, 1]}, '南门东侧': {'A': [1, 1, 1, 1, 1, 1, 1, 1, 1, 1], 'B': [0, 1, 1, 1, 1, 1, 1, 1, 1, 1]}, '北门东北侧': {'A': [1, 1, 1, 1, 1, 1, 1, 1, 1, 1], 'B': [1, 1, 1, 1, 1, 1, 1, 1, 1, 0], 'C': [1, 1, 1, 1, 1, 1, 1, 1, 1, 1], 'D': [1, 1, 1, 0, 1, 1, 1, 1, 1, 0]}, '北门东南侧': {'A': [1, 1, 1, 1, 1, 1, 1, 1, 1, 1], 'B': [0, 1, 1, 1, 1, 1, 1, 1, 1, 1], 'C': [1, 1, 1, 1, 1, 1, 1, 1, 1, 1], 'D': [1, 1, 1, 1, 1, 1, 1, 1, 1, 1], 'E': [1, 1, 1, 1, 1, 1, 1, 1, 1, 1], 'F': [1, 1, 1, 1, 1, 1, 1, 1, 1, 1]}, '橘园北侧南': {'A': [1, 1, 1, 1, 1, 1, 1, 1, 1, 1], 'B': [0, 1, 1, 1, 1, 1, 1, 1, 1, 1], 'C': [1, 1, 1, 1, 1, 1, 1, 1, 1, 1], 'D': [1, 1, 1, 1, 1, 1, 1, 1, 1, 1], 'E': [0, 1, 1, 1, 1, 1, 0, 1, 1, 1], 'F': [1, 1, 1, 1, 0, 1, 1, 1, 1, 1], 'G': [1, 1, 1, 1, 1, 1, 1, 1, 1, 1], 'H': [1, 1, 1, 1, 1, 1, 1, 1, 1, 1], 'I': [1, 0, 1, 0, 1, 1, 1, 1, 1, 1], 'J': [1, 1, 1, 1, 1, 1, 1, 1, 1, 0]}, '校医院西': {'A': [1, 1, 1, 1, 1, 1, 1, 1, 1, 1], 'B': [1, 1, 1, 1, 1, 1, 1, 1, 1, 1], 'C': [1, 1, 1, 1, 1, 1, 1, 1, 1, 1], 'D': [1, 1, 1, 1, 1, 1, 1, 1, 1, 1], 'E': [1, 1, 1, 1, 1, 1, 1, 0, 1, 1], 'F': [1, 1, 1, 1, 1, 1, 1, 1, 1, 1], 'G': [1, 1, 1, 1, 1, 1, 1, 1, 1, 1], 'H': [1, 1, 1, 1, 1, 1, 1, 1, 1, 0], 'I': [1, 1, 1, 1, 1, 1, 1, 0, 1, 1]}}
623491	2024-07-13 08:56:22.897000+08:00	2024-07-13 08:56:22.897000+08:00	{'东门北侧': {'A': [1, 1, 1, 1, 1, 1, 1, 1, 1, 1], 'B': [1, 1, 1, 1, 1, 1, 1, 1, 1, 1], 'C': [1, 1, 1, 1, 1, 1, 1, 1, 1, 1], 'D': [1, 0, 1, 1, 1, 1, 1, 1, 1, 1], 'E': [1, 1, 0, 1, 1, 1, 1, 1, 1, 1], 'F': [0, 1, 1, 1, 1, 1, 1, 1, 1, 1], 'G': [1, 1, 1, 1, 1, 1, 1, 1, 1, 1], 'H': [1, 1, 1, 1, 1, 1, 1, 1, 1, 1], 'I': [1, 1, 0, 1, 1, 1, 1, 1, 1, 1], 'J': [1, 1, 1, 0, 1, 1, 1, 1, 1, 1], 'K': [0, 0, 1, 1, 1, 1, 1, 1, 1, 1]}, '东门南侧': {'A': [1, 1, 1, 1, 1, 1, 1, 1, 1, 1], 'B': [0, 0, 0, 0, 0, 0, 0, 0, 0, 0]}, '西门北侧': {'A': [1, 1, 1, 1, 1, 1, 1, 1, 1, 1], 'B': [1, 1, 1, 1, 1, 1, 1, 1, 1, 1], 'C': [1, 1, 1, 1, 1, 0, 1, 1, 1, 1]}, '西门南侧': {'A': [1, 1, 1, 1, 1, 1, 1, 1, 1, 1], 'B': [1, 1, 1, 1, 1, 1, 1, 1, 1, 1], 'C': [1, 1, 1, 1, 1, 0, 1, 1, 1, 1]}, '南门西侧': {'A': [1, 1, 1, 1, 1, 1, 1, 1, 1, 1], 'B': [1, 1, 1, 1, 1, 1, 1, 1, 1, 1]}, '南门东侧': {'A': [1, 1, 1, 1, 1, 1, 1, 1, 1, 1], 'B': [0, 1, 1, 1, 1, 1, 1, 1, 1, 1]}, '北门东北侧': {'A': [1, 1, 1, 1, 1, 1, 1, 1, 1, 1], 'B': [1, 1, 1, 1, 1, 1, 1, 1, 1, 0], 'C': [1, 1, 1, 1, 1, 1, 1, 1, 1, 1], 'D': [1, 1, 1, 0, 1, 1, 1, 1, 1, 0]}, '北门东南侧': {'A': [1, 1, 1, 1, 1, 1, 1, 1, 1, 1], 'B': [0, 1, 1, 1, 1, 1, 1, 1, 1, 1], 'C': [1, 1, 1, 1, 1, 1, 1, 1, 1, 1], 'D': [1, 1, 0, 1, 1, 1, 1, 1, 1, 1], 'E': [1, 1, 1, 1, 1, 1, 1, 1, 1, 1], 'F': [1, 1, 1, 1, 1, 1, 1, 1, 1, 1]}, '橘园北侧南': {'A': [1, 1, 1, 1, 1, 1, 1, 1, 1, 1], 'B': [0, 1, 1, 1, 1, 1, 1, 1, 1, 1], 'C': [1, 1, 1, 1, 1, 1, 1, 1, 1, 1], 'D': [1, 1, 1, 1, 1, 1, 1, 1, 1, 1], 'E': [0, 1, 1, 1, 1, 1, 0, 1, 1, 1], 'F': [1, 1, 1, 1, 0, 1, 1, 1, 1, 1], 'G': [1, 1, 1, 1, 1, 1, 1, 1, 1, 1], 'H': [1, 1, 1, 1, 1, 1, 1, 1, 1, 1], 'I': [1, 0, 1, 0, 1, 1, 1, 1, 1, 1], 'J': [1, 1, 1, 1, 1, 1, 1, 1, 1, 0]}, '校医院西': {'A': [1, 1, 1, 1, 1, 1, 1, 1, 1, 1], 'B': [1, 1, 1, 1, 1, 1, 1, 1, 1, 1], 'C': [1, 1, 1, 1, 1, 1, 1, 1, 1, 1], 'D': [1, 1, 1, 1, 1, 1, 1, 1, 1, 1], 'E': [1, 1, 1, 1, 1, 1, 1, 0, 1, 1], 'F': [1, 1, 1, 1, 1, 1, 1, 1, 1, 1], 'G': [1, 1, 1, 1, 1, 1, 1, 1, 1, 1], 'H': [1, 1, 1, 1, 1, 1, 1, 1, 1, 0], 'I': [1, 1, 1, 1, 1, 1, 1, 0, 1, 1]}}
623492	2024-07-13 08:57:21.096000+08:00	2024-07-13 08:57:21.096000+08:00	{'东门北侧': {'A': [1, 1, 1, 1, 1, 1, 1, 1, 1, 1], 'B': [1, 1, 1, 1, 1, 1, 1, 1, 1, 1], 'C': [1, 1, 1, 1, 1, 1, 1, 1, 1, 1], 'D': [1, 0, 1, 1, 1, 1, 1, 1, 1, 1], 'E': [1, 1, 0, 1, 1, 1, 1, 1, 1, 1], 'F': [0, 1, 1, 1, 1, 1, 1, 1, 1, 1], 'G': [1, 1, 1, 1, 1, 1, 1, 1, 1, 1], 'H': [1, 1, 1, 1, 1, 1, 1, 1, 1, 1], 'I': [1, 1, 0, 1, 1, 1, 1, 1, 1, 1], 'J': [1, 1, 1, 0, 1, 1, 1, 1, 1, 1], 'K': [0, 0, 1, 1, 1, 1, 1, 1, 1, 1]}, '东门南侧': {'A': [1, 1, 1, 1, 1, 1, 1, 1, 1, 1], 'B': [0, 0, 0, 0, 0, 0, 0, 0, 0, 0]}, '西门北侧': {'A': [1, 1, 1, 1, 1, 1, 1, 1, 1, 1], 'B': [1, 1, 1, 1, 1, 1, 1, 1, 1, 1], 'C': [1, 1, 1, 1, 1, 0, 1, 1, 1, 1]}, '西门南侧': {'A': [1, 1, 1, 1, 1, 1, 1, 1, 1, 1], 'B': [1, 1, 1, 1, 1, 1, 1, 1, 1, 1], 'C': [1, 1, 1, 1, 1, 0, 1, 1, 1, 1]}, '南门西侧': {'A': [1, 1, 1, 1, 1, 1, 1, 1, 1, 1], 'B': [1, 1, 1, 1, 1, 1, 1, 1, 1, 1]}, '南门东侧': {'A': [1, 1, 1, 1, 1, 1, 1, 1, 1, 1], 'B': [0, 1, 1, 1, 1, 1, 1, 1, 1, 1]}, '北门东北侧': {'A': [1, 1, 1, 1, 1, 1, 1, 1, 1, 1], 'B': [1, 1, 1, 1, 1, 1, 1, 1, 1, 0], 'C': [1, 1, 1, 1, 1, 1, 1, 1, 1, 1], 'D': [1, 1, 1, 0, 1, 1, 1, 1, 1, 0]}, '北门东南侧': {'A': [1, 1, 1, 1, 1, 1, 1, 1, 1, 1], 'B': [0, 1, 1, 1, 1, 1, 1, 1, 1, 1], 'C': [1, 1, 1, 1, 1, 1, 1, 1, 1, 1], 'D': [1, 1, 0, 1, 1, 1, 1, 1, 1, 1], 'E': [1, 1, 1, 1, 1, 1, 1, 1, 1, 1], 'F': [1, 1, 1, 1, 1, 1, 1, 1, 1, 1]}, '橘园北侧南': {'A': [1, 1, 1, 1, 1, 1, 1, 1, 1, 1], 'B': [0, 1, 1, 1, 1, 1, 1, 1, 1, 1], 'C': [1, 1, 1, 1, 1, 1, 1, 1, 1, 1], 'D': [1, 1, 1, 1, 1, 1, 1, 1, 1, 1], 'E': [0, 1, 1, 1, 1, 1, 0, 1, 1, 1], 'F': [1, 1, 1, 1, 0, 1, 1, 1, 1, 1], 'G': [1, 1, 1, 1, 1, 1, 1, 1, 1, 1], 'H': [1, 1, 1, 1, 1, 1, 1, 1, 1, 1], 'I': [1, 0, 1, 0, 1, 1, 1, 1, 1, 1], 'J': [1, 1, 1, 1, 1, 1, 1, 1, 1, 0]}, '校医院西': {'A': [1, 1, 1, 1, 1, 1, 1, 1, 1, 1], 'B': [1, 1, 1, 1, 1, 1, 1, 1, 1, 1], 'C': [1, 1, 1, 1, 1, 1, 1, 1, 1, 1], 'D': [1, 1, 1, 1, 1, 1, 1, 1, 1, 1], 'E': [1, 1, 1, 1, 1, 1, 1, 0, 1, 1], 'F': [1, 1, 1, 1, 1, 1, 1, 1, 1, 1], 'G': [1, 1, 1, 1, 1, 1, 1, 1, 1, 1], 'H': [1, 1, 1, 1, 1, 1, 1, 1, 1, 0], 'I': [1, 1, 1, 1, 1, 1, 1, 0, 1, 1]}}
623493	2024-07-13 08:58:24.071000+08:00	2024-07-13 08:58:24.071000+08:00	{'东门北侧': {'A': [1, 1, 1, 1, 1, 1, 1, 1, 1, 1], 'B': [1, 1, 1, 1, 1, 1, 1, 1, 1, 1], 'C': [1, 1, 1, 1, 1, 1, 1, 1, 1, 1], 'D': [1, 0, 1, 1, 1, 1, 1, 1, 1, 1], 'E': [1, 1, 0, 1, 1, 1, 1, 1, 1, 1], 'F': [0, 1, 1, 1, 1, 1, 1, 1, 1, 1], 'G': [1, 1, 1, 1, 1, 1, 1, 1, 1, 1], 'H': [1, 1, 1, 1, 1, 1, 1, 1, 1, 1], 'I': [1, 1, 0, 1, 1, 1, 1, 1, 1, 1], 'J': [1, 1, 1, 0, 1, 1, 1, 1, 1, 1], 'K': [0, 0, 1, 1, 1, 1, 1, 1, 1, 1]}, '东门南侧': {'A': [1, 1, 1, 1, 1, 1, 1, 1, 1, 1], 'B': [0, 0, 0, 0, 0, 0, 0, 0, 0, 0]}, '西门北侧': {'A': [1, 1, 1, 1, 1, 1, 1, 1, 1, 1], 'B': [1, 1, 1, 1, 1, 1, 1, 1, 1, 0], 'C': [1, 1, 1, 1, 1, 0, 1, 1, 1, 1]}, '西门南侧': {'A': [1, 1, 1, 1, 1, 1, 1, 1, 1, 1], 'B': [1, 1, 1, 1, 1, 1, 1, 1, 1, 1], 'C': [1, 1, 1, 1, 1, 0, 1, 1, 1, 1]}, '南门西侧': {'A': [1, 1, 1, 1, 1, 1, 1, 1, 1, 1], 'B': [1, 1, 1, 1, 1, 1, 1, 1, 1, 1]}, '南门东侧': {'A': [1, 1, 1, 1, 1, 1, 1, 1, 1, 1], 'B': [0, 1, 1, 1, 1, 1, 1, 1, 1, 1]}, '北门东北侧': {'A': [1, 1, 1, 1, 1, 1, 1, 1, 1, 1], 'B': [1, 1, 1, 1, 1, 1, 1, 1, 1, 0], 'C': [1, 1, 1, 1, 1, 1, 1, 1, 1, 1], 'D': [1, 1, 1, 0, 1, 1, 1, 1, 1, 0]}, '北门东南侧': {'A': [1, 1, 1, 1, 1, 1, 1, 1, 1, 1], 'B': [0, 1, 1, 1, 1, 1, 1, 1, 1, 1], 'C': [1, 1, 1, 1, 1, 1, 1, 1, 1, 1], 'D': [1, 1, 0, 1, 1, 1, 1, 1, 1, 1], 'E': [1, 1, 1, 1, 1, 1, 1, 1, 1, 1], 'F': [1, 1, 1, 1, 1, 1, 1, 1, 1, 1]}, '橘园北侧南': {'A': [1, 1, 1, 1, 1, 1, 1, 1, 1, 1], 'B': [0, 1, 1, 1, 1, 1, 1, 1, 1, 1], 'C': [1, 1, 1, 1, 1, 1, 1, 1, 1, 1], 'D': [1, 1, 1, 1, 1, 1, 1, 1, 1, 1], 'E': [0, 1, 1, 1, 1, 1, 0, 1, 1, 1], 'F': [1, 1, 1, 1, 0, 1, 1, 1, 1, 1], 'G': [1, 1, 1, 1, 1, 1, 1, 1, 1, 1], 'H': [1, 1, 1, 1, 1, 1, 1, 1, 1, 1], 'I': [1, 0, 1, 0, 1, 1, 1, 1, 1, 1], 'J': [1, 1, 1, 1, 1, 1, 1, 1, 1, 0]}, '校医院西': {'A': [1, 1, 1, 1, 1, 1, 1, 1, 1, 1], 'B': [1, 1, 1, 1, 1, 1, 1, 1, 1, 1], 'C': [1, 1, 1, 1, 1, 1, 1, 1, 1, 1], 'D': [1, 1, 1, 1, 1, 1, 1, 1, 1, 1], 'E': [1, 1, 1, 1, 1, 1, 1, 0, 1, 1], 'F': [1, 1, 1, 1, 1, 1, 1, 1, 1, 1], 'G': [1, 1, 1, 1, 1, 1, 1, 1, 1, 1], 'H': [1, 1, 1, 1, 1, 1, 1, 1, 1, 0], 'I': [1, 1, 1, 1, 1, 1, 1, 0, 1, 1]}}
623494	2024-07-13 08:59:23.875000+08:00	2024-07-13 08:59:23.875000+08:00	{'东门北侧': {'A': [1, 1, 1, 1, 1, 1, 1, 1, 1, 1], 'B': [1, 1, 1, 1, 1, 1, 1, 1, 1, 1], 'C': [1, 1, 1, 1, 1, 1, 1, 1, 1, 1], 'D': [1, 0, 1, 1, 1, 1, 1, 1, 1, 1], 'E': [1, 1, 0, 1, 1, 1, 1, 1, 1, 1], 'F': [0, 1, 1, 1, 1, 1, 1, 1, 1, 1], 'G': [1, 1, 1, 1, 1, 1, 1, 1, 1, 1], 'H': [1, 1, 1, 1, 1, 1, 1, 1, 1, 1], 'I': [1, 1, 0, 1, 1, 1, 1, 1, 1, 1], 'J': [1, 1, 1, 0, 1, 1, 1, 1, 1, 1], 'K': [0, 0, 1, 1, 1, 1, 1, 1, 1, 1]}, '东门南侧': {'A': [1, 1, 1, 1, 1, 1, 1, 1, 1, 1], 'B': [0, 0, 0, 0, 0, 0, 0, 0, 0, 0]}, '西门北侧': {'A': [1, 1, 1, 1, 1, 1, 1, 1, 1, 1], 'B': [1, 1, 1, 1, 1, 1, 1, 1, 1, 0], 'C': [1, 1, 1, 1, 1, 0, 1, 1, 1, 1]}, '西门南侧': {'A': [1, 1, 1, 1, 1, 1, 1, 1, 1, 1], 'B': [1, 1, 1, 1, 1, 1, 1, 1, 1, 1], 'C': [1, 1, 1, 1, 1, 0, 1, 1, 1, 1]}, '南门西侧': {'A': [1, 1, 1, 1, 1, 1, 1, 1, 1, 1], 'B': [1, 1, 1, 1, 1, 1, 1, 1, 1, 1]}, '南门东侧': {'A': [1, 1, 1, 1, 1, 1, 1, 1, 1, 1], 'B': [0, 1, 1, 1, 1, 1, 1, 1, 1, 1]}, '北门东北侧': {'A': [1, 1, 1, 1, 1, 1, 1, 1, 1, 1], 'B': [1, 1, 1, 1, 1, 1, 1, 1, 1, 0], 'C': [1, 1, 1, 1, 1, 1, 1, 1, 1, 1], 'D': [1, 1, 1, 0, 1, 1, 1, 1, 1, 0]}, '北门东南侧': {'A': [1, 1, 1, 1, 1, 1, 1, 1, 1, 1], 'B': [0, 1, 1, 1, 1, 1, 1, 1, 1, 1], 'C': [1, 1, 1, 1, 1, 1, 1, 1, 1, 1], 'D': [1, 1, 0, 1, 1, 1, 1, 1, 1, 1], 'E': [1, 1, 1, 1, 1, 1, 1, 1, 1, 1], 'F': [1, 1, 1, 1, 1, 1, 1, 1, 1, 1]}, '橘园北侧南': {'A': [1, 1, 1, 1, 1, 1, 1, 1, 1, 1], 'B': [0, 1, 1, 1, 1, 1, 1, 1, 1, 1], 'C': [1, 1, 1, 1, 1, 1, 1, 1, 1, 1], 'D': [1, 1, 1, 1, 1, 1, 1, 1, 1, 1], 'E': [0, 1, 1, 1, 1, 1, 0, 1, 1, 1], 'F': [1, 1, 1, 1, 0, 1, 1, 1, 1, 1], 'G': [1, 1, 1, 1, 1, 1, 1, 1, 1, 1], 'H': [1, 1, 1, 1, 1, 1, 1, 1, 1, 1], 'I': [1, 0, 1, 0, 1, 1, 1, 1, 1, 1], 'J': [1, 1, 1, 1, 1, 1, 1, 1, 1, 1]}, '校医院西': {'A': [1, 1, 1, 1, 1, 1, 1, 1, 1, 1], 'B': [1, 1, 1, 1, 1, 1, 1, 1, 1, 1], 'C': [1, 1, 1, 1, 1, 1, 1, 1, 1, 1], 'D': [1, 1, 1, 1, 1, 1, 1, 1, 1, 1], 'E': [1, 1, 1, 1, 1, 1, 1, 0, 1, 1], 'F': [1, 1, 1, 1, 1, 1, 1, 1, 1, 1], 'G': [1, 1, 1, 1, 1, 1, 1, 1, 1, 1], 'H': [1, 1, 1, 1, 1, 1, 1, 1, 1, 0], 'I': [1, 1, 1, 1, 1, 1, 1, 0, 1, 1]}}
623495	2024-07-13 09:00:21.278000+08:00	2024-07-13 09:00:21.278000+08:00	{'东门北侧': {'A': [1, 1, 1, 1, 1, 1, 1, 1, 1, 1], 'B': [1, 1, 1, 1, 1, 1, 1, 1, 1, 1], 'C': [1, 1, 1, 1, 1, 1, 1, 1, 1, 1], 'D': [1, 0, 1, 1, 1, 1, 1, 1, 1, 1], 'E': [1, 1, 0, 1, 1, 1, 1, 1, 1, 1], 'F': [0, 1, 1, 1, 1, 1, 1, 1, 1, 1], 'G': [1, 1, 1, 1, 1, 1, 1, 1, 1, 1], 'H': [1, 1, 1, 1, 1, 1, 1, 1, 1, 1], 'I': [1, 1, 0, 1, 1, 1, 1, 1, 1, 1], 'J': [1, 1, 1, 0, 1, 1, 1, 1, 1, 1], 'K': [0, 0, 1, 1, 1, 1, 1, 1, 1, 1]}, '东门南侧': {'A': [1, 1, 1, 1, 1, 1, 1, 1, 1, 1], 'B': [0, 0, 0, 0, 0, 0, 0, 0, 0, 0]}, '西门北侧': {'A': [1, 1, 1, 1, 1, 1, 1, 1, 1, 1], 'B': [1, 1, 1, 1, 1, 1, 1, 1, 1, 0], 'C': [1, 1, 1, 1, 1, 0, 1, 1, 1, 1]}, '西门南侧': {'A': [1, 1, 1, 1, 1, 1, 1, 1, 1, 1], 'B': [1, 1, 1, 1, 1, 1, 1, 1, 1, 1], 'C': [1, 1, 1, 1, 1, 0, 1, 1, 1, 1]}, '南门西侧': {'A': [1, 1, 1, 1, 1, 1, 1, 1, 1, 1], 'B': [1, 1, 1, 1, 1, 1, 1, 1, 1, 1]}, '南门东侧': {'A': [1, 1, 1, 1, 1, 1, 1, 1, 1, 1], 'B': [0, 1, 1, 1, 1, 1, 1, 1, 1, 1]}, '北门东北侧': {'A': [1, 1, 1, 1, 1, 1, 1, 1, 1, 1], 'B': [1, 1, 1, 1, 1, 1, 1, 1, 1, 0], 'C': [1, 1, 1, 1, 1, 1, 1, 1, 1, 1], 'D': [1, 1, 1, 0, 1, 1, 1, 1, 1, 0]}, '北门东南侧': {'A': [1, 1, 1, 1, 1, 1, 1, 1, 1, 1], 'B': [0, 1, 1, 1, 1, 1, 1, 1, 1, 1], 'C': [1, 1, 1, 1, 1, 1, 1, 1, 1, 1], 'D': [1, 1, 0, 1, 1, 1, 1, 1, 1, 1], 'E': [1, 1, 1, 1, 1, 1, 1, 1, 1, 1], 'F': [1, 1, 1, 1, 1, 1, 1, 1, 1, 1]}, '橘园北侧南': {'A': [1, 1, 1, 1, 1, 1, 1, 1, 1, 1], 'B': [0, 1, 1, 1, 1, 1, 1, 1, 1, 1], 'C': [1, 1, 1, 1, 1, 1, 1, 1, 1, 1], 'D': [1, 1, 1, 1, 1, 1, 1, 1, 1, 1], 'E': [0, 1, 1, 1, 1, 1, 0, 1, 1, 1], 'F': [1, 1, 1, 1, 0, 1, 1, 1, 1, 1], 'G': [1, 1, 1, 1, 1, 1, 1, 1, 1, 1], 'H': [1, 1, 1, 1, 1, 1, 1, 1, 1, 1], 'I': [1, 0, 1, 0, 1, 1, 1, 1, 1, 1], 'J': [1, 1, 1, 1, 1, 1, 1, 1, 1, 1]}, '校医院西': {'A': [1, 1, 1, 1, 1, 1, 1, 1, 1, 1], 'B': [1, 1, 1, 1, 1, 1, 1, 1, 1, 1], 'C': [1, 1, 1, 1, 1, 1, 1, 1, 1, 1], 'D': [1, 1, 1, 1, 1, 1, 1, 1, 1, 1], 'E': [1, 1, 1, 1, 1, 1, 1, 0, 1, 1], 'F': [1, 1, 1, 1, 1, 1, 1, 1, 1, 1], 'G': [1, 1, 1, 1, 1, 1, 1, 1, 1, 1], 'H': [1, 1, 1, 1, 1, 1, 1, 1, 1, 0], 'I': [1, 1, 1, 1, 1, 1, 1, 0, 1, 1]}}
623496	2024-07-13 09:01:23.899000+08:00	2024-07-13 09:01:23.899000+08:00	{'东门北侧': {'A': [1, 1, 1, 1, 1, 1, 1, 1, 1, 1], 'B': [1, 1, 1, 1, 1, 1, 1, 1, 1, 1], 'C': [1, 1, 1, 1, 1, 1, 1, 1, 1, 1], 'D': [1, 0, 1, 1, 1, 1, 1, 1, 1, 1], 'E': [1, 1, 0, 1, 1, 1, 1, 1, 1, 1], 'F': [0, 1, 1, 1, 1, 1, 1, 1, 1, 1], 'G': [1, 1, 1, 1, 1, 1, 1, 1, 1, 1], 'H': [1, 1, 1, 1, 1, 1, 1, 1, 1, 1], 'I': [1, 1, 0, 1, 1, 1, 1, 1, 1, 1], 'J': [1, 1, 1, 0, 1, 1, 1, 1, 1, 1], 'K': [0, 0, 1, 1, 1, 1, 1, 1, 1, 1]}, '东门南侧': {'A': [1, 1, 1, 1, 1, 1, 1, 1, 1, 1], 'B': [0, 0, 0, 0, 0, 0, 0, 0, 0, 0]}, '西门北侧': {'A': [1, 1, 1, 1, 1, 1, 1, 1, 1, 1], 'B': [1, 1, 1, 1, 1, 1, 1, 1, 1, 0], 'C': [1, 1, 1, 1, 1, 0, 1, 1, 1, 1]}, '西门南侧': {'A': [1, 1, 1, 1, 1, 1, 1, 1, 1, 1], 'B': [1, 1, 1, 1, 1, 1, 1, 1, 1, 1], 'C': [1, 1, 1, 1, 1, 0, 1, 1, 1, 1]}, '南门西侧': {'A': [1, 1, 1, 1, 1, 1, 1, 1, 1, 1], 'B': [1, 1, 1, 1, 1, 1, 1, 1, 1, 1]}, '南门东侧': {'A': [1, 1, 1, 1, 1, 1, 1, 1, 1, 1], 'B': [0, 1, 1, 1, 1, 1, 1, 1, 1, 1]}, '北门东北侧': {'A': [1, 1, 1, 1, 1, 1, 1, 1, 1, 1], 'B': [1, 1, 1, 1, 1, 1, 1, 1, 1, 0], 'C': [1, 1, 1, 1, 1, 1, 1, 1, 1, 1], 'D': [1, 1, 1, 0, 1, 1, 1, 1, 1, 0]}, '北门东南侧': {'A': [1, 1, 1, 1, 1, 1, 1, 1, 1, 1], 'B': [0, 1, 1, 1, 1, 1, 1, 1, 1, 1], 'C': [1, 1, 1, 1, 1, 1, 1, 1, 1, 1], 'D': [1, 1, 0, 1, 1, 1, 1, 1, 1, 1], 'E': [1, 1, 1, 1, 1, 1, 1, 1, 1, 1], 'F': [1, 1, 1, 1, 1, 1, 1, 1, 1, 1]}, '橘园北侧南': {'A': [1, 1, 1, 1, 1, 1, 1, 1, 1, 1], 'B': [0, 1, 1, 1, 1, 1, 1, 1, 1, 1], 'C': [1, 1, 1, 1, 1, 1, 1, 1, 1, 1], 'D': [1, 1, 1, 1, 1, 1, 1, 1, 1, 1], 'E': [0, 1, 1, 1, 1, 1, 0, 1, 1, 1], 'F': [1, 1, 1, 1, 0, 1, 1, 1, 1, 1], 'G': [1, 1, 1, 1, 1, 1, 1, 1, 1, 1], 'H': [1, 1, 1, 1, 1, 1, 1, 1, 1, 1], 'I': [1, 0, 1, 0, 1, 1, 1, 1, 1, 1], 'J': [1, 1, 1, 1, 1, 1, 1, 1, 1, 1]}, '校医院西': {'A': [1, 1, 1, 1, 1, 1, 1, 1, 1, 1], 'B': [1, 1, 1, 1, 1, 1, 1, 1, 1, 1], 'C': [1, 1, 1, 1, 1, 1, 1, 1, 1, 1], 'D': [1, 1, 1, 1, 1, 1, 1, 1, 1, 1], 'E': [1, 1, 1, 1, 1, 1, 1, 0, 1, 1], 'F': [1, 1, 1, 1, 1, 1, 1, 1, 1, 1], 'G': [1, 1, 1, 1, 1, 1, 1, 1, 1, 1], 'H': [1, 1, 1, 1, 1, 1, 1, 1, 1, 0], 'I': [1, 1, 1, 1, 1, 1, 1, 0, 1, 1]}}
623497	2024-07-13 09:02:20.874000+08:00	2024-07-13 09:02:20.874000+08:00	{'东门北侧': {'A': [1, 1, 1, 1, 1, 1, 1, 1, 1, 1], 'B': [1, 1, 1, 1, 1, 1, 1, 1, 1, 1], 'C': [1, 1, 1, 1, 1, 1, 1, 1, 1, 1], 'D': [1, 0, 1, 1, 1, 1, 1, 1, 1, 1], 'E': [1, 1, 0, 1, 1, 1, 1, 1, 1, 1], 'F': [0, 1, 1, 1, 1, 1, 1, 1, 1, 1], 'G': [1, 1, 1, 1, 1, 1, 1, 1, 1, 1], 'H': [1, 1, 1, 1, 1, 1, 1, 1, 1, 1], 'I': [1, 1, 0, 1, 1, 1, 1, 1, 1, 1], 'J': [1, 1, 1, 0, 1, 1, 1, 1, 1, 1], 'K': [0, 0, 1, 1, 1, 1, 1, 1, 1, 1]}, '东门南侧': {'A': [1, 1, 1, 1, 1, 1, 1, 1, 1, 1], 'B': [0, 0, 0, 0, 0, 0, 0, 0, 0, 0]}, '西门北侧': {'A': [1, 1, 1, 1, 1, 1, 1, 1, 1, 1], 'B': [1, 1, 1, 1, 1, 1, 1, 1, 1, 0], 'C': [1, 1, 1, 1, 1, 0, 1, 1, 1, 1]}, '西门南侧': {'A': [1, 1, 1, 1, 1, 1, 1, 1, 1, 1], 'B': [1, 1, 1, 1, 1, 1, 1, 1, 1, 1], 'C': [1, 1, 1, 1, 1, 0, 1, 1, 1, 1]}, '南门西侧': {'A': [1, 1, 1, 1, 1, 1, 1, 1, 1, 1], 'B': [1, 1, 1, 1, 1, 1, 1, 1, 1, 1]}, '南门东侧': {'A': [1, 1, 1, 1, 1, 1, 1, 1, 1, 1], 'B': [0, 1, 1, 1, 1, 1, 1, 1, 1, 1]}, '北门东北侧': {'A': [1, 1, 1, 1, 1, 1, 1, 1, 1, 1], 'B': [1, 1, 1, 1, 1, 1, 1, 1, 1, 0], 'C': [1, 1, 1, 1, 1, 1, 1, 1, 1, 1], 'D': [1, 1, 1, 0, 1, 1, 1, 1, 1, 0]}, '北门东南侧': {'A': [1, 1, 1, 1, 1, 1, 1, 1, 1, 1], 'B': [0, 1, 1, 1, 1, 1, 1, 1, 1, 1], 'C': [1, 1, 1, 1, 1, 1, 1, 1, 1, 1], 'D': [1, 1, 0, 1, 1, 1, 1, 1, 1, 1], 'E': [1, 1, 1, 1, 1, 1, 1, 1, 1, 1], 'F': [1, 1, 1, 1, 1, 1, 1, 1, 1, 1]}, '橘园北侧南': {'A': [1, 1, 1, 1, 1, 1, 1, 1, 1, 1], 'B': [0, 1, 1, 1, 1, 1, 1, 1, 1, 1], 'C': [1, 1, 1, 1, 1, 1, 1, 1, 1, 1], 'D': [1, 1, 1, 1, 1, 1, 1, 1, 1, 1], 'E': [0, 1, 1, 1, 1, 1, 0, 1, 1, 1], 'F': [1, 1, 1, 1, 0, 1, 1, 1, 1, 1], 'G': [1, 1, 1, 1, 1, 1, 1, 1, 1, 1], 'H': [1, 1, 1, 1, 1, 1, 1, 1, 1, 1], 'I': [1, 0, 1, 0, 1, 1, 1, 1, 1, 1], 'J': [1, 1, 1, 1, 1, 1, 1, 1, 1, 1]}, '校医院西': {'A': [1, 1, 1, 1, 1, 1, 1, 1, 1, 1], 'B': [1, 1, 1, 1, 1, 1, 1, 1, 1, 1], 'C': [1, 1, 1, 1, 1, 1, 1, 1, 1, 1], 'D': [1, 1, 1, 1, 1, 1, 1, 1, 1, 1], 'E': [1, 1, 1, 1, 1, 1, 1, 0, 1, 1], 'F': [1, 1, 1, 1, 1, 1, 1, 1, 1, 1], 'G': [1, 1, 1, 1, 1, 1, 1, 1, 1, 1], 'H': [1, 1, 1, 1, 1, 1, 1, 1, 1, 0], 'I': [1, 1, 1, 1, 1, 1, 1, 0, 1, 1]}}
623498	2024-07-13 09:03:21.917000+08:00	2024-07-13 09:03:21.917000+08:00	{'东门北侧': {'A': [1, 1, 1, 1, 1, 1, 1, 1, 1, 1], 'B': [1, 1, 1, 1, 1, 1, 1, 1, 1, 1], 'C': [1, 1, 1, 1, 1, 1, 1, 1, 1, 1], 'D': [1, 0, 1, 1, 1, 1, 1, 1, 1, 1], 'E': [1, 1, 0, 1, 1, 1, 1, 1, 1, 1], 'F': [0, 1, 1, 1, 1, 1, 1, 1, 1, 1], 'G': [1, 1, 1, 1, 1, 1, 1, 1, 1, 1], 'H': [1, 1, 1, 1, 1, 1, 1, 1, 1, 1], 'I': [1, 1, 0, 1, 1, 1, 1, 1, 1, 1], 'J': [1, 1, 1, 0, 1, 1, 1, 1, 1, 1], 'K': [0, 0, 1, 1, 1, 1, 1, 1, 1, 1]}, '东门南侧': {'A': [1, 1, 1, 1, 1, 1, 1, 1, 1, 1], 'B': [0, 0, 0, 0, 0, 0, 0, 0, 0, 0]}, '西门北侧': {'A': [1, 1, 1, 1, 1, 1, 1, 1, 1, 1], 'B': [1, 1, 1, 1, 1, 1, 1, 1, 1, 0], 'C': [1, 1, 1, 1, 1, 0, 1, 1, 1, 1]}, '西门南侧': {'A': [1, 1, 1, 1, 1, 1, 1, 1, 1, 1], 'B': [1, 1, 1, 1, 1, 1, 1, 1, 1, 1], 'C': [1, 1, 1, 1, 1, 0, 1, 1, 1, 1]}, '南门西侧': {'A': [1, 1, 1, 1, 1, 1, 1, 1, 1, 1], 'B': [1, 1, 1, 1, 1, 1, 1, 1, 1, 1]}, '南门东侧': {'A': [1, 1, 1, 1, 1, 1, 1, 1, 1, 1], 'B': [0, 1, 1, 1, 1, 1, 1, 1, 1, 1]}, '北门东北侧': {'A': [1, 1, 1, 1, 1, 1, 1, 1, 1, 1], 'B': [1, 1, 1, 1, 1, 1, 1, 1, 1, 0], 'C': [1, 1, 1, 1, 1, 1, 1, 1, 1, 1], 'D': [1, 1, 1, 0, 1, 1, 1, 1, 1, 0]}, '北门东南侧': {'A': [1, 1, 1, 1, 1, 1, 1, 1, 1, 1], 'B': [0, 1, 1, 1, 1, 1, 1, 1, 1, 1], 'C': [1, 1, 1, 1, 1, 1, 1, 1, 1, 1], 'D': [1, 1, 0, 1, 1, 1, 1, 1, 1, 1], 'E': [1, 1, 1, 1, 1, 1, 1, 1, 1, 1], 'F': [1, 1, 1, 1, 1, 1, 1, 1, 1, 1]}, '橘园北侧南': {'A': [1, 1, 1, 1, 1, 1, 1, 1, 1, 1], 'B': [0, 1, 1, 1, 1, 1, 1, 1, 1, 1], 'C': [1, 1, 1, 1, 1, 1, 1, 1, 1, 1], 'D': [1, 1, 1, 1, 1, 1, 1, 1, 1, 1], 'E': [0, 1, 1, 1, 1, 1, 0, 1, 1, 1], 'F': [1, 1, 1, 1, 0, 1, 1, 1, 1, 1], 'G': [1, 1, 1, 1, 1, 1, 1, 1, 1, 1], 'H': [1, 1, 1, 1, 1, 1, 1, 1, 1, 1], 'I': [1, 0, 1, 0, 1, 1, 1, 1, 1, 1], 'J': [1, 1, 1, 1, 1, 1, 1, 1, 1, 1]}, '校医院西': {'A': [1, 1, 1, 1, 1, 1, 1, 1, 1, 1], 'B': [1, 1, 1, 1, 1, 1, 1, 1, 1, 1], 'C': [1, 1, 1, 1, 1, 1, 1, 1, 1, 1], 'D': [1, 1, 1, 1, 1, 1, 1, 1, 1, 1], 'E': [1, 1, 1, 1, 1, 1, 1, 0, 1, 1], 'F': [1, 1, 1, 1, 1, 1, 1, 1, 1, 1], 'G': [1, 1, 1, 1, 1, 1, 1, 1, 1, 1], 'H': [1, 1, 1, 1, 1, 1, 1, 1, 1, 0], 'I': [1, 1, 1, 1, 1, 1, 1, 0, 1, 1]}}
623499	2024-07-13 09:04:21.278000+08:00	2024-07-13 09:04:21.278000+08:00	{'东门北侧': {'A': [1, 1, 1, 1, 1, 1, 1, 1, 1, 1], 'B': [1, 1, 1, 1, 1, 1, 1, 1, 1, 1], 'C': [1, 1, 1, 1, 1, 1, 1, 1, 1, 1], 'D': [1, 0, 1, 1, 1, 1, 1, 1, 1, 1], 'E': [1, 1, 0, 1, 1, 1, 1, 1, 1, 1], 'F': [0, 1, 1, 1, 1, 1, 1, 1, 1, 1], 'G': [1, 1, 1, 1, 1, 1, 1, 1, 1, 1], 'H': [1, 1, 1, 1, 1, 1, 1, 1, 1, 1], 'I': [1, 1, 0, 1, 1, 1, 1, 1, 1, 1], 'J': [1, 1, 1, 0, 1, 1, 1, 1, 1, 1], 'K': [0, 0, 1, 1, 1, 1, 1, 1, 1, 1]}, '东门南侧': {'A': [1, 1, 1, 1, 1, 1, 1, 1, 1, 1], 'B': [0, 0, 0, 0, 0, 0, 0, 0, 0, 0]}, '西门北侧': {'A': [1, 1, 1, 1, 1, 1, 1, 1, 1, 1], 'B': [1, 1, 1, 1, 1, 1, 1, 1, 1, 0], 'C': [1, 1, 1, 1, 1, 0, 1, 1, 1, 1]}, '西门南侧': {'A': [1, 1, 1, 1, 1, 1, 1, 1, 1, 1], 'B': [1, 1, 1, 1, 1, 1, 1, 1, 1, 1], 'C': [1, 1, 1, 1, 1, 0, 1, 1, 1, 1]}, '南门西侧': {'A': [1, 1, 1, 1, 1, 1, 1, 1, 1, 1], 'B': [1, 1, 1, 1, 1, 1, 1, 1, 1, 1]}, '南门东侧': {'A': [1, 1, 1, 1, 1, 1, 1, 1, 1, 1], 'B': [0, 1, 1, 1, 1, 1, 1, 1, 1, 1]}, '北门东北侧': {'A': [1, 1, 1, 1, 1, 1, 1, 1, 1, 1], 'B': [1, 1, 1, 1, 1, 1, 1, 1, 1, 0], 'C': [1, 1, 1, 1, 1, 1, 1, 1, 1, 1], 'D': [1, 1, 1, 0, 1, 1, 1, 1, 1, 0]}, '北门东南侧': {'A': [1, 1, 1, 1, 1, 1, 1, 1, 1, 1], 'B': [0, 1, 1, 1, 1, 1, 1, 1, 1, 1], 'C': [1, 1, 1, 1, 1, 1, 1, 1, 1, 1], 'D': [1, 1, 0, 1, 1, 1, 1, 1, 1, 1], 'E': [1, 1, 1, 1, 1, 1, 1, 1, 1, 1], 'F': [1, 1, 1, 1, 1, 1, 1, 1, 1, 1]}, '橘园北侧南': {'A': [1, 1, 1, 1, 1, 1, 1, 1, 1, 1], 'B': [0, 1, 1, 1, 1, 1, 1, 1, 1, 1], 'C': [1, 1, 1, 1, 1, 1, 1, 1, 1, 1], 'D': [1, 1, 1, 1, 1, 1, 1, 1, 1, 1], 'E': [0, 1, 1, 1, 1, 1, 0, 1, 1, 1], 'F': [1, 1, 1, 1, 0, 1, 1, 1, 1, 1], 'G': [1, 1, 1, 1, 1, 1, 1, 1, 1, 1], 'H': [1, 1, 1, 1, 1, 1, 1, 1, 1, 1], 'I': [1, 0, 1, 0, 1, 1, 1, 1, 1, 1], 'J': [1, 1, 1, 1, 1, 1, 1, 1, 1, 1]}, '校医院西': {'A': [1, 1, 1, 1, 1, 1, 1, 1, 1, 1], 'B': [1, 1, 1, 1, 1, 1, 1, 1, 1, 1], 'C': [1, 1, 1, 1, 1, 1, 1, 1, 1, 1], 'D': [1, 1, 1, 1, 1, 1, 1, 1, 1, 1], 'E': [1, 1, 1, 1, 1, 1, 1, 0, 1, 1], 'F': [1, 1, 1, 1, 1, 1, 1, 1, 1, 1], 'G': [1, 1, 1, 1, 1, 1, 1, 1, 1, 1], 'H': [1, 1, 1, 1, 1, 1, 1, 1, 1, 0], 'I': [1, 1, 1, 1, 1, 1, 1, 0, 1, 1]}}
623500	2024-07-13 09:05:21.873000+08:00	2024-07-13 09:05:21.873000+08:00	{'东门北侧': {'A': [1, 1, 1, 1, 1, 1, 1, 1, 1, 1], 'B': [1, 1, 1, 1, 1, 1, 1, 1, 1, 1], 'C': [1, 1, 1, 1, 1, 1, 1, 1, 1, 1], 'D': [1, 0, 1, 1, 1, 1, 1, 1, 1, 1], 'E': [1, 1, 0, 1, 1, 1, 1, 1, 1, 1], 'F': [0, 1, 1, 1, 1, 1, 1, 1, 1, 1], 'G': [1, 1, 1, 1, 1, 1, 1, 1, 1, 1], 'H': [1, 1, 1, 1, 1, 1, 1, 1, 1, 1], 'I': [1, 1, 0, 1, 1, 1, 1, 1, 1, 1], 'J': [1, 1, 1, 0, 1, 1, 1, 1, 1, 1], 'K': [0, 0, 1, 1, 1, 1, 1, 1, 1, 1]}, '东门南侧': {'A': [1, 1, 1, 1, 1, 1, 1, 1, 1, 1], 'B': [0, 0, 0, 0, 0, 0, 0, 0, 0, 0]}, '西门北侧': {'A': [1, 1, 1, 1, 1, 1, 1, 1, 1, 1], 'B': [1, 1, 1, 1, 1, 1, 1, 1, 1, 0], 'C': [1, 1, 1, 1, 1, 0, 1, 1, 1, 1]}, '西门南侧': {'A': [1, 1, 1, 1, 1, 1, 1, 1, 1, 1], 'B': [1, 1, 1, 1, 1, 1, 1, 1, 1, 1], 'C': [1, 1, 1, 1, 1, 0, 1, 1, 1, 1]}, '南门西侧': {'A': [1, 1, 1, 1, 1, 1, 1, 1, 1, 1], 'B': [1, 1, 1, 1, 1, 1, 1, 1, 1, 1]}, '南门东侧': {'A': [1, 1, 1, 1, 1, 1, 1, 1, 1, 1], 'B': [0, 1, 1, 1, 1, 1, 1, 1, 1, 1]}, '北门东北侧': {'A': [1, 1, 1, 1, 1, 1, 1, 1, 1, 1], 'B': [1, 1, 1, 1, 1, 1, 1, 1, 1, 0], 'C': [1, 1, 1, 1, 1, 1, 1, 1, 1, 1], 'D': [1, 1, 1, 0, 1, 1, 1, 1, 1, 0]}, '北门东南侧': {'A': [1, 1, 1, 1, 1, 1, 1, 1, 1, 1], 'B': [0, 1, 1, 1, 1, 1, 1, 1, 1, 1], 'C': [1, 1, 1, 1, 1, 1, 1, 1, 1, 1], 'D': [1, 1, 0, 1, 1, 1, 1, 1, 1, 1], 'E': [1, 1, 1, 1, 1, 1, 1, 1, 1, 1], 'F': [1, 1, 1, 1, 1, 1, 1, 1, 1, 1]}, '橘园北侧南': {'A': [1, 1, 1, 1, 1, 1, 1, 1, 1, 1], 'B': [0, 1, 1, 1, 1, 1, 1, 1, 1, 1], 'C': [1, 1, 1, 1, 1, 1, 1, 1, 1, 1], 'D': [1, 1, 1, 1, 1, 1, 1, 1, 1, 1], 'E': [0, 1, 1, 1, 1, 1, 0, 1, 1, 1], 'F': [1, 1, 1, 1, 0, 1, 1, 1, 1, 1], 'G': [1, 0, 1, 1, 1, 1, 1, 1, 1, 1], 'H': [1, 1, 1, 1, 1, 1, 1, 1, 1, 1], 'I': [1, 0, 1, 0, 1, 1, 1, 1, 1, 1], 'J': [1, 1, 1, 1, 1, 1, 1, 1, 1, 1]}, '校医院西': {'A': [1, 1, 1, 1, 1, 1, 1, 1, 1, 1], 'B': [1, 1, 1, 1, 1, 1, 1, 1, 1, 1], 'C': [1, 1, 1, 1, 1, 1, 1, 1, 1, 1], 'D': [1, 1, 1, 1, 1, 1, 1, 1, 1, 1], 'E': [1, 1, 1, 1, 1, 1, 1, 0, 1, 1], 'F': [1, 1, 1, 1, 1, 1, 1, 1, 1, 1], 'G': [1, 1, 1, 1, 1, 1, 1, 1, 1, 1], 'H': [1, 1, 1, 1, 1, 1, 1, 1, 1, 0], 'I': [1, 1, 1, 1, 1, 1, 1, 0, 1, 1]}}
623501	2024-07-13 09:06:21.902000+08:00	2024-07-13 09:06:21.902000+08:00	{'东门北侧': {'A': [1, 1, 1, 1, 1, 1, 1, 1, 1, 1], 'B': [1, 1, 1, 1, 1, 1, 1, 1, 1, 1], 'C': [1, 1, 1, 1, 1, 1, 1, 1, 1, 1], 'D': [1, 0, 1, 1, 1, 1, 1, 1, 1, 1], 'E': [1, 1, 0, 1, 1, 1, 1, 1, 1, 1], 'F': [0, 1, 1, 1, 1, 1, 1, 1, 1, 1], 'G': [1, 1, 1, 1, 1, 1, 1, 1, 1, 1], 'H': [1, 1, 1, 1, 1, 1, 1, 1, 1, 1], 'I': [1, 1, 0, 1, 1, 1, 1, 1, 1, 1], 'J': [1, 1, 1, 0, 1, 1, 1, 1, 1, 1], 'K': [0, 0, 1, 1, 1, 1, 1, 1, 1, 1]}, '东门南侧': {'A': [1, 1, 1, 1, 1, 1, 1, 1, 1, 1], 'B': [0, 0, 0, 0, 0, 0, 0, 0, 0, 0]}, '西门北侧': {'A': [1, 1, 1, 1, 1, 1, 1, 1, 1, 1], 'B': [1, 1, 1, 1, 1, 1, 1, 1, 1, 0], 'C': [1, 1, 1, 1, 1, 0, 1, 1, 1, 1]}, '西门南侧': {'A': [1, 1, 1, 1, 1, 1, 1, 1, 1, 1], 'B': [1, 1, 1, 1, 1, 1, 1, 1, 1, 1], 'C': [1, 1, 1, 1, 1, 0, 1, 1, 1, 1]}, '南门西侧': {'A': [1, 1, 1, 1, 1, 1, 1, 1, 1, 1], 'B': [1, 1, 1, 1, 1, 1, 1, 1, 1, 1]}, '南门东侧': {'A': [1, 1, 1, 1, 1, 1, 1, 1, 1, 1], 'B': [0, 1, 1, 1, 1, 1, 1, 1, 1, 1]}, '北门东北侧': {'A': [1, 1, 1, 1, 1, 1, 1, 1, 1, 1], 'B': [1, 1, 1, 1, 1, 1, 1, 1, 1, 0], 'C': [1, 1, 1, 1, 1, 1, 1, 1, 1, 1], 'D': [1, 1, 1, 0, 1, 1, 1, 1, 1, 0]}, '北门东南侧': {'A': [1, 1, 1, 1, 1, 1, 1, 1, 1, 1], 'B': [0, 1, 1, 1, 1, 1, 1, 1, 1, 1], 'C': [1, 1, 1, 1, 1, 1, 1, 1, 1, 1], 'D': [1, 1, 0, 1, 1, 1, 1, 1, 1, 1], 'E': [1, 1, 1, 1, 1, 1, 1, 1, 1, 1], 'F': [1, 1, 1, 1, 1, 1, 1, 1, 1, 1]}, '橘园北侧南': {'A': [1, 1, 1, 1, 1, 1, 1, 1, 1, 1], 'B': [0, 1, 1, 1, 1, 1, 1, 1, 1, 1], 'C': [1, 1, 1, 1, 1, 1, 1, 1, 1, 1], 'D': [1, 1, 1, 1, 1, 1, 1, 1, 1, 1], 'E': [0, 1, 1, 1, 1, 1, 0, 1, 1, 1], 'F': [1, 1, 0, 1, 0, 1, 1, 1, 1, 1], 'G': [1, 0, 1, 1, 1, 1, 1, 1, 1, 1], 'H': [1, 1, 1, 1, 1, 1, 1, 1, 1, 1], 'I': [1, 0, 1, 0, 1, 1, 1, 1, 1, 1], 'J': [1, 1, 1, 1, 1, 1, 1, 1, 1, 1]}, '校医院西': {'A': [1, 1, 1, 1, 1, 1, 1, 1, 1, 1], 'B': [1, 1, 1, 1, 1, 1, 1, 1, 1, 1], 'C': [1, 1, 1, 1, 1, 1, 1, 1, 1, 1], 'D': [1, 1, 1, 1, 1, 1, 1, 1, 1, 1], 'E': [1, 1, 1, 1, 1, 1, 1, 0, 1, 1], 'F': [1, 1, 1, 1, 1, 1, 1, 1, 1, 1], 'G': [1, 1, 1, 1, 1, 1, 1, 1, 1, 1], 'H': [1, 1, 1, 1, 1, 1, 1, 1, 1, 0], 'I': [1, 1, 1, 1, 1, 1, 1, 0, 1, 1]}}
623502	2024-07-13 09:07:22.872000+08:00	2024-07-13 09:07:22.872000+08:00	{'东门北侧': {'A': [1, 1, 1, 1, 1, 1, 1, 1, 1, 1], 'B': [1, 1, 1, 1, 1, 1, 1, 1, 1, 1], 'C': [1, 1, 1, 1, 1, 1, 1, 1, 1, 1], 'D': [1, 0, 1, 1, 1, 1, 1, 1, 1, 1], 'E': [1, 1, 0, 1, 1, 1, 1, 1, 1, 1], 'F': [0, 1, 1, 1, 1, 1, 1, 1, 1, 1], 'G': [1, 1, 1, 1, 1, 1, 1, 1, 1, 1], 'H': [1, 1, 1, 1, 1, 1, 1, 1, 1, 1], 'I': [1, 1, 0, 1, 1, 1, 1, 1, 1, 1], 'J': [1, 1, 1, 0, 1, 1, 1, 1, 1, 1], 'K': [0, 0, 1, 1, 1, 1, 1, 1, 1, 1]}, '东门南侧': {'A': [1, 1, 1, 1, 1, 1, 1, 1, 1, 1], 'B': [0, 0, 0, 0, 0, 0, 0, 0, 0, 0]}, '西门北侧': {'A': [1, 1, 1, 1, 1, 1, 1, 1, 1, 1], 'B': [1, 1, 1, 1, 1, 1, 1, 1, 1, 0], 'C': [1, 1, 1, 1, 1, 0, 1, 1, 1, 1]}, '西门南侧': {'A': [1, 1, 1, 1, 1, 1, 1, 1, 1, 1], 'B': [1, 1, 1, 1, 1, 1, 1, 1, 1, 1], 'C': [1, 1, 1, 1, 1, 0, 1, 1, 1, 1]}, '南门西侧': {'A': [1, 1, 1, 1, 1, 1, 1, 1, 1, 1], 'B': [1, 1, 1, 1, 1, 1, 1, 1, 1, 1]}, '南门东侧': {'A': [1, 1, 1, 1, 1, 1, 1, 1, 1, 1], 'B': [0, 1, 1, 1, 1, 1, 1, 1, 1, 1]}, '北门东北侧': {'A': [1, 1, 1, 1, 1, 1, 1, 1, 1, 1], 'B': [1, 1, 1, 1, 1, 1, 1, 1, 1, 0], 'C': [1, 1, 1, 1, 1, 1, 1, 1, 1, 1], 'D': [1, 1, 1, 0, 1, 1, 1, 1, 1, 0]}, '北门东南侧': {'A': [1, 1, 1, 1, 1, 1, 1, 1, 1, 1], 'B': [0, 1, 1, 1, 1, 1, 1, 1, 1, 1], 'C': [1, 1, 1, 1, 1, 1, 1, 1, 1, 1], 'D': [1, 1, 0, 1, 1, 1, 1, 1, 1, 1], 'E': [1, 1, 1, 1, 1, 1, 1, 1, 1, 1], 'F': [1, 1, 1, 1, 1, 1, 1, 1, 1, 1]}, '橘园北侧南': {'A': [1, 1, 1, 1, 1, 1, 1, 1, 1, 1], 'B': [0, 1, 1, 1, 1, 1, 1, 1, 1, 1], 'C': [1, 1, 1, 1, 1, 1, 1, 1, 1, 1], 'D': [1, 1, 1, 1, 1, 1, 1, 1, 1, 1], 'E': [0, 1, 1, 1, 1, 1, 0, 1, 1, 1], 'F': [1, 1, 0, 1, 0, 1, 1, 1, 1, 1], 'G': [1, 0, 1, 1, 1, 1, 1, 1, 1, 1], 'H': [1, 1, 1, 1, 1, 1, 1, 1, 1, 1], 'I': [1, 0, 1, 0, 1, 1, 1, 1, 1, 1], 'J': [1, 1, 1, 1, 1, 1, 1, 1, 1, 1]}, '校医院西': {'A': [1, 1, 1, 1, 1, 1, 1, 1, 1, 1], 'B': [1, 1, 1, 1, 1, 1, 1, 1, 1, 1], 'C': [1, 1, 1, 1, 1, 1, 1, 1, 1, 1], 'D': [1, 1, 1, 1, 1, 1, 1, 1, 1, 1], 'E': [1, 1, 1, 1, 1, 1, 1, 0, 1, 1], 'F': [1, 1, 1, 1, 1, 1, 1, 1, 1, 1], 'G': [1, 1, 1, 1, 1, 1, 1, 1, 1, 1], 'H': [1, 1, 1, 1, 1, 1, 1, 1, 1, 0], 'I': [1, 1, 1, 1, 1, 1, 1, 0, 1, 1]}}
623503	2024-07-13 09:08:23.836000+08:00	2024-07-13 09:08:23.836000+08:00	{'东门北侧': {'A': [1, 1, 1, 1, 1, 1, 1, 1, 1, 1], 'B': [1, 1, 1, 1, 1, 1, 1, 1, 1, 1], 'C': [1, 1, 1, 1, 1, 1, 1, 1, 1, 1], 'D': [1, 0, 1, 1, 1, 1, 1, 1, 1, 1], 'E': [1, 1, 0, 1, 1, 1, 1, 1, 1, 1], 'F': [0, 1, 1, 1, 1, 1, 1, 1, 1, 1], 'G': [1, 1, 1, 1, 1, 1, 1, 1, 1, 1], 'H': [1, 1, 1, 1, 1, 1, 1, 1, 1, 1], 'I': [1, 1, 0, 1, 1, 1, 1, 1, 1, 1], 'J': [1, 1, 1, 0, 1, 1, 1, 1, 1, 1], 'K': [0, 0, 1, 1, 1, 1, 1, 1, 1, 1]}, '东门南侧': {'A': [1, 1, 1, 1, 1, 1, 1, 1, 1, 1], 'B': [0, 0, 0, 0, 0, 0, 0, 0, 0, 0]}, '西门北侧': {'A': [1, 1, 1, 1, 1, 1, 1, 1, 1, 1], 'B': [1, 1, 1, 1, 1, 1, 1, 1, 1, 0], 'C': [1, 1, 1, 1, 1, 0, 1, 1, 1, 1]}, '西门南侧': {'A': [1, 1, 1, 1, 1, 1, 1, 1, 1, 1], 'B': [1, 1, 1, 1, 1, 1, 1, 1, 1, 1], 'C': [1, 1, 1, 1, 1, 0, 1, 1, 1, 1]}, '南门西侧': {'A': [1, 1, 1, 1, 1, 1, 1, 1, 1, 1], 'B': [1, 1, 1, 1, 1, 1, 1, 1, 1, 1]}, '南门东侧': {'A': [1, 1, 1, 1, 1, 1, 1, 1, 1, 1], 'B': [0, 1, 1, 1, 1, 1, 1, 1, 1, 1]}, '北门东北侧': {'A': [1, 1, 1, 1, 1, 1, 1, 1, 1, 1], 'B': [1, 1, 1, 1, 1, 1, 1, 1, 1, 0], 'C': [1, 1, 1, 1, 1, 1, 1, 1, 1, 1], 'D': [1, 1, 1, 0, 1, 1, 1, 1, 1, 0]}, '北门东南侧': {'A': [1, 1, 1, 1, 1, 1, 1, 1, 1, 1], 'B': [0, 1, 1, 1, 1, 0, 1, 1, 1, 1], 'C': [1, 1, 1, 1, 1, 1, 1, 1, 1, 1], 'D': [1, 1, 0, 1, 1, 1, 1, 1, 1, 1], 'E': [1, 1, 1, 1, 1, 1, 1, 1, 1, 1], 'F': [1, 1, 1, 1, 1, 1, 1, 1, 1, 1]}, '橘园北侧南': {'A': [1, 1, 1, 1, 1, 1, 1, 1, 1, 1], 'B': [0, 1, 1, 1, 1, 1, 1, 1, 1, 1], 'C': [1, 1, 1, 1, 1, 1, 1, 1, 1, 1], 'D': [1, 1, 1, 1, 1, 1, 1, 1, 1, 1], 'E': [0, 1, 1, 1, 1, 1, 0, 1, 1, 1], 'F': [1, 1, 0, 1, 0, 1, 1, 1, 1, 1], 'G': [1, 0, 1, 1, 1, 1, 1, 1, 1, 1], 'H': [1, 1, 1, 1, 1, 1, 1, 1, 1, 1], 'I': [0, 0, 1, 0, 1, 1, 1, 1, 1, 1], 'J': [1, 1, 1, 1, 1, 1, 1, 1, 1, 1]}, '校医院西': {'A': [1, 1, 1, 1, 1, 1, 1, 1, 1, 1], 'B': [1, 1, 1, 1, 1, 1, 1, 1, 1, 1], 'C': [1, 1, 1, 1, 1, 1, 1, 1, 1, 1], 'D': [1, 1, 1, 1, 1, 1, 1, 1, 1, 1], 'E': [1, 1, 1, 1, 1, 1, 1, 0, 1, 1], 'F': [1, 1, 1, 1, 1, 1, 1, 1, 1, 1], 'G': [1, 1, 1, 1, 1, 1, 1, 1, 1, 1], 'H': [1, 1, 1, 1, 1, 1, 1, 1, 1, 0], 'I': [1, 1, 1, 1, 1, 1, 1, 0, 1, 1]}}
623504	2024-07-13 09:09:21.089000+08:00	2024-07-13 09:09:21.089000+08:00	{'东门北侧': {'A': [1, 1, 1, 1, 1, 1, 1, 1, 1, 1], 'B': [1, 1, 1, 1, 1, 1, 1, 1, 1, 1], 'C': [1, 1, 1, 1, 1, 1, 1, 1, 1, 1], 'D': [1, 0, 1, 1, 1, 1, 1, 1, 1, 1], 'E': [1, 1, 0, 1, 1, 1, 1, 1, 1, 1], 'F': [0, 1, 1, 1, 1, 1, 1, 1, 1, 1], 'G': [1, 1, 1, 1, 1, 1, 1, 1, 1, 1], 'H': [1, 1, 1, 1, 1, 1, 1, 1, 1, 1], 'I': [1, 1, 0, 1, 1, 1, 1, 1, 1, 1], 'J': [1, 1, 1, 0, 1, 1, 1, 1, 1, 1], 'K': [0, 0, 1, 1, 1, 1, 1, 1, 1, 1]}, '东门南侧': {'A': [1, 1, 1, 1, 1, 1, 1, 1, 1, 1], 'B': [0, 0, 0, 0, 0, 0, 0, 0, 0, 0]}, '西门北侧': {'A': [1, 1, 1, 1, 1, 1, 1, 1, 1, 1], 'B': [1, 1, 1, 1, 1, 1, 1, 1, 1, 0], 'C': [1, 1, 1, 1, 1, 0, 1, 1, 1, 1]}, '西门南侧': {'A': [1, 1, 1, 1, 1, 1, 1, 1, 1, 1], 'B': [1, 1, 1, 1, 1, 1, 1, 1, 1, 1], 'C': [1, 1, 1, 1, 1, 0, 1, 1, 1, 1]}, '南门西侧': {'A': [1, 1, 1, 1, 1, 1, 1, 1, 1, 1], 'B': [1, 1, 1, 1, 1, 1, 1, 1, 1, 1]}, '南门东侧': {'A': [1, 1, 1, 1, 1, 1, 1, 1, 1, 1], 'B': [0, 1, 1, 1, 1, 1, 1, 1, 1, 1]}, '北门东北侧': {'A': [1, 1, 1, 1, 1, 1, 1, 1, 1, 1], 'B': [1, 1, 1, 1, 1, 1, 1, 1, 1, 0], 'C': [1, 1, 1, 1, 1, 1, 1, 1, 1, 1], 'D': [1, 1, 1, 0, 1, 1, 1, 1, 1, 0]}, '北门东南侧': {'A': [1, 1, 1, 1, 1, 1, 1, 1, 1, 1], 'B': [0, 1, 1, 1, 1, 0, 1, 1, 1, 1], 'C': [1, 1, 1, 1, 1, 1, 1, 1, 1, 1], 'D': [1, 1, 0, 1, 1, 1, 1, 1, 1, 1], 'E': [1, 1, 1, 1, 1, 1, 1, 1, 1, 1], 'F': [1, 1, 1, 1, 1, 1, 1, 1, 1, 1]}, '橘园北侧南': {'A': [1, 1, 1, 1, 1, 1, 1, 1, 1, 1], 'B': [0, 1, 1, 1, 1, 1, 1, 1, 1, 1], 'C': [1, 1, 1, 1, 1, 1, 1, 1, 1, 1], 'D': [1, 1, 1, 1, 1, 1, 1, 1, 1, 1], 'E': [0, 1, 1, 1, 1, 1, 0, 1, 1, 1], 'F': [1, 1, 0, 1, 0, 1, 1, 1, 1, 1], 'G': [1, 0, 1, 1, 1, 1, 1, 1, 1, 1], 'H': [1, 1, 1, 1, 1, 1, 1, 1, 1, 1], 'I': [0, 0, 1, 0, 1, 1, 1, 1, 1, 1], 'J': [1, 1, 1, 1, 1, 1, 1, 1, 1, 1]}, '校医院西': {'A': [1, 1, 1, 1, 1, 1, 1, 1, 1, 1], 'B': [1, 1, 1, 1, 1, 1, 1, 1, 1, 1], 'C': [1, 1, 1, 1, 1, 1, 1, 1, 1, 1], 'D': [1, 1, 1, 1, 1, 1, 1, 1, 1, 1], 'E': [1, 1, 1, 1, 1, 1, 1, 0, 1, 1], 'F': [1, 1, 1, 1, 1, 1, 1, 1, 1, 1], 'G': [1, 1, 1, 1, 1, 1, 1, 1, 1, 1], 'H': [1, 1, 1, 1, 1, 1, 1, 1, 1, 0], 'I': [1, 1, 1, 1, 1, 1, 1, 0, 1, 1]}}
623505	2024-07-13 09:10:21.914000+08:00	2024-07-13 09:10:21.914000+08:00	{'东门北侧': {'A': [1, 1, 1, 1, 1, 1, 1, 1, 1, 1], 'B': [1, 1, 1, 1, 1, 1, 1, 1, 1, 1], 'C': [1, 1, 1, 1, 1, 1, 1, 1, 1, 1], 'D': [1, 0, 1, 1, 1, 1, 1, 1, 1, 1], 'E': [1, 1, 0, 1, 1, 1, 1, 1, 1, 1], 'F': [0, 1, 1, 1, 1, 1, 1, 1, 1, 1], 'G': [1, 1, 1, 1, 1, 1, 1, 1, 1, 1], 'H': [1, 1, 1, 1, 1, 1, 1, 1, 1, 1], 'I': [1, 1, 0, 1, 1, 1, 1, 1, 1, 1], 'J': [1, 1, 1, 0, 1, 1, 1, 1, 1, 1], 'K': [0, 0, 1, 1, 1, 1, 1, 1, 1, 1]}, '东门南侧': {'A': [1, 1, 1, 1, 1, 1, 1, 1, 1, 1], 'B': [0, 0, 0, 0, 0, 0, 0, 0, 0, 0]}, '西门北侧': {'A': [1, 1, 1, 1, 1, 1, 1, 1, 1, 1], 'B': [1, 1, 1, 1, 1, 1, 1, 1, 1, 0], 'C': [1, 1, 1, 1, 1, 0, 1, 1, 1, 1]}, '西门南侧': {'A': [1, 1, 1, 1, 1, 1, 1, 1, 1, 1], 'B': [1, 1, 1, 1, 1, 1, 1, 1, 1, 1], 'C': [1, 1, 1, 1, 1, 0, 1, 1, 1, 1]}, '南门西侧': {'A': [1, 1, 1, 1, 1, 1, 1, 1, 1, 1], 'B': [1, 1, 1, 1, 1, 1, 1, 1, 1, 1]}, '南门东侧': {'A': [1, 1, 1, 1, 1, 1, 1, 1, 1, 1], 'B': [0, 1, 1, 1, 1, 1, 1, 1, 1, 1]}, '北门东北侧': {'A': [1, 1, 1, 1, 1, 1, 1, 1, 1, 1], 'B': [1, 1, 1, 1, 1, 1, 1, 1, 1, 0], 'C': [1, 1, 1, 1, 1, 1, 1, 1, 1, 1], 'D': [1, 1, 1, 0, 1, 1, 1, 1, 1, 0]}, '北门东南侧': {'A': [1, 1, 1, 1, 1, 1, 1, 1, 1, 1], 'B': [1, 1, 1, 1, 1, 0, 1, 1, 1, 1], 'C': [1, 1, 1, 1, 1, 1, 1, 1, 1, 1], 'D': [1, 1, 0, 1, 1, 1, 1, 1, 1, 1], 'E': [1, 1, 1, 1, 1, 1, 1, 1, 1, 1], 'F': [1, 1, 1, 1, 1, 1, 1, 1, 1, 1]}, '橘园北侧南': {'A': [1, 1, 1, 1, 1, 1, 1, 1, 1, 1], 'B': [1, 1, 1, 1, 1, 1, 1, 1, 1, 1], 'C': [1, 1, 1, 1, 1, 1, 1, 1, 1, 1], 'D': [1, 1, 1, 1, 1, 1, 1, 1, 1, 1], 'E': [0, 1, 1, 1, 1, 1, 0, 1, 1, 1], 'F': [1, 1, 0, 1, 0, 1, 1, 1, 1, 1], 'G': [1, 0, 1, 1, 1, 1, 1, 1, 1, 1], 'H': [1, 1, 1, 1, 1, 1, 1, 1, 1, 1], 'I': [0, 0, 1, 0, 1, 1, 1, 1, 1, 1], 'J': [1, 1, 1, 1, 1, 1, 1, 1, 1, 1]}, '校医院西': {'A': [1, 1, 1, 1, 1, 1, 1, 1, 1, 1], 'B': [1, 1, 1, 1, 1, 1, 1, 1, 1, 1], 'C': [1, 1, 1, 1, 1, 1, 1, 1, 1, 1], 'D': [1, 1, 1, 1, 1, 1, 1, 1, 1, 1], 'E': [1, 1, 1, 1, 1, 1, 1, 0, 1, 1], 'F': [1, 1, 1, 1, 1, 1, 1, 1, 1, 1], 'G': [1, 1, 1, 1, 1, 1, 1, 1, 1, 1], 'H': [1, 1, 1, 1, 1, 1, 1, 1, 1, 0], 'I': [1, 1, 1, 1, 1, 1, 1, 0, 1, 1]}}
623506	2024-07-13 09:11:23.841000+08:00	2024-07-13 09:11:23.841000+08:00	{'东门北侧': {'A': [1, 1, 1, 1, 1, 1, 1, 1, 1, 1], 'B': [1, 1, 1, 1, 1, 1, 1, 1, 1, 1], 'C': [1, 1, 1, 1, 1, 1, 1, 1, 1, 1], 'D': [1, 0, 1, 1, 1, 1, 1, 1, 1, 1], 'E': [1, 1, 0, 1, 1, 1, 1, 1, 1, 1], 'F': [0, 1, 1, 1, 1, 1, 1, 1, 1, 1], 'G': [1, 1, 1, 1, 1, 1, 1, 1, 1, 1], 'H': [1, 1, 1, 1, 1, 1, 1, 1, 1, 1], 'I': [1, 1, 0, 1, 1, 1, 1, 1, 1, 1], 'J': [1, 1, 1, 0, 1, 1, 1, 1, 1, 1], 'K': [0, 0, 1, 1, 1, 1, 1, 1, 1, 1]}, '东门南侧': {'A': [1, 1, 1, 1, 1, 1, 1, 1, 1, 1], 'B': [0, 0, 0, 0, 0, 0, 0, 0, 0, 0]}, '西门北侧': {'A': [1, 1, 1, 1, 1, 1, 1, 1, 1, 1], 'B': [1, 1, 1, 1, 1, 1, 1, 1, 1, 0], 'C': [1, 1, 1, 1, 1, 0, 1, 1, 1, 1]}, '西门南侧': {'A': [1, 1, 1, 1, 1, 1, 1, 1, 1, 1], 'B': [1, 1, 1, 1, 1, 1, 1, 1, 1, 1], 'C': [1, 1, 1, 1, 1, 0, 1, 1, 1, 1]}, '南门西侧': {'A': [1, 1, 1, 1, 1, 1, 1, 1, 1, 1], 'B': [1, 1, 1, 1, 1, 1, 1, 1, 1, 1]}, '南门东侧': {'A': [1, 1, 1, 1, 1, 1, 1, 1, 1, 1], 'B': [0, 1, 1, 1, 1, 1, 1, 1, 1, 1]}, '北门东北侧': {'A': [1, 1, 1, 1, 1, 1, 1, 1, 1, 1], 'B': [1, 1, 1, 1, 1, 1, 1, 1, 1, 0], 'C': [1, 1, 1, 1, 1, 1, 1, 1, 1, 1], 'D': [1, 1, 1, 0, 1, 1, 1, 1, 1, 0]}, '北门东南侧': {'A': [1, 1, 1, 1, 1, 1, 1, 1, 1, 1], 'B': [1, 1, 1, 1, 1, 0, 1, 1, 1, 1], 'C': [1, 1, 1, 1, 1, 1, 1, 1, 1, 1], 'D': [1, 1, 0, 1, 1, 1, 1, 1, 1, 1], 'E': [1, 1, 1, 1, 1, 1, 1, 1, 1, 1], 'F': [1, 1, 1, 1, 1, 1, 1, 1, 1, 1]}, '橘园北侧南': {'A': [1, 1, 1, 1, 1, 1, 1, 1, 1, 1], 'B': [1, 1, 1, 1, 1, 1, 1, 1, 1, 1], 'C': [1, 1, 1, 1, 1, 1, 1, 1, 1, 1], 'D': [1, 1, 1, 1, 1, 1, 1, 1, 1, 1], 'E': [0, 1, 1, 1, 1, 1, 0, 1, 1, 1], 'F': [1, 1, 0, 1, 0, 1, 1, 1, 1, 1], 'G': [1, 0, 1, 1, 1, 1, 1, 1, 1, 1], 'H': [1, 1, 1, 1, 1, 1, 1, 1, 1, 1], 'I': [0, 0, 1, 0, 1, 1, 1, 1, 1, 1], 'J': [1, 1, 1, 1, 1, 1, 1, 1, 1, 1]}, '校医院西': {'A': [1, 1, 1, 1, 1, 1, 1, 1, 1, 1], 'B': [1, 1, 1, 1, 1, 1, 1, 1, 1, 1], 'C': [1, 1, 1, 1, 1, 1, 1, 1, 1, 1], 'D': [1, 1, 1, 1, 1, 1, 1, 1, 1, 1], 'E': [1, 1, 1, 1, 1, 1, 1, 0, 1, 1], 'F': [1, 1, 1, 1, 1, 1, 1, 1, 1, 1], 'G': [1, 1, 1, 1, 1, 1, 1, 1, 1, 1], 'H': [1, 1, 1, 1, 1, 1, 1, 1, 1, 0], 'I': [1, 1, 1, 1, 1, 1, 1, 0, 1, 1]}}
623507	2024-07-13 09:12:23.255000+08:00	2024-07-13 09:12:23.255000+08:00	{'东门北侧': {'A': [1, 1, 1, 1, 1, 1, 1, 1, 1, 1], 'B': [1, 1, 1, 1, 1, 1, 1, 1, 1, 1], 'C': [1, 1, 1, 1, 1, 1, 1, 1, 1, 1], 'D': [1, 0, 1, 1, 1, 1, 1, 1, 1, 1], 'E': [1, 1, 0, 1, 1, 1, 1, 1, 1, 1], 'F': [0, 1, 1, 1, 1, 1, 1, 1, 1, 1], 'G': [1, 1, 1, 1, 1, 1, 1, 1, 1, 1], 'H': [1, 1, 1, 1, 1, 1, 1, 1, 1, 1], 'I': [1, 1, 0, 1, 1, 1, 1, 1, 1, 1], 'J': [1, 1, 1, 0, 1, 1, 1, 1, 1, 1], 'K': [0, 0, 1, 1, 1, 1, 1, 1, 1, 1]}, '东门南侧': {'A': [1, 1, 1, 1, 1, 1, 1, 1, 1, 1], 'B': [0, 0, 0, 0, 0, 0, 0, 0, 0, 0]}, '西门北侧': {'A': [1, 1, 1, 1, 1, 1, 1, 1, 1, 1], 'B': [1, 1, 1, 1, 1, 1, 1, 1, 1, 0], 'C': [1, 1, 1, 1, 1, 0, 1, 1, 1, 1]}, '西门南侧': {'A': [1, 1, 1, 1, 1, 1, 1, 1, 1, 1], 'B': [1, 1, 1, 1, 1, 1, 1, 1, 1, 1], 'C': [1, 1, 1, 1, 1, 0, 1, 1, 1, 1]}, '南门西侧': {'A': [1, 1, 1, 1, 1, 1, 1, 1, 1, 1], 'B': [1, 1, 1, 1, 1, 1, 1, 1, 1, 1]}, '南门东侧': {'A': [1, 1, 1, 1, 1, 1, 1, 1, 1, 1], 'B': [0, 1, 1, 1, 1, 1, 1, 1, 1, 1]}, '北门东北侧': {'A': [1, 1, 1, 1, 1, 1, 1, 1, 1, 1], 'B': [1, 1, 1, 1, 1, 1, 1, 1, 1, 0], 'C': [1, 1, 1, 1, 1, 1, 1, 1, 1, 1], 'D': [1, 1, 1, 0, 1, 1, 1, 1, 1, 0]}, '北门东南侧': {'A': [1, 1, 1, 1, 1, 1, 1, 1, 1, 1], 'B': [1, 1, 1, 1, 1, 0, 1, 1, 1, 1], 'C': [1, 1, 1, 1, 1, 1, 1, 1, 1, 1], 'D': [1, 1, 0, 1, 1, 1, 1, 1, 1, 1], 'E': [1, 1, 1, 1, 1, 1, 1, 1, 1, 1], 'F': [1, 1, 1, 1, 1, 1, 1, 1, 1, 1]}, '橘园北侧南': {'A': [1, 1, 1, 1, 1, 1, 1, 1, 1, 1], 'B': [1, 1, 1, 1, 1, 1, 1, 1, 1, 1], 'C': [1, 1, 1, 1, 1, 1, 1, 1, 1, 1], 'D': [1, 1, 1, 1, 1, 1, 1, 1, 1, 1], 'E': [0, 1, 1, 1, 1, 1, 0, 1, 1, 1], 'F': [1, 1, 0, 1, 0, 1, 1, 1, 1, 1], 'G': [1, 0, 1, 1, 1, 1, 1, 1, 1, 1], 'H': [1, 1, 1, 1, 1, 1, 1, 1, 1, 1], 'I': [0, 0, 1, 0, 1, 1, 1, 1, 1, 1], 'J': [1, 1, 1, 1, 1, 1, 1, 1, 1, 1]}, '校医院西': {'A': [1, 1, 1, 1, 1, 1, 1, 1, 1, 1], 'B': [1, 1, 1, 1, 1, 1, 1, 1, 1, 1], 'C': [1, 1, 1, 1, 1, 1, 1, 1, 1, 1], 'D': [1, 1, 1, 1, 1, 1, 1, 1, 1, 1], 'E': [1, 1, 1, 1, 1, 1, 1, 0, 1, 1], 'F': [1, 1, 1, 1, 1, 1, 1, 1, 1, 1], 'G': [1, 1, 1, 1, 1, 1, 1, 1, 1, 1], 'H': [1, 1, 1, 1, 1, 1, 1, 1, 1, 0], 'I': [1, 1, 1, 1, 1, 1, 1, 0, 1, 1]}}
623508	2024-07-13 09:13:23.840000+08:00	2024-07-13 09:13:23.840000+08:00	{'东门北侧': {'A': [1, 1, 1, 1, 1, 1, 1, 1, 1, 1], 'B': [1, 1, 1, 1, 1, 1, 1, 1, 1, 1], 'C': [1, 1, 1, 1, 1, 1, 1, 1, 1, 1], 'D': [1, 0, 1, 1, 1, 1, 1, 1, 1, 1], 'E': [1, 1, 0, 1, 1, 1, 1, 1, 1, 1], 'F': [0, 1, 1, 1, 1, 1, 1, 1, 1, 1], 'G': [1, 1, 1, 1, 1, 1, 1, 1, 1, 1], 'H': [1, 1, 1, 1, 1, 1, 1, 1, 1, 1], 'I': [1, 1, 0, 1, 1, 1, 1, 1, 1, 1], 'J': [1, 1, 1, 0, 1, 1, 1, 1, 1, 1], 'K': [0, 0, 1, 1, 1, 1, 1, 1, 1, 1]}, '东门南侧': {'A': [1, 1, 1, 1, 1, 1, 1, 1, 1, 1], 'B': [0, 0, 0, 0, 0, 0, 0, 0, 0, 0]}, '西门北侧': {'A': [1, 1, 1, 1, 1, 1, 1, 1, 1, 1], 'B': [1, 1, 1, 1, 1, 1, 1, 1, 1, 0], 'C': [1, 1, 1, 1, 1, 0, 1, 1, 1, 1]}, '西门南侧': {'A': [1, 1, 1, 1, 1, 1, 1, 1, 1, 1], 'B': [1, 1, 1, 1, 1, 1, 1, 1, 1, 1], 'C': [1, 1, 1, 1, 1, 0, 1, 1, 1, 1]}, '南门西侧': {'A': [1, 1, 1, 1, 1, 1, 1, 1, 1, 1], 'B': [1, 1, 1, 1, 1, 1, 1, 1, 1, 1]}, '南门东侧': {'A': [1, 1, 1, 1, 1, 1, 1, 1, 1, 1], 'B': [0, 1, 1, 1, 1, 1, 1, 1, 1, 1]}, '北门东北侧': {'A': [1, 1, 1, 1, 1, 1, 1, 1, 1, 1], 'B': [1, 1, 1, 1, 1, 1, 1, 1, 1, 0], 'C': [1, 1, 1, 1, 1, 1, 1, 1, 1, 1], 'D': [1, 1, 1, 0, 1, 1, 1, 1, 1, 0]}, '北门东南侧': {'A': [1, 1, 1, 1, 1, 1, 1, 1, 1, 1], 'B': [1, 1, 0, 1, 1, 0, 1, 1, 1, 1], 'C': [1, 1, 1, 1, 1, 1, 1, 1, 1, 1], 'D': [1, 1, 0, 1, 1, 1, 1, 1, 1, 1], 'E': [1, 1, 1, 1, 1, 1, 1, 1, 1, 1], 'F': [1, 1, 1, 1, 1, 1, 1, 1, 1, 1]}, '橘园北侧南': {'A': [1, 1, 1, 1, 1, 1, 1, 1, 1, 1], 'B': [1, 1, 1, 1, 1, 1, 1, 1, 1, 1], 'C': [1, 1, 1, 1, 1, 1, 1, 1, 1, 1], 'D': [1, 1, 1, 1, 1, 1, 1, 1, 1, 1], 'E': [0, 1, 1, 1, 1, 1, 0, 1, 1, 1], 'F': [1, 1, 0, 1, 0, 1, 1, 1, 1, 1], 'G': [1, 0, 1, 1, 1, 1, 1, 1, 1, 1], 'H': [1, 1, 1, 1, 1, 1, 1, 1, 1, 1], 'I': [0, 0, 1, 0, 1, 1, 1, 1, 1, 1], 'J': [1, 1, 1, 1, 1, 1, 1, 1, 1, 1]}, '校医院西': {'A': [1, 1, 1, 1, 1, 1, 1, 1, 1, 1], 'B': [1, 1, 1, 1, 1, 1, 1, 1, 1, 1], 'C': [1, 1, 1, 1, 1, 1, 1, 1, 1, 1], 'D': [1, 1, 1, 1, 1, 1, 1, 1, 1, 1], 'E': [1, 1, 1, 1, 1, 1, 1, 0, 1, 1], 'F': [1, 1, 1, 1, 1, 1, 1, 1, 1, 1], 'G': [1, 1, 1, 1, 1, 1, 1, 1, 1, 1], 'H': [1, 1, 1, 1, 1, 1, 1, 1, 1, 0], 'I': [1, 1, 1, 1, 1, 1, 1, 0, 1, 1]}}
623509	2024-07-13 09:14:21.883000+08:00	2024-07-13 09:14:21.883000+08:00	{'东门北侧': {'A': [1, 1, 1, 1, 1, 1, 1, 1, 1, 1], 'B': [1, 1, 1, 1, 1, 1, 1, 1, 1, 1], 'C': [1, 1, 1, 1, 1, 1, 1, 1, 1, 1], 'D': [1, 0, 1, 1, 1, 1, 1, 1, 1, 1], 'E': [1, 1, 0, 1, 1, 1, 1, 1, 1, 1], 'F': [0, 1, 1, 1, 1, 1, 1, 1, 1, 1], 'G': [1, 1, 1, 1, 1, 1, 1, 1, 1, 1], 'H': [1, 1, 1, 1, 1, 1, 1, 1, 1, 1], 'I': [1, 1, 0, 1, 1, 1, 1, 1, 1, 1], 'J': [1, 1, 1, 0, 1, 1, 1, 1, 1, 1], 'K': [0, 0, 1, 1, 1, 1, 1, 1, 1, 1]}, '东门南侧': {'A': [1, 1, 1, 1, 1, 1, 1, 1, 1, 1], 'B': [0, 0, 0, 0, 0, 0, 0, 0, 0, 0]}, '西门北侧': {'A': [1, 1, 1, 1, 1, 1, 1, 1, 1, 1], 'B': [1, 1, 1, 1, 1, 1, 1, 1, 1, 0], 'C': [1, 1, 1, 1, 1, 0, 1, 1, 1, 1]}, '西门南侧': {'A': [1, 1, 1, 1, 1, 1, 1, 1, 1, 1], 'B': [1, 1, 1, 1, 1, 1, 1, 1, 1, 1], 'C': [1, 1, 1, 1, 1, 0, 1, 1, 1, 1]}, '南门西侧': {'A': [1, 1, 1, 1, 1, 1, 1, 1, 1, 1], 'B': [1, 1, 1, 1, 1, 1, 1, 1, 1, 1]}, '南门东侧': {'A': [1, 1, 1, 1, 1, 1, 1, 1, 1, 1], 'B': [0, 1, 1, 1, 1, 1, 1, 1, 1, 1]}, '北门东北侧': {'A': [1, 1, 1, 1, 1, 1, 1, 1, 1, 1], 'B': [1, 1, 1, 1, 1, 1, 1, 1, 1, 0], 'C': [1, 1, 1, 1, 1, 1, 1, 1, 1, 1], 'D': [1, 1, 1, 0, 1, 1, 1, 1, 1, 0]}, '北门东南侧': {'A': [1, 1, 1, 1, 1, 1, 1, 1, 1, 1], 'B': [1, 1, 0, 1, 1, 0, 1, 1, 1, 1], 'C': [1, 1, 1, 1, 1, 1, 1, 1, 1, 1], 'D': [1, 1, 1, 1, 1, 1, 1, 1, 1, 1], 'E': [1, 1, 1, 1, 1, 1, 1, 1, 1, 1], 'F': [1, 1, 1, 1, 1, 1, 1, 1, 1, 1]}, '橘园北侧南': {'A': [1, 1, 1, 1, 1, 1, 1, 1, 1, 1], 'B': [1, 1, 1, 1, 1, 1, 1, 1, 1, 1], 'C': [1, 1, 1, 1, 1, 1, 1, 1, 1, 1], 'D': [1, 1, 1, 1, 1, 1, 1, 1, 1, 1], 'E': [0, 1, 1, 1, 1, 1, 0, 1, 1, 1], 'F': [1, 1, 0, 1, 0, 1, 1, 1, 1, 1], 'G': [1, 0, 1, 1, 1, 1, 1, 1, 1, 1], 'H': [1, 1, 1, 1, 1, 1, 1, 1, 1, 1], 'I': [0, 0, 1, 0, 1, 1, 1, 1, 1, 1], 'J': [1, 1, 1, 1, 1, 1, 1, 1, 1, 1]}, '校医院西': {'A': [1, 1, 1, 1, 1, 1, 1, 1, 1, 1], 'B': [1, 1, 1, 1, 1, 1, 1, 1, 1, 1], 'C': [1, 1, 1, 1, 1, 1, 1, 1, 1, 1], 'D': [1, 1, 1, 1, 1, 1, 1, 1, 1, 1], 'E': [1, 1, 1, 1, 1, 1, 1, 0, 1, 1], 'F': [1, 1, 1, 1, 1, 1, 1, 1, 1, 1], 'G': [1, 1, 1, 1, 1, 1, 1, 1, 1, 1], 'H': [1, 1, 1, 1, 1, 1, 1, 1, 1, 0], 'I': [1, 1, 1, 1, 1, 1, 1, 0, 1, 1]}}
623510	2024-07-13 09:15:22.339000+08:00	2024-07-13 09:15:22.339000+08:00	{'东门北侧': {'A': [1, 1, 1, 1, 1, 1, 1, 1, 1, 1], 'B': [1, 1, 1, 1, 1, 1, 1, 1, 1, 1], 'C': [1, 1, 1, 1, 1, 1, 1, 1, 1, 1], 'D': [1, 0, 1, 1, 1, 1, 1, 1, 1, 1], 'E': [1, 1, 0, 1, 1, 1, 1, 1, 1, 1], 'F': [0, 1, 1, 1, 1, 1, 1, 1, 1, 1], 'G': [1, 1, 1, 1, 1, 1, 1, 1, 1, 1], 'H': [1, 1, 1, 1, 1, 1, 1, 1, 1, 1], 'I': [1, 1, 0, 1, 1, 1, 1, 1, 1, 1], 'J': [1, 1, 1, 0, 1, 1, 1, 1, 1, 1], 'K': [0, 0, 1, 1, 1, 1, 1, 1, 1, 1]}, '东门南侧': {'A': [1, 1, 1, 1, 1, 1, 1, 1, 1, 1], 'B': [0, 0, 0, 0, 0, 0, 0, 0, 0, 0]}, '西门北侧': {'A': [1, 1, 1, 1, 1, 1, 1, 1, 1, 1], 'B': [1, 1, 1, 1, 1, 1, 1, 1, 1, 0], 'C': [1, 1, 1, 1, 1, 0, 1, 1, 1, 1]}, '西门南侧': {'A': [1, 1, 1, 1, 1, 1, 1, 1, 1, 1], 'B': [1, 1, 1, 1, 1, 1, 1, 1, 1, 1], 'C': [1, 1, 1, 1, 1, 0, 1, 1, 1, 1]}, '南门西侧': {'A': [1, 1, 1, 1, 1, 1, 1, 1, 1, 1], 'B': [1, 1, 1, 1, 1, 1, 1, 1, 1, 1]}, '南门东侧': {'A': [1, 1, 1, 1, 1, 1, 1, 1, 1, 1], 'B': [0, 1, 1, 1, 1, 1, 1, 1, 1, 1]}, '北门东北侧': {'A': [1, 1, 1, 1, 1, 1, 1, 1, 1, 1], 'B': [1, 1, 1, 1, 1, 1, 1, 1, 1, 0], 'C': [1, 1, 1, 1, 1, 1, 1, 1, 1, 1], 'D': [1, 1, 1, 0, 1, 1, 1, 1, 1, 0]}, '北门东南侧': {'A': [1, 1, 1, 1, 1, 1, 1, 1, 1, 1], 'B': [1, 1, 0, 1, 1, 0, 1, 1, 1, 1], 'C': [1, 1, 1, 1, 1, 1, 1, 1, 1, 1], 'D': [1, 1, 1, 1, 1, 1, 1, 1, 1, 1], 'E': [1, 1, 1, 1, 1, 1, 1, 1, 1, 1], 'F': [1, 1, 1, 1, 1, 1, 1, 1, 1, 1]}, '橘园北侧南': {'A': [1, 1, 1, 1, 1, 1, 1, 1, 1, 1], 'B': [1, 1, 1, 1, 1, 1, 1, 1, 1, 1], 'C': [1, 1, 1, 1, 1, 1, 1, 1, 1, 1], 'D': [1, 1, 1, 1, 1, 1, 1, 1, 1, 1], 'E': [0, 1, 1, 1, 1, 1, 0, 1, 1, 1], 'F': [1, 1, 0, 1, 0, 1, 1, 1, 1, 1], 'G': [1, 0, 1, 1, 1, 1, 1, 1, 1, 1], 'H': [1, 1, 1, 1, 1, 1, 1, 1, 1, 1], 'I': [0, 0, 1, 0, 1, 1, 1, 1, 1, 1], 'J': [1, 1, 1, 1, 1, 1, 1, 1, 1, 1]}, '校医院西': {'A': [1, 1, 1, 1, 1, 1, 1, 1, 1, 1], 'B': [1, 1, 1, 1, 1, 1, 1, 1, 1, 1], 'C': [1, 1, 1, 1, 1, 1, 1, 1, 1, 1], 'D': [1, 1, 1, 1, 1, 1, 1, 1, 1, 1], 'E': [1, 1, 1, 1, 1, 1, 1, 0, 1, 1], 'F': [1, 1, 1, 1, 1, 1, 1, 1, 1, 1], 'G': [1, 1, 1, 1, 1, 1, 1, 1, 1, 1], 'H': [1, 1, 1, 1, 1, 1, 1, 1, 1, 0], 'I': [1, 1, 1, 1, 1, 1, 1, 0, 1, 1]}}
623511	2024-07-13 09:16:21.879000+08:00	2024-07-13 09:16:21.879000+08:00	{'东门北侧': {'A': [1, 1, 1, 1, 1, 1, 1, 1, 1, 1], 'B': [1, 1, 1, 1, 1, 1, 1, 1, 1, 1], 'C': [1, 1, 1, 1, 1, 1, 1, 1, 1, 1], 'D': [1, 0, 1, 1, 1, 1, 1, 1, 1, 1], 'E': [1, 1, 0, 1, 1, 1, 1, 1, 1, 1], 'F': [0, 1, 1, 1, 1, 1, 1, 1, 1, 1], 'G': [1, 1, 1, 1, 1, 1, 1, 1, 1, 1], 'H': [1, 1, 1, 1, 1, 1, 1, 1, 1, 1], 'I': [1, 1, 0, 1, 1, 1, 1, 1, 1, 1], 'J': [1, 1, 1, 0, 1, 1, 1, 1, 1, 1], 'K': [0, 0, 1, 1, 1, 1, 1, 1, 1, 1]}, '东门南侧': {'A': [1, 1, 1, 1, 1, 1, 1, 1, 1, 1], 'B': [0, 0, 0, 0, 0, 0, 0, 0, 0, 0]}, '西门北侧': {'A': [1, 1, 1, 1, 1, 1, 1, 1, 1, 1], 'B': [1, 1, 1, 1, 1, 1, 1, 1, 1, 0], 'C': [1, 1, 1, 1, 1, 0, 1, 1, 1, 1]}, '西门南侧': {'A': [1, 1, 1, 1, 1, 1, 1, 1, 1, 1], 'B': [1, 1, 1, 1, 1, 1, 1, 1, 1, 1], 'C': [1, 1, 1, 1, 1, 0, 1, 1, 1, 1]}, '南门西侧': {'A': [1, 1, 1, 1, 1, 1, 1, 1, 1, 1], 'B': [1, 1, 1, 1, 1, 1, 1, 1, 1, 1]}, '南门东侧': {'A': [1, 1, 1, 1, 1, 1, 1, 1, 1, 1], 'B': [0, 1, 1, 1, 1, 1, 1, 1, 1, 1]}, '北门东北侧': {'A': [1, 1, 1, 1, 1, 1, 1, 1, 1, 1], 'B': [1, 1, 1, 1, 1, 1, 1, 1, 1, 0], 'C': [1, 1, 1, 1, 1, 1, 1, 1, 1, 1], 'D': [1, 1, 1, 0, 1, 1, 1, 1, 1, 0]}, '北门东南侧': {'A': [1, 1, 1, 1, 1, 1, 1, 1, 1, 1], 'B': [1, 1, 0, 1, 1, 0, 1, 1, 1, 1], 'C': [1, 1, 1, 1, 1, 1, 1, 1, 1, 1], 'D': [1, 1, 1, 1, 1, 1, 1, 1, 1, 1], 'E': [1, 1, 1, 1, 1, 1, 1, 1, 1, 1], 'F': [1, 1, 1, 1, 1, 1, 1, 1, 1, 1]}, '橘园北侧南': {'A': [1, 1, 1, 1, 1, 1, 1, 1, 1, 1], 'B': [1, 1, 1, 1, 1, 1, 1, 1, 1, 1], 'C': [1, 1, 1, 1, 1, 1, 1, 1, 1, 1], 'D': [1, 1, 1, 1, 1, 1, 1, 1, 1, 1], 'E': [0, 1, 1, 1, 1, 1, 0, 1, 1, 1], 'F': [1, 1, 0, 1, 0, 1, 1, 1, 1, 1], 'G': [1, 0, 1, 1, 1, 1, 1, 1, 1, 1], 'H': [1, 1, 1, 1, 1, 1, 1, 1, 1, 1], 'I': [0, 0, 1, 0, 1, 1, 1, 1, 1, 1], 'J': [1, 1, 1, 1, 1, 1, 1, 1, 1, 1]}, '校医院西': {'A': [1, 1, 1, 1, 1, 1, 1, 1, 1, 1], 'B': [1, 1, 1, 1, 1, 1, 1, 1, 1, 1], 'C': [1, 1, 1, 1, 1, 1, 1, 1, 1, 1], 'D': [1, 1, 1, 1, 1, 1, 1, 1, 1, 1], 'E': [1, 1, 1, 1, 1, 1, 1, 0, 1, 1], 'F': [1, 1, 1, 1, 1, 1, 1, 1, 1, 1], 'G': [1, 1, 1, 1, 1, 1, 1, 1, 1, 1], 'H': [1, 1, 1, 1, 1, 1, 1, 1, 1, 0], 'I': [1, 1, 1, 1, 1, 1, 1, 0, 1, 1]}}
623512	2024-07-13 09:17:22.542000+08:00	2024-07-13 09:17:22.542000+08:00	{'东门北侧': {'A': [1, 1, 1, 1, 1, 1, 1, 1, 1, 1], 'B': [1, 1, 1, 1, 1, 1, 1, 1, 1, 1], 'C': [1, 1, 1, 1, 1, 1, 1, 1, 1, 1], 'D': [1, 0, 1, 1, 1, 1, 1, 1, 1, 1], 'E': [1, 1, 0, 1, 1, 1, 1, 1, 1, 1], 'F': [0, 1, 1, 1, 1, 1, 1, 1, 1, 1], 'G': [1, 1, 1, 1, 1, 1, 1, 1, 1, 1], 'H': [1, 1, 1, 1, 1, 1, 1, 1, 1, 1], 'I': [1, 1, 1, 1, 1, 1, 1, 1, 1, 1], 'J': [1, 1, 1, 0, 1, 1, 1, 1, 1, 1], 'K': [0, 0, 1, 1, 1, 1, 1, 1, 1, 1]}, '东门南侧': {'A': [1, 1, 1, 1, 1, 1, 1, 1, 1, 1], 'B': [0, 0, 0, 0, 0, 0, 0, 0, 0, 0]}, '西门北侧': {'A': [1, 1, 1, 1, 1, 1, 1, 1, 1, 1], 'B': [1, 1, 1, 1, 1, 1, 1, 1, 1, 0], 'C': [1, 1, 1, 1, 1, 0, 1, 1, 1, 1]}, '西门南侧': {'A': [1, 1, 1, 1, 1, 1, 1, 1, 1, 1], 'B': [1, 1, 1, 1, 1, 1, 1, 1, 1, 1], 'C': [1, 1, 1, 1, 1, 0, 1, 1, 1, 1]}, '南门西侧': {'A': [1, 1, 1, 1, 1, 1, 1, 1, 1, 1], 'B': [1, 1, 1, 1, 1, 1, 1, 1, 1, 1]}, '南门东侧': {'A': [1, 1, 1, 1, 1, 1, 1, 1, 1, 1], 'B': [0, 1, 1, 1, 1, 1, 1, 1, 1, 1]}, '北门东北侧': {'A': [1, 1, 1, 1, 1, 1, 1, 1, 1, 1], 'B': [1, 1, 1, 1, 1, 1, 1, 1, 1, 0], 'C': [1, 1, 1, 1, 1, 1, 1, 1, 1, 1], 'D': [1, 1, 1, 0, 1, 1, 1, 1, 1, 0]}, '北门东南侧': {'A': [1, 1, 1, 1, 1, 1, 1, 1, 1, 1], 'B': [1, 1, 0, 1, 1, 0, 1, 1, 1, 1], 'C': [1, 1, 1, 1, 1, 1, 1, 1, 1, 1], 'D': [1, 1, 1, 1, 1, 1, 1, 1, 1, 1], 'E': [1, 1, 1, 1, 1, 1, 1, 1, 1, 1], 'F': [1, 1, 1, 1, 1, 1, 1, 1, 1, 1]}, '橘园北侧南': {'A': [1, 1, 1, 1, 1, 1, 1, 1, 1, 1], 'B': [1, 1, 1, 1, 1, 1, 1, 1, 1, 1], 'C': [1, 1, 1, 1, 1, 1, 1, 1, 1, 1], 'D': [1, 1, 1, 1, 1, 1, 1, 1, 1, 1], 'E': [0, 1, 1, 1, 1, 1, 0, 1, 1, 1], 'F': [1, 1, 0, 1, 0, 1, 1, 1, 1, 1], 'G': [1, 0, 1, 1, 1, 1, 1, 1, 1, 1], 'H': [1, 1, 1, 1, 1, 1, 1, 1, 1, 1], 'I': [0, 0, 1, 0, 1, 1, 1, 1, 1, 1], 'J': [1, 1, 1, 1, 1, 1, 1, 1, 1, 1]}, '校医院西': {'A': [1, 1, 1, 1, 1, 1, 1, 1, 1, 1], 'B': [1, 1, 1, 1, 1, 1, 1, 1, 1, 1], 'C': [1, 1, 1, 1, 1, 1, 1, 1, 1, 1], 'D': [1, 1, 1, 1, 1, 1, 1, 1, 1, 1], 'E': [1, 1, 1, 1, 1, 1, 1, 0, 1, 1], 'F': [1, 1, 1, 1, 1, 1, 1, 1, 1, 1], 'G': [1, 1, 1, 1, 1, 1, 1, 1, 1, 1], 'H': [1, 1, 1, 1, 1, 1, 1, 1, 1, 0], 'I': [1, 1, 1, 1, 1, 1, 1, 0, 1, 1]}}
623513	2024-07-13 09:18:23.836000+08:00	2024-07-13 09:18:23.836000+08:00	{'东门北侧': {'A': [1, 1, 1, 1, 1, 1, 1, 1, 1, 1], 'B': [1, 1, 1, 1, 1, 1, 1, 1, 1, 1], 'C': [1, 1, 1, 1, 1, 1, 1, 1, 1, 1], 'D': [1, 0, 1, 1, 1, 1, 1, 1, 1, 1], 'E': [1, 1, 0, 1, 1, 1, 1, 1, 1, 1], 'F': [0, 1, 1, 1, 1, 1, 1, 1, 1, 1], 'G': [1, 1, 1, 1, 1, 1, 1, 1, 1, 1], 'H': [1, 1, 1, 1, 1, 1, 1, 1, 1, 1], 'I': [1, 1, 1, 1, 1, 1, 1, 1, 1, 1], 'J': [1, 1, 1, 0, 1, 1, 1, 1, 1, 1], 'K': [0, 0, 1, 1, 1, 1, 1, 1, 1, 1]}, '东门南侧': {'A': [1, 1, 1, 1, 1, 1, 1, 1, 1, 1], 'B': [0, 0, 0, 0, 0, 0, 0, 0, 0, 0]}, '西门北侧': {'A': [1, 1, 1, 1, 1, 1, 1, 1, 1, 1], 'B': [1, 1, 1, 1, 1, 1, 1, 1, 1, 0], 'C': [1, 1, 1, 1, 1, 0, 1, 1, 1, 1]}, '西门南侧': {'A': [1, 1, 1, 1, 1, 1, 1, 1, 1, 1], 'B': [1, 1, 1, 1, 1, 1, 1, 1, 1, 1], 'C': [1, 1, 1, 1, 1, 0, 1, 1, 1, 1]}, '南门西侧': {'A': [1, 1, 1, 1, 1, 1, 1, 1, 1, 1], 'B': [1, 1, 1, 1, 1, 1, 1, 1, 1, 1]}, '南门东侧': {'A': [1, 1, 1, 1, 1, 1, 1, 1, 1, 1], 'B': [0, 1, 1, 1, 1, 1, 1, 1, 1, 1]}, '北门东北侧': {'A': [1, 1, 1, 1, 1, 1, 1, 1, 1, 1], 'B': [1, 1, 1, 1, 1, 1, 1, 1, 1, 0], 'C': [1, 1, 1, 1, 1, 1, 1, 1, 1, 1], 'D': [1, 1, 1, 0, 1, 1, 1, 1, 1, 0]}, '北门东南侧': {'A': [1, 1, 1, 1, 1, 1, 1, 1, 1, 1], 'B': [1, 1, 0, 1, 1, 0, 1, 1, 1, 1], 'C': [1, 1, 1, 1, 1, 1, 1, 1, 1, 1], 'D': [1, 1, 1, 1, 1, 1, 1, 1, 1, 1], 'E': [1, 1, 1, 1, 1, 1, 1, 1, 1, 1], 'F': [1, 1, 1, 1, 1, 1, 1, 1, 1, 1]}, '橘园北侧南': {'A': [1, 1, 1, 1, 1, 1, 1, 1, 1, 1], 'B': [1, 1, 1, 1, 1, 1, 1, 1, 1, 1], 'C': [1, 1, 1, 1, 1, 1, 1, 1, 1, 1], 'D': [1, 1, 1, 1, 1, 1, 1, 1, 1, 1], 'E': [0, 1, 1, 1, 1, 1, 0, 1, 1, 1], 'F': [1, 1, 0, 1, 0, 1, 1, 1, 1, 1], 'G': [1, 0, 1, 1, 1, 1, 1, 1, 1, 1], 'H': [1, 1, 1, 1, 1, 1, 1, 1, 1, 1], 'I': [0, 0, 1, 0, 1, 1, 1, 1, 1, 1], 'J': [1, 1, 1, 1, 1, 1, 1, 1, 1, 1]}, '校医院西': {'A': [1, 1, 1, 1, 1, 1, 1, 1, 1, 1], 'B': [1, 1, 1, 1, 1, 1, 1, 1, 1, 1], 'C': [1, 1, 1, 1, 1, 1, 1, 1, 1, 1], 'D': [1, 1, 1, 1, 1, 1, 1, 1, 1, 1], 'E': [1, 1, 1, 1, 1, 1, 1, 0, 1, 1], 'F': [1, 1, 1, 1, 1, 1, 1, 1, 1, 1], 'G': [0, 1, 1, 1, 1, 1, 1, 1, 1, 1], 'H': [1, 1, 1, 1, 1, 1, 1, 1, 1, 0], 'I': [1, 1, 1, 1, 1, 1, 1, 0, 1, 1]}}
623514	2024-07-13 09:19:20.866000+08:00	2024-07-13 09:19:20.866000+08:00	{'东门北侧': {'A': [1, 1, 1, 1, 1, 1, 1, 1, 1, 1], 'B': [1, 1, 1, 1, 1, 1, 1, 1, 1, 1], 'C': [1, 1, 1, 1, 1, 1, 1, 1, 1, 1], 'D': [1, 0, 1, 1, 1, 1, 1, 1, 1, 1], 'E': [1, 1, 0, 1, 1, 1, 1, 1, 1, 1], 'F': [0, 1, 1, 1, 1, 1, 1, 1, 1, 1], 'G': [1, 1, 1, 1, 1, 1, 1, 1, 1, 1], 'H': [1, 1, 1, 1, 1, 1, 1, 1, 1, 1], 'I': [1, 1, 1, 1, 1, 1, 1, 1, 1, 1], 'J': [1, 1, 1, 0, 1, 1, 1, 1, 1, 1], 'K': [0, 0, 1, 1, 1, 1, 1, 1, 1, 1]}, '东门南侧': {'A': [1, 1, 1, 1, 1, 1, 1, 1, 1, 1], 'B': [0, 0, 0, 0, 0, 0, 0, 0, 0, 0]}, '西门北侧': {'A': [1, 1, 1, 1, 1, 1, 1, 1, 1, 1], 'B': [1, 1, 1, 1, 1, 1, 1, 1, 1, 0], 'C': [1, 1, 1, 1, 1, 0, 1, 1, 1, 1]}, '西门南侧': {'A': [1, 1, 1, 1, 1, 1, 1, 1, 1, 1], 'B': [1, 1, 1, 1, 1, 1, 1, 1, 1, 1], 'C': [1, 1, 1, 1, 1, 0, 1, 1, 1, 1]}, '南门西侧': {'A': [1, 1, 1, 1, 1, 1, 1, 1, 1, 1], 'B': [1, 1, 1, 1, 1, 1, 1, 1, 1, 1]}, '南门东侧': {'A': [1, 1, 1, 1, 1, 1, 1, 1, 1, 1], 'B': [0, 1, 1, 1, 1, 1, 1, 1, 1, 1]}, '北门东北侧': {'A': [1, 1, 1, 1, 1, 1, 1, 1, 1, 1], 'B': [1, 1, 1, 1, 1, 1, 1, 1, 1, 0], 'C': [1, 1, 1, 1, 1, 1, 1, 1, 1, 1], 'D': [1, 1, 1, 0, 1, 1, 1, 1, 1, 0]}, '北门东南侧': {'A': [1, 1, 1, 1, 1, 1, 1, 1, 1, 1], 'B': [1, 1, 0, 1, 1, 0, 1, 1, 1, 1], 'C': [1, 1, 1, 1, 1, 1, 1, 1, 1, 1], 'D': [1, 1, 1, 1, 1, 1, 1, 1, 1, 1], 'E': [1, 1, 1, 1, 1, 1, 1, 1, 1, 1], 'F': [1, 1, 1, 1, 1, 1, 1, 1, 1, 1]}, '橘园北侧南': {'A': [1, 1, 1, 1, 1, 1, 1, 1, 1, 1], 'B': [1, 1, 1, 1, 1, 1, 1, 1, 1, 1], 'C': [1, 1, 1, 1, 1, 1, 1, 1, 1, 1], 'D': [1, 1, 1, 1, 1, 1, 1, 1, 1, 1], 'E': [0, 1, 1, 1, 1, 1, 0, 1, 1, 1], 'F': [1, 1, 0, 1, 0, 1, 1, 1, 1, 1], 'G': [1, 0, 1, 1, 1, 1, 1, 1, 1, 1], 'H': [1, 1, 1, 1, 1, 1, 1, 1, 1, 1], 'I': [0, 0, 1, 0, 1, 1, 1, 1, 1, 1], 'J': [1, 1, 1, 1, 1, 1, 1, 1, 1, 1]}, '校医院西': {'A': [1, 1, 1, 1, 1, 1, 1, 1, 1, 1], 'B': [1, 1, 1, 1, 1, 1, 1, 1, 1, 1], 'C': [1, 1, 1, 1, 1, 1, 1, 1, 1, 1], 'D': [1, 1, 1, 1, 1, 1, 1, 1, 1, 1], 'E': [1, 1, 1, 1, 1, 1, 1, 0, 1, 1], 'F': [1, 1, 1, 1, 1, 1, 1, 1, 1, 1], 'G': [0, 1, 1, 1, 1, 1, 1, 1, 1, 1], 'H': [1, 1, 1, 1, 1, 1, 1, 1, 1, 0], 'I': [1, 1, 1, 1, 1, 1, 1, 0, 1, 1]}}
623515	2024-07-13 09:20:22.868000+08:00	2024-07-13 09:20:22.868000+08:00	{'东门北侧': {'A': [1, 1, 1, 1, 1, 1, 1, 1, 1, 1], 'B': [1, 1, 1, 1, 1, 1, 1, 1, 1, 1], 'C': [1, 1, 1, 1, 1, 1, 1, 1, 1, 1], 'D': [1, 0, 1, 1, 1, 1, 1, 1, 1, 1], 'E': [1, 1, 0, 1, 1, 1, 1, 1, 1, 1], 'F': [0, 1, 1, 1, 1, 1, 1, 1, 1, 1], 'G': [1, 1, 1, 1, 1, 1, 1, 1, 1, 1], 'H': [1, 1, 1, 1, 1, 1, 1, 1, 1, 1], 'I': [1, 1, 1, 1, 1, 1, 1, 1, 1, 1], 'J': [1, 1, 1, 0, 1, 1, 1, 1, 1, 1], 'K': [0, 0, 1, 1, 1, 1, 1, 1, 1, 1]}, '东门南侧': {'A': [1, 1, 1, 1, 1, 1, 1, 1, 1, 1], 'B': [0, 0, 0, 0, 0, 0, 0, 0, 0, 0]}, '西门北侧': {'A': [1, 1, 1, 1, 1, 1, 1, 1, 1, 1], 'B': [1, 1, 1, 1, 1, 1, 1, 1, 1, 0], 'C': [1, 1, 1, 1, 1, 0, 1, 1, 1, 1]}, '西门南侧': {'A': [1, 1, 1, 1, 1, 1, 1, 1, 1, 1], 'B': [1, 1, 1, 1, 1, 1, 1, 1, 1, 1], 'C': [1, 1, 1, 1, 1, 0, 1, 1, 1, 1]}, '南门西侧': {'A': [1, 1, 1, 1, 1, 1, 1, 1, 1, 1], 'B': [1, 1, 1, 1, 1, 1, 1, 1, 1, 1]}, '南门东侧': {'A': [1, 1, 1, 1, 1, 1, 1, 1, 1, 1], 'B': [0, 1, 1, 1, 1, 1, 1, 1, 1, 1]}, '北门东北侧': {'A': [1, 1, 1, 1, 1, 1, 1, 1, 1, 1], 'B': [1, 1, 1, 1, 1, 1, 1, 1, 1, 0], 'C': [1, 1, 1, 1, 1, 1, 1, 1, 1, 1], 'D': [1, 1, 1, 0, 1, 1, 1, 1, 1, 0]}, '北门东南侧': {'A': [1, 1, 1, 1, 1, 1, 1, 1, 1, 1], 'B': [1, 1, 0, 1, 1, 0, 1, 1, 1, 1], 'C': [1, 1, 1, 1, 1, 0, 1, 1, 1, 1], 'D': [1, 1, 1, 1, 1, 1, 1, 1, 1, 1], 'E': [1, 1, 1, 1, 1, 1, 1, 1, 1, 1], 'F': [1, 1, 1, 1, 1, 1, 1, 1, 1, 1]}, '橘园北侧南': {'A': [1, 1, 1, 1, 1, 1, 1, 1, 1, 1], 'B': [1, 1, 1, 1, 1, 1, 1, 1, 1, 1], 'C': [1, 1, 1, 1, 1, 1, 1, 1, 1, 1], 'D': [1, 1, 1, 1, 1, 1, 1, 1, 1, 1], 'E': [0, 1, 1, 1, 1, 1, 0, 1, 1, 1], 'F': [1, 1, 0, 1, 0, 1, 1, 1, 1, 1], 'G': [1, 0, 1, 1, 1, 1, 1, 1, 1, 1], 'H': [1, 1, 1, 1, 1, 1, 1, 1, 1, 1], 'I': [0, 0, 1, 0, 1, 1, 1, 1, 1, 1], 'J': [1, 1, 1, 1, 1, 1, 1, 1, 1, 1]}, '校医院西': {'A': [1, 1, 1, 1, 1, 1, 1, 1, 1, 1], 'B': [1, 1, 1, 1, 1, 1, 1, 1, 1, 1], 'C': [1, 1, 1, 1, 1, 1, 1, 1, 1, 1], 'D': [1, 1, 1, 1, 1, 1, 1, 1, 1, 1], 'E': [1, 1, 1, 1, 1, 1, 1, 0, 1, 1], 'F': [1, 1, 1, 1, 1, 1, 1, 1, 1, 1], 'G': [0, 1, 1, 1, 1, 1, 1, 1, 1, 1], 'H': [1, 1, 1, 1, 1, 1, 1, 1, 1, 0], 'I': [1, 1, 1, 1, 1, 1, 1, 0, 1, 1]}}
623516	2024-07-13 09:21:21.868000+08:00	2024-07-13 09:21:21.868000+08:00	{'东门北侧': {'A': [1, 1, 1, 1, 1, 1, 1, 1, 1, 1], 'B': [1, 1, 1, 1, 1, 1, 1, 1, 1, 1], 'C': [1, 1, 1, 1, 1, 1, 1, 1, 1, 1], 'D': [1, 0, 1, 1, 1, 1, 1, 1, 1, 1], 'E': [1, 1, 0, 1, 1, 1, 1, 1, 1, 1], 'F': [0, 1, 1, 1, 1, 1, 1, 1, 1, 1], 'G': [1, 1, 1, 1, 1, 1, 1, 1, 1, 1], 'H': [1, 1, 1, 1, 1, 1, 1, 1, 1, 1], 'I': [1, 1, 1, 1, 1, 1, 1, 1, 1, 1], 'J': [1, 1, 1, 0, 1, 1, 1, 1, 1, 1], 'K': [0, 0, 1, 1, 1, 1, 1, 1, 1, 1]}, '东门南侧': {'A': [1, 1, 1, 1, 1, 1, 1, 1, 1, 1], 'B': [0, 0, 0, 0, 0, 0, 0, 0, 0, 0]}, '西门北侧': {'A': [1, 1, 1, 1, 1, 1, 1, 1, 1, 1], 'B': [1, 1, 1, 1, 1, 1, 1, 1, 1, 0], 'C': [1, 1, 1, 1, 1, 0, 1, 1, 1, 1]}, '西门南侧': {'A': [1, 1, 1, 1, 1, 1, 1, 1, 1, 1], 'B': [1, 1, 1, 1, 1, 1, 1, 1, 1, 1], 'C': [1, 1, 1, 1, 1, 0, 1, 1, 1, 1]}, '南门西侧': {'A': [1, 1, 1, 1, 1, 1, 1, 1, 1, 1], 'B': [1, 1, 1, 1, 1, 1, 1, 1, 1, 1]}, '南门东侧': {'A': [1, 1, 1, 1, 1, 1, 1, 1, 1, 1], 'B': [0, 1, 1, 1, 1, 1, 1, 1, 1, 1]}, '北门东北侧': {'A': [1, 1, 1, 1, 1, 1, 1, 1, 1, 1], 'B': [1, 1, 1, 1, 1, 1, 1, 1, 1, 0], 'C': [1, 1, 1, 1, 1, 1, 1, 1, 1, 1], 'D': [1, 1, 1, 0, 1, 1, 1, 1, 1, 0]}, '北门东南侧': {'A': [1, 1, 1, 1, 1, 1, 1, 1, 1, 1], 'B': [1, 1, 0, 1, 1, 0, 1, 1, 1, 1], 'C': [1, 1, 1, 1, 1, 0, 1, 1, 1, 1], 'D': [1, 1, 1, 1, 1, 1, 1, 1, 1, 1], 'E': [1, 1, 1, 1, 1, 1, 0, 1, 1, 1], 'F': [1, 1, 1, 1, 1, 1, 1, 1, 1, 1]}, '橘园北侧南': {'A': [1, 1, 1, 1, 1, 1, 1, 1, 1, 1], 'B': [1, 1, 1, 1, 1, 1, 1, 1, 1, 1], 'C': [1, 1, 1, 1, 1, 1, 1, 1, 1, 1], 'D': [1, 1, 1, 1, 1, 1, 1, 1, 1, 1], 'E': [0, 1, 1, 1, 1, 1, 0, 1, 1, 1], 'F': [1, 1, 0, 1, 0, 1, 1, 1, 1, 1], 'G': [1, 0, 1, 1, 1, 1, 1, 1, 1, 1], 'H': [1, 1, 1, 1, 1, 1, 1, 1, 1, 1], 'I': [0, 0, 1, 0, 1, 1, 1, 1, 1, 1], 'J': [1, 1, 1, 1, 1, 1, 1, 1, 1, 1]}, '校医院西': {'A': [1, 1, 1, 1, 1, 1, 1, 1, 1, 1], 'B': [1, 1, 1, 1, 1, 1, 1, 1, 1, 1], 'C': [1, 1, 1, 1, 1, 1, 1, 1, 1, 1], 'D': [1, 1, 1, 1, 1, 1, 1, 1, 1, 1], 'E': [1, 1, 1, 1, 1, 1, 1, 0, 1, 1], 'F': [1, 1, 1, 1, 1, 1, 1, 1, 1, 1], 'G': [0, 1, 1, 1, 1, 1, 1, 1, 1, 1], 'H': [1, 1, 1, 1, 1, 1, 1, 1, 1, 0], 'I': [1, 1, 1, 1, 1, 1, 1, 0, 1, 1]}}
623517	2024-07-13 09:22:20.867000+08:00	2024-07-13 09:22:20.867000+08:00	{'东门北侧': {'A': [1, 1, 1, 1, 1, 1, 1, 1, 1, 1], 'B': [1, 1, 1, 1, 1, 1, 1, 1, 1, 1], 'C': [1, 1, 1, 1, 1, 1, 1, 1, 1, 1], 'D': [1, 0, 1, 1, 1, 1, 1, 1, 1, 1], 'E': [1, 1, 0, 1, 1, 1, 1, 1, 1, 1], 'F': [0, 1, 1, 1, 1, 1, 1, 1, 1, 1], 'G': [1, 1, 1, 1, 1, 1, 1, 1, 1, 1], 'H': [1, 1, 1, 1, 1, 1, 1, 1, 1, 1], 'I': [1, 1, 1, 1, 1, 1, 1, 1, 1, 1], 'J': [1, 1, 1, 0, 1, 1, 1, 1, 1, 1], 'K': [0, 0, 1, 1, 1, 1, 1, 1, 1, 1]}, '东门南侧': {'A': [1, 1, 1, 1, 1, 1, 1, 1, 1, 1], 'B': [0, 0, 0, 0, 0, 0, 0, 0, 0, 0]}, '西门北侧': {'A': [1, 1, 1, 1, 1, 1, 1, 1, 1, 1], 'B': [1, 1, 1, 1, 1, 1, 1, 1, 1, 0], 'C': [1, 1, 1, 1, 1, 0, 1, 1, 1, 1]}, '西门南侧': {'A': [1, 1, 1, 1, 1, 1, 1, 1, 1, 1], 'B': [1, 1, 1, 1, 1, 1, 1, 1, 1, 1], 'C': [1, 1, 1, 1, 1, 0, 1, 1, 1, 1]}, '南门西侧': {'A': [1, 1, 1, 1, 1, 1, 1, 1, 1, 1], 'B': [1, 1, 1, 1, 1, 1, 1, 1, 1, 1]}, '南门东侧': {'A': [1, 1, 1, 1, 1, 1, 1, 1, 1, 1], 'B': [0, 1, 1, 1, 1, 1, 1, 1, 1, 1]}, '北门东北侧': {'A': [1, 1, 1, 1, 1, 1, 1, 1, 1, 1], 'B': [1, 1, 1, 1, 1, 1, 1, 1, 1, 0], 'C': [1, 1, 1, 1, 1, 1, 1, 1, 1, 1], 'D': [1, 1, 1, 0, 1, 1, 1, 1, 1, 0]}, '北门东南侧': {'A': [1, 1, 1, 1, 1, 1, 1, 1, 1, 1], 'B': [1, 1, 0, 1, 1, 0, 1, 1, 1, 1], 'C': [1, 1, 1, 1, 1, 0, 1, 1, 1, 1], 'D': [1, 1, 1, 1, 1, 1, 1, 1, 1, 1], 'E': [1, 1, 1, 1, 1, 1, 0, 1, 1, 1], 'F': [1, 1, 1, 1, 1, 1, 1, 1, 1, 1]}, '橘园北侧南': {'A': [1, 1, 1, 1, 1, 1, 1, 1, 1, 1], 'B': [1, 1, 1, 1, 1, 1, 1, 1, 1, 1], 'C': [1, 1, 1, 1, 1, 1, 1, 1, 1, 1], 'D': [1, 1, 1, 1, 1, 1, 1, 1, 1, 1], 'E': [0, 1, 1, 1, 1, 1, 0, 1, 1, 1], 'F': [1, 1, 0, 1, 0, 1, 1, 1, 1, 1], 'G': [1, 0, 1, 1, 1, 1, 1, 1, 1, 1], 'H': [1, 1, 1, 1, 1, 1, 1, 1, 1, 1], 'I': [0, 0, 1, 0, 1, 1, 1, 1, 1, 1], 'J': [1, 1, 1, 1, 1, 1, 1, 1, 1, 1]}, '校医院西': {'A': [1, 1, 1, 1, 1, 1, 1, 1, 1, 1], 'B': [1, 1, 1, 1, 1, 1, 1, 1, 1, 1], 'C': [1, 1, 1, 1, 1, 1, 1, 1, 1, 1], 'D': [1, 1, 1, 1, 1, 1, 1, 1, 1, 1], 'E': [1, 1, 1, 1, 1, 1, 1, 0, 1, 1], 'F': [1, 1, 1, 1, 1, 1, 1, 1, 1, 1], 'G': [0, 1, 1, 1, 1, 1, 1, 1, 1, 1], 'H': [1, 1, 1, 1, 1, 1, 1, 1, 1, 0], 'I': [1, 1, 1, 1, 1, 1, 1, 0, 1, 1]}}
623518	2024-07-13 09:23:23.882000+08:00	2024-07-13 09:23:23.882000+08:00	{'东门北侧': {'A': [1, 1, 1, 1, 1, 1, 1, 1, 1, 1], 'B': [1, 1, 1, 1, 1, 1, 1, 1, 1, 1], 'C': [1, 1, 1, 1, 1, 1, 1, 1, 1, 1], 'D': [1, 0, 1, 1, 1, 1, 1, 1, 1, 1], 'E': [1, 1, 0, 1, 1, 1, 1, 1, 1, 1], 'F': [0, 1, 1, 1, 1, 1, 1, 1, 1, 1], 'G': [1, 1, 1, 1, 1, 1, 1, 1, 1, 1], 'H': [1, 1, 1, 1, 1, 1, 1, 1, 1, 1], 'I': [1, 1, 1, 1, 1, 1, 1, 1, 1, 1], 'J': [1, 1, 1, 0, 1, 1, 1, 1, 1, 1], 'K': [0, 0, 1, 1, 1, 1, 1, 1, 1, 1]}, '东门南侧': {'A': [1, 1, 1, 1, 1, 1, 1, 1, 1, 1], 'B': [0, 0, 0, 0, 0, 0, 0, 0, 0, 0]}, '西门北侧': {'A': [1, 1, 1, 1, 1, 1, 1, 1, 1, 1], 'B': [1, 1, 1, 1, 1, 1, 1, 1, 1, 0], 'C': [1, 1, 1, 1, 1, 0, 1, 1, 1, 1]}, '西门南侧': {'A': [1, 1, 1, 1, 1, 1, 1, 1, 1, 1], 'B': [1, 1, 1, 1, 1, 1, 1, 1, 1, 1], 'C': [1, 1, 1, 1, 1, 0, 1, 1, 1, 1]}, '南门西侧': {'A': [1, 1, 1, 1, 1, 1, 1, 1, 1, 1], 'B': [1, 1, 1, 1, 1, 1, 1, 1, 1, 1]}, '南门东侧': {'A': [1, 1, 1, 1, 1, 1, 1, 1, 1, 1], 'B': [0, 1, 1, 1, 1, 1, 1, 1, 1, 1]}, '北门东北侧': {'A': [1, 1, 1, 1, 1, 1, 1, 1, 1, 1], 'B': [1, 1, 1, 1, 1, 1, 1, 1, 1, 0], 'C': [1, 1, 1, 1, 1, 1, 1, 1, 1, 1], 'D': [1, 1, 1, 0, 1, 1, 1, 1, 1, 0]}, '北门东南侧': {'A': [1, 1, 1, 1, 1, 1, 1, 1, 1, 1], 'B': [1, 1, 0, 1, 1, 0, 1, 1, 1, 1], 'C': [1, 1, 1, 1, 1, 0, 1, 1, 1, 1], 'D': [1, 1, 1, 1, 1, 1, 1, 1, 1, 1], 'E': [1, 1, 1, 1, 1, 1, 0, 1, 1, 1], 'F': [1, 1, 1, 1, 1, 1, 1, 1, 1, 1]}, '橘园北侧南': {'A': [1, 1, 1, 1, 1, 1, 1, 1, 1, 1], 'B': [1, 1, 1, 1, 1, 1, 1, 1, 1, 1], 'C': [1, 1, 1, 1, 1, 1, 1, 1, 1, 1], 'D': [1, 1, 1, 1, 1, 1, 1, 1, 1, 1], 'E': [0, 1, 1, 1, 1, 1, 0, 1, 1, 1], 'F': [1, 1, 0, 1, 0, 1, 1, 1, 1, 1], 'G': [1, 0, 1, 1, 1, 1, 1, 1, 1, 1], 'H': [1, 1, 1, 1, 1, 1, 1, 1, 1, 1], 'I': [0, 0, 1, 0, 1, 1, 1, 1, 1, 1], 'J': [1, 1, 1, 1, 1, 1, 1, 1, 1, 1]}, '校医院西': {'A': [1, 1, 1, 1, 1, 1, 1, 1, 1, 1], 'B': [1, 1, 1, 1, 1, 1, 1, 1, 1, 1], 'C': [1, 1, 1, 1, 1, 1, 1, 1, 1, 1], 'D': [1, 1, 1, 1, 1, 1, 1, 1, 1, 1], 'E': [1, 1, 1, 1, 1, 1, 1, 0, 1, 1], 'F': [1, 1, 1, 1, 1, 1, 1, 1, 1, 1], 'G': [0, 1, 1, 1, 1, 1, 1, 1, 1, 1], 'H': [1, 1, 1, 1, 1, 1, 1, 1, 1, 0], 'I': [1, 1, 1, 1, 1, 1, 1, 0, 1, 1]}}
623519	2024-07-13 09:24:22.084000+08:00	2024-07-13 09:24:22.084000+08:00	{'东门北侧': {'A': [1, 1, 1, 1, 1, 1, 1, 1, 1, 1], 'B': [1, 1, 1, 1, 1, 1, 1, 1, 1, 1], 'C': [1, 1, 1, 1, 1, 1, 1, 1, 1, 1], 'D': [1, 0, 1, 1, 1, 1, 1, 1, 1, 1], 'E': [1, 1, 0, 1, 1, 1, 1, 1, 1, 1], 'F': [0, 1, 1, 1, 1, 1, 1, 1, 1, 1], 'G': [1, 1, 1, 1, 1, 1, 1, 1, 1, 1], 'H': [1, 1, 1, 1, 1, 1, 1, 1, 1, 1], 'I': [1, 1, 1, 1, 1, 1, 1, 1, 1, 1], 'J': [1, 1, 1, 0, 1, 1, 1, 1, 1, 1], 'K': [0, 0, 1, 1, 1, 1, 1, 1, 1, 1]}, '东门南侧': {'A': [1, 1, 1, 1, 1, 1, 1, 1, 1, 1], 'B': [0, 0, 0, 0, 0, 0, 0, 0, 0, 0]}, '西门北侧': {'A': [1, 1, 1, 1, 1, 1, 1, 1, 1, 1], 'B': [1, 1, 1, 1, 1, 1, 1, 1, 1, 0], 'C': [1, 1, 1, 1, 1, 0, 1, 1, 1, 1]}, '西门南侧': {'A': [1, 1, 1, 1, 1, 1, 1, 1, 1, 1], 'B': [1, 1, 1, 1, 1, 1, 1, 1, 1, 1], 'C': [1, 1, 1, 1, 1, 0, 1, 1, 1, 1]}, '南门西侧': {'A': [1, 1, 1, 1, 1, 1, 1, 1, 1, 1], 'B': [1, 1, 1, 1, 1, 1, 1, 1, 1, 1]}, '南门东侧': {'A': [1, 1, 1, 1, 1, 1, 1, 1, 1, 1], 'B': [0, 1, 1, 1, 1, 1, 1, 1, 1, 1]}, '北门东北侧': {'A': [1, 1, 1, 1, 1, 1, 1, 1, 1, 1], 'B': [1, 1, 1, 1, 1, 1, 1, 1, 1, 0], 'C': [1, 1, 1, 1, 1, 1, 1, 1, 1, 1], 'D': [1, 1, 1, 0, 1, 1, 1, 1, 1, 0]}, '北门东南侧': {'A': [1, 1, 1, 1, 1, 1, 1, 1, 1, 1], 'B': [1, 1, 0, 1, 1, 0, 1, 1, 1, 1], 'C': [1, 1, 1, 1, 1, 0, 1, 1, 1, 1], 'D': [1, 1, 1, 1, 1, 1, 1, 1, 1, 1], 'E': [1, 1, 1, 1, 1, 1, 0, 1, 1, 1], 'F': [1, 1, 1, 1, 1, 1, 1, 1, 1, 1]}, '橘园北侧南': {'A': [1, 1, 1, 1, 1, 1, 1, 1, 1, 1], 'B': [1, 1, 1, 1, 1, 1, 1, 1, 1, 1], 'C': [1, 1, 1, 1, 1, 1, 1, 1, 1, 1], 'D': [1, 1, 1, 1, 1, 1, 1, 1, 1, 1], 'E': [0, 1, 1, 1, 1, 1, 0, 1, 1, 1], 'F': [1, 1, 0, 1, 0, 1, 1, 1, 1, 1], 'G': [1, 0, 1, 1, 1, 1, 1, 1, 1, 1], 'H': [1, 1, 1, 1, 1, 1, 1, 1, 1, 1], 'I': [0, 0, 1, 0, 1, 1, 1, 1, 1, 1], 'J': [1, 1, 1, 1, 1, 1, 1, 1, 1, 1]}, '校医院西': {'A': [1, 1, 1, 1, 1, 1, 1, 1, 1, 1], 'B': [1, 1, 1, 1, 1, 1, 1, 1, 1, 1], 'C': [1, 1, 1, 1, 1, 1, 1, 1, 1, 1], 'D': [1, 1, 1, 1, 1, 1, 1, 1, 1, 1], 'E': [1, 1, 1, 1, 1, 1, 1, 0, 1, 1], 'F': [1, 1, 1, 1, 1, 1, 1, 1, 1, 1], 'G': [0, 1, 1, 1, 1, 1, 1, 1, 1, 1], 'H': [1, 1, 1, 1, 1, 1, 1, 1, 1, 0], 'I': [1, 1, 1, 1, 1, 1, 1, 0, 1, 1]}}
623520	2024-07-13 09:25:22.832000+08:00	2024-07-13 09:25:22.832000+08:00	{'东门北侧': {'A': [1, 1, 1, 1, 1, 1, 1, 1, 1, 1], 'B': [1, 1, 1, 1, 1, 1, 1, 1, 1, 1], 'C': [1, 1, 1, 1, 1, 1, 1, 1, 1, 1], 'D': [1, 0, 1, 1, 1, 1, 1, 1, 1, 1], 'E': [1, 1, 0, 1, 1, 1, 1, 1, 1, 1], 'F': [0, 1, 1, 1, 1, 1, 1, 1, 1, 1], 'G': [1, 1, 1, 1, 1, 1, 1, 1, 1, 1], 'H': [1, 1, 1, 1, 1, 1, 1, 1, 1, 1], 'I': [1, 1, 1, 1, 1, 1, 1, 1, 1, 1], 'J': [1, 1, 1, 0, 1, 1, 1, 1, 1, 1], 'K': [0, 0, 1, 1, 1, 1, 1, 1, 1, 1]}, '东门南侧': {'A': [1, 1, 1, 1, 1, 1, 1, 1, 1, 1], 'B': [0, 0, 0, 0, 0, 0, 0, 0, 0, 0]}, '西门北侧': {'A': [1, 1, 1, 1, 1, 1, 1, 1, 1, 1], 'B': [1, 1, 1, 1, 1, 1, 1, 1, 1, 0], 'C': [1, 1, 1, 1, 1, 0, 1, 1, 1, 1]}, '西门南侧': {'A': [1, 1, 1, 1, 1, 1, 1, 1, 1, 1], 'B': [1, 1, 1, 1, 1, 1, 1, 1, 1, 1], 'C': [1, 1, 1, 1, 1, 0, 1, 1, 1, 1]}, '南门西侧': {'A': [1, 1, 1, 1, 1, 1, 1, 1, 1, 1], 'B': [1, 1, 1, 1, 1, 1, 1, 1, 1, 1]}, '南门东侧': {'A': [1, 1, 1, 1, 1, 1, 1, 1, 1, 1], 'B': [0, 1, 1, 1, 1, 1, 1, 1, 1, 1]}, '北门东北侧': {'A': [1, 1, 1, 1, 1, 1, 1, 1, 1, 1], 'B': [1, 1, 1, 1, 1, 1, 1, 1, 1, 0], 'C': [1, 1, 1, 1, 1, 1, 1, 1, 1, 1], 'D': [1, 1, 1, 0, 1, 1, 1, 1, 1, 0]}, '北门东南侧': {'A': [1, 1, 1, 1, 1, 1, 1, 1, 1, 1], 'B': [1, 1, 0, 1, 1, 0, 1, 1, 1, 1], 'C': [1, 1, 1, 1, 1, 0, 1, 1, 1, 1], 'D': [1, 1, 1, 1, 1, 1, 1, 1, 1, 1], 'E': [1, 1, 1, 1, 1, 1, 0, 1, 1, 1], 'F': [1, 1, 1, 1, 1, 1, 1, 1, 1, 1]}, '橘园北侧南': {'A': [1, 1, 1, 1, 1, 1, 1, 1, 1, 1], 'B': [1, 1, 1, 1, 1, 1, 1, 1, 1, 1], 'C': [1, 1, 1, 1, 1, 1, 1, 1, 1, 1], 'D': [1, 1, 1, 1, 1, 1, 1, 1, 1, 1], 'E': [0, 1, 1, 1, 1, 1, 0, 1, 1, 1], 'F': [1, 1, 0, 1, 0, 1, 1, 1, 1, 1], 'G': [1, 0, 1, 1, 1, 1, 1, 1, 1, 1], 'H': [1, 1, 1, 1, 1, 1, 1, 1, 1, 1], 'I': [0, 0, 1, 0, 1, 1, 1, 1, 1, 1], 'J': [1, 1, 1, 1, 1, 1, 1, 1, 1, 1]}, '校医院西': {'A': [1, 1, 1, 1, 1, 1, 1, 1, 1, 1], 'B': [1, 1, 1, 1, 1, 1, 1, 1, 1, 1], 'C': [1, 1, 1, 1, 1, 1, 1, 1, 1, 1], 'D': [1, 1, 1, 1, 1, 1, 1, 1, 1, 1], 'E': [1, 1, 1, 1, 1, 1, 1, 0, 1, 1], 'F': [1, 1, 1, 1, 1, 1, 1, 1, 1, 1], 'G': [0, 1, 1, 1, 1, 1, 1, 1, 1, 1], 'H': [1, 1, 1, 1, 1, 1, 1, 1, 1, 0], 'I': [1, 1, 1, 1, 1, 1, 0, 0, 1, 1]}}
623521	2024-07-13 09:26:21.882000+08:00	2024-07-13 09:26:21.882000+08:00	{'东门北侧': {'A': [1, 1, 1, 1, 1, 1, 1, 1, 1, 1], 'B': [1, 1, 1, 1, 1, 1, 1, 1, 1, 1], 'C': [1, 1, 1, 1, 1, 1, 1, 1, 1, 1], 'D': [1, 0, 1, 1, 1, 1, 1, 1, 1, 1], 'E': [1, 1, 0, 1, 1, 1, 1, 1, 1, 1], 'F': [0, 1, 1, 1, 1, 1, 1, 1, 1, 1], 'G': [1, 1, 1, 1, 1, 1, 1, 1, 1, 1], 'H': [1, 1, 1, 1, 1, 1, 1, 1, 1, 1], 'I': [1, 1, 1, 1, 1, 1, 1, 1, 1, 1], 'J': [1, 1, 1, 0, 1, 1, 1, 1, 1, 1], 'K': [0, 0, 1, 1, 1, 1, 1, 1, 1, 1]}, '东门南侧': {'A': [1, 1, 1, 1, 1, 1, 1, 1, 1, 1], 'B': [0, 0, 0, 0, 0, 0, 0, 0, 0, 0]}, '西门北侧': {'A': [1, 1, 1, 1, 1, 1, 1, 1, 1, 1], 'B': [1, 1, 1, 1, 1, 1, 1, 1, 1, 0], 'C': [1, 1, 1, 1, 1, 0, 1, 1, 1, 1]}, '西门南侧': {'A': [1, 1, 1, 1, 1, 1, 1, 1, 1, 1], 'B': [1, 1, 1, 1, 1, 1, 1, 1, 1, 1], 'C': [1, 1, 1, 1, 1, 0, 1, 1, 1, 1]}, '南门西侧': {'A': [1, 1, 1, 1, 1, 1, 1, 1, 1, 1], 'B': [1, 1, 1, 1, 1, 1, 1, 1, 1, 1]}, '南门东侧': {'A': [1, 1, 1, 1, 1, 1, 1, 1, 1, 1], 'B': [0, 1, 1, 1, 1, 1, 1, 1, 1, 1]}, '北门东北侧': {'A': [1, 1, 1, 1, 1, 1, 1, 1, 1, 1], 'B': [1, 1, 1, 1, 1, 1, 1, 1, 1, 0], 'C': [1, 1, 1, 1, 1, 1, 1, 1, 1, 1], 'D': [1, 1, 1, 0, 1, 1, 1, 1, 1, 0]}, '北门东南侧': {'A': [1, 1, 1, 1, 1, 1, 1, 1, 1, 1], 'B': [1, 1, 0, 1, 1, 0, 1, 1, 1, 1], 'C': [1, 1, 1, 1, 1, 0, 1, 1, 1, 1], 'D': [1, 1, 1, 1, 1, 1, 1, 1, 1, 1], 'E': [1, 1, 1, 1, 1, 1, 0, 1, 1, 1], 'F': [1, 1, 1, 1, 1, 1, 1, 1, 1, 1]}, '橘园北侧南': {'A': [1, 1, 1, 1, 1, 1, 1, 1, 1, 1], 'B': [1, 1, 1, 1, 1, 1, 1, 1, 1, 1], 'C': [1, 1, 1, 1, 1, 1, 1, 1, 1, 1], 'D': [1, 1, 1, 1, 1, 1, 1, 1, 1, 1], 'E': [0, 1, 1, 1, 1, 1, 0, 1, 1, 1], 'F': [1, 1, 0, 1, 0, 1, 1, 1, 1, 1], 'G': [1, 0, 1, 1, 1, 1, 1, 1, 1, 1], 'H': [1, 1, 1, 1, 1, 1, 1, 1, 1, 1], 'I': [0, 0, 1, 0, 1, 1, 1, 1, 1, 1], 'J': [1, 1, 1, 1, 1, 1, 1, 1, 1, 1]}, '校医院西': {'A': [1, 1, 1, 1, 1, 1, 1, 1, 1, 1], 'B': [1, 1, 1, 1, 1, 1, 1, 1, 1, 1], 'C': [1, 1, 1, 1, 1, 1, 1, 1, 1, 1], 'D': [1, 1, 1, 1, 1, 1, 1, 1, 1, 1], 'E': [1, 1, 1, 1, 1, 1, 1, 0, 1, 1], 'F': [1, 1, 1, 1, 1, 1, 1, 1, 1, 1], 'G': [0, 1, 1, 1, 1, 1, 1, 1, 1, 1], 'H': [1, 1, 1, 1, 1, 1, 1, 1, 1, 0], 'I': [1, 1, 1, 1, 1, 1, 0, 0, 1, 1]}}
623522	2024-07-13 09:27:22.838000+08:00	2024-07-13 09:27:22.838000+08:00	{'东门北侧': {'A': [1, 1, 1, 1, 1, 1, 1, 1, 1, 1], 'B': [1, 1, 1, 1, 1, 1, 1, 1, 1, 1], 'C': [1, 1, 1, 1, 1, 1, 1, 1, 1, 1], 'D': [1, 0, 1, 1, 1, 1, 1, 1, 1, 1], 'E': [1, 1, 0, 1, 1, 1, 1, 1, 1, 1], 'F': [0, 1, 1, 1, 1, 1, 1, 1, 1, 1], 'G': [1, 1, 1, 1, 1, 1, 1, 1, 1, 1], 'H': [1, 1, 1, 1, 1, 1, 1, 1, 1, 1], 'I': [1, 1, 1, 1, 1, 1, 1, 1, 1, 1], 'J': [1, 1, 1, 0, 1, 1, 1, 1, 1, 1], 'K': [0, 0, 1, 1, 1, 1, 1, 1, 1, 1]}, '东门南侧': {'A': [1, 1, 1, 1, 1, 1, 1, 1, 1, 1], 'B': [0, 0, 0, 0, 0, 0, 0, 0, 0, 0]}, '西门北侧': {'A': [1, 1, 1, 1, 1, 1, 1, 1, 1, 1], 'B': [1, 1, 1, 1, 1, 1, 1, 1, 1, 0], 'C': [1, 1, 1, 1, 1, 0, 1, 1, 1, 1]}, '西门南侧': {'A': [1, 1, 1, 1, 1, 1, 1, 1, 1, 1], 'B': [1, 1, 1, 1, 1, 1, 1, 1, 1, 1], 'C': [1, 1, 1, 1, 1, 0, 1, 1, 1, 1]}, '南门西侧': {'A': [1, 1, 1, 1, 1, 1, 1, 1, 1, 1], 'B': [1, 1, 1, 1, 1, 1, 1, 1, 1, 1]}, '南门东侧': {'A': [1, 1, 1, 1, 1, 1, 1, 1, 1, 1], 'B': [0, 1, 1, 1, 1, 1, 1, 1, 1, 1]}, '北门东北侧': {'A': [1, 1, 1, 1, 1, 1, 1, 1, 1, 1], 'B': [1, 1, 1, 1, 1, 1, 1, 1, 1, 0], 'C': [1, 1, 1, 1, 1, 1, 1, 1, 1, 1], 'D': [1, 1, 1, 0, 1, 1, 1, 1, 1, 0]}, '北门东南侧': {'A': [1, 1, 1, 1, 1, 1, 1, 1, 1, 1], 'B': [1, 1, 0, 1, 1, 0, 1, 1, 1, 1], 'C': [1, 1, 1, 1, 1, 0, 1, 1, 1, 1], 'D': [1, 1, 1, 1, 1, 1, 1, 1, 1, 1], 'E': [1, 1, 1, 1, 1, 1, 0, 1, 1, 1], 'F': [1, 1, 1, 1, 1, 1, 1, 1, 1, 1]}, '橘园北侧南': {'A': [1, 1, 1, 1, 1, 1, 1, 1, 1, 1], 'B': [1, 1, 1, 1, 1, 1, 1, 1, 1, 1], 'C': [1, 1, 1, 1, 1, 1, 1, 1, 1, 1], 'D': [1, 1, 1, 1, 1, 1, 1, 1, 1, 1], 'E': [0, 1, 1, 1, 1, 1, 0, 1, 1, 1], 'F': [1, 1, 0, 1, 0, 1, 1, 1, 1, 1], 'G': [1, 0, 1, 1, 1, 1, 1, 1, 1, 1], 'H': [1, 1, 1, 1, 1, 1, 1, 1, 1, 1], 'I': [0, 0, 1, 0, 1, 1, 1, 1, 1, 1], 'J': [1, 1, 1, 1, 1, 1, 1, 1, 1, 1]}, '校医院西': {'A': [1, 1, 1, 1, 1, 1, 1, 1, 1, 1], 'B': [1, 1, 1, 1, 1, 1, 1, 1, 1, 1], 'C': [1, 1, 1, 1, 1, 1, 1, 1, 1, 1], 'D': [1, 1, 1, 1, 1, 1, 1, 1, 1, 1], 'E': [1, 1, 1, 1, 1, 1, 1, 0, 1, 1], 'F': [1, 1, 1, 1, 1, 1, 1, 1, 1, 1], 'G': [0, 1, 1, 1, 1, 1, 1, 1, 1, 1], 'H': [1, 1, 1, 1, 1, 1, 1, 1, 1, 0], 'I': [1, 1, 1, 1, 1, 1, 0, 0, 1, 1]}}
623523	2024-07-13 09:28:20.880000+08:00	2024-07-13 09:28:20.880000+08:00	{'东门北侧': {'A': [1, 1, 1, 1, 1, 1, 1, 1, 1, 1], 'B': [1, 1, 1, 1, 1, 1, 1, 1, 1, 1], 'C': [1, 1, 1, 1, 1, 1, 1, 1, 1, 1], 'D': [1, 0, 1, 1, 1, 1, 1, 1, 1, 1], 'E': [1, 1, 0, 1, 1, 1, 1, 1, 1, 1], 'F': [0, 1, 1, 1, 1, 1, 1, 1, 1, 1], 'G': [1, 1, 1, 1, 1, 1, 1, 1, 1, 1], 'H': [1, 1, 1, 1, 1, 1, 1, 1, 1, 1], 'I': [1, 1, 1, 1, 1, 1, 1, 1, 1, 1], 'J': [1, 1, 1, 0, 1, 1, 1, 1, 1, 1], 'K': [0, 0, 1, 1, 1, 1, 1, 1, 1, 1]}, '东门南侧': {'A': [1, 1, 1, 1, 1, 1, 1, 1, 1, 1], 'B': [0, 0, 0, 0, 0, 0, 0, 0, 0, 0]}, '西门北侧': {'A': [1, 1, 1, 1, 1, 1, 1, 1, 1, 1], 'B': [1, 1, 1, 1, 1, 1, 1, 1, 1, 0], 'C': [1, 1, 1, 1, 1, 0, 1, 1, 1, 1]}, '西门南侧': {'A': [1, 1, 1, 1, 1, 1, 1, 1, 1, 1], 'B': [1, 1, 1, 1, 1, 1, 1, 1, 1, 1], 'C': [1, 1, 1, 1, 1, 0, 1, 1, 1, 1]}, '南门西侧': {'A': [1, 1, 1, 1, 1, 1, 1, 1, 1, 1], 'B': [1, 1, 1, 1, 1, 1, 1, 1, 1, 1]}, '南门东侧': {'A': [1, 1, 1, 1, 1, 1, 1, 1, 1, 1], 'B': [0, 1, 1, 1, 1, 1, 1, 1, 1, 1]}, '北门东北侧': {'A': [1, 1, 1, 1, 1, 1, 1, 1, 1, 1], 'B': [1, 1, 1, 1, 1, 1, 1, 1, 1, 0], 'C': [1, 1, 1, 1, 1, 1, 1, 1, 1, 1], 'D': [1, 1, 1, 0, 1, 1, 1, 1, 1, 0]}, '北门东南侧': {'A': [1, 1, 1, 1, 1, 1, 1, 1, 1, 1], 'B': [1, 1, 0, 1, 1, 0, 1, 1, 1, 1], 'C': [1, 1, 1, 1, 1, 0, 1, 1, 1, 1], 'D': [1, 1, 1, 1, 1, 1, 1, 1, 1, 1], 'E': [1, 1, 1, 1, 1, 1, 0, 1, 1, 1], 'F': [1, 1, 1, 1, 1, 1, 1, 1, 1, 1]}, '橘园北侧南': {'A': [1, 1, 1, 1, 1, 1, 1, 1, 1, 1], 'B': [1, 1, 1, 1, 1, 1, 1, 1, 1, 1], 'C': [1, 1, 1, 1, 1, 1, 1, 1, 1, 1], 'D': [1, 1, 1, 1, 1, 1, 1, 1, 1, 1], 'E': [0, 1, 1, 1, 1, 1, 0, 1, 1, 1], 'F': [1, 1, 0, 1, 0, 1, 1, 1, 1, 1], 'G': [1, 0, 1, 1, 1, 1, 1, 1, 1, 1], 'H': [1, 1, 1, 1, 1, 1, 1, 1, 1, 1], 'I': [0, 0, 1, 0, 1, 1, 1, 1, 1, 1], 'J': [1, 1, 1, 1, 1, 1, 1, 1, 1, 1]}, '校医院西': {'A': [1, 1, 1, 1, 1, 1, 1, 1, 1, 1], 'B': [1, 1, 1, 1, 1, 1, 1, 1, 1, 1], 'C': [1, 1, 1, 1, 1, 1, 1, 1, 1, 1], 'D': [1, 1, 1, 1, 1, 1, 1, 1, 1, 1], 'E': [1, 1, 1, 1, 1, 1, 1, 0, 1, 1], 'F': [1, 1, 1, 1, 1, 1, 1, 1, 1, 1], 'G': [0, 1, 1, 1, 1, 1, 1, 1, 1, 1], 'H': [1, 1, 1, 1, 1, 1, 1, 1, 1, 0], 'I': [1, 1, 1, 1, 1, 1, 0, 0, 1, 1]}}
623524	2024-07-13 09:29:24.557000+08:00	2024-07-13 09:29:24.557000+08:00	{'东门北侧': {'A': [1, 1, 1, 1, 1, 1, 1, 1, 1, 1], 'B': [1, 1, 1, 1, 1, 1, 1, 1, 1, 1], 'C': [1, 1, 1, 1, 1, 1, 1, 1, 1, 1], 'D': [1, 0, 1, 1, 1, 1, 1, 1, 1, 1], 'E': [1, 1, 0, 1, 1, 1, 1, 1, 1, 1], 'F': [0, 1, 1, 1, 1, 1, 1, 1, 1, 1], 'G': [1, 1, 1, 1, 1, 1, 1, 1, 1, 1], 'H': [1, 1, 1, 1, 1, 1, 1, 1, 1, 1], 'I': [1, 1, 1, 1, 1, 1, 1, 1, 1, 1], 'J': [1, 1, 1, 0, 1, 1, 1, 1, 1, 1], 'K': [0, 0, 1, 1, 1, 1, 1, 1, 1, 1]}, '东门南侧': {'A': [1, 1, 1, 1, 1, 1, 1, 1, 1, 1], 'B': [0, 0, 0, 0, 0, 0, 0, 0, 0, 0]}, '西门北侧': {'A': [1, 1, 1, 1, 1, 1, 1, 1, 1, 1], 'B': [1, 1, 1, 1, 1, 1, 1, 1, 1, 0], 'C': [1, 1, 1, 1, 1, 0, 1, 1, 1, 1]}, '西门南侧': {'A': [1, 1, 1, 1, 1, 1, 1, 1, 1, 1], 'B': [1, 1, 1, 1, 1, 1, 1, 1, 1, 1], 'C': [1, 1, 1, 1, 1, 0, 1, 1, 1, 1]}, '南门西侧': {'A': [1, 1, 1, 1, 1, 1, 1, 1, 1, 1], 'B': [1, 1, 1, 1, 1, 1, 1, 1, 1, 1]}, '南门东侧': {'A': [1, 1, 1, 1, 1, 1, 1, 1, 1, 1], 'B': [0, 1, 1, 1, 1, 1, 1, 1, 1, 1]}, '北门东北侧': {'A': [1, 1, 1, 1, 1, 1, 1, 1, 1, 1], 'B': [1, 1, 1, 1, 1, 1, 1, 1, 1, 0], 'C': [1, 1, 1, 1, 1, 1, 1, 1, 1, 1], 'D': [1, 1, 1, 0, 1, 1, 1, 1, 1, 0]}, '北门东南侧': {'A': [1, 1, 1, 1, 1, 1, 1, 1, 1, 1], 'B': [1, 1, 0, 1, 1, 0, 1, 1, 1, 1], 'C': [1, 1, 1, 1, 1, 0, 1, 1, 1, 1], 'D': [1, 1, 1, 1, 1, 1, 1, 1, 0, 1], 'E': [1, 1, 1, 1, 1, 1, 0, 1, 1, 1], 'F': [1, 1, 1, 1, 1, 1, 1, 1, 1, 1]}, '橘园北侧南': {'A': [1, 1, 1, 1, 1, 1, 1, 1, 1, 1], 'B': [1, 1, 1, 1, 1, 1, 1, 1, 1, 1], 'C': [1, 1, 1, 1, 1, 1, 1, 1, 1, 1], 'D': [1, 1, 1, 1, 1, 1, 1, 1, 1, 1], 'E': [0, 1, 1, 1, 1, 1, 0, 1, 1, 1], 'F': [1, 1, 0, 1, 0, 1, 1, 1, 1, 1], 'G': [1, 0, 1, 1, 1, 1, 1, 1, 1, 1], 'H': [1, 1, 1, 1, 1, 1, 1, 1, 1, 1], 'I': [0, 0, 1, 0, 1, 1, 1, 1, 1, 1], 'J': [1, 1, 1, 1, 1, 1, 1, 1, 1, 1]}, '校医院西': {'A': [1, 1, 1, 1, 1, 1, 1, 1, 1, 1], 'B': [1, 1, 1, 1, 1, 1, 1, 1, 1, 1], 'C': [1, 1, 1, 1, 1, 1, 1, 1, 1, 1], 'D': [1, 1, 1, 1, 1, 1, 1, 1, 1, 1], 'E': [1, 1, 1, 1, 1, 1, 1, 0, 1, 1], 'F': [1, 1, 1, 1, 1, 1, 1, 1, 1, 1], 'G': [0, 1, 1, 1, 1, 1, 1, 1, 1, 1], 'H': [1, 1, 1, 1, 1, 1, 1, 1, 1, 0], 'I': [1, 1, 1, 1, 1, 1, 0, 0, 1, 1]}}
623525	2024-07-13 09:30:24.410000+08:00	2024-07-13 09:30:24.410000+08:00	{'东门北侧': {'A': [1, 1, 1, 1, 1, 1, 1, 1, 1, 1], 'B': [1, 1, 1, 1, 1, 1, 1, 1, 1, 1], 'C': [1, 1, 1, 1, 1, 1, 1, 1, 1, 1], 'D': [1, 0, 1, 1, 1, 1, 1, 1, 1, 1], 'E': [1, 1, 0, 1, 1, 1, 1, 1, 1, 1], 'F': [0, 1, 1, 1, 1, 1, 1, 1, 1, 1], 'G': [1, 1, 1, 1, 1, 1, 1, 1, 1, 1], 'H': [1, 1, 1, 1, 1, 1, 1, 1, 1, 1], 'I': [1, 1, 1, 1, 1, 1, 1, 1, 1, 1], 'J': [1, 1, 0, 0, 1, 1, 1, 1, 1, 1], 'K': [0, 0, 1, 1, 1, 1, 1, 1, 1, 1]}, '东门南侧': {'A': [1, 1, 1, 1, 1, 1, 1, 1, 1, 1], 'B': [0, 0, 0, 0, 0, 0, 0, 0, 0, 0]}, '西门北侧': {'A': [1, 1, 1, 1, 1, 1, 1, 1, 1, 1], 'B': [1, 1, 1, 1, 1, 1, 1, 1, 1, 0], 'C': [1, 1, 1, 1, 1, 0, 1, 1, 1, 1]}, '西门南侧': {'A': [1, 1, 1, 1, 1, 1, 1, 1, 1, 1], 'B': [1, 1, 1, 1, 1, 1, 1, 1, 1, 1], 'C': [1, 1, 1, 1, 1, 0, 1, 1, 1, 1]}, '南门西侧': {'A': [1, 1, 1, 1, 1, 1, 1, 1, 1, 1], 'B': [1, 1, 1, 1, 1, 1, 1, 1, 1, 1]}, '南门东侧': {'A': [1, 1, 1, 1, 1, 1, 1, 1, 1, 1], 'B': [0, 1, 1, 1, 1, 1, 1, 1, 1, 1]}, '北门东北侧': {'A': [1, 1, 1, 1, 1, 1, 1, 1, 1, 1], 'B': [1, 1, 1, 1, 1, 1, 1, 1, 1, 0], 'C': [1, 1, 1, 1, 1, 1, 1, 1, 1, 1], 'D': [1, 1, 1, 0, 1, 1, 1, 1, 1, 0]}, '北门东南侧': {'A': [1, 1, 1, 1, 1, 1, 1, 1, 1, 1], 'B': [1, 1, 0, 1, 1, 0, 1, 1, 1, 1], 'C': [1, 1, 1, 1, 1, 0, 1, 1, 1, 1], 'D': [1, 1, 1, 1, 1, 1, 1, 1, 0, 1], 'E': [1, 1, 1, 1, 1, 1, 0, 1, 1, 1], 'F': [1, 1, 1, 1, 1, 1, 1, 1, 1, 1]}, '橘园北侧南': {'A': [1, 1, 1, 1, 1, 1, 1, 1, 1, 1], 'B': [1, 1, 1, 1, 1, 1, 1, 1, 1, 1], 'C': [1, 1, 1, 1, 1, 1, 1, 1, 1, 1], 'D': [1, 1, 1, 1, 1, 1, 1, 1, 1, 1], 'E': [0, 1, 1, 1, 1, 1, 0, 1, 1, 1], 'F': [1, 1, 0, 1, 0, 1, 1, 1, 1, 1], 'G': [1, 0, 1, 1, 1, 1, 1, 1, 1, 1], 'H': [1, 1, 1, 1, 1, 1, 1, 1, 1, 1], 'I': [0, 0, 1, 0, 1, 1, 1, 1, 1, 1], 'J': [1, 1, 1, 1, 1, 1, 1, 1, 1, 0]}, '校医院西': {'A': [1, 1, 1, 1, 1, 1, 1, 1, 1, 1], 'B': [1, 1, 1, 1, 1, 1, 1, 1, 1, 1], 'C': [1, 1, 1, 1, 1, 1, 1, 1, 1, 1], 'D': [1, 1, 1, 1, 1, 1, 1, 1, 1, 1], 'E': [1, 1, 1, 1, 1, 1, 1, 0, 1, 1], 'F': [1, 1, 1, 1, 1, 1, 1, 1, 1, 1], 'G': [0, 1, 1, 1, 1, 1, 1, 1, 1, 1], 'H': [1, 0, 1, 1, 1, 1, 1, 1, 1, 0], 'I': [1, 1, 1, 1, 1, 1, 0, 0, 1, 1]}}
623526	2024-07-13 09:31:20.894000+08:00	2024-07-13 09:31:20.894000+08:00	{'东门北侧': {'A': [1, 1, 1, 1, 1, 1, 1, 1, 1, 1], 'B': [1, 1, 1, 1, 1, 1, 1, 1, 1, 1], 'C': [1, 1, 1, 1, 1, 1, 1, 1, 1, 1], 'D': [1, 0, 1, 1, 1, 1, 1, 1, 1, 1], 'E': [1, 1, 0, 1, 1, 1, 1, 1, 1, 1], 'F': [0, 1, 1, 1, 1, 1, 1, 1, 1, 1], 'G': [1, 1, 1, 1, 1, 1, 1, 1, 1, 1], 'H': [1, 1, 1, 1, 1, 1, 1, 1, 1, 1], 'I': [1, 1, 1, 1, 1, 1, 1, 1, 1, 1], 'J': [1, 1, 0, 0, 1, 1, 1, 1, 1, 1], 'K': [0, 0, 1, 1, 1, 1, 1, 1, 1, 1]}, '东门南侧': {'A': [1, 1, 1, 1, 1, 1, 1, 1, 1, 1], 'B': [0, 0, 0, 0, 0, 0, 0, 0, 0, 0]}, '西门北侧': {'A': [1, 1, 1, 1, 1, 1, 1, 1, 1, 1], 'B': [1, 1, 1, 1, 1, 1, 1, 1, 1, 0], 'C': [1, 1, 1, 1, 1, 0, 1, 1, 1, 1]}, '西门南侧': {'A': [1, 1, 1, 1, 1, 1, 1, 1, 1, 1], 'B': [1, 1, 1, 1, 1, 1, 1, 1, 1, 1], 'C': [1, 1, 1, 1, 1, 0, 1, 1, 1, 1]}, '南门西侧': {'A': [1, 1, 1, 1, 1, 1, 1, 1, 1, 1], 'B': [1, 1, 1, 1, 1, 1, 1, 1, 1, 1]}, '南门东侧': {'A': [1, 1, 1, 1, 1, 1, 1, 1, 1, 1], 'B': [0, 1, 1, 1, 1, 1, 1, 1, 1, 1]}, '北门东北侧': {'A': [1, 1, 1, 1, 1, 1, 1, 1, 1, 1], 'B': [1, 1, 1, 1, 1, 1, 1, 1, 1, 0], 'C': [1, 1, 1, 1, 1, 1, 1, 1, 1, 1], 'D': [1, 1, 1, 0, 1, 1, 1, 1, 1, 0]}, '北门东南侧': {'A': [1, 1, 1, 1, 1, 1, 1, 1, 1, 1], 'B': [1, 1, 0, 1, 1, 0, 1, 1, 1, 1], 'C': [1, 1, 1, 1, 1, 0, 1, 1, 1, 1], 'D': [1, 1, 1, 1, 1, 1, 1, 1, 0, 1], 'E': [1, 1, 1, 1, 1, 1, 0, 1, 1, 1], 'F': [1, 1, 1, 1, 1, 1, 1, 1, 1, 1]}, '橘园北侧南': {'A': [1, 1, 1, 1, 1, 1, 1, 1, 1, 1], 'B': [1, 1, 1, 1, 1, 1, 1, 1, 1, 1], 'C': [1, 1, 1, 1, 1, 1, 1, 1, 1, 1], 'D': [1, 1, 1, 1, 1, 1, 1, 1, 1, 1], 'E': [0, 1, 1, 1, 1, 1, 0, 1, 1, 1], 'F': [1, 1, 0, 1, 0, 1, 1, 1, 1, 1], 'G': [1, 0, 1, 1, 1, 1, 1, 1, 1, 1], 'H': [1, 1, 1, 1, 1, 1, 1, 1, 1, 1], 'I': [0, 0, 1, 0, 1, 1, 1, 1, 1, 1], 'J': [1, 1, 1, 1, 1, 1, 1, 1, 1, 0]}, '校医院西': {'A': [1, 1, 1, 1, 1, 1, 1, 1, 1, 1], 'B': [1, 1, 1, 1, 1, 1, 1, 1, 1, 1], 'C': [1, 1, 1, 1, 1, 1, 1, 1, 1, 1], 'D': [1, 1, 1, 1, 1, 1, 1, 1, 1, 1], 'E': [1, 1, 1, 1, 1, 1, 1, 0, 1, 1], 'F': [1, 1, 1, 1, 1, 1, 1, 1, 1, 1], 'G': [0, 1, 1, 1, 1, 1, 1, 1, 1, 1], 'H': [1, 0, 1, 1, 1, 1, 1, 1, 1, 0], 'I': [1, 1, 1, 1, 1, 1, 0, 0, 1, 1]}}
623527	2024-07-13 09:32:20.904000+08:00	2024-07-13 09:32:20.904000+08:00	{'东门北侧': {'A': [1, 1, 1, 1, 1, 1, 1, 1, 1, 1], 'B': [1, 1, 1, 1, 1, 1, 1, 1, 1, 1], 'C': [1, 1, 1, 1, 1, 1, 1, 1, 1, 1], 'D': [1, 0, 1, 1, 1, 1, 1, 1, 1, 1], 'E': [1, 1, 0, 1, 1, 1, 1, 1, 1, 1], 'F': [0, 1, 1, 1, 1, 1, 1, 1, 1, 1], 'G': [1, 1, 1, 1, 1, 1, 1, 1, 1, 1], 'H': [1, 1, 1, 1, 1, 1, 1, 1, 1, 1], 'I': [1, 1, 1, 1, 1, 1, 1, 1, 1, 1], 'J': [1, 1, 0, 0, 1, 1, 1, 1, 1, 1], 'K': [0, 0, 1, 1, 1, 1, 1, 1, 1, 1]}, '东门南侧': {'A': [1, 1, 1, 1, 1, 1, 1, 1, 1, 1], 'B': [0, 0, 0, 0, 0, 0, 0, 0, 0, 0]}, '西门北侧': {'A': [1, 1, 1, 1, 1, 1, 1, 1, 1, 1], 'B': [1, 1, 1, 1, 1, 1, 1, 1, 1, 0], 'C': [1, 1, 1, 1, 1, 0, 1, 1, 1, 1]}, '西门南侧': {'A': [1, 1, 1, 1, 1, 1, 1, 1, 1, 1], 'B': [1, 1, 1, 1, 1, 1, 1, 1, 1, 1], 'C': [1, 1, 1, 1, 1, 0, 1, 1, 1, 1]}, '南门西侧': {'A': [1, 1, 1, 1, 1, 1, 1, 1, 1, 1], 'B': [1, 1, 1, 1, 1, 1, 1, 1, 1, 1]}, '南门东侧': {'A': [1, 1, 1, 1, 1, 1, 1, 1, 1, 1], 'B': [0, 1, 1, 1, 1, 1, 1, 1, 1, 1]}, '北门东北侧': {'A': [1, 1, 1, 1, 1, 1, 1, 1, 1, 1], 'B': [1, 1, 1, 1, 1, 1, 1, 1, 1, 0], 'C': [1, 1, 1, 1, 1, 1, 1, 1, 1, 1], 'D': [1, 1, 1, 0, 1, 1, 1, 1, 1, 0]}, '北门东南侧': {'A': [1, 1, 1, 1, 1, 1, 1, 1, 1, 1], 'B': [1, 1, 0, 1, 1, 0, 1, 1, 1, 1], 'C': [1, 1, 1, 1, 1, 0, 1, 1, 1, 1], 'D': [1, 1, 1, 1, 1, 1, 1, 1, 0, 1], 'E': [1, 1, 1, 1, 1, 1, 0, 1, 1, 1], 'F': [1, 1, 1, 1, 1, 1, 1, 1, 1, 1]}, '橘园北侧南': {'A': [1, 1, 1, 1, 1, 1, 1, 1, 1, 1], 'B': [1, 1, 1, 1, 1, 1, 1, 1, 1, 1], 'C': [1, 1, 1, 1, 1, 1, 1, 1, 1, 1], 'D': [1, 1, 1, 1, 1, 1, 1, 1, 1, 1], 'E': [0, 1, 1, 1, 1, 1, 0, 1, 1, 1], 'F': [1, 1, 0, 1, 0, 1, 1, 1, 1, 1], 'G': [1, 0, 1, 1, 1, 1, 1, 1, 1, 1], 'H': [1, 1, 1, 1, 1, 1, 1, 1, 1, 1], 'I': [0, 0, 1, 0, 1, 1, 1, 1, 1, 1], 'J': [1, 1, 1, 1, 1, 1, 1, 1, 1, 0]}, '校医院西': {'A': [1, 1, 1, 1, 1, 1, 1, 1, 1, 1], 'B': [1, 1, 1, 1, 1, 1, 1, 1, 1, 1], 'C': [1, 1, 1, 1, 1, 1, 1, 1, 1, 1], 'D': [1, 1, 1, 1, 1, 1, 1, 1, 1, 1], 'E': [1, 1, 1, 1, 1, 1, 1, 0, 1, 1], 'F': [1, 1, 1, 1, 1, 1, 1, 1, 1, 1], 'G': [0, 1, 1, 1, 1, 1, 1, 1, 1, 1], 'H': [1, 0, 1, 1, 1, 1, 1, 1, 1, 0], 'I': [1, 1, 1, 1, 1, 1, 0, 0, 1, 1]}}
623528	2024-07-13 09:33:22.883000+08:00	2024-07-13 09:33:22.883000+08:00	{'东门北侧': {'A': [1, 1, 1, 1, 1, 1, 1, 1, 1, 1], 'B': [1, 1, 1, 1, 1, 1, 1, 1, 1, 1], 'C': [1, 1, 1, 1, 1, 1, 1, 1, 1, 1], 'D': [1, 0, 1, 1, 1, 1, 1, 1, 1, 1], 'E': [1, 1, 0, 1, 1, 1, 1, 1, 1, 1], 'F': [1, 1, 1, 1, 1, 1, 1, 1, 1, 1], 'G': [1, 1, 1, 1, 1, 1, 1, 1, 1, 1], 'H': [1, 1, 1, 1, 1, 1, 1, 1, 1, 1], 'I': [1, 1, 1, 1, 1, 1, 1, 1, 1, 1], 'J': [1, 1, 0, 0, 1, 1, 1, 1, 1, 1], 'K': [0, 0, 1, 1, 1, 1, 1, 1, 1, 1]}, '东门南侧': {'A': [1, 1, 1, 1, 1, 1, 1, 1, 1, 1], 'B': [0, 0, 0, 0, 0, 0, 0, 0, 0, 0]}, '西门北侧': {'A': [1, 1, 1, 1, 1, 1, 1, 1, 1, 1], 'B': [1, 1, 1, 1, 1, 1, 1, 1, 1, 0], 'C': [1, 1, 1, 1, 1, 0, 1, 1, 1, 1]}, '西门南侧': {'A': [1, 1, 1, 1, 1, 1, 1, 1, 1, 1], 'B': [1, 1, 1, 1, 1, 1, 1, 1, 1, 1], 'C': [1, 1, 1, 1, 1, 0, 1, 1, 1, 1]}, '南门西侧': {'A': [1, 1, 1, 1, 1, 1, 1, 1, 1, 1], 'B': [1, 1, 1, 1, 1, 1, 1, 1, 1, 1]}, '南门东侧': {'A': [1, 1, 1, 1, 1, 1, 1, 1, 1, 1], 'B': [0, 1, 1, 1, 1, 1, 1, 1, 1, 1]}, '北门东北侧': {'A': [1, 1, 1, 1, 1, 1, 1, 1, 1, 1], 'B': [1, 1, 1, 1, 1, 1, 1, 1, 1, 0], 'C': [1, 1, 1, 1, 1, 1, 1, 1, 1, 1], 'D': [1, 1, 1, 0, 1, 1, 1, 1, 1, 0]}, '北门东南侧': {'A': [1, 1, 1, 1, 1, 1, 1, 1, 1, 1], 'B': [1, 1, 0, 1, 1, 0, 1, 1, 1, 1], 'C': [1, 1, 1, 1, 1, 0, 1, 1, 1, 1], 'D': [1, 1, 1, 1, 1, 1, 1, 1, 0, 1], 'E': [1, 1, 1, 1, 1, 1, 0, 1, 1, 1], 'F': [1, 1, 1, 1, 1, 1, 1, 1, 1, 1]}, '橘园北侧南': {'A': [1, 1, 1, 1, 1, 1, 1, 1, 1, 1], 'B': [1, 1, 1, 1, 1, 1, 1, 1, 1, 1], 'C': [1, 1, 1, 1, 1, 1, 1, 1, 1, 1], 'D': [1, 1, 1, 1, 1, 1, 1, 1, 1, 1], 'E': [0, 1, 1, 1, 1, 1, 0, 1, 1, 1], 'F': [1, 1, 0, 1, 0, 1, 1, 1, 1, 1], 'G': [1, 0, 1, 1, 1, 1, 1, 1, 1, 1], 'H': [1, 1, 1, 1, 1, 1, 1, 1, 1, 1], 'I': [0, 0, 1, 0, 1, 1, 1, 1, 1, 1], 'J': [1, 1, 1, 1, 1, 1, 1, 1, 1, 0]}, '校医院西': {'A': [1, 1, 1, 1, 1, 1, 1, 1, 1, 1], 'B': [0, 1, 1, 1, 1, 1, 1, 1, 1, 1], 'C': [1, 1, 1, 1, 1, 1, 1, 1, 1, 1], 'D': [1, 1, 1, 1, 1, 1, 1, 1, 1, 1], 'E': [1, 1, 1, 1, 1, 1, 1, 0, 1, 1], 'F': [1, 1, 1, 1, 1, 1, 1, 1, 1, 1], 'G': [0, 1, 1, 1, 1, 1, 1, 1, 1, 1], 'H': [1, 0, 1, 1, 1, 1, 1, 1, 1, 0], 'I': [1, 1, 1, 1, 1, 1, 0, 0, 1, 1]}}
623529	2024-07-13 09:34:23.335000+08:00	2024-07-13 09:34:23.335000+08:00	{'东门北侧': {'A': [1, 1, 1, 1, 1, 1, 1, 1, 1, 1], 'B': [1, 1, 1, 1, 1, 1, 1, 1, 1, 1], 'C': [1, 1, 1, 1, 1, 1, 1, 1, 1, 1], 'D': [1, 0, 1, 1, 1, 1, 1, 1, 1, 1], 'E': [1, 1, 0, 1, 1, 1, 1, 1, 1, 1], 'F': [1, 1, 1, 1, 1, 1, 1, 1, 1, 1], 'G': [1, 1, 1, 1, 1, 1, 1, 1, 1, 1], 'H': [1, 1, 1, 1, 1, 1, 1, 1, 1, 1], 'I': [1, 1, 1, 1, 1, 1, 1, 1, 1, 1], 'J': [1, 1, 0, 0, 1, 1, 1, 1, 1, 1], 'K': [0, 0, 1, 1, 1, 1, 1, 1, 1, 1]}, '东门南侧': {'A': [1, 1, 1, 1, 1, 1, 1, 1, 1, 1], 'B': [0, 0, 0, 0, 0, 0, 0, 0, 0, 0]}, '西门北侧': {'A': [1, 1, 1, 1, 1, 1, 1, 1, 1, 1], 'B': [1, 1, 1, 1, 1, 1, 1, 1, 1, 0], 'C': [1, 1, 1, 1, 1, 0, 1, 1, 1, 1]}, '西门南侧': {'A': [1, 1, 1, 1, 1, 1, 1, 1, 1, 1], 'B': [1, 1, 1, 1, 1, 1, 1, 1, 1, 1], 'C': [1, 1, 1, 1, 1, 0, 1, 1, 1, 1]}, '南门西侧': {'A': [1, 1, 1, 1, 1, 1, 1, 1, 1, 1], 'B': [1, 1, 1, 1, 1, 1, 1, 1, 1, 1]}, '南门东侧': {'A': [1, 1, 1, 1, 1, 1, 1, 1, 1, 1], 'B': [0, 1, 1, 1, 1, 1, 1, 1, 1, 1]}, '北门东北侧': {'A': [1, 1, 1, 1, 1, 1, 1, 1, 1, 1], 'B': [1, 1, 1, 1, 1, 1, 1, 1, 1, 0], 'C': [1, 1, 1, 1, 1, 1, 1, 1, 1, 1], 'D': [1, 1, 1, 0, 1, 1, 1, 1, 1, 0]}, '北门东南侧': {'A': [1, 1, 1, 1, 1, 1, 1, 1, 1, 1], 'B': [1, 1, 0, 1, 1, 0, 1, 1, 1, 1], 'C': [1, 1, 1, 1, 1, 0, 1, 1, 1, 1], 'D': [1, 1, 1, 1, 1, 1, 1, 1, 0, 1], 'E': [1, 1, 1, 1, 1, 1, 0, 1, 1, 1], 'F': [1, 1, 1, 1, 1, 1, 1, 1, 1, 1]}, '橘园北侧南': {'A': [1, 1, 1, 1, 1, 1, 1, 1, 1, 1], 'B': [1, 1, 1, 1, 1, 1, 1, 1, 1, 1], 'C': [1, 1, 1, 1, 1, 1, 1, 1, 1, 1], 'D': [1, 1, 1, 1, 1, 1, 1, 1, 1, 1], 'E': [0, 1, 1, 1, 1, 1, 0, 1, 1, 1], 'F': [1, 1, 0, 1, 0, 1, 1, 1, 1, 1], 'G': [1, 0, 1, 1, 1, 1, 1, 1, 1, 1], 'H': [1, 1, 1, 1, 1, 1, 1, 1, 1, 1], 'I': [0, 0, 1, 0, 1, 1, 1, 1, 1, 1], 'J': [1, 1, 1, 1, 1, 1, 1, 1, 1, 0]}, '校医院西': {'A': [1, 1, 1, 1, 1, 1, 1, 1, 1, 1], 'B': [0, 1, 1, 1, 1, 1, 1, 1, 1, 1], 'C': [1, 1, 1, 1, 1, 1, 1, 1, 1, 1], 'D': [1, 1, 1, 1, 1, 1, 1, 1, 1, 1], 'E': [1, 1, 1, 1, 1, 1, 1, 0, 1, 1], 'F': [1, 1, 1, 1, 1, 1, 1, 1, 1, 1], 'G': [0, 1, 1, 1, 1, 1, 1, 1, 1, 1], 'H': [1, 0, 1, 1, 1, 1, 1, 1, 1, 0], 'I': [1, 1, 1, 1, 1, 1, 0, 0, 1, 1]}}
623530	2024-07-13 09:35:23.886000+08:00	2024-07-13 09:35:23.886000+08:00	{'东门北侧': {'A': [1, 1, 1, 1, 1, 1, 1, 1, 1, 1], 'B': [1, 1, 1, 1, 1, 1, 1, 1, 1, 1], 'C': [1, 1, 1, 1, 1, 1, 1, 1, 1, 1], 'D': [1, 0, 1, 1, 1, 1, 1, 1, 1, 1], 'E': [1, 1, 0, 1, 1, 1, 1, 1, 1, 1], 'F': [1, 1, 1, 1, 1, 1, 1, 1, 1, 1], 'G': [1, 1, 1, 1, 1, 1, 1, 1, 1, 1], 'H': [1, 1, 1, 1, 1, 1, 1, 1, 1, 1], 'I': [1, 1, 1, 1, 1, 1, 1, 1, 1, 1], 'J': [1, 1, 0, 0, 1, 1, 1, 1, 1, 1], 'K': [0, 0, 1, 1, 1, 1, 1, 1, 1, 1]}, '东门南侧': {'A': [1, 1, 1, 1, 1, 1, 1, 1, 1, 1], 'B': [0, 0, 0, 0, 0, 0, 0, 0, 0, 0]}, '西门北侧': {'A': [1, 1, 1, 1, 1, 1, 1, 1, 1, 1], 'B': [1, 1, 1, 1, 1, 1, 1, 1, 1, 0], 'C': [1, 1, 1, 1, 1, 0, 1, 1, 1, 1]}, '西门南侧': {'A': [1, 1, 1, 1, 1, 1, 1, 1, 1, 1], 'B': [1, 1, 1, 1, 1, 1, 1, 1, 1, 1], 'C': [1, 1, 1, 1, 1, 0, 1, 1, 1, 1]}, '南门西侧': {'A': [1, 1, 1, 1, 1, 1, 1, 1, 1, 1], 'B': [1, 1, 1, 1, 1, 1, 1, 1, 1, 1]}, '南门东侧': {'A': [1, 1, 1, 1, 1, 1, 1, 1, 1, 1], 'B': [0, 1, 1, 1, 1, 1, 1, 1, 1, 1]}, '北门东北侧': {'A': [1, 1, 1, 1, 1, 1, 1, 1, 1, 1], 'B': [1, 1, 1, 1, 1, 1, 1, 1, 1, 0], 'C': [1, 1, 1, 1, 1, 1, 1, 1, 1, 1], 'D': [1, 1, 1, 0, 1, 1, 1, 1, 1, 0]}, '北门东南侧': {'A': [1, 1, 1, 1, 1, 1, 1, 1, 1, 1], 'B': [1, 1, 0, 1, 1, 0, 1, 1, 1, 1], 'C': [1, 1, 1, 1, 1, 0, 1, 1, 1, 1], 'D': [1, 1, 1, 1, 1, 1, 1, 1, 0, 1], 'E': [1, 1, 1, 1, 1, 1, 0, 1, 1, 1], 'F': [1, 1, 1, 1, 1, 1, 1, 1, 1, 1]}, '橘园北侧南': {'A': [1, 1, 1, 1, 1, 1, 1, 1, 1, 1], 'B': [1, 1, 1, 1, 1, 1, 1, 1, 1, 1], 'C': [1, 1, 1, 1, 1, 1, 1, 1, 1, 1], 'D': [1, 1, 1, 1, 1, 1, 1, 1, 1, 1], 'E': [0, 1, 1, 1, 1, 1, 0, 1, 1, 1], 'F': [1, 1, 0, 1, 0, 1, 1, 1, 1, 1], 'G': [1, 0, 1, 1, 1, 1, 1, 1, 1, 1], 'H': [1, 1, 1, 1, 1, 1, 1, 1, 1, 1], 'I': [0, 0, 1, 0, 1, 1, 1, 1, 1, 1], 'J': [1, 1, 0, 1, 1, 1, 1, 1, 1, 0]}, '校医院西': {'A': [1, 1, 1, 1, 1, 1, 1, 1, 1, 1], 'B': [0, 1, 1, 1, 1, 1, 1, 1, 1, 1], 'C': [1, 1, 1, 1, 1, 1, 1, 1, 1, 1], 'D': [1, 1, 1, 1, 1, 1, 1, 1, 1, 1], 'E': [1, 1, 1, 1, 1, 1, 1, 0, 1, 1], 'F': [1, 1, 1, 1, 1, 1, 1, 1, 1, 1], 'G': [0, 1, 1, 1, 1, 1, 1, 1, 1, 1], 'H': [1, 0, 1, 1, 1, 1, 1, 1, 1, 0], 'I': [1, 1, 1, 1, 1, 1, 0, 0, 1, 1]}}
623531	2024-07-13 09:36:21.315000+08:00	2024-07-13 09:36:21.315000+08:00	{'东门北侧': {'A': [1, 1, 1, 1, 1, 1, 1, 1, 1, 1], 'B': [1, 1, 1, 1, 1, 1, 1, 1, 1, 1], 'C': [1, 1, 1, 1, 1, 1, 1, 1, 1, 1], 'D': [1, 0, 1, 1, 1, 1, 1, 1, 1, 1], 'E': [1, 1, 0, 1, 1, 1, 1, 1, 1, 1], 'F': [1, 1, 1, 1, 1, 1, 1, 1, 1, 1], 'G': [1, 1, 1, 1, 1, 1, 1, 1, 1, 1], 'H': [1, 1, 1, 1, 1, 1, 1, 1, 1, 1], 'I': [1, 1, 1, 1, 1, 1, 1, 1, 1, 1], 'J': [1, 1, 0, 0, 1, 1, 1, 1, 1, 1], 'K': [0, 0, 1, 1, 1, 1, 1, 1, 1, 1]}, '东门南侧': {'A': [1, 1, 1, 1, 1, 1, 1, 1, 1, 1], 'B': [0, 0, 0, 0, 0, 0, 0, 0, 0, 0]}, '西门北侧': {'A': [1, 1, 1, 1, 1, 1, 1, 1, 1, 1], 'B': [1, 1, 1, 1, 1, 1, 1, 1, 1, 0], 'C': [1, 1, 1, 1, 1, 0, 1, 1, 1, 1]}, '西门南侧': {'A': [1, 1, 1, 1, 1, 1, 1, 1, 1, 1], 'B': [1, 1, 1, 1, 1, 1, 1, 1, 1, 1], 'C': [1, 1, 1, 1, 1, 0, 1, 1, 1, 1]}, '南门西侧': {'A': [1, 1, 1, 1, 1, 1, 1, 1, 1, 1], 'B': [1, 1, 1, 1, 1, 1, 1, 1, 1, 1]}, '南门东侧': {'A': [1, 1, 1, 1, 1, 1, 1, 1, 1, 1], 'B': [0, 1, 1, 1, 1, 1, 1, 1, 1, 1]}, '北门东北侧': {'A': [1, 1, 1, 1, 1, 1, 1, 1, 1, 1], 'B': [1, 1, 1, 1, 1, 1, 1, 1, 1, 0], 'C': [1, 1, 1, 1, 1, 1, 1, 1, 1, 1], 'D': [1, 1, 1, 0, 1, 1, 1, 1, 1, 0]}, '北门东南侧': {'A': [1, 1, 1, 1, 1, 1, 1, 1, 1, 1], 'B': [1, 1, 0, 1, 1, 0, 1, 1, 1, 1], 'C': [1, 1, 1, 1, 1, 0, 1, 1, 1, 1], 'D': [1, 1, 1, 1, 1, 1, 1, 1, 0, 1], 'E': [1, 1, 1, 1, 1, 1, 0, 1, 1, 1], 'F': [1, 1, 1, 1, 1, 1, 1, 1, 1, 1]}, '橘园北侧南': {'A': [1, 1, 1, 1, 1, 1, 1, 1, 1, 1], 'B': [1, 1, 1, 1, 1, 1, 1, 1, 1, 1], 'C': [1, 1, 1, 1, 1, 1, 1, 1, 1, 1], 'D': [1, 1, 1, 1, 1, 1, 1, 1, 1, 1], 'E': [0, 1, 1, 1, 1, 1, 0, 1, 1, 1], 'F': [1, 1, 0, 1, 0, 1, 1, 1, 1, 1], 'G': [1, 0, 1, 1, 1, 1, 1, 1, 1, 1], 'H': [1, 1, 1, 1, 1, 1, 1, 1, 1, 1], 'I': [0, 0, 1, 0, 1, 1, 1, 1, 1, 1], 'J': [1, 1, 0, 1, 1, 1, 1, 1, 1, 0]}, '校医院西': {'A': [1, 1, 1, 1, 1, 1, 1, 1, 1, 1], 'B': [0, 1, 1, 1, 1, 1, 1, 1, 1, 1], 'C': [1, 1, 1, 1, 1, 1, 1, 1, 1, 1], 'D': [1, 1, 1, 1, 1, 1, 1, 1, 1, 1], 'E': [1, 1, 1, 1, 1, 1, 1, 0, 1, 1], 'F': [1, 1, 1, 1, 1, 1, 1, 1, 1, 1], 'G': [0, 1, 1, 1, 1, 1, 1, 1, 1, 1], 'H': [1, 0, 1, 1, 1, 1, 1, 1, 1, 0], 'I': [1, 1, 1, 1, 0, 1, 0, 0, 1, 1]}}
623532	2024-07-13 09:37:23.874000+08:00	2024-07-13 09:37:23.874000+08:00	{'东门北侧': {'A': [1, 1, 1, 1, 1, 1, 1, 1, 1, 1], 'B': [1, 1, 1, 1, 1, 1, 1, 1, 1, 1], 'C': [1, 1, 1, 1, 1, 1, 1, 1, 1, 1], 'D': [1, 0, 1, 1, 1, 1, 1, 1, 1, 1], 'E': [1, 1, 0, 1, 1, 1, 1, 1, 1, 1], 'F': [1, 1, 1, 1, 1, 1, 1, 1, 1, 1], 'G': [1, 1, 1, 1, 1, 1, 1, 1, 1, 1], 'H': [1, 1, 1, 1, 1, 1, 1, 1, 1, 1], 'I': [1, 1, 1, 1, 1, 1, 1, 1, 1, 1], 'J': [1, 1, 0, 0, 1, 1, 1, 1, 1, 1], 'K': [0, 0, 1, 1, 1, 1, 1, 1, 1, 1]}, '东门南侧': {'A': [1, 1, 1, 1, 1, 1, 1, 1, 1, 1], 'B': [0, 0, 0, 0, 0, 0, 0, 0, 0, 0]}, '西门北侧': {'A': [1, 1, 1, 1, 1, 1, 1, 1, 1, 1], 'B': [1, 1, 1, 1, 1, 1, 1, 1, 1, 0], 'C': [1, 1, 1, 1, 1, 0, 1, 1, 1, 1]}, '西门南侧': {'A': [1, 1, 1, 1, 1, 1, 1, 1, 1, 1], 'B': [1, 1, 1, 1, 1, 1, 1, 1, 1, 1], 'C': [1, 1, 1, 1, 1, 0, 1, 1, 1, 1]}, '南门西侧': {'A': [1, 1, 1, 1, 1, 1, 1, 1, 1, 1], 'B': [1, 1, 1, 1, 1, 1, 1, 1, 1, 1]}, '南门东侧': {'A': [1, 1, 1, 1, 1, 1, 1, 1, 1, 1], 'B': [0, 1, 1, 1, 1, 1, 1, 1, 1, 1]}, '北门东北侧': {'A': [1, 1, 1, 1, 1, 1, 1, 1, 1, 1], 'B': [1, 1, 1, 1, 1, 1, 1, 1, 1, 0], 'C': [1, 1, 1, 1, 1, 1, 1, 1, 1, 1], 'D': [1, 1, 1, 0, 1, 1, 1, 1, 1, 0]}, '北门东南侧': {'A': [1, 1, 1, 1, 1, 1, 1, 1, 1, 1], 'B': [1, 1, 0, 1, 1, 0, 1, 1, 1, 1], 'C': [1, 1, 1, 1, 1, 0, 1, 1, 1, 1], 'D': [1, 1, 1, 1, 1, 1, 1, 1, 0, 1], 'E': [1, 1, 1, 1, 1, 1, 0, 1, 1, 1], 'F': [1, 1, 1, 1, 1, 1, 1, 1, 1, 1]}, '橘园北侧南': {'A': [1, 1, 1, 1, 1, 1, 1, 1, 1, 1], 'B': [1, 1, 1, 1, 1, 1, 1, 1, 1, 1], 'C': [1, 1, 1, 1, 1, 1, 1, 1, 1, 1], 'D': [1, 1, 1, 1, 1, 1, 1, 1, 1, 1], 'E': [0, 1, 1, 1, 1, 1, 0, 1, 1, 1], 'F': [1, 1, 0, 1, 0, 1, 1, 1, 1, 1], 'G': [1, 0, 1, 1, 1, 1, 1, 1, 1, 1], 'H': [1, 1, 1, 1, 1, 1, 1, 1, 1, 1], 'I': [0, 0, 1, 0, 1, 1, 1, 1, 1, 1], 'J': [1, 1, 0, 1, 1, 1, 1, 1, 1, 0]}, '校医院西': {'A': [1, 1, 1, 1, 1, 1, 1, 1, 1, 1], 'B': [0, 1, 1, 1, 1, 1, 1, 1, 1, 1], 'C': [1, 1, 1, 1, 1, 1, 1, 1, 1, 1], 'D': [1, 1, 1, 1, 1, 1, 1, 1, 1, 1], 'E': [1, 1, 1, 1, 1, 1, 1, 0, 1, 1], 'F': [1, 1, 1, 1, 1, 1, 1, 1, 1, 1], 'G': [0, 1, 1, 1, 1, 1, 1, 1, 1, 1], 'H': [1, 0, 1, 1, 1, 1, 1, 1, 1, 0], 'I': [1, 1, 1, 1, 0, 1, 0, 0, 1, 1]}}
623533	2024-07-13 09:38:22.879000+08:00	2024-07-13 09:38:22.879000+08:00	{'东门北侧': {'A': [1, 1, 1, 1, 1, 1, 1, 1, 1, 1], 'B': [1, 1, 1, 1, 1, 1, 1, 1, 1, 1], 'C': [1, 1, 1, 1, 1, 1, 1, 1, 1, 1], 'D': [1, 0, 1, 1, 1, 1, 1, 1, 1, 1], 'E': [1, 1, 0, 1, 1, 1, 1, 1, 1, 1], 'F': [1, 1, 1, 1, 1, 1, 1, 1, 1, 1], 'G': [1, 1, 1, 1, 1, 1, 1, 1, 1, 1], 'H': [1, 1, 1, 1, 1, 1, 1, 1, 1, 1], 'I': [1, 1, 1, 1, 1, 1, 1, 1, 1, 1], 'J': [1, 1, 0, 0, 1, 1, 1, 1, 1, 1], 'K': [0, 0, 1, 1, 1, 1, 1, 1, 1, 1]}, '东门南侧': {'A': [1, 1, 1, 1, 1, 1, 1, 1, 1, 1], 'B': [0, 0, 0, 0, 0, 0, 0, 0, 0, 0]}, '西门北侧': {'A': [1, 1, 1, 1, 1, 1, 1, 1, 1, 1], 'B': [1, 1, 1, 1, 1, 1, 1, 1, 1, 0], 'C': [1, 1, 1, 1, 1, 0, 1, 1, 1, 1]}, '西门南侧': {'A': [1, 1, 1, 1, 1, 1, 1, 1, 1, 1], 'B': [1, 1, 1, 1, 1, 1, 1, 1, 1, 1], 'C': [1, 1, 1, 1, 1, 0, 1, 1, 1, 1]}, '南门西侧': {'A': [1, 1, 1, 1, 1, 1, 1, 1, 1, 1], 'B': [1, 1, 1, 1, 1, 1, 1, 1, 1, 1]}, '南门东侧': {'A': [1, 1, 1, 1, 1, 1, 1, 1, 1, 1], 'B': [0, 1, 1, 1, 1, 1, 1, 1, 1, 1]}, '北门东北侧': {'A': [1, 1, 1, 1, 1, 1, 1, 1, 1, 1], 'B': [1, 1, 1, 1, 1, 1, 1, 1, 1, 0], 'C': [1, 1, 1, 1, 1, 1, 1, 1, 1, 1], 'D': [1, 1, 1, 0, 1, 1, 1, 1, 1, 0]}, '北门东南侧': {'A': [1, 1, 1, 1, 1, 1, 1, 1, 1, 1], 'B': [1, 1, 0, 1, 1, 0, 1, 1, 1, 1], 'C': [1, 1, 1, 1, 1, 0, 1, 1, 1, 1], 'D': [1, 1, 1, 1, 1, 1, 1, 1, 0, 1], 'E': [1, 1, 1, 1, 1, 1, 0, 1, 1, 1], 'F': [1, 1, 1, 1, 1, 1, 1, 1, 1, 1]}, '橘园北侧南': {'A': [1, 1, 1, 1, 1, 1, 1, 1, 1, 1], 'B': [1, 1, 1, 1, 1, 1, 1, 1, 1, 1], 'C': [1, 1, 1, 1, 1, 1, 0, 1, 1, 1], 'D': [1, 1, 1, 1, 1, 1, 1, 1, 1, 1], 'E': [0, 1, 1, 1, 1, 1, 0, 1, 1, 1], 'F': [1, 1, 0, 1, 0, 1, 1, 1, 1, 1], 'G': [1, 0, 1, 1, 1, 1, 1, 1, 1, 1], 'H': [1, 1, 1, 1, 1, 1, 1, 1, 1, 1], 'I': [0, 0, 1, 0, 1, 1, 1, 1, 1, 1], 'J': [1, 1, 0, 1, 1, 1, 1, 1, 1, 0]}, '校医院西': {'A': [1, 1, 1, 1, 1, 1, 1, 1, 1, 1], 'B': [0, 1, 1, 1, 1, 1, 1, 1, 1, 1], 'C': [1, 1, 1, 1, 1, 1, 1, 1, 1, 1], 'D': [1, 1, 1, 1, 1, 1, 1, 1, 1, 1], 'E': [1, 1, 1, 1, 1, 1, 1, 0, 1, 1], 'F': [1, 1, 1, 1, 1, 1, 1, 1, 1, 1], 'G': [0, 1, 1, 1, 1, 1, 1, 1, 1, 1], 'H': [1, 0, 1, 1, 1, 1, 1, 1, 1, 0], 'I': [1, 1, 1, 1, 0, 1, 0, 0, 1, 1]}}
623534	2024-07-13 09:39:20.848000+08:00	2024-07-13 09:39:20.848000+08:00	{'东门北侧': {'A': [1, 1, 1, 1, 1, 1, 1, 1, 1, 1], 'B': [1, 1, 1, 1, 1, 1, 1, 1, 1, 1], 'C': [1, 1, 1, 1, 1, 1, 1, 1, 1, 1], 'D': [1, 0, 1, 1, 1, 1, 1, 1, 1, 1], 'E': [1, 1, 0, 1, 1, 1, 1, 1, 1, 1], 'F': [1, 1, 1, 1, 1, 1, 1, 1, 1, 1], 'G': [1, 1, 1, 1, 1, 1, 1, 1, 1, 1], 'H': [1, 1, 1, 1, 1, 1, 1, 1, 1, 1], 'I': [1, 1, 1, 1, 1, 1, 1, 1, 1, 1], 'J': [1, 1, 0, 0, 1, 1, 1, 1, 1, 1], 'K': [0, 0, 1, 1, 1, 1, 1, 1, 1, 1]}, '东门南侧': {'A': [1, 1, 1, 1, 1, 1, 1, 1, 1, 1], 'B': [0, 0, 0, 0, 0, 0, 0, 0, 0, 0]}, '西门北侧': {'A': [1, 1, 1, 1, 1, 1, 1, 1, 1, 1], 'B': [1, 1, 1, 1, 1, 1, 1, 1, 1, 0], 'C': [1, 1, 1, 1, 1, 0, 1, 1, 1, 1]}, '西门南侧': {'A': [1, 1, 1, 1, 1, 1, 1, 1, 1, 1], 'B': [1, 1, 1, 1, 1, 1, 1, 1, 1, 1], 'C': [1, 1, 1, 1, 1, 0, 1, 1, 1, 1]}, '南门西侧': {'A': [1, 1, 1, 1, 1, 1, 1, 1, 1, 1], 'B': [1, 1, 1, 1, 1, 1, 1, 1, 1, 1]}, '南门东侧': {'A': [1, 1, 1, 1, 1, 1, 1, 1, 1, 1], 'B': [0, 1, 1, 1, 1, 1, 1, 1, 1, 1]}, '北门东北侧': {'A': [1, 1, 1, 1, 1, 1, 1, 1, 1, 1], 'B': [1, 1, 1, 1, 1, 1, 1, 1, 1, 0], 'C': [1, 1, 1, 1, 1, 1, 1, 1, 1, 1], 'D': [1, 1, 1, 0, 1, 1, 1, 1, 1, 0]}, '北门东南侧': {'A': [1, 1, 1, 1, 1, 1, 1, 1, 1, 1], 'B': [1, 1, 0, 1, 1, 0, 1, 1, 1, 1], 'C': [1, 1, 1, 1, 1, 0, 1, 1, 1, 1], 'D': [1, 1, 1, 1, 1, 1, 1, 1, 0, 1], 'E': [1, 1, 1, 1, 1, 1, 0, 1, 1, 1], 'F': [1, 1, 1, 1, 1, 1, 1, 1, 1, 1]}, '橘园北侧南': {'A': [1, 1, 1, 1, 1, 1, 1, 1, 1, 1], 'B': [1, 1, 1, 1, 1, 1, 1, 1, 1, 1], 'C': [1, 1, 1, 1, 1, 1, 0, 1, 1, 1], 'D': [1, 1, 1, 1, 1, 1, 1, 1, 1, 1], 'E': [0, 1, 1, 1, 1, 1, 0, 1, 1, 1], 'F': [1, 1, 0, 1, 0, 1, 1, 1, 1, 1], 'G': [1, 0, 1, 1, 1, 1, 1, 1, 1, 1], 'H': [1, 1, 1, 1, 1, 1, 1, 1, 1, 1], 'I': [0, 0, 1, 0, 1, 1, 1, 1, 1, 1], 'J': [1, 1, 0, 1, 1, 1, 1, 1, 1, 0]}, '校医院西': {'A': [1, 1, 1, 1, 1, 1, 1, 1, 1, 1], 'B': [0, 1, 1, 1, 1, 1, 1, 1, 1, 1], 'C': [1, 1, 1, 1, 1, 1, 1, 1, 1, 1], 'D': [1, 1, 1, 1, 1, 1, 1, 1, 1, 1], 'E': [1, 1, 1, 1, 1, 1, 1, 0, 1, 1], 'F': [1, 1, 1, 1, 1, 1, 1, 1, 1, 1], 'G': [0, 1, 1, 1, 1, 1, 1, 1, 1, 1], 'H': [1, 0, 1, 1, 1, 1, 1, 1, 1, 0], 'I': [1, 1, 1, 1, 0, 1, 0, 0, 1, 1]}}
623535	2024-07-13 09:40:20.855000+08:00	2024-07-13 09:40:20.855000+08:00	{'东门北侧': {'A': [1, 1, 1, 1, 1, 1, 1, 1, 1, 1], 'B': [1, 1, 1, 1, 1, 1, 1, 1, 1, 1], 'C': [1, 1, 1, 1, 1, 1, 1, 1, 1, 1], 'D': [1, 0, 1, 1, 1, 1, 1, 1, 1, 1], 'E': [1, 1, 0, 1, 1, 1, 1, 1, 1, 1], 'F': [1, 1, 1, 1, 1, 1, 1, 1, 1, 1], 'G': [1, 1, 1, 1, 1, 1, 1, 1, 1, 1], 'H': [1, 1, 1, 1, 1, 1, 1, 1, 1, 1], 'I': [1, 1, 1, 1, 1, 1, 1, 1, 1, 1], 'J': [1, 1, 0, 0, 1, 1, 1, 1, 1, 1], 'K': [0, 0, 1, 1, 1, 1, 1, 1, 1, 1]}, '东门南侧': {'A': [1, 1, 1, 1, 1, 1, 1, 1, 1, 1], 'B': [0, 0, 0, 0, 0, 0, 0, 0, 0, 0]}, '西门北侧': {'A': [1, 1, 1, 1, 1, 1, 1, 1, 1, 1], 'B': [1, 1, 1, 1, 1, 1, 1, 1, 1, 0], 'C': [1, 1, 1, 1, 1, 0, 1, 1, 1, 1]}, '西门南侧': {'A': [1, 1, 1, 1, 1, 1, 1, 1, 1, 1], 'B': [1, 1, 1, 1, 1, 1, 1, 1, 1, 1], 'C': [1, 1, 1, 1, 1, 0, 1, 1, 1, 1]}, '南门西侧': {'A': [1, 1, 1, 1, 1, 1, 1, 1, 1, 1], 'B': [1, 1, 1, 1, 1, 1, 1, 1, 1, 1]}, '南门东侧': {'A': [1, 1, 1, 1, 1, 1, 1, 1, 1, 1], 'B': [0, 1, 1, 1, 1, 1, 1, 1, 1, 1]}, '北门东北侧': {'A': [1, 1, 1, 1, 1, 1, 1, 1, 1, 1], 'B': [1, 1, 1, 1, 1, 1, 1, 1, 1, 0], 'C': [1, 1, 1, 1, 1, 1, 1, 1, 1, 1], 'D': [1, 1, 1, 0, 1, 1, 1, 1, 1, 0]}, '北门东南侧': {'A': [1, 1, 1, 1, 1, 1, 1, 1, 1, 1], 'B': [1, 1, 0, 1, 1, 0, 1, 1, 1, 1], 'C': [1, 1, 1, 1, 1, 0, 1, 1, 1, 1], 'D': [1, 1, 1, 1, 1, 1, 1, 1, 0, 1], 'E': [1, 1, 1, 1, 1, 1, 0, 1, 1, 1], 'F': [1, 1, 1, 1, 1, 1, 1, 1, 1, 1]}, '橘园北侧南': {'A': [1, 1, 1, 1, 1, 1, 1, 1, 1, 1], 'B': [1, 1, 1, 1, 1, 1, 1, 1, 1, 1], 'C': [1, 1, 1, 1, 1, 1, 0, 1, 1, 1], 'D': [1, 1, 1, 1, 1, 1, 1, 1, 1, 1], 'E': [0, 1, 1, 1, 1, 1, 0, 1, 1, 1], 'F': [1, 1, 0, 1, 0, 1, 1, 1, 1, 1], 'G': [1, 0, 1, 1, 1, 1, 1, 1, 1, 1], 'H': [1, 1, 1, 1, 1, 1, 1, 1, 1, 1], 'I': [0, 0, 1, 0, 1, 1, 1, 1, 1, 1], 'J': [1, 1, 0, 1, 1, 1, 1, 1, 1, 0]}, '校医院西': {'A': [1, 1, 1, 1, 1, 1, 1, 1, 1, 1], 'B': [0, 1, 1, 1, 1, 1, 1, 1, 1, 1], 'C': [1, 1, 1, 1, 1, 1, 1, 1, 1, 1], 'D': [1, 1, 1, 1, 1, 1, 1, 1, 1, 1], 'E': [1, 1, 1, 1, 1, 1, 1, 0, 1, 1], 'F': [1, 1, 1, 1, 1, 1, 1, 1, 1, 1], 'G': [0, 1, 1, 1, 1, 1, 1, 1, 1, 1], 'H': [1, 0, 1, 1, 1, 1, 1, 1, 1, 0], 'I': [1, 1, 1, 1, 0, 1, 0, 0, 1, 1]}}
623536	2024-07-13 09:41:22.082000+08:00	2024-07-13 09:41:22.082000+08:00	{'东门北侧': {'A': [1, 1, 1, 1, 1, 1, 1, 1, 1, 1], 'B': [1, 1, 1, 1, 1, 1, 1, 1, 1, 1], 'C': [1, 1, 1, 1, 1, 1, 1, 1, 1, 1], 'D': [1, 0, 1, 1, 1, 1, 1, 1, 1, 1], 'E': [1, 1, 0, 1, 1, 1, 1, 1, 1, 1], 'F': [1, 1, 1, 1, 1, 1, 1, 1, 1, 1], 'G': [1, 1, 1, 1, 1, 1, 1, 1, 1, 1], 'H': [1, 1, 1, 1, 1, 1, 1, 1, 1, 1], 'I': [1, 1, 1, 1, 1, 1, 1, 1, 1, 1], 'J': [1, 1, 0, 0, 1, 1, 1, 1, 1, 1], 'K': [0, 0, 1, 1, 1, 1, 1, 1, 1, 1]}, '东门南侧': {'A': [1, 1, 1, 1, 1, 1, 1, 1, 1, 1], 'B': [0, 0, 0, 0, 0, 0, 0, 0, 0, 0]}, '西门北侧': {'A': [1, 1, 1, 1, 1, 1, 1, 1, 1, 1], 'B': [1, 1, 1, 1, 1, 1, 1, 1, 1, 0], 'C': [1, 1, 1, 1, 1, 0, 1, 1, 1, 1]}, '西门南侧': {'A': [1, 1, 1, 1, 1, 1, 1, 1, 1, 1], 'B': [1, 1, 1, 1, 1, 1, 1, 1, 1, 1], 'C': [1, 1, 1, 1, 1, 0, 1, 1, 1, 1]}, '南门西侧': {'A': [1, 1, 1, 1, 1, 1, 1, 1, 1, 1], 'B': [1, 1, 1, 1, 1, 1, 1, 1, 1, 1]}, '南门东侧': {'A': [1, 1, 1, 1, 1, 1, 1, 1, 1, 1], 'B': [0, 1, 1, 1, 1, 1, 1, 1, 1, 1]}, '北门东北侧': {'A': [1, 1, 1, 1, 1, 1, 1, 1, 1, 1], 'B': [1, 1, 1, 1, 1, 1, 1, 1, 1, 0], 'C': [1, 1, 1, 1, 1, 1, 1, 1, 1, 1], 'D': [1, 1, 1, 0, 1, 1, 1, 1, 1, 0]}, '北门东南侧': {'A': [1, 1, 1, 1, 1, 1, 1, 1, 1, 1], 'B': [1, 1, 0, 1, 1, 0, 1, 1, 1, 1], 'C': [1, 1, 1, 1, 1, 0, 1, 1, 1, 1], 'D': [1, 1, 1, 1, 1, 1, 1, 1, 0, 1], 'E': [1, 1, 1, 1, 1, 1, 0, 1, 1, 1], 'F': [1, 1, 1, 1, 1, 1, 1, 1, 1, 1]}, '橘园北侧南': {'A': [1, 1, 1, 1, 1, 1, 1, 1, 1, 1], 'B': [1, 1, 1, 1, 1, 1, 1, 1, 1, 1], 'C': [1, 1, 1, 1, 1, 1, 0, 1, 1, 1], 'D': [1, 1, 1, 1, 1, 1, 1, 1, 1, 1], 'E': [0, 1, 1, 1, 1, 1, 0, 1, 1, 1], 'F': [1, 1, 0, 1, 0, 1, 1, 1, 1, 1], 'G': [1, 0, 1, 1, 1, 1, 1, 1, 1, 1], 'H': [1, 1, 1, 1, 1, 1, 1, 1, 1, 1], 'I': [0, 0, 1, 0, 1, 1, 1, 1, 1, 1], 'J': [1, 1, 0, 1, 1, 1, 1, 1, 1, 0]}, '校医院西': {'A': [1, 1, 1, 1, 1, 1, 1, 1, 1, 1], 'B': [0, 1, 1, 1, 1, 1, 1, 1, 1, 1], 'C': [1, 1, 1, 1, 1, 1, 1, 1, 1, 1], 'D': [1, 1, 1, 1, 1, 1, 1, 1, 1, 1], 'E': [1, 1, 1, 1, 1, 1, 1, 0, 1, 1], 'F': [1, 1, 1, 1, 1, 1, 1, 1, 1, 1], 'G': [0, 1, 1, 1, 1, 1, 1, 1, 1, 1], 'H': [1, 0, 1, 1, 1, 1, 1, 1, 1, 0], 'I': [1, 1, 1, 1, 0, 1, 0, 0, 1, 1]}}
623537	2024-07-13 09:42:22.905000+08:00	2024-07-13 09:42:22.905000+08:00	{'东门北侧': {'A': [1, 1, 1, 1, 1, 1, 1, 1, 1, 1], 'B': [1, 1, 1, 1, 1, 1, 1, 1, 1, 1], 'C': [1, 1, 1, 1, 1, 1, 1, 1, 1, 1], 'D': [1, 0, 1, 1, 1, 1, 1, 1, 1, 1], 'E': [1, 1, 0, 1, 1, 1, 1, 1, 1, 1], 'F': [1, 1, 1, 1, 1, 1, 1, 1, 1, 1], 'G': [1, 1, 1, 1, 1, 1, 1, 1, 1, 1], 'H': [1, 1, 1, 1, 1, 1, 1, 1, 1, 1], 'I': [1, 1, 1, 1, 1, 1, 1, 1, 1, 1], 'J': [1, 1, 0, 0, 1, 1, 1, 1, 1, 1], 'K': [0, 0, 1, 1, 1, 1, 1, 1, 1, 1]}, '东门南侧': {'A': [1, 1, 1, 1, 1, 1, 1, 1, 1, 1], 'B': [0, 0, 0, 0, 0, 0, 0, 0, 0, 0]}, '西门北侧': {'A': [1, 1, 1, 1, 1, 1, 1, 1, 1, 1], 'B': [1, 1, 1, 1, 1, 1, 1, 1, 1, 0], 'C': [1, 1, 1, 1, 1, 0, 1, 1, 1, 1]}, '西门南侧': {'A': [1, 1, 1, 1, 1, 1, 1, 1, 1, 1], 'B': [1, 1, 1, 1, 1, 1, 1, 1, 1, 1], 'C': [1, 1, 1, 1, 1, 0, 1, 1, 1, 1]}, '南门西侧': {'A': [1, 1, 1, 1, 1, 1, 1, 1, 1, 1], 'B': [1, 1, 1, 1, 1, 1, 1, 1, 1, 1]}, '南门东侧': {'A': [1, 1, 1, 1, 1, 1, 1, 1, 1, 1], 'B': [0, 1, 1, 1, 1, 1, 1, 1, 1, 1]}, '北门东北侧': {'A': [1, 1, 1, 1, 1, 1, 1, 1, 1, 1], 'B': [1, 1, 1, 1, 1, 1, 1, 1, 1, 0], 'C': [1, 1, 1, 1, 1, 1, 1, 1, 1, 1], 'D': [1, 1, 1, 0, 1, 1, 1, 1, 1, 0]}, '北门东南侧': {'A': [1, 1, 1, 1, 1, 1, 1, 1, 1, 1], 'B': [1, 1, 0, 1, 1, 0, 1, 1, 1, 1], 'C': [1, 1, 1, 1, 1, 0, 1, 1, 1, 1], 'D': [1, 1, 1, 1, 1, 1, 1, 1, 0, 1], 'E': [1, 1, 1, 1, 1, 1, 0, 1, 1, 1], 'F': [1, 1, 1, 1, 1, 1, 1, 1, 1, 1]}, '橘园北侧南': {'A': [1, 1, 1, 1, 1, 1, 1, 1, 1, 1], 'B': [1, 1, 1, 1, 1, 1, 1, 1, 1, 1], 'C': [1, 1, 1, 1, 1, 1, 0, 1, 1, 1], 'D': [1, 1, 1, 1, 1, 1, 1, 1, 1, 1], 'E': [0, 1, 1, 1, 1, 1, 0, 1, 1, 1], 'F': [1, 1, 0, 1, 0, 1, 1, 1, 1, 1], 'G': [1, 0, 1, 1, 1, 1, 1, 1, 1, 1], 'H': [1, 1, 1, 1, 1, 1, 1, 1, 1, 1], 'I': [0, 0, 1, 0, 1, 1, 1, 1, 1, 1], 'J': [1, 1, 0, 1, 1, 1, 1, 1, 1, 0]}, '校医院西': {'A': [1, 1, 1, 1, 1, 1, 1, 1, 1, 1], 'B': [0, 1, 1, 1, 1, 1, 1, 1, 1, 1], 'C': [1, 1, 1, 1, 1, 1, 1, 1, 1, 1], 'D': [1, 1, 1, 1, 1, 1, 1, 1, 1, 1], 'E': [1, 1, 1, 1, 1, 1, 1, 0, 1, 1], 'F': [1, 1, 1, 1, 1, 1, 1, 1, 1, 1], 'G': [0, 1, 1, 1, 1, 1, 1, 1, 1, 1], 'H': [1, 0, 1, 1, 1, 1, 1, 1, 1, 0], 'I': [1, 1, 1, 1, 0, 1, 0, 0, 1, 1]}}
623538	2024-07-13 09:43:21.899000+08:00	2024-07-13 09:43:21.899000+08:00	{'东门北侧': {'A': [1, 1, 1, 1, 1, 1, 1, 1, 1, 1], 'B': [1, 1, 1, 1, 1, 1, 1, 1, 1, 1], 'C': [1, 1, 1, 1, 1, 1, 1, 1, 1, 1], 'D': [1, 0, 1, 1, 1, 1, 1, 1, 1, 1], 'E': [1, 1, 0, 1, 1, 1, 1, 1, 1, 1], 'F': [1, 1, 1, 1, 1, 1, 1, 1, 1, 1], 'G': [1, 1, 1, 1, 1, 1, 1, 1, 1, 1], 'H': [1, 1, 1, 1, 1, 1, 1, 1, 1, 1], 'I': [1, 1, 1, 1, 1, 1, 1, 1, 1, 1], 'J': [1, 1, 0, 0, 1, 1, 1, 1, 1, 1], 'K': [0, 0, 1, 1, 1, 1, 1, 1, 1, 1]}, '东门南侧': {'A': [1, 1, 1, 1, 1, 1, 1, 1, 1, 1], 'B': [0, 0, 0, 0, 0, 0, 0, 0, 0, 0]}, '西门北侧': {'A': [1, 1, 1, 1, 1, 1, 1, 1, 1, 1], 'B': [1, 1, 1, 1, 1, 1, 1, 1, 1, 0], 'C': [1, 1, 1, 1, 1, 0, 1, 1, 1, 1]}, '西门南侧': {'A': [1, 1, 1, 1, 1, 1, 1, 1, 1, 1], 'B': [1, 1, 1, 1, 1, 1, 1, 1, 1, 1], 'C': [1, 1, 1, 1, 1, 0, 1, 1, 1, 1]}, '南门西侧': {'A': [1, 1, 1, 1, 1, 1, 1, 1, 1, 1], 'B': [1, 1, 1, 1, 1, 1, 1, 1, 1, 1]}, '南门东侧': {'A': [1, 1, 1, 1, 1, 1, 1, 1, 1, 1], 'B': [0, 1, 1, 1, 1, 1, 1, 1, 1, 1]}, '北门东北侧': {'A': [1, 1, 1, 1, 1, 1, 1, 1, 1, 1], 'B': [1, 1, 1, 1, 1, 1, 1, 1, 1, 0], 'C': [1, 1, 1, 1, 1, 1, 1, 1, 1, 1], 'D': [1, 1, 1, 0, 1, 1, 1, 1, 1, 0]}, '北门东南侧': {'A': [1, 1, 1, 1, 1, 1, 1, 1, 1, 1], 'B': [1, 1, 0, 1, 1, 0, 1, 1, 1, 1], 'C': [1, 1, 1, 1, 1, 0, 1, 1, 1, 1], 'D': [1, 1, 1, 1, 1, 1, 1, 1, 0, 1], 'E': [1, 1, 1, 1, 1, 1, 0, 1, 1, 1], 'F': [1, 1, 1, 1, 1, 0, 1, 1, 1, 1]}, '橘园北侧南': {'A': [1, 1, 1, 1, 1, 1, 1, 1, 1, 1], 'B': [1, 1, 1, 1, 1, 1, 1, 1, 1, 1], 'C': [1, 1, 1, 1, 1, 1, 0, 1, 1, 1], 'D': [1, 1, 1, 1, 1, 1, 1, 1, 1, 1], 'E': [0, 1, 1, 1, 1, 1, 0, 1, 1, 1], 'F': [1, 1, 0, 1, 0, 1, 1, 1, 1, 1], 'G': [1, 0, 1, 1, 1, 1, 1, 1, 1, 1], 'H': [1, 1, 1, 1, 1, 1, 1, 1, 1, 1], 'I': [0, 0, 1, 0, 1, 1, 1, 1, 1, 1], 'J': [1, 1, 0, 1, 1, 1, 1, 1, 1, 0]}, '校医院西': {'A': [1, 1, 1, 1, 1, 1, 1, 1, 1, 1], 'B': [0, 1, 1, 1, 1, 1, 1, 1, 1, 1], 'C': [1, 1, 1, 1, 1, 1, 1, 1, 1, 1], 'D': [1, 1, 1, 1, 1, 1, 1, 1, 1, 1], 'E': [1, 1, 1, 1, 1, 1, 1, 0, 1, 1], 'F': [1, 1, 1, 1, 1, 1, 1, 1, 1, 1], 'G': [0, 1, 1, 1, 0, 1, 1, 1, 1, 1], 'H': [1, 0, 1, 1, 1, 1, 1, 1, 1, 0], 'I': [1, 1, 1, 1, 0, 1, 0, 0, 1, 1]}}
623539	2024-07-13 09:44:23.908000+08:00	2024-07-13 09:44:23.908000+08:00	{'东门北侧': {'A': [1, 1, 1, 1, 1, 1, 1, 1, 1, 1], 'B': [1, 1, 1, 1, 1, 1, 1, 1, 1, 1], 'C': [1, 1, 1, 1, 1, 1, 1, 1, 1, 1], 'D': [1, 0, 1, 1, 1, 1, 1, 1, 1, 1], 'E': [1, 1, 0, 1, 1, 1, 1, 1, 1, 1], 'F': [1, 1, 1, 1, 1, 1, 1, 1, 1, 1], 'G': [1, 1, 1, 1, 1, 1, 1, 1, 1, 1], 'H': [1, 1, 1, 1, 1, 1, 1, 1, 1, 1], 'I': [1, 1, 1, 1, 1, 1, 1, 1, 1, 1], 'J': [1, 1, 0, 0, 1, 1, 1, 1, 1, 1], 'K': [0, 0, 1, 1, 1, 1, 1, 1, 1, 1]}, '东门南侧': {'A': [1, 1, 1, 1, 1, 1, 1, 1, 1, 1], 'B': [0, 0, 0, 0, 0, 0, 0, 0, 0, 0]}, '西门北侧': {'A': [1, 1, 1, 1, 1, 1, 1, 1, 1, 1], 'B': [1, 1, 1, 1, 1, 1, 1, 1, 1, 0], 'C': [1, 1, 1, 1, 1, 0, 1, 1, 1, 1]}, '西门南侧': {'A': [1, 1, 1, 1, 1, 1, 1, 1, 1, 1], 'B': [1, 1, 1, 1, 1, 1, 1, 1, 1, 1], 'C': [1, 1, 1, 1, 1, 0, 1, 1, 1, 1]}, '南门西侧': {'A': [1, 1, 1, 1, 1, 1, 1, 1, 1, 1], 'B': [1, 1, 1, 1, 1, 1, 1, 1, 1, 1]}, '南门东侧': {'A': [1, 1, 1, 1, 1, 1, 1, 1, 1, 1], 'B': [0, 1, 1, 1, 1, 1, 1, 1, 1, 1]}, '北门东北侧': {'A': [1, 1, 1, 1, 1, 1, 1, 1, 1, 1], 'B': [1, 1, 1, 1, 1, 1, 1, 1, 1, 0], 'C': [1, 1, 1, 1, 1, 1, 1, 1, 1, 1], 'D': [1, 1, 1, 0, 1, 1, 1, 1, 1, 0]}, '北门东南侧': {'A': [1, 1, 1, 1, 1, 1, 1, 1, 1, 1], 'B': [1, 1, 0, 1, 1, 0, 1, 1, 1, 1], 'C': [1, 1, 1, 1, 1, 0, 1, 1, 1, 1], 'D': [1, 1, 1, 1, 1, 1, 1, 1, 0, 1], 'E': [1, 1, 1, 1, 1, 1, 0, 1, 1, 1], 'F': [1, 1, 1, 1, 1, 0, 1, 1, 1, 1]}, '橘园北侧南': {'A': [1, 1, 1, 1, 1, 1, 1, 1, 1, 1], 'B': [1, 1, 1, 1, 1, 1, 1, 1, 1, 1], 'C': [1, 1, 1, 1, 1, 1, 0, 1, 1, 1], 'D': [1, 1, 1, 1, 1, 1, 1, 1, 1, 1], 'E': [0, 1, 1, 1, 1, 1, 0, 1, 1, 1], 'F': [1, 1, 0, 1, 0, 1, 1, 1, 1, 1], 'G': [1, 0, 1, 1, 1, 1, 1, 1, 1, 1], 'H': [1, 1, 1, 1, 1, 1, 1, 1, 1, 1], 'I': [0, 0, 1, 0, 1, 1, 1, 1, 1, 1], 'J': [1, 1, 0, 1, 1, 1, 1, 1, 1, 0]}, '校医院西': {'A': [1, 1, 1, 1, 1, 1, 1, 1, 1, 1], 'B': [0, 1, 1, 1, 1, 1, 1, 1, 1, 1], 'C': [1, 1, 1, 1, 1, 1, 1, 1, 1, 1], 'D': [1, 1, 1, 1, 1, 1, 1, 1, 1, 1], 'E': [1, 1, 1, 1, 1, 1, 1, 0, 1, 1], 'F': [1, 1, 1, 1, 1, 1, 1, 1, 1, 1], 'G': [0, 1, 1, 1, 0, 1, 1, 1, 1, 1], 'H': [1, 0, 1, 1, 1, 1, 1, 1, 1, 0], 'I': [1, 1, 1, 1, 0, 1, 0, 0, 1, 1]}}
623540	2024-07-13 09:45:20.884000+08:00	2024-07-13 09:45:20.884000+08:00	{'东门北侧': {'A': [1, 1, 1, 1, 1, 1, 1, 1, 1, 1], 'B': [1, 1, 1, 1, 1, 1, 1, 1, 1, 1], 'C': [1, 1, 1, 1, 1, 1, 1, 1, 1, 1], 'D': [1, 0, 1, 1, 1, 1, 1, 1, 1, 1], 'E': [1, 1, 0, 1, 1, 1, 1, 1, 1, 1], 'F': [1, 1, 1, 1, 1, 1, 1, 1, 1, 1], 'G': [1, 1, 1, 1, 1, 1, 1, 1, 1, 1], 'H': [1, 1, 1, 1, 1, 1, 1, 1, 1, 1], 'I': [1, 1, 1, 1, 1, 1, 1, 1, 1, 1], 'J': [1, 1, 0, 0, 1, 1, 1, 1, 1, 1], 'K': [0, 0, 1, 1, 1, 1, 1, 1, 1, 1]}, '东门南侧': {'A': [1, 1, 1, 1, 1, 1, 1, 1, 1, 1], 'B': [0, 0, 0, 0, 0, 0, 0, 0, 0, 0]}, '西门北侧': {'A': [1, 1, 1, 1, 1, 1, 1, 1, 1, 1], 'B': [1, 1, 1, 1, 1, 1, 1, 1, 1, 0], 'C': [1, 1, 1, 1, 1, 0, 1, 1, 1, 1]}, '西门南侧': {'A': [1, 1, 1, 1, 1, 1, 1, 1, 1, 1], 'B': [1, 1, 1, 1, 1, 1, 1, 1, 1, 1], 'C': [1, 1, 1, 1, 1, 0, 1, 1, 1, 1]}, '南门西侧': {'A': [1, 1, 1, 1, 1, 1, 1, 1, 1, 1], 'B': [1, 1, 1, 1, 1, 1, 1, 1, 1, 1]}, '南门东侧': {'A': [1, 1, 1, 1, 1, 1, 1, 1, 1, 1], 'B': [0, 1, 1, 1, 1, 1, 1, 1, 1, 0]}, '北门东北侧': {'A': [1, 1, 1, 1, 1, 1, 1, 1, 1, 1], 'B': [1, 1, 1, 1, 1, 1, 1, 1, 1, 0], 'C': [1, 1, 1, 1, 1, 1, 1, 1, 1, 1], 'D': [1, 1, 1, 0, 1, 1, 1, 1, 1, 0]}, '北门东南侧': {'A': [1, 1, 1, 1, 1, 1, 1, 1, 1, 1], 'B': [1, 1, 0, 1, 1, 0, 1, 1, 1, 1], 'C': [1, 1, 1, 1, 1, 0, 1, 1, 1, 1], 'D': [1, 1, 1, 1, 1, 1, 1, 1, 0, 1], 'E': [1, 1, 1, 1, 1, 1, 0, 1, 1, 1], 'F': [1, 1, 1, 1, 1, 0, 1, 1, 1, 1]}, '橘园北侧南': {'A': [1, 1, 1, 1, 1, 1, 1, 1, 1, 1], 'B': [1, 1, 1, 1, 1, 1, 1, 1, 1, 1], 'C': [1, 1, 1, 1, 1, 1, 0, 1, 1, 1], 'D': [1, 1, 1, 1, 1, 1, 1, 1, 1, 1], 'E': [0, 1, 1, 1, 1, 1, 0, 1, 1, 1], 'F': [0, 1, 0, 1, 0, 1, 1, 1, 1, 1], 'G': [1, 0, 1, 1, 1, 1, 1, 1, 1, 1], 'H': [1, 1, 1, 1, 1, 1, 1, 1, 1, 1], 'I': [0, 0, 1, 0, 1, 1, 1, 1, 1, 1], 'J': [1, 1, 0, 1, 1, 1, 1, 1, 1, 0]}, '校医院西': {'A': [1, 1, 1, 1, 1, 1, 1, 1, 1, 1], 'B': [0, 1, 1, 1, 1, 1, 1, 1, 1, 1], 'C': [1, 1, 1, 1, 1, 1, 1, 1, 1, 1], 'D': [1, 1, 1, 1, 1, 1, 1, 1, 1, 1], 'E': [1, 1, 1, 1, 1, 1, 1, 0, 1, 1], 'F': [1, 1, 1, 1, 1, 1, 1, 1, 1, 1], 'G': [0, 1, 1, 1, 0, 1, 1, 1, 1, 1], 'H': [1, 0, 1, 1, 1, 1, 1, 1, 1, 0], 'I': [1, 1, 1, 1, 0, 1, 0, 0, 1, 1]}}
623541	2024-07-13 09:46:21.881000+08:00	2024-07-13 09:46:21.881000+08:00	{'东门北侧': {'A': [1, 1, 1, 1, 1, 1, 1, 1, 1, 1], 'B': [1, 1, 1, 1, 1, 1, 1, 1, 1, 1], 'C': [1, 1, 1, 1, 1, 1, 1, 1, 1, 1], 'D': [1, 0, 1, 1, 1, 1, 1, 1, 1, 1], 'E': [1, 1, 0, 1, 1, 1, 1, 1, 1, 1], 'F': [1, 1, 1, 1, 1, 1, 1, 1, 1, 1], 'G': [1, 1, 1, 1, 1, 1, 1, 1, 1, 1], 'H': [1, 1, 1, 1, 1, 1, 1, 1, 1, 1], 'I': [1, 1, 1, 1, 1, 1, 1, 1, 1, 1], 'J': [1, 1, 0, 0, 1, 1, 1, 1, 1, 1], 'K': [0, 0, 1, 1, 1, 1, 1, 1, 1, 1]}, '东门南侧': {'A': [1, 1, 1, 1, 1, 1, 1, 1, 1, 1], 'B': [0, 0, 0, 0, 0, 0, 0, 0, 0, 0]}, '西门北侧': {'A': [1, 1, 1, 1, 1, 1, 1, 1, 1, 1], 'B': [1, 1, 1, 1, 1, 1, 1, 1, 1, 0], 'C': [1, 1, 1, 1, 1, 0, 1, 1, 1, 1]}, '西门南侧': {'A': [1, 1, 1, 1, 1, 1, 1, 1, 1, 1], 'B': [1, 1, 1, 1, 1, 1, 1, 1, 1, 1], 'C': [1, 1, 1, 1, 1, 0, 1, 1, 1, 1]}, '南门西侧': {'A': [1, 1, 1, 1, 1, 1, 1, 1, 1, 1], 'B': [1, 1, 1, 1, 1, 1, 1, 1, 1, 1]}, '南门东侧': {'A': [1, 1, 1, 1, 1, 1, 1, 1, 1, 1], 'B': [0, 1, 1, 1, 1, 1, 1, 1, 1, 0]}, '北门东北侧': {'A': [1, 1, 1, 1, 1, 1, 1, 1, 1, 1], 'B': [1, 1, 1, 1, 1, 1, 1, 1, 1, 0], 'C': [1, 1, 1, 1, 1, 1, 1, 1, 1, 1], 'D': [1, 1, 1, 0, 1, 1, 1, 1, 1, 0]}, '北门东南侧': {'A': [1, 1, 1, 1, 1, 1, 1, 1, 1, 1], 'B': [1, 1, 0, 1, 1, 0, 1, 1, 1, 1], 'C': [1, 1, 1, 1, 1, 0, 1, 1, 1, 1], 'D': [1, 1, 1, 1, 1, 1, 1, 1, 0, 1], 'E': [1, 1, 1, 1, 1, 1, 0, 1, 1, 1], 'F': [1, 1, 1, 1, 1, 0, 1, 1, 1, 1]}, '橘园北侧南': {'A': [1, 1, 1, 1, 1, 1, 1, 1, 1, 1], 'B': [1, 1, 1, 1, 1, 1, 1, 1, 1, 1], 'C': [1, 1, 1, 1, 1, 1, 0, 1, 1, 1], 'D': [1, 1, 1, 1, 1, 1, 1, 1, 1, 1], 'E': [0, 1, 1, 1, 1, 1, 0, 1, 1, 1], 'F': [0, 1, 0, 1, 0, 1, 1, 1, 1, 1], 'G': [1, 0, 1, 1, 1, 1, 1, 1, 1, 1], 'H': [1, 1, 1, 1, 1, 1, 1, 1, 1, 1], 'I': [0, 0, 1, 0, 1, 1, 1, 1, 1, 1], 'J': [1, 1, 0, 1, 1, 1, 1, 1, 1, 0]}, '校医院西': {'A': [1, 1, 1, 1, 1, 1, 1, 1, 1, 1], 'B': [0, 1, 1, 1, 1, 1, 1, 1, 1, 1], 'C': [1, 1, 1, 1, 1, 1, 1, 1, 1, 1], 'D': [1, 1, 1, 1, 1, 1, 1, 1, 1, 1], 'E': [1, 1, 1, 1, 1, 1, 1, 0, 1, 1], 'F': [1, 1, 1, 1, 1, 1, 1, 1, 1, 1], 'G': [0, 1, 1, 1, 0, 1, 1, 1, 1, 1], 'H': [1, 0, 1, 1, 1, 1, 1, 1, 1, 0], 'I': [1, 1, 1, 1, 0, 1, 0, 0, 1, 1]}}
623542	2024-07-13 09:47:23.902000+08:00	2024-07-13 09:47:23.902000+08:00	{'东门北侧': {'A': [1, 1, 1, 1, 1, 1, 1, 1, 1, 1], 'B': [1, 1, 1, 1, 1, 1, 1, 1, 1, 1], 'C': [1, 1, 1, 1, 1, 1, 1, 1, 1, 1], 'D': [1, 0, 1, 1, 1, 1, 1, 1, 1, 1], 'E': [1, 1, 0, 1, 1, 1, 1, 1, 1, 1], 'F': [1, 1, 1, 1, 1, 1, 1, 1, 1, 1], 'G': [1, 1, 1, 1, 1, 1, 1, 1, 1, 1], 'H': [1, 1, 1, 1, 1, 1, 1, 1, 1, 1], 'I': [1, 1, 1, 1, 1, 1, 1, 1, 1, 1], 'J': [1, 1, 0, 0, 1, 1, 1, 1, 1, 1], 'K': [0, 0, 1, 1, 1, 1, 1, 1, 1, 1]}, '东门南侧': {'A': [1, 1, 1, 1, 1, 1, 1, 1, 1, 1], 'B': [0, 0, 0, 0, 0, 0, 0, 0, 0, 0]}, '西门北侧': {'A': [1, 1, 1, 1, 1, 1, 1, 1, 1, 1], 'B': [1, 1, 1, 1, 1, 1, 1, 1, 1, 0], 'C': [1, 1, 1, 1, 1, 0, 1, 1, 1, 1]}, '西门南侧': {'A': [1, 1, 1, 1, 1, 1, 1, 1, 1, 1], 'B': [1, 1, 1, 1, 1, 1, 1, 1, 1, 1], 'C': [1, 1, 1, 1, 1, 0, 1, 1, 1, 1]}, '南门西侧': {'A': [1, 1, 1, 1, 1, 1, 1, 1, 1, 1], 'B': [1, 1, 1, 1, 1, 1, 1, 1, 1, 1]}, '南门东侧': {'A': [1, 1, 1, 1, 1, 1, 1, 1, 1, 1], 'B': [0, 1, 1, 1, 1, 1, 1, 1, 1, 0]}, '北门东北侧': {'A': [1, 1, 1, 1, 1, 1, 1, 1, 1, 1], 'B': [1, 1, 1, 1, 1, 1, 1, 1, 1, 0], 'C': [1, 1, 1, 1, 1, 1, 1, 1, 1, 1], 'D': [1, 1, 1, 0, 1, 1, 1, 1, 1, 0]}, '北门东南侧': {'A': [1, 1, 1, 1, 1, 1, 1, 1, 1, 1], 'B': [1, 1, 0, 1, 1, 0, 1, 1, 1, 1], 'C': [1, 1, 1, 1, 1, 0, 1, 1, 1, 1], 'D': [1, 1, 1, 1, 1, 1, 1, 1, 0, 1], 'E': [1, 1, 1, 1, 1, 1, 0, 1, 1, 1], 'F': [1, 1, 1, 1, 1, 0, 1, 1, 1, 1]}, '橘园北侧南': {'A': [1, 1, 1, 1, 1, 1, 1, 1, 1, 1], 'B': [1, 1, 1, 1, 1, 1, 1, 1, 1, 1], 'C': [1, 1, 1, 1, 1, 1, 0, 1, 1, 1], 'D': [1, 1, 1, 1, 1, 1, 1, 1, 1, 1], 'E': [0, 1, 1, 1, 1, 1, 0, 1, 1, 1], 'F': [0, 1, 0, 1, 0, 1, 1, 1, 1, 1], 'G': [1, 0, 1, 1, 1, 1, 1, 1, 1, 1], 'H': [1, 1, 1, 1, 1, 1, 1, 1, 1, 1], 'I': [0, 0, 1, 0, 1, 1, 1, 1, 1, 1], 'J': [1, 1, 0, 1, 1, 1, 1, 1, 1, 0]}, '校医院西': {'A': [1, 1, 1, 1, 1, 1, 1, 1, 1, 1], 'B': [0, 1, 1, 1, 1, 1, 1, 1, 1, 1], 'C': [1, 1, 1, 1, 1, 1, 1, 1, 1, 1], 'D': [1, 1, 1, 1, 1, 1, 1, 1, 1, 1], 'E': [1, 1, 1, 1, 1, 1, 1, 0, 1, 1], 'F': [1, 1, 1, 1, 1, 1, 1, 1, 1, 1], 'G': [0, 1, 1, 1, 0, 1, 1, 1, 1, 1], 'H': [1, 0, 1, 1, 1, 1, 1, 1, 1, 0], 'I': [1, 1, 1, 1, 0, 1, 0, 0, 1, 1]}}
623543	2024-07-13 09:48:24.294000+08:00	2024-07-13 09:48:24.294000+08:00	{'东门北侧': {'A': [1, 1, 1, 1, 1, 1, 1, 1, 1, 1], 'B': [1, 1, 1, 1, 1, 1, 1, 1, 1, 1], 'C': [1, 1, 1, 1, 1, 1, 1, 1, 1, 1], 'D': [1, 0, 1, 1, 1, 1, 1, 1, 1, 1], 'E': [1, 1, 0, 1, 1, 1, 1, 1, 1, 1], 'F': [1, 1, 1, 1, 1, 1, 1, 1, 1, 1], 'G': [1, 1, 1, 1, 1, 1, 1, 1, 1, 1], 'H': [1, 1, 1, 1, 1, 1, 1, 1, 1, 1], 'I': [1, 1, 1, 1, 1, 1, 1, 1, 1, 1], 'J': [1, 1, 0, 0, 1, 1, 1, 1, 1, 1], 'K': [0, 0, 1, 1, 1, 1, 1, 1, 1, 1]}, '东门南侧': {'A': [1, 1, 1, 1, 1, 1, 1, 1, 1, 1], 'B': [0, 0, 0, 0, 0, 0, 0, 0, 0, 0]}, '西门北侧': {'A': [1, 1, 1, 1, 1, 1, 1, 1, 1, 1], 'B': [1, 1, 1, 1, 1, 1, 1, 1, 1, 0], 'C': [1, 1, 1, 1, 1, 0, 1, 1, 1, 1]}, '西门南侧': {'A': [1, 1, 1, 1, 1, 1, 1, 1, 1, 1], 'B': [1, 1, 1, 1, 1, 1, 1, 1, 1, 1], 'C': [1, 1, 1, 1, 1, 0, 1, 1, 1, 1]}, '南门西侧': {'A': [1, 1, 1, 1, 1, 1, 1, 1, 1, 1], 'B': [1, 1, 1, 1, 1, 1, 1, 1, 1, 1]}, '南门东侧': {'A': [1, 1, 1, 1, 1, 1, 1, 1, 1, 1], 'B': [0, 1, 1, 1, 1, 1, 1, 1, 1, 0]}, '北门东北侧': {'A': [1, 1, 1, 1, 1, 1, 1, 1, 1, 1], 'B': [1, 1, 1, 1, 1, 1, 1, 1, 1, 0], 'C': [1, 1, 1, 1, 1, 1, 1, 1, 1, 1], 'D': [1, 1, 1, 0, 1, 1, 1, 1, 1, 0]}, '北门东南侧': {'A': [1, 1, 1, 1, 1, 1, 1, 1, 1, 1], 'B': [1, 1, 0, 1, 1, 0, 1, 1, 1, 1], 'C': [1, 1, 1, 1, 1, 0, 1, 1, 1, 1], 'D': [1, 1, 1, 1, 1, 1, 1, 1, 0, 1], 'E': [1, 1, 1, 1, 1, 1, 0, 1, 1, 1], 'F': [1, 1, 1, 1, 1, 0, 1, 1, 1, 1]}, '橘园北侧南': {'A': [1, 1, 1, 1, 1, 1, 1, 1, 1, 1], 'B': [1, 1, 1, 1, 1, 1, 1, 1, 1, 1], 'C': [1, 1, 1, 1, 1, 1, 0, 1, 1, 1], 'D': [1, 1, 1, 1, 1, 1, 1, 1, 1, 1], 'E': [0, 1, 1, 1, 1, 1, 0, 1, 1, 1], 'F': [0, 1, 0, 1, 0, 1, 1, 1, 1, 1], 'G': [1, 0, 1, 1, 1, 1, 1, 1, 1, 1], 'H': [1, 1, 1, 1, 1, 1, 1, 1, 1, 1], 'I': [0, 0, 1, 0, 1, 1, 1, 1, 1, 1], 'J': [1, 1, 0, 1, 1, 1, 1, 1, 1, 0]}, '校医院西': {'A': [1, 1, 1, 1, 1, 1, 1, 1, 1, 1], 'B': [0, 1, 1, 1, 1, 1, 1, 1, 1, 1], 'C': [1, 1, 1, 1, 1, 1, 1, 1, 1, 1], 'D': [1, 1, 1, 1, 1, 1, 1, 1, 1, 1], 'E': [1, 1, 1, 1, 1, 1, 1, 0, 1, 1], 'F': [1, 1, 1, 1, 1, 1, 1, 1, 1, 1], 'G': [0, 1, 1, 1, 0, 1, 1, 1, 1, 1], 'H': [1, 0, 1, 1, 1, 1, 1, 1, 1, 0], 'I': [1, 1, 1, 1, 0, 1, 0, 0, 1, 1]}}
623544	2024-07-13 09:49:22.853000+08:00	2024-07-13 09:49:22.853000+08:00	{'东门北侧': {'A': [1, 1, 1, 1, 1, 1, 1, 1, 1, 1], 'B': [1, 1, 1, 1, 1, 1, 1, 1, 1, 1], 'C': [1, 1, 1, 1, 1, 1, 1, 1, 1, 1], 'D': [1, 0, 1, 1, 1, 1, 1, 1, 1, 1], 'E': [1, 1, 0, 1, 1, 1, 1, 1, 1, 1], 'F': [1, 1, 1, 1, 1, 1, 1, 1, 1, 1], 'G': [1, 1, 1, 1, 1, 1, 1, 1, 1, 1], 'H': [1, 1, 1, 1, 1, 1, 1, 1, 1, 1], 'I': [1, 1, 1, 1, 1, 1, 1, 1, 1, 1], 'J': [1, 1, 0, 0, 1, 1, 1, 1, 1, 1], 'K': [0, 0, 1, 1, 1, 1, 1, 1, 1, 1]}, '东门南侧': {'A': [1, 1, 1, 1, 1, 1, 1, 1, 1, 1], 'B': [0, 0, 0, 0, 0, 0, 0, 0, 0, 0]}, '西门北侧': {'A': [1, 1, 1, 1, 1, 1, 1, 1, 1, 1], 'B': [1, 1, 1, 1, 1, 1, 1, 1, 1, 0], 'C': [1, 1, 1, 1, 1, 0, 1, 1, 1, 1]}, '西门南侧': {'A': [1, 1, 1, 1, 1, 1, 1, 1, 1, 1], 'B': [1, 1, 1, 1, 1, 1, 1, 1, 1, 1], 'C': [1, 1, 1, 1, 1, 0, 1, 1, 1, 1]}, '南门西侧': {'A': [1, 1, 1, 1, 1, 1, 1, 1, 1, 1], 'B': [1, 1, 1, 1, 1, 1, 1, 1, 1, 1]}, '南门东侧': {'A': [1, 1, 1, 1, 1, 1, 1, 1, 1, 1], 'B': [0, 1, 1, 1, 1, 1, 1, 1, 1, 0]}, '北门东北侧': {'A': [1, 1, 1, 1, 1, 1, 1, 1, 1, 1], 'B': [1, 1, 1, 1, 1, 1, 1, 1, 1, 0], 'C': [1, 1, 1, 1, 1, 1, 1, 1, 1, 1], 'D': [1, 1, 1, 0, 1, 1, 1, 1, 1, 0]}, '北门东南侧': {'A': [1, 1, 1, 1, 1, 1, 1, 1, 1, 1], 'B': [1, 1, 0, 1, 1, 0, 1, 1, 1, 1], 'C': [1, 1, 1, 1, 1, 0, 1, 1, 1, 1], 'D': [1, 1, 1, 1, 1, 1, 1, 1, 0, 1], 'E': [1, 1, 1, 1, 1, 1, 0, 1, 1, 1], 'F': [1, 1, 1, 1, 1, 0, 1, 1, 1, 1]}, '橘园北侧南': {'A': [1, 1, 1, 1, 1, 1, 1, 1, 1, 1], 'B': [1, 1, 1, 1, 1, 1, 1, 1, 1, 1], 'C': [1, 1, 1, 1, 1, 1, 0, 1, 1, 1], 'D': [1, 1, 1, 1, 1, 1, 1, 1, 1, 1], 'E': [0, 1, 1, 1, 1, 1, 0, 1, 1, 1], 'F': [0, 1, 0, 1, 0, 1, 1, 1, 1, 1], 'G': [1, 0, 1, 1, 1, 1, 1, 1, 1, 1], 'H': [1, 1, 1, 1, 1, 1, 1, 1, 1, 1], 'I': [0, 0, 1, 0, 1, 1, 1, 1, 1, 1], 'J': [1, 1, 0, 1, 1, 1, 1, 1, 1, 0]}, '校医院西': {'A': [1, 1, 1, 1, 1, 1, 1, 1, 1, 1], 'B': [0, 1, 1, 1, 1, 1, 1, 1, 1, 1], 'C': [1, 1, 1, 1, 1, 1, 1, 1, 1, 1], 'D': [1, 1, 1, 1, 1, 1, 1, 1, 1, 1], 'E': [1, 1, 1, 1, 1, 1, 1, 0, 1, 1], 'F': [1, 1, 1, 1, 1, 1, 1, 1, 1, 1], 'G': [0, 0, 1, 1, 0, 1, 1, 1, 1, 1], 'H': [1, 0, 1, 1, 1, 1, 1, 1, 1, 0], 'I': [1, 1, 1, 1, 0, 1, 0, 0, 1, 1]}}
623545	2024-07-13 09:50:20.881000+08:00	2024-07-13 09:50:20.881000+08:00	{'东门北侧': {'A': [1, 1, 1, 1, 1, 1, 1, 1, 1, 1], 'B': [1, 1, 1, 1, 1, 1, 1, 1, 1, 1], 'C': [1, 1, 1, 1, 1, 1, 1, 1, 1, 1], 'D': [1, 0, 1, 1, 1, 1, 1, 1, 1, 1], 'E': [1, 1, 0, 1, 1, 1, 1, 1, 1, 1], 'F': [1, 1, 1, 1, 1, 1, 1, 1, 1, 1], 'G': [1, 1, 1, 1, 1, 1, 1, 1, 1, 1], 'H': [1, 1, 1, 1, 1, 1, 1, 1, 1, 1], 'I': [1, 1, 1, 1, 1, 1, 1, 1, 1, 1], 'J': [1, 1, 0, 0, 1, 1, 1, 1, 1, 1], 'K': [0, 0, 1, 1, 1, 1, 1, 1, 1, 1]}, '东门南侧': {'A': [1, 1, 1, 1, 1, 1, 1, 1, 1, 1], 'B': [0, 0, 0, 0, 0, 0, 0, 0, 0, 0]}, '西门北侧': {'A': [1, 1, 1, 1, 1, 1, 1, 1, 1, 1], 'B': [1, 1, 1, 1, 1, 1, 1, 1, 1, 0], 'C': [1, 1, 1, 1, 1, 0, 1, 1, 1, 1]}, '西门南侧': {'A': [1, 1, 1, 1, 1, 1, 1, 1, 1, 1], 'B': [1, 1, 1, 1, 1, 1, 1, 1, 1, 1], 'C': [1, 1, 1, 1, 1, 0, 1, 1, 1, 1]}, '南门西侧': {'A': [1, 1, 1, 1, 1, 1, 1, 1, 1, 1], 'B': [1, 1, 1, 1, 1, 1, 1, 1, 1, 1]}, '南门东侧': {'A': [1, 1, 1, 1, 1, 1, 1, 1, 1, 1], 'B': [0, 1, 1, 1, 1, 1, 1, 1, 1, 0]}, '北门东北侧': {'A': [1, 1, 1, 1, 1, 1, 1, 1, 1, 1], 'B': [1, 1, 1, 1, 1, 1, 1, 1, 1, 0], 'C': [1, 1, 1, 1, 1, 1, 1, 1, 1, 1], 'D': [1, 1, 1, 0, 1, 1, 1, 1, 1, 0]}, '北门东南侧': {'A': [1, 1, 1, 1, 1, 1, 1, 1, 1, 1], 'B': [1, 1, 0, 1, 1, 0, 1, 1, 1, 1], 'C': [1, 1, 1, 1, 1, 0, 1, 1, 1, 1], 'D': [1, 1, 1, 1, 1, 1, 1, 1, 0, 1], 'E': [1, 1, 1, 1, 1, 1, 0, 1, 1, 1], 'F': [1, 1, 1, 1, 1, 0, 1, 1, 1, 1]}, '橘园北侧南': {'A': [1, 1, 1, 1, 1, 1, 1, 1, 1, 1], 'B': [1, 1, 1, 1, 1, 1, 1, 1, 1, 1], 'C': [1, 1, 1, 1, 1, 1, 0, 1, 1, 1], 'D': [1, 1, 1, 1, 1, 1, 1, 1, 1, 1], 'E': [0, 1, 1, 1, 1, 1, 0, 1, 1, 1], 'F': [0, 1, 0, 1, 0, 1, 1, 1, 1, 1], 'G': [1, 0, 1, 1, 1, 1, 1, 1, 1, 1], 'H': [1, 1, 1, 1, 1, 1, 1, 1, 1, 1], 'I': [0, 0, 1, 0, 1, 1, 1, 1, 1, 1], 'J': [1, 1, 0, 1, 1, 1, 1, 1, 1, 0]}, '校医院西': {'A': [1, 1, 1, 1, 1, 1, 1, 1, 1, 1], 'B': [0, 1, 1, 1, 1, 1, 1, 1, 1, 1], 'C': [1, 1, 1, 1, 1, 1, 1, 1, 1, 1], 'D': [1, 1, 1, 1, 1, 1, 1, 1, 1, 1], 'E': [1, 1, 1, 1, 1, 1, 1, 0, 1, 1], 'F': [1, 1, 1, 1, 1, 1, 1, 1, 1, 1], 'G': [0, 0, 1, 1, 0, 1, 1, 1, 1, 1], 'H': [1, 0, 1, 1, 1, 1, 1, 1, 1, 0], 'I': [1, 1, 1, 1, 0, 1, 0, 0, 1, 1]}}
623546	2024-07-13 09:51:22.905000+08:00	2024-07-13 09:51:22.905000+08:00	{'东门北侧': {'A': [1, 1, 1, 1, 1, 1, 1, 1, 1, 1], 'B': [1, 1, 1, 1, 1, 1, 1, 1, 1, 1], 'C': [1, 1, 1, 1, 1, 1, 1, 1, 1, 1], 'D': [1, 0, 1, 1, 1, 1, 1, 1, 1, 1], 'E': [1, 1, 0, 1, 1, 1, 1, 1, 1, 1], 'F': [1, 1, 1, 1, 1, 1, 1, 1, 1, 1], 'G': [1, 1, 1, 1, 1, 1, 1, 1, 1, 1], 'H': [1, 1, 1, 1, 1, 1, 1, 1, 1, 1], 'I': [1, 1, 1, 1, 1, 1, 1, 1, 1, 1], 'J': [1, 1, 0, 0, 1, 1, 1, 1, 1, 1], 'K': [0, 0, 1, 1, 1, 1, 1, 1, 1, 1]}, '东门南侧': {'A': [1, 1, 1, 1, 1, 1, 1, 1, 1, 1], 'B': [0, 0, 0, 0, 0, 0, 0, 0, 0, 0]}, '西门北侧': {'A': [1, 1, 1, 1, 1, 1, 1, 1, 1, 1], 'B': [1, 1, 1, 1, 1, 1, 1, 1, 1, 0], 'C': [1, 1, 1, 1, 1, 0, 1, 1, 1, 1]}, '西门南侧': {'A': [1, 1, 1, 1, 1, 1, 1, 1, 1, 1], 'B': [1, 1, 1, 1, 1, 1, 1, 1, 1, 1], 'C': [1, 1, 1, 1, 1, 0, 1, 1, 1, 1]}, '南门西侧': {'A': [1, 1, 1, 1, 1, 1, 1, 1, 1, 1], 'B': [1, 1, 1, 1, 1, 1, 1, 1, 1, 1]}, '南门东侧': {'A': [1, 1, 1, 1, 1, 1, 1, 1, 1, 1], 'B': [0, 1, 1, 1, 1, 1, 1, 1, 1, 0]}, '北门东北侧': {'A': [1, 1, 1, 1, 1, 1, 1, 1, 1, 1], 'B': [1, 1, 1, 1, 1, 1, 1, 1, 1, 0], 'C': [1, 1, 1, 1, 1, 1, 1, 1, 1, 1], 'D': [1, 1, 1, 0, 1, 1, 1, 1, 1, 0]}, '北门东南侧': {'A': [1, 1, 1, 1, 1, 1, 1, 1, 1, 1], 'B': [1, 1, 0, 1, 1, 0, 1, 1, 1, 1], 'C': [1, 1, 1, 1, 1, 0, 1, 1, 1, 1], 'D': [1, 1, 1, 1, 1, 1, 1, 1, 0, 1], 'E': [1, 1, 1, 1, 1, 1, 0, 1, 1, 1], 'F': [1, 1, 1, 1, 1, 0, 1, 1, 1, 1]}, '橘园北侧南': {'A': [1, 1, 1, 1, 1, 1, 1, 1, 1, 1], 'B': [1, 1, 1, 1, 1, 1, 1, 1, 1, 1], 'C': [1, 1, 1, 1, 1, 1, 0, 1, 1, 1], 'D': [1, 1, 1, 1, 1, 1, 1, 1, 1, 1], 'E': [0, 1, 1, 1, 1, 1, 0, 1, 1, 1], 'F': [0, 1, 0, 1, 0, 1, 1, 1, 1, 1], 'G': [1, 0, 1, 1, 1, 1, 1, 1, 1, 1], 'H': [1, 1, 1, 1, 1, 1, 1, 1, 1, 1], 'I': [0, 0, 1, 0, 1, 1, 1, 1, 1, 1], 'J': [1, 1, 0, 1, 1, 1, 1, 1, 1, 0]}, '校医院西': {'A': [1, 1, 1, 1, 1, 1, 1, 1, 1, 1], 'B': [0, 1, 1, 1, 1, 1, 1, 1, 1, 1], 'C': [1, 1, 1, 1, 1, 1, 1, 1, 1, 1], 'D': [1, 1, 1, 1, 1, 1, 1, 1, 1, 1], 'E': [1, 1, 1, 1, 1, 1, 1, 0, 1, 1], 'F': [1, 1, 1, 1, 1, 1, 1, 1, 1, 1], 'G': [0, 0, 1, 1, 0, 1, 1, 1, 1, 1], 'H': [1, 0, 1, 1, 1, 1, 1, 1, 1, 0], 'I': [1, 1, 0, 1, 0, 1, 0, 0, 1, 1]}}
623547	2024-07-13 09:52:22.912000+08:00	2024-07-13 09:52:22.912000+08:00	{'东门北侧': {'A': [1, 1, 1, 1, 1, 1, 1, 1, 1, 1], 'B': [1, 1, 1, 1, 1, 1, 1, 1, 1, 1], 'C': [1, 1, 1, 1, 1, 1, 1, 1, 1, 1], 'D': [1, 0, 1, 1, 1, 1, 1, 1, 1, 1], 'E': [1, 1, 0, 1, 1, 1, 1, 1, 1, 1], 'F': [1, 1, 1, 1, 1, 1, 1, 1, 1, 1], 'G': [1, 1, 1, 1, 1, 1, 1, 1, 1, 1], 'H': [1, 1, 1, 1, 1, 1, 1, 1, 1, 1], 'I': [1, 1, 1, 1, 1, 1, 1, 1, 1, 1], 'J': [1, 1, 0, 0, 1, 1, 1, 1, 1, 1], 'K': [0, 0, 1, 1, 1, 1, 1, 1, 1, 1]}, '东门南侧': {'A': [1, 1, 1, 1, 1, 1, 1, 1, 1, 1], 'B': [0, 0, 0, 0, 0, 0, 0, 0, 0, 0]}, '西门北侧': {'A': [1, 1, 1, 1, 1, 1, 1, 1, 1, 1], 'B': [1, 1, 1, 1, 1, 1, 1, 1, 1, 0], 'C': [1, 1, 1, 1, 1, 0, 1, 1, 1, 1]}, '西门南侧': {'A': [1, 1, 1, 1, 1, 1, 1, 1, 1, 1], 'B': [1, 1, 1, 1, 1, 1, 1, 1, 1, 1], 'C': [1, 1, 1, 1, 1, 0, 1, 1, 1, 1]}, '南门西侧': {'A': [1, 1, 1, 1, 1, 1, 1, 1, 1, 1], 'B': [1, 1, 1, 1, 1, 1, 1, 1, 1, 1]}, '南门东侧': {'A': [1, 1, 1, 1, 1, 1, 1, 1, 1, 1], 'B': [0, 1, 1, 1, 1, 1, 1, 1, 1, 0]}, '北门东北侧': {'A': [1, 1, 1, 1, 1, 1, 1, 1, 1, 1], 'B': [1, 1, 1, 1, 1, 1, 1, 1, 1, 0], 'C': [1, 1, 1, 1, 1, 1, 1, 1, 1, 1], 'D': [1, 1, 1, 0, 1, 1, 1, 1, 1, 0]}, '北门东南侧': {'A': [1, 1, 1, 1, 1, 1, 1, 1, 1, 1], 'B': [1, 1, 0, 1, 1, 0, 1, 1, 1, 1], 'C': [1, 0, 1, 1, 1, 0, 1, 1, 1, 1], 'D': [1, 1, 1, 1, 1, 1, 1, 1, 0, 1], 'E': [1, 1, 1, 1, 1, 1, 0, 1, 1, 1], 'F': [1, 1, 1, 1, 1, 0, 1, 1, 1, 1]}, '橘园北侧南': {'A': [1, 1, 1, 1, 1, 1, 1, 1, 1, 1], 'B': [1, 1, 1, 1, 1, 1, 1, 1, 1, 1], 'C': [1, 1, 1, 1, 1, 1, 0, 1, 1, 1], 'D': [1, 1, 1, 1, 1, 1, 1, 1, 1, 1], 'E': [0, 1, 1, 1, 1, 1, 0, 1, 1, 1], 'F': [0, 1, 0, 1, 0, 1, 1, 1, 1, 1], 'G': [1, 0, 1, 1, 1, 1, 1, 1, 1, 1], 'H': [1, 1, 1, 1, 1, 1, 1, 1, 1, 1], 'I': [0, 0, 1, 0, 1, 1, 1, 1, 1, 1], 'J': [1, 1, 0, 1, 1, 1, 1, 1, 1, 0]}, '校医院西': {'A': [1, 1, 1, 1, 1, 1, 1, 1, 1, 1], 'B': [0, 1, 1, 1, 1, 1, 1, 1, 1, 1], 'C': [1, 1, 1, 1, 1, 1, 1, 1, 1, 1], 'D': [1, 1, 1, 1, 1, 1, 1, 1, 1, 1], 'E': [1, 1, 1, 1, 1, 1, 1, 0, 1, 1], 'F': [1, 1, 1, 1, 1, 1, 1, 1, 1, 1], 'G': [0, 0, 1, 1, 0, 1, 1, 1, 1, 1], 'H': [1, 0, 1, 1, 1, 1, 1, 1, 1, 0], 'I': [1, 1, 0, 1, 0, 1, 0, 0, 1, 1]}}
623548	2024-07-13 09:53:20.885000+08:00	2024-07-13 09:53:20.885000+08:00	{'东门北侧': {'A': [1, 1, 1, 1, 1, 1, 1, 1, 1, 1], 'B': [1, 1, 1, 1, 1, 1, 1, 1, 1, 1], 'C': [1, 1, 1, 1, 1, 1, 1, 1, 1, 1], 'D': [1, 0, 1, 1, 1, 1, 1, 1, 1, 1], 'E': [1, 1, 0, 1, 1, 1, 1, 1, 1, 1], 'F': [1, 1, 1, 1, 1, 1, 1, 1, 1, 1], 'G': [1, 1, 1, 1, 1, 1, 1, 1, 1, 1], 'H': [1, 1, 1, 1, 1, 1, 1, 1, 1, 1], 'I': [1, 1, 1, 1, 1, 1, 1, 1, 1, 1], 'J': [1, 1, 0, 0, 1, 1, 1, 1, 1, 1], 'K': [0, 0, 1, 1, 1, 1, 1, 1, 1, 1]}, '东门南侧': {'A': [1, 1, 1, 1, 1, 1, 1, 1, 1, 1], 'B': [0, 0, 0, 0, 0, 0, 0, 0, 0, 0]}, '西门北侧': {'A': [1, 1, 1, 1, 1, 1, 1, 1, 1, 1], 'B': [1, 1, 1, 1, 1, 1, 1, 1, 1, 0], 'C': [1, 1, 1, 1, 1, 0, 1, 1, 1, 1]}, '西门南侧': {'A': [1, 1, 1, 1, 1, 1, 1, 1, 1, 1], 'B': [1, 1, 1, 1, 1, 1, 1, 1, 1, 1], 'C': [1, 1, 1, 1, 1, 0, 1, 1, 1, 1]}, '南门西侧': {'A': [1, 1, 1, 1, 1, 1, 1, 1, 1, 1], 'B': [1, 1, 1, 1, 1, 1, 1, 1, 1, 1]}, '南门东侧': {'A': [1, 1, 1, 1, 1, 1, 1, 1, 1, 1], 'B': [0, 1, 1, 1, 1, 1, 1, 1, 1, 0]}, '北门东北侧': {'A': [1, 1, 1, 1, 1, 1, 1, 1, 1, 1], 'B': [1, 1, 1, 1, 1, 1, 1, 1, 1, 0], 'C': [1, 1, 1, 1, 1, 1, 1, 1, 1, 1], 'D': [1, 1, 1, 0, 1, 1, 1, 1, 1, 0]}, '北门东南侧': {'A': [1, 1, 1, 1, 1, 1, 1, 1, 1, 1], 'B': [1, 1, 0, 1, 1, 0, 1, 1, 1, 1], 'C': [1, 0, 1, 1, 1, 0, 1, 1, 1, 1], 'D': [1, 1, 1, 1, 1, 1, 1, 1, 0, 1], 'E': [1, 1, 1, 1, 1, 1, 0, 1, 1, 1], 'F': [1, 1, 1, 1, 1, 0, 1, 1, 1, 1]}, '橘园北侧南': {'A': [1, 1, 0, 1, 1, 1, 1, 1, 1, 1], 'B': [1, 1, 1, 1, 1, 1, 1, 1, 1, 1], 'C': [1, 1, 1, 1, 1, 1, 0, 1, 1, 1], 'D': [1, 1, 1, 1, 1, 1, 1, 1, 1, 1], 'E': [0, 1, 1, 1, 1, 1, 0, 1, 1, 1], 'F': [0, 1, 0, 1, 0, 1, 1, 1, 1, 1], 'G': [1, 0, 1, 1, 1, 1, 1, 1, 1, 1], 'H': [1, 1, 1, 1, 1, 1, 1, 1, 1, 1], 'I': [0, 0, 1, 0, 1, 1, 1, 1, 1, 1], 'J': [1, 1, 0, 1, 1, 1, 1, 1, 1, 0]}, '校医院西': {'A': [1, 1, 1, 1, 1, 1, 1, 1, 1, 1], 'B': [0, 1, 1, 1, 1, 1, 1, 1, 1, 1], 'C': [1, 1, 1, 1, 1, 1, 1, 1, 1, 1], 'D': [1, 1, 1, 1, 1, 1, 1, 1, 1, 1], 'E': [1, 1, 1, 1, 1, 1, 1, 0, 1, 1], 'F': [1, 1, 1, 1, 1, 1, 1, 1, 1, 1], 'G': [0, 0, 1, 1, 0, 1, 1, 1, 1, 1], 'H': [1, 0, 1, 1, 1, 1, 1, 1, 1, 0], 'I': [1, 1, 0, 1, 0, 1, 0, 0, 1, 1]}}
623549	2024-07-13 09:54:21.881000+08:00	2024-07-13 09:54:21.881000+08:00	{'东门北侧': {'A': [1, 1, 1, 1, 1, 1, 1, 1, 1, 1], 'B': [1, 1, 1, 1, 1, 1, 1, 1, 1, 1], 'C': [1, 1, 1, 1, 1, 1, 1, 1, 1, 1], 'D': [1, 0, 1, 1, 1, 1, 1, 1, 1, 1], 'E': [1, 1, 0, 1, 1, 1, 1, 1, 1, 1], 'F': [1, 1, 1, 1, 1, 1, 1, 1, 1, 1], 'G': [1, 1, 1, 1, 1, 1, 1, 1, 1, 1], 'H': [1, 1, 1, 1, 1, 1, 1, 1, 1, 1], 'I': [1, 1, 1, 1, 1, 1, 1, 1, 1, 1], 'J': [1, 1, 0, 0, 1, 1, 1, 1, 1, 1], 'K': [0, 0, 1, 1, 1, 1, 1, 1, 1, 1]}, '东门南侧': {'A': [1, 1, 1, 1, 1, 1, 1, 1, 1, 1], 'B': [0, 0, 0, 0, 0, 0, 0, 0, 0, 0]}, '西门北侧': {'A': [1, 1, 1, 1, 1, 1, 1, 1, 1, 1], 'B': [1, 1, 1, 1, 1, 1, 1, 1, 1, 0], 'C': [1, 1, 1, 1, 1, 0, 1, 1, 1, 1]}, '西门南侧': {'A': [1, 1, 1, 1, 1, 1, 1, 1, 1, 1], 'B': [1, 1, 1, 1, 1, 1, 1, 1, 1, 1], 'C': [1, 1, 1, 1, 1, 0, 1, 1, 1, 1]}, '南门西侧': {'A': [1, 1, 1, 1, 1, 1, 1, 1, 1, 1], 'B': [1, 1, 1, 1, 1, 1, 1, 1, 1, 1]}, '南门东侧': {'A': [1, 1, 1, 1, 1, 1, 1, 1, 1, 1], 'B': [0, 1, 1, 1, 1, 1, 1, 1, 1, 0]}, '北门东北侧': {'A': [1, 1, 1, 1, 1, 1, 1, 1, 1, 1], 'B': [0, 1, 1, 1, 1, 1, 1, 1, 1, 0], 'C': [1, 1, 1, 1, 1, 1, 1, 1, 1, 1], 'D': [1, 1, 1, 0, 1, 1, 1, 1, 1, 0]}, '北门东南侧': {'A': [1, 1, 1, 1, 1, 1, 1, 1, 1, 1], 'B': [1, 1, 0, 1, 1, 0, 1, 1, 1, 1], 'C': [1, 0, 1, 1, 1, 0, 1, 1, 1, 1], 'D': [1, 1, 1, 0, 1, 1, 1, 1, 0, 1], 'E': [1, 1, 1, 1, 1, 1, 0, 1, 0, 1], 'F': [1, 1, 1, 1, 1, 0, 1, 1, 1, 1]}, '橘园北侧南': {'A': [1, 1, 0, 1, 1, 1, 1, 1, 1, 1], 'B': [1, 1, 1, 1, 1, 1, 1, 1, 1, 1], 'C': [1, 1, 1, 1, 1, 1, 0, 1, 0, 1], 'D': [1, 1, 1, 1, 1, 1, 1, 1, 1, 1], 'E': [0, 1, 1, 1, 1, 1, 0, 1, 1, 1], 'F': [0, 1, 0, 1, 0, 1, 1, 1, 1, 1], 'G': [1, 0, 1, 1, 1, 1, 1, 1, 1, 1], 'H': [1, 1, 1, 1, 1, 1, 1, 1, 1, 1], 'I': [0, 0, 1, 0, 1, 1, 1, 1, 1, 1], 'J': [1, 1, 0, 1, 1, 1, 1, 1, 1, 0]}, '校医院西': {'A': [1, 1, 1, 1, 1, 1, 1, 1, 1, 1], 'B': [0, 1, 1, 1, 1, 1, 1, 1, 1, 1], 'C': [1, 1, 1, 1, 1, 1, 1, 1, 1, 1], 'D': [1, 1, 1, 1, 1, 1, 1, 1, 1, 1], 'E': [1, 1, 1, 1, 1, 1, 1, 0, 1, 1], 'F': [1, 1, 1, 1, 1, 1, 1, 1, 1, 1], 'G': [0, 0, 1, 1, 0, 1, 1, 1, 1, 1], 'H': [1, 0, 1, 1, 1, 1, 1, 1, 1, 0], 'I': [1, 1, 0, 1, 0, 1, 0, 0, 0, 1]}}
623550	2024-07-13 09:55:22.889000+08:00	2024-07-13 09:55:22.889000+08:00	{'东门北侧': {'A': [1, 1, 1, 1, 1, 1, 1, 1, 1, 1], 'B': [1, 1, 1, 1, 1, 1, 1, 1, 1, 1], 'C': [1, 1, 1, 1, 1, 1, 1, 1, 1, 1], 'D': [1, 0, 1, 1, 1, 1, 1, 1, 1, 1], 'E': [1, 1, 0, 1, 1, 1, 1, 1, 1, 1], 'F': [1, 1, 1, 1, 1, 1, 1, 1, 1, 1], 'G': [1, 1, 1, 1, 1, 1, 1, 1, 1, 1], 'H': [1, 1, 1, 1, 1, 1, 1, 1, 1, 1], 'I': [1, 1, 1, 1, 1, 1, 1, 1, 1, 1], 'J': [1, 1, 0, 0, 1, 1, 1, 1, 1, 1], 'K': [0, 0, 1, 1, 1, 1, 1, 1, 1, 1]}, '东门南侧': {'A': [1, 1, 1, 1, 1, 1, 1, 1, 1, 1], 'B': [0, 0, 0, 0, 0, 0, 0, 0, 0, 0]}, '西门北侧': {'A': [1, 1, 1, 1, 1, 1, 1, 1, 1, 1], 'B': [1, 1, 1, 1, 1, 1, 1, 1, 1, 0], 'C': [1, 1, 1, 1, 1, 0, 1, 1, 1, 1]}, '西门南侧': {'A': [1, 1, 1, 1, 1, 1, 1, 1, 1, 1], 'B': [1, 1, 1, 1, 1, 1, 1, 1, 1, 1], 'C': [1, 1, 1, 1, 1, 0, 1, 1, 1, 1]}, '南门西侧': {'A': [1, 1, 1, 1, 1, 1, 1, 1, 1, 1], 'B': [1, 1, 1, 1, 1, 1, 1, 1, 1, 1]}, '南门东侧': {'A': [1, 1, 1, 1, 1, 1, 1, 1, 1, 1], 'B': [0, 1, 1, 1, 1, 1, 1, 1, 1, 0]}, '北门东北侧': {'A': [1, 1, 1, 1, 1, 1, 1, 1, 1, 1], 'B': [0, 1, 1, 1, 1, 1, 1, 1, 1, 0], 'C': [1, 1, 1, 1, 1, 1, 1, 1, 1, 1], 'D': [1, 1, 1, 0, 1, 1, 1, 1, 1, 0]}, '北门东南侧': {'A': [1, 1, 1, 1, 1, 1, 1, 1, 1, 1], 'B': [1, 1, 0, 1, 1, 0, 1, 1, 1, 1], 'C': [1, 0, 1, 1, 1, 0, 1, 1, 0, 1], 'D': [1, 1, 1, 0, 1, 1, 1, 1, 0, 1], 'E': [1, 1, 1, 1, 1, 1, 0, 1, 0, 1], 'F': [1, 1, 1, 1, 1, 0, 1, 1, 1, 1]}, '橘园北侧南': {'A': [1, 1, 0, 1, 1, 1, 1, 1, 1, 1], 'B': [1, 1, 1, 1, 1, 1, 1, 1, 1, 1], 'C': [1, 1, 1, 1, 1, 1, 0, 1, 0, 1], 'D': [1, 1, 1, 1, 1, 1, 1, 1, 1, 1], 'E': [0, 1, 1, 1, 1, 1, 0, 1, 1, 1], 'F': [0, 1, 0, 1, 0, 1, 1, 1, 1, 1], 'G': [1, 0, 1, 1, 1, 1, 1, 1, 1, 1], 'H': [1, 1, 1, 1, 1, 1, 1, 1, 1, 1], 'I': [0, 0, 1, 0, 1, 1, 1, 1, 1, 1], 'J': [1, 1, 0, 0, 1, 1, 1, 1, 1, 0]}, '校医院西': {'A': [1, 1, 1, 1, 1, 1, 1, 1, 1, 1], 'B': [0, 1, 1, 1, 1, 1, 1, 1, 1, 1], 'C': [1, 1, 1, 1, 1, 1, 1, 1, 1, 1], 'D': [1, 1, 1, 1, 1, 1, 1, 1, 1, 1], 'E': [1, 1, 1, 1, 1, 1, 1, 0, 1, 1], 'F': [1, 1, 1, 1, 1, 1, 1, 1, 1, 1], 'G': [0, 0, 1, 1, 0, 1, 1, 1, 1, 1], 'H': [1, 0, 1, 1, 1, 1, 1, 1, 1, 0], 'I': [1, 1, 0, 1, 0, 1, 0, 0, 0, 1]}}
623551	2024-07-13 09:56:22.885000+08:00	2024-07-13 09:56:22.885000+08:00	{'东门北侧': {'A': [1, 1, 1, 1, 1, 1, 1, 1, 1, 1], 'B': [1, 1, 1, 1, 1, 1, 1, 1, 1, 1], 'C': [1, 1, 1, 1, 1, 1, 1, 1, 1, 1], 'D': [1, 0, 1, 1, 1, 1, 1, 1, 1, 1], 'E': [1, 1, 0, 1, 1, 1, 1, 1, 1, 1], 'F': [1, 1, 1, 1, 1, 1, 1, 1, 1, 1], 'G': [1, 1, 1, 1, 1, 1, 1, 1, 1, 1], 'H': [1, 1, 1, 1, 1, 1, 1, 1, 1, 1], 'I': [1, 1, 1, 1, 1, 1, 1, 1, 1, 1], 'J': [1, 1, 0, 0, 1, 1, 1, 1, 1, 1], 'K': [0, 0, 1, 1, 1, 1, 1, 1, 1, 1]}, '东门南侧': {'A': [1, 1, 1, 1, 1, 1, 1, 1, 1, 1], 'B': [0, 0, 0, 0, 0, 0, 0, 0, 0, 0]}, '西门北侧': {'A': [1, 1, 1, 1, 1, 1, 1, 1, 1, 1], 'B': [1, 1, 1, 1, 1, 1, 1, 1, 1, 0], 'C': [1, 1, 1, 1, 1, 0, 1, 1, 1, 1]}, '西门南侧': {'A': [1, 1, 1, 1, 1, 1, 1, 1, 1, 1], 'B': [1, 1, 1, 1, 1, 1, 1, 1, 1, 1], 'C': [1, 1, 1, 1, 1, 0, 1, 1, 1, 1]}, '南门西侧': {'A': [1, 1, 1, 1, 1, 1, 1, 1, 1, 1], 'B': [1, 1, 1, 1, 1, 1, 1, 1, 1, 1]}, '南门东侧': {'A': [1, 1, 1, 1, 1, 1, 1, 1, 1, 1], 'B': [0, 1, 1, 1, 1, 1, 1, 1, 1, 0]}, '北门东北侧': {'A': [1, 1, 1, 1, 1, 1, 1, 1, 1, 1], 'B': [0, 1, 1, 1, 1, 1, 1, 1, 1, 0], 'C': [1, 1, 1, 1, 1, 1, 1, 1, 1, 1], 'D': [1, 1, 1, 0, 1, 1, 1, 1, 1, 0]}, '北门东南侧': {'A': [1, 1, 1, 1, 1, 1, 1, 1, 1, 1], 'B': [1, 1, 0, 1, 1, 0, 1, 1, 1, 1], 'C': [1, 0, 1, 1, 1, 0, 1, 1, 0, 1], 'D': [1, 1, 1, 0, 1, 1, 1, 1, 0, 1], 'E': [1, 1, 1, 1, 1, 1, 0, 1, 0, 1], 'F': [1, 1, 1, 1, 1, 0, 1, 1, 1, 1]}, '橘园北侧南': {'A': [1, 1, 0, 1, 1, 1, 1, 1, 1, 1], 'B': [1, 1, 1, 1, 1, 1, 1, 1, 1, 1], 'C': [1, 1, 1, 1, 1, 1, 0, 1, 0, 1], 'D': [1, 1, 1, 1, 1, 1, 1, 1, 1, 1], 'E': [0, 1, 1, 1, 1, 1, 0, 1, 1, 1], 'F': [0, 1, 0, 1, 0, 1, 1, 1, 1, 1], 'G': [1, 0, 1, 1, 1, 1, 1, 1, 1, 1], 'H': [1, 1, 1, 1, 1, 1, 1, 1, 1, 1], 'I': [0, 0, 1, 0, 1, 1, 1, 1, 1, 1], 'J': [1, 1, 0, 0, 1, 1, 1, 1, 1, 0]}, '校医院西': {'A': [1, 1, 1, 1, 1, 1, 1, 1, 1, 1], 'B': [0, 1, 1, 1, 1, 1, 1, 1, 1, 1], 'C': [1, 1, 1, 1, 1, 1, 1, 1, 1, 1], 'D': [1, 1, 1, 1, 1, 1, 1, 1, 1, 1], 'E': [1, 1, 1, 1, 1, 1, 1, 0, 1, 1], 'F': [1, 1, 1, 1, 1, 1, 1, 1, 1, 1], 'G': [0, 0, 1, 1, 0, 1, 1, 1, 1, 1], 'H': [1, 0, 1, 1, 1, 1, 1, 1, 1, 0], 'I': [1, 1, 0, 1, 0, 1, 0, 0, 0, 1]}}
623552	2024-07-13 09:57:22.897000+08:00	2024-07-13 09:57:22.897000+08:00	{'东门北侧': {'A': [1, 1, 1, 1, 1, 1, 1, 1, 1, 1], 'B': [1, 1, 1, 1, 1, 1, 1, 1, 1, 1], 'C': [1, 1, 1, 1, 1, 1, 1, 1, 1, 1], 'D': [1, 0, 1, 1, 1, 1, 1, 1, 1, 1], 'E': [1, 1, 0, 1, 1, 1, 1, 1, 1, 1], 'F': [1, 1, 1, 1, 1, 1, 1, 1, 1, 1], 'G': [1, 1, 1, 1, 1, 1, 1, 1, 1, 1], 'H': [1, 1, 1, 1, 1, 1, 1, 1, 1, 1], 'I': [1, 1, 1, 1, 1, 1, 1, 1, 1, 1], 'J': [1, 1, 0, 0, 1, 1, 1, 1, 1, 1], 'K': [0, 0, 1, 1, 1, 1, 1, 1, 1, 1]}, '东门南侧': {'A': [1, 1, 1, 1, 1, 1, 1, 1, 1, 1], 'B': [0, 0, 0, 0, 0, 0, 0, 0, 0, 0]}, '西门北侧': {'A': [1, 1, 1, 1, 1, 1, 1, 1, 1, 1], 'B': [1, 1, 1, 1, 1, 1, 1, 1, 1, 0], 'C': [1, 1, 1, 1, 1, 0, 1, 1, 1, 1]}, '西门南侧': {'A': [1, 1, 1, 1, 1, 1, 1, 1, 1, 1], 'B': [1, 1, 1, 1, 1, 1, 1, 1, 1, 1], 'C': [1, 1, 1, 1, 1, 0, 1, 1, 1, 1]}, '南门西侧': {'A': [1, 1, 1, 1, 1, 1, 1, 1, 1, 1], 'B': [1, 1, 1, 1, 1, 1, 1, 1, 1, 1]}, '南门东侧': {'A': [1, 1, 1, 1, 1, 1, 1, 1, 1, 1], 'B': [0, 1, 1, 1, 1, 1, 1, 1, 1, 0]}, '北门东北侧': {'A': [1, 1, 1, 1, 1, 1, 1, 1, 1, 1], 'B': [0, 1, 1, 1, 1, 1, 1, 1, 1, 0], 'C': [1, 1, 1, 1, 1, 1, 1, 1, 1, 1], 'D': [1, 1, 1, 0, 1, 1, 1, 1, 1, 0]}, '北门东南侧': {'A': [1, 1, 1, 1, 1, 1, 1, 1, 1, 1], 'B': [1, 1, 0, 1, 1, 0, 1, 1, 1, 1], 'C': [1, 0, 1, 1, 1, 0, 1, 1, 0, 1], 'D': [1, 1, 1, 0, 1, 1, 1, 1, 0, 1], 'E': [1, 1, 1, 1, 1, 1, 0, 1, 0, 1], 'F': [1, 1, 1, 1, 1, 0, 1, 1, 1, 1]}, '橘园北侧南': {'A': [1, 1, 0, 1, 1, 1, 1, 1, 1, 1], 'B': [1, 1, 1, 1, 1, 1, 1, 1, 1, 1], 'C': [1, 1, 1, 1, 1, 1, 0, 1, 0, 1], 'D': [1, 1, 1, 1, 1, 1, 1, 1, 1, 1], 'E': [0, 1, 1, 1, 1, 1, 0, 1, 1, 1], 'F': [0, 1, 0, 1, 0, 1, 1, 1, 1, 1], 'G': [1, 0, 1, 1, 1, 1, 1, 1, 1, 1], 'H': [1, 1, 1, 1, 1, 1, 1, 1, 1, 1], 'I': [0, 0, 1, 0, 1, 1, 1, 1, 1, 1], 'J': [1, 1, 0, 0, 1, 1, 1, 1, 1, 0]}, '校医院西': {'A': [1, 1, 1, 1, 1, 1, 1, 1, 1, 1], 'B': [0, 1, 1, 1, 1, 1, 1, 1, 1, 1], 'C': [1, 1, 1, 1, 1, 1, 1, 1, 1, 1], 'D': [1, 1, 1, 1, 1, 1, 1, 1, 1, 1], 'E': [1, 1, 1, 1, 1, 1, 1, 0, 1, 1], 'F': [1, 1, 1, 1, 1, 1, 1, 1, 1, 1], 'G': [0, 0, 1, 1, 0, 1, 1, 1, 1, 1], 'H': [1, 0, 1, 1, 1, 1, 1, 1, 1, 0], 'I': [1, 1, 0, 1, 0, 1, 0, 0, 0, 1]}}
623553	2024-07-13 09:58:22.896000+08:00	2024-07-13 09:58:22.896000+08:00	{'东门北侧': {'A': [1, 1, 1, 1, 1, 1, 1, 1, 1, 1], 'B': [1, 1, 1, 1, 1, 1, 1, 1, 1, 1], 'C': [1, 1, 1, 1, 1, 1, 1, 1, 1, 1], 'D': [1, 0, 1, 1, 1, 1, 1, 1, 1, 1], 'E': [1, 1, 0, 1, 1, 1, 1, 1, 1, 1], 'F': [1, 1, 1, 1, 1, 1, 1, 1, 1, 1], 'G': [1, 1, 1, 1, 1, 1, 1, 1, 1, 1], 'H': [1, 1, 1, 1, 1, 1, 1, 1, 1, 1], 'I': [1, 1, 1, 1, 1, 1, 1, 1, 1, 1], 'J': [1, 1, 0, 0, 1, 1, 1, 1, 1, 1], 'K': [0, 0, 1, 1, 1, 1, 1, 1, 1, 1]}, '东门南侧': {'A': [1, 1, 1, 1, 1, 1, 1, 1, 1, 1], 'B': [0, 0, 0, 0, 0, 0, 0, 0, 0, 0]}, '西门北侧': {'A': [1, 1, 1, 1, 1, 1, 1, 1, 1, 1], 'B': [1, 1, 1, 1, 1, 1, 1, 1, 1, 0], 'C': [1, 1, 1, 1, 1, 0, 1, 1, 1, 1]}, '西门南侧': {'A': [1, 1, 1, 1, 1, 1, 1, 1, 1, 1], 'B': [1, 1, 1, 1, 1, 1, 1, 1, 1, 1], 'C': [1, 1, 1, 1, 1, 0, 1, 1, 1, 1]}, '南门西侧': {'A': [1, 1, 1, 1, 1, 1, 1, 1, 1, 1], 'B': [1, 1, 1, 1, 1, 1, 1, 1, 1, 1]}, '南门东侧': {'A': [1, 1, 1, 1, 1, 1, 1, 1, 1, 1], 'B': [0, 1, 1, 1, 1, 1, 1, 1, 1, 0]}, '北门东北侧': {'A': [1, 1, 1, 1, 1, 1, 1, 1, 1, 1], 'B': [0, 1, 1, 1, 1, 1, 1, 1, 1, 0], 'C': [1, 1, 1, 1, 1, 1, 1, 1, 1, 1], 'D': [1, 1, 1, 0, 1, 1, 1, 1, 1, 0]}, '北门东南侧': {'A': [1, 1, 1, 1, 1, 1, 1, 1, 1, 1], 'B': [1, 1, 0, 1, 1, 0, 1, 1, 1, 1], 'C': [1, 0, 1, 1, 1, 0, 1, 1, 0, 1], 'D': [1, 1, 1, 0, 1, 1, 1, 1, 0, 1], 'E': [1, 1, 1, 1, 1, 1, 0, 1, 0, 1], 'F': [1, 1, 1, 1, 1, 0, 1, 1, 1, 1]}, '橘园北侧南': {'A': [1, 1, 0, 1, 1, 1, 1, 1, 1, 1], 'B': [1, 1, 1, 1, 1, 1, 1, 1, 1, 1], 'C': [1, 1, 1, 1, 1, 1, 0, 1, 0, 1], 'D': [1, 1, 1, 1, 1, 1, 1, 1, 1, 1], 'E': [0, 1, 1, 1, 1, 1, 0, 1, 1, 1], 'F': [0, 1, 0, 1, 0, 1, 1, 1, 1, 1], 'G': [1, 0, 1, 1, 1, 1, 1, 1, 1, 1], 'H': [1, 1, 1, 1, 1, 1, 1, 1, 1, 1], 'I': [0, 0, 1, 0, 1, 1, 1, 1, 1, 1], 'J': [1, 1, 0, 0, 1, 1, 1, 1, 1, 0]}, '校医院西': {'A': [1, 1, 1, 1, 1, 1, 1, 1, 1, 1], 'B': [0, 1, 1, 1, 1, 1, 1, 1, 1, 1], 'C': [1, 1, 1, 1, 1, 1, 1, 1, 1, 1], 'D': [1, 1, 1, 1, 1, 1, 1, 1, 1, 1], 'E': [1, 1, 1, 1, 1, 1, 1, 0, 1, 1], 'F': [1, 1, 1, 1, 1, 1, 1, 1, 1, 1], 'G': [0, 0, 1, 1, 0, 1, 1, 1, 1, 1], 'H': [1, 0, 1, 1, 1, 1, 1, 1, 1, 0], 'I': [1, 1, 0, 1, 0, 1, 0, 0, 0, 1]}}
623554	2024-07-13 09:59:23.892000+08:00	2024-07-13 09:59:23.892000+08:00	{'东门北侧': {'A': [1, 1, 1, 1, 1, 1, 1, 1, 1, 1], 'B': [1, 1, 1, 1, 1, 1, 1, 1, 1, 1], 'C': [1, 1, 1, 1, 1, 1, 1, 1, 1, 1], 'D': [1, 0, 1, 1, 1, 1, 1, 1, 1, 1], 'E': [1, 1, 0, 1, 1, 1, 1, 1, 1, 1], 'F': [1, 1, 1, 1, 1, 1, 1, 1, 1, 1], 'G': [1, 1, 1, 1, 1, 1, 1, 1, 1, 1], 'H': [1, 1, 1, 1, 1, 1, 1, 1, 1, 1], 'I': [1, 1, 1, 1, 1, 1, 1, 1, 1, 1], 'J': [1, 1, 0, 0, 1, 1, 1, 1, 1, 1], 'K': [0, 0, 1, 1, 1, 1, 1, 1, 1, 1]}, '东门南侧': {'A': [1, 1, 1, 1, 1, 1, 1, 1, 1, 1], 'B': [0, 0, 0, 0, 0, 0, 0, 0, 0, 0]}, '西门北侧': {'A': [1, 1, 1, 1, 1, 1, 1, 1, 1, 1], 'B': [1, 1, 1, 1, 1, 1, 1, 1, 1, 0], 'C': [1, 1, 1, 1, 1, 0, 1, 1, 1, 1]}, '西门南侧': {'A': [1, 1, 1, 1, 1, 1, 1, 1, 1, 1], 'B': [1, 1, 1, 1, 1, 1, 1, 1, 1, 1], 'C': [1, 1, 1, 1, 1, 0, 1, 1, 1, 1]}, '南门西侧': {'A': [1, 1, 1, 1, 1, 1, 1, 1, 1, 1], 'B': [1, 1, 1, 1, 1, 1, 1, 1, 1, 1]}, '南门东侧': {'A': [1, 1, 1, 1, 1, 1, 1, 1, 1, 1], 'B': [0, 1, 1, 1, 1, 1, 1, 1, 1, 0]}, '北门东北侧': {'A': [1, 1, 1, 1, 1, 1, 1, 1, 1, 1], 'B': [0, 1, 1, 1, 1, 1, 1, 1, 1, 0], 'C': [1, 1, 1, 1, 1, 1, 1, 1, 1, 1], 'D': [1, 1, 1, 0, 1, 1, 1, 1, 1, 0]}, '北门东南侧': {'A': [1, 1, 1, 1, 1, 1, 1, 1, 1, 1], 'B': [1, 1, 0, 1, 1, 0, 1, 1, 1, 1], 'C': [1, 0, 1, 1, 1, 0, 1, 1, 0, 1], 'D': [1, 1, 1, 0, 1, 1, 1, 1, 0, 1], 'E': [1, 1, 1, 1, 1, 1, 0, 1, 0, 1], 'F': [1, 1, 1, 1, 1, 0, 1, 1, 1, 1]}, '橘园北侧南': {'A': [1, 1, 0, 1, 1, 1, 1, 1, 1, 1], 'B': [1, 1, 1, 1, 1, 1, 1, 1, 1, 1], 'C': [1, 1, 1, 1, 1, 1, 0, 1, 0, 1], 'D': [1, 1, 1, 1, 1, 1, 1, 1, 1, 1], 'E': [0, 1, 1, 1, 1, 1, 0, 1, 1, 1], 'F': [0, 1, 0, 1, 0, 1, 1, 1, 1, 1], 'G': [1, 0, 1, 1, 1, 1, 1, 1, 1, 1], 'H': [1, 1, 1, 1, 1, 1, 1, 1, 1, 1], 'I': [0, 0, 1, 0, 1, 1, 1, 1, 1, 1], 'J': [1, 1, 0, 0, 1, 1, 1, 1, 1, 0]}, '校医院西': {'A': [1, 1, 1, 1, 1, 1, 1, 1, 1, 1], 'B': [0, 1, 1, 1, 1, 1, 1, 1, 1, 1], 'C': [1, 1, 1, 1, 1, 1, 1, 1, 1, 1], 'D': [1, 1, 1, 1, 1, 1, 1, 1, 1, 1], 'E': [1, 1, 1, 1, 1, 1, 1, 0, 1, 1], 'F': [1, 1, 1, 1, 1, 1, 1, 1, 1, 1], 'G': [0, 0, 1, 1, 0, 1, 1, 1, 1, 1], 'H': [1, 0, 1, 1, 1, 1, 1, 1, 1, 0], 'I': [1, 1, 0, 1, 0, 1, 0, 0, 0, 1]}}
623555	2024-07-13 10:00:21.490000+08:00	2024-07-13 10:00:21.490000+08:00	{'东门北侧': {'A': [1, 1, 1, 1, 1, 1, 1, 1, 1, 1], 'B': [1, 1, 1, 1, 1, 1, 1, 1, 1, 1], 'C': [1, 1, 1, 1, 1, 1, 1, 1, 1, 1], 'D': [1, 0, 1, 1, 1, 1, 1, 1, 1, 1], 'E': [1, 1, 0, 1, 1, 1, 1, 1, 1, 1], 'F': [1, 1, 1, 1, 1, 1, 1, 1, 1, 1], 'G': [1, 1, 1, 1, 1, 1, 1, 1, 1, 1], 'H': [1, 1, 1, 1, 1, 1, 1, 1, 1, 1], 'I': [1, 1, 1, 1, 1, 1, 1, 1, 1, 1], 'J': [1, 1, 0, 0, 1, 1, 1, 1, 1, 1], 'K': [0, 0, 1, 1, 1, 1, 1, 1, 1, 1]}, '东门南侧': {'A': [1, 1, 1, 1, 1, 1, 1, 1, 1, 1], 'B': [0, 0, 0, 0, 0, 0, 0, 0, 0, 0]}, '西门北侧': {'A': [1, 1, 1, 1, 1, 1, 1, 1, 1, 1], 'B': [1, 1, 1, 1, 1, 1, 1, 1, 1, 0], 'C': [1, 1, 1, 1, 1, 0, 1, 1, 1, 1]}, '西门南侧': {'A': [1, 1, 1, 1, 1, 1, 1, 1, 1, 1], 'B': [1, 1, 1, 1, 1, 1, 1, 1, 1, 1], 'C': [1, 1, 1, 1, 1, 0, 1, 1, 1, 1]}, '南门西侧': {'A': [1, 1, 1, 1, 1, 1, 1, 1, 1, 1], 'B': [1, 1, 1, 1, 1, 1, 1, 1, 1, 1]}, '南门东侧': {'A': [1, 1, 1, 1, 1, 1, 1, 1, 1, 1], 'B': [0, 1, 1, 1, 1, 1, 1, 1, 1, 0]}, '北门东北侧': {'A': [1, 1, 1, 1, 1, 1, 1, 1, 1, 1], 'B': [0, 1, 1, 1, 1, 1, 1, 1, 1, 0], 'C': [1, 1, 1, 1, 1, 1, 1, 1, 1, 1], 'D': [1, 1, 1, 0, 1, 1, 1, 1, 1, 0]}, '北门东南侧': {'A': [1, 1, 1, 1, 1, 1, 1, 1, 1, 1], 'B': [1, 1, 0, 1, 1, 0, 1, 1, 1, 1], 'C': [1, 0, 1, 1, 1, 0, 1, 1, 0, 1], 'D': [1, 1, 1, 0, 1, 1, 1, 1, 0, 1], 'E': [1, 1, 1, 1, 1, 1, 0, 1, 0, 1], 'F': [1, 1, 1, 1, 1, 0, 1, 1, 1, 1]}, '橘园北侧南': {'A': [1, 1, 0, 1, 1, 1, 1, 1, 1, 1], 'B': [1, 1, 1, 1, 1, 1, 1, 1, 1, 1], 'C': [1, 1, 1, 1, 1, 1, 0, 1, 0, 1], 'D': [1, 1, 1, 1, 1, 1, 1, 1, 1, 1], 'E': [0, 1, 1, 1, 1, 1, 0, 1, 1, 1], 'F': [0, 1, 0, 1, 0, 1, 1, 1, 1, 1], 'G': [1, 0, 1, 1, 1, 1, 1, 1, 1, 1], 'H': [1, 1, 1, 1, 1, 1, 1, 1, 1, 1], 'I': [0, 0, 1, 0, 1, 1, 1, 1, 1, 1], 'J': [1, 1, 0, 0, 1, 1, 1, 1, 1, 0]}, '校医院西': {'A': [1, 1, 1, 1, 1, 1, 1, 1, 1, 1], 'B': [0, 1, 1, 1, 1, 1, 1, 1, 1, 1], 'C': [1, 1, 1, 1, 1, 1, 1, 1, 1, 1], 'D': [1, 1, 1, 1, 1, 1, 1, 1, 1, 1], 'E': [1, 1, 1, 1, 1, 1, 1, 0, 1, 1], 'F': [1, 1, 1, 1, 1, 1, 1, 1, 1, 1], 'G': [0, 0, 1, 1, 0, 1, 1, 1, 1, 1], 'H': [1, 0, 1, 1, 1, 1, 1, 1, 1, 0], 'I': [1, 1, 0, 1, 0, 1, 0, 0, 0, 1]}}
623556	2024-07-13 10:01:22.909000+08:00	2024-07-13 10:01:22.909000+08:00	{'东门北侧': {'A': [1, 1, 1, 1, 1, 1, 1, 1, 1, 1], 'B': [1, 1, 1, 1, 1, 1, 1, 1, 1, 1], 'C': [1, 1, 1, 1, 1, 1, 1, 1, 1, 1], 'D': [1, 0, 1, 1, 1, 1, 1, 1, 1, 1], 'E': [1, 1, 0, 1, 1, 1, 1, 1, 1, 1], 'F': [1, 1, 1, 1, 1, 1, 1, 1, 1, 1], 'G': [1, 1, 1, 1, 1, 1, 1, 1, 1, 1], 'H': [1, 1, 1, 1, 1, 1, 1, 1, 1, 1], 'I': [1, 1, 1, 1, 1, 1, 1, 1, 1, 1], 'J': [1, 1, 0, 0, 1, 1, 1, 1, 1, 1], 'K': [0, 0, 1, 1, 1, 1, 1, 1, 1, 1]}, '东门南侧': {'A': [1, 1, 1, 1, 1, 1, 1, 1, 1, 1], 'B': [0, 0, 0, 0, 0, 0, 0, 0, 0, 0]}, '西门北侧': {'A': [1, 1, 1, 1, 1, 1, 1, 1, 1, 1], 'B': [1, 1, 1, 1, 1, 1, 1, 1, 1, 0], 'C': [1, 1, 1, 1, 1, 0, 1, 1, 1, 1]}, '西门南侧': {'A': [1, 1, 1, 1, 1, 1, 1, 1, 1, 1], 'B': [1, 1, 1, 1, 1, 1, 1, 1, 1, 1], 'C': [1, 1, 1, 1, 1, 0, 1, 1, 1, 1]}, '南门西侧': {'A': [1, 1, 1, 1, 1, 1, 1, 1, 1, 1], 'B': [1, 1, 1, 1, 1, 1, 1, 1, 1, 1]}, '南门东侧': {'A': [1, 1, 1, 1, 1, 1, 1, 1, 1, 1], 'B': [0, 1, 1, 1, 1, 1, 1, 1, 1, 0]}, '北门东北侧': {'A': [1, 1, 1, 1, 1, 1, 1, 1, 1, 1], 'B': [0, 1, 1, 1, 1, 1, 1, 1, 1, 0], 'C': [1, 1, 1, 1, 1, 1, 1, 1, 1, 1], 'D': [1, 1, 1, 0, 1, 1, 1, 1, 1, 0]}, '北门东南侧': {'A': [1, 1, 1, 1, 1, 1, 1, 1, 1, 1], 'B': [1, 1, 0, 1, 1, 0, 1, 1, 1, 1], 'C': [1, 0, 1, 1, 1, 0, 1, 1, 0, 1], 'D': [1, 1, 1, 0, 1, 1, 1, 1, 0, 1], 'E': [1, 1, 1, 1, 1, 1, 0, 1, 0, 1], 'F': [1, 1, 1, 1, 1, 0, 1, 1, 1, 1]}, '橘园北侧南': {'A': [1, 1, 0, 1, 1, 1, 1, 1, 1, 1], 'B': [1, 1, 1, 1, 1, 1, 1, 1, 1, 1], 'C': [1, 1, 1, 1, 1, 1, 0, 1, 0, 1], 'D': [1, 1, 1, 1, 1, 1, 1, 1, 1, 1], 'E': [0, 1, 1, 1, 1, 1, 0, 1, 1, 1], 'F': [0, 1, 0, 1, 0, 1, 1, 1, 1, 1], 'G': [1, 0, 1, 1, 1, 1, 1, 1, 1, 1], 'H': [1, 1, 1, 1, 1, 1, 1, 1, 1, 1], 'I': [0, 0, 1, 0, 1, 1, 1, 1, 1, 1], 'J': [1, 1, 0, 0, 1, 1, 1, 1, 1, 0]}, '校医院西': {'A': [1, 1, 1, 1, 1, 1, 1, 1, 1, 1], 'B': [0, 1, 1, 1, 1, 1, 1, 1, 1, 1], 'C': [1, 1, 1, 1, 1, 1, 1, 1, 1, 1], 'D': [1, 1, 1, 1, 1, 1, 1, 1, 1, 1], 'E': [1, 1, 1, 1, 1, 1, 1, 0, 1, 1], 'F': [1, 1, 1, 1, 1, 1, 1, 1, 1, 1], 'G': [0, 0, 1, 1, 0, 1, 1, 1, 1, 1], 'H': [1, 0, 1, 1, 1, 1, 1, 1, 1, 0], 'I': [1, 1, 0, 1, 0, 1, 0, 0, 0, 1]}}
623557	2024-07-13 10:02:23.918000+08:00	2024-07-13 10:02:23.918000+08:00	{'东门北侧': {'A': [1, 1, 1, 1, 1, 1, 1, 1, 1, 1], 'B': [1, 1, 1, 1, 1, 1, 1, 1, 1, 1], 'C': [1, 1, 1, 1, 1, 1, 1, 1, 1, 1], 'D': [1, 0, 1, 1, 1, 1, 1, 1, 1, 1], 'E': [1, 1, 0, 1, 1, 1, 1, 1, 1, 1], 'F': [1, 1, 1, 1, 1, 1, 1, 1, 1, 1], 'G': [1, 1, 1, 1, 1, 1, 1, 1, 1, 1], 'H': [1, 1, 1, 1, 1, 1, 1, 1, 1, 1], 'I': [1, 1, 1, 1, 1, 1, 1, 1, 1, 1], 'J': [1, 1, 0, 0, 1, 1, 1, 1, 1, 1], 'K': [0, 0, 1, 1, 1, 1, 1, 1, 1, 1]}, '东门南侧': {'A': [1, 1, 1, 1, 1, 1, 1, 1, 1, 1], 'B': [0, 0, 0, 0, 0, 0, 0, 0, 0, 0]}, '西门北侧': {'A': [1, 1, 1, 1, 1, 1, 1, 1, 1, 1], 'B': [1, 1, 1, 1, 1, 1, 1, 1, 1, 0], 'C': [1, 1, 1, 1, 1, 0, 1, 1, 1, 1]}, '西门南侧': {'A': [1, 1, 1, 1, 1, 1, 1, 1, 1, 1], 'B': [1, 1, 1, 1, 1, 1, 1, 1, 1, 1], 'C': [1, 1, 1, 1, 1, 0, 1, 1, 1, 1]}, '南门西侧': {'A': [1, 1, 1, 1, 1, 1, 1, 1, 1, 1], 'B': [1, 1, 1, 1, 1, 1, 1, 1, 1, 1]}, '南门东侧': {'A': [1, 1, 1, 1, 1, 1, 1, 1, 1, 1], 'B': [0, 1, 1, 1, 1, 1, 1, 1, 1, 0]}, '北门东北侧': {'A': [1, 1, 1, 1, 1, 1, 1, 1, 1, 1], 'B': [0, 1, 1, 1, 1, 1, 1, 1, 1, 0], 'C': [1, 1, 1, 1, 1, 1, 1, 1, 1, 1], 'D': [1, 1, 1, 0, 1, 1, 1, 1, 1, 0]}, '北门东南侧': {'A': [1, 1, 1, 1, 1, 1, 1, 1, 1, 1], 'B': [1, 1, 0, 1, 1, 0, 1, 1, 1, 1], 'C': [1, 0, 1, 1, 1, 0, 1, 1, 0, 1], 'D': [1, 1, 1, 0, 1, 1, 1, 1, 0, 1], 'E': [1, 1, 1, 1, 1, 1, 0, 1, 0, 1], 'F': [1, 1, 1, 1, 1, 0, 1, 1, 1, 1]}, '橘园北侧南': {'A': [1, 1, 0, 1, 1, 1, 1, 1, 1, 1], 'B': [1, 1, 1, 1, 1, 1, 1, 1, 1, 1], 'C': [1, 1, 1, 1, 1, 1, 0, 1, 0, 1], 'D': [1, 1, 1, 1, 1, 1, 1, 1, 1, 1], 'E': [0, 1, 1, 1, 1, 1, 0, 1, 1, 1], 'F': [0, 1, 0, 1, 0, 1, 1, 1, 1, 1], 'G': [1, 0, 1, 1, 1, 1, 1, 1, 1, 1], 'H': [1, 1, 1, 1, 1, 1, 1, 1, 1, 1], 'I': [0, 0, 1, 0, 1, 1, 1, 1, 1, 1], 'J': [1, 1, 0, 0, 1, 1, 1, 1, 1, 0]}, '校医院西': {'A': [1, 1, 1, 1, 1, 1, 1, 1, 1, 1], 'B': [0, 1, 1, 1, 1, 1, 1, 1, 1, 1], 'C': [1, 1, 1, 1, 1, 1, 1, 1, 1, 1], 'D': [1, 1, 1, 1, 1, 1, 1, 1, 1, 1], 'E': [1, 1, 1, 1, 1, 1, 1, 0, 1, 1], 'F': [1, 1, 1, 1, 1, 1, 1, 1, 1, 1], 'G': [0, 0, 1, 1, 0, 1, 1, 1, 1, 1], 'H': [1, 0, 1, 1, 1, 1, 1, 1, 1, 0], 'I': [1, 1, 0, 1, 0, 1, 0, 0, 0, 1]}}
623558	2024-07-13 10:03:22.472000+08:00	2024-07-13 10:03:22.472000+08:00	{'东门北侧': {'A': [1, 1, 1, 1, 1, 1, 1, 1, 1, 1], 'B': [1, 1, 1, 1, 1, 1, 1, 1, 1, 1], 'C': [1, 1, 1, 1, 1, 1, 1, 1, 1, 1], 'D': [1, 0, 1, 1, 1, 1, 1, 1, 1, 1], 'E': [1, 1, 0, 1, 1, 1, 1, 1, 1, 1], 'F': [1, 1, 1, 1, 1, 1, 1, 1, 1, 1], 'G': [1, 1, 1, 1, 1, 1, 1, 1, 1, 1], 'H': [1, 1, 1, 1, 1, 1, 1, 1, 1, 1], 'I': [1, 1, 1, 1, 1, 1, 1, 1, 1, 1], 'J': [1, 1, 0, 0, 1, 1, 1, 1, 1, 1], 'K': [0, 0, 1, 1, 1, 1, 1, 1, 1, 1]}, '东门南侧': {'A': [1, 1, 1, 1, 1, 1, 1, 1, 1, 1], 'B': [0, 0, 0, 0, 0, 0, 0, 0, 0, 0]}, '西门北侧': {'A': [1, 1, 1, 1, 1, 1, 1, 1, 1, 1], 'B': [1, 1, 1, 1, 1, 1, 1, 1, 1, 0], 'C': [1, 1, 1, 1, 1, 0, 1, 1, 1, 1]}, '西门南侧': {'A': [1, 1, 1, 1, 1, 1, 1, 1, 1, 1], 'B': [1, 1, 1, 1, 1, 1, 1, 1, 1, 1], 'C': [1, 1, 1, 1, 1, 0, 1, 1, 1, 1]}, '南门西侧': {'A': [1, 1, 1, 1, 1, 1, 1, 1, 1, 1], 'B': [1, 1, 1, 1, 1, 1, 1, 1, 1, 1]}, '南门东侧': {'A': [1, 1, 1, 1, 1, 1, 1, 1, 1, 1], 'B': [0, 1, 1, 1, 1, 1, 1, 1, 1, 0]}, '北门东北侧': {'A': [1, 1, 1, 1, 1, 1, 1, 1, 1, 1], 'B': [0, 1, 1, 1, 1, 1, 1, 1, 1, 0], 'C': [1, 1, 1, 1, 1, 1, 1, 1, 1, 1], 'D': [1, 1, 1, 0, 1, 1, 1, 1, 1, 0]}, '北门东南侧': {'A': [1, 1, 1, 1, 1, 1, 1, 1, 1, 1], 'B': [1, 1, 0, 1, 1, 0, 1, 1, 1, 1], 'C': [1, 0, 1, 1, 1, 0, 1, 1, 0, 1], 'D': [1, 1, 1, 0, 1, 1, 1, 1, 0, 1], 'E': [1, 1, 1, 1, 1, 1, 0, 1, 0, 1], 'F': [1, 1, 1, 1, 1, 0, 1, 1, 1, 1]}, '橘园北侧南': {'A': [1, 1, 0, 1, 1, 1, 1, 1, 1, 1], 'B': [1, 1, 1, 1, 1, 1, 1, 1, 1, 1], 'C': [1, 1, 1, 1, 1, 1, 0, 1, 0, 1], 'D': [1, 1, 1, 1, 1, 1, 1, 1, 1, 1], 'E': [0, 1, 1, 1, 1, 1, 0, 1, 1, 1], 'F': [0, 1, 0, 1, 0, 1, 1, 1, 1, 1], 'G': [1, 0, 1, 1, 1, 1, 1, 1, 1, 1], 'H': [1, 1, 1, 1, 1, 1, 1, 1, 1, 1], 'I': [0, 0, 1, 0, 1, 1, 1, 1, 1, 1], 'J': [1, 1, 0, 0, 1, 1, 1, 1, 1, 0]}, '校医院西': {'A': [1, 1, 1, 1, 1, 1, 1, 1, 1, 1], 'B': [0, 1, 1, 1, 1, 1, 1, 1, 1, 1], 'C': [1, 1, 1, 1, 1, 1, 1, 1, 1, 1], 'D': [1, 1, 1, 1, 1, 1, 1, 1, 1, 1], 'E': [1, 1, 1, 1, 1, 1, 1, 0, 1, 1], 'F': [1, 1, 1, 1, 1, 1, 1, 1, 1, 1], 'G': [0, 0, 1, 1, 0, 1, 1, 1, 1, 1], 'H': [1, 0, 1, 1, 1, 1, 1, 1, 1, 0], 'I': [1, 1, 0, 1, 0, 1, 0, 0, 0, 1]}}
623559	2024-07-13 10:04:22.933000+08:00	2024-07-13 10:04:22.933000+08:00	{'东门北侧': {'A': [1, 1, 1, 1, 1, 1, 1, 1, 1, 1], 'B': [1, 1, 1, 1, 1, 1, 1, 1, 1, 1], 'C': [1, 1, 1, 1, 1, 1, 1, 1, 1, 1], 'D': [1, 0, 1, 1, 1, 1, 1, 1, 1, 1], 'E': [1, 1, 0, 1, 1, 1, 1, 1, 1, 1], 'F': [1, 1, 1, 1, 1, 1, 1, 1, 1, 1], 'G': [1, 1, 1, 1, 1, 1, 1, 1, 1, 1], 'H': [1, 1, 1, 1, 1, 1, 1, 1, 1, 1], 'I': [1, 1, 1, 1, 1, 1, 1, 1, 1, 1], 'J': [1, 1, 0, 0, 1, 1, 1, 1, 1, 1], 'K': [0, 0, 1, 1, 1, 1, 1, 1, 1, 1]}, '东门南侧': {'A': [1, 1, 1, 1, 1, 1, 1, 1, 1, 1], 'B': [0, 0, 0, 0, 0, 0, 0, 0, 0, 0]}, '西门北侧': {'A': [1, 1, 1, 1, 1, 1, 1, 1, 1, 1], 'B': [1, 1, 1, 1, 1, 1, 1, 1, 1, 0], 'C': [1, 1, 1, 1, 1, 0, 1, 1, 1, 1]}, '西门南侧': {'A': [1, 1, 1, 1, 1, 1, 1, 1, 1, 1], 'B': [1, 1, 1, 1, 1, 1, 1, 1, 1, 1], 'C': [1, 1, 1, 1, 1, 0, 1, 1, 1, 1]}, '南门西侧': {'A': [1, 1, 1, 1, 1, 1, 1, 1, 1, 1], 'B': [1, 1, 1, 1, 1, 1, 1, 1, 1, 1]}, '南门东侧': {'A': [1, 1, 1, 1, 1, 1, 1, 1, 1, 1], 'B': [0, 1, 1, 1, 1, 1, 1, 1, 1, 0]}, '北门东北侧': {'A': [1, 1, 1, 1, 1, 1, 1, 1, 1, 1], 'B': [0, 1, 1, 1, 1, 1, 1, 1, 1, 0], 'C': [1, 1, 1, 1, 1, 1, 1, 1, 1, 1], 'D': [1, 1, 1, 0, 1, 1, 1, 1, 1, 0]}, '北门东南侧': {'A': [1, 1, 1, 1, 1, 1, 1, 1, 1, 1], 'B': [1, 1, 0, 1, 1, 0, 1, 1, 1, 1], 'C': [1, 0, 1, 1, 1, 0, 1, 1, 0, 1], 'D': [1, 1, 1, 0, 1, 1, 1, 1, 0, 1], 'E': [1, 1, 1, 1, 1, 1, 0, 1, 0, 1], 'F': [1, 1, 1, 1, 1, 0, 1, 1, 1, 1]}, '橘园北侧南': {'A': [1, 1, 0, 1, 1, 1, 1, 1, 1, 1], 'B': [1, 1, 1, 1, 1, 1, 1, 1, 1, 1], 'C': [1, 1, 1, 1, 1, 1, 0, 1, 0, 1], 'D': [1, 1, 1, 1, 1, 1, 1, 1, 1, 1], 'E': [0, 1, 1, 1, 1, 1, 0, 1, 1, 1], 'F': [0, 1, 0, 1, 0, 1, 1, 1, 1, 1], 'G': [1, 0, 1, 1, 1, 1, 1, 1, 1, 1], 'H': [1, 1, 1, 1, 1, 1, 1, 1, 1, 1], 'I': [0, 0, 1, 0, 1, 1, 1, 1, 1, 1], 'J': [1, 1, 0, 0, 1, 1, 1, 1, 1, 0]}, '校医院西': {'A': [1, 1, 1, 1, 1, 1, 1, 1, 1, 1], 'B': [0, 1, 1, 1, 1, 1, 1, 1, 1, 1], 'C': [1, 1, 1, 1, 1, 1, 1, 1, 1, 1], 'D': [1, 1, 1, 1, 1, 1, 1, 1, 1, 1], 'E': [1, 1, 1, 1, 1, 1, 1, 0, 1, 1], 'F': [1, 1, 1, 1, 1, 1, 1, 1, 1, 1], 'G': [0, 0, 1, 1, 0, 1, 1, 1, 1, 1], 'H': [1, 0, 1, 1, 1, 1, 1, 1, 1, 0], 'I': [1, 1, 0, 1, 0, 1, 0, 0, 0, 1]}}
623560	2024-07-13 10:05:22.084000+08:00	2024-07-13 10:05:22.084000+08:00	{'东门北侧': {'A': [1, 1, 1, 1, 1, 1, 1, 1, 1, 1], 'B': [1, 1, 1, 1, 1, 1, 1, 1, 1, 1], 'C': [1, 1, 1, 1, 1, 1, 1, 1, 1, 1], 'D': [1, 0, 1, 1, 1, 1, 1, 1, 1, 1], 'E': [1, 1, 0, 1, 1, 1, 1, 1, 1, 1], 'F': [1, 1, 1, 1, 1, 1, 1, 1, 1, 1], 'G': [1, 1, 1, 1, 1, 1, 1, 1, 1, 1], 'H': [1, 1, 1, 1, 1, 1, 1, 1, 1, 1], 'I': [1, 1, 1, 1, 1, 1, 1, 1, 1, 1], 'J': [1, 1, 0, 0, 1, 1, 1, 1, 1, 1], 'K': [0, 0, 1, 1, 1, 1, 1, 1, 1, 1]}, '东门南侧': {'A': [1, 1, 1, 1, 1, 1, 1, 1, 1, 1], 'B': [0, 0, 0, 0, 0, 0, 0, 0, 0, 0]}, '西门北侧': {'A': [1, 1, 1, 1, 1, 1, 1, 1, 1, 1], 'B': [1, 1, 1, 1, 1, 1, 1, 1, 1, 0], 'C': [1, 1, 1, 1, 1, 0, 1, 1, 1, 1]}, '西门南侧': {'A': [1, 1, 1, 1, 1, 1, 1, 1, 1, 1], 'B': [1, 1, 1, 1, 1, 1, 1, 1, 1, 1], 'C': [1, 1, 1, 1, 1, 0, 1, 1, 1, 1]}, '南门西侧': {'A': [1, 1, 1, 1, 1, 1, 1, 1, 1, 1], 'B': [1, 1, 1, 1, 1, 1, 1, 1, 1, 1]}, '南门东侧': {'A': [1, 1, 1, 1, 1, 1, 1, 1, 1, 1], 'B': [0, 1, 1, 1, 1, 1, 1, 1, 1, 0]}, '北门东北侧': {'A': [1, 1, 1, 1, 1, 1, 1, 1, 1, 1], 'B': [0, 1, 1, 1, 1, 1, 1, 1, 1, 0], 'C': [1, 1, 1, 1, 1, 1, 1, 1, 1, 1], 'D': [1, 1, 1, 0, 1, 1, 1, 1, 1, 0]}, '北门东南侧': {'A': [1, 1, 1, 1, 1, 1, 1, 1, 1, 1], 'B': [1, 1, 0, 1, 1, 0, 1, 1, 1, 1], 'C': [1, 0, 1, 1, 1, 0, 1, 1, 0, 1], 'D': [1, 1, 1, 0, 1, 1, 1, 1, 0, 1], 'E': [1, 1, 1, 1, 1, 1, 0, 1, 0, 1], 'F': [1, 1, 1, 1, 1, 0, 1, 1, 1, 1]}, '橘园北侧南': {'A': [1, 1, 0, 1, 1, 1, 1, 1, 1, 1], 'B': [1, 1, 1, 1, 1, 1, 1, 1, 1, 1], 'C': [1, 1, 1, 1, 1, 1, 0, 1, 0, 1], 'D': [1, 1, 1, 1, 1, 1, 1, 1, 1, 1], 'E': [0, 1, 1, 1, 1, 1, 0, 1, 1, 1], 'F': [0, 1, 0, 1, 0, 1, 1, 1, 1, 1], 'G': [1, 0, 1, 1, 1, 1, 1, 1, 1, 1], 'H': [1, 1, 1, 1, 1, 1, 1, 1, 1, 1], 'I': [0, 0, 1, 0, 1, 1, 1, 1, 1, 1], 'J': [1, 1, 0, 0, 1, 1, 1, 1, 1, 0]}, '校医院西': {'A': [1, 1, 1, 1, 1, 1, 1, 1, 1, 1], 'B': [0, 1, 1, 1, 1, 1, 1, 1, 1, 1], 'C': [1, 1, 1, 1, 1, 1, 1, 1, 1, 1], 'D': [1, 1, 1, 1, 1, 1, 1, 1, 1, 1], 'E': [1, 1, 1, 1, 1, 1, 1, 0, 1, 1], 'F': [1, 1, 1, 1, 1, 1, 1, 1, 1, 1], 'G': [0, 0, 1, 1, 0, 1, 1, 1, 1, 1], 'H': [1, 0, 1, 1, 1, 1, 1, 1, 1, 0], 'I': [1, 1, 0, 1, 0, 1, 0, 0, 0, 1]}}
623561	2024-07-13 10:06:23.880000+08:00	2024-07-13 10:06:23.880000+08:00	{'东门北侧': {'A': [1, 1, 1, 1, 1, 1, 1, 1, 1, 1], 'B': [1, 1, 1, 1, 1, 1, 1, 1, 1, 1], 'C': [1, 1, 1, 1, 1, 1, 1, 1, 1, 1], 'D': [1, 0, 1, 1, 1, 1, 1, 1, 1, 1], 'E': [1, 1, 0, 1, 1, 1, 1, 1, 1, 1], 'F': [1, 1, 1, 1, 1, 1, 1, 1, 1, 1], 'G': [1, 1, 1, 1, 1, 1, 1, 1, 1, 1], 'H': [1, 1, 1, 1, 1, 1, 1, 1, 1, 1], 'I': [1, 1, 1, 1, 1, 1, 1, 1, 1, 1], 'J': [1, 1, 0, 0, 1, 1, 1, 1, 1, 1], 'K': [0, 0, 1, 1, 1, 1, 1, 1, 1, 1]}, '东门南侧': {'A': [1, 1, 1, 1, 1, 1, 1, 1, 1, 1], 'B': [0, 0, 0, 0, 0, 0, 0, 0, 0, 0]}, '西门北侧': {'A': [1, 1, 1, 1, 1, 1, 1, 1, 1, 1], 'B': [1, 1, 1, 1, 1, 1, 1, 1, 1, 0], 'C': [1, 1, 1, 1, 1, 0, 1, 1, 1, 1]}, '西门南侧': {'A': [1, 1, 1, 1, 1, 1, 1, 1, 1, 1], 'B': [1, 1, 1, 1, 1, 1, 1, 1, 1, 1], 'C': [1, 1, 1, 1, 1, 0, 1, 1, 1, 1]}, '南门西侧': {'A': [1, 1, 1, 1, 1, 1, 1, 1, 1, 1], 'B': [1, 1, 1, 1, 1, 1, 1, 1, 1, 1]}, '南门东侧': {'A': [1, 1, 1, 1, 1, 1, 1, 1, 1, 1], 'B': [0, 1, 1, 1, 1, 1, 1, 1, 1, 0]}, '北门东北侧': {'A': [1, 1, 1, 1, 1, 1, 1, 1, 1, 1], 'B': [0, 1, 1, 1, 1, 1, 1, 1, 1, 0], 'C': [1, 1, 1, 1, 1, 1, 1, 1, 1, 1], 'D': [1, 1, 1, 0, 1, 1, 1, 1, 1, 0]}, '北门东南侧': {'A': [1, 1, 1, 1, 1, 1, 1, 1, 1, 1], 'B': [1, 1, 0, 1, 1, 0, 1, 1, 1, 1], 'C': [1, 0, 1, 1, 1, 0, 1, 1, 0, 1], 'D': [1, 1, 1, 0, 1, 1, 1, 1, 0, 1], 'E': [1, 1, 1, 1, 1, 1, 0, 1, 0, 1], 'F': [1, 1, 1, 1, 1, 0, 1, 1, 1, 1]}, '橘园北侧南': {'A': [1, 1, 0, 1, 1, 1, 1, 1, 1, 1], 'B': [1, 1, 1, 1, 1, 1, 1, 1, 1, 1], 'C': [1, 1, 1, 1, 1, 1, 0, 1, 0, 1], 'D': [1, 1, 1, 1, 1, 1, 1, 1, 1, 1], 'E': [0, 1, 1, 1, 1, 1, 0, 1, 1, 1], 'F': [0, 1, 0, 1, 0, 1, 1, 1, 1, 1], 'G': [1, 0, 1, 1, 1, 1, 1, 1, 1, 1], 'H': [1, 1, 1, 1, 1, 1, 1, 1, 1, 1], 'I': [0, 0, 1, 0, 1, 1, 1, 1, 1, 1], 'J': [1, 1, 0, 0, 1, 1, 1, 1, 1, 0]}, '校医院西': {'A': [1, 1, 1, 1, 1, 1, 1, 1, 1, 1], 'B': [0, 1, 1, 1, 1, 1, 1, 1, 1, 1], 'C': [1, 1, 1, 1, 1, 1, 1, 1, 1, 1], 'D': [1, 1, 1, 1, 1, 1, 1, 1, 1, 1], 'E': [1, 1, 1, 1, 1, 1, 1, 0, 1, 1], 'F': [1, 1, 1, 1, 1, 1, 1, 1, 1, 1], 'G': [0, 0, 1, 1, 0, 1, 1, 1, 1, 1], 'H': [1, 0, 1, 1, 1, 1, 1, 1, 1, 0], 'I': [1, 1, 0, 1, 0, 1, 0, 0, 0, 1]}}
623562	2024-07-13 10:07:21.851000+08:00	2024-07-13 10:07:21.851000+08:00	{'东门北侧': {'A': [1, 1, 1, 1, 1, 1, 1, 1, 1, 1], 'B': [1, 1, 1, 1, 1, 1, 1, 1, 1, 1], 'C': [1, 1, 1, 1, 1, 1, 1, 1, 1, 1], 'D': [1, 0, 1, 1, 1, 1, 1, 1, 1, 1], 'E': [1, 1, 0, 1, 1, 1, 1, 1, 1, 1], 'F': [1, 1, 1, 1, 1, 1, 1, 1, 1, 1], 'G': [1, 1, 1, 1, 1, 1, 1, 1, 1, 1], 'H': [1, 1, 1, 1, 1, 1, 1, 1, 1, 1], 'I': [1, 1, 1, 1, 1, 1, 1, 1, 1, 1], 'J': [1, 1, 0, 0, 1, 1, 1, 1, 1, 1], 'K': [0, 0, 1, 1, 1, 1, 1, 1, 1, 1]}, '东门南侧': {'A': [1, 1, 1, 1, 1, 1, 1, 1, 1, 1], 'B': [0, 0, 0, 0, 0, 0, 0, 0, 0, 0]}, '西门北侧': {'A': [1, 1, 1, 1, 1, 1, 1, 1, 1, 1], 'B': [1, 1, 1, 1, 1, 1, 1, 1, 1, 0], 'C': [1, 1, 1, 1, 1, 0, 1, 1, 1, 1]}, '西门南侧': {'A': [1, 1, 1, 1, 1, 1, 1, 1, 1, 1], 'B': [1, 1, 1, 1, 1, 1, 1, 1, 1, 1], 'C': [1, 1, 1, 1, 1, 0, 1, 1, 1, 1]}, '南门西侧': {'A': [1, 1, 1, 1, 1, 1, 1, 1, 1, 1], 'B': [1, 1, 1, 1, 1, 1, 1, 1, 1, 1]}, '南门东侧': {'A': [1, 1, 1, 1, 1, 1, 1, 1, 1, 1], 'B': [0, 1, 1, 1, 1, 1, 1, 1, 1, 0]}, '北门东北侧': {'A': [1, 1, 1, 1, 1, 1, 1, 1, 1, 1], 'B': [0, 1, 1, 1, 1, 1, 1, 1, 1, 0], 'C': [1, 1, 1, 1, 1, 1, 1, 1, 1, 1], 'D': [1, 1, 1, 0, 1, 1, 1, 1, 1, 0]}, '北门东南侧': {'A': [1, 1, 1, 1, 1, 1, 1, 1, 1, 1], 'B': [1, 1, 0, 1, 1, 0, 1, 1, 1, 1], 'C': [1, 0, 1, 1, 1, 0, 1, 1, 0, 1], 'D': [1, 1, 1, 0, 1, 1, 1, 1, 0, 1], 'E': [1, 1, 1, 1, 1, 1, 0, 1, 0, 1], 'F': [1, 1, 1, 1, 1, 0, 1, 1, 1, 1]}, '橘园北侧南': {'A': [1, 1, 0, 1, 1, 1, 1, 1, 1, 1], 'B': [1, 1, 1, 1, 1, 1, 1, 1, 1, 1], 'C': [1, 1, 1, 1, 1, 1, 0, 1, 0, 1], 'D': [1, 1, 1, 1, 1, 1, 1, 1, 1, 1], 'E': [0, 1, 1, 1, 1, 1, 0, 1, 1, 1], 'F': [0, 1, 0, 1, 0, 1, 1, 1, 1, 1], 'G': [1, 0, 1, 1, 1, 1, 1, 1, 1, 1], 'H': [1, 1, 1, 1, 1, 1, 1, 1, 1, 1], 'I': [0, 0, 1, 0, 1, 1, 1, 1, 1, 1], 'J': [1, 1, 0, 0, 1, 1, 1, 1, 1, 0]}, '校医院西': {'A': [1, 1, 1, 1, 1, 1, 1, 1, 1, 1], 'B': [0, 1, 1, 1, 1, 1, 1, 1, 1, 1], 'C': [1, 1, 1, 1, 1, 1, 1, 1, 1, 1], 'D': [1, 1, 1, 1, 1, 1, 1, 1, 1, 1], 'E': [1, 1, 1, 1, 1, 1, 1, 0, 1, 1], 'F': [1, 1, 1, 1, 1, 1, 1, 1, 1, 1], 'G': [0, 0, 1, 1, 0, 1, 1, 1, 1, 1], 'H': [1, 0, 1, 1, 1, 1, 1, 1, 1, 0], 'I': [1, 1, 0, 1, 0, 1, 0, 0, 0, 1]}}
623563	2024-07-13 10:08:23.085000+08:00	2024-07-13 10:08:23.085000+08:00	{'东门北侧': {'A': [1, 1, 1, 1, 1, 1, 1, 1, 1, 1], 'B': [1, 1, 1, 1, 1, 1, 1, 1, 1, 1], 'C': [1, 1, 1, 1, 1, 1, 1, 1, 1, 1], 'D': [1, 0, 1, 1, 1, 1, 1, 1, 1, 1], 'E': [1, 1, 0, 1, 1, 1, 1, 1, 1, 1], 'F': [1, 1, 1, 1, 1, 1, 1, 1, 1, 1], 'G': [1, 1, 1, 1, 1, 1, 1, 1, 1, 1], 'H': [1, 1, 1, 1, 1, 1, 1, 1, 1, 1], 'I': [1, 1, 1, 1, 1, 1, 1, 1, 1, 1], 'J': [1, 1, 0, 0, 1, 1, 1, 1, 1, 1], 'K': [0, 0, 1, 1, 1, 1, 1, 1, 1, 1]}, '东门南侧': {'A': [1, 1, 1, 1, 1, 1, 1, 1, 1, 1], 'B': [0, 0, 0, 0, 0, 0, 0, 0, 0, 0]}, '西门北侧': {'A': [1, 1, 1, 1, 1, 1, 1, 1, 1, 1], 'B': [1, 1, 1, 1, 1, 1, 1, 1, 1, 0], 'C': [1, 1, 1, 1, 1, 0, 1, 1, 1, 1]}, '西门南侧': {'A': [1, 1, 1, 1, 1, 1, 1, 1, 1, 1], 'B': [1, 1, 1, 1, 1, 1, 1, 1, 1, 1], 'C': [1, 1, 1, 1, 1, 0, 1, 1, 1, 1]}, '南门西侧': {'A': [1, 1, 1, 1, 1, 1, 1, 1, 1, 1], 'B': [1, 1, 1, 1, 1, 1, 1, 1, 1, 1]}, '南门东侧': {'A': [1, 1, 1, 1, 1, 1, 1, 1, 1, 1], 'B': [0, 1, 1, 1, 1, 1, 1, 1, 1, 0]}, '北门东北侧': {'A': [1, 1, 1, 1, 1, 1, 1, 1, 1, 1], 'B': [0, 1, 1, 1, 1, 1, 1, 1, 1, 0], 'C': [1, 1, 1, 1, 1, 1, 1, 1, 1, 1], 'D': [1, 1, 1, 0, 1, 1, 1, 1, 1, 0]}, '北门东南侧': {'A': [1, 1, 1, 1, 1, 1, 1, 1, 1, 1], 'B': [1, 1, 0, 1, 1, 0, 1, 1, 1, 1], 'C': [1, 0, 1, 1, 1, 0, 1, 1, 0, 1], 'D': [1, 1, 1, 0, 1, 1, 1, 1, 0, 1], 'E': [1, 1, 1, 1, 1, 1, 0, 1, 0, 1], 'F': [1, 1, 1, 1, 1, 0, 1, 1, 1, 1]}, '橘园北侧南': {'A': [1, 1, 0, 1, 1, 1, 1, 1, 1, 1], 'B': [1, 1, 1, 1, 1, 1, 1, 1, 1, 1], 'C': [1, 1, 1, 1, 1, 1, 0, 1, 0, 1], 'D': [1, 1, 1, 1, 1, 1, 1, 1, 1, 1], 'E': [0, 1, 1, 1, 1, 1, 0, 1, 1, 1], 'F': [0, 1, 0, 1, 0, 1, 1, 1, 1, 1], 'G': [1, 0, 1, 1, 1, 1, 1, 1, 1, 1], 'H': [1, 1, 1, 1, 1, 1, 1, 1, 1, 1], 'I': [0, 0, 1, 0, 1, 1, 1, 1, 1, 1], 'J': [1, 1, 0, 0, 1, 1, 1, 1, 1, 0]}, '校医院西': {'A': [1, 1, 1, 1, 1, 1, 1, 1, 1, 1], 'B': [0, 1, 1, 1, 1, 1, 1, 1, 1, 1], 'C': [1, 1, 1, 1, 1, 1, 1, 1, 1, 1], 'D': [1, 1, 1, 1, 1, 1, 1, 1, 1, 1], 'E': [1, 1, 1, 1, 1, 1, 1, 0, 1, 1], 'F': [1, 1, 1, 1, 1, 1, 1, 1, 1, 1], 'G': [0, 0, 1, 1, 0, 1, 1, 1, 1, 1], 'H': [1, 0, 1, 1, 1, 1, 1, 1, 1, 0], 'I': [1, 1, 0, 1, 0, 1, 0, 0, 0, 1]}}
623564	2024-07-13 10:09:20.864000+08:00	2024-07-13 10:09:20.864000+08:00	{'东门北侧': {'A': [1, 1, 1, 1, 1, 1, 1, 1, 1, 1], 'B': [1, 1, 1, 1, 1, 1, 1, 1, 1, 1], 'C': [1, 1, 1, 1, 1, 1, 1, 1, 1, 1], 'D': [1, 0, 1, 1, 1, 1, 1, 1, 1, 1], 'E': [1, 1, 0, 1, 1, 1, 1, 1, 1, 1], 'F': [1, 1, 1, 1, 1, 1, 1, 1, 1, 1], 'G': [1, 1, 1, 1, 1, 1, 1, 1, 1, 1], 'H': [1, 1, 1, 1, 1, 1, 1, 1, 1, 1], 'I': [1, 1, 1, 1, 1, 1, 1, 1, 1, 1], 'J': [1, 1, 0, 0, 1, 1, 1, 1, 1, 1], 'K': [0, 0, 1, 1, 1, 1, 1, 1, 1, 1]}, '东门南侧': {'A': [1, 1, 1, 1, 1, 1, 1, 1, 1, 1], 'B': [0, 0, 0, 0, 0, 0, 0, 0, 0, 0]}, '西门北侧': {'A': [1, 1, 1, 1, 1, 1, 1, 1, 1, 1], 'B': [1, 1, 1, 1, 1, 1, 1, 1, 1, 0], 'C': [1, 1, 1, 1, 1, 0, 1, 1, 1, 1]}, '西门南侧': {'A': [1, 1, 1, 1, 1, 1, 1, 1, 1, 1], 'B': [1, 1, 1, 1, 1, 1, 1, 1, 1, 1], 'C': [1, 1, 1, 1, 1, 0, 1, 1, 1, 1]}, '南门西侧': {'A': [1, 1, 1, 1, 1, 1, 1, 1, 1, 1], 'B': [1, 1, 1, 1, 1, 1, 1, 1, 1, 1]}, '南门东侧': {'A': [1, 1, 1, 1, 1, 1, 1, 1, 1, 1], 'B': [0, 1, 1, 1, 1, 1, 1, 1, 1, 0]}, '北门东北侧': {'A': [1, 1, 1, 1, 1, 1, 1, 1, 1, 1], 'B': [0, 1, 1, 1, 1, 1, 1, 1, 1, 0], 'C': [1, 1, 1, 1, 1, 1, 1, 1, 1, 1], 'D': [1, 1, 1, 0, 1, 1, 1, 1, 1, 0]}, '北门东南侧': {'A': [1, 1, 1, 1, 1, 1, 1, 1, 1, 1], 'B': [1, 1, 0, 1, 1, 0, 1, 1, 1, 1], 'C': [1, 0, 1, 1, 1, 0, 1, 1, 0, 1], 'D': [1, 1, 1, 0, 1, 1, 1, 1, 0, 1], 'E': [1, 1, 1, 1, 1, 1, 0, 1, 0, 1], 'F': [1, 1, 1, 1, 1, 0, 1, 1, 1, 1]}, '橘园北侧南': {'A': [1, 1, 0, 1, 1, 1, 1, 1, 1, 1], 'B': [1, 1, 1, 1, 1, 1, 1, 1, 1, 1], 'C': [1, 1, 1, 1, 1, 1, 0, 1, 0, 1], 'D': [1, 1, 1, 1, 1, 1, 1, 1, 1, 1], 'E': [0, 1, 1, 1, 1, 1, 0, 1, 1, 1], 'F': [0, 1, 0, 1, 0, 1, 1, 1, 1, 1], 'G': [1, 0, 1, 1, 1, 1, 1, 1, 1, 1], 'H': [1, 1, 1, 1, 1, 1, 1, 1, 1, 1], 'I': [0, 0, 1, 0, 1, 1, 1, 1, 1, 1], 'J': [1, 1, 0, 0, 1, 1, 1, 1, 1, 0]}, '校医院西': {'A': [1, 1, 1, 1, 1, 1, 1, 1, 1, 1], 'B': [0, 1, 1, 1, 1, 1, 1, 1, 1, 1], 'C': [1, 1, 1, 1, 1, 1, 1, 1, 1, 1], 'D': [1, 1, 1, 1, 1, 1, 1, 1, 1, 1], 'E': [1, 1, 1, 1, 1, 1, 1, 0, 1, 1], 'F': [1, 1, 1, 1, 1, 1, 1, 1, 1, 1], 'G': [0, 0, 1, 1, 0, 1, 1, 1, 1, 1], 'H': [1, 0, 1, 1, 1, 1, 1, 1, 1, 0], 'I': [1, 1, 0, 1, 0, 1, 0, 0, 0, 1]}}
623565	2024-07-13 10:10:23.889000+08:00	2024-07-13 10:10:23.889000+08:00	{'东门北侧': {'A': [1, 1, 1, 1, 1, 1, 1, 1, 1, 1], 'B': [1, 1, 1, 1, 1, 1, 1, 1, 1, 1], 'C': [1, 1, 1, 1, 1, 1, 1, 1, 1, 1], 'D': [1, 0, 1, 1, 1, 1, 1, 1, 1, 1], 'E': [1, 1, 0, 1, 1, 1, 1, 1, 1, 1], 'F': [1, 1, 1, 1, 1, 1, 1, 1, 1, 1], 'G': [1, 1, 1, 1, 1, 1, 1, 1, 1, 1], 'H': [1, 1, 1, 1, 1, 1, 1, 1, 1, 1], 'I': [1, 1, 1, 1, 1, 1, 1, 1, 1, 1], 'J': [1, 1, 0, 0, 1, 1, 1, 1, 1, 1], 'K': [0, 0, 1, 1, 1, 1, 1, 1, 1, 1]}, '东门南侧': {'A': [1, 1, 1, 1, 1, 1, 1, 1, 1, 1], 'B': [0, 0, 0, 0, 0, 0, 0, 0, 0, 0]}, '西门北侧': {'A': [1, 1, 1, 1, 1, 1, 1, 1, 1, 1], 'B': [1, 1, 1, 1, 1, 1, 1, 1, 1, 0], 'C': [1, 1, 1, 1, 1, 0, 1, 1, 1, 1]}, '西门南侧': {'A': [1, 1, 1, 1, 1, 1, 1, 1, 1, 1], 'B': [1, 1, 1, 1, 1, 1, 1, 1, 1, 1], 'C': [1, 1, 1, 1, 1, 0, 1, 1, 1, 1]}, '南门西侧': {'A': [1, 1, 1, 1, 1, 1, 1, 1, 1, 1], 'B': [1, 1, 1, 1, 1, 1, 1, 1, 1, 1]}, '南门东侧': {'A': [1, 1, 1, 1, 1, 1, 1, 1, 1, 1], 'B': [0, 1, 1, 1, 1, 1, 1, 1, 1, 0]}, '北门东北侧': {'A': [1, 1, 1, 1, 1, 1, 1, 1, 1, 1], 'B': [0, 1, 1, 1, 1, 1, 1, 1, 1, 0], 'C': [1, 1, 1, 1, 1, 1, 1, 1, 1, 1], 'D': [1, 1, 1, 0, 1, 1, 1, 1, 1, 0]}, '北门东南侧': {'A': [1, 1, 1, 1, 1, 1, 1, 1, 1, 1], 'B': [1, 1, 0, 1, 1, 0, 1, 1, 1, 1], 'C': [1, 0, 1, 1, 1, 0, 1, 1, 0, 1], 'D': [1, 1, 1, 0, 1, 1, 1, 1, 0, 1], 'E': [1, 1, 1, 1, 1, 1, 0, 1, 0, 1], 'F': [1, 1, 1, 1, 1, 0, 1, 1, 1, 1]}, '橘园北侧南': {'A': [1, 1, 0, 1, 1, 1, 1, 1, 1, 1], 'B': [1, 1, 1, 1, 1, 1, 1, 1, 1, 1], 'C': [1, 1, 1, 1, 1, 1, 0, 1, 0, 1], 'D': [1, 1, 1, 1, 1, 1, 1, 1, 1, 1], 'E': [0, 1, 1, 1, 1, 1, 0, 1, 1, 1], 'F': [0, 1, 0, 1, 0, 1, 1, 1, 1, 1], 'G': [1, 0, 1, 1, 1, 1, 1, 1, 1, 1], 'H': [1, 1, 1, 1, 1, 1, 1, 1, 1, 1], 'I': [0, 0, 1, 0, 1, 1, 1, 1, 1, 1], 'J': [1, 1, 0, 0, 1, 1, 1, 1, 1, 0]}, '校医院西': {'A': [1, 1, 1, 1, 1, 1, 1, 1, 1, 1], 'B': [0, 1, 1, 1, 1, 1, 1, 1, 1, 1], 'C': [1, 1, 1, 1, 1, 1, 1, 1, 1, 1], 'D': [1, 1, 1, 1, 1, 1, 1, 1, 1, 1], 'E': [1, 1, 1, 1, 1, 1, 1, 0, 1, 1], 'F': [1, 1, 1, 1, 1, 1, 1, 1, 1, 1], 'G': [0, 0, 1, 1, 0, 1, 1, 1, 1, 1], 'H': [1, 0, 1, 1, 1, 1, 1, 1, 1, 0], 'I': [1, 1, 0, 1, 0, 1, 0, 0, 0, 1]}}
623566	2024-07-13 10:11:22.862000+08:00	2024-07-13 10:11:22.862000+08:00	{'东门北侧': {'A': [1, 1, 1, 1, 1, 1, 1, 1, 1, 1], 'B': [1, 1, 1, 1, 1, 1, 1, 1, 1, 1], 'C': [1, 1, 1, 1, 1, 1, 1, 1, 1, 1], 'D': [1, 0, 1, 1, 1, 1, 1, 1, 1, 1], 'E': [1, 1, 0, 1, 1, 1, 1, 1, 1, 1], 'F': [1, 1, 1, 1, 1, 1, 1, 1, 1, 1], 'G': [1, 1, 1, 1, 1, 1, 1, 1, 1, 1], 'H': [1, 1, 1, 1, 1, 1, 1, 1, 1, 1], 'I': [1, 1, 1, 1, 1, 1, 1, 1, 1, 1], 'J': [1, 1, 0, 0, 1, 1, 1, 1, 1, 1], 'K': [0, 0, 1, 1, 1, 1, 1, 1, 1, 1]}, '东门南侧': {'A': [1, 1, 1, 1, 1, 1, 1, 1, 1, 1], 'B': [0, 0, 0, 0, 0, 0, 0, 0, 0, 0]}, '西门北侧': {'A': [1, 1, 1, 1, 1, 1, 1, 1, 1, 1], 'B': [1, 1, 1, 1, 1, 1, 1, 1, 1, 0], 'C': [1, 1, 1, 1, 1, 0, 1, 1, 1, 1]}, '西门南侧': {'A': [1, 1, 1, 1, 1, 1, 1, 1, 1, 1], 'B': [1, 1, 1, 1, 1, 1, 1, 1, 1, 1], 'C': [1, 1, 1, 1, 1, 0, 1, 1, 1, 1]}, '南门西侧': {'A': [1, 1, 1, 1, 1, 1, 1, 1, 1, 1], 'B': [1, 1, 1, 1, 1, 1, 1, 1, 1, 1]}, '南门东侧': {'A': [1, 1, 1, 1, 1, 1, 1, 1, 1, 1], 'B': [0, 1, 1, 1, 1, 1, 1, 1, 1, 0]}, '北门东北侧': {'A': [1, 1, 1, 1, 1, 1, 1, 1, 1, 1], 'B': [0, 1, 1, 1, 1, 1, 1, 1, 1, 0], 'C': [1, 1, 1, 1, 1, 1, 1, 1, 1, 1], 'D': [1, 1, 1, 0, 1, 1, 1, 1, 1, 0]}, '北门东南侧': {'A': [1, 1, 1, 1, 1, 1, 1, 1, 1, 1], 'B': [1, 1, 0, 1, 1, 0, 1, 1, 1, 1], 'C': [1, 0, 1, 1, 1, 0, 1, 1, 0, 1], 'D': [1, 1, 1, 0, 1, 1, 1, 1, 0, 1], 'E': [1, 1, 1, 1, 1, 1, 0, 1, 0, 1], 'F': [1, 1, 1, 1, 1, 0, 1, 1, 1, 1]}, '橘园北侧南': {'A': [1, 1, 0, 1, 1, 1, 1, 1, 1, 1], 'B': [1, 1, 1, 1, 1, 1, 1, 1, 1, 1], 'C': [1, 1, 1, 1, 1, 1, 0, 1, 0, 1], 'D': [1, 1, 1, 1, 1, 1, 1, 1, 1, 1], 'E': [0, 1, 1, 1, 1, 1, 0, 1, 1, 1], 'F': [0, 1, 0, 1, 0, 1, 1, 1, 1, 1], 'G': [1, 0, 1, 1, 1, 1, 1, 1, 1, 1], 'H': [1, 1, 1, 1, 1, 1, 1, 1, 1, 1], 'I': [0, 0, 1, 0, 1, 1, 1, 1, 1, 1], 'J': [1, 1, 0, 0, 1, 1, 1, 1, 1, 0]}, '校医院西': {'A': [1, 1, 1, 1, 1, 1, 1, 1, 1, 1], 'B': [0, 1, 1, 1, 1, 1, 1, 1, 1, 1], 'C': [1, 1, 1, 1, 1, 1, 1, 1, 1, 1], 'D': [1, 1, 1, 1, 1, 1, 1, 1, 1, 1], 'E': [1, 1, 1, 1, 1, 1, 1, 0, 1, 1], 'F': [1, 1, 1, 1, 1, 1, 1, 1, 1, 1], 'G': [0, 0, 1, 1, 0, 1, 1, 1, 1, 1], 'H': [1, 0, 1, 1, 1, 1, 1, 1, 1, 0], 'I': [1, 1, 0, 1, 0, 1, 0, 0, 0, 1]}}
623567	2024-07-13 10:12:22.873000+08:00	2024-07-13 10:12:22.873000+08:00	{'东门北侧': {'A': [1, 1, 1, 1, 1, 1, 1, 1, 1, 1], 'B': [1, 1, 1, 1, 1, 1, 1, 1, 1, 1], 'C': [1, 1, 1, 1, 1, 1, 1, 1, 1, 1], 'D': [1, 0, 1, 1, 1, 1, 1, 1, 1, 1], 'E': [1, 1, 0, 1, 1, 1, 1, 1, 1, 1], 'F': [1, 1, 1, 1, 1, 1, 1, 1, 1, 1], 'G': [1, 1, 1, 1, 1, 1, 1, 1, 1, 1], 'H': [1, 1, 1, 1, 1, 1, 1, 1, 1, 1], 'I': [1, 1, 1, 1, 1, 1, 1, 1, 1, 1], 'J': [1, 1, 0, 0, 1, 1, 1, 1, 1, 1], 'K': [0, 0, 1, 1, 1, 1, 1, 1, 1, 1]}, '东门南侧': {'A': [1, 1, 1, 1, 1, 1, 1, 1, 1, 1], 'B': [0, 0, 0, 0, 0, 0, 0, 0, 0, 0]}, '西门北侧': {'A': [1, 1, 1, 1, 1, 1, 1, 1, 1, 1], 'B': [1, 1, 1, 1, 1, 1, 1, 1, 1, 0], 'C': [1, 1, 1, 1, 1, 0, 1, 1, 1, 1]}, '西门南侧': {'A': [1, 1, 1, 1, 1, 1, 1, 1, 1, 1], 'B': [1, 1, 1, 1, 1, 1, 1, 1, 1, 1], 'C': [1, 1, 1, 1, 1, 0, 1, 1, 1, 1]}, '南门西侧': {'A': [1, 1, 1, 1, 1, 1, 1, 1, 1, 1], 'B': [1, 1, 1, 1, 1, 1, 1, 1, 1, 1]}, '南门东侧': {'A': [1, 1, 1, 1, 1, 1, 1, 1, 1, 1], 'B': [0, 1, 1, 1, 1, 1, 1, 1, 1, 0]}, '北门东北侧': {'A': [1, 1, 1, 1, 1, 1, 1, 1, 1, 1], 'B': [0, 1, 1, 1, 1, 1, 1, 1, 1, 0], 'C': [1, 1, 1, 1, 1, 1, 1, 1, 1, 1], 'D': [1, 1, 1, 0, 1, 1, 1, 1, 1, 0]}, '北门东南侧': {'A': [1, 1, 1, 1, 1, 1, 1, 1, 1, 1], 'B': [1, 1, 0, 1, 1, 0, 1, 1, 1, 1], 'C': [1, 0, 1, 1, 1, 0, 1, 1, 0, 1], 'D': [1, 1, 1, 0, 1, 1, 1, 1, 0, 1], 'E': [1, 1, 1, 1, 1, 1, 0, 1, 0, 1], 'F': [1, 1, 1, 1, 1, 0, 1, 1, 1, 1]}, '橘园北侧南': {'A': [1, 1, 0, 1, 1, 1, 1, 1, 1, 1], 'B': [1, 1, 1, 1, 1, 1, 1, 1, 1, 1], 'C': [1, 1, 1, 1, 1, 1, 0, 1, 0, 1], 'D': [1, 1, 1, 1, 1, 1, 1, 1, 1, 1], 'E': [0, 1, 1, 1, 1, 1, 0, 1, 1, 1], 'F': [0, 1, 0, 1, 0, 1, 1, 1, 1, 1], 'G': [1, 0, 1, 1, 1, 1, 1, 1, 1, 1], 'H': [1, 1, 1, 1, 1, 1, 1, 1, 1, 1], 'I': [0, 0, 1, 0, 1, 1, 1, 1, 1, 1], 'J': [1, 1, 0, 0, 1, 1, 1, 1, 1, 0]}, '校医院西': {'A': [1, 1, 1, 1, 1, 1, 1, 1, 1, 1], 'B': [0, 1, 1, 1, 1, 1, 1, 1, 1, 1], 'C': [1, 1, 1, 1, 1, 1, 1, 1, 1, 1], 'D': [1, 1, 1, 1, 1, 1, 1, 1, 1, 1], 'E': [1, 1, 1, 1, 1, 1, 1, 0, 1, 1], 'F': [1, 1, 1, 1, 1, 1, 1, 1, 1, 1], 'G': [0, 0, 1, 1, 0, 1, 1, 1, 1, 1], 'H': [1, 0, 1, 1, 1, 1, 1, 1, 1, 0], 'I': [1, 1, 0, 1, 0, 1, 0, 0, 0, 1]}}
623568	2024-07-13 10:13:23.865000+08:00	2024-07-13 10:13:23.865000+08:00	{'东门北侧': {'A': [1, 1, 1, 1, 1, 1, 1, 1, 1, 1], 'B': [1, 1, 1, 1, 1, 1, 1, 1, 1, 1], 'C': [1, 1, 1, 1, 1, 1, 1, 1, 1, 1], 'D': [1, 0, 1, 1, 1, 1, 1, 1, 1, 1], 'E': [1, 1, 0, 1, 1, 1, 1, 1, 1, 1], 'F': [1, 1, 1, 1, 1, 1, 1, 1, 1, 1], 'G': [1, 1, 1, 1, 1, 1, 1, 1, 1, 1], 'H': [1, 1, 1, 1, 1, 1, 1, 1, 1, 1], 'I': [1, 1, 1, 1, 1, 1, 1, 1, 1, 1], 'J': [1, 1, 0, 0, 1, 1, 1, 1, 1, 1], 'K': [0, 0, 1, 1, 1, 1, 1, 1, 1, 1]}, '东门南侧': {'A': [1, 1, 1, 1, 1, 1, 1, 1, 1, 1], 'B': [0, 0, 0, 0, 0, 0, 0, 0, 0, 0]}, '西门北侧': {'A': [1, 1, 1, 1, 1, 1, 1, 1, 1, 1], 'B': [1, 1, 1, 1, 1, 1, 1, 1, 1, 0], 'C': [1, 1, 1, 1, 1, 0, 1, 1, 1, 1]}, '西门南侧': {'A': [1, 1, 1, 1, 1, 1, 1, 1, 1, 1], 'B': [1, 1, 1, 1, 1, 1, 1, 1, 1, 1], 'C': [1, 1, 1, 1, 1, 0, 1, 1, 1, 1]}, '南门西侧': {'A': [1, 1, 1, 1, 1, 1, 1, 1, 1, 1], 'B': [1, 1, 1, 1, 1, 1, 1, 1, 1, 1]}, '南门东侧': {'A': [1, 0, 1, 1, 1, 1, 1, 1, 1, 1], 'B': [0, 1, 1, 1, 1, 1, 1, 1, 1, 0]}, '北门东北侧': {'A': [1, 1, 1, 1, 1, 1, 1, 1, 1, 1], 'B': [0, 1, 1, 1, 1, 1, 1, 1, 1, 0], 'C': [1, 1, 1, 1, 1, 1, 1, 1, 1, 1], 'D': [1, 1, 1, 0, 1, 1, 1, 1, 1, 0]}, '北门东南侧': {'A': [1, 1, 1, 1, 1, 1, 1, 1, 1, 1], 'B': [1, 1, 0, 1, 1, 0, 1, 1, 1, 1], 'C': [1, 0, 1, 1, 1, 0, 1, 1, 0, 1], 'D': [1, 1, 1, 0, 1, 1, 1, 1, 0, 1], 'E': [1, 1, 1, 1, 1, 1, 0, 1, 0, 1], 'F': [1, 1, 1, 1, 1, 0, 1, 1, 1, 1]}, '橘园北侧南': {'A': [1, 1, 0, 1, 1, 1, 1, 1, 1, 1], 'B': [1, 1, 1, 1, 1, 1, 1, 1, 1, 1], 'C': [1, 1, 1, 1, 1, 1, 0, 1, 0, 1], 'D': [1, 1, 1, 1, 1, 1, 1, 1, 1, 1], 'E': [0, 1, 1, 1, 1, 1, 0, 1, 1, 1], 'F': [0, 1, 0, 1, 0, 1, 1, 1, 1, 1], 'G': [1, 0, 1, 1, 1, 1, 1, 1, 1, 1], 'H': [1, 1, 1, 1, 1, 1, 1, 1, 1, 1], 'I': [0, 0, 1, 0, 1, 1, 1, 1, 1, 1], 'J': [1, 1, 0, 0, 1, 1, 1, 1, 1, 0]}, '校医院西': {'A': [1, 1, 1, 1, 1, 1, 1, 1, 1, 1], 'B': [0, 1, 1, 1, 1, 1, 1, 1, 1, 1], 'C': [1, 1, 1, 1, 1, 1, 1, 1, 1, 1], 'D': [1, 1, 1, 1, 1, 1, 1, 1, 1, 1], 'E': [1, 1, 1, 1, 1, 1, 1, 0, 1, 1], 'F': [1, 1, 1, 1, 1, 1, 1, 1, 1, 1], 'G': [0, 0, 1, 1, 0, 1, 1, 1, 1, 1], 'H': [1, 0, 1, 1, 1, 1, 1, 1, 1, 0], 'I': [1, 1, 0, 1, 0, 1, 0, 0, 0, 1]}}
623569	2024-07-13 10:14:21.852000+08:00	2024-07-13 10:14:21.852000+08:00	{'东门北侧': {'A': [1, 1, 1, 1, 1, 1, 1, 1, 1, 1], 'B': [1, 1, 1, 1, 1, 1, 1, 1, 1, 1], 'C': [1, 1, 1, 1, 1, 1, 1, 1, 1, 1], 'D': [1, 0, 1, 1, 1, 1, 1, 1, 1, 1], 'E': [1, 1, 0, 1, 1, 1, 1, 1, 1, 1], 'F': [1, 1, 1, 1, 1, 1, 1, 1, 1, 1], 'G': [1, 1, 1, 1, 1, 1, 1, 1, 1, 1], 'H': [1, 1, 1, 1, 1, 1, 1, 1, 1, 1], 'I': [1, 1, 1, 1, 1, 1, 1, 1, 1, 1], 'J': [1, 1, 0, 0, 1, 1, 1, 1, 1, 1], 'K': [0, 0, 1, 1, 1, 1, 1, 1, 1, 1]}, '东门南侧': {'A': [1, 1, 1, 1, 1, 1, 1, 1, 1, 1], 'B': [0, 0, 0, 0, 0, 0, 0, 0, 0, 0]}, '西门北侧': {'A': [1, 1, 1, 1, 1, 1, 1, 1, 1, 1], 'B': [1, 1, 1, 1, 1, 1, 1, 1, 1, 0], 'C': [1, 1, 1, 1, 1, 0, 1, 1, 1, 1]}, '西门南侧': {'A': [1, 1, 1, 1, 1, 1, 1, 1, 1, 1], 'B': [1, 1, 1, 1, 1, 1, 1, 1, 1, 1], 'C': [1, 1, 1, 1, 1, 0, 1, 1, 1, 1]}, '南门西侧': {'A': [1, 1, 1, 1, 1, 1, 1, 1, 1, 1], 'B': [1, 1, 1, 1, 1, 1, 1, 1, 1, 1]}, '南门东侧': {'A': [1, 0, 1, 1, 1, 1, 1, 1, 1, 1], 'B': [0, 1, 1, 1, 1, 1, 1, 1, 1, 0]}, '北门东北侧': {'A': [1, 1, 1, 1, 1, 1, 1, 1, 1, 1], 'B': [0, 1, 1, 1, 1, 1, 1, 1, 1, 0], 'C': [1, 1, 1, 1, 1, 1, 1, 1, 1, 1], 'D': [1, 1, 1, 0, 1, 1, 1, 1, 1, 0]}, '北门东南侧': {'A': [1, 1, 1, 1, 1, 1, 1, 1, 1, 1], 'B': [1, 1, 0, 1, 1, 0, 1, 1, 1, 1], 'C': [1, 0, 1, 1, 1, 0, 1, 1, 0, 1], 'D': [1, 1, 1, 0, 1, 1, 1, 1, 0, 1], 'E': [1, 1, 1, 1, 1, 1, 0, 1, 0, 1], 'F': [1, 1, 1, 1, 1, 0, 1, 1, 1, 1]}, '橘园北侧南': {'A': [1, 1, 0, 1, 1, 1, 1, 1, 1, 1], 'B': [1, 1, 1, 1, 1, 1, 1, 1, 1, 1], 'C': [1, 1, 1, 1, 1, 1, 0, 1, 0, 1], 'D': [1, 1, 1, 1, 1, 1, 1, 1, 1, 1], 'E': [0, 1, 1, 1, 1, 1, 0, 1, 1, 1], 'F': [0, 1, 0, 1, 0, 1, 1, 1, 1, 1], 'G': [1, 0, 1, 1, 1, 1, 1, 1, 1, 1], 'H': [1, 1, 1, 1, 1, 1, 1, 1, 1, 1], 'I': [0, 0, 1, 0, 1, 1, 1, 1, 1, 1], 'J': [1, 1, 0, 0, 1, 1, 1, 1, 1, 0]}, '校医院西': {'A': [1, 1, 1, 1, 1, 1, 1, 1, 1, 1], 'B': [0, 1, 1, 1, 1, 1, 1, 1, 1, 1], 'C': [1, 1, 1, 1, 1, 1, 1, 1, 1, 1], 'D': [1, 1, 1, 1, 1, 1, 1, 1, 1, 1], 'E': [1, 1, 1, 1, 1, 1, 1, 0, 1, 1], 'F': [1, 1, 1, 1, 1, 1, 1, 1, 1, 1], 'G': [0, 0, 1, 1, 0, 1, 1, 1, 1, 1], 'H': [1, 0, 1, 1, 1, 1, 1, 1, 1, 0], 'I': [1, 1, 0, 1, 0, 1, 0, 1, 0, 1]}}
623570	2024-07-13 10:15:23.010000+08:00	2024-07-13 10:15:23.010000+08:00	{'东门北侧': {'A': [1, 1, 1, 1, 1, 1, 1, 1, 1, 1], 'B': [1, 1, 1, 1, 1, 1, 1, 1, 1, 1], 'C': [1, 1, 1, 1, 1, 1, 1, 1, 1, 1], 'D': [1, 0, 1, 1, 1, 1, 1, 1, 1, 1], 'E': [1, 1, 0, 1, 1, 1, 1, 1, 1, 1], 'F': [1, 1, 1, 1, 1, 1, 1, 1, 1, 1], 'G': [1, 1, 1, 1, 1, 1, 1, 1, 1, 1], 'H': [1, 1, 1, 1, 1, 1, 1, 1, 1, 1], 'I': [1, 1, 1, 1, 1, 1, 1, 1, 1, 1], 'J': [1, 1, 0, 0, 1, 1, 1, 1, 1, 1], 'K': [0, 0, 1, 0, 1, 1, 1, 1, 1, 1]}, '东门南侧': {'A': [1, 1, 1, 1, 1, 1, 1, 1, 1, 1], 'B': [0, 0, 0, 0, 0, 0, 0, 0, 0, 0]}, '西门北侧': {'A': [1, 1, 1, 1, 1, 1, 1, 1, 1, 1], 'B': [1, 1, 1, 1, 1, 1, 1, 1, 1, 0], 'C': [1, 1, 1, 1, 1, 0, 1, 1, 1, 1]}, '西门南侧': {'A': [1, 1, 1, 1, 1, 1, 1, 1, 1, 1], 'B': [1, 1, 1, 1, 1, 1, 1, 1, 1, 1], 'C': [1, 1, 1, 1, 1, 0, 1, 1, 1, 1]}, '南门西侧': {'A': [1, 1, 1, 1, 1, 1, 1, 1, 1, 1], 'B': [1, 1, 1, 1, 1, 1, 1, 1, 1, 1]}, '南门东侧': {'A': [1, 0, 1, 1, 1, 1, 1, 1, 1, 1], 'B': [0, 1, 1, 1, 1, 1, 1, 1, 1, 0]}, '北门东北侧': {'A': [1, 1, 1, 1, 1, 1, 1, 1, 1, 1], 'B': [0, 1, 1, 1, 1, 1, 1, 1, 1, 0], 'C': [1, 1, 1, 1, 1, 1, 1, 1, 1, 1], 'D': [1, 1, 1, 0, 1, 1, 1, 1, 1, 0]}, '北门东南侧': {'A': [1, 1, 1, 1, 1, 1, 1, 1, 1, 1], 'B': [1, 1, 0, 1, 1, 0, 1, 1, 1, 1], 'C': [1, 0, 1, 1, 1, 0, 1, 1, 0, 1], 'D': [1, 1, 1, 0, 1, 1, 1, 1, 0, 1], 'E': [1, 1, 1, 1, 1, 1, 0, 1, 0, 1], 'F': [1, 1, 1, 1, 1, 0, 1, 1, 1, 1]}, '橘园北侧南': {'A': [1, 1, 0, 1, 1, 1, 1, 1, 1, 1], 'B': [1, 1, 1, 1, 1, 1, 1, 1, 1, 1], 'C': [1, 1, 1, 1, 1, 1, 0, 1, 0, 1], 'D': [1, 1, 1, 1, 1, 1, 1, 1, 1, 1], 'E': [0, 1, 1, 1, 1, 1, 0, 1, 1, 1], 'F': [0, 1, 0, 1, 0, 1, 1, 1, 1, 1], 'G': [1, 0, 1, 1, 1, 1, 1, 1, 1, 1], 'H': [1, 1, 1, 1, 1, 1, 1, 1, 1, 1], 'I': [0, 0, 1, 0, 1, 1, 1, 1, 1, 1], 'J': [1, 1, 0, 0, 1, 1, 1, 1, 1, 0]}, '校医院西': {'A': [1, 1, 1, 1, 1, 1, 1, 1, 1, 1], 'B': [0, 1, 1, 1, 1, 1, 1, 1, 1, 1], 'C': [1, 1, 1, 1, 1, 1, 1, 1, 1, 1], 'D': [1, 1, 1, 1, 1, 1, 1, 1, 1, 1], 'E': [1, 1, 1, 1, 1, 1, 1, 0, 1, 1], 'F': [1, 1, 1, 1, 1, 1, 1, 1, 1, 1], 'G': [0, 0, 1, 1, 0, 1, 1, 1, 1, 1], 'H': [1, 0, 1, 1, 1, 1, 1, 1, 1, 0], 'I': [1, 1, 0, 1, 0, 1, 0, 1, 0, 1]}}
623571	2024-07-13 10:16:21.848000+08:00	2024-07-13 10:16:21.848000+08:00	{'东门北侧': {'A': [1, 1, 1, 1, 1, 1, 1, 1, 1, 1], 'B': [1, 1, 1, 1, 1, 1, 1, 1, 1, 1], 'C': [1, 1, 1, 1, 1, 1, 1, 1, 1, 1], 'D': [1, 0, 1, 1, 1, 1, 1, 1, 1, 1], 'E': [1, 1, 0, 1, 1, 1, 1, 1, 1, 1], 'F': [1, 1, 1, 1, 1, 1, 1, 1, 1, 1], 'G': [1, 1, 1, 1, 1, 1, 1, 1, 1, 1], 'H': [1, 1, 1, 1, 1, 1, 1, 1, 1, 1], 'I': [1, 1, 1, 1, 1, 1, 1, 1, 1, 1], 'J': [1, 1, 0, 0, 1, 1, 1, 1, 1, 1], 'K': [0, 0, 1, 0, 1, 1, 1, 1, 1, 1]}, '东门南侧': {'A': [1, 1, 1, 1, 1, 1, 1, 1, 1, 1], 'B': [0, 0, 0, 0, 0, 0, 0, 0, 0, 0]}, '西门北侧': {'A': [1, 1, 1, 1, 1, 1, 1, 1, 1, 1], 'B': [1, 1, 1, 1, 1, 1, 1, 1, 1, 0], 'C': [1, 1, 1, 1, 1, 0, 1, 1, 1, 1]}, '西门南侧': {'A': [1, 1, 1, 1, 1, 1, 1, 1, 1, 1], 'B': [1, 1, 1, 1, 1, 1, 1, 1, 1, 1], 'C': [1, 1, 1, 1, 1, 0, 1, 1, 1, 1]}, '南门西侧': {'A': [1, 1, 1, 1, 1, 1, 1, 1, 1, 1], 'B': [1, 1, 1, 1, 1, 1, 1, 1, 1, 1]}, '南门东侧': {'A': [1, 0, 1, 1, 1, 1, 1, 1, 1, 1], 'B': [0, 1, 1, 1, 1, 1, 1, 1, 1, 0]}, '北门东北侧': {'A': [1, 1, 1, 1, 1, 1, 1, 1, 1, 1], 'B': [0, 1, 1, 1, 1, 1, 1, 1, 1, 0], 'C': [1, 1, 1, 1, 1, 1, 1, 1, 1, 1], 'D': [1, 1, 1, 0, 1, 1, 1, 1, 1, 0]}, '北门东南侧': {'A': [1, 1, 1, 1, 1, 1, 1, 1, 1, 1], 'B': [1, 1, 0, 1, 1, 0, 1, 1, 1, 1], 'C': [1, 0, 1, 1, 1, 0, 1, 1, 0, 1], 'D': [1, 1, 1, 0, 1, 1, 1, 1, 0, 1], 'E': [1, 1, 1, 1, 1, 1, 0, 1, 0, 1], 'F': [1, 1, 1, 1, 1, 0, 1, 1, 1, 1]}, '橘园北侧南': {'A': [1, 1, 0, 1, 1, 1, 1, 1, 1, 1], 'B': [1, 1, 1, 1, 1, 1, 1, 1, 1, 1], 'C': [1, 1, 1, 1, 1, 1, 0, 1, 0, 1], 'D': [1, 1, 1, 1, 1, 1, 1, 1, 1, 1], 'E': [0, 1, 1, 1, 1, 1, 0, 1, 1, 1], 'F': [0, 1, 0, 1, 0, 1, 1, 1, 1, 1], 'G': [1, 0, 1, 1, 1, 1, 1, 1, 1, 1], 'H': [1, 1, 1, 1, 1, 1, 1, 1, 1, 1], 'I': [0, 0, 1, 0, 1, 1, 1, 1, 1, 1], 'J': [1, 1, 0, 0, 1, 1, 1, 1, 1, 0]}, '校医院西': {'A': [1, 1, 1, 1, 1, 1, 1, 1, 1, 1], 'B': [0, 1, 1, 1, 1, 1, 1, 1, 1, 1], 'C': [1, 1, 1, 1, 1, 1, 1, 1, 1, 1], 'D': [1, 1, 1, 1, 1, 1, 1, 1, 1, 1], 'E': [1, 1, 1, 1, 1, 1, 1, 0, 1, 1], 'F': [1, 1, 1, 1, 1, 1, 1, 1, 1, 1], 'G': [0, 0, 1, 1, 0, 1, 1, 1, 1, 1], 'H': [1, 0, 1, 1, 1, 1, 1, 1, 1, 0], 'I': [1, 1, 0, 1, 0, 1, 0, 1, 0, 1]}}
623572	2024-07-13 10:17:23.320000+08:00	2024-07-13 10:17:23.320000+08:00	{'东门北侧': {'A': [1, 1, 1, 1, 1, 1, 1, 1, 1, 1], 'B': [1, 1, 1, 1, 1, 1, 1, 1, 1, 1], 'C': [1, 1, 1, 1, 1, 1, 1, 1, 1, 1], 'D': [1, 0, 1, 1, 1, 1, 1, 1, 1, 1], 'E': [1, 1, 0, 1, 1, 1, 1, 1, 1, 1], 'F': [1, 1, 1, 1, 1, 1, 1, 1, 1, 1], 'G': [1, 1, 1, 1, 1, 1, 1, 1, 1, 1], 'H': [1, 1, 1, 1, 1, 1, 1, 1, 1, 1], 'I': [1, 1, 1, 1, 1, 1, 1, 1, 1, 1], 'J': [1, 1, 0, 0, 1, 1, 1, 1, 1, 1], 'K': [0, 0, 1, 0, 1, 1, 1, 1, 1, 1]}, '东门南侧': {'A': [1, 1, 1, 1, 1, 1, 1, 1, 1, 1], 'B': [0, 0, 0, 0, 0, 0, 0, 0, 0, 0]}, '西门北侧': {'A': [1, 1, 1, 1, 1, 1, 1, 1, 1, 1], 'B': [1, 1, 1, 1, 1, 1, 1, 1, 1, 0], 'C': [1, 1, 1, 1, 1, 0, 1, 1, 1, 1]}, '西门南侧': {'A': [1, 1, 1, 1, 1, 1, 1, 1, 1, 1], 'B': [1, 1, 1, 1, 1, 1, 1, 1, 1, 1], 'C': [1, 1, 1, 1, 1, 0, 1, 1, 1, 1]}, '南门西侧': {'A': [1, 1, 1, 1, 1, 1, 1, 1, 1, 1], 'B': [1, 1, 1, 1, 1, 1, 1, 1, 1, 1]}, '南门东侧': {'A': [1, 0, 1, 1, 1, 1, 1, 1, 1, 1], 'B': [0, 1, 1, 1, 1, 1, 1, 1, 1, 0]}, '北门东北侧': {'A': [1, 1, 1, 1, 1, 1, 1, 1, 1, 1], 'B': [0, 1, 1, 1, 1, 1, 1, 1, 1, 0], 'C': [1, 1, 1, 1, 1, 1, 1, 1, 1, 1], 'D': [1, 1, 1, 0, 1, 1, 1, 1, 1, 0]}, '北门东南侧': {'A': [1, 1, 1, 1, 1, 1, 1, 1, 1, 1], 'B': [1, 1, 0, 1, 1, 0, 1, 1, 1, 1], 'C': [1, 0, 1, 1, 1, 0, 1, 1, 0, 1], 'D': [1, 0, 1, 0, 1, 1, 1, 1, 0, 1], 'E': [1, 1, 1, 1, 1, 1, 0, 1, 0, 1], 'F': [1, 1, 1, 1, 1, 0, 1, 1, 1, 1]}, '橘园北侧南': {'A': [1, 1, 0, 1, 1, 1, 1, 1, 1, 1], 'B': [1, 1, 1, 1, 1, 1, 1, 1, 1, 1], 'C': [1, 1, 1, 1, 1, 1, 0, 1, 0, 1], 'D': [1, 1, 1, 1, 1, 1, 1, 1, 1, 1], 'E': [0, 1, 1, 1, 1, 1, 0, 1, 1, 1], 'F': [0, 1, 0, 1, 0, 1, 1, 1, 1, 1], 'G': [1, 0, 1, 1, 1, 1, 1, 1, 1, 1], 'H': [1, 1, 1, 1, 1, 1, 1, 1, 1, 1], 'I': [0, 0, 1, 0, 1, 1, 1, 1, 1, 1], 'J': [1, 1, 0, 0, 1, 1, 1, 1, 1, 0]}, '校医院西': {'A': [1, 1, 1, 1, 1, 1, 1, 1, 1, 1], 'B': [0, 1, 1, 1, 1, 1, 1, 1, 1, 1], 'C': [1, 1, 1, 1, 1, 1, 1, 1, 1, 1], 'D': [1, 1, 1, 1, 1, 1, 1, 1, 1, 1], 'E': [1, 1, 1, 1, 1, 1, 1, 0, 1, 1], 'F': [1, 1, 1, 1, 1, 1, 1, 1, 1, 1], 'G': [0, 0, 1, 1, 0, 1, 1, 1, 1, 1], 'H': [1, 0, 1, 1, 1, 1, 1, 1, 1, 0], 'I': [1, 1, 0, 1, 0, 1, 0, 1, 0, 1]}}
623573	2024-07-13 10:18:21.890000+08:00	2024-07-13 10:18:21.890000+08:00	{'东门北侧': {'A': [1, 1, 1, 1, 1, 1, 1, 1, 1, 1], 'B': [1, 1, 1, 1, 1, 1, 1, 1, 1, 1], 'C': [1, 1, 1, 1, 1, 1, 1, 1, 1, 1], 'D': [1, 0, 1, 1, 1, 1, 1, 1, 1, 1], 'E': [1, 1, 0, 1, 1, 1, 1, 1, 1, 1], 'F': [1, 1, 1, 1, 1, 1, 1, 1, 1, 1], 'G': [1, 1, 1, 1, 1, 1, 1, 1, 1, 1], 'H': [1, 1, 1, 1, 1, 1, 1, 1, 1, 1], 'I': [1, 1, 1, 1, 1, 1, 1, 1, 1, 1], 'J': [1, 1, 0, 0, 1, 1, 1, 1, 1, 1], 'K': [0, 0, 1, 0, 1, 1, 1, 1, 1, 1]}, '东门南侧': {'A': [1, 1, 1, 1, 1, 1, 1, 1, 1, 1], 'B': [0, 0, 0, 0, 0, 0, 0, 0, 0, 0]}, '西门北侧': {'A': [1, 1, 1, 1, 1, 1, 1, 1, 1, 1], 'B': [1, 1, 1, 1, 1, 1, 1, 1, 1, 0], 'C': [1, 1, 1, 1, 1, 0, 1, 1, 1, 1]}, '西门南侧': {'A': [1, 1, 1, 1, 1, 1, 1, 1, 1, 1], 'B': [1, 1, 1, 1, 1, 1, 1, 1, 1, 1], 'C': [1, 1, 1, 1, 1, 0, 1, 1, 1, 1]}, '南门西侧': {'A': [1, 1, 1, 1, 1, 1, 1, 1, 1, 1], 'B': [1, 1, 1, 1, 1, 1, 1, 1, 1, 1]}, '南门东侧': {'A': [1, 0, 1, 1, 1, 1, 1, 1, 1, 1], 'B': [0, 1, 1, 1, 1, 1, 1, 1, 1, 0]}, '北门东北侧': {'A': [1, 1, 1, 1, 1, 1, 1, 1, 1, 1], 'B': [0, 1, 1, 1, 1, 1, 1, 1, 1, 0], 'C': [1, 1, 1, 1, 1, 1, 1, 1, 1, 1], 'D': [1, 1, 1, 0, 1, 1, 1, 1, 1, 0]}, '北门东南侧': {'A': [1, 1, 1, 1, 1, 1, 1, 1, 1, 1], 'B': [1, 1, 0, 1, 1, 0, 1, 1, 1, 1], 'C': [1, 0, 1, 1, 1, 0, 1, 1, 0, 1], 'D': [1, 0, 1, 0, 1, 1, 1, 1, 0, 1], 'E': [1, 1, 1, 1, 1, 1, 0, 1, 0, 1], 'F': [1, 1, 1, 1, 1, 0, 1, 1, 1, 1]}, '橘园北侧南': {'A': [1, 1, 0, 1, 1, 1, 1, 1, 1, 1], 'B': [1, 1, 1, 1, 1, 1, 1, 1, 1, 1], 'C': [1, 1, 1, 1, 1, 1, 0, 1, 0, 1], 'D': [1, 1, 1, 1, 1, 1, 1, 1, 1, 1], 'E': [0, 1, 1, 1, 1, 1, 0, 1, 1, 1], 'F': [0, 1, 0, 1, 0, 1, 1, 1, 1, 1], 'G': [1, 0, 1, 1, 1, 1, 1, 1, 1, 1], 'H': [1, 1, 1, 1, 1, 1, 1, 1, 1, 1], 'I': [0, 0, 1, 0, 1, 1, 1, 1, 1, 1], 'J': [1, 1, 0, 0, 1, 1, 1, 1, 1, 0]}, '校医院西': {'A': [1, 1, 1, 1, 1, 1, 1, 1, 1, 1], 'B': [0, 1, 1, 1, 1, 1, 1, 1, 1, 1], 'C': [1, 1, 1, 1, 1, 1, 1, 1, 1, 1], 'D': [1, 1, 1, 1, 1, 1, 1, 1, 1, 1], 'E': [1, 1, 1, 1, 1, 1, 1, 0, 1, 1], 'F': [1, 1, 1, 1, 1, 1, 1, 1, 1, 1], 'G': [0, 0, 1, 1, 0, 1, 1, 1, 1, 1], 'H': [1, 0, 1, 1, 1, 1, 1, 1, 1, 0], 'I': [1, 1, 0, 1, 0, 1, 0, 1, 0, 1]}}
623574	2024-07-13 10:19:22.862000+08:00	2024-07-13 10:19:22.862000+08:00	{'东门北侧': {'A': [1, 1, 1, 1, 1, 1, 1, 1, 1, 1], 'B': [1, 1, 1, 1, 1, 1, 1, 1, 1, 1], 'C': [1, 1, 1, 1, 1, 1, 1, 1, 1, 1], 'D': [1, 0, 1, 1, 1, 1, 1, 1, 1, 1], 'E': [1, 1, 0, 1, 1, 1, 1, 1, 1, 1], 'F': [1, 1, 1, 1, 1, 1, 1, 1, 1, 1], 'G': [1, 1, 1, 1, 1, 1, 1, 1, 1, 1], 'H': [1, 1, 1, 1, 1, 1, 1, 1, 1, 1], 'I': [1, 1, 1, 1, 1, 1, 1, 1, 1, 1], 'J': [1, 1, 0, 0, 1, 1, 1, 1, 1, 1], 'K': [1, 0, 1, 0, 1, 1, 1, 1, 1, 1]}, '东门南侧': {'A': [1, 1, 1, 1, 1, 1, 1, 1, 1, 1], 'B': [0, 0, 0, 0, 0, 0, 0, 0, 0, 0]}, '西门北侧': {'A': [1, 1, 1, 1, 1, 1, 1, 1, 1, 1], 'B': [1, 1, 1, 1, 1, 1, 1, 1, 1, 0], 'C': [1, 1, 1, 1, 1, 0, 1, 1, 1, 1]}, '西门南侧': {'A': [1, 1, 1, 1, 1, 1, 1, 1, 1, 1], 'B': [1, 1, 1, 1, 1, 1, 1, 1, 1, 1], 'C': [1, 1, 1, 1, 1, 0, 1, 1, 1, 1]}, '南门西侧': {'A': [1, 1, 1, 1, 1, 1, 1, 1, 1, 1], 'B': [1, 1, 1, 1, 1, 1, 1, 1, 1, 1]}, '南门东侧': {'A': [1, 0, 1, 1, 1, 1, 1, 1, 1, 1], 'B': [0, 1, 1, 1, 1, 1, 1, 1, 1, 0]}, '北门东北侧': {'A': [1, 1, 1, 1, 1, 1, 1, 1, 1, 1], 'B': [0, 1, 1, 1, 1, 1, 1, 1, 1, 0], 'C': [1, 1, 1, 1, 1, 1, 1, 1, 1, 1], 'D': [1, 1, 1, 0, 1, 1, 1, 1, 1, 0]}, '北门东南侧': {'A': [1, 1, 1, 1, 1, 1, 1, 1, 1, 1], 'B': [1, 1, 0, 1, 1, 0, 1, 1, 1, 1], 'C': [1, 0, 1, 1, 1, 0, 1, 1, 0, 1], 'D': [1, 0, 1, 0, 1, 1, 1, 1, 0, 1], 'E': [1, 1, 1, 1, 1, 1, 0, 1, 0, 1], 'F': [1, 1, 1, 1, 1, 0, 1, 1, 1, 1]}, '橘园北侧南': {'A': [1, 1, 0, 1, 1, 1, 1, 1, 1, 1], 'B': [1, 1, 1, 1, 1, 1, 1, 1, 1, 1], 'C': [1, 1, 1, 1, 1, 1, 0, 1, 0, 1], 'D': [1, 1, 1, 1, 1, 1, 1, 1, 1, 1], 'E': [0, 1, 1, 1, 1, 1, 0, 1, 1, 1], 'F': [0, 1, 0, 1, 0, 1, 1, 1, 1, 1], 'G': [1, 0, 1, 1, 1, 1, 1, 1, 1, 1], 'H': [1, 1, 1, 1, 1, 1, 1, 1, 1, 1], 'I': [0, 0, 1, 0, 1, 1, 1, 1, 1, 1], 'J': [1, 1, 0, 0, 1, 1, 1, 1, 1, 0]}, '校医院西': {'A': [1, 1, 1, 1, 1, 1, 1, 1, 1, 1], 'B': [0, 1, 1, 1, 1, 1, 1, 1, 1, 1], 'C': [1, 1, 1, 1, 1, 1, 1, 1, 1, 1], 'D': [1, 1, 1, 1, 1, 1, 1, 1, 1, 1], 'E': [1, 1, 1, 1, 1, 1, 1, 0, 1, 1], 'F': [1, 1, 1, 1, 1, 1, 1, 1, 1, 1], 'G': [0, 0, 1, 1, 0, 1, 1, 1, 1, 1], 'H': [1, 0, 1, 1, 1, 1, 1, 1, 1, 0], 'I': [1, 1, 0, 1, 0, 1, 0, 1, 0, 1]}}
623575	2024-07-13 10:20:20.898000+08:00	2024-07-13 10:20:20.898000+08:00	{'东门北侧': {'A': [1, 1, 1, 1, 1, 1, 1, 1, 1, 1], 'B': [1, 1, 1, 1, 1, 1, 1, 1, 1, 1], 'C': [1, 1, 1, 1, 1, 1, 1, 1, 1, 1], 'D': [1, 0, 1, 1, 1, 1, 1, 1, 1, 1], 'E': [1, 1, 0, 1, 1, 1, 1, 1, 1, 1], 'F': [1, 1, 1, 1, 1, 1, 1, 1, 1, 1], 'G': [1, 1, 1, 1, 1, 1, 1, 1, 1, 1], 'H': [1, 1, 1, 1, 1, 1, 1, 1, 1, 1], 'I': [1, 1, 1, 1, 1, 1, 1, 1, 1, 1], 'J': [1, 1, 0, 0, 1, 1, 1, 1, 1, 1], 'K': [1, 0, 1, 0, 1, 1, 1, 1, 1, 1]}, '东门南侧': {'A': [1, 1, 1, 1, 1, 1, 1, 1, 1, 1], 'B': [0, 0, 0, 0, 0, 0, 0, 0, 0, 0]}, '西门北侧': {'A': [1, 1, 1, 1, 1, 1, 1, 1, 1, 1], 'B': [1, 1, 1, 1, 1, 1, 1, 1, 1, 0], 'C': [1, 1, 1, 1, 1, 0, 1, 1, 1, 1]}, '西门南侧': {'A': [1, 1, 1, 1, 1, 1, 1, 1, 1, 1], 'B': [1, 1, 1, 1, 1, 1, 1, 1, 1, 1], 'C': [1, 1, 1, 1, 1, 0, 1, 1, 1, 1]}, '南门西侧': {'A': [1, 1, 1, 1, 1, 1, 1, 1, 1, 1], 'B': [1, 1, 1, 1, 1, 1, 1, 1, 1, 1]}, '南门东侧': {'A': [1, 0, 1, 1, 1, 1, 1, 1, 1, 1], 'B': [0, 1, 1, 1, 1, 1, 1, 1, 1, 0]}, '北门东北侧': {'A': [1, 1, 1, 1, 1, 1, 1, 1, 1, 1], 'B': [0, 1, 1, 1, 1, 1, 1, 1, 1, 0], 'C': [1, 1, 1, 1, 1, 1, 1, 1, 1, 1], 'D': [1, 1, 1, 0, 1, 1, 1, 1, 1, 0]}, '北门东南侧': {'A': [1, 1, 1, 1, 1, 1, 1, 1, 1, 1], 'B': [1, 1, 0, 1, 1, 0, 1, 1, 1, 1], 'C': [1, 0, 1, 1, 1, 0, 1, 1, 0, 1], 'D': [1, 0, 1, 0, 1, 1, 1, 1, 0, 1], 'E': [1, 1, 1, 1, 1, 1, 0, 1, 0, 1], 'F': [1, 1, 1, 1, 1, 0, 1, 1, 1, 1]}, '橘园北侧南': {'A': [1, 1, 0, 1, 1, 1, 1, 1, 1, 1], 'B': [1, 1, 1, 1, 1, 1, 1, 1, 1, 1], 'C': [1, 1, 1, 1, 1, 1, 0, 1, 0, 1], 'D': [1, 1, 1, 1, 1, 1, 1, 1, 1, 1], 'E': [0, 1, 1, 1, 1, 1, 0, 1, 1, 1], 'F': [0, 1, 0, 1, 0, 1, 1, 1, 1, 1], 'G': [1, 0, 1, 1, 1, 1, 1, 1, 1, 1], 'H': [1, 1, 1, 1, 1, 1, 1, 1, 1, 1], 'I': [0, 0, 1, 0, 1, 1, 1, 1, 1, 1], 'J': [0, 1, 0, 0, 1, 1, 1, 1, 1, 0]}, '校医院西': {'A': [1, 1, 1, 1, 1, 1, 1, 1, 1, 1], 'B': [0, 1, 1, 1, 1, 1, 1, 1, 1, 1], 'C': [1, 1, 1, 1, 1, 1, 1, 1, 1, 1], 'D': [1, 1, 1, 1, 1, 1, 1, 1, 1, 1], 'E': [1, 1, 1, 1, 1, 1, 1, 0, 1, 1], 'F': [1, 1, 1, 1, 1, 1, 1, 1, 1, 1], 'G': [0, 0, 1, 1, 0, 1, 1, 1, 1, 1], 'H': [1, 0, 1, 1, 1, 1, 1, 1, 1, 0], 'I': [1, 1, 0, 1, 0, 1, 0, 1, 0, 1]}}
623576	2024-07-13 10:21:21.875000+08:00	2024-07-13 10:21:21.875000+08:00	{'东门北侧': {'A': [1, 1, 1, 1, 1, 1, 1, 1, 1, 1], 'B': [1, 1, 1, 1, 1, 1, 1, 1, 1, 1], 'C': [1, 1, 1, 1, 1, 1, 1, 1, 1, 1], 'D': [1, 0, 1, 1, 1, 1, 1, 1, 1, 1], 'E': [1, 1, 0, 1, 1, 1, 1, 1, 1, 1], 'F': [1, 1, 1, 1, 1, 1, 1, 1, 1, 1], 'G': [1, 1, 1, 1, 1, 1, 1, 1, 1, 1], 'H': [1, 1, 1, 1, 1, 1, 1, 1, 1, 1], 'I': [1, 1, 1, 1, 1, 1, 1, 1, 1, 1], 'J': [1, 1, 0, 0, 1, 1, 1, 1, 1, 1], 'K': [1, 0, 1, 0, 1, 1, 1, 1, 1, 1]}, '东门南侧': {'A': [1, 1, 1, 1, 1, 1, 1, 1, 1, 1], 'B': [0, 0, 0, 0, 0, 0, 0, 0, 0, 0]}, '西门北侧': {'A': [1, 1, 1, 1, 1, 1, 1, 1, 1, 1], 'B': [1, 1, 1, 1, 1, 1, 1, 1, 1, 0], 'C': [1, 1, 1, 1, 1, 0, 1, 1, 1, 1]}, '西门南侧': {'A': [1, 1, 1, 1, 1, 1, 1, 1, 1, 1], 'B': [1, 1, 1, 1, 1, 1, 1, 1, 1, 1], 'C': [1, 1, 1, 1, 1, 0, 1, 1, 1, 1]}, '南门西侧': {'A': [1, 1, 1, 1, 1, 1, 1, 1, 1, 1], 'B': [1, 1, 1, 1, 1, 1, 1, 1, 1, 1]}, '南门东侧': {'A': [1, 0, 1, 1, 1, 1, 1, 1, 1, 1], 'B': [0, 1, 1, 1, 1, 1, 1, 1, 1, 0]}, '北门东北侧': {'A': [1, 1, 1, 1, 1, 1, 1, 1, 1, 1], 'B': [0, 1, 1, 1, 1, 1, 1, 1, 1, 0], 'C': [1, 1, 1, 1, 1, 1, 1, 1, 1, 1], 'D': [1, 1, 1, 0, 1, 1, 1, 1, 1, 0]}, '北门东南侧': {'A': [1, 1, 1, 1, 1, 1, 1, 1, 1, 1], 'B': [1, 1, 0, 1, 1, 0, 1, 1, 1, 1], 'C': [1, 0, 1, 1, 1, 0, 1, 1, 0, 1], 'D': [1, 0, 1, 0, 1, 1, 1, 1, 0, 1], 'E': [1, 1, 1, 1, 1, 1, 0, 1, 0, 1], 'F': [1, 1, 1, 1, 1, 0, 1, 1, 1, 1]}, '橘园北侧南': {'A': [1, 1, 0, 1, 1, 1, 1, 1, 1, 1], 'B': [1, 1, 1, 1, 1, 1, 1, 1, 1, 1], 'C': [1, 1, 1, 1, 1, 1, 0, 1, 0, 1], 'D': [1, 1, 1, 1, 1, 1, 1, 1, 1, 1], 'E': [0, 1, 1, 1, 1, 1, 0, 1, 1, 1], 'F': [0, 1, 0, 1, 0, 1, 1, 1, 1, 1], 'G': [1, 0, 1, 1, 1, 1, 0, 1, 1, 1], 'H': [1, 1, 1, 1, 1, 1, 0, 1, 1, 1], 'I': [0, 0, 1, 0, 1, 1, 1, 1, 1, 1], 'J': [0, 1, 0, 0, 1, 1, 1, 1, 1, 0]}, '校医院西': {'A': [1, 1, 1, 1, 1, 1, 1, 1, 1, 1], 'B': [0, 1, 1, 1, 1, 1, 1, 1, 1, 1], 'C': [1, 1, 1, 1, 1, 1, 1, 1, 1, 1], 'D': [1, 1, 1, 1, 1, 1, 1, 1, 1, 1], 'E': [1, 1, 1, 1, 1, 1, 1, 0, 1, 1], 'F': [1, 1, 1, 1, 1, 1, 1, 1, 1, 1], 'G': [0, 0, 1, 1, 0, 1, 1, 1, 1, 1], 'H': [1, 0, 1, 1, 1, 1, 1, 1, 1, 0], 'I': [1, 1, 0, 1, 0, 1, 0, 1, 0, 1]}}
623577	2024-07-13 10:22:21.860000+08:00	2024-07-13 10:22:21.860000+08:00	{'东门北侧': {'A': [1, 1, 1, 1, 1, 1, 1, 1, 1, 1], 'B': [1, 1, 1, 1, 1, 1, 1, 1, 1, 1], 'C': [1, 1, 1, 1, 1, 1, 1, 1, 1, 1], 'D': [1, 0, 1, 1, 1, 1, 1, 1, 1, 1], 'E': [1, 1, 0, 1, 1, 1, 1, 1, 1, 1], 'F': [1, 1, 1, 1, 1, 1, 1, 1, 1, 1], 'G': [1, 1, 1, 1, 1, 1, 1, 1, 1, 1], 'H': [1, 1, 1, 1, 1, 1, 1, 1, 1, 1], 'I': [1, 1, 1, 1, 1, 1, 1, 1, 1, 1], 'J': [1, 1, 0, 0, 1, 1, 1, 1, 1, 1], 'K': [1, 0, 1, 0, 1, 1, 1, 1, 1, 1]}, '东门南侧': {'A': [1, 1, 1, 1, 1, 1, 1, 1, 1, 1], 'B': [0, 0, 0, 0, 0, 0, 0, 0, 0, 0]}, '西门北侧': {'A': [1, 1, 1, 1, 1, 1, 1, 1, 1, 1], 'B': [1, 1, 1, 1, 1, 1, 1, 1, 1, 0], 'C': [1, 1, 1, 1, 1, 0, 1, 1, 1, 1]}, '西门南侧': {'A': [1, 1, 1, 1, 1, 1, 1, 1, 1, 1], 'B': [1, 1, 1, 1, 1, 1, 1, 1, 1, 1], 'C': [1, 1, 1, 1, 1, 0, 1, 1, 1, 1]}, '南门西侧': {'A': [1, 1, 1, 1, 1, 1, 1, 1, 1, 1], 'B': [1, 1, 1, 1, 1, 1, 1, 1, 1, 1]}, '南门东侧': {'A': [1, 0, 1, 1, 1, 1, 1, 1, 1, 1], 'B': [0, 1, 1, 1, 1, 1, 1, 1, 1, 0]}, '北门东北侧': {'A': [1, 1, 1, 1, 1, 1, 1, 1, 1, 1], 'B': [0, 1, 1, 1, 1, 1, 1, 1, 1, 0], 'C': [1, 1, 1, 1, 1, 1, 1, 1, 1, 1], 'D': [1, 1, 1, 0, 1, 1, 1, 1, 1, 0]}, '北门东南侧': {'A': [1, 1, 1, 1, 1, 1, 1, 1, 1, 1], 'B': [1, 1, 0, 1, 1, 0, 1, 1, 1, 1], 'C': [1, 0, 1, 1, 1, 0, 1, 1, 0, 1], 'D': [1, 0, 1, 0, 1, 1, 1, 1, 0, 1], 'E': [1, 1, 1, 1, 1, 1, 0, 1, 0, 1], 'F': [1, 1, 1, 1, 1, 0, 1, 1, 1, 1]}, '橘园北侧南': {'A': [1, 1, 0, 1, 1, 1, 1, 1, 1, 1], 'B': [1, 1, 1, 1, 1, 1, 1, 1, 1, 1], 'C': [1, 1, 1, 1, 1, 1, 0, 1, 0, 1], 'D': [1, 1, 1, 1, 1, 1, 1, 1, 1, 1], 'E': [0, 1, 1, 1, 1, 1, 0, 1, 1, 1], 'F': [0, 1, 0, 1, 0, 1, 1, 1, 1, 1], 'G': [1, 0, 1, 1, 1, 1, 0, 1, 1, 1], 'H': [1, 1, 1, 1, 1, 1, 0, 1, 1, 1], 'I': [0, 0, 1, 0, 1, 1, 1, 1, 0, 1], 'J': [0, 1, 0, 0, 1, 1, 1, 1, 1, 0]}, '校医院西': {'A': [1, 1, 1, 1, 1, 1, 1, 1, 1, 1], 'B': [0, 1, 1, 1, 1, 1, 1, 1, 1, 1], 'C': [1, 1, 1, 1, 1, 1, 1, 1, 1, 1], 'D': [1, 1, 1, 1, 1, 1, 1, 1, 1, 1], 'E': [1, 1, 1, 1, 1, 1, 1, 0, 1, 1], 'F': [1, 1, 1, 1, 1, 1, 1, 1, 1, 1], 'G': [0, 0, 1, 1, 0, 1, 1, 1, 1, 1], 'H': [1, 0, 1, 1, 1, 1, 1, 1, 1, 0], 'I': [1, 1, 0, 1, 0, 1, 0, 1, 0, 1]}}
623578	2024-07-13 10:23:23.183000+08:00	2024-07-13 10:23:23.183000+08:00	{'东门北侧': {'A': [1, 1, 1, 1, 1, 1, 1, 1, 1, 1], 'B': [1, 1, 1, 1, 1, 1, 1, 1, 1, 1], 'C': [1, 1, 1, 1, 1, 1, 1, 1, 1, 1], 'D': [1, 0, 1, 1, 1, 1, 1, 1, 1, 1], 'E': [1, 1, 0, 1, 1, 1, 1, 1, 1, 1], 'F': [1, 1, 1, 1, 1, 1, 1, 1, 1, 1], 'G': [1, 1, 1, 1, 1, 1, 1, 1, 1, 1], 'H': [1, 1, 1, 1, 1, 1, 1, 1, 1, 1], 'I': [1, 1, 1, 1, 1, 1, 1, 1, 1, 1], 'J': [1, 1, 0, 0, 1, 1, 1, 1, 1, 1], 'K': [1, 0, 1, 0, 1, 1, 1, 1, 1, 1]}, '东门南侧': {'A': [1, 1, 1, 1, 1, 1, 1, 1, 1, 1], 'B': [0, 0, 0, 0, 0, 0, 0, 0, 0, 0]}, '西门北侧': {'A': [1, 1, 1, 1, 1, 1, 1, 1, 1, 1], 'B': [1, 1, 1, 1, 1, 1, 1, 1, 1, 0], 'C': [1, 1, 1, 1, 1, 0, 1, 1, 1, 1]}, '西门南侧': {'A': [1, 1, 1, 1, 1, 1, 1, 1, 1, 1], 'B': [1, 1, 1, 1, 1, 1, 1, 1, 1, 1], 'C': [1, 1, 1, 1, 1, 0, 1, 1, 1, 1]}, '南门西侧': {'A': [1, 1, 1, 1, 1, 1, 1, 1, 1, 1], 'B': [1, 1, 1, 1, 1, 1, 1, 1, 1, 1]}, '南门东侧': {'A': [1, 0, 1, 1, 1, 1, 1, 1, 1, 1], 'B': [0, 1, 1, 1, 1, 1, 1, 1, 1, 0]}, '北门东北侧': {'A': [1, 1, 1, 1, 1, 1, 1, 1, 1, 1], 'B': [0, 1, 1, 1, 1, 1, 0, 1, 1, 0], 'C': [0, 1, 1, 1, 1, 1, 1, 1, 1, 1], 'D': [1, 1, 1, 0, 1, 1, 1, 1, 1, 0]}, '北门东南侧': {'A': [1, 1, 1, 1, 1, 1, 1, 1, 1, 1], 'B': [1, 1, 0, 1, 1, 0, 1, 1, 1, 1], 'C': [1, 0, 1, 1, 1, 0, 1, 1, 0, 1], 'D': [1, 0, 1, 0, 1, 1, 1, 1, 0, 1], 'E': [1, 1, 1, 1, 1, 1, 0, 1, 0, 1], 'F': [1, 1, 1, 1, 1, 0, 1, 1, 1, 1]}, '橘园北侧南': {'A': [1, 1, 0, 1, 1, 1, 1, 1, 1, 1], 'B': [1, 1, 1, 1, 1, 1, 1, 1, 1, 1], 'C': [1, 1, 1, 1, 1, 1, 0, 1, 0, 1], 'D': [1, 1, 1, 1, 1, 1, 1, 1, 1, 1], 'E': [0, 1, 1, 1, 1, 1, 0, 1, 1, 1], 'F': [0, 1, 0, 1, 0, 1, 1, 1, 1, 1], 'G': [1, 0, 1, 1, 1, 1, 0, 1, 1, 1], 'H': [1, 1, 1, 1, 1, 1, 0, 1, 1, 1], 'I': [0, 0, 1, 0, 1, 1, 1, 1, 0, 1], 'J': [0, 1, 0, 0, 1, 1, 1, 1, 1, 0]}, '校医院西': {'A': [1, 1, 1, 1, 1, 1, 1, 1, 1, 1], 'B': [0, 1, 1, 1, 1, 1, 1, 1, 1, 1], 'C': [1, 1, 1, 1, 1, 1, 1, 1, 1, 1], 'D': [1, 1, 1, 1, 1, 1, 1, 1, 1, 1], 'E': [1, 1, 1, 1, 1, 1, 1, 0, 1, 1], 'F': [1, 1, 1, 1, 1, 1, 1, 1, 1, 1], 'G': [0, 0, 1, 1, 0, 1, 1, 1, 1, 1], 'H': [1, 0, 1, 1, 1, 1, 1, 1, 1, 0], 'I': [1, 1, 0, 1, 0, 1, 0, 1, 0, 1]}}
623579	2024-07-13 10:24:22.899000+08:00	2024-07-13 10:24:22.899000+08:00	{'东门北侧': {'A': [1, 1, 1, 1, 1, 1, 1, 1, 1, 1], 'B': [1, 1, 1, 1, 1, 1, 1, 1, 1, 1], 'C': [1, 1, 1, 1, 1, 1, 1, 1, 1, 1], 'D': [1, 0, 1, 1, 1, 1, 1, 1, 1, 1], 'E': [1, 1, 0, 1, 1, 1, 1, 1, 1, 1], 'F': [1, 1, 1, 1, 1, 1, 1, 1, 1, 1], 'G': [1, 1, 1, 1, 1, 1, 1, 1, 1, 1], 'H': [1, 1, 1, 1, 1, 1, 1, 1, 1, 1], 'I': [1, 1, 1, 1, 1, 1, 1, 1, 1, 1], 'J': [1, 1, 0, 0, 1, 1, 1, 1, 1, 1], 'K': [1, 0, 1, 0, 1, 1, 1, 1, 1, 1]}, '东门南侧': {'A': [1, 1, 1, 1, 1, 1, 1, 1, 1, 1], 'B': [0, 0, 0, 0, 0, 0, 0, 0, 0, 0]}, '西门北侧': {'A': [1, 1, 1, 1, 1, 1, 1, 1, 1, 1], 'B': [1, 1, 1, 1, 1, 1, 1, 1, 1, 0], 'C': [1, 1, 1, 1, 1, 0, 1, 1, 1, 1]}, '西门南侧': {'A': [1, 1, 1, 1, 1, 1, 1, 1, 1, 1], 'B': [1, 1, 1, 1, 1, 1, 1, 1, 1, 1], 'C': [1, 1, 1, 1, 1, 0, 1, 1, 1, 1]}, '南门西侧': {'A': [1, 1, 1, 1, 1, 1, 1, 1, 1, 1], 'B': [1, 1, 1, 1, 1, 1, 1, 1, 1, 1]}, '南门东侧': {'A': [1, 0, 1, 1, 1, 1, 1, 1, 1, 1], 'B': [0, 1, 1, 1, 1, 1, 1, 1, 1, 0]}, '北门东北侧': {'A': [1, 1, 1, 1, 1, 1, 1, 1, 1, 1], 'B': [0, 1, 1, 1, 1, 1, 0, 1, 1, 0], 'C': [0, 1, 1, 1, 1, 1, 1, 1, 1, 1], 'D': [1, 1, 1, 0, 1, 1, 1, 1, 1, 0]}, '北门东南侧': {'A': [1, 1, 1, 1, 1, 1, 1, 1, 1, 1], 'B': [1, 1, 0, 1, 1, 0, 1, 1, 1, 1], 'C': [1, 0, 1, 1, 1, 0, 1, 1, 0, 1], 'D': [0, 0, 1, 0, 1, 1, 1, 1, 0, 1], 'E': [1, 1, 1, 1, 1, 1, 0, 1, 0, 1], 'F': [1, 1, 1, 1, 1, 0, 1, 1, 1, 1]}, '橘园北侧南': {'A': [1, 1, 0, 1, 1, 1, 1, 1, 1, 1], 'B': [1, 1, 1, 1, 1, 1, 1, 1, 1, 1], 'C': [1, 1, 1, 1, 1, 1, 0, 1, 0, 1], 'D': [1, 1, 1, 1, 1, 1, 1, 1, 1, 1], 'E': [0, 1, 1, 1, 1, 1, 0, 1, 1, 1], 'F': [0, 1, 0, 1, 0, 1, 1, 1, 1, 1], 'G': [1, 0, 1, 1, 1, 1, 0, 1, 1, 1], 'H': [1, 1, 1, 1, 1, 0, 1, 1, 1, 1], 'I': [0, 0, 1, 0, 1, 1, 1, 1, 0, 1], 'J': [0, 1, 0, 0, 1, 1, 1, 1, 1, 0]}, '校医院西': {'A': [1, 1, 1, 1, 1, 1, 1, 1, 1, 1], 'B': [0, 1, 1, 1, 1, 1, 1, 1, 1, 1], 'C': [1, 1, 1, 1, 1, 1, 1, 1, 1, 1], 'D': [1, 1, 1, 1, 1, 1, 1, 1, 1, 1], 'E': [1, 1, 1, 1, 1, 1, 1, 0, 1, 1], 'F': [1, 1, 1, 1, 1, 1, 1, 1, 1, 1], 'G': [0, 0, 1, 1, 0, 1, 1, 1, 1, 1], 'H': [1, 0, 1, 1, 1, 1, 1, 1, 1, 0], 'I': [1, 1, 0, 1, 0, 1, 0, 1, 0, 1]}}
623580	2024-07-13 10:25:22.868000+08:00	2024-07-13 10:25:22.868000+08:00	{'东门北侧': {'A': [1, 1, 1, 1, 1, 1, 1, 1, 1, 1], 'B': [1, 1, 1, 1, 1, 1, 1, 1, 1, 1], 'C': [1, 1, 1, 1, 1, 1, 1, 1, 1, 1], 'D': [1, 0, 1, 1, 1, 1, 1, 1, 1, 1], 'E': [1, 1, 0, 1, 1, 1, 1, 1, 1, 1], 'F': [1, 1, 1, 1, 1, 1, 1, 1, 1, 1], 'G': [1, 1, 1, 1, 1, 1, 1, 1, 1, 1], 'H': [1, 1, 1, 1, 1, 1, 1, 1, 1, 1], 'I': [1, 1, 1, 1, 1, 1, 1, 1, 1, 1], 'J': [1, 1, 0, 0, 1, 1, 1, 1, 1, 1], 'K': [1, 0, 1, 0, 1, 1, 1, 1, 1, 1]}, '东门南侧': {'A': [1, 1, 1, 1, 1, 1, 1, 1, 1, 1], 'B': [0, 0, 0, 0, 0, 0, 0, 0, 0, 0]}, '西门北侧': {'A': [1, 1, 1, 1, 1, 1, 1, 1, 1, 1], 'B': [1, 1, 1, 1, 1, 1, 1, 1, 1, 0], 'C': [1, 1, 1, 1, 1, 0, 1, 1, 1, 1]}, '西门南侧': {'A': [1, 1, 1, 1, 1, 1, 1, 1, 1, 1], 'B': [1, 1, 1, 1, 1, 1, 1, 1, 1, 1], 'C': [1, 1, 1, 1, 1, 0, 1, 1, 1, 1]}, '南门西侧': {'A': [1, 1, 1, 1, 1, 1, 1, 1, 1, 1], 'B': [1, 1, 1, 1, 1, 1, 1, 1, 1, 1]}, '南门东侧': {'A': [1, 0, 1, 1, 1, 1, 1, 1, 1, 1], 'B': [0, 1, 1, 1, 1, 1, 1, 1, 1, 0]}, '北门东北侧': {'A': [1, 1, 1, 1, 1, 1, 1, 1, 1, 1], 'B': [0, 1, 1, 1, 1, 1, 0, 1, 1, 0], 'C': [0, 1, 1, 1, 1, 1, 1, 1, 1, 1], 'D': [1, 1, 1, 0, 1, 1, 1, 1, 1, 0]}, '北门东南侧': {'A': [1, 1, 1, 1, 1, 1, 1, 1, 1, 1], 'B': [1, 1, 0, 1, 1, 0, 1, 1, 1, 1], 'C': [1, 0, 1, 1, 1, 0, 1, 1, 0, 1], 'D': [0, 0, 1, 0, 1, 1, 1, 1, 0, 1], 'E': [1, 1, 1, 1, 1, 1, 0, 1, 0, 1], 'F': [1, 1, 1, 1, 1, 0, 1, 1, 1, 1]}, '橘园北侧南': {'A': [1, 1, 0, 1, 1, 1, 1, 1, 1, 1], 'B': [1, 1, 1, 1, 1, 1, 1, 1, 1, 1], 'C': [1, 1, 1, 1, 1, 1, 0, 1, 0, 1], 'D': [1, 1, 1, 1, 1, 1, 1, 1, 1, 1], 'E': [0, 1, 1, 1, 1, 1, 0, 1, 1, 1], 'F': [0, 1, 0, 1, 0, 1, 1, 1, 1, 1], 'G': [1, 0, 1, 1, 1, 1, 0, 1, 1, 1], 'H': [1, 1, 1, 1, 1, 1, 1, 1, 1, 1], 'I': [0, 0, 1, 0, 1, 1, 1, 1, 0, 1], 'J': [0, 1, 0, 0, 1, 1, 1, 1, 1, 0]}, '校医院西': {'A': [1, 1, 1, 1, 1, 1, 1, 1, 1, 1], 'B': [0, 1, 1, 1, 1, 1, 1, 1, 1, 1], 'C': [1, 1, 1, 1, 1, 1, 1, 1, 1, 1], 'D': [1, 1, 1, 1, 1, 1, 1, 1, 1, 1], 'E': [1, 1, 1, 1, 1, 1, 1, 0, 1, 1], 'F': [1, 1, 1, 1, 1, 1, 1, 1, 1, 1], 'G': [0, 0, 1, 1, 0, 1, 1, 1, 1, 1], 'H': [1, 0, 1, 1, 1, 1, 1, 1, 1, 0], 'I': [1, 1, 0, 1, 0, 1, 0, 1, 0, 1]}}
623581	2024-07-13 10:26:20.864000+08:00	2024-07-13 10:26:20.864000+08:00	{'东门北侧': {'A': [1, 1, 1, 1, 1, 1, 1, 1, 1, 1], 'B': [1, 1, 1, 1, 1, 1, 1, 1, 1, 1], 'C': [1, 1, 1, 1, 1, 1, 1, 1, 1, 1], 'D': [1, 0, 1, 1, 1, 1, 1, 1, 1, 1], 'E': [1, 1, 0, 1, 1, 1, 1, 1, 1, 1], 'F': [1, 1, 1, 1, 1, 1, 1, 1, 1, 1], 'G': [1, 1, 1, 1, 1, 1, 1, 1, 1, 1], 'H': [1, 1, 1, 1, 1, 1, 1, 1, 1, 1], 'I': [1, 1, 1, 1, 1, 1, 1, 1, 1, 1], 'J': [1, 1, 0, 0, 1, 1, 1, 1, 1, 1], 'K': [1, 0, 1, 0, 1, 1, 1, 1, 1, 1]}, '东门南侧': {'A': [1, 1, 1, 1, 1, 1, 1, 1, 1, 1], 'B': [0, 0, 0, 0, 0, 0, 0, 0, 0, 0]}, '西门北侧': {'A': [1, 1, 1, 1, 1, 1, 1, 1, 1, 1], 'B': [1, 1, 1, 1, 1, 1, 1, 1, 1, 0], 'C': [1, 1, 1, 1, 1, 0, 1, 1, 1, 1]}, '西门南侧': {'A': [1, 1, 1, 1, 1, 1, 1, 1, 1, 1], 'B': [1, 1, 1, 1, 1, 1, 1, 1, 1, 1], 'C': [1, 1, 1, 1, 1, 0, 1, 1, 1, 1]}, '南门西侧': {'A': [1, 1, 1, 1, 1, 1, 1, 1, 1, 1], 'B': [1, 1, 1, 1, 1, 1, 1, 1, 1, 1]}, '南门东侧': {'A': [1, 0, 1, 1, 1, 1, 1, 1, 1, 1], 'B': [0, 1, 1, 1, 1, 1, 1, 1, 1, 0]}, '北门东北侧': {'A': [1, 1, 1, 1, 1, 1, 1, 1, 1, 1], 'B': [0, 1, 1, 1, 1, 1, 0, 1, 1, 0], 'C': [0, 1, 1, 1, 1, 1, 1, 1, 1, 1], 'D': [1, 1, 1, 0, 1, 1, 1, 1, 1, 0]}, '北门东南侧': {'A': [1, 1, 1, 1, 1, 1, 1, 1, 1, 1], 'B': [1, 1, 0, 1, 1, 0, 1, 1, 1, 1], 'C': [1, 0, 1, 1, 1, 0, 1, 1, 0, 1], 'D': [0, 0, 1, 0, 1, 1, 1, 1, 0, 1], 'E': [1, 1, 1, 1, 1, 1, 0, 1, 0, 1], 'F': [1, 1, 1, 1, 1, 0, 1, 1, 1, 1]}, '橘园北侧南': {'A': [1, 1, 0, 1, 1, 1, 1, 1, 1, 1], 'B': [1, 1, 1, 1, 1, 1, 1, 1, 1, 1], 'C': [1, 1, 1, 1, 1, 1, 0, 1, 0, 1], 'D': [1, 1, 1, 1, 1, 1, 1, 1, 1, 1], 'E': [0, 1, 1, 1, 1, 1, 0, 1, 1, 1], 'F': [0, 1, 0, 1, 0, 1, 1, 1, 1, 1], 'G': [1, 0, 1, 1, 1, 1, 0, 1, 1, 1], 'H': [1, 1, 1, 1, 1, 1, 1, 1, 1, 1], 'I': [0, 0, 1, 0, 1, 1, 1, 1, 0, 1], 'J': [0, 1, 0, 0, 1, 1, 1, 1, 1, 0]}, '校医院西': {'A': [1, 1, 1, 1, 1, 1, 1, 1, 1, 1], 'B': [0, 1, 1, 1, 1, 1, 1, 1, 1, 1], 'C': [1, 1, 1, 1, 1, 1, 1, 1, 1, 1], 'D': [1, 1, 1, 1, 1, 1, 1, 1, 1, 1], 'E': [1, 1, 1, 1, 1, 1, 1, 0, 1, 1], 'F': [1, 1, 1, 1, 1, 1, 1, 1, 1, 1], 'G': [0, 0, 1, 1, 0, 1, 1, 1, 1, 1], 'H': [1, 0, 1, 1, 1, 1, 1, 1, 1, 0], 'I': [1, 1, 0, 1, 0, 1, 0, 1, 0, 1]}}
623582	2024-07-13 10:27:22.918000+08:00	2024-07-13 10:27:22.918000+08:00	{'东门北侧': {'A': [1, 1, 1, 1, 1, 1, 1, 1, 1, 1], 'B': [1, 1, 1, 1, 1, 1, 1, 1, 1, 1], 'C': [1, 1, 1, 1, 1, 1, 1, 1, 1, 1], 'D': [1, 0, 1, 1, 1, 1, 1, 1, 1, 1], 'E': [1, 1, 0, 1, 1, 1, 1, 1, 1, 1], 'F': [1, 1, 1, 1, 1, 1, 1, 1, 1, 1], 'G': [1, 1, 1, 1, 1, 1, 1, 1, 1, 1], 'H': [1, 1, 1, 1, 1, 1, 1, 1, 1, 1], 'I': [1, 1, 1, 1, 1, 1, 1, 1, 1, 1], 'J': [1, 1, 0, 0, 1, 1, 1, 1, 1, 1], 'K': [1, 0, 1, 0, 1, 1, 1, 1, 1, 1]}, '东门南侧': {'A': [1, 1, 1, 1, 1, 1, 1, 1, 1, 1], 'B': [0, 0, 0, 0, 0, 0, 0, 0, 0, 0]}, '西门北侧': {'A': [1, 1, 1, 1, 1, 1, 1, 1, 1, 1], 'B': [1, 1, 1, 1, 1, 1, 1, 1, 1, 0], 'C': [1, 1, 1, 1, 1, 0, 1, 1, 1, 1]}, '西门南侧': {'A': [1, 1, 1, 1, 1, 1, 1, 1, 1, 1], 'B': [1, 1, 1, 1, 1, 1, 1, 1, 1, 1], 'C': [1, 1, 1, 1, 1, 0, 1, 1, 1, 1]}, '南门西侧': {'A': [1, 1, 1, 1, 1, 1, 1, 1, 1, 1], 'B': [1, 1, 1, 1, 1, 1, 1, 1, 1, 1]}, '南门东侧': {'A': [1, 0, 1, 1, 1, 1, 1, 1, 1, 1], 'B': [0, 1, 1, 1, 1, 1, 1, 1, 1, 0]}, '北门东北侧': {'A': [1, 1, 1, 1, 1, 1, 1, 1, 1, 1], 'B': [0, 1, 1, 1, 1, 1, 0, 1, 1, 0], 'C': [0, 1, 1, 1, 1, 1, 1, 1, 1, 1], 'D': [1, 1, 1, 0, 1, 1, 1, 1, 1, 0]}, '北门东南侧': {'A': [1, 1, 1, 1, 1, 1, 1, 1, 1, 1], 'B': [1, 1, 0, 1, 1, 0, 1, 1, 1, 1], 'C': [1, 0, 1, 1, 1, 0, 1, 1, 0, 1], 'D': [0, 0, 1, 0, 1, 1, 1, 1, 0, 1], 'E': [1, 1, 1, 1, 1, 1, 0, 1, 0, 1], 'F': [1, 1, 1, 1, 1, 0, 1, 1, 1, 1]}, '橘园北侧南': {'A': [1, 1, 0, 1, 1, 1, 1, 1, 1, 1], 'B': [1, 1, 1, 1, 1, 1, 1, 1, 1, 1], 'C': [1, 1, 1, 1, 1, 1, 0, 1, 0, 1], 'D': [1, 1, 1, 1, 1, 1, 1, 1, 1, 1], 'E': [0, 1, 1, 1, 1, 1, 0, 1, 1, 1], 'F': [0, 1, 0, 1, 0, 1, 1, 1, 0, 1], 'G': [0, 0, 1, 1, 1, 1, 0, 1, 1, 1], 'H': [1, 1, 1, 1, 1, 1, 1, 1, 1, 1], 'I': [0, 0, 1, 0, 1, 1, 1, 1, 0, 1], 'J': [0, 1, 0, 0, 1, 1, 1, 1, 1, 0]}, '校医院西': {'A': [1, 1, 1, 1, 1, 1, 1, 1, 1, 1], 'B': [0, 1, 1, 1, 1, 1, 1, 1, 1, 1], 'C': [1, 1, 1, 1, 1, 1, 1, 1, 1, 1], 'D': [1, 1, 1, 1, 1, 1, 1, 1, 1, 1], 'E': [1, 1, 1, 1, 1, 1, 1, 0, 1, 1], 'F': [1, 1, 1, 1, 1, 1, 1, 1, 1, 1], 'G': [0, 0, 1, 1, 0, 1, 1, 1, 1, 1], 'H': [1, 0, 1, 1, 1, 1, 1, 1, 1, 0], 'I': [1, 1, 0, 1, 0, 1, 0, 1, 0, 1]}}
623583	2024-07-13 10:28:23.886000+08:00	2024-07-13 10:28:23.886000+08:00	{'东门北侧': {'A': [1, 1, 1, 1, 1, 1, 1, 1, 1, 1], 'B': [1, 1, 1, 1, 1, 1, 1, 1, 1, 1], 'C': [1, 1, 1, 1, 1, 1, 1, 1, 1, 1], 'D': [1, 0, 1, 1, 1, 1, 1, 1, 1, 1], 'E': [1, 1, 0, 1, 1, 1, 1, 1, 1, 1], 'F': [1, 1, 1, 1, 1, 1, 1, 1, 1, 1], 'G': [1, 1, 1, 1, 1, 1, 1, 1, 1, 1], 'H': [1, 1, 1, 1, 1, 1, 1, 1, 1, 1], 'I': [1, 1, 1, 1, 1, 1, 1, 1, 1, 1], 'J': [1, 1, 0, 0, 1, 1, 1, 1, 1, 1], 'K': [1, 0, 1, 0, 1, 1, 1, 1, 1, 1]}, '东门南侧': {'A': [1, 1, 1, 1, 1, 1, 1, 1, 1, 1], 'B': [0, 0, 0, 0, 0, 0, 0, 0, 0, 0]}, '西门北侧': {'A': [1, 1, 1, 1, 1, 1, 1, 1, 1, 1], 'B': [1, 1, 1, 1, 1, 1, 1, 1, 1, 0], 'C': [1, 1, 1, 1, 1, 0, 1, 1, 1, 1]}, '西门南侧': {'A': [1, 1, 1, 1, 1, 1, 1, 1, 1, 1], 'B': [1, 1, 1, 1, 1, 1, 1, 1, 1, 1], 'C': [1, 1, 1, 1, 1, 0, 1, 1, 1, 1]}, '南门西侧': {'A': [1, 1, 1, 1, 1, 1, 1, 1, 1, 1], 'B': [1, 1, 1, 1, 1, 1, 1, 1, 1, 1]}, '南门东侧': {'A': [1, 0, 1, 1, 1, 1, 1, 1, 1, 1], 'B': [0, 1, 1, 1, 1, 1, 1, 1, 1, 0]}, '北门东北侧': {'A': [1, 1, 1, 1, 1, 1, 1, 1, 1, 1], 'B': [0, 1, 1, 1, 1, 1, 0, 1, 1, 0], 'C': [0, 1, 1, 1, 1, 1, 1, 1, 1, 1], 'D': [1, 1, 1, 0, 1, 1, 1, 1, 1, 0]}, '北门东南侧': {'A': [1, 1, 1, 1, 1, 1, 1, 1, 1, 1], 'B': [1, 1, 0, 1, 1, 0, 1, 1, 1, 1], 'C': [1, 0, 1, 1, 1, 0, 1, 1, 0, 1], 'D': [0, 0, 1, 0, 1, 1, 1, 1, 0, 1], 'E': [1, 1, 1, 1, 1, 1, 0, 1, 0, 1], 'F': [1, 1, 1, 1, 1, 0, 1, 1, 1, 1]}, '橘园北侧南': {'A': [1, 1, 0, 1, 1, 1, 1, 1, 1, 1], 'B': [1, 1, 1, 1, 1, 1, 1, 1, 1, 1], 'C': [1, 1, 1, 1, 1, 1, 0, 1, 0, 1], 'D': [1, 1, 1, 1, 1, 1, 1, 1, 1, 1], 'E': [0, 1, 1, 1, 1, 1, 0, 1, 1, 1], 'F': [0, 1, 0, 1, 0, 1, 1, 1, 0, 1], 'G': [0, 0, 1, 1, 1, 1, 0, 1, 1, 1], 'H': [1, 1, 1, 1, 1, 1, 1, 1, 1, 1], 'I': [0, 0, 1, 0, 1, 1, 1, 1, 0, 1], 'J': [0, 1, 0, 0, 1, 1, 1, 1, 1, 0]}, '校医院西': {'A': [1, 1, 1, 1, 1, 1, 1, 1, 1, 1], 'B': [0, 1, 1, 1, 1, 1, 1, 1, 1, 1], 'C': [1, 1, 1, 1, 1, 1, 1, 1, 1, 1], 'D': [1, 1, 1, 1, 1, 1, 1, 1, 1, 1], 'E': [1, 1, 1, 1, 1, 1, 1, 0, 1, 1], 'F': [1, 1, 1, 1, 1, 1, 1, 1, 1, 1], 'G': [0, 0, 1, 1, 0, 1, 1, 1, 1, 1], 'H': [1, 0, 1, 1, 1, 1, 0, 1, 1, 0], 'I': [1, 1, 0, 1, 0, 1, 0, 1, 0, 1]}}
623584	2024-07-13 10:29:23.865000+08:00	2024-07-13 10:29:23.865000+08:00	{'东门北侧': {'A': [1, 1, 1, 1, 1, 1, 1, 1, 1, 1], 'B': [1, 1, 1, 1, 1, 1, 1, 1, 1, 1], 'C': [1, 1, 1, 1, 1, 1, 1, 1, 1, 1], 'D': [1, 0, 1, 1, 1, 1, 1, 1, 1, 1], 'E': [1, 1, 0, 1, 1, 1, 1, 1, 1, 1], 'F': [1, 1, 1, 1, 1, 1, 1, 1, 1, 1], 'G': [1, 1, 1, 1, 1, 1, 1, 1, 1, 1], 'H': [1, 1, 1, 1, 1, 1, 1, 1, 1, 1], 'I': [1, 1, 1, 1, 1, 1, 1, 1, 1, 1], 'J': [1, 1, 0, 0, 1, 1, 1, 1, 1, 1], 'K': [1, 0, 1, 0, 1, 1, 1, 1, 1, 1]}, '东门南侧': {'A': [1, 1, 1, 1, 1, 1, 1, 1, 1, 1], 'B': [0, 0, 0, 0, 0, 0, 0, 0, 0, 0]}, '西门北侧': {'A': [1, 1, 1, 1, 1, 1, 1, 1, 1, 1], 'B': [1, 1, 1, 1, 1, 1, 1, 1, 1, 0], 'C': [1, 1, 1, 1, 1, 0, 1, 1, 1, 1]}, '西门南侧': {'A': [1, 1, 1, 1, 1, 1, 1, 1, 1, 1], 'B': [1, 1, 1, 1, 1, 1, 1, 1, 1, 1], 'C': [1, 1, 1, 1, 1, 0, 1, 1, 1, 1]}, '南门西侧': {'A': [1, 1, 1, 1, 1, 1, 1, 1, 1, 1], 'B': [1, 1, 1, 1, 1, 1, 1, 1, 1, 1]}, '南门东侧': {'A': [1, 0, 1, 1, 1, 1, 1, 1, 1, 1], 'B': [0, 1, 1, 1, 1, 1, 1, 1, 1, 0]}, '北门东北侧': {'A': [1, 1, 1, 1, 1, 1, 1, 1, 1, 1], 'B': [0, 1, 1, 1, 1, 1, 0, 1, 1, 0], 'C': [0, 1, 1, 1, 1, 1, 1, 1, 1, 1], 'D': [1, 1, 1, 0, 1, 1, 1, 1, 1, 0]}, '北门东南侧': {'A': [1, 1, 1, 1, 1, 1, 1, 1, 1, 1], 'B': [1, 1, 0, 1, 1, 0, 1, 1, 1, 1], 'C': [1, 0, 1, 1, 1, 0, 1, 1, 0, 1], 'D': [0, 0, 1, 0, 1, 1, 1, 1, 0, 1], 'E': [1, 1, 1, 1, 1, 1, 0, 1, 0, 1], 'F': [1, 1, 1, 1, 1, 0, 1, 1, 1, 1]}, '橘园北侧南': {'A': [1, 1, 0, 1, 1, 1, 1, 1, 1, 1], 'B': [1, 1, 1, 1, 1, 1, 1, 1, 1, 1], 'C': [1, 1, 1, 1, 1, 1, 0, 1, 0, 1], 'D': [1, 1, 1, 1, 1, 1, 1, 1, 1, 1], 'E': [0, 1, 1, 1, 1, 1, 0, 1, 1, 1], 'F': [0, 1, 0, 1, 0, 1, 1, 1, 0, 1], 'G': [0, 1, 1, 1, 1, 1, 0, 1, 1, 1], 'H': [1, 1, 1, 1, 1, 1, 1, 1, 1, 1], 'I': [0, 0, 1, 0, 1, 1, 1, 1, 0, 1], 'J': [0, 1, 0, 0, 1, 1, 1, 1, 1, 0]}, '校医院西': {'A': [1, 1, 1, 1, 1, 1, 1, 1, 1, 1], 'B': [0, 1, 1, 1, 1, 1, 1, 1, 1, 1], 'C': [1, 1, 1, 1, 1, 1, 1, 1, 1, 1], 'D': [1, 1, 1, 1, 1, 1, 1, 1, 1, 1], 'E': [1, 1, 1, 1, 1, 1, 1, 0, 1, 1], 'F': [1, 1, 1, 1, 1, 1, 1, 1, 1, 1], 'G': [0, 0, 1, 1, 0, 1, 1, 1, 1, 1], 'H': [1, 0, 1, 1, 1, 1, 0, 1, 1, 0], 'I': [1, 1, 0, 1, 0, 1, 0, 1, 0, 1]}}
623585	2024-07-13 10:30:23.563000+08:00	2024-07-13 10:30:23.563000+08:00	{'东门北侧': {'A': [1, 1, 1, 1, 1, 1, 1, 1, 1, 1], 'B': [1, 1, 1, 1, 1, 1, 1, 1, 1, 1], 'C': [1, 1, 1, 1, 1, 1, 1, 1, 1, 1], 'D': [1, 0, 1, 1, 1, 1, 1, 1, 1, 1], 'E': [1, 1, 0, 1, 1, 1, 1, 1, 1, 1], 'F': [1, 1, 1, 1, 1, 1, 1, 1, 1, 1], 'G': [1, 1, 1, 1, 1, 1, 1, 1, 1, 1], 'H': [1, 1, 1, 1, 1, 1, 1, 1, 1, 1], 'I': [1, 1, 1, 1, 1, 1, 1, 1, 1, 1], 'J': [1, 1, 0, 0, 1, 1, 1, 1, 1, 1], 'K': [1, 0, 1, 0, 1, 1, 1, 1, 1, 1]}, '东门南侧': {'A': [1, 1, 1, 1, 1, 1, 1, 1, 1, 1], 'B': [0, 0, 0, 0, 0, 0, 0, 0, 0, 0]}, '西门北侧': {'A': [1, 1, 1, 1, 1, 1, 1, 1, 1, 1], 'B': [1, 1, 1, 1, 1, 1, 1, 1, 1, 0], 'C': [1, 1, 1, 1, 1, 0, 1, 1, 1, 1]}, '西门南侧': {'A': [1, 1, 1, 1, 1, 1, 1, 1, 1, 1], 'B': [1, 1, 1, 1, 1, 1, 1, 1, 1, 1], 'C': [1, 1, 1, 1, 1, 0, 1, 1, 1, 1]}, '南门西侧': {'A': [1, 1, 1, 1, 1, 1, 1, 1, 1, 1], 'B': [1, 1, 1, 1, 1, 1, 1, 1, 1, 1]}, '南门东侧': {'A': [1, 0, 1, 1, 1, 1, 1, 1, 1, 1], 'B': [0, 1, 1, 1, 1, 1, 1, 1, 1, 0]}, '北门东北侧': {'A': [1, 1, 1, 1, 1, 1, 1, 1, 1, 1], 'B': [0, 1, 1, 1, 1, 1, 0, 1, 1, 0], 'C': [0, 1, 1, 1, 1, 1, 1, 1, 1, 1], 'D': [1, 1, 1, 0, 1, 1, 1, 1, 1, 0]}, '北门东南侧': {'A': [1, 1, 1, 1, 1, 1, 1, 1, 1, 1], 'B': [1, 1, 0, 1, 1, 0, 1, 1, 1, 1], 'C': [1, 0, 1, 1, 1, 0, 1, 1, 0, 1], 'D': [0, 0, 1, 0, 1, 1, 1, 1, 0, 1], 'E': [1, 1, 1, 1, 1, 1, 0, 1, 0, 1], 'F': [1, 1, 1, 1, 1, 0, 1, 1, 1, 1]}, '橘园北侧南': {'A': [1, 1, 0, 1, 1, 1, 1, 1, 1, 1], 'B': [1, 1, 1, 1, 1, 1, 1, 1, 1, 1], 'C': [1, 1, 1, 1, 1, 1, 0, 1, 0, 1], 'D': [1, 1, 1, 1, 1, 1, 1, 1, 1, 1], 'E': [0, 1, 1, 1, 1, 1, 0, 1, 1, 1], 'F': [0, 1, 0, 1, 0, 1, 1, 1, 0, 1], 'G': [0, 1, 1, 1, 1, 1, 0, 1, 1, 1], 'H': [1, 1, 1, 1, 1, 1, 1, 1, 1, 1], 'I': [0, 0, 1, 0, 1, 1, 1, 1, 0, 1], 'J': [0, 1, 0, 0, 1, 1, 1, 1, 1, 0]}, '校医院西': {'A': [1, 1, 1, 1, 1, 1, 1, 1, 1, 1], 'B': [0, 1, 1, 1, 1, 1, 1, 1, 1, 1], 'C': [1, 1, 1, 1, 1, 1, 1, 1, 1, 1], 'D': [1, 1, 1, 1, 1, 1, 1, 1, 1, 1], 'E': [1, 1, 1, 1, 1, 1, 1, 0, 1, 1], 'F': [1, 1, 1, 1, 1, 1, 1, 1, 1, 1], 'G': [0, 0, 1, 1, 0, 1, 1, 1, 1, 1], 'H': [1, 0, 1, 1, 1, 1, 0, 1, 1, 0], 'I': [1, 1, 0, 1, 0, 1, 0, 1, 0, 1]}}
623586	2024-07-13 10:31:20.900000+08:00	2024-07-13 10:31:20.900000+08:00	{'东门北侧': {'A': [1, 1, 1, 1, 1, 1, 1, 1, 1, 1], 'B': [1, 1, 1, 1, 1, 1, 1, 1, 1, 1], 'C': [1, 1, 1, 1, 1, 1, 1, 1, 1, 1], 'D': [1, 0, 1, 1, 1, 1, 1, 1, 1, 1], 'E': [1, 1, 0, 1, 1, 1, 1, 1, 1, 1], 'F': [1, 1, 1, 1, 1, 1, 1, 1, 1, 1], 'G': [1, 1, 1, 1, 1, 1, 1, 1, 1, 1], 'H': [1, 1, 1, 1, 1, 1, 1, 1, 1, 1], 'I': [1, 1, 1, 1, 1, 1, 1, 1, 1, 1], 'J': [1, 1, 0, 0, 1, 1, 1, 1, 1, 1], 'K': [1, 0, 1, 0, 1, 1, 1, 1, 1, 1]}, '东门南侧': {'A': [1, 1, 1, 1, 1, 1, 1, 1, 1, 1], 'B': [0, 0, 0, 0, 0, 0, 0, 0, 0, 0]}, '西门北侧': {'A': [1, 1, 1, 1, 1, 1, 1, 1, 1, 1], 'B': [1, 1, 1, 1, 1, 1, 1, 1, 1, 0], 'C': [1, 1, 1, 1, 1, 0, 1, 1, 1, 1]}, '西门南侧': {'A': [1, 1, 1, 1, 1, 1, 1, 1, 1, 1], 'B': [1, 1, 1, 1, 1, 1, 1, 1, 1, 1], 'C': [1, 1, 1, 1, 1, 0, 1, 1, 1, 1]}, '南门西侧': {'A': [1, 1, 1, 1, 1, 1, 1, 1, 1, 1], 'B': [1, 1, 1, 1, 1, 1, 1, 1, 1, 1]}, '南门东侧': {'A': [1, 0, 1, 1, 1, 1, 1, 1, 1, 1], 'B': [0, 1, 1, 1, 1, 1, 1, 1, 1, 0]}, '北门东北侧': {'A': [1, 1, 1, 1, 1, 1, 1, 1, 1, 1], 'B': [0, 1, 1, 1, 1, 1, 0, 1, 1, 0], 'C': [0, 1, 1, 1, 1, 1, 1, 1, 1, 1], 'D': [1, 1, 1, 0, 1, 1, 1, 1, 1, 0]}, '北门东南侧': {'A': [1, 1, 1, 1, 1, 1, 1, 1, 1, 1], 'B': [1, 1, 0, 1, 1, 0, 1, 1, 1, 1], 'C': [1, 0, 1, 1, 1, 0, 1, 1, 0, 1], 'D': [0, 0, 1, 0, 1, 1, 1, 1, 0, 1], 'E': [1, 1, 1, 1, 1, 1, 0, 1, 0, 1], 'F': [1, 1, 1, 1, 1, 0, 1, 1, 1, 1]}, '橘园北侧南': {'A': [1, 1, 0, 1, 1, 1, 1, 1, 1, 1], 'B': [1, 1, 1, 1, 1, 1, 1, 1, 1, 1], 'C': [1, 1, 1, 1, 1, 1, 0, 1, 0, 1], 'D': [1, 1, 1, 1, 1, 1, 1, 1, 1, 1], 'E': [0, 1, 1, 1, 1, 1, 0, 1, 1, 1], 'F': [0, 1, 0, 1, 0, 1, 1, 1, 0, 1], 'G': [0, 1, 1, 1, 1, 1, 0, 1, 1, 1], 'H': [1, 1, 1, 1, 1, 1, 1, 1, 1, 1], 'I': [0, 0, 1, 0, 1, 1, 1, 1, 0, 1], 'J': [0, 1, 0, 0, 1, 1, 1, 1, 1, 0]}, '校医院西': {'A': [1, 1, 1, 1, 1, 1, 1, 1, 1, 1], 'B': [0, 1, 1, 1, 1, 1, 1, 1, 1, 1], 'C': [1, 1, 1, 1, 1, 1, 1, 1, 1, 1], 'D': [1, 1, 1, 1, 1, 1, 1, 1, 1, 1], 'E': [1, 1, 1, 1, 1, 1, 1, 0, 1, 1], 'F': [1, 1, 1, 1, 1, 1, 1, 1, 1, 1], 'G': [0, 0, 0, 1, 0, 1, 1, 1, 1, 1], 'H': [1, 0, 1, 1, 1, 1, 0, 1, 1, 0], 'I': [1, 1, 0, 1, 0, 1, 0, 1, 0, 1]}}
623587	2024-07-13 10:32:22.889000+08:00	2024-07-13 10:32:22.889000+08:00	{'东门北侧': {'A': [1, 1, 1, 1, 1, 1, 1, 1, 1, 1], 'B': [1, 1, 1, 1, 1, 1, 1, 1, 1, 1], 'C': [1, 1, 1, 1, 1, 1, 1, 1, 1, 1], 'D': [1, 0, 1, 1, 1, 1, 1, 1, 1, 1], 'E': [1, 1, 0, 1, 1, 1, 1, 1, 1, 1], 'F': [1, 1, 1, 1, 1, 1, 1, 1, 1, 1], 'G': [1, 1, 1, 1, 1, 1, 1, 1, 1, 1], 'H': [1, 1, 1, 1, 1, 1, 1, 1, 1, 1], 'I': [1, 1, 1, 1, 1, 1, 1, 1, 1, 1], 'J': [1, 1, 0, 0, 1, 1, 1, 1, 1, 1], 'K': [1, 0, 1, 0, 1, 1, 1, 1, 1, 1]}, '东门南侧': {'A': [1, 1, 1, 1, 1, 1, 1, 1, 1, 1], 'B': [0, 0, 0, 0, 0, 0, 0, 0, 0, 0]}, '西门北侧': {'A': [1, 1, 1, 1, 1, 1, 1, 1, 1, 1], 'B': [1, 1, 1, 1, 1, 1, 1, 1, 1, 0], 'C': [1, 1, 1, 1, 1, 0, 1, 1, 1, 1]}, '西门南侧': {'A': [1, 1, 1, 1, 1, 1, 1, 1, 1, 1], 'B': [1, 1, 1, 1, 1, 1, 1, 1, 1, 1], 'C': [1, 1, 1, 1, 1, 0, 1, 1, 1, 1]}, '南门西侧': {'A': [1, 1, 1, 1, 1, 1, 1, 1, 1, 1], 'B': [1, 1, 1, 1, 1, 1, 1, 1, 1, 1]}, '南门东侧': {'A': [1, 0, 1, 1, 1, 1, 1, 1, 1, 1], 'B': [0, 1, 1, 1, 1, 1, 1, 1, 1, 0]}, '北门东北侧': {'A': [1, 1, 1, 1, 1, 1, 1, 1, 1, 1], 'B': [0, 1, 1, 1, 1, 1, 0, 1, 1, 0], 'C': [0, 1, 1, 1, 1, 1, 1, 1, 1, 1], 'D': [1, 1, 1, 0, 1, 1, 1, 1, 1, 0]}, '北门东南侧': {'A': [1, 1, 1, 1, 1, 1, 1, 1, 1, 1], 'B': [1, 1, 0, 1, 1, 0, 1, 1, 1, 1], 'C': [1, 0, 1, 1, 1, 0, 1, 1, 0, 1], 'D': [0, 0, 1, 0, 1, 1, 1, 1, 0, 1], 'E': [1, 1, 1, 1, 1, 1, 0, 1, 0, 1], 'F': [1, 1, 1, 1, 1, 0, 1, 1, 1, 1]}, '橘园北侧南': {'A': [1, 1, 0, 1, 1, 1, 1, 1, 1, 1], 'B': [1, 1, 1, 1, 1, 1, 1, 1, 1, 1], 'C': [1, 1, 1, 1, 1, 1, 0, 1, 0, 1], 'D': [1, 1, 1, 1, 1, 1, 1, 1, 1, 1], 'E': [0, 1, 1, 1, 1, 1, 0, 1, 1, 1], 'F': [0, 1, 0, 1, 0, 1, 1, 1, 0, 1], 'G': [0, 1, 1, 1, 1, 1, 0, 1, 1, 1], 'H': [1, 1, 1, 1, 1, 1, 1, 1, 1, 1], 'I': [0, 0, 1, 0, 1, 1, 1, 1, 0, 1], 'J': [0, 1, 0, 0, 1, 1, 1, 1, 1, 0]}, '校医院西': {'A': [1, 1, 1, 1, 1, 1, 1, 1, 1, 1], 'B': [0, 1, 1, 1, 1, 1, 1, 1, 1, 1], 'C': [1, 1, 1, 1, 1, 1, 1, 1, 1, 1], 'D': [1, 1, 1, 1, 1, 1, 1, 1, 1, 1], 'E': [1, 1, 1, 1, 1, 1, 1, 0, 1, 1], 'F': [1, 1, 1, 1, 1, 1, 1, 1, 1, 1], 'G': [0, 0, 1, 1, 0, 1, 1, 1, 1, 1], 'H': [1, 0, 1, 1, 1, 1, 0, 1, 1, 0], 'I': [1, 1, 0, 1, 0, 1, 0, 1, 0, 1]}}
623588	2024-07-13 10:33:22.866000+08:00	2024-07-13 10:33:22.866000+08:00	{'东门北侧': {'A': [1, 1, 1, 1, 1, 1, 1, 1, 1, 1], 'B': [1, 1, 1, 1, 1, 1, 1, 1, 1, 1], 'C': [1, 1, 1, 1, 1, 1, 1, 1, 1, 1], 'D': [1, 0, 1, 1, 1, 1, 1, 1, 1, 1], 'E': [1, 1, 0, 1, 1, 1, 1, 1, 1, 1], 'F': [1, 1, 1, 1, 1, 1, 1, 1, 1, 1], 'G': [1, 1, 1, 1, 1, 1, 1, 1, 1, 1], 'H': [1, 1, 1, 1, 1, 1, 1, 1, 1, 1], 'I': [1, 1, 1, 1, 1, 1, 1, 1, 1, 1], 'J': [1, 1, 0, 0, 1, 1, 1, 1, 1, 1], 'K': [1, 0, 1, 0, 1, 1, 1, 1, 1, 1]}, '东门南侧': {'A': [1, 1, 1, 1, 1, 1, 1, 1, 1, 1], 'B': [0, 0, 0, 0, 0, 0, 0, 0, 0, 0]}, '西门北侧': {'A': [1, 1, 1, 1, 1, 1, 1, 1, 1, 1], 'B': [1, 1, 1, 1, 1, 1, 1, 1, 1, 0], 'C': [1, 1, 1, 1, 1, 0, 1, 1, 1, 1]}, '西门南侧': {'A': [1, 1, 1, 1, 1, 1, 1, 1, 1, 1], 'B': [1, 1, 1, 1, 1, 1, 1, 1, 1, 1], 'C': [1, 1, 1, 1, 1, 0, 1, 1, 1, 1]}, '南门西侧': {'A': [1, 1, 1, 1, 1, 1, 1, 1, 1, 1], 'B': [1, 1, 1, 1, 1, 1, 1, 1, 1, 1]}, '南门东侧': {'A': [1, 0, 1, 1, 1, 1, 1, 1, 1, 1], 'B': [0, 1, 1, 1, 1, 1, 1, 1, 1, 0]}, '北门东北侧': {'A': [1, 1, 1, 1, 1, 1, 1, 1, 1, 1], 'B': [0, 1, 1, 1, 1, 1, 0, 1, 1, 0], 'C': [0, 1, 1, 1, 1, 1, 1, 1, 1, 1], 'D': [1, 1, 1, 0, 1, 1, 1, 1, 1, 0]}, '北门东南侧': {'A': [1, 1, 1, 1, 1, 1, 1, 1, 1, 1], 'B': [1, 1, 0, 1, 1, 0, 1, 1, 1, 1], 'C': [1, 0, 1, 1, 1, 0, 1, 1, 0, 1], 'D': [0, 0, 1, 0, 1, 1, 1, 1, 0, 1], 'E': [1, 1, 1, 1, 1, 1, 0, 1, 0, 1], 'F': [1, 1, 1, 1, 1, 0, 1, 1, 1, 1]}, '橘园北侧南': {'A': [1, 1, 0, 1, 1, 1, 1, 1, 1, 1], 'B': [1, 1, 1, 1, 1, 1, 1, 1, 1, 1], 'C': [1, 1, 1, 1, 1, 1, 0, 1, 0, 1], 'D': [1, 1, 1, 1, 1, 1, 1, 1, 1, 1], 'E': [0, 1, 1, 1, 1, 1, 0, 1, 1, 1], 'F': [0, 1, 0, 1, 0, 1, 1, 1, 0, 1], 'G': [0, 1, 1, 1, 1, 1, 0, 1, 1, 1], 'H': [1, 1, 1, 1, 1, 1, 1, 1, 1, 1], 'I': [0, 0, 1, 0, 1, 1, 1, 1, 0, 1], 'J': [0, 1, 0, 0, 1, 1, 1, 1, 1, 0]}, '校医院西': {'A': [1, 1, 1, 1, 1, 1, 1, 1, 1, 1], 'B': [0, 1, 1, 1, 1, 1, 1, 1, 1, 1], 'C': [1, 1, 1, 1, 1, 1, 1, 1, 1, 1], 'D': [1, 1, 1, 1, 1, 1, 1, 1, 1, 1], 'E': [1, 1, 1, 1, 1, 1, 1, 0, 1, 1], 'F': [1, 1, 1, 1, 1, 1, 1, 1, 1, 1], 'G': [0, 0, 1, 1, 0, 1, 1, 1, 1, 1], 'H': [1, 0, 1, 1, 1, 1, 0, 1, 1, 0], 'I': [1, 1, 0, 1, 0, 1, 0, 1, 0, 1]}}
623589	2024-07-13 10:34:22.897000+08:00	2024-07-13 10:34:22.897000+08:00	{'东门北侧': {'A': [1, 1, 1, 1, 1, 1, 1, 1, 1, 1], 'B': [1, 1, 1, 1, 1, 1, 1, 1, 1, 1], 'C': [1, 1, 1, 1, 1, 1, 1, 1, 1, 1], 'D': [1, 0, 1, 1, 1, 1, 1, 1, 1, 1], 'E': [1, 1, 0, 1, 1, 1, 1, 1, 1, 1], 'F': [1, 1, 1, 1, 1, 1, 1, 1, 1, 1], 'G': [1, 1, 1, 1, 1, 1, 1, 1, 1, 1], 'H': [1, 1, 1, 1, 1, 1, 1, 1, 1, 1], 'I': [1, 1, 1, 1, 1, 1, 1, 1, 1, 1], 'J': [1, 1, 0, 0, 1, 1, 1, 1, 1, 1], 'K': [1, 0, 1, 0, 1, 1, 1, 1, 1, 1]}, '东门南侧': {'A': [1, 1, 1, 1, 1, 1, 1, 1, 1, 1], 'B': [0, 0, 0, 0, 0, 0, 0, 0, 0, 0]}, '西门北侧': {'A': [1, 1, 1, 1, 1, 1, 1, 1, 1, 1], 'B': [1, 1, 1, 1, 1, 1, 1, 1, 1, 0], 'C': [1, 1, 1, 1, 1, 0, 1, 1, 1, 1]}, '西门南侧': {'A': [1, 1, 1, 1, 1, 1, 1, 1, 1, 1], 'B': [1, 1, 1, 1, 1, 1, 1, 1, 1, 1], 'C': [1, 1, 1, 1, 1, 0, 1, 1, 1, 1]}, '南门西侧': {'A': [1, 1, 1, 1, 1, 1, 1, 1, 1, 1], 'B': [1, 1, 1, 1, 1, 1, 1, 1, 1, 1]}, '南门东侧': {'A': [1, 0, 1, 1, 1, 1, 1, 1, 1, 1], 'B': [0, 1, 1, 1, 1, 1, 1, 1, 1, 0]}, '北门东北侧': {'A': [1, 1, 1, 1, 1, 1, 1, 1, 1, 1], 'B': [0, 1, 1, 1, 1, 1, 0, 1, 1, 0], 'C': [0, 1, 1, 1, 1, 1, 1, 1, 1, 1], 'D': [1, 1, 1, 0, 1, 1, 1, 1, 1, 0]}, '北门东南侧': {'A': [1, 1, 1, 1, 1, 1, 1, 1, 1, 1], 'B': [1, 1, 0, 1, 1, 0, 1, 1, 1, 1], 'C': [1, 0, 1, 1, 1, 0, 1, 1, 0, 1], 'D': [0, 0, 1, 0, 1, 1, 1, 1, 0, 1], 'E': [1, 1, 1, 1, 1, 1, 0, 1, 0, 1], 'F': [1, 1, 1, 1, 1, 0, 1, 1, 1, 1]}, '橘园北侧南': {'A': [1, 1, 0, 1, 1, 1, 1, 1, 1, 1], 'B': [1, 1, 1, 1, 1, 1, 1, 1, 1, 1], 'C': [1, 1, 1, 1, 1, 1, 0, 1, 0, 1], 'D': [1, 1, 1, 1, 1, 1, 1, 1, 1, 1], 'E': [0, 1, 1, 1, 1, 1, 0, 1, 1, 1], 'F': [0, 1, 0, 1, 0, 1, 1, 1, 0, 1], 'G': [0, 1, 1, 1, 1, 1, 0, 1, 1, 1], 'H': [1, 1, 1, 1, 1, 1, 1, 1, 1, 1], 'I': [0, 0, 1, 0, 1, 1, 1, 1, 0, 1], 'J': [0, 1, 0, 0, 1, 1, 1, 1, 1, 0]}, '校医院西': {'A': [1, 1, 1, 1, 1, 1, 1, 1, 1, 1], 'B': [0, 1, 1, 1, 1, 1, 1, 1, 1, 1], 'C': [1, 1, 1, 1, 1, 1, 1, 1, 1, 1], 'D': [1, 1, 1, 1, 1, 1, 1, 1, 1, 1], 'E': [1, 1, 1, 1, 1, 1, 1, 0, 1, 1], 'F': [1, 1, 1, 1, 0, 1, 1, 1, 1, 1], 'G': [0, 0, 1, 1, 0, 1, 1, 1, 1, 1], 'H': [1, 0, 1, 1, 1, 1, 0, 1, 1, 0], 'I': [1, 1, 0, 1, 0, 1, 0, 1, 0, 1]}}
623590	2024-07-13 10:35:21.863000+08:00	2024-07-13 10:35:21.863000+08:00	{'东门北侧': {'A': [1, 1, 1, 1, 1, 1, 1, 1, 1, 1], 'B': [1, 1, 1, 1, 1, 1, 1, 1, 1, 1], 'C': [1, 1, 1, 1, 1, 1, 1, 1, 1, 1], 'D': [1, 0, 1, 1, 1, 1, 1, 1, 1, 1], 'E': [1, 1, 0, 1, 1, 1, 1, 1, 1, 1], 'F': [1, 1, 1, 1, 1, 1, 1, 1, 1, 1], 'G': [1, 1, 1, 1, 1, 1, 1, 1, 1, 1], 'H': [1, 1, 1, 1, 1, 1, 1, 1, 1, 1], 'I': [1, 1, 1, 1, 1, 1, 1, 1, 1, 1], 'J': [1, 1, 0, 0, 1, 1, 1, 1, 1, 1], 'K': [1, 0, 1, 0, 1, 1, 1, 1, 1, 1]}, '东门南侧': {'A': [1, 1, 1, 1, 1, 1, 1, 1, 1, 1], 'B': [0, 0, 0, 0, 0, 0, 0, 0, 0, 0]}, '西门北侧': {'A': [1, 1, 1, 1, 1, 1, 1, 1, 1, 1], 'B': [1, 1, 1, 1, 1, 1, 1, 1, 1, 0], 'C': [1, 1, 1, 1, 1, 0, 1, 1, 1, 1]}, '西门南侧': {'A': [1, 1, 1, 1, 1, 1, 1, 1, 1, 1], 'B': [1, 1, 1, 1, 1, 1, 1, 1, 1, 1], 'C': [1, 1, 1, 1, 1, 0, 1, 1, 1, 1]}, '南门西侧': {'A': [1, 1, 1, 1, 1, 1, 1, 1, 1, 1], 'B': [1, 1, 1, 1, 1, 1, 1, 1, 1, 1]}, '南门东侧': {'A': [1, 0, 1, 1, 1, 1, 1, 1, 1, 1], 'B': [0, 1, 1, 1, 1, 1, 1, 1, 1, 0]}, '北门东北侧': {'A': [1, 1, 1, 1, 1, 1, 1, 1, 1, 1], 'B': [0, 1, 1, 1, 1, 1, 0, 1, 1, 0], 'C': [0, 1, 1, 1, 1, 1, 1, 1, 1, 1], 'D': [1, 1, 1, 0, 1, 1, 1, 1, 1, 0]}, '北门东南侧': {'A': [1, 1, 1, 1, 1, 1, 1, 1, 1, 1], 'B': [1, 1, 0, 1, 1, 0, 1, 1, 1, 1], 'C': [1, 0, 1, 1, 1, 0, 1, 1, 0, 1], 'D': [0, 0, 1, 0, 1, 1, 1, 1, 0, 1], 'E': [1, 1, 1, 1, 1, 1, 0, 1, 0, 1], 'F': [1, 1, 1, 1, 1, 0, 1, 1, 1, 1]}, '橘园北侧南': {'A': [1, 1, 0, 1, 1, 1, 1, 1, 1, 1], 'B': [1, 1, 1, 1, 1, 1, 1, 1, 1, 1], 'C': [1, 1, 1, 1, 1, 1, 0, 1, 0, 1], 'D': [1, 1, 1, 1, 1, 1, 1, 1, 1, 1], 'E': [0, 1, 1, 1, 1, 1, 0, 1, 1, 1], 'F': [0, 1, 0, 1, 0, 1, 1, 1, 0, 1], 'G': [0, 1, 1, 1, 1, 1, 0, 1, 1, 1], 'H': [1, 1, 1, 1, 1, 1, 1, 1, 1, 1], 'I': [0, 0, 1, 0, 1, 1, 1, 1, 0, 1], 'J': [0, 1, 0, 0, 1, 1, 1, 1, 1, 0]}, '校医院西': {'A': [1, 1, 1, 1, 1, 1, 1, 1, 1, 1], 'B': [0, 1, 1, 1, 1, 1, 1, 1, 1, 1], 'C': [1, 1, 1, 1, 1, 1, 1, 1, 1, 1], 'D': [1, 1, 1, 1, 1, 1, 1, 1, 1, 1], 'E': [1, 1, 1, 1, 1, 1, 1, 0, 1, 1], 'F': [1, 1, 1, 1, 0, 1, 1, 1, 1, 1], 'G': [0, 0, 1, 1, 0, 1, 1, 1, 0, 1], 'H': [1, 0, 1, 1, 1, 1, 0, 1, 1, 0], 'I': [1, 1, 0, 1, 0, 1, 0, 1, 0, 1]}}
623591	2024-07-13 10:36:20.898000+08:00	2024-07-13 10:36:20.898000+08:00	{'东门北侧': {'A': [1, 1, 1, 1, 1, 1, 1, 1, 1, 1], 'B': [1, 1, 1, 1, 1, 1, 1, 1, 1, 1], 'C': [1, 1, 1, 1, 1, 1, 1, 1, 1, 1], 'D': [1, 0, 1, 1, 1, 1, 1, 1, 1, 1], 'E': [1, 1, 0, 1, 1, 1, 1, 1, 1, 1], 'F': [1, 1, 1, 1, 1, 1, 1, 1, 1, 1], 'G': [1, 1, 1, 1, 1, 1, 1, 1, 1, 1], 'H': [1, 1, 1, 1, 1, 1, 1, 1, 1, 1], 'I': [1, 1, 1, 1, 1, 1, 1, 1, 1, 1], 'J': [1, 1, 0, 0, 1, 1, 1, 1, 1, 1], 'K': [1, 0, 1, 0, 1, 1, 1, 1, 1, 1]}, '东门南侧': {'A': [1, 1, 1, 1, 1, 1, 1, 1, 1, 1], 'B': [0, 0, 0, 0, 0, 0, 0, 0, 0, 0]}, '西门北侧': {'A': [1, 1, 1, 1, 1, 1, 1, 1, 1, 1], 'B': [1, 1, 1, 1, 1, 1, 1, 1, 1, 0], 'C': [1, 1, 1, 1, 1, 0, 1, 1, 1, 1]}, '西门南侧': {'A': [1, 1, 1, 1, 1, 1, 1, 1, 1, 1], 'B': [1, 1, 1, 1, 1, 1, 1, 1, 1, 1], 'C': [1, 1, 1, 1, 1, 0, 1, 1, 1, 1]}, '南门西侧': {'A': [1, 1, 1, 1, 1, 1, 1, 1, 1, 1], 'B': [1, 1, 1, 1, 1, 1, 1, 1, 1, 1]}, '南门东侧': {'A': [1, 0, 1, 1, 1, 1, 1, 1, 1, 1], 'B': [0, 1, 1, 1, 1, 1, 1, 1, 1, 0]}, '北门东北侧': {'A': [1, 1, 1, 1, 1, 1, 1, 1, 1, 1], 'B': [0, 1, 1, 1, 1, 1, 0, 1, 1, 0], 'C': [0, 1, 1, 1, 1, 1, 1, 1, 1, 1], 'D': [1, 1, 1, 0, 1, 1, 1, 1, 1, 0]}, '北门东南侧': {'A': [1, 1, 1, 1, 1, 1, 1, 1, 1, 1], 'B': [1, 1, 0, 1, 1, 0, 1, 1, 1, 1], 'C': [1, 0, 1, 1, 1, 0, 1, 1, 0, 1], 'D': [0, 0, 1, 0, 1, 1, 1, 1, 0, 1], 'E': [1, 1, 1, 1, 1, 1, 0, 1, 0, 1], 'F': [1, 1, 1, 1, 1, 0, 1, 1, 1, 1]}, '橘园北侧南': {'A': [1, 1, 0, 1, 1, 1, 1, 1, 1, 1], 'B': [1, 1, 1, 1, 1, 1, 1, 1, 1, 1], 'C': [1, 1, 1, 1, 1, 1, 0, 1, 0, 1], 'D': [1, 1, 1, 1, 1, 1, 1, 1, 1, 1], 'E': [0, 1, 1, 1, 1, 1, 0, 1, 1, 1], 'F': [0, 1, 0, 1, 0, 1, 1, 1, 0, 1], 'G': [0, 1, 1, 1, 1, 1, 0, 1, 1, 1], 'H': [1, 1, 1, 1, 1, 1, 1, 1, 1, 1], 'I': [1, 0, 1, 0, 1, 1, 1, 1, 0, 1], 'J': [0, 1, 0, 0, 1, 1, 1, 1, 1, 0]}, '校医院西': {'A': [1, 1, 1, 1, 1, 1, 1, 1, 1, 1], 'B': [0, 1, 1, 1, 1, 1, 1, 1, 1, 1], 'C': [1, 1, 1, 1, 1, 1, 1, 1, 1, 1], 'D': [1, 1, 1, 1, 1, 1, 1, 1, 1, 1], 'E': [1, 1, 1, 1, 1, 1, 1, 0, 1, 1], 'F': [1, 1, 1, 1, 0, 1, 1, 1, 1, 1], 'G': [0, 0, 1, 1, 0, 1, 1, 1, 0, 1], 'H': [1, 0, 1, 1, 1, 1, 0, 1, 1, 0], 'I': [1, 1, 0, 1, 0, 1, 0, 1, 0, 1]}}
623592	2024-07-13 10:37:21.892000+08:00	2024-07-13 10:37:21.892000+08:00	{'东门北侧': {'A': [1, 1, 1, 1, 1, 1, 1, 1, 1, 1], 'B': [1, 1, 1, 1, 1, 1, 1, 1, 1, 1], 'C': [1, 1, 1, 1, 1, 1, 1, 1, 1, 1], 'D': [1, 0, 1, 1, 1, 1, 1, 1, 1, 1], 'E': [1, 1, 0, 1, 1, 1, 1, 1, 1, 1], 'F': [1, 1, 1, 1, 1, 1, 1, 1, 1, 1], 'G': [1, 1, 1, 1, 1, 1, 1, 1, 1, 1], 'H': [1, 1, 1, 1, 1, 1, 1, 1, 1, 1], 'I': [1, 1, 1, 1, 1, 1, 1, 1, 1, 1], 'J': [1, 1, 0, 0, 1, 1, 1, 1, 1, 1], 'K': [1, 0, 1, 0, 1, 1, 1, 1, 1, 1]}, '东门南侧': {'A': [1, 1, 1, 1, 1, 1, 1, 1, 1, 1], 'B': [0, 0, 0, 0, 0, 0, 0, 0, 0, 0]}, '西门北侧': {'A': [1, 1, 1, 1, 1, 1, 1, 1, 1, 1], 'B': [1, 1, 1, 1, 1, 1, 1, 1, 1, 0], 'C': [1, 1, 1, 1, 1, 0, 1, 1, 1, 1]}, '西门南侧': {'A': [1, 1, 1, 1, 1, 1, 1, 1, 1, 1], 'B': [1, 1, 1, 1, 1, 1, 1, 1, 1, 1], 'C': [1, 1, 1, 1, 1, 0, 1, 1, 1, 1]}, '南门西侧': {'A': [1, 1, 1, 1, 1, 1, 1, 1, 1, 1], 'B': [1, 1, 1, 1, 1, 1, 1, 1, 1, 1]}, '南门东侧': {'A': [1, 0, 1, 1, 1, 1, 1, 1, 1, 1], 'B': [0, 1, 1, 1, 1, 1, 1, 1, 1, 0]}, '北门东北侧': {'A': [1, 1, 1, 1, 1, 1, 1, 1, 1, 1], 'B': [0, 1, 1, 1, 1, 1, 0, 1, 1, 0], 'C': [0, 1, 1, 1, 1, 1, 1, 1, 1, 1], 'D': [1, 1, 1, 0, 1, 1, 1, 1, 1, 0]}, '北门东南侧': {'A': [1, 1, 1, 1, 1, 1, 1, 1, 1, 1], 'B': [1, 1, 0, 1, 1, 0, 1, 1, 1, 1], 'C': [1, 0, 1, 1, 1, 0, 1, 1, 0, 1], 'D': [0, 0, 1, 0, 1, 1, 1, 1, 0, 1], 'E': [1, 1, 1, 1, 1, 1, 0, 1, 0, 1], 'F': [1, 1, 1, 1, 1, 0, 1, 1, 1, 1]}, '橘园北侧南': {'A': [1, 1, 0, 1, 1, 1, 1, 1, 1, 1], 'B': [1, 1, 1, 1, 1, 1, 1, 1, 1, 1], 'C': [1, 1, 1, 1, 1, 1, 0, 1, 0, 1], 'D': [1, 1, 1, 1, 1, 1, 1, 1, 1, 1], 'E': [0, 1, 1, 1, 1, 1, 0, 1, 1, 1], 'F': [0, 1, 0, 1, 0, 1, 1, 1, 0, 1], 'G': [0, 1, 1, 1, 1, 1, 0, 1, 1, 1], 'H': [1, 1, 1, 1, 1, 1, 1, 1, 1, 1], 'I': [1, 0, 1, 0, 1, 1, 1, 1, 0, 1], 'J': [0, 1, 0, 0, 1, 1, 1, 1, 1, 0]}, '校医院西': {'A': [1, 1, 1, 1, 1, 1, 1, 1, 1, 1], 'B': [0, 1, 1, 1, 1, 1, 1, 1, 1, 1], 'C': [1, 1, 1, 1, 1, 1, 1, 1, 1, 1], 'D': [1, 1, 1, 1, 1, 1, 1, 1, 1, 1], 'E': [1, 1, 1, 1, 1, 1, 1, 0, 1, 1], 'F': [1, 1, 1, 1, 0, 1, 1, 1, 1, 1], 'G': [0, 0, 1, 1, 0, 1, 1, 1, 0, 1], 'H': [1, 0, 1, 1, 1, 1, 0, 1, 1, 0], 'I': [1, 1, 0, 1, 0, 1, 0, 1, 0, 1]}}
623593	2024-07-13 10:38:24.064000+08:00	2024-07-13 10:38:24.064000+08:00	{'东门北侧': {'A': [1, 1, 1, 1, 1, 1, 1, 1, 1, 1], 'B': [1, 1, 1, 1, 1, 1, 1, 1, 1, 1], 'C': [1, 1, 1, 1, 1, 1, 1, 1, 1, 1], 'D': [1, 0, 1, 1, 1, 1, 1, 1, 1, 1], 'E': [1, 1, 0, 1, 1, 1, 1, 1, 1, 1], 'F': [1, 1, 1, 1, 1, 1, 1, 1, 1, 1], 'G': [1, 1, 1, 1, 1, 1, 1, 1, 1, 1], 'H': [1, 1, 1, 1, 1, 1, 1, 1, 1, 1], 'I': [1, 1, 1, 1, 1, 1, 1, 1, 1, 1], 'J': [1, 1, 0, 0, 0, 1, 1, 1, 1, 1], 'K': [1, 0, 1, 0, 1, 1, 1, 1, 1, 1]}, '东门南侧': {'A': [1, 1, 1, 1, 1, 1, 1, 1, 1, 1], 'B': [0, 0, 0, 0, 0, 0, 0, 0, 0, 0]}, '西门北侧': {'A': [1, 1, 1, 1, 1, 1, 1, 1, 1, 1], 'B': [1, 1, 1, 1, 1, 1, 1, 1, 1, 0], 'C': [1, 1, 1, 1, 1, 0, 1, 1, 1, 1]}, '西门南侧': {'A': [1, 1, 1, 1, 1, 1, 1, 1, 1, 1], 'B': [1, 1, 1, 1, 1, 1, 1, 1, 1, 1], 'C': [1, 1, 1, 1, 1, 0, 1, 1, 1, 1]}, '南门西侧': {'A': [1, 1, 1, 1, 1, 1, 1, 1, 1, 1], 'B': [1, 1, 1, 1, 1, 1, 1, 1, 1, 1]}, '南门东侧': {'A': [1, 0, 1, 1, 1, 1, 1, 1, 1, 1], 'B': [0, 1, 1, 1, 1, 1, 1, 1, 1, 0]}, '北门东北侧': {'A': [1, 1, 1, 1, 1, 1, 1, 1, 1, 1], 'B': [0, 1, 1, 1, 1, 1, 0, 1, 1, 0], 'C': [0, 1, 1, 1, 1, 1, 1, 1, 1, 1], 'D': [1, 1, 1, 0, 1, 1, 1, 1, 1, 0]}, '北门东南侧': {'A': [1, 1, 1, 1, 1, 1, 1, 1, 1, 1], 'B': [1, 1, 0, 1, 1, 0, 1, 1, 1, 1], 'C': [1, 0, 1, 1, 1, 0, 1, 1, 0, 1], 'D': [0, 0, 1, 0, 1, 1, 1, 1, 0, 1], 'E': [1, 1, 1, 1, 1, 1, 0, 1, 0, 1], 'F': [1, 1, 1, 1, 1, 0, 1, 1, 1, 1]}, '橘园北侧南': {'A': [1, 1, 0, 1, 1, 1, 1, 1, 1, 1], 'B': [1, 1, 1, 1, 1, 1, 1, 1, 1, 1], 'C': [1, 1, 1, 1, 1, 1, 0, 1, 0, 1], 'D': [1, 1, 1, 1, 1, 1, 1, 1, 1, 1], 'E': [0, 1, 1, 1, 1, 1, 0, 1, 1, 1], 'F': [0, 1, 0, 1, 0, 1, 1, 1, 0, 1], 'G': [0, 1, 1, 1, 1, 1, 0, 1, 1, 1], 'H': [1, 1, 1, 1, 1, 1, 1, 1, 1, 1], 'I': [1, 0, 1, 0, 1, 1, 1, 1, 0, 1], 'J': [0, 1, 0, 0, 1, 1, 1, 1, 1, 0]}, '校医院西': {'A': [1, 1, 1, 1, 1, 1, 1, 1, 1, 1], 'B': [0, 1, 1, 1, 1, 1, 1, 1, 1, 1], 'C': [1, 1, 1, 1, 1, 1, 1, 1, 1, 1], 'D': [1, 1, 1, 1, 1, 1, 1, 1, 1, 1], 'E': [1, 1, 1, 1, 1, 1, 1, 0, 1, 1], 'F': [1, 1, 1, 1, 0, 1, 1, 1, 1, 1], 'G': [0, 0, 1, 1, 0, 1, 1, 1, 0, 1], 'H': [1, 0, 1, 1, 1, 1, 0, 1, 1, 0], 'I': [1, 1, 0, 1, 0, 1, 0, 1, 0, 1]}}
623594	2024-07-13 10:39:23.855000+08:00	2024-07-13 10:39:23.855000+08:00	{'东门北侧': {'A': [1, 1, 1, 1, 1, 1, 1, 1, 1, 1], 'B': [1, 1, 1, 1, 1, 1, 1, 1, 1, 1], 'C': [1, 1, 1, 1, 1, 1, 1, 1, 1, 1], 'D': [1, 0, 1, 1, 1, 1, 1, 1, 1, 1], 'E': [1, 1, 0, 1, 1, 1, 1, 1, 1, 1], 'F': [1, 1, 1, 1, 1, 1, 1, 1, 1, 1], 'G': [1, 1, 1, 1, 1, 1, 1, 1, 1, 1], 'H': [1, 1, 1, 1, 1, 1, 1, 1, 1, 1], 'I': [1, 1, 1, 1, 1, 1, 1, 1, 1, 1], 'J': [1, 1, 0, 0, 0, 1, 1, 1, 1, 1], 'K': [1, 0, 1, 0, 1, 1, 1, 1, 1, 1]}, '东门南侧': {'A': [1, 1, 1, 1, 1, 1, 1, 1, 1, 1], 'B': [0, 0, 0, 0, 0, 0, 0, 0, 0, 0]}, '西门北侧': {'A': [1, 1, 1, 1, 1, 1, 1, 1, 1, 1], 'B': [1, 1, 1, 1, 1, 1, 1, 1, 1, 0], 'C': [1, 1, 1, 1, 1, 0, 1, 1, 1, 1]}, '西门南侧': {'A': [1, 1, 1, 1, 1, 1, 1, 1, 1, 1], 'B': [1, 1, 1, 1, 1, 1, 1, 1, 1, 1], 'C': [1, 1, 1, 1, 1, 0, 1, 1, 1, 1]}, '南门西侧': {'A': [1, 1, 1, 1, 1, 1, 1, 1, 1, 1], 'B': [1, 1, 1, 1, 1, 1, 1, 1, 1, 1]}, '南门东侧': {'A': [1, 0, 1, 1, 1, 1, 1, 1, 1, 1], 'B': [0, 1, 1, 1, 1, 1, 1, 1, 1, 0]}, '北门东北侧': {'A': [1, 1, 1, 1, 1, 1, 1, 1, 1, 1], 'B': [0, 1, 1, 1, 1, 1, 0, 1, 1, 0], 'C': [0, 1, 1, 1, 1, 1, 1, 1, 1, 1], 'D': [1, 1, 1, 0, 1, 1, 1, 1, 1, 0]}, '北门东南侧': {'A': [1, 1, 1, 1, 1, 1, 1, 1, 1, 1], 'B': [1, 1, 0, 1, 1, 0, 1, 1, 1, 1], 'C': [1, 0, 1, 1, 1, 0, 1, 1, 0, 1], 'D': [0, 0, 1, 0, 1, 1, 1, 1, 0, 1], 'E': [1, 1, 1, 1, 1, 1, 0, 1, 0, 1], 'F': [1, 1, 1, 1, 1, 0, 1, 1, 1, 1]}, '橘园北侧南': {'A': [1, 1, 0, 1, 1, 1, 1, 1, 1, 1], 'B': [1, 1, 1, 1, 1, 1, 1, 1, 1, 1], 'C': [1, 1, 1, 1, 1, 1, 0, 1, 0, 1], 'D': [1, 1, 1, 1, 1, 1, 1, 1, 1, 1], 'E': [0, 1, 1, 1, 1, 1, 0, 1, 1, 1], 'F': [0, 1, 0, 1, 0, 1, 1, 1, 0, 1], 'G': [0, 1, 1, 1, 1, 1, 0, 1, 1, 1], 'H': [1, 1, 1, 1, 1, 1, 1, 1, 1, 1], 'I': [1, 0, 1, 0, 1, 1, 1, 1, 0, 1], 'J': [0, 1, 0, 0, 1, 1, 1, 1, 1, 0]}, '校医院西': {'A': [1, 1, 1, 1, 1, 1, 1, 1, 1, 1], 'B': [0, 1, 1, 1, 1, 1, 1, 1, 1, 1], 'C': [1, 1, 1, 1, 1, 1, 1, 1, 1, 1], 'D': [1, 1, 1, 1, 1, 1, 1, 1, 1, 1], 'E': [1, 1, 1, 1, 1, 1, 1, 0, 1, 1], 'F': [1, 1, 1, 1, 0, 1, 1, 1, 1, 1], 'G': [0, 0, 1, 1, 0, 1, 1, 1, 0, 1], 'H': [1, 0, 1, 1, 1, 1, 0, 1, 1, 0], 'I': [1, 1, 0, 1, 0, 1, 0, 1, 0, 1]}}
623595	2024-07-13 10:40:20.897000+08:00	2024-07-13 10:40:20.897000+08:00	{'东门北侧': {'A': [1, 1, 1, 1, 1, 1, 1, 1, 1, 1], 'B': [1, 1, 1, 1, 1, 1, 1, 1, 1, 1], 'C': [1, 1, 1, 1, 1, 1, 1, 1, 1, 1], 'D': [1, 0, 1, 1, 1, 1, 1, 1, 1, 1], 'E': [1, 1, 0, 1, 1, 1, 1, 1, 1, 1], 'F': [1, 1, 1, 1, 1, 1, 1, 1, 1, 1], 'G': [1, 1, 1, 1, 1, 1, 1, 1, 1, 1], 'H': [1, 1, 1, 1, 1, 1, 1, 1, 1, 1], 'I': [1, 1, 1, 1, 1, 1, 1, 1, 1, 1], 'J': [1, 1, 0, 0, 0, 1, 1, 1, 1, 1], 'K': [1, 0, 1, 0, 1, 1, 1, 1, 1, 1]}, '东门南侧': {'A': [1, 1, 1, 1, 1, 1, 1, 1, 1, 1], 'B': [0, 0, 0, 0, 0, 0, 0, 0, 0, 0]}, '西门北侧': {'A': [1, 1, 1, 1, 1, 1, 1, 1, 1, 1], 'B': [1, 1, 1, 1, 1, 1, 1, 1, 1, 0], 'C': [1, 1, 1, 1, 1, 0, 1, 1, 1, 1]}, '西门南侧': {'A': [1, 1, 1, 1, 1, 1, 1, 1, 1, 1], 'B': [1, 1, 1, 1, 1, 1, 1, 1, 1, 1], 'C': [1, 1, 1, 1, 1, 0, 1, 1, 1, 1]}, '南门西侧': {'A': [1, 1, 1, 1, 1, 1, 1, 1, 1, 1], 'B': [1, 1, 1, 1, 1, 1, 1, 1, 1, 1]}, '南门东侧': {'A': [1, 0, 1, 1, 1, 1, 1, 1, 1, 1], 'B': [0, 1, 1, 1, 1, 1, 1, 1, 1, 0]}, '北门东北侧': {'A': [1, 1, 1, 1, 1, 1, 1, 1, 1, 1], 'B': [0, 1, 1, 1, 1, 1, 0, 1, 1, 0], 'C': [0, 1, 1, 1, 1, 1, 1, 1, 1, 1], 'D': [1, 1, 1, 0, 1, 1, 1, 1, 1, 0]}, '北门东南侧': {'A': [1, 1, 1, 1, 1, 1, 1, 1, 1, 1], 'B': [1, 1, 0, 1, 1, 0, 1, 1, 1, 1], 'C': [1, 0, 1, 1, 1, 0, 1, 1, 0, 1], 'D': [0, 0, 1, 0, 1, 1, 1, 1, 0, 1], 'E': [1, 1, 1, 1, 1, 1, 0, 1, 0, 0], 'F': [1, 1, 1, 1, 1, 0, 1, 1, 1, 1]}, '橘园北侧南': {'A': [1, 1, 0, 1, 1, 1, 1, 1, 1, 1], 'B': [1, 1, 1, 1, 1, 1, 1, 1, 1, 1], 'C': [1, 1, 1, 1, 1, 1, 0, 1, 0, 1], 'D': [1, 1, 1, 1, 1, 1, 1, 1, 1, 1], 'E': [0, 1, 1, 1, 1, 1, 0, 1, 1, 1], 'F': [0, 1, 0, 1, 0, 1, 1, 1, 0, 1], 'G': [0, 1, 1, 1, 1, 1, 0, 1, 1, 1], 'H': [1, 1, 1, 1, 1, 1, 1, 1, 1, 1], 'I': [1, 0, 1, 0, 1, 1, 1, 1, 0, 1], 'J': [0, 1, 0, 0, 1, 1, 1, 1, 1, 0]}, '校医院西': {'A': [1, 1, 1, 1, 1, 1, 1, 1, 1, 1], 'B': [0, 1, 1, 1, 1, 1, 1, 1, 1, 1], 'C': [1, 1, 1, 1, 1, 1, 1, 1, 1, 1], 'D': [1, 1, 1, 1, 1, 1, 1, 1, 1, 1], 'E': [1, 1, 1, 1, 1, 1, 1, 0, 1, 1], 'F': [1, 1, 1, 1, 0, 1, 1, 1, 1, 1], 'G': [0, 0, 1, 1, 0, 1, 1, 1, 0, 1], 'H': [1, 0, 1, 1, 1, 1, 0, 1, 1, 0], 'I': [1, 1, 0, 1, 0, 1, 0, 1, 0, 1]}}
623596	2024-07-13 10:41:21.921000+08:00	2024-07-13 10:41:21.921000+08:00	{'东门北侧': {'A': [1, 1, 1, 1, 1, 1, 1, 1, 1, 1], 'B': [1, 1, 1, 1, 1, 1, 1, 1, 1, 1], 'C': [1, 1, 1, 1, 1, 1, 1, 1, 1, 1], 'D': [1, 0, 1, 1, 1, 1, 1, 1, 1, 1], 'E': [1, 1, 0, 1, 1, 1, 1, 1, 1, 1], 'F': [1, 1, 1, 1, 1, 1, 1, 1, 1, 1], 'G': [1, 1, 1, 1, 1, 1, 1, 1, 1, 1], 'H': [1, 1, 1, 1, 1, 1, 1, 1, 1, 1], 'I': [1, 1, 1, 1, 1, 1, 1, 1, 1, 1], 'J': [1, 1, 0, 0, 0, 1, 1, 1, 1, 1], 'K': [1, 0, 1, 0, 1, 1, 1, 1, 1, 1]}, '东门南侧': {'A': [1, 1, 1, 1, 1, 1, 1, 1, 1, 1], 'B': [0, 0, 0, 0, 0, 0, 0, 0, 0, 0]}, '西门北侧': {'A': [1, 1, 1, 1, 1, 1, 1, 1, 1, 1], 'B': [1, 1, 1, 1, 1, 1, 1, 1, 1, 0], 'C': [1, 1, 1, 1, 1, 0, 1, 1, 1, 1]}, '西门南侧': {'A': [1, 1, 1, 1, 1, 1, 1, 1, 1, 1], 'B': [1, 1, 1, 1, 1, 1, 1, 1, 1, 1], 'C': [1, 1, 1, 1, 1, 0, 1, 1, 1, 1]}, '南门西侧': {'A': [1, 1, 1, 1, 1, 1, 1, 1, 1, 1], 'B': [1, 1, 1, 1, 1, 1, 1, 1, 1, 1]}, '南门东侧': {'A': [1, 0, 1, 1, 1, 1, 1, 1, 1, 1], 'B': [0, 1, 1, 1, 1, 1, 1, 1, 1, 0]}, '北门东北侧': {'A': [1, 1, 1, 1, 1, 1, 1, 1, 1, 1], 'B': [0, 1, 1, 1, 1, 1, 0, 1, 1, 0], 'C': [0, 1, 1, 1, 1, 1, 1, 1, 1, 1], 'D': [1, 1, 1, 0, 1, 1, 1, 1, 1, 0]}, '北门东南侧': {'A': [1, 1, 1, 1, 1, 1, 1, 1, 1, 1], 'B': [1, 1, 0, 1, 1, 0, 1, 1, 1, 1], 'C': [1, 0, 1, 1, 1, 0, 1, 1, 0, 1], 'D': [0, 0, 1, 0, 1, 1, 1, 1, 0, 1], 'E': [1, 1, 1, 1, 1, 1, 0, 1, 0, 0], 'F': [1, 1, 1, 1, 1, 0, 1, 1, 1, 1]}, '橘园北侧南': {'A': [1, 1, 0, 1, 1, 1, 1, 1, 1, 1], 'B': [1, 1, 1, 1, 1, 1, 1, 1, 1, 1], 'C': [1, 1, 1, 1, 1, 1, 0, 1, 0, 1], 'D': [1, 1, 1, 1, 1, 1, 1, 1, 1, 1], 'E': [0, 1, 1, 1, 1, 1, 0, 1, 1, 1], 'F': [0, 1, 0, 1, 0, 1, 1, 1, 0, 1], 'G': [0, 1, 1, 1, 1, 1, 0, 1, 1, 1], 'H': [1, 1, 1, 1, 1, 1, 1, 1, 1, 1], 'I': [1, 0, 1, 0, 1, 1, 1, 1, 0, 1], 'J': [0, 1, 0, 0, 1, 1, 1, 1, 1, 0]}, '校医院西': {'A': [1, 1, 1, 1, 1, 1, 1, 1, 1, 1], 'B': [0, 1, 1, 1, 1, 1, 1, 1, 1, 1], 'C': [1, 1, 1, 1, 1, 1, 1, 1, 1, 1], 'D': [1, 1, 1, 1, 1, 1, 1, 1, 1, 1], 'E': [1, 1, 1, 1, 1, 1, 1, 0, 1, 1], 'F': [1, 1, 1, 1, 0, 1, 1, 1, 1, 1], 'G': [0, 0, 1, 1, 0, 1, 1, 1, 0, 1], 'H': [1, 0, 1, 1, 1, 1, 0, 1, 1, 0], 'I': [1, 1, 0, 1, 0, 1, 0, 1, 0, 1]}}
623597	2024-07-13 10:42:20.854000+08:00	2024-07-13 10:42:20.854000+08:00	{'东门北侧': {'A': [1, 1, 1, 1, 1, 1, 1, 1, 1, 1], 'B': [1, 1, 1, 1, 1, 1, 1, 1, 1, 1], 'C': [1, 1, 1, 1, 1, 1, 1, 1, 1, 1], 'D': [1, 0, 1, 1, 1, 1, 1, 1, 1, 1], 'E': [1, 1, 0, 1, 1, 1, 1, 1, 1, 1], 'F': [1, 1, 1, 1, 1, 1, 1, 1, 1, 1], 'G': [1, 1, 1, 1, 1, 1, 1, 1, 1, 1], 'H': [1, 1, 1, 1, 1, 1, 1, 1, 1, 1], 'I': [1, 1, 1, 1, 1, 1, 1, 1, 1, 1], 'J': [1, 1, 0, 0, 0, 1, 1, 1, 1, 1], 'K': [1, 0, 1, 0, 1, 1, 1, 1, 1, 1]}, '东门南侧': {'A': [1, 1, 1, 1, 1, 1, 1, 1, 1, 1], 'B': [0, 0, 0, 0, 0, 0, 0, 0, 0, 0]}, '西门北侧': {'A': [1, 1, 1, 1, 1, 1, 1, 1, 1, 1], 'B': [1, 1, 1, 1, 1, 1, 1, 1, 1, 0], 'C': [1, 1, 1, 1, 1, 0, 1, 1, 1, 1]}, '西门南侧': {'A': [1, 1, 1, 1, 1, 1, 1, 1, 1, 1], 'B': [1, 1, 1, 1, 1, 1, 1, 1, 1, 1], 'C': [1, 1, 1, 1, 1, 0, 1, 1, 1, 1]}, '南门西侧': {'A': [1, 1, 1, 1, 1, 1, 1, 1, 1, 1], 'B': [1, 1, 1, 1, 1, 1, 1, 1, 1, 1]}, '南门东侧': {'A': [1, 0, 1, 1, 1, 1, 1, 1, 1, 1], 'B': [0, 1, 1, 1, 1, 1, 1, 1, 1, 0]}, '北门东北侧': {'A': [1, 1, 1, 1, 1, 1, 1, 1, 1, 1], 'B': [0, 1, 1, 1, 1, 1, 0, 1, 1, 0], 'C': [0, 1, 1, 1, 1, 1, 1, 1, 1, 1], 'D': [1, 1, 1, 0, 1, 1, 1, 1, 1, 0]}, '北门东南侧': {'A': [1, 1, 1, 1, 1, 1, 1, 1, 1, 1], 'B': [1, 1, 0, 1, 1, 0, 1, 1, 1, 1], 'C': [1, 0, 1, 1, 1, 0, 1, 1, 0, 1], 'D': [0, 0, 1, 0, 1, 1, 1, 1, 0, 1], 'E': [1, 1, 1, 1, 1, 1, 0, 1, 0, 0], 'F': [1, 1, 1, 1, 1, 0, 1, 1, 1, 1]}, '橘园北侧南': {'A': [1, 1, 0, 1, 1, 1, 1, 1, 1, 1], 'B': [1, 1, 1, 1, 1, 1, 1, 1, 1, 1], 'C': [1, 1, 1, 1, 1, 1, 0, 1, 0, 1], 'D': [1, 1, 0, 1, 1, 1, 1, 1, 1, 1], 'E': [0, 1, 1, 1, 1, 1, 0, 1, 1, 1], 'F': [0, 1, 0, 1, 0, 1, 1, 1, 0, 1], 'G': [0, 1, 1, 1, 1, 1, 0, 1, 1, 1], 'H': [1, 1, 1, 1, 1, 1, 1, 1, 1, 1], 'I': [1, 0, 1, 0, 1, 1, 1, 1, 0, 1], 'J': [0, 1, 0, 0, 1, 1, 1, 1, 1, 0]}, '校医院西': {'A': [1, 1, 1, 1, 1, 1, 1, 1, 1, 1], 'B': [0, 1, 1, 1, 1, 1, 1, 1, 1, 1], 'C': [1, 1, 1, 1, 1, 1, 1, 1, 1, 1], 'D': [1, 1, 1, 1, 1, 1, 1, 1, 1, 1], 'E': [1, 1, 1, 1, 1, 1, 1, 0, 1, 1], 'F': [1, 1, 1, 1, 0, 1, 1, 1, 1, 1], 'G': [0, 0, 1, 1, 0, 1, 1, 1, 0, 0], 'H': [1, 0, 1, 1, 1, 1, 0, 1, 1, 0], 'I': [1, 1, 0, 1, 0, 1, 0, 1, 0, 1]}}
623598	2024-07-13 10:43:22.863000+08:00	2024-07-13 10:43:22.863000+08:00	{'东门北侧': {'A': [1, 1, 1, 1, 1, 1, 1, 1, 1, 1], 'B': [1, 1, 1, 1, 1, 1, 1, 1, 1, 1], 'C': [1, 1, 1, 1, 1, 1, 1, 1, 1, 1], 'D': [1, 0, 1, 1, 1, 1, 1, 1, 1, 1], 'E': [1, 1, 0, 1, 1, 1, 1, 1, 1, 1], 'F': [1, 1, 1, 1, 1, 1, 1, 1, 1, 1], 'G': [1, 1, 1, 1, 1, 1, 1, 1, 1, 1], 'H': [1, 1, 1, 1, 1, 1, 1, 1, 1, 1], 'I': [1, 1, 1, 1, 1, 1, 1, 1, 1, 1], 'J': [1, 1, 0, 0, 0, 1, 1, 1, 1, 1], 'K': [1, 0, 1, 0, 1, 1, 1, 1, 1, 1]}, '东门南侧': {'A': [1, 1, 1, 1, 1, 1, 1, 1, 1, 1], 'B': [0, 0, 0, 0, 0, 0, 0, 0, 0, 0]}, '西门北侧': {'A': [1, 1, 1, 1, 1, 1, 1, 1, 1, 1], 'B': [1, 1, 1, 1, 1, 1, 1, 1, 1, 0], 'C': [1, 1, 1, 1, 1, 0, 1, 1, 1, 1]}, '西门南侧': {'A': [1, 1, 1, 1, 1, 1, 1, 1, 1, 1], 'B': [1, 1, 1, 1, 1, 1, 1, 1, 1, 1], 'C': [1, 1, 1, 1, 1, 0, 1, 1, 1, 1]}, '南门西侧': {'A': [1, 1, 1, 1, 1, 1, 1, 1, 1, 1], 'B': [1, 1, 1, 1, 1, 1, 1, 1, 1, 1]}, '南门东侧': {'A': [1, 0, 1, 1, 1, 1, 1, 1, 1, 1], 'B': [0, 1, 1, 1, 1, 1, 1, 1, 1, 0]}, '北门东北侧': {'A': [1, 1, 1, 1, 1, 1, 1, 1, 1, 1], 'B': [0, 1, 1, 1, 1, 1, 0, 1, 1, 0], 'C': [0, 1, 1, 1, 1, 1, 1, 1, 1, 1], 'D': [1, 1, 1, 0, 1, 1, 1, 1, 1, 0]}, '北门东南侧': {'A': [1, 1, 1, 1, 1, 1, 1, 1, 1, 1], 'B': [1, 1, 0, 1, 1, 0, 1, 1, 1, 1], 'C': [1, 0, 1, 1, 1, 0, 1, 1, 0, 1], 'D': [0, 0, 1, 0, 1, 1, 1, 1, 0, 1], 'E': [1, 1, 1, 1, 1, 1, 0, 1, 0, 0], 'F': [1, 1, 1, 1, 1, 0, 1, 1, 1, 1]}, '橘园北侧南': {'A': [1, 1, 0, 1, 1, 1, 1, 1, 1, 1], 'B': [1, 1, 1, 1, 1, 1, 1, 1, 1, 1], 'C': [1, 1, 1, 1, 1, 1, 0, 1, 0, 1], 'D': [1, 1, 0, 1, 1, 1, 1, 1, 1, 1], 'E': [0, 1, 1, 1, 1, 1, 0, 1, 1, 1], 'F': [0, 1, 0, 1, 0, 1, 1, 1, 0, 1], 'G': [0, 1, 1, 1, 1, 1, 0, 1, 1, 1], 'H': [1, 1, 1, 1, 1, 1, 1, 1, 1, 1], 'I': [1, 0, 1, 0, 1, 1, 1, 1, 0, 1], 'J': [0, 1, 0, 0, 1, 1, 1, 1, 1, 0]}, '校医院西': {'A': [1, 1, 1, 1, 1, 1, 1, 1, 1, 1], 'B': [0, 1, 1, 1, 1, 1, 1, 1, 1, 1], 'C': [1, 1, 1, 1, 1, 1, 1, 1, 1, 1], 'D': [1, 1, 1, 1, 1, 1, 1, 1, 1, 1], 'E': [1, 1, 1, 1, 1, 1, 1, 0, 1, 1], 'F': [1, 1, 1, 1, 0, 1, 1, 1, 1, 1], 'G': [0, 0, 1, 1, 0, 1, 1, 1, 0, 0], 'H': [1, 0, 1, 1, 1, 1, 0, 1, 1, 0], 'I': [1, 1, 0, 1, 0, 1, 0, 1, 0, 1]}}
623599	2024-07-13 10:44:20.892000+08:00	2024-07-13 10:44:20.892000+08:00	{'东门北侧': {'A': [1, 1, 1, 1, 1, 1, 1, 1, 1, 1], 'B': [1, 1, 1, 1, 1, 1, 1, 1, 1, 1], 'C': [1, 1, 1, 1, 1, 1, 1, 1, 1, 1], 'D': [1, 0, 1, 1, 1, 1, 1, 1, 1, 1], 'E': [1, 1, 0, 1, 1, 1, 1, 1, 1, 1], 'F': [1, 1, 1, 1, 1, 1, 1, 1, 1, 1], 'G': [1, 1, 1, 1, 1, 1, 1, 1, 1, 1], 'H': [1, 1, 1, 1, 1, 1, 1, 1, 1, 1], 'I': [1, 1, 1, 1, 1, 1, 1, 1, 1, 1], 'J': [1, 1, 0, 0, 0, 1, 1, 1, 1, 1], 'K': [1, 0, 1, 0, 1, 1, 1, 1, 1, 1]}, '东门南侧': {'A': [1, 1, 1, 1, 1, 1, 1, 1, 1, 1], 'B': [0, 0, 0, 0, 0, 0, 0, 0, 0, 0]}, '西门北侧': {'A': [1, 1, 1, 1, 1, 1, 1, 1, 1, 1], 'B': [1, 1, 1, 1, 1, 1, 1, 1, 1, 0], 'C': [1, 1, 1, 1, 1, 0, 1, 1, 1, 1]}, '西门南侧': {'A': [1, 1, 1, 1, 1, 1, 1, 1, 1, 1], 'B': [1, 1, 1, 1, 1, 1, 1, 1, 1, 1], 'C': [1, 1, 1, 1, 1, 0, 1, 1, 1, 1]}, '南门西侧': {'A': [1, 1, 1, 1, 1, 1, 1, 1, 1, 1], 'B': [1, 1, 1, 1, 1, 1, 1, 1, 1, 1]}, '南门东侧': {'A': [1, 0, 1, 1, 1, 1, 1, 1, 1, 1], 'B': [0, 1, 1, 1, 1, 1, 1, 1, 1, 0]}, '北门东北侧': {'A': [1, 1, 1, 1, 1, 1, 1, 1, 1, 1], 'B': [0, 1, 1, 1, 1, 1, 0, 1, 1, 0], 'C': [0, 1, 1, 1, 1, 1, 1, 1, 1, 1], 'D': [1, 1, 1, 0, 1, 1, 1, 1, 1, 0]}, '北门东南侧': {'A': [1, 1, 1, 1, 1, 1, 1, 1, 1, 1], 'B': [1, 1, 0, 1, 1, 0, 1, 1, 1, 1], 'C': [1, 0, 1, 1, 1, 0, 1, 1, 0, 1], 'D': [0, 0, 1, 0, 1, 1, 1, 1, 0, 1], 'E': [1, 1, 1, 1, 1, 1, 0, 1, 0, 0], 'F': [1, 1, 1, 1, 1, 0, 1, 1, 1, 1]}, '橘园北侧南': {'A': [1, 1, 0, 1, 1, 1, 1, 1, 1, 1], 'B': [1, 1, 1, 1, 1, 1, 1, 1, 1, 1], 'C': [1, 1, 1, 1, 1, 1, 0, 1, 0, 1], 'D': [1, 1, 0, 1, 1, 1, 1, 1, 1, 1], 'E': [0, 1, 1, 1, 1, 1, 0, 1, 1, 1], 'F': [0, 1, 0, 1, 0, 1, 1, 1, 0, 1], 'G': [0, 1, 1, 1, 1, 1, 0, 1, 1, 1], 'H': [1, 1, 1, 1, 1, 1, 1, 1, 1, 1], 'I': [1, 0, 1, 0, 1, 1, 1, 1, 0, 1], 'J': [0, 1, 0, 0, 1, 1, 1, 1, 1, 0]}, '校医院西': {'A': [1, 1, 1, 1, 1, 1, 1, 1, 1, 1], 'B': [0, 1, 1, 1, 1, 1, 1, 1, 1, 1], 'C': [1, 1, 1, 1, 1, 1, 1, 1, 1, 1], 'D': [1, 1, 1, 1, 1, 1, 1, 1, 1, 1], 'E': [1, 1, 1, 1, 1, 1, 1, 0, 1, 1], 'F': [1, 1, 1, 1, 0, 1, 1, 1, 1, 1], 'G': [0, 0, 1, 1, 0, 1, 1, 1, 0, 0], 'H': [1, 0, 1, 1, 1, 1, 0, 1, 1, 0], 'I': [1, 1, 0, 1, 0, 1, 0, 1, 0, 1]}}
623600	2024-07-13 10:45:21.929000+08:00	2024-07-13 10:45:21.929000+08:00	{'东门北侧': {'A': [1, 1, 1, 1, 1, 1, 1, 1, 1, 1], 'B': [1, 1, 1, 1, 1, 1, 1, 1, 1, 1], 'C': [1, 1, 1, 1, 1, 1, 1, 1, 1, 1], 'D': [1, 0, 1, 1, 1, 1, 1, 1, 1, 1], 'E': [1, 1, 0, 1, 1, 1, 1, 1, 1, 1], 'F': [1, 1, 1, 1, 1, 1, 1, 1, 1, 1], 'G': [1, 1, 1, 1, 1, 1, 1, 1, 1, 1], 'H': [1, 1, 1, 1, 1, 1, 1, 1, 1, 1], 'I': [1, 1, 1, 1, 1, 1, 1, 1, 1, 1], 'J': [1, 1, 0, 0, 0, 1, 1, 1, 1, 1], 'K': [1, 0, 1, 0, 1, 1, 1, 1, 1, 1]}, '东门南侧': {'A': [1, 1, 1, 1, 1, 1, 1, 1, 1, 1], 'B': [0, 0, 0, 0, 0, 0, 0, 0, 0, 0]}, '西门北侧': {'A': [1, 1, 1, 1, 1, 1, 1, 1, 1, 1], 'B': [1, 1, 1, 1, 1, 1, 1, 1, 1, 0], 'C': [1, 1, 1, 1, 1, 0, 1, 1, 1, 1]}, '西门南侧': {'A': [1, 1, 1, 1, 1, 1, 1, 1, 1, 1], 'B': [1, 1, 1, 1, 1, 1, 1, 1, 1, 1], 'C': [1, 1, 1, 1, 1, 0, 1, 1, 1, 1]}, '南门西侧': {'A': [1, 1, 1, 1, 1, 1, 1, 1, 1, 1], 'B': [1, 1, 1, 1, 1, 1, 1, 1, 1, 1]}, '南门东侧': {'A': [1, 0, 1, 1, 1, 1, 1, 1, 1, 1], 'B': [0, 1, 1, 1, 1, 1, 1, 1, 1, 0]}, '北门东北侧': {'A': [1, 1, 1, 1, 1, 1, 1, 1, 1, 1], 'B': [0, 1, 1, 1, 1, 1, 0, 1, 1, 0], 'C': [0, 1, 1, 1, 1, 1, 1, 1, 1, 1], 'D': [1, 1, 1, 0, 1, 1, 1, 1, 1, 0]}, '北门东南侧': {'A': [1, 1, 1, 1, 1, 1, 1, 1, 1, 1], 'B': [1, 1, 0, 1, 1, 0, 1, 1, 1, 1], 'C': [1, 0, 1, 1, 1, 0, 1, 1, 0, 1], 'D': [0, 0, 1, 0, 1, 1, 1, 1, 0, 1], 'E': [1, 1, 1, 1, 1, 1, 0, 1, 0, 0], 'F': [1, 1, 1, 1, 1, 0, 1, 1, 1, 1]}, '橘园北侧南': {'A': [1, 1, 0, 1, 1, 1, 1, 1, 1, 1], 'B': [1, 1, 1, 1, 1, 1, 1, 1, 1, 1], 'C': [1, 1, 1, 1, 1, 1, 0, 1, 0, 1], 'D': [1, 1, 1, 1, 1, 1, 1, 1, 1, 1], 'E': [0, 1, 1, 1, 1, 1, 0, 1, 1, 1], 'F': [0, 1, 0, 1, 0, 1, 1, 1, 0, 1], 'G': [0, 1, 1, 1, 1, 1, 0, 1, 1, 1], 'H': [1, 1, 1, 1, 1, 1, 1, 1, 1, 1], 'I': [1, 0, 1, 0, 1, 1, 1, 1, 0, 1], 'J': [0, 1, 0, 0, 1, 1, 1, 1, 1, 0]}, '校医院西': {'A': [1, 1, 1, 1, 1, 1, 1, 1, 1, 1], 'B': [0, 1, 1, 1, 1, 1, 1, 1, 1, 1], 'C': [1, 1, 1, 1, 1, 1, 1, 1, 1, 1], 'D': [1, 1, 1, 1, 1, 1, 1, 1, 1, 1], 'E': [1, 1, 1, 1, 1, 1, 1, 0, 1, 1], 'F': [1, 1, 1, 1, 0, 1, 1, 1, 1, 1], 'G': [0, 0, 1, 1, 0, 1, 1, 1, 0, 0], 'H': [1, 0, 1, 1, 1, 1, 0, 1, 1, 0], 'I': [1, 1, 0, 1, 0, 1, 0, 1, 0, 1]}}
623601	2024-07-13 10:46:22.891000+08:00	2024-07-13 10:46:22.891000+08:00	{'东门北侧': {'A': [1, 1, 1, 1, 1, 1, 1, 1, 1, 1], 'B': [1, 1, 1, 1, 1, 1, 1, 1, 1, 1], 'C': [1, 1, 1, 1, 1, 1, 1, 1, 1, 1], 'D': [1, 0, 1, 1, 1, 1, 1, 1, 1, 1], 'E': [1, 1, 0, 1, 1, 1, 1, 1, 1, 1], 'F': [1, 1, 1, 1, 1, 1, 1, 1, 1, 1], 'G': [1, 1, 1, 1, 1, 1, 1, 1, 1, 1], 'H': [1, 1, 1, 1, 1, 1, 1, 1, 1, 1], 'I': [1, 1, 1, 1, 1, 1, 1, 1, 1, 1], 'J': [1, 1, 0, 0, 0, 1, 1, 1, 1, 1], 'K': [1, 0, 1, 0, 1, 1, 1, 1, 1, 1]}, '东门南侧': {'A': [1, 1, 1, 1, 1, 1, 1, 1, 1, 1], 'B': [0, 0, 0, 0, 0, 0, 0, 0, 0, 0]}, '西门北侧': {'A': [1, 1, 1, 1, 1, 1, 1, 1, 1, 1], 'B': [1, 1, 1, 1, 1, 1, 1, 1, 1, 0], 'C': [1, 1, 1, 1, 1, 0, 1, 1, 1, 1]}, '西门南侧': {'A': [1, 1, 1, 1, 1, 1, 1, 1, 1, 1], 'B': [1, 1, 1, 1, 1, 1, 1, 1, 1, 1], 'C': [1, 1, 1, 1, 1, 0, 1, 1, 1, 1]}, '南门西侧': {'A': [1, 1, 1, 1, 1, 1, 1, 1, 1, 1], 'B': [1, 1, 1, 1, 1, 1, 1, 1, 1, 1]}, '南门东侧': {'A': [1, 0, 1, 1, 1, 1, 1, 1, 1, 1], 'B': [0, 1, 1, 1, 1, 1, 1, 1, 1, 0]}, '北门东北侧': {'A': [1, 1, 1, 1, 1, 1, 1, 1, 1, 1], 'B': [0, 1, 1, 1, 1, 1, 0, 1, 1, 0], 'C': [0, 1, 1, 1, 1, 1, 1, 1, 1, 1], 'D': [1, 1, 1, 0, 1, 1, 1, 1, 1, 0]}, '北门东南侧': {'A': [1, 1, 1, 1, 1, 1, 1, 1, 1, 1], 'B': [1, 1, 0, 1, 1, 0, 1, 1, 1, 1], 'C': [1, 0, 1, 1, 1, 0, 1, 1, 0, 1], 'D': [0, 0, 1, 0, 1, 1, 1, 1, 0, 1], 'E': [1, 1, 1, 1, 1, 1, 0, 1, 0, 0], 'F': [1, 1, 1, 1, 1, 0, 1, 1, 1, 1]}, '橘园北侧南': {'A': [1, 1, 0, 1, 1, 1, 1, 1, 1, 1], 'B': [1, 1, 1, 1, 1, 1, 1, 1, 1, 1], 'C': [1, 1, 1, 1, 1, 1, 0, 1, 0, 1], 'D': [1, 1, 0, 1, 1, 1, 1, 1, 1, 1], 'E': [0, 1, 1, 1, 1, 1, 0, 1, 1, 1], 'F': [0, 1, 0, 1, 0, 1, 1, 1, 0, 1], 'G': [0, 1, 1, 1, 1, 1, 0, 1, 1, 1], 'H': [1, 1, 1, 1, 1, 1, 1, 1, 1, 1], 'I': [1, 0, 1, 0, 1, 1, 1, 1, 0, 1], 'J': [0, 1, 0, 0, 1, 1, 1, 1, 1, 0]}, '校医院西': {'A': [1, 1, 1, 1, 1, 1, 1, 1, 1, 1], 'B': [0, 1, 1, 1, 1, 1, 1, 1, 1, 1], 'C': [1, 1, 1, 1, 1, 1, 1, 1, 1, 1], 'D': [1, 1, 1, 1, 1, 1, 1, 1, 1, 1], 'E': [1, 1, 1, 1, 1, 1, 1, 0, 1, 1], 'F': [1, 1, 1, 1, 0, 1, 1, 1, 1, 1], 'G': [0, 0, 1, 1, 0, 1, 1, 1, 0, 0], 'H': [1, 0, 1, 1, 1, 1, 0, 1, 1, 0], 'I': [1, 1, 0, 1, 0, 1, 0, 1, 0, 1]}}
623602	2024-07-13 10:47:21.879000+08:00	2024-07-13 10:47:21.879000+08:00	{'东门北侧': {'A': [1, 1, 1, 1, 1, 1, 1, 1, 1, 1], 'B': [1, 1, 1, 1, 1, 1, 1, 1, 1, 1], 'C': [1, 1, 1, 1, 1, 1, 1, 1, 1, 1], 'D': [1, 0, 1, 1, 1, 1, 1, 1, 1, 1], 'E': [1, 1, 0, 1, 1, 1, 1, 1, 1, 1], 'F': [1, 1, 1, 1, 1, 1, 1, 1, 1, 1], 'G': [1, 1, 1, 1, 1, 1, 1, 1, 1, 1], 'H': [1, 1, 1, 1, 1, 1, 1, 1, 1, 1], 'I': [1, 1, 1, 1, 1, 1, 1, 1, 1, 1], 'J': [1, 1, 0, 0, 0, 1, 1, 1, 1, 1], 'K': [1, 0, 1, 0, 1, 1, 1, 1, 1, 1]}, '东门南侧': {'A': [1, 1, 1, 1, 1, 1, 1, 1, 1, 1], 'B': [0, 0, 0, 0, 0, 0, 0, 0, 0, 0]}, '西门北侧': {'A': [1, 1, 1, 1, 1, 1, 1, 1, 1, 1], 'B': [1, 1, 1, 1, 1, 1, 1, 1, 1, 0], 'C': [1, 1, 1, 1, 1, 0, 1, 1, 1, 1]}, '西门南侧': {'A': [1, 1, 1, 1, 1, 1, 1, 1, 1, 1], 'B': [1, 1, 1, 1, 1, 1, 1, 1, 1, 1], 'C': [1, 1, 1, 1, 1, 0, 1, 1, 1, 1]}, '南门西侧': {'A': [1, 1, 1, 1, 1, 1, 1, 1, 1, 1], 'B': [1, 1, 1, 1, 1, 1, 1, 1, 1, 1]}, '南门东侧': {'A': [1, 0, 1, 1, 1, 1, 1, 1, 1, 1], 'B': [0, 1, 1, 1, 1, 1, 1, 1, 1, 0]}, '北门东北侧': {'A': [1, 1, 1, 1, 1, 1, 1, 1, 1, 1], 'B': [0, 1, 1, 1, 1, 1, 0, 1, 1, 0], 'C': [0, 1, 1, 1, 1, 1, 1, 1, 1, 1], 'D': [1, 1, 1, 0, 1, 1, 1, 1, 1, 0]}, '北门东南侧': {'A': [1, 1, 1, 1, 1, 1, 1, 1, 1, 1], 'B': [1, 1, 0, 1, 1, 0, 1, 1, 1, 1], 'C': [1, 0, 1, 1, 1, 0, 1, 1, 0, 1], 'D': [0, 0, 1, 0, 1, 1, 1, 1, 0, 1], 'E': [1, 1, 1, 1, 1, 1, 0, 1, 0, 0], 'F': [1, 1, 1, 1, 1, 0, 1, 1, 1, 1]}, '橘园北侧南': {'A': [1, 1, 0, 1, 1, 1, 1, 1, 1, 1], 'B': [1, 1, 1, 1, 1, 1, 1, 1, 1, 1], 'C': [1, 1, 1, 1, 1, 1, 0, 1, 0, 1], 'D': [1, 1, 0, 1, 1, 1, 1, 1, 1, 1], 'E': [0, 1, 1, 1, 1, 1, 0, 1, 1, 1], 'F': [0, 1, 0, 1, 0, 1, 1, 1, 0, 1], 'G': [0, 1, 1, 1, 1, 1, 0, 1, 1, 1], 'H': [1, 1, 1, 1, 1, 1, 1, 1, 1, 1], 'I': [0, 0, 1, 0, 1, 1, 1, 1, 0, 1], 'J': [0, 1, 0, 0, 1, 1, 1, 1, 1, 0]}, '校医院西': {'A': [1, 1, 1, 1, 1, 1, 1, 1, 1, 1], 'B': [0, 1, 1, 1, 1, 1, 1, 1, 1, 1], 'C': [1, 1, 1, 1, 1, 1, 1, 1, 1, 1], 'D': [1, 1, 1, 1, 1, 1, 1, 1, 1, 1], 'E': [1, 0, 1, 1, 1, 1, 1, 0, 1, 1], 'F': [1, 1, 1, 1, 0, 1, 1, 1, 1, 1], 'G': [0, 0, 1, 1, 0, 1, 1, 1, 0, 0], 'H': [1, 0, 1, 1, 1, 1, 0, 1, 1, 0], 'I': [1, 1, 0, 1, 0, 1, 0, 1, 0, 1]}}
623603	2024-07-13 10:48:21.958000+08:00	2024-07-13 10:48:21.958000+08:00	{'东门北侧': {'A': [1, 1, 1, 1, 1, 1, 1, 1, 1, 1], 'B': [1, 1, 1, 1, 1, 1, 1, 1, 1, 1], 'C': [1, 1, 1, 1, 1, 1, 1, 1, 1, 1], 'D': [1, 0, 1, 1, 1, 1, 1, 1, 1, 1], 'E': [1, 1, 0, 1, 1, 1, 1, 1, 1, 1], 'F': [1, 1, 1, 1, 1, 1, 1, 1, 1, 1], 'G': [1, 1, 1, 1, 1, 1, 1, 1, 1, 1], 'H': [1, 1, 1, 1, 1, 1, 1, 1, 1, 1], 'I': [1, 1, 1, 1, 1, 1, 1, 1, 1, 1], 'J': [1, 1, 0, 0, 0, 1, 1, 1, 1, 1], 'K': [1, 0, 1, 0, 1, 1, 1, 1, 1, 1]}, '东门南侧': {'A': [1, 1, 1, 1, 1, 1, 1, 1, 1, 1], 'B': [0, 0, 0, 0, 0, 0, 0, 0, 0, 0]}, '西门北侧': {'A': [1, 1, 1, 1, 1, 1, 1, 1, 1, 1], 'B': [1, 1, 1, 1, 1, 1, 1, 1, 1, 0], 'C': [1, 1, 1, 1, 1, 0, 1, 1, 1, 1]}, '西门南侧': {'A': [1, 1, 1, 1, 1, 1, 1, 1, 1, 1], 'B': [1, 1, 1, 1, 1, 1, 1, 1, 1, 1], 'C': [1, 1, 1, 1, 1, 0, 1, 1, 1, 1]}, '南门西侧': {'A': [1, 1, 1, 1, 1, 1, 1, 1, 1, 1], 'B': [1, 1, 1, 1, 1, 1, 1, 1, 1, 1]}, '南门东侧': {'A': [1, 0, 1, 1, 1, 1, 1, 1, 1, 1], 'B': [0, 1, 1, 1, 1, 1, 1, 1, 1, 0]}, '北门东北侧': {'A': [1, 1, 1, 1, 1, 1, 1, 1, 1, 1], 'B': [0, 1, 1, 1, 1, 1, 0, 1, 1, 0], 'C': [0, 1, 1, 1, 1, 1, 1, 1, 1, 1], 'D': [1, 1, 1, 0, 1, 1, 1, 1, 1, 0]}, '北门东南侧': {'A': [1, 1, 1, 1, 1, 1, 1, 1, 1, 1], 'B': [1, 1, 0, 1, 1, 0, 1, 1, 1, 1], 'C': [1, 0, 1, 1, 1, 0, 1, 1, 0, 1], 'D': [0, 0, 1, 0, 1, 1, 1, 1, 0, 1], 'E': [1, 1, 1, 1, 1, 1, 0, 1, 0, 0], 'F': [1, 1, 1, 1, 1, 0, 1, 1, 1, 1]}, '橘园北侧南': {'A': [1, 1, 0, 1, 1, 1, 1, 1, 1, 1], 'B': [1, 1, 1, 1, 1, 1, 1, 1, 1, 1], 'C': [1, 1, 1, 1, 1, 1, 0, 1, 0, 1], 'D': [1, 1, 0, 1, 1, 1, 1, 1, 1, 1], 'E': [0, 1, 1, 1, 1, 1, 0, 1, 1, 1], 'F': [0, 1, 0, 1, 0, 1, 1, 1, 0, 1], 'G': [0, 1, 1, 1, 1, 1, 0, 1, 1, 1], 'H': [1, 1, 1, 1, 1, 1, 1, 1, 1, 1], 'I': [0, 0, 1, 0, 1, 1, 1, 1, 0, 1], 'J': [0, 1, 0, 0, 1, 1, 1, 1, 1, 0]}, '校医院西': {'A': [1, 1, 1, 1, 1, 1, 1, 1, 1, 1], 'B': [0, 1, 1, 1, 1, 1, 1, 1, 1, 1], 'C': [1, 1, 1, 1, 1, 1, 1, 1, 1, 1], 'D': [1, 1, 1, 1, 1, 1, 1, 1, 1, 1], 'E': [1, 0, 1, 1, 1, 1, 1, 0, 1, 1], 'F': [1, 1, 1, 1, 0, 1, 1, 1, 1, 1], 'G': [0, 0, 1, 1, 0, 1, 1, 1, 0, 0], 'H': [1, 0, 1, 1, 1, 1, 0, 1, 1, 0], 'I': [1, 1, 0, 1, 0, 1, 0, 1, 0, 1]}}
623604	2024-07-13 10:49:23.925000+08:00	2024-07-13 10:49:23.925000+08:00	{'东门北侧': {'A': [1, 1, 1, 1, 1, 1, 1, 1, 1, 1], 'B': [1, 1, 1, 1, 1, 1, 1, 1, 1, 1], 'C': [1, 1, 1, 1, 1, 1, 1, 1, 1, 1], 'D': [1, 0, 1, 1, 1, 1, 1, 1, 1, 1], 'E': [1, 1, 0, 1, 1, 1, 1, 1, 1, 1], 'F': [1, 1, 1, 1, 1, 1, 1, 1, 1, 1], 'G': [1, 1, 1, 1, 1, 1, 1, 1, 1, 1], 'H': [1, 1, 1, 1, 1, 1, 1, 1, 1, 1], 'I': [1, 1, 1, 1, 1, 1, 1, 1, 1, 1], 'J': [1, 1, 0, 0, 0, 1, 1, 1, 1, 1], 'K': [1, 0, 1, 0, 1, 1, 1, 1, 1, 1]}, '东门南侧': {'A': [1, 1, 1, 1, 1, 1, 1, 1, 1, 1], 'B': [0, 0, 0, 0, 0, 0, 0, 0, 0, 0]}, '西门北侧': {'A': [1, 1, 1, 1, 1, 1, 1, 1, 1, 1], 'B': [1, 1, 1, 1, 1, 1, 1, 1, 1, 0], 'C': [1, 1, 1, 1, 1, 0, 1, 1, 1, 1]}, '西门南侧': {'A': [1, 1, 1, 1, 1, 1, 1, 1, 1, 1], 'B': [1, 1, 1, 1, 1, 1, 1, 1, 1, 1], 'C': [1, 1, 1, 1, 1, 0, 1, 1, 1, 1]}, '南门西侧': {'A': [1, 1, 1, 1, 1, 1, 1, 1, 1, 1], 'B': [1, 1, 1, 1, 1, 1, 1, 1, 1, 1]}, '南门东侧': {'A': [1, 0, 1, 1, 1, 1, 1, 1, 1, 1], 'B': [0, 1, 1, 1, 1, 1, 1, 1, 1, 0]}, '北门东北侧': {'A': [1, 1, 1, 1, 1, 1, 1, 1, 1, 1], 'B': [0, 1, 1, 1, 1, 1, 0, 1, 1, 0], 'C': [0, 1, 1, 1, 1, 1, 1, 1, 1, 1], 'D': [1, 1, 1, 0, 1, 1, 1, 1, 1, 0]}, '北门东南侧': {'A': [1, 1, 1, 1, 1, 1, 1, 1, 1, 1], 'B': [1, 1, 0, 1, 1, 0, 1, 1, 1, 1], 'C': [1, 0, 1, 1, 1, 0, 1, 1, 0, 1], 'D': [0, 0, 1, 0, 1, 1, 1, 1, 0, 1], 'E': [1, 1, 1, 1, 1, 1, 0, 1, 0, 0], 'F': [1, 1, 1, 1, 1, 0, 1, 1, 1, 1]}, '橘园北侧南': {'A': [1, 1, 0, 1, 1, 1, 1, 0, 1, 1], 'B': [1, 1, 1, 1, 1, 1, 1, 1, 1, 1], 'C': [1, 1, 1, 1, 1, 1, 0, 1, 0, 1], 'D': [1, 1, 0, 1, 1, 1, 1, 1, 1, 1], 'E': [0, 1, 1, 1, 1, 1, 0, 1, 1, 1], 'F': [0, 1, 0, 1, 0, 1, 1, 1, 0, 1], 'G': [0, 1, 1, 1, 1, 1, 0, 1, 1, 1], 'H': [1, 1, 1, 1, 1, 1, 1, 1, 1, 1], 'I': [0, 0, 1, 0, 1, 1, 1, 1, 0, 1], 'J': [0, 1, 0, 0, 1, 1, 1, 1, 1, 0]}, '校医院西': {'A': [1, 1, 1, 1, 1, 1, 1, 1, 1, 1], 'B': [0, 1, 1, 1, 1, 1, 1, 1, 1, 1], 'C': [1, 1, 1, 1, 1, 1, 1, 1, 1, 1], 'D': [1, 1, 1, 1, 1, 1, 1, 1, 1, 1], 'E': [1, 0, 1, 1, 1, 1, 1, 0, 1, 1], 'F': [1, 1, 1, 1, 0, 1, 1, 1, 1, 1], 'G': [0, 0, 1, 1, 0, 1, 1, 1, 0, 0], 'H': [1, 0, 1, 1, 1, 1, 0, 1, 1, 0], 'I': [1, 1, 0, 1, 0, 1, 0, 1, 0, 1]}}
623605	2024-07-13 10:50:23.881000+08:00	2024-07-13 10:50:23.881000+08:00	{'东门北侧': {'A': [1, 1, 1, 1, 1, 1, 1, 1, 1, 1], 'B': [1, 1, 1, 1, 1, 1, 1, 1, 1, 1], 'C': [1, 1, 1, 1, 1, 1, 1, 1, 1, 1], 'D': [1, 0, 1, 1, 1, 1, 1, 1, 1, 1], 'E': [1, 1, 0, 1, 1, 1, 1, 1, 1, 1], 'F': [1, 1, 1, 1, 1, 1, 1, 1, 1, 1], 'G': [1, 1, 1, 1, 1, 1, 1, 1, 1, 1], 'H': [1, 1, 1, 1, 1, 1, 1, 1, 1, 1], 'I': [1, 1, 1, 1, 1, 1, 1, 1, 1, 1], 'J': [1, 1, 0, 0, 0, 1, 1, 1, 1, 1], 'K': [1, 0, 1, 0, 1, 1, 1, 1, 1, 1]}, '东门南侧': {'A': [1, 1, 1, 1, 1, 1, 1, 1, 1, 1], 'B': [0, 0, 0, 0, 0, 0, 0, 0, 0, 0]}, '西门北侧': {'A': [1, 1, 1, 1, 1, 1, 1, 1, 1, 1], 'B': [1, 1, 1, 1, 1, 1, 1, 1, 1, 0], 'C': [1, 1, 1, 1, 1, 0, 1, 1, 1, 1]}, '西门南侧': {'A': [1, 1, 1, 1, 1, 1, 1, 1, 1, 1], 'B': [1, 1, 1, 1, 1, 1, 1, 1, 1, 1], 'C': [1, 1, 1, 1, 1, 0, 1, 1, 1, 1]}, '南门西侧': {'A': [1, 1, 1, 1, 1, 1, 1, 1, 1, 1], 'B': [1, 1, 1, 1, 1, 1, 1, 1, 1, 1]}, '南门东侧': {'A': [1, 0, 1, 1, 1, 1, 1, 1, 1, 1], 'B': [0, 1, 1, 1, 1, 1, 1, 1, 1, 0]}, '北门东北侧': {'A': [1, 1, 1, 1, 1, 1, 1, 1, 1, 1], 'B': [0, 1, 1, 1, 1, 1, 0, 1, 1, 0], 'C': [0, 1, 1, 1, 1, 1, 1, 1, 1, 1], 'D': [1, 1, 1, 0, 1, 1, 1, 1, 1, 0]}, '北门东南侧': {'A': [1, 1, 1, 1, 1, 1, 1, 1, 1, 1], 'B': [1, 1, 0, 1, 1, 0, 1, 1, 1, 1], 'C': [1, 0, 1, 1, 1, 0, 1, 1, 0, 1], 'D': [0, 0, 1, 0, 1, 1, 1, 1, 0, 1], 'E': [1, 1, 1, 1, 1, 1, 0, 1, 0, 0], 'F': [1, 1, 1, 1, 1, 0, 1, 1, 1, 1]}, '橘园北侧南': {'A': [1, 1, 0, 1, 1, 1, 1, 0, 1, 1], 'B': [1, 1, 1, 1, 1, 1, 1, 1, 1, 1], 'C': [1, 1, 1, 1, 1, 1, 0, 1, 0, 1], 'D': [1, 1, 0, 1, 1, 1, 1, 1, 1, 1], 'E': [0, 1, 1, 1, 1, 1, 0, 1, 1, 1], 'F': [0, 1, 0, 1, 0, 1, 1, 1, 0, 1], 'G': [0, 1, 1, 1, 1, 1, 0, 1, 1, 1], 'H': [1, 1, 1, 1, 1, 1, 1, 1, 1, 1], 'I': [0, 0, 1, 0, 1, 1, 1, 1, 0, 1], 'J': [0, 1, 0, 0, 1, 1, 1, 1, 1, 0]}, '校医院西': {'A': [1, 1, 1, 1, 1, 1, 1, 1, 1, 1], 'B': [0, 1, 1, 1, 1, 1, 1, 1, 1, 1], 'C': [1, 1, 1, 1, 1, 1, 1, 1, 1, 1], 'D': [1, 1, 1, 1, 1, 1, 1, 1, 1, 1], 'E': [1, 0, 1, 1, 1, 1, 1, 0, 1, 1], 'F': [1, 1, 1, 1, 0, 1, 1, 1, 1, 1], 'G': [0, 0, 1, 1, 0, 1, 1, 1, 0, 0], 'H': [1, 0, 1, 1, 1, 1, 0, 1, 1, 0], 'I': [1, 1, 0, 1, 0, 1, 0, 1, 0, 1]}}
623606	2024-07-13 10:51:21.877000+08:00	2024-07-13 10:51:21.877000+08:00	{'东门北侧': {'A': [1, 1, 1, 1, 1, 1, 1, 1, 1, 1], 'B': [1, 1, 1, 1, 1, 1, 1, 1, 1, 1], 'C': [1, 1, 1, 1, 1, 1, 1, 1, 1, 1], 'D': [1, 0, 1, 1, 1, 1, 1, 1, 1, 1], 'E': [1, 1, 0, 1, 1, 1, 1, 1, 1, 1], 'F': [1, 1, 1, 1, 1, 1, 1, 1, 1, 1], 'G': [1, 1, 1, 1, 1, 1, 1, 1, 1, 1], 'H': [1, 1, 1, 1, 1, 1, 1, 1, 1, 1], 'I': [1, 1, 1, 1, 1, 1, 1, 1, 1, 1], 'J': [1, 1, 0, 0, 0, 1, 1, 1, 1, 1], 'K': [1, 0, 1, 0, 1, 1, 1, 1, 1, 1]}, '东门南侧': {'A': [1, 1, 1, 1, 1, 1, 1, 1, 1, 1], 'B': [0, 0, 0, 0, 0, 0, 0, 0, 0, 0]}, '西门北侧': {'A': [1, 1, 1, 1, 1, 1, 1, 1, 1, 1], 'B': [1, 1, 1, 1, 1, 1, 1, 1, 1, 0], 'C': [1, 1, 1, 1, 1, 0, 1, 1, 1, 1]}, '西门南侧': {'A': [1, 1, 1, 1, 1, 1, 1, 1, 1, 1], 'B': [1, 1, 1, 1, 1, 1, 1, 1, 1, 1], 'C': [1, 1, 1, 1, 1, 0, 1, 1, 1, 1]}, '南门西侧': {'A': [1, 1, 1, 1, 1, 1, 1, 1, 1, 1], 'B': [1, 1, 1, 1, 1, 1, 1, 1, 1, 1]}, '南门东侧': {'A': [1, 0, 1, 1, 1, 1, 1, 1, 1, 1], 'B': [0, 1, 1, 1, 1, 1, 1, 1, 1, 0]}, '北门东北侧': {'A': [1, 1, 1, 1, 1, 1, 1, 1, 1, 1], 'B': [0, 1, 1, 1, 1, 1, 0, 1, 1, 0], 'C': [0, 1, 1, 1, 1, 1, 1, 1, 1, 1], 'D': [1, 1, 1, 0, 1, 1, 1, 1, 1, 0]}, '北门东南侧': {'A': [1, 1, 1, 1, 1, 1, 1, 1, 1, 1], 'B': [1, 1, 0, 1, 1, 0, 1, 1, 1, 1], 'C': [1, 0, 1, 1, 1, 0, 1, 1, 0, 1], 'D': [0, 0, 1, 0, 1, 1, 1, 1, 0, 1], 'E': [1, 1, 1, 1, 1, 1, 0, 1, 0, 0], 'F': [1, 1, 1, 1, 1, 0, 1, 1, 1, 1]}, '橘园北侧南': {'A': [1, 1, 0, 1, 1, 1, 1, 0, 1, 1], 'B': [1, 1, 1, 1, 1, 1, 1, 1, 1, 1], 'C': [1, 1, 1, 1, 1, 1, 0, 1, 0, 1], 'D': [1, 1, 0, 1, 1, 1, 1, 1, 1, 1], 'E': [0, 1, 1, 1, 1, 1, 0, 1, 1, 1], 'F': [0, 1, 0, 1, 0, 1, 1, 1, 0, 1], 'G': [0, 1, 1, 1, 1, 1, 0, 1, 1, 1], 'H': [1, 1, 1, 1, 1, 1, 1, 1, 1, 1], 'I': [0, 0, 1, 0, 1, 1, 1, 1, 0, 1], 'J': [0, 1, 0, 0, 1, 1, 1, 1, 1, 0]}, '校医院西': {'A': [1, 1, 1, 1, 1, 1, 1, 1, 1, 1], 'B': [0, 1, 1, 1, 1, 1, 1, 1, 1, 1], 'C': [1, 1, 1, 1, 1, 1, 1, 1, 1, 1], 'D': [1, 1, 1, 1, 1, 1, 1, 1, 1, 1], 'E': [1, 0, 1, 1, 1, 1, 1, 0, 1, 1], 'F': [1, 1, 1, 1, 0, 1, 1, 1, 1, 1], 'G': [0, 0, 1, 1, 0, 1, 1, 1, 0, 0], 'H': [1, 0, 1, 1, 1, 1, 0, 1, 1, 0], 'I': [1, 1, 0, 1, 0, 1, 0, 1, 0, 1]}}
623607	2024-07-13 10:52:20.969000+08:00	2024-07-13 10:52:20.969000+08:00	{'东门北侧': {'A': [1, 1, 1, 1, 1, 1, 1, 1, 1, 1], 'B': [1, 1, 1, 1, 1, 1, 1, 1, 1, 1], 'C': [1, 1, 1, 1, 1, 1, 1, 1, 1, 1], 'D': [1, 0, 1, 1, 1, 1, 1, 1, 1, 1], 'E': [1, 1, 0, 1, 1, 1, 1, 1, 1, 1], 'F': [1, 1, 1, 1, 1, 1, 1, 1, 1, 1], 'G': [1, 1, 1, 1, 1, 1, 1, 1, 1, 1], 'H': [1, 1, 1, 1, 1, 1, 1, 1, 1, 1], 'I': [1, 1, 1, 1, 1, 1, 1, 1, 1, 1], 'J': [1, 1, 0, 0, 0, 1, 1, 1, 1, 1], 'K': [1, 0, 1, 0, 1, 1, 1, 1, 1, 1]}, '东门南侧': {'A': [1, 1, 1, 1, 1, 1, 1, 1, 1, 1], 'B': [0, 0, 0, 0, 0, 0, 0, 0, 0, 0]}, '西门北侧': {'A': [1, 1, 1, 1, 1, 1, 1, 1, 1, 1], 'B': [1, 1, 1, 1, 1, 1, 1, 1, 1, 0], 'C': [1, 1, 1, 1, 1, 0, 1, 1, 1, 1]}, '西门南侧': {'A': [1, 1, 1, 1, 1, 1, 1, 1, 1, 1], 'B': [1, 1, 1, 1, 1, 1, 1, 1, 1, 1], 'C': [1, 1, 1, 1, 1, 0, 1, 1, 1, 1]}, '南门西侧': {'A': [1, 1, 1, 1, 1, 1, 1, 1, 1, 1], 'B': [1, 1, 1, 1, 1, 1, 1, 1, 1, 1]}, '南门东侧': {'A': [1, 0, 1, 1, 1, 1, 1, 1, 1, 1], 'B': [0, 1, 1, 1, 1, 1, 1, 1, 1, 0]}, '北门东北侧': {'A': [1, 1, 1, 1, 1, 1, 1, 1, 1, 1], 'B': [0, 1, 1, 1, 1, 1, 0, 1, 1, 0], 'C': [0, 1, 1, 1, 1, 1, 1, 1, 1, 1], 'D': [1, 1, 1, 0, 1, 1, 1, 1, 1, 0]}, '北门东南侧': {'A': [1, 1, 1, 1, 1, 1, 1, 1, 1, 1], 'B': [1, 1, 0, 1, 1, 0, 1, 1, 1, 1], 'C': [1, 0, 1, 1, 1, 0, 1, 1, 0, 1], 'D': [0, 0, 1, 0, 1, 1, 1, 1, 0, 1], 'E': [1, 1, 1, 1, 1, 1, 0, 1, 0, 0], 'F': [1, 1, 1, 1, 1, 0, 1, 1, 1, 1]}, '橘园北侧南': {'A': [1, 1, 0, 1, 1, 1, 1, 0, 1, 1], 'B': [1, 1, 1, 1, 1, 1, 1, 1, 1, 1], 'C': [1, 1, 1, 1, 1, 1, 0, 1, 0, 1], 'D': [1, 1, 0, 1, 1, 1, 1, 1, 1, 1], 'E': [0, 1, 1, 1, 1, 1, 0, 1, 1, 1], 'F': [0, 1, 0, 1, 0, 1, 1, 1, 0, 1], 'G': [0, 1, 1, 1, 1, 1, 0, 1, 1, 1], 'H': [1, 1, 1, 1, 1, 1, 1, 1, 1, 1], 'I': [0, 0, 1, 0, 1, 1, 1, 1, 0, 1], 'J': [0, 1, 0, 0, 1, 1, 1, 1, 1, 0]}, '校医院西': {'A': [1, 1, 1, 1, 1, 1, 1, 1, 1, 1], 'B': [0, 1, 1, 1, 1, 1, 1, 1, 1, 1], 'C': [1, 1, 1, 1, 1, 1, 1, 1, 1, 1], 'D': [1, 1, 1, 1, 1, 1, 1, 1, 1, 1], 'E': [1, 0, 1, 1, 1, 1, 1, 0, 1, 1], 'F': [1, 1, 1, 1, 0, 1, 1, 1, 1, 1], 'G': [0, 0, 1, 1, 0, 1, 1, 1, 0, 0], 'H': [1, 0, 1, 1, 1, 1, 0, 1, 1, 0], 'I': [1, 1, 0, 1, 0, 1, 0, 1, 0, 1]}}
623608	2024-07-13 10:53:22.904000+08:00	2024-07-13 10:53:22.904000+08:00	{'东门北侧': {'A': [1, 1, 1, 1, 1, 1, 1, 1, 1, 1], 'B': [1, 1, 1, 1, 1, 1, 1, 1, 1, 1], 'C': [1, 1, 1, 1, 1, 1, 1, 1, 1, 1], 'D': [1, 0, 1, 1, 1, 1, 1, 1, 1, 1], 'E': [1, 1, 0, 1, 1, 1, 1, 1, 1, 1], 'F': [1, 1, 1, 1, 1, 1, 1, 1, 1, 1], 'G': [1, 1, 1, 1, 1, 1, 1, 1, 1, 1], 'H': [1, 1, 1, 1, 1, 1, 1, 1, 1, 1], 'I': [1, 1, 1, 1, 1, 1, 1, 1, 1, 1], 'J': [1, 1, 0, 0, 0, 1, 1, 1, 1, 1], 'K': [1, 0, 1, 0, 1, 1, 1, 1, 1, 1]}, '东门南侧': {'A': [1, 1, 1, 1, 1, 1, 1, 1, 1, 1], 'B': [0, 0, 0, 0, 0, 0, 0, 0, 0, 0]}, '西门北侧': {'A': [1, 1, 1, 1, 1, 1, 1, 1, 1, 1], 'B': [1, 1, 1, 1, 1, 1, 1, 1, 1, 0], 'C': [1, 1, 1, 1, 1, 0, 1, 1, 1, 1]}, '西门南侧': {'A': [1, 1, 1, 1, 1, 1, 1, 1, 1, 1], 'B': [1, 1, 1, 1, 1, 1, 1, 1, 1, 1], 'C': [1, 1, 1, 1, 1, 0, 1, 1, 1, 1]}, '南门西侧': {'A': [1, 1, 1, 1, 1, 1, 1, 1, 1, 1], 'B': [1, 1, 1, 1, 1, 1, 1, 1, 1, 1]}, '南门东侧': {'A': [1, 0, 1, 1, 1, 1, 1, 1, 1, 1], 'B': [0, 1, 1, 1, 1, 1, 1, 1, 1, 0]}, '北门东北侧': {'A': [1, 1, 1, 1, 1, 1, 1, 1, 1, 1], 'B': [0, 1, 1, 1, 1, 1, 0, 1, 1, 0], 'C': [0, 1, 1, 1, 1, 1, 1, 1, 1, 1], 'D': [1, 1, 1, 0, 1, 1, 1, 1, 1, 0]}, '北门东南侧': {'A': [1, 1, 1, 1, 1, 1, 1, 1, 1, 1], 'B': [1, 1, 0, 1, 1, 0, 1, 1, 1, 1], 'C': [1, 0, 1, 1, 1, 0, 1, 1, 0, 1], 'D': [0, 0, 1, 0, 1, 1, 1, 1, 0, 1], 'E': [1, 1, 1, 1, 1, 1, 0, 1, 0, 0], 'F': [1, 1, 1, 1, 1, 0, 1, 1, 1, 1]}, '橘园北侧南': {'A': [1, 1, 0, 1, 1, 1, 1, 0, 1, 1], 'B': [1, 1, 1, 1, 1, 1, 1, 1, 1, 1], 'C': [1, 1, 1, 1, 1, 1, 0, 1, 0, 1], 'D': [1, 1, 0, 1, 1, 1, 1, 1, 1, 1], 'E': [0, 1, 1, 1, 1, 1, 0, 1, 1, 1], 'F': [0, 1, 0, 1, 0, 1, 1, 1, 0, 1], 'G': [0, 1, 1, 1, 1, 1, 0, 1, 1, 1], 'H': [1, 1, 1, 1, 1, 1, 1, 1, 1, 1], 'I': [0, 0, 1, 0, 1, 1, 1, 1, 0, 1], 'J': [0, 1, 0, 0, 1, 1, 1, 1, 1, 0]}, '校医院西': {'A': [1, 1, 1, 1, 1, 1, 1, 1, 1, 1], 'B': [0, 1, 1, 1, 1, 1, 1, 1, 1, 1], 'C': [1, 1, 1, 1, 1, 1, 1, 1, 1, 1], 'D': [1, 1, 1, 1, 1, 1, 1, 1, 1, 1], 'E': [1, 0, 1, 1, 1, 1, 1, 0, 1, 1], 'F': [1, 1, 1, 1, 0, 1, 1, 1, 1, 1], 'G': [0, 0, 1, 1, 0, 1, 1, 1, 0, 0], 'H': [1, 0, 1, 1, 1, 1, 0, 1, 1, 0], 'I': [1, 1, 0, 1, 0, 1, 0, 1, 0, 1]}}
623609	2024-07-13 10:54:23.880000+08:00	2024-07-13 10:54:23.880000+08:00	{'东门北侧': {'A': [1, 1, 1, 1, 1, 1, 1, 1, 1, 1], 'B': [1, 1, 1, 1, 1, 1, 1, 1, 1, 1], 'C': [1, 1, 1, 1, 1, 1, 1, 1, 1, 1], 'D': [1, 0, 1, 1, 1, 1, 1, 1, 1, 1], 'E': [1, 1, 0, 1, 1, 1, 1, 1, 1, 1], 'F': [1, 1, 1, 1, 1, 1, 1, 1, 1, 1], 'G': [1, 1, 1, 1, 1, 1, 1, 1, 1, 1], 'H': [1, 1, 1, 1, 1, 1, 1, 1, 1, 1], 'I': [1, 1, 1, 1, 1, 1, 1, 1, 1, 1], 'J': [1, 1, 0, 0, 0, 1, 1, 1, 1, 1], 'K': [1, 0, 1, 0, 1, 1, 1, 1, 1, 1]}, '东门南侧': {'A': [1, 1, 1, 1, 1, 1, 1, 1, 1, 1], 'B': [0, 0, 0, 0, 0, 0, 0, 0, 0, 0]}, '西门北侧': {'A': [1, 1, 1, 1, 1, 1, 1, 1, 1, 1], 'B': [1, 1, 1, 1, 1, 1, 1, 1, 1, 0], 'C': [1, 1, 1, 1, 1, 0, 1, 1, 1, 1]}, '西门南侧': {'A': [1, 1, 1, 1, 1, 1, 1, 1, 1, 1], 'B': [1, 1, 1, 1, 1, 1, 1, 1, 1, 1], 'C': [1, 1, 1, 1, 1, 0, 1, 1, 1, 1]}, '南门西侧': {'A': [1, 1, 1, 1, 1, 1, 1, 1, 1, 1], 'B': [1, 1, 1, 1, 1, 1, 1, 1, 1, 1]}, '南门东侧': {'A': [1, 0, 1, 1, 1, 1, 1, 1, 1, 1], 'B': [0, 1, 1, 1, 1, 1, 1, 1, 1, 0]}, '北门东北侧': {'A': [1, 1, 1, 1, 1, 1, 1, 1, 1, 1], 'B': [0, 1, 1, 1, 1, 1, 0, 1, 1, 0], 'C': [0, 1, 1, 1, 1, 1, 1, 1, 1, 1], 'D': [1, 1, 1, 0, 1, 1, 1, 1, 1, 0]}, '北门东南侧': {'A': [1, 1, 1, 1, 1, 1, 1, 1, 1, 1], 'B': [1, 1, 0, 1, 1, 0, 1, 1, 1, 1], 'C': [1, 0, 1, 1, 1, 0, 1, 1, 0, 1], 'D': [0, 0, 1, 0, 1, 1, 1, 1, 0, 1], 'E': [1, 1, 1, 1, 1, 1, 0, 1, 0, 0], 'F': [1, 1, 1, 1, 1, 0, 1, 1, 1, 1]}, '橘园北侧南': {'A': [1, 1, 0, 1, 1, 1, 1, 0, 1, 1], 'B': [1, 1, 1, 1, 1, 1, 1, 1, 1, 1], 'C': [1, 1, 1, 1, 1, 1, 0, 1, 0, 1], 'D': [1, 1, 0, 1, 1, 1, 1, 1, 1, 1], 'E': [0, 1, 1, 1, 1, 1, 0, 1, 1, 1], 'F': [0, 1, 0, 1, 0, 1, 1, 1, 0, 1], 'G': [0, 1, 1, 1, 1, 1, 0, 1, 1, 1], 'H': [1, 1, 1, 1, 1, 1, 1, 1, 1, 1], 'I': [0, 0, 1, 0, 1, 1, 1, 1, 0, 1], 'J': [0, 1, 0, 0, 1, 1, 1, 1, 1, 0]}, '校医院西': {'A': [1, 1, 1, 1, 1, 1, 1, 1, 1, 1], 'B': [0, 1, 1, 1, 1, 1, 1, 1, 1, 1], 'C': [1, 1, 1, 1, 1, 1, 1, 1, 1, 1], 'D': [1, 1, 1, 1, 1, 1, 1, 1, 1, 1], 'E': [1, 0, 1, 1, 1, 1, 1, 0, 1, 1], 'F': [1, 1, 1, 1, 0, 1, 1, 1, 1, 1], 'G': [0, 0, 1, 1, 0, 1, 1, 1, 0, 0], 'H': [1, 0, 1, 1, 1, 1, 0, 1, 1, 0], 'I': [1, 1, 0, 1, 0, 1, 0, 1, 0, 1]}}
623610	2024-07-13 10:55:23.916000+08:00	2024-07-13 10:55:23.916000+08:00	{'东门北侧': {'A': [1, 1, 1, 1, 1, 1, 1, 1, 1, 1], 'B': [1, 1, 1, 1, 1, 1, 1, 1, 1, 1], 'C': [1, 1, 1, 1, 1, 1, 1, 1, 1, 1], 'D': [1, 0, 1, 1, 1, 1, 1, 1, 1, 1], 'E': [1, 1, 0, 1, 1, 1, 1, 1, 1, 1], 'F': [1, 1, 1, 1, 1, 1, 1, 1, 1, 1], 'G': [1, 1, 1, 1, 1, 1, 1, 1, 1, 1], 'H': [1, 1, 1, 1, 1, 1, 1, 1, 1, 1], 'I': [1, 1, 1, 1, 1, 1, 1, 1, 1, 1], 'J': [1, 1, 0, 0, 0, 1, 1, 1, 1, 1], 'K': [1, 0, 1, 0, 1, 1, 1, 1, 1, 1]}, '东门南侧': {'A': [1, 1, 1, 1, 1, 1, 1, 1, 1, 1], 'B': [0, 0, 0, 0, 0, 0, 0, 0, 0, 0]}, '西门北侧': {'A': [1, 1, 1, 1, 1, 1, 1, 1, 1, 1], 'B': [1, 1, 1, 1, 1, 1, 1, 1, 1, 0], 'C': [1, 1, 1, 1, 1, 0, 1, 1, 1, 1]}, '西门南侧': {'A': [1, 1, 1, 1, 1, 1, 1, 1, 1, 1], 'B': [1, 1, 1, 1, 1, 1, 1, 1, 1, 1], 'C': [1, 1, 1, 1, 1, 0, 1, 1, 1, 1]}, '南门西侧': {'A': [1, 1, 1, 1, 1, 1, 1, 1, 1, 1], 'B': [1, 1, 1, 1, 1, 1, 1, 1, 1, 1]}, '南门东侧': {'A': [1, 0, 1, 1, 1, 1, 1, 1, 1, 1], 'B': [0, 1, 1, 1, 1, 1, 1, 1, 1, 0]}, '北门东北侧': {'A': [1, 1, 1, 1, 1, 1, 1, 1, 1, 1], 'B': [0, 1, 1, 1, 1, 1, 0, 1, 1, 0], 'C': [0, 1, 1, 1, 1, 1, 1, 1, 1, 1], 'D': [1, 1, 1, 0, 1, 1, 1, 1, 1, 0]}, '北门东南侧': {'A': [1, 1, 1, 1, 1, 1, 1, 1, 1, 1], 'B': [1, 1, 0, 1, 1, 0, 1, 1, 1, 1], 'C': [1, 0, 1, 1, 1, 0, 1, 1, 0, 1], 'D': [0, 0, 1, 0, 1, 1, 1, 0, 0, 1], 'E': [1, 1, 1, 1, 1, 1, 0, 1, 0, 0], 'F': [1, 1, 1, 1, 1, 0, 1, 1, 1, 1]}, '橘园北侧南': {'A': [1, 1, 0, 1, 1, 1, 1, 0, 1, 1], 'B': [1, 1, 1, 1, 1, 1, 1, 1, 1, 1], 'C': [1, 1, 1, 1, 1, 1, 0, 1, 0, 1], 'D': [1, 1, 0, 1, 1, 1, 1, 1, 1, 1], 'E': [0, 1, 1, 1, 1, 1, 0, 1, 1, 1], 'F': [0, 1, 0, 1, 0, 1, 1, 1, 0, 1], 'G': [0, 1, 1, 1, 1, 1, 0, 1, 1, 1], 'H': [1, 1, 1, 1, 1, 1, 1, 1, 1, 1], 'I': [0, 0, 1, 0, 1, 1, 1, 1, 0, 1], 'J': [0, 1, 0, 0, 1, 1, 1, 1, 1, 0]}, '校医院西': {'A': [1, 1, 1, 1, 1, 1, 1, 1, 1, 1], 'B': [0, 1, 1, 1, 1, 1, 1, 1, 1, 1], 'C': [1, 1, 1, 1, 1, 1, 1, 1, 1, 1], 'D': [1, 1, 1, 1, 1, 1, 1, 1, 1, 1], 'E': [1, 0, 1, 1, 1, 1, 1, 0, 1, 1], 'F': [1, 1, 1, 1, 0, 1, 1, 1, 1, 1], 'G': [0, 0, 1, 1, 0, 1, 1, 1, 0, 0], 'H': [1, 0, 1, 1, 1, 1, 0, 1, 1, 0], 'I': [1, 1, 0, 1, 0, 1, 0, 1, 0, 1]}}
623611	2024-07-13 10:56:20.865000+08:00	2024-07-13 10:56:20.865000+08:00	{'东门北侧': {'A': [1, 1, 1, 1, 1, 1, 1, 1, 1, 1], 'B': [1, 1, 1, 1, 1, 1, 1, 1, 1, 1], 'C': [1, 1, 1, 1, 1, 1, 1, 1, 1, 1], 'D': [1, 0, 1, 1, 1, 1, 1, 1, 1, 1], 'E': [1, 1, 0, 1, 1, 1, 1, 1, 1, 1], 'F': [1, 1, 1, 1, 1, 1, 1, 1, 1, 1], 'G': [1, 1, 1, 1, 1, 1, 1, 1, 1, 1], 'H': [1, 1, 1, 1, 1, 1, 1, 1, 1, 1], 'I': [1, 1, 1, 1, 1, 1, 1, 1, 1, 1], 'J': [1, 1, 0, 0, 0, 1, 1, 1, 1, 1], 'K': [1, 0, 1, 0, 1, 1, 1, 1, 1, 1]}, '东门南侧': {'A': [1, 1, 1, 1, 1, 1, 1, 1, 1, 1], 'B': [0, 0, 0, 0, 0, 0, 0, 0, 0, 0]}, '西门北侧': {'A': [1, 1, 1, 1, 1, 1, 1, 1, 1, 1], 'B': [1, 1, 1, 1, 1, 1, 1, 1, 1, 0], 'C': [1, 1, 1, 1, 1, 0, 1, 1, 1, 1]}, '西门南侧': {'A': [1, 1, 1, 1, 1, 1, 1, 1, 1, 1], 'B': [1, 1, 1, 1, 1, 1, 1, 1, 1, 1], 'C': [1, 1, 1, 1, 1, 0, 1, 1, 1, 1]}, '南门西侧': {'A': [1, 1, 1, 1, 1, 1, 1, 1, 1, 1], 'B': [1, 1, 1, 1, 1, 1, 1, 1, 1, 1]}, '南门东侧': {'A': [1, 0, 1, 1, 1, 1, 1, 1, 1, 1], 'B': [0, 1, 1, 1, 1, 1, 1, 1, 1, 0]}, '北门东北侧': {'A': [1, 1, 1, 1, 1, 1, 1, 1, 1, 1], 'B': [0, 1, 1, 1, 1, 1, 0, 1, 1, 0], 'C': [0, 1, 1, 1, 1, 1, 1, 1, 1, 1], 'D': [1, 1, 1, 0, 1, 1, 1, 1, 1, 0]}, '北门东南侧': {'A': [1, 1, 1, 1, 1, 1, 1, 1, 1, 1], 'B': [1, 1, 0, 1, 1, 0, 1, 1, 1, 1], 'C': [1, 0, 1, 1, 1, 0, 1, 1, 0, 1], 'D': [0, 0, 1, 0, 1, 1, 1, 0, 0, 1], 'E': [1, 1, 1, 1, 1, 1, 0, 1, 0, 0], 'F': [1, 1, 1, 1, 1, 0, 1, 1, 1, 1]}, '橘园北侧南': {'A': [1, 1, 0, 1, 1, 1, 1, 0, 1, 1], 'B': [1, 1, 1, 1, 1, 1, 1, 1, 1, 1], 'C': [1, 1, 1, 1, 1, 1, 0, 1, 0, 1], 'D': [1, 1, 0, 1, 1, 1, 1, 1, 1, 1], 'E': [0, 1, 1, 1, 1, 1, 0, 1, 1, 1], 'F': [0, 1, 0, 1, 0, 1, 1, 1, 0, 1], 'G': [0, 1, 1, 1, 1, 1, 0, 1, 1, 1], 'H': [1, 1, 1, 1, 1, 1, 1, 1, 1, 1], 'I': [0, 0, 1, 0, 1, 1, 1, 1, 0, 1], 'J': [0, 1, 0, 0, 1, 1, 1, 1, 1, 0]}, '校医院西': {'A': [1, 1, 1, 1, 1, 1, 1, 1, 1, 1], 'B': [0, 1, 1, 1, 1, 1, 1, 1, 1, 1], 'C': [1, 1, 1, 1, 1, 1, 1, 1, 1, 1], 'D': [1, 1, 1, 1, 1, 1, 1, 1, 1, 1], 'E': [1, 0, 1, 1, 1, 1, 1, 0, 1, 1], 'F': [1, 1, 1, 1, 0, 1, 1, 1, 1, 1], 'G': [0, 0, 1, 1, 0, 1, 1, 1, 0, 0], 'H': [1, 0, 1, 1, 1, 1, 0, 1, 1, 0], 'I': [1, 1, 0, 1, 0, 1, 0, 1, 0, 1]}}
623612	2024-07-13 10:57:22.902000+08:00	2024-07-13 10:57:22.902000+08:00	{'东门北侧': {'A': [1, 1, 1, 1, 1, 1, 1, 1, 1, 1], 'B': [1, 1, 1, 1, 1, 1, 1, 1, 1, 1], 'C': [1, 1, 1, 1, 1, 1, 1, 1, 1, 1], 'D': [1, 0, 1, 1, 1, 1, 1, 1, 1, 1], 'E': [1, 1, 0, 1, 1, 1, 1, 1, 1, 1], 'F': [1, 1, 1, 1, 1, 1, 1, 1, 1, 1], 'G': [1, 1, 1, 1, 1, 1, 1, 1, 1, 1], 'H': [1, 1, 1, 1, 1, 1, 1, 1, 1, 1], 'I': [1, 1, 1, 1, 1, 1, 1, 1, 1, 1], 'J': [1, 1, 0, 0, 0, 1, 1, 1, 1, 1], 'K': [1, 0, 1, 0, 1, 1, 1, 1, 1, 1]}, '东门南侧': {'A': [1, 1, 1, 1, 1, 1, 1, 1, 1, 1], 'B': [0, 0, 0, 0, 0, 0, 0, 0, 0, 0]}, '西门北侧': {'A': [1, 1, 1, 1, 1, 1, 1, 1, 1, 1], 'B': [1, 1, 1, 1, 1, 1, 1, 1, 1, 0], 'C': [1, 1, 1, 1, 1, 0, 1, 1, 1, 1]}, '西门南侧': {'A': [1, 1, 1, 1, 1, 1, 1, 1, 1, 1], 'B': [1, 1, 1, 1, 1, 1, 1, 1, 1, 1], 'C': [1, 1, 1, 1, 1, 0, 1, 1, 1, 1]}, '南门西侧': {'A': [1, 1, 1, 1, 1, 1, 1, 1, 1, 1], 'B': [1, 1, 1, 1, 1, 1, 1, 1, 1, 1]}, '南门东侧': {'A': [1, 0, 1, 1, 1, 1, 1, 1, 1, 1], 'B': [0, 1, 1, 1, 1, 1, 1, 1, 1, 0]}, '北门东北侧': {'A': [1, 1, 1, 1, 1, 1, 1, 1, 1, 1], 'B': [0, 1, 1, 1, 1, 1, 0, 1, 1, 0], 'C': [0, 1, 1, 1, 1, 1, 1, 1, 1, 1], 'D': [1, 1, 1, 0, 1, 1, 1, 1, 1, 0]}, '北门东南侧': {'A': [1, 1, 1, 1, 1, 1, 1, 1, 1, 1], 'B': [1, 1, 0, 1, 1, 0, 1, 1, 1, 1], 'C': [1, 0, 1, 1, 1, 0, 1, 1, 0, 1], 'D': [0, 0, 1, 0, 1, 1, 1, 0, 0, 1], 'E': [1, 1, 1, 1, 1, 1, 0, 1, 0, 0], 'F': [1, 1, 1, 1, 1, 0, 1, 1, 1, 1]}, '橘园北侧南': {'A': [1, 1, 0, 1, 1, 1, 1, 0, 1, 1], 'B': [1, 1, 1, 1, 1, 1, 1, 1, 1, 1], 'C': [1, 1, 1, 1, 1, 1, 0, 1, 0, 1], 'D': [1, 1, 0, 1, 1, 1, 1, 1, 1, 1], 'E': [0, 1, 1, 1, 1, 1, 0, 1, 1, 1], 'F': [0, 1, 0, 1, 0, 1, 1, 1, 0, 1], 'G': [0, 1, 1, 1, 1, 1, 0, 1, 1, 1], 'H': [1, 1, 1, 1, 1, 1, 0, 1, 1, 1], 'I': [0, 0, 1, 0, 1, 1, 1, 1, 0, 1], 'J': [0, 1, 0, 0, 1, 1, 1, 1, 1, 0]}, '校医院西': {'A': [1, 1, 1, 1, 1, 1, 1, 1, 1, 1], 'B': [0, 1, 1, 1, 1, 1, 1, 1, 1, 1], 'C': [1, 1, 1, 1, 1, 1, 1, 1, 1, 1], 'D': [1, 1, 1, 1, 1, 1, 1, 1, 1, 1], 'E': [1, 0, 1, 1, 1, 1, 1, 0, 1, 1], 'F': [1, 1, 1, 1, 0, 1, 1, 1, 1, 1], 'G': [0, 0, 1, 1, 0, 1, 1, 1, 0, 0], 'H': [1, 0, 1, 1, 1, 1, 0, 1, 1, 0], 'I': [1, 1, 0, 1, 0, 1, 0, 1, 0, 1]}}
623613	2024-07-13 10:58:23.898000+08:00	2024-07-13 10:58:23.898000+08:00	{'东门北侧': {'A': [1, 1, 1, 1, 1, 1, 1, 1, 1, 1], 'B': [1, 1, 1, 1, 1, 1, 1, 1, 1, 1], 'C': [1, 1, 1, 1, 1, 1, 1, 1, 1, 1], 'D': [1, 0, 1, 1, 1, 1, 1, 1, 1, 1], 'E': [1, 1, 0, 1, 1, 1, 1, 1, 1, 1], 'F': [1, 1, 1, 1, 1, 1, 1, 1, 1, 1], 'G': [1, 1, 1, 1, 1, 1, 1, 1, 1, 1], 'H': [1, 1, 1, 1, 1, 1, 1, 1, 1, 1], 'I': [1, 1, 1, 1, 1, 1, 1, 1, 1, 1], 'J': [1, 1, 0, 0, 0, 1, 1, 1, 1, 1], 'K': [1, 0, 1, 0, 1, 1, 1, 1, 1, 1]}, '东门南侧': {'A': [1, 1, 1, 1, 1, 1, 1, 1, 1, 1], 'B': [0, 0, 0, 0, 0, 0, 0, 0, 0, 0]}, '西门北侧': {'A': [1, 1, 1, 1, 1, 1, 1, 1, 1, 1], 'B': [1, 1, 1, 1, 1, 1, 1, 1, 1, 0], 'C': [1, 1, 1, 1, 1, 0, 1, 1, 1, 1]}, '西门南侧': {'A': [1, 1, 1, 1, 1, 1, 1, 1, 1, 1], 'B': [1, 1, 1, 1, 1, 1, 1, 1, 1, 1], 'C': [1, 1, 1, 1, 1, 0, 1, 1, 1, 1]}, '南门西侧': {'A': [1, 1, 1, 1, 1, 1, 1, 1, 1, 1], 'B': [1, 1, 1, 1, 1, 1, 1, 1, 1, 1]}, '南门东侧': {'A': [1, 0, 1, 1, 1, 1, 1, 1, 1, 1], 'B': [0, 1, 1, 1, 1, 1, 1, 1, 1, 0]}, '北门东北侧': {'A': [1, 1, 1, 1, 1, 1, 1, 1, 1, 1], 'B': [0, 1, 1, 1, 1, 1, 0, 1, 1, 0], 'C': [0, 1, 1, 1, 1, 1, 1, 1, 1, 1], 'D': [1, 1, 1, 0, 1, 1, 1, 1, 1, 0]}, '北门东南侧': {'A': [1, 1, 1, 1, 1, 1, 1, 1, 1, 1], 'B': [1, 1, 0, 1, 1, 0, 1, 1, 1, 1], 'C': [1, 0, 1, 1, 1, 0, 1, 1, 0, 1], 'D': [0, 0, 1, 0, 1, 1, 1, 0, 0, 1], 'E': [1, 1, 1, 1, 1, 1, 0, 1, 0, 0], 'F': [1, 1, 1, 1, 1, 0, 1, 1, 1, 1]}, '橘园北侧南': {'A': [1, 1, 0, 1, 1, 1, 1, 0, 1, 1], 'B': [1, 1, 1, 1, 1, 1, 1, 1, 1, 1], 'C': [1, 1, 1, 1, 1, 1, 0, 1, 0, 1], 'D': [1, 1, 0, 1, 1, 1, 1, 1, 1, 1], 'E': [0, 1, 1, 1, 1, 1, 0, 1, 1, 1], 'F': [0, 1, 0, 1, 0, 1, 1, 1, 0, 1], 'G': [0, 1, 1, 1, 1, 1, 0, 1, 1, 1], 'H': [1, 1, 1, 1, 1, 1, 0, 1, 1, 1], 'I': [0, 0, 1, 1, 1, 1, 1, 1, 0, 1], 'J': [0, 1, 0, 0, 1, 1, 1, 1, 1, 0]}, '校医院西': {'A': [1, 1, 1, 1, 1, 1, 1, 1, 1, 1], 'B': [0, 1, 1, 1, 1, 1, 1, 1, 1, 1], 'C': [1, 1, 1, 1, 1, 1, 1, 1, 1, 1], 'D': [1, 1, 1, 1, 1, 1, 1, 1, 1, 1], 'E': [1, 0, 1, 1, 1, 1, 1, 0, 1, 1], 'F': [1, 1, 1, 1, 0, 1, 1, 1, 1, 1], 'G': [1, 0, 1, 1, 0, 1, 1, 1, 0, 0], 'H': [1, 0, 1, 1, 1, 1, 0, 1, 1, 0], 'I': [1, 1, 0, 1, 0, 1, 0, 1, 0, 1]}}
623614	2024-07-13 10:59:22.869000+08:00	2024-07-13 10:59:22.869000+08:00	{'东门北侧': {'A': [1, 1, 1, 1, 1, 1, 1, 1, 1, 1], 'B': [1, 1, 1, 1, 1, 1, 1, 1, 1, 1], 'C': [1, 1, 1, 1, 1, 1, 1, 1, 1, 1], 'D': [1, 0, 1, 1, 1, 1, 1, 1, 1, 1], 'E': [1, 1, 0, 1, 1, 1, 1, 1, 1, 1], 'F': [1, 1, 1, 1, 1, 1, 1, 1, 1, 1], 'G': [1, 1, 1, 1, 1, 1, 1, 1, 1, 1], 'H': [1, 1, 1, 1, 1, 1, 1, 1, 1, 1], 'I': [1, 1, 1, 1, 1, 1, 1, 1, 1, 1], 'J': [1, 1, 0, 0, 0, 1, 1, 1, 1, 1], 'K': [1, 0, 1, 0, 1, 1, 1, 1, 1, 1]}, '东门南侧': {'A': [1, 1, 1, 1, 1, 1, 1, 1, 1, 1], 'B': [0, 0, 0, 0, 0, 0, 0, 0, 0, 0]}, '西门北侧': {'A': [1, 1, 1, 1, 1, 1, 1, 1, 1, 1], 'B': [1, 1, 1, 1, 1, 1, 1, 1, 1, 0], 'C': [1, 1, 1, 1, 1, 0, 1, 1, 1, 1]}, '西门南侧': {'A': [1, 1, 1, 1, 1, 1, 1, 1, 1, 1], 'B': [1, 1, 1, 1, 1, 1, 1, 1, 1, 1], 'C': [1, 1, 1, 1, 1, 0, 1, 1, 1, 1]}, '南门西侧': {'A': [1, 1, 1, 1, 1, 1, 1, 1, 1, 1], 'B': [1, 1, 1, 1, 1, 1, 1, 1, 1, 1]}, '南门东侧': {'A': [1, 0, 1, 1, 1, 1, 1, 1, 1, 1], 'B': [0, 1, 1, 1, 1, 1, 1, 1, 1, 0]}, '北门东北侧': {'A': [1, 1, 1, 1, 1, 1, 1, 1, 1, 1], 'B': [0, 1, 1, 1, 1, 1, 0, 1, 1, 0], 'C': [0, 1, 1, 1, 1, 1, 1, 1, 1, 1], 'D': [1, 1, 1, 0, 1, 1, 1, 1, 1, 0]}, '北门东南侧': {'A': [1, 1, 1, 1, 1, 1, 1, 1, 1, 1], 'B': [1, 1, 0, 1, 1, 0, 1, 1, 1, 1], 'C': [1, 0, 1, 1, 1, 0, 1, 1, 0, 1], 'D': [0, 0, 1, 0, 1, 1, 1, 0, 0, 1], 'E': [1, 1, 1, 1, 1, 1, 0, 1, 0, 0], 'F': [1, 1, 1, 1, 1, 0, 1, 1, 1, 1]}, '橘园北侧南': {'A': [1, 1, 0, 1, 1, 1, 1, 0, 1, 1], 'B': [1, 1, 1, 1, 1, 1, 1, 1, 1, 1], 'C': [1, 1, 1, 1, 1, 1, 0, 1, 0, 1], 'D': [1, 1, 0, 1, 1, 1, 1, 1, 1, 1], 'E': [0, 1, 1, 1, 1, 1, 0, 1, 1, 1], 'F': [0, 1, 0, 1, 0, 1, 1, 1, 0, 1], 'G': [0, 1, 1, 1, 1, 1, 0, 1, 1, 1], 'H': [1, 1, 1, 1, 1, 1, 0, 1, 1, 1], 'I': [0, 0, 1, 1, 1, 1, 1, 1, 0, 1], 'J': [0, 1, 0, 0, 1, 1, 1, 1, 1, 0]}, '校医院西': {'A': [1, 1, 1, 1, 1, 1, 1, 1, 1, 1], 'B': [0, 1, 1, 1, 1, 1, 1, 1, 1, 1], 'C': [1, 1, 1, 1, 1, 1, 1, 1, 1, 1], 'D': [1, 1, 1, 1, 1, 1, 1, 1, 1, 1], 'E': [1, 0, 1, 1, 1, 1, 1, 0, 1, 1], 'F': [1, 1, 1, 1, 0, 1, 1, 1, 1, 1], 'G': [1, 0, 1, 1, 0, 1, 1, 1, 0, 0], 'H': [1, 0, 1, 1, 1, 1, 0, 1, 1, 0], 'I': [1, 1, 0, 1, 0, 1, 0, 1, 0, 1]}}
623615	2024-07-13 11:00:24.194000+08:00	2024-07-13 11:00:24.194000+08:00	{'东门北侧': {'A': [1, 1, 1, 1, 1, 1, 1, 1, 1, 1], 'B': [1, 1, 1, 1, 1, 1, 1, 1, 1, 1], 'C': [1, 1, 1, 1, 1, 1, 1, 1, 1, 1], 'D': [1, 0, 1, 1, 1, 1, 1, 1, 1, 1], 'E': [1, 1, 0, 1, 1, 1, 1, 1, 1, 1], 'F': [1, 1, 1, 1, 1, 1, 1, 1, 1, 1], 'G': [1, 1, 1, 1, 1, 1, 1, 1, 1, 1], 'H': [1, 1, 1, 1, 1, 1, 1, 1, 1, 1], 'I': [1, 1, 1, 1, 1, 1, 1, 1, 1, 1], 'J': [1, 1, 0, 0, 0, 1, 1, 1, 1, 1], 'K': [1, 0, 1, 0, 1, 1, 1, 1, 1, 1]}, '东门南侧': {'A': [1, 1, 1, 1, 1, 1, 1, 1, 1, 1], 'B': [0, 0, 0, 0, 0, 0, 0, 0, 0, 0]}, '西门北侧': {'A': [1, 1, 1, 1, 1, 1, 1, 1, 1, 1], 'B': [1, 1, 1, 1, 1, 1, 1, 1, 1, 0], 'C': [1, 1, 1, 1, 1, 0, 1, 1, 1, 1]}, '西门南侧': {'A': [1, 1, 1, 1, 1, 1, 1, 1, 1, 1], 'B': [1, 1, 1, 1, 1, 1, 1, 1, 1, 1], 'C': [1, 1, 1, 1, 1, 0, 1, 1, 1, 1]}, '南门西侧': {'A': [1, 1, 1, 1, 1, 1, 1, 1, 1, 1], 'B': [1, 1, 1, 1, 1, 1, 1, 1, 1, 1]}, '南门东侧': {'A': [1, 0, 1, 1, 1, 1, 1, 1, 1, 1], 'B': [0, 1, 1, 1, 1, 1, 1, 1, 1, 0]}, '北门东北侧': {'A': [1, 1, 1, 1, 1, 1, 1, 1, 1, 1], 'B': [0, 1, 1, 1, 1, 1, 0, 1, 1, 0], 'C': [0, 1, 1, 1, 1, 1, 1, 1, 1, 1], 'D': [1, 1, 1, 0, 1, 1, 1, 1, 1, 0]}, '北门东南侧': {'A': [1, 1, 1, 1, 1, 1, 1, 1, 1, 1], 'B': [1, 1, 0, 1, 1, 0, 1, 1, 1, 1], 'C': [1, 0, 1, 1, 1, 0, 1, 1, 0, 1], 'D': [0, 0, 1, 0, 1, 1, 1, 0, 0, 1], 'E': [1, 1, 1, 1, 1, 1, 0, 1, 0, 0], 'F': [1, 1, 1, 1, 1, 0, 1, 1, 1, 1]}, '橘园北侧南': {'A': [1, 1, 0, 1, 1, 1, 1, 0, 1, 1], 'B': [1, 1, 1, 1, 1, 1, 1, 1, 1, 1], 'C': [1, 1, 1, 1, 1, 1, 0, 1, 0, 0], 'D': [1, 1, 0, 1, 1, 1, 1, 1, 1, 1], 'E': [0, 1, 1, 1, 1, 1, 0, 1, 1, 1], 'F': [0, 1, 0, 1, 0, 1, 1, 1, 0, 1], 'G': [0, 1, 1, 1, 1, 1, 0, 0, 1, 1], 'H': [1, 1, 1, 1, 1, 1, 1, 1, 1, 1], 'I': [0, 0, 1, 1, 1, 1, 1, 1, 0, 1], 'J': [0, 1, 0, 0, 1, 1, 1, 1, 1, 0]}, '校医院西': {'A': [1, 1, 1, 1, 1, 1, 1, 1, 1, 1], 'B': [0, 1, 1, 1, 1, 1, 1, 1, 1, 1], 'C': [1, 1, 1, 1, 1, 1, 1, 1, 1, 1], 'D': [1, 1, 1, 1, 1, 1, 1, 1, 1, 1], 'E': [1, 0, 1, 1, 1, 1, 1, 0, 1, 1], 'F': [1, 1, 1, 1, 0, 1, 1, 1, 1, 1], 'G': [1, 0, 1, 1, 0, 1, 1, 1, 0, 0], 'H': [1, 0, 1, 1, 1, 1, 0, 1, 1, 0], 'I': [1, 1, 0, 1, 0, 1, 0, 1, 0, 1]}}
623616	2024-07-13 11:01:21.917000+08:00	2024-07-13 11:01:21.917000+08:00	{'东门北侧': {'A': [1, 1, 1, 1, 1, 1, 1, 1, 1, 1], 'B': [1, 1, 1, 1, 1, 1, 1, 1, 1, 1], 'C': [1, 1, 1, 1, 1, 1, 1, 1, 1, 1], 'D': [1, 0, 1, 1, 1, 1, 1, 1, 1, 1], 'E': [1, 1, 0, 1, 1, 1, 1, 1, 1, 1], 'F': [1, 1, 1, 1, 1, 1, 1, 1, 1, 1], 'G': [1, 1, 1, 1, 1, 1, 1, 1, 1, 1], 'H': [1, 1, 1, 1, 1, 1, 1, 1, 1, 1], 'I': [1, 1, 1, 1, 1, 1, 1, 1, 1, 1], 'J': [1, 1, 0, 0, 0, 1, 1, 1, 1, 1], 'K': [1, 0, 1, 0, 1, 1, 1, 1, 1, 1]}, '东门南侧': {'A': [1, 1, 1, 1, 1, 1, 1, 1, 1, 1], 'B': [0, 0, 0, 0, 0, 0, 0, 0, 0, 0]}, '西门北侧': {'A': [1, 1, 1, 1, 1, 1, 1, 1, 1, 1], 'B': [1, 1, 1, 1, 1, 1, 1, 1, 1, 0], 'C': [1, 1, 1, 1, 1, 0, 1, 1, 1, 1]}, '西门南侧': {'A': [1, 1, 1, 1, 1, 1, 1, 1, 1, 1], 'B': [1, 1, 1, 1, 1, 1, 1, 1, 1, 1], 'C': [1, 1, 1, 1, 1, 0, 1, 1, 1, 1]}, '南门西侧': {'A': [1, 1, 1, 1, 1, 1, 1, 1, 1, 1], 'B': [1, 1, 1, 1, 1, 1, 1, 1, 1, 1]}, '南门东侧': {'A': [1, 0, 1, 1, 1, 1, 1, 1, 1, 1], 'B': [0, 0, 1, 1, 1, 1, 1, 1, 1, 0]}, '北门东北侧': {'A': [1, 1, 1, 1, 1, 1, 1, 1, 1, 1], 'B': [0, 1, 1, 1, 1, 1, 0, 1, 1, 0], 'C': [0, 1, 1, 1, 1, 1, 1, 1, 1, 1], 'D': [1, 1, 1, 0, 1, 1, 1, 1, 1, 0]}, '北门东南侧': {'A': [1, 1, 1, 1, 1, 1, 1, 1, 1, 1], 'B': [1, 1, 0, 1, 1, 0, 1, 1, 1, 1], 'C': [1, 0, 1, 1, 1, 0, 1, 1, 0, 1], 'D': [0, 0, 1, 0, 1, 1, 1, 0, 0, 1], 'E': [1, 1, 1, 1, 1, 1, 0, 1, 0, 0], 'F': [1, 1, 1, 1, 1, 0, 1, 1, 1, 1]}, '橘园北侧南': {'A': [1, 1, 0, 1, 1, 1, 1, 0, 1, 1], 'B': [1, 1, 1, 1, 1, 1, 1, 1, 1, 1], 'C': [1, 1, 1, 1, 1, 1, 0, 1, 0, 0], 'D': [1, 1, 0, 1, 1, 1, 1, 1, 1, 1], 'E': [0, 1, 1, 1, 1, 1, 0, 1, 1, 1], 'F': [0, 1, 0, 1, 0, 1, 1, 1, 0, 1], 'G': [0, 1, 1, 1, 1, 1, 0, 0, 1, 1], 'H': [1, 1, 1, 1, 1, 1, 1, 1, 1, 1], 'I': [0, 0, 1, 1, 1, 1, 1, 1, 0, 1], 'J': [0, 1, 0, 0, 1, 1, 1, 1, 1, 0]}, '校医院西': {'A': [1, 1, 1, 1, 1, 1, 1, 1, 1, 1], 'B': [0, 1, 1, 1, 1, 1, 1, 1, 1, 1], 'C': [1, 1, 1, 1, 1, 1, 1, 1, 1, 1], 'D': [1, 1, 1, 1, 1, 1, 1, 1, 1, 1], 'E': [1, 0, 1, 1, 1, 1, 1, 0, 1, 1], 'F': [1, 1, 1, 1, 0, 1, 1, 1, 1, 1], 'G': [1, 0, 1, 1, 0, 1, 1, 1, 0, 0], 'H': [1, 0, 1, 1, 1, 1, 0, 1, 1, 0], 'I': [1, 1, 0, 1, 0, 1, 0, 1, 0, 1]}}
623617	2024-07-13 11:02:22.869000+08:00	2024-07-13 11:02:22.869000+08:00	{'东门北侧': {'A': [1, 1, 1, 1, 1, 1, 1, 1, 1, 1], 'B': [1, 1, 1, 1, 1, 1, 1, 1, 1, 1], 'C': [1, 1, 1, 1, 1, 1, 1, 1, 1, 1], 'D': [1, 0, 1, 1, 1, 1, 1, 1, 1, 1], 'E': [1, 1, 0, 1, 1, 1, 1, 1, 1, 1], 'F': [1, 1, 1, 1, 1, 1, 1, 1, 1, 1], 'G': [1, 1, 1, 1, 1, 1, 1, 1, 1, 1], 'H': [1, 1, 1, 1, 1, 1, 1, 1, 1, 1], 'I': [1, 1, 1, 1, 1, 1, 1, 1, 1, 1], 'J': [1, 1, 0, 0, 0, 1, 1, 1, 1, 1], 'K': [1, 0, 1, 0, 1, 1, 1, 1, 1, 1]}, '东门南侧': {'A': [1, 1, 1, 1, 1, 1, 1, 1, 1, 1], 'B': [0, 0, 0, 0, 0, 0, 0, 0, 0, 0]}, '西门北侧': {'A': [1, 1, 1, 1, 1, 1, 1, 1, 1, 1], 'B': [1, 1, 1, 1, 1, 1, 1, 1, 1, 0], 'C': [1, 1, 1, 1, 1, 0, 1, 1, 1, 1]}, '西门南侧': {'A': [1, 1, 1, 1, 1, 1, 1, 1, 1, 1], 'B': [1, 1, 1, 1, 1, 1, 1, 1, 1, 1], 'C': [1, 1, 1, 1, 1, 0, 1, 1, 1, 1]}, '南门西侧': {'A': [1, 1, 1, 1, 1, 1, 1, 1, 1, 1], 'B': [1, 1, 1, 1, 1, 1, 1, 1, 1, 1]}, '南门东侧': {'A': [1, 0, 1, 1, 1, 1, 1, 1, 1, 1], 'B': [0, 0, 1, 1, 1, 1, 1, 1, 1, 0]}, '北门东北侧': {'A': [1, 1, 1, 1, 1, 1, 1, 1, 1, 1], 'B': [0, 1, 1, 1, 1, 1, 0, 1, 1, 0], 'C': [0, 1, 1, 1, 1, 1, 1, 1, 1, 1], 'D': [1, 1, 1, 0, 1, 1, 1, 1, 1, 0]}, '北门东南侧': {'A': [1, 1, 1, 1, 1, 1, 1, 1, 1, 1], 'B': [1, 1, 0, 1, 1, 0, 1, 1, 1, 1], 'C': [1, 0, 1, 1, 1, 0, 1, 1, 0, 1], 'D': [0, 0, 1, 0, 1, 1, 1, 0, 0, 1], 'E': [1, 1, 1, 1, 1, 1, 0, 1, 0, 0], 'F': [1, 1, 1, 1, 1, 0, 1, 1, 1, 1]}, '橘园北侧南': {'A': [1, 1, 0, 1, 1, 1, 1, 0, 1, 1], 'B': [1, 1, 1, 1, 1, 1, 1, 1, 1, 1], 'C': [1, 1, 1, 1, 1, 1, 0, 1, 0, 0], 'D': [1, 1, 0, 1, 1, 1, 1, 1, 1, 1], 'E': [0, 1, 1, 1, 1, 1, 0, 1, 1, 1], 'F': [0, 1, 0, 1, 0, 1, 1, 1, 0, 1], 'G': [0, 1, 1, 1, 1, 1, 0, 0, 1, 1], 'H': [1, 1, 1, 1, 1, 1, 1, 1, 1, 1], 'I': [0, 0, 1, 1, 1, 1, 1, 1, 0, 1], 'J': [0, 1, 0, 0, 1, 1, 1, 1, 1, 0]}, '校医院西': {'A': [1, 1, 1, 1, 1, 1, 1, 1, 1, 1], 'B': [0, 1, 1, 1, 1, 1, 1, 1, 1, 1], 'C': [1, 1, 1, 1, 1, 1, 1, 1, 1, 1], 'D': [1, 1, 1, 1, 1, 1, 1, 1, 1, 1], 'E': [1, 0, 1, 1, 1, 1, 1, 0, 1, 1], 'F': [1, 1, 1, 1, 0, 1, 1, 1, 1, 1], 'G': [1, 0, 1, 1, 0, 1, 1, 1, 0, 0], 'H': [1, 0, 1, 1, 1, 1, 0, 1, 1, 0], 'I': [1, 1, 0, 1, 0, 1, 0, 1, 0, 1]}}
623618	2024-07-13 11:03:24.393000+08:00	2024-07-13 11:03:24.393000+08:00	{'东门北侧': {'A': [1, 1, 1, 1, 1, 1, 1, 1, 1, 1], 'B': [1, 1, 1, 1, 1, 1, 1, 1, 1, 1], 'C': [1, 1, 1, 1, 1, 1, 1, 1, 1, 1], 'D': [1, 0, 1, 1, 1, 1, 1, 1, 1, 1], 'E': [1, 1, 0, 1, 1, 1, 1, 1, 1, 1], 'F': [1, 1, 1, 1, 1, 1, 1, 1, 1, 1], 'G': [1, 1, 1, 1, 1, 1, 1, 1, 1, 1], 'H': [1, 1, 1, 1, 1, 1, 1, 1, 1, 1], 'I': [1, 1, 1, 1, 1, 1, 1, 1, 1, 1], 'J': [1, 1, 0, 0, 0, 1, 1, 1, 1, 1], 'K': [0, 0, 1, 0, 1, 1, 1, 1, 1, 1]}, '东门南侧': {'A': [1, 1, 1, 1, 1, 1, 1, 1, 1, 1], 'B': [0, 0, 0, 0, 0, 0, 0, 0, 0, 0]}, '西门北侧': {'A': [1, 1, 1, 1, 1, 1, 1, 1, 1, 1], 'B': [1, 1, 1, 1, 1, 1, 1, 1, 1, 0], 'C': [1, 1, 1, 1, 1, 0, 1, 1, 1, 1]}, '西门南侧': {'A': [1, 1, 1, 1, 1, 1, 1, 1, 1, 1], 'B': [1, 1, 1, 1, 1, 1, 1, 1, 1, 1], 'C': [1, 1, 1, 1, 1, 0, 1, 1, 1, 1]}, '南门西侧': {'A': [1, 1, 1, 1, 1, 1, 1, 1, 1, 1], 'B': [1, 1, 1, 1, 1, 1, 1, 1, 1, 1]}, '南门东侧': {'A': [1, 0, 1, 1, 1, 1, 1, 1, 1, 1], 'B': [0, 0, 1, 1, 1, 1, 1, 1, 1, 0]}, '北门东北侧': {'A': [1, 1, 1, 1, 1, 1, 1, 1, 1, 1], 'B': [0, 1, 1, 1, 1, 1, 0, 1, 1, 0], 'C': [0, 1, 1, 1, 1, 1, 1, 1, 1, 1], 'D': [1, 1, 1, 0, 1, 1, 1, 1, 1, 0]}, '北门东南侧': {'A': [1, 1, 1, 1, 1, 1, 1, 1, 1, 1], 'B': [1, 1, 0, 1, 1, 0, 1, 1, 1, 1], 'C': [1, 0, 1, 1, 1, 0, 1, 1, 0, 1], 'D': [0, 0, 1, 0, 1, 1, 1, 0, 0, 1], 'E': [1, 1, 1, 1, 1, 1, 0, 1, 0, 0], 'F': [1, 1, 1, 1, 1, 0, 1, 1, 1, 1]}, '橘园北侧南': {'A': [1, 1, 0, 1, 1, 1, 1, 0, 1, 1], 'B': [1, 1, 1, 1, 1, 1, 1, 1, 1, 1], 'C': [1, 1, 1, 1, 1, 1, 0, 1, 0, 0], 'D': [1, 1, 0, 1, 1, 1, 1, 1, 1, 1], 'E': [0, 1, 1, 1, 1, 1, 0, 1, 1, 1], 'F': [0, 1, 0, 1, 0, 1, 1, 1, 0, 1], 'G': [0, 1, 1, 1, 1, 1, 0, 0, 1, 1], 'H': [1, 1, 1, 1, 1, 1, 1, 1, 1, 1], 'I': [0, 0, 1, 1, 1, 1, 1, 1, 0, 1], 'J': [0, 1, 0, 0, 1, 1, 1, 1, 1, 0]}, '校医院西': {'A': [1, 1, 1, 1, 1, 1, 1, 1, 1, 1], 'B': [0, 1, 1, 1, 1, 1, 1, 1, 1, 1], 'C': [1, 1, 1, 1, 1, 1, 1, 1, 1, 1], 'D': [1, 1, 1, 1, 1, 1, 1, 1, 1, 1], 'E': [1, 0, 1, 1, 1, 1, 1, 0, 1, 1], 'F': [1, 1, 1, 1, 0, 1, 1, 1, 1, 1], 'G': [1, 0, 1, 1, 0, 1, 1, 1, 0, 0], 'H': [1, 0, 1, 1, 1, 1, 0, 1, 1, 0], 'I': [1, 1, 0, 1, 0, 1, 0, 1, 0, 1]}}
623619	2024-07-13 11:04:21.897000+08:00	2024-07-13 11:04:21.897000+08:00	{'东门北侧': {'A': [1, 1, 1, 1, 1, 1, 1, 1, 1, 1], 'B': [1, 1, 1, 1, 1, 1, 1, 1, 1, 1], 'C': [1, 1, 1, 1, 1, 1, 1, 1, 1, 1], 'D': [1, 0, 1, 1, 1, 1, 1, 1, 1, 1], 'E': [1, 1, 0, 1, 1, 1, 1, 1, 1, 1], 'F': [1, 1, 1, 1, 1, 1, 1, 1, 1, 1], 'G': [1, 1, 1, 1, 1, 1, 1, 1, 1, 1], 'H': [1, 1, 1, 1, 1, 1, 1, 1, 1, 1], 'I': [1, 1, 1, 1, 1, 1, 1, 1, 1, 1], 'J': [1, 1, 0, 0, 0, 1, 1, 1, 1, 1], 'K': [0, 0, 1, 0, 1, 1, 1, 1, 1, 1]}, '东门南侧': {'A': [1, 1, 1, 1, 1, 1, 1, 1, 1, 1], 'B': [0, 0, 0, 0, 0, 0, 0, 0, 0, 0]}, '西门北侧': {'A': [1, 1, 1, 1, 1, 1, 1, 1, 1, 1], 'B': [1, 1, 1, 1, 1, 1, 1, 1, 1, 0], 'C': [1, 1, 1, 1, 1, 0, 1, 1, 1, 1]}, '西门南侧': {'A': [1, 1, 1, 1, 1, 1, 1, 1, 1, 1], 'B': [1, 1, 1, 1, 1, 1, 1, 1, 1, 1], 'C': [1, 1, 1, 1, 1, 0, 1, 1, 1, 1]}, '南门西侧': {'A': [1, 1, 1, 1, 1, 1, 1, 1, 1, 1], 'B': [1, 1, 1, 1, 1, 1, 1, 1, 1, 1]}, '南门东侧': {'A': [1, 0, 1, 1, 1, 1, 1, 1, 1, 1], 'B': [0, 0, 1, 1, 1, 1, 1, 1, 1, 0]}, '北门东北侧': {'A': [1, 1, 1, 1, 1, 1, 1, 1, 1, 1], 'B': [0, 1, 1, 1, 1, 1, 0, 1, 1, 0], 'C': [0, 1, 1, 1, 1, 1, 1, 1, 1, 1], 'D': [1, 1, 1, 0, 1, 1, 1, 1, 1, 0]}, '北门东南侧': {'A': [1, 1, 1, 1, 1, 1, 1, 1, 1, 1], 'B': [1, 1, 0, 1, 1, 0, 1, 1, 1, 1], 'C': [1, 0, 1, 1, 1, 0, 1, 1, 0, 1], 'D': [0, 0, 1, 0, 1, 1, 1, 0, 0, 1], 'E': [1, 1, 1, 1, 1, 1, 0, 1, 0, 0], 'F': [1, 1, 1, 1, 1, 0, 1, 1, 1, 1]}, '橘园北侧南': {'A': [1, 1, 0, 1, 1, 1, 1, 0, 1, 1], 'B': [1, 1, 1, 1, 1, 1, 1, 1, 1, 1], 'C': [1, 1, 1, 1, 1, 1, 0, 1, 0, 0], 'D': [1, 1, 0, 1, 1, 1, 1, 1, 1, 1], 'E': [0, 1, 1, 1, 1, 1, 0, 1, 1, 1], 'F': [0, 1, 0, 1, 0, 1, 1, 1, 0, 1], 'G': [0, 1, 1, 1, 1, 1, 0, 0, 1, 1], 'H': [1, 1, 1, 1, 1, 1, 1, 1, 1, 1], 'I': [0, 0, 1, 1, 1, 1, 1, 1, 0, 1], 'J': [0, 1, 0, 0, 1, 1, 1, 1, 1, 0]}, '校医院西': {'A': [1, 1, 1, 1, 1, 1, 1, 1, 1, 1], 'B': [0, 1, 1, 1, 1, 1, 1, 1, 1, 1], 'C': [1, 1, 1, 1, 1, 1, 1, 1, 1, 1], 'D': [1, 1, 1, 1, 1, 1, 1, 1, 1, 1], 'E': [1, 0, 1, 1, 1, 1, 1, 0, 1, 1], 'F': [1, 1, 1, 1, 0, 1, 1, 1, 1, 1], 'G': [1, 0, 1, 1, 0, 1, 1, 1, 0, 0], 'H': [1, 0, 1, 1, 1, 1, 0, 1, 1, 0], 'I': [1, 1, 0, 1, 0, 1, 0, 1, 0, 1]}}
623620	2024-07-13 11:05:23.882000+08:00	2024-07-13 11:05:23.882000+08:00	{'东门北侧': {'A': [1, 1, 1, 1, 1, 1, 1, 1, 1, 1], 'B': [1, 1, 1, 1, 1, 1, 1, 1, 1, 1], 'C': [1, 1, 1, 1, 1, 1, 1, 1, 1, 1], 'D': [1, 0, 1, 1, 1, 1, 1, 1, 1, 1], 'E': [1, 1, 0, 1, 1, 1, 1, 1, 1, 1], 'F': [1, 1, 1, 1, 1, 1, 1, 1, 1, 1], 'G': [1, 1, 1, 1, 1, 1, 1, 1, 1, 1], 'H': [1, 1, 1, 1, 1, 1, 1, 1, 1, 1], 'I': [1, 1, 1, 1, 1, 1, 1, 1, 1, 1], 'J': [1, 1, 0, 0, 0, 1, 1, 1, 1, 1], 'K': [0, 0, 1, 0, 1, 1, 1, 1, 1, 1]}, '东门南侧': {'A': [1, 1, 1, 1, 1, 1, 1, 1, 1, 1], 'B': [0, 0, 0, 0, 0, 0, 0, 0, 0, 0]}, '西门北侧': {'A': [1, 1, 1, 1, 1, 1, 1, 1, 1, 1], 'B': [1, 1, 1, 1, 1, 1, 1, 1, 1, 0], 'C': [1, 1, 1, 1, 1, 0, 1, 1, 1, 1]}, '西门南侧': {'A': [1, 1, 1, 1, 1, 1, 1, 1, 1, 1], 'B': [1, 1, 1, 1, 1, 1, 1, 1, 1, 1], 'C': [1, 1, 1, 1, 1, 0, 1, 1, 1, 1]}, '南门西侧': {'A': [1, 1, 1, 1, 1, 1, 1, 1, 1, 1], 'B': [1, 1, 1, 1, 1, 1, 1, 1, 1, 1]}, '南门东侧': {'A': [1, 0, 1, 1, 1, 1, 1, 1, 1, 1], 'B': [0, 0, 1, 1, 1, 1, 0, 1, 1, 0]}, '北门东北侧': {'A': [1, 1, 1, 1, 1, 1, 1, 1, 1, 1], 'B': [0, 1, 1, 1, 1, 1, 0, 1, 1, 0], 'C': [0, 1, 1, 1, 1, 1, 1, 1, 1, 1], 'D': [1, 1, 1, 0, 1, 1, 1, 1, 1, 0]}, '北门东南侧': {'A': [1, 1, 1, 1, 1, 1, 1, 1, 1, 1], 'B': [1, 1, 0, 1, 1, 0, 1, 1, 1, 1], 'C': [1, 0, 1, 1, 1, 0, 1, 1, 0, 1], 'D': [0, 0, 1, 0, 1, 1, 1, 0, 0, 1], 'E': [1, 1, 1, 1, 1, 1, 0, 1, 0, 0], 'F': [1, 1, 1, 1, 1, 0, 1, 1, 1, 1]}, '橘园北侧南': {'A': [1, 1, 0, 1, 1, 1, 1, 0, 1, 1], 'B': [1, 1, 1, 1, 1, 1, 1, 1, 1, 1], 'C': [1, 1, 1, 1, 1, 1, 0, 1, 0, 0], 'D': [1, 1, 0, 1, 1, 1, 1, 1, 1, 1], 'E': [0, 1, 1, 1, 1, 1, 0, 1, 1, 1], 'F': [0, 1, 0, 1, 0, 1, 1, 1, 0, 1], 'G': [0, 1, 1, 1, 1, 1, 0, 0, 1, 1], 'H': [1, 1, 1, 1, 1, 1, 1, 1, 1, 1], 'I': [0, 0, 1, 1, 1, 1, 1, 1, 0, 1], 'J': [0, 1, 0, 0, 1, 1, 1, 1, 1, 0]}, '校医院西': {'A': [1, 1, 1, 1, 1, 1, 1, 1, 1, 1], 'B': [0, 1, 1, 1, 1, 1, 1, 1, 1, 1], 'C': [1, 1, 1, 1, 1, 1, 1, 1, 1, 1], 'D': [1, 1, 1, 1, 1, 1, 1, 1, 1, 1], 'E': [1, 0, 1, 1, 1, 1, 1, 0, 1, 1], 'F': [1, 1, 1, 1, 0, 1, 1, 1, 1, 1], 'G': [1, 0, 1, 1, 0, 1, 1, 1, 0, 0], 'H': [1, 0, 1, 1, 1, 1, 0, 1, 1, 0], 'I': [1, 1, 0, 1, 0, 1, 0, 1, 0, 1]}}
623621	2024-07-13 11:06:21.910000+08:00	2024-07-13 11:06:21.910000+08:00	{'东门北侧': {'A': [1, 1, 1, 1, 1, 1, 1, 1, 1, 1], 'B': [1, 1, 1, 1, 1, 1, 1, 1, 1, 1], 'C': [1, 1, 1, 1, 1, 1, 1, 1, 1, 1], 'D': [1, 0, 1, 1, 1, 1, 1, 1, 1, 1], 'E': [1, 1, 0, 1, 1, 1, 1, 1, 1, 1], 'F': [1, 1, 1, 1, 1, 1, 1, 1, 1, 1], 'G': [1, 1, 1, 1, 1, 1, 1, 1, 1, 1], 'H': [1, 1, 1, 1, 1, 1, 1, 1, 1, 1], 'I': [1, 1, 1, 1, 1, 1, 1, 1, 1, 1], 'J': [1, 1, 0, 0, 0, 1, 1, 1, 1, 1], 'K': [0, 0, 1, 0, 1, 1, 1, 1, 1, 1]}, '东门南侧': {'A': [1, 1, 1, 1, 1, 1, 1, 1, 1, 1], 'B': [0, 0, 0, 0, 0, 0, 0, 0, 0, 0]}, '西门北侧': {'A': [1, 1, 1, 1, 1, 1, 1, 1, 1, 1], 'B': [1, 1, 1, 1, 1, 1, 1, 1, 1, 0], 'C': [1, 1, 1, 1, 1, 0, 1, 1, 1, 1]}, '西门南侧': {'A': [1, 1, 1, 1, 1, 1, 1, 1, 1, 1], 'B': [1, 1, 1, 1, 1, 1, 1, 1, 1, 1], 'C': [1, 1, 1, 1, 1, 0, 1, 1, 1, 1]}, '南门西侧': {'A': [1, 1, 1, 1, 1, 1, 1, 1, 1, 1], 'B': [1, 1, 1, 1, 1, 1, 1, 1, 1, 1]}, '南门东侧': {'A': [1, 0, 1, 1, 1, 1, 1, 1, 1, 1], 'B': [0, 0, 1, 1, 1, 1, 0, 1, 1, 0]}, '北门东北侧': {'A': [1, 1, 1, 1, 1, 1, 1, 1, 1, 1], 'B': [0, 1, 1, 1, 1, 1, 0, 1, 1, 0], 'C': [0, 1, 1, 1, 1, 1, 1, 1, 1, 1], 'D': [1, 1, 1, 0, 1, 1, 1, 1, 1, 0]}, '北门东南侧': {'A': [1, 1, 1, 1, 1, 1, 1, 1, 1, 1], 'B': [1, 1, 0, 1, 1, 0, 1, 1, 1, 1], 'C': [1, 0, 1, 1, 1, 0, 1, 1, 0, 1], 'D': [0, 0, 1, 0, 1, 1, 1, 0, 0, 1], 'E': [1, 1, 1, 1, 1, 1, 0, 1, 0, 0], 'F': [1, 1, 1, 1, 1, 0, 1, 1, 1, 1]}, '橘园北侧南': {'A': [1, 1, 0, 1, 1, 1, 1, 0, 1, 1], 'B': [1, 1, 1, 1, 1, 1, 1, 1, 1, 1], 'C': [1, 1, 1, 1, 1, 1, 0, 1, 0, 0], 'D': [1, 1, 0, 1, 1, 1, 1, 1, 1, 1], 'E': [0, 1, 1, 1, 1, 1, 0, 1, 1, 1], 'F': [0, 1, 0, 1, 0, 1, 1, 1, 0, 1], 'G': [0, 1, 1, 1, 1, 1, 0, 0, 1, 1], 'H': [1, 1, 1, 1, 1, 1, 1, 1, 1, 1], 'I': [0, 0, 1, 1, 1, 1, 1, 1, 0, 1], 'J': [0, 1, 0, 0, 1, 1, 1, 1, 1, 0]}, '校医院西': {'A': [1, 1, 1, 1, 1, 1, 1, 1, 1, 1], 'B': [0, 1, 1, 1, 1, 1, 1, 1, 1, 1], 'C': [1, 1, 1, 1, 1, 1, 1, 1, 1, 1], 'D': [1, 1, 1, 1, 1, 1, 1, 1, 1, 1], 'E': [1, 0, 1, 1, 1, 1, 1, 0, 1, 1], 'F': [1, 1, 1, 1, 0, 1, 1, 1, 1, 1], 'G': [1, 0, 1, 1, 0, 1, 1, 1, 0, 0], 'H': [1, 0, 1, 1, 1, 1, 0, 1, 1, 0], 'I': [1, 1, 0, 1, 0, 1, 0, 1, 0, 1]}}
623622	2024-07-13 11:07:21.869000+08:00	2024-07-13 11:07:21.869000+08:00	{'东门北侧': {'A': [1, 1, 1, 1, 1, 1, 1, 1, 1, 1], 'B': [1, 1, 1, 1, 1, 1, 1, 1, 1, 1], 'C': [1, 1, 1, 1, 1, 1, 1, 1, 1, 1], 'D': [1, 0, 1, 1, 1, 1, 1, 1, 1, 1], 'E': [1, 1, 0, 1, 1, 1, 1, 1, 1, 1], 'F': [1, 1, 1, 1, 1, 1, 1, 1, 1, 1], 'G': [1, 1, 1, 1, 1, 1, 1, 1, 1, 1], 'H': [1, 1, 1, 1, 1, 1, 1, 1, 1, 1], 'I': [1, 1, 1, 1, 1, 1, 1, 1, 1, 1], 'J': [1, 1, 0, 0, 0, 1, 1, 1, 1, 1], 'K': [0, 0, 1, 0, 1, 1, 1, 1, 1, 1]}, '东门南侧': {'A': [1, 1, 1, 1, 1, 1, 1, 1, 1, 1], 'B': [0, 0, 0, 0, 0, 0, 0, 0, 0, 0]}, '西门北侧': {'A': [1, 1, 1, 1, 1, 1, 1, 1, 1, 1], 'B': [1, 1, 1, 1, 1, 1, 1, 1, 1, 0], 'C': [1, 1, 1, 1, 1, 0, 1, 1, 1, 1]}, '西门南侧': {'A': [1, 1, 1, 1, 1, 1, 1, 1, 1, 1], 'B': [1, 1, 1, 1, 1, 1, 1, 1, 1, 1], 'C': [1, 1, 1, 1, 1, 0, 1, 1, 1, 1]}, '南门西侧': {'A': [1, 1, 1, 1, 1, 1, 1, 1, 1, 1], 'B': [1, 1, 1, 1, 1, 1, 1, 1, 1, 1]}, '南门东侧': {'A': [1, 0, 1, 1, 1, 1, 1, 1, 1, 1], 'B': [0, 0, 1, 1, 1, 1, 0, 1, 1, 0]}, '北门东北侧': {'A': [1, 1, 1, 1, 1, 1, 1, 1, 1, 1], 'B': [0, 1, 1, 1, 1, 1, 0, 1, 1, 0], 'C': [0, 1, 1, 1, 1, 1, 1, 1, 1, 1], 'D': [1, 1, 1, 0, 1, 1, 1, 1, 1, 0]}, '北门东南侧': {'A': [1, 1, 1, 1, 1, 1, 1, 1, 1, 1], 'B': [1, 1, 0, 1, 1, 0, 1, 1, 1, 1], 'C': [1, 0, 1, 1, 1, 0, 1, 1, 0, 1], 'D': [0, 0, 1, 0, 1, 1, 1, 0, 0, 1], 'E': [1, 1, 1, 1, 1, 1, 0, 1, 0, 0], 'F': [1, 1, 1, 1, 1, 0, 1, 1, 1, 1]}, '橘园北侧南': {'A': [1, 1, 0, 1, 1, 1, 1, 0, 1, 1], 'B': [1, 1, 1, 1, 1, 1, 1, 1, 1, 1], 'C': [1, 1, 1, 1, 1, 1, 0, 1, 0, 0], 'D': [1, 1, 0, 1, 1, 1, 1, 1, 1, 1], 'E': [0, 1, 1, 1, 1, 1, 0, 1, 1, 1], 'F': [0, 1, 0, 1, 0, 1, 1, 1, 0, 1], 'G': [0, 1, 1, 1, 1, 1, 0, 0, 1, 1], 'H': [1, 1, 1, 1, 1, 1, 1, 1, 1, 1], 'I': [0, 0, 1, 1, 1, 1, 1, 1, 0, 1], 'J': [0, 1, 0, 0, 1, 1, 1, 1, 1, 0]}, '校医院西': {'A': [1, 1, 1, 1, 1, 1, 1, 1, 1, 1], 'B': [0, 1, 1, 1, 1, 1, 1, 1, 1, 1], 'C': [1, 1, 1, 1, 1, 1, 1, 1, 1, 1], 'D': [1, 1, 1, 1, 1, 1, 1, 1, 1, 1], 'E': [1, 0, 1, 1, 1, 1, 1, 0, 1, 1], 'F': [1, 1, 1, 1, 0, 1, 1, 1, 1, 1], 'G': [1, 0, 1, 1, 0, 1, 1, 1, 0, 0], 'H': [1, 0, 1, 1, 1, 1, 0, 1, 1, 0], 'I': [1, 1, 0, 1, 0, 1, 0, 1, 0, 1]}}
623623	2024-07-13 11:08:21.277000+08:00	2024-07-13 11:08:21.277000+08:00	{'东门北侧': {'A': [1, 1, 1, 1, 1, 1, 1, 1, 1, 1], 'B': [1, 1, 1, 1, 1, 1, 1, 1, 1, 1], 'C': [1, 1, 1, 1, 1, 1, 1, 1, 1, 1], 'D': [1, 0, 1, 1, 1, 1, 1, 1, 1, 1], 'E': [1, 1, 0, 1, 1, 1, 1, 1, 1, 1], 'F': [1, 1, 1, 1, 1, 1, 1, 1, 1, 1], 'G': [1, 1, 1, 1, 1, 1, 1, 1, 1, 1], 'H': [1, 1, 1, 1, 1, 1, 1, 1, 1, 1], 'I': [1, 1, 1, 1, 1, 1, 1, 1, 1, 1], 'J': [1, 1, 0, 0, 0, 1, 1, 1, 1, 1], 'K': [0, 0, 1, 0, 1, 1, 1, 1, 1, 1]}, '东门南侧': {'A': [1, 1, 1, 1, 1, 1, 1, 1, 1, 1], 'B': [0, 0, 0, 0, 0, 0, 0, 0, 0, 0]}, '西门北侧': {'A': [1, 1, 1, 1, 1, 1, 1, 1, 1, 1], 'B': [1, 1, 1, 1, 1, 1, 1, 1, 1, 0], 'C': [1, 1, 1, 1, 1, 0, 1, 1, 1, 1]}, '西门南侧': {'A': [1, 1, 1, 1, 1, 1, 1, 1, 1, 1], 'B': [1, 1, 1, 1, 1, 1, 1, 1, 1, 1], 'C': [1, 1, 1, 1, 1, 0, 1, 1, 1, 1]}, '南门西侧': {'A': [1, 1, 1, 1, 1, 1, 1, 1, 1, 1], 'B': [1, 1, 1, 1, 1, 1, 0, 1, 1, 1]}, '南门东侧': {'A': [1, 0, 1, 1, 1, 1, 1, 1, 1, 1], 'B': [0, 0, 1, 1, 1, 1, 0, 1, 1, 0]}, '北门东北侧': {'A': [1, 1, 1, 1, 1, 1, 1, 1, 1, 1], 'B': [0, 1, 1, 1, 1, 1, 0, 1, 1, 0], 'C': [0, 1, 1, 1, 1, 1, 1, 1, 1, 1], 'D': [1, 1, 1, 0, 1, 1, 1, 1, 1, 0]}, '北门东南侧': {'A': [1, 1, 1, 1, 1, 1, 1, 1, 1, 1], 'B': [1, 1, 0, 1, 1, 0, 1, 1, 1, 1], 'C': [1, 0, 1, 1, 1, 0, 1, 1, 0, 1], 'D': [0, 0, 1, 0, 1, 1, 1, 0, 0, 1], 'E': [1, 1, 1, 1, 1, 1, 0, 1, 0, 0], 'F': [1, 1, 1, 1, 1, 0, 1, 1, 1, 1]}, '橘园北侧南': {'A': [1, 1, 0, 1, 1, 1, 1, 0, 1, 1], 'B': [1, 1, 1, 1, 1, 1, 1, 1, 1, 1], 'C': [1, 1, 1, 1, 1, 1, 0, 1, 0, 0], 'D': [1, 1, 0, 1, 1, 1, 1, 1, 1, 1], 'E': [0, 1, 1, 1, 1, 1, 0, 1, 1, 1], 'F': [0, 1, 0, 1, 0, 1, 1, 1, 0, 1], 'G': [0, 1, 1, 1, 1, 1, 0, 0, 1, 1], 'H': [1, 1, 1, 1, 1, 1, 1, 1, 1, 1], 'I': [0, 0, 1, 1, 1, 1, 1, 1, 0, 1], 'J': [0, 1, 0, 0, 1, 1, 1, 1, 1, 0]}, '校医院西': {'A': [1, 1, 1, 1, 1, 1, 1, 1, 1, 1], 'B': [0, 1, 1, 1, 1, 1, 1, 1, 1, 1], 'C': [1, 1, 1, 1, 1, 1, 1, 1, 1, 1], 'D': [1, 1, 1, 1, 1, 1, 1, 1, 1, 1], 'E': [1, 0, 1, 1, 1, 1, 1, 0, 1, 1], 'F': [1, 1, 1, 1, 0, 1, 1, 1, 1, 1], 'G': [1, 0, 1, 0, 0, 1, 1, 1, 0, 0], 'H': [1, 0, 1, 1, 1, 1, 0, 1, 1, 0], 'I': [1, 1, 0, 1, 0, 1, 0, 1, 0, 1]}}
623624	2024-07-13 11:09:23.853000+08:00	2024-07-13 11:09:23.853000+08:00	{'东门北侧': {'A': [1, 1, 1, 1, 1, 1, 1, 1, 1, 1], 'B': [1, 1, 1, 1, 1, 1, 1, 1, 1, 1], 'C': [1, 1, 1, 1, 1, 1, 1, 1, 1, 1], 'D': [1, 0, 1, 1, 1, 1, 1, 1, 1, 1], 'E': [1, 1, 0, 1, 1, 1, 1, 1, 1, 1], 'F': [1, 1, 1, 1, 1, 1, 1, 1, 1, 1], 'G': [1, 1, 1, 1, 1, 1, 1, 1, 1, 1], 'H': [1, 1, 1, 1, 1, 1, 1, 1, 1, 1], 'I': [1, 1, 1, 1, 1, 1, 1, 1, 1, 1], 'J': [1, 1, 0, 0, 0, 1, 1, 1, 1, 1], 'K': [0, 0, 1, 0, 1, 1, 1, 1, 1, 1]}, '东门南侧': {'A': [1, 1, 1, 1, 1, 1, 1, 1, 1, 1], 'B': [0, 0, 0, 0, 0, 0, 0, 0, 0, 0]}, '西门北侧': {'A': [1, 1, 1, 1, 1, 1, 1, 1, 1, 1], 'B': [1, 1, 1, 1, 1, 1, 1, 1, 1, 0], 'C': [1, 1, 1, 1, 1, 0, 1, 1, 1, 1]}, '西门南侧': {'A': [1, 1, 1, 1, 1, 1, 0, 1, 1, 1], 'B': [1, 1, 1, 1, 1, 1, 1, 1, 1, 1], 'C': [1, 1, 1, 1, 1, 0, 1, 1, 1, 1]}, '南门西侧': {'A': [1, 1, 1, 1, 1, 1, 1, 1, 1, 1], 'B': [1, 1, 1, 1, 1, 1, 0, 1, 1, 1]}, '南门东侧': {'A': [1, 0, 1, 1, 1, 1, 1, 1, 1, 1], 'B': [0, 0, 1, 1, 1, 1, 0, 1, 1, 0]}, '北门东北侧': {'A': [1, 1, 1, 1, 1, 1, 1, 1, 1, 1], 'B': [0, 1, 1, 1, 1, 1, 0, 1, 1, 0], 'C': [0, 1, 1, 1, 1, 1, 1, 1, 1, 1], 'D': [1, 1, 1, 0, 1, 1, 1, 1, 1, 0]}, '北门东南侧': {'A': [1, 1, 1, 1, 1, 1, 1, 1, 1, 1], 'B': [1, 1, 0, 1, 1, 0, 1, 1, 1, 1], 'C': [1, 0, 1, 1, 1, 0, 1, 1, 0, 1], 'D': [0, 0, 1, 0, 1, 1, 1, 0, 0, 1], 'E': [1, 1, 1, 1, 1, 1, 0, 1, 0, 0], 'F': [1, 1, 1, 1, 1, 0, 1, 1, 1, 1]}, '橘园北侧南': {'A': [1, 1, 0, 1, 1, 1, 1, 0, 1, 1], 'B': [1, 1, 1, 1, 1, 1, 1, 1, 1, 1], 'C': [1, 1, 1, 1, 1, 1, 0, 1, 0, 0], 'D': [1, 1, 0, 1, 1, 1, 1, 1, 1, 1], 'E': [0, 1, 1, 1, 1, 1, 0, 1, 1, 1], 'F': [0, 1, 0, 1, 0, 1, 1, 1, 0, 1], 'G': [0, 1, 1, 1, 1, 1, 0, 0, 1, 1], 'H': [1, 1, 1, 1, 1, 1, 1, 1, 1, 1], 'I': [0, 0, 1, 0, 1, 1, 1, 1, 0, 1], 'J': [0, 1, 0, 0, 1, 1, 1, 1, 1, 0]}, '校医院西': {'A': [1, 1, 1, 1, 1, 1, 1, 1, 1, 1], 'B': [0, 1, 1, 1, 1, 1, 1, 1, 1, 1], 'C': [1, 1, 1, 1, 1, 1, 1, 1, 1, 1], 'D': [1, 1, 1, 1, 1, 1, 1, 1, 1, 1], 'E': [1, 0, 1, 1, 1, 1, 1, 0, 1, 1], 'F': [1, 1, 1, 1, 0, 1, 1, 1, 1, 1], 'G': [1, 0, 1, 0, 0, 1, 1, 1, 0, 0], 'H': [1, 0, 1, 1, 1, 1, 0, 1, 1, 0], 'I': [1, 1, 0, 1, 0, 1, 0, 1, 0, 1]}}
623625	2024-07-13 11:10:24.352000+08:00	2024-07-13 11:10:24.352000+08:00	{'东门北侧': {'A': [1, 1, 1, 1, 1, 1, 1, 1, 1, 1], 'B': [1, 1, 1, 1, 1, 1, 1, 1, 1, 1], 'C': [1, 1, 1, 1, 1, 1, 1, 1, 1, 1], 'D': [1, 0, 1, 1, 1, 1, 1, 1, 1, 1], 'E': [1, 1, 0, 1, 1, 1, 1, 1, 1, 1], 'F': [1, 1, 1, 1, 1, 1, 1, 1, 1, 1], 'G': [1, 1, 1, 1, 1, 1, 1, 1, 1, 1], 'H': [1, 1, 1, 1, 1, 1, 1, 1, 1, 1], 'I': [1, 1, 1, 1, 1, 1, 1, 1, 1, 1], 'J': [1, 1, 0, 0, 0, 1, 1, 1, 1, 1], 'K': [0, 0, 1, 0, 1, 1, 1, 1, 1, 1]}, '东门南侧': {'A': [1, 1, 1, 1, 1, 1, 1, 1, 1, 1], 'B': [0, 0, 0, 0, 0, 0, 0, 0, 0, 0]}, '西门北侧': {'A': [1, 1, 1, 1, 1, 1, 1, 1, 1, 1], 'B': [1, 1, 1, 1, 1, 1, 1, 1, 1, 0], 'C': [1, 1, 1, 1, 1, 0, 1, 1, 1, 0]}, '西门南侧': {'A': [1, 1, 1, 1, 1, 1, 0, 1, 1, 1], 'B': [1, 1, 1, 1, 1, 1, 1, 1, 1, 1], 'C': [1, 1, 1, 1, 1, 0, 1, 1, 1, 1]}, '南门西侧': {'A': [1, 1, 1, 1, 1, 1, 1, 1, 1, 1], 'B': [1, 1, 1, 1, 1, 1, 0, 1, 1, 1]}, '南门东侧': {'A': [1, 0, 1, 1, 1, 1, 1, 1, 1, 1], 'B': [0, 0, 1, 1, 1, 1, 0, 1, 1, 0]}, '北门东北侧': {'A': [1, 1, 1, 1, 1, 1, 1, 1, 1, 1], 'B': [0, 1, 1, 1, 1, 1, 0, 1, 1, 0], 'C': [0, 1, 1, 1, 1, 1, 1, 1, 1, 1], 'D': [1, 1, 1, 0, 1, 1, 1, 1, 1, 0]}, '北门东南侧': {'A': [1, 1, 1, 1, 1, 1, 1, 1, 1, 1], 'B': [1, 1, 0, 1, 1, 0, 1, 1, 1, 1], 'C': [1, 0, 1, 1, 1, 0, 1, 1, 0, 1], 'D': [0, 0, 1, 0, 1, 1, 1, 0, 0, 1], 'E': [1, 1, 1, 1, 1, 1, 0, 1, 0, 0], 'F': [1, 1, 1, 1, 1, 0, 1, 1, 1, 1]}, '橘园北侧南': {'A': [1, 1, 0, 1, 1, 1, 1, 0, 1, 1], 'B': [1, 1, 1, 1, 1, 1, 1, 1, 1, 1], 'C': [1, 1, 1, 1, 1, 1, 0, 1, 0, 0], 'D': [1, 1, 0, 1, 1, 1, 1, 1, 1, 1], 'E': [0, 1, 1, 1, 1, 1, 0, 1, 1, 1], 'F': [0, 1, 0, 1, 0, 1, 1, 1, 0, 1], 'G': [0, 1, 1, 1, 1, 1, 0, 0, 1, 1], 'H': [1, 1, 1, 1, 1, 1, 1, 1, 1, 1], 'I': [0, 0, 1, 0, 1, 1, 1, 1, 0, 1], 'J': [0, 1, 0, 0, 1, 1, 1, 1, 1, 0]}, '校医院西': {'A': [1, 1, 1, 1, 1, 1, 1, 1, 1, 1], 'B': [0, 1, 1, 1, 1, 1, 1, 1, 1, 1], 'C': [1, 1, 1, 1, 1, 1, 1, 1, 1, 1], 'D': [1, 1, 1, 1, 1, 1, 1, 1, 1, 1], 'E': [1, 0, 1, 1, 1, 1, 1, 0, 1, 1], 'F': [1, 1, 1, 1, 0, 1, 1, 1, 1, 1], 'G': [1, 0, 1, 0, 0, 1, 1, 1, 0, 0], 'H': [1, 0, 1, 1, 1, 1, 0, 1, 1, 0], 'I': [1, 1, 0, 1, 0, 1, 0, 1, 0, 1]}}
623626	2024-07-13 11:11:23.913000+08:00	2024-07-13 11:11:23.913000+08:00	{'东门北侧': {'A': [1, 1, 1, 1, 1, 1, 1, 1, 1, 1], 'B': [1, 1, 1, 1, 1, 1, 1, 1, 1, 1], 'C': [1, 1, 1, 1, 1, 1, 1, 1, 1, 1], 'D': [1, 0, 1, 1, 1, 1, 1, 1, 1, 1], 'E': [1, 1, 0, 1, 1, 1, 1, 1, 1, 1], 'F': [1, 1, 1, 1, 1, 1, 1, 1, 1, 1], 'G': [1, 1, 1, 1, 1, 1, 1, 1, 1, 1], 'H': [1, 1, 1, 1, 1, 1, 1, 1, 1, 1], 'I': [1, 1, 1, 1, 1, 1, 1, 1, 1, 1], 'J': [1, 1, 0, 0, 0, 1, 1, 1, 1, 1], 'K': [0, 0, 1, 0, 1, 1, 1, 1, 1, 1]}, '东门南侧': {'A': [1, 1, 1, 1, 1, 1, 1, 1, 0, 1], 'B': [0, 0, 0, 0, 0, 0, 0, 0, 0, 0]}, '西门北侧': {'A': [1, 1, 1, 1, 1, 1, 1, 1, 1, 1], 'B': [1, 1, 1, 1, 1, 1, 1, 1, 1, 0], 'C': [1, 1, 1, 1, 1, 0, 1, 1, 1, 0]}, '西门南侧': {'A': [1, 1, 1, 1, 1, 1, 0, 1, 1, 1], 'B': [1, 1, 1, 1, 1, 1, 1, 1, 1, 1], 'C': [1, 1, 1, 1, 1, 0, 1, 1, 1, 1]}, '南门西侧': {'A': [1, 1, 1, 1, 1, 1, 1, 1, 1, 1], 'B': [1, 1, 1, 1, 1, 1, 0, 1, 1, 1]}, '南门东侧': {'A': [1, 0, 1, 1, 1, 1, 1, 1, 1, 1], 'B': [0, 0, 1, 1, 1, 1, 0, 1, 1, 0]}, '北门东北侧': {'A': [1, 1, 1, 1, 1, 1, 1, 1, 1, 1], 'B': [0, 1, 1, 1, 1, 1, 0, 1, 1, 0], 'C': [0, 1, 1, 1, 1, 1, 1, 1, 1, 1], 'D': [1, 1, 1, 0, 1, 1, 1, 1, 1, 0]}, '北门东南侧': {'A': [1, 1, 1, 1, 1, 1, 1, 1, 1, 1], 'B': [1, 1, 0, 1, 1, 0, 1, 1, 1, 1], 'C': [1, 0, 1, 1, 1, 0, 1, 1, 0, 1], 'D': [0, 0, 1, 0, 1, 1, 1, 0, 0, 1], 'E': [1, 1, 1, 1, 1, 1, 0, 1, 0, 0], 'F': [1, 1, 1, 1, 1, 0, 1, 1, 1, 1]}, '橘园北侧南': {'A': [1, 1, 0, 1, 1, 1, 1, 0, 1, 1], 'B': [1, 1, 1, 1, 1, 1, 1, 1, 1, 1], 'C': [1, 1, 1, 1, 1, 1, 0, 1, 0, 0], 'D': [1, 1, 0, 1, 1, 1, 1, 1, 1, 1], 'E': [0, 1, 1, 1, 1, 1, 0, 1, 1, 1], 'F': [0, 1, 0, 1, 0, 1, 1, 1, 0, 1], 'G': [0, 1, 1, 1, 1, 1, 0, 0, 1, 1], 'H': [1, 1, 1, 1, 1, 1, 1, 1, 1, 1], 'I': [0, 0, 1, 0, 1, 1, 1, 1, 0, 1], 'J': [0, 1, 0, 0, 1, 1, 1, 1, 1, 0]}, '校医院西': {'A': [1, 1, 1, 1, 1, 1, 1, 1, 1, 1], 'B': [0, 1, 1, 1, 1, 1, 1, 1, 1, 1], 'C': [1, 1, 1, 1, 1, 1, 1, 1, 1, 1], 'D': [1, 1, 1, 1, 1, 1, 1, 1, 1, 1], 'E': [1, 0, 1, 1, 1, 1, 1, 0, 1, 1], 'F': [1, 1, 1, 1, 0, 1, 1, 1, 1, 1], 'G': [1, 0, 1, 0, 0, 1, 1, 1, 0, 0], 'H': [1, 0, 1, 1, 1, 1, 0, 1, 1, 0], 'I': [1, 1, 0, 1, 0, 1, 0, 1, 0, 1]}}
623627	2024-07-13 11:12:20.878000+08:00	2024-07-13 11:12:20.878000+08:00	{'东门北侧': {'A': [1, 1, 1, 1, 1, 1, 1, 1, 1, 1], 'B': [1, 1, 1, 1, 1, 1, 1, 1, 1, 1], 'C': [1, 1, 1, 1, 1, 1, 1, 1, 1, 1], 'D': [1, 0, 1, 1, 1, 1, 1, 1, 1, 1], 'E': [1, 1, 0, 1, 1, 1, 1, 1, 1, 1], 'F': [1, 1, 1, 1, 1, 1, 1, 1, 1, 1], 'G': [1, 1, 1, 1, 1, 1, 1, 1, 1, 1], 'H': [1, 1, 1, 1, 1, 1, 1, 1, 1, 1], 'I': [1, 1, 1, 1, 1, 1, 1, 1, 1, 1], 'J': [1, 1, 0, 0, 0, 1, 1, 1, 1, 1], 'K': [0, 0, 1, 0, 1, 1, 1, 1, 1, 1]}, '东门南侧': {'A': [1, 1, 1, 1, 1, 1, 1, 1, 0, 1], 'B': [0, 0, 0, 0, 0, 0, 0, 0, 0, 0]}, '西门北侧': {'A': [1, 1, 1, 1, 1, 1, 1, 1, 1, 1], 'B': [1, 1, 1, 1, 1, 1, 1, 1, 1, 0], 'C': [1, 1, 1, 1, 1, 0, 1, 1, 1, 0]}, '西门南侧': {'A': [1, 1, 1, 1, 1, 1, 0, 1, 1, 1], 'B': [1, 1, 1, 1, 1, 1, 1, 1, 1, 1], 'C': [1, 1, 1, 1, 1, 0, 1, 1, 1, 1]}, '南门西侧': {'A': [1, 1, 1, 1, 1, 1, 1, 1, 1, 1], 'B': [1, 1, 1, 1, 1, 1, 0, 1, 1, 1]}, '南门东侧': {'A': [1, 0, 1, 1, 1, 1, 1, 1, 1, 1], 'B': [0, 0, 1, 1, 1, 1, 0, 1, 1, 0]}, '北门东北侧': {'A': [1, 1, 1, 1, 1, 1, 1, 1, 1, 1], 'B': [0, 1, 1, 1, 1, 1, 0, 1, 1, 0], 'C': [0, 1, 1, 1, 1, 1, 1, 1, 1, 1], 'D': [1, 1, 1, 0, 1, 1, 1, 1, 1, 0]}, '北门东南侧': {'A': [1, 1, 1, 1, 1, 1, 1, 1, 1, 1], 'B': [1, 1, 0, 1, 1, 0, 1, 1, 1, 1], 'C': [1, 0, 1, 1, 1, 0, 1, 1, 0, 1], 'D': [0, 0, 1, 0, 1, 1, 1, 0, 0, 1], 'E': [1, 1, 1, 1, 1, 1, 0, 1, 0, 0], 'F': [1, 1, 1, 1, 1, 0, 1, 1, 1, 1]}, '橘园北侧南': {'A': [1, 1, 0, 1, 1, 1, 1, 0, 1, 1], 'B': [1, 1, 1, 1, 1, 1, 1, 1, 1, 1], 'C': [1, 1, 1, 1, 1, 1, 0, 1, 0, 0], 'D': [1, 1, 0, 1, 1, 1, 1, 1, 1, 1], 'E': [0, 1, 1, 1, 1, 1, 0, 1, 1, 1], 'F': [0, 1, 0, 1, 0, 1, 1, 1, 0, 1], 'G': [0, 1, 1, 1, 1, 1, 0, 0, 1, 1], 'H': [1, 1, 1, 1, 1, 1, 1, 1, 1, 1], 'I': [0, 0, 1, 0, 1, 1, 1, 1, 0, 1], 'J': [0, 1, 0, 0, 1, 1, 1, 1, 1, 0]}, '校医院西': {'A': [1, 1, 1, 1, 1, 1, 1, 1, 1, 1], 'B': [0, 1, 1, 1, 1, 1, 1, 1, 1, 1], 'C': [1, 1, 1, 1, 1, 1, 1, 1, 1, 1], 'D': [1, 1, 1, 1, 1, 1, 1, 1, 1, 1], 'E': [1, 0, 1, 1, 1, 1, 1, 0, 1, 1], 'F': [1, 1, 1, 1, 0, 1, 1, 1, 1, 1], 'G': [1, 0, 1, 0, 0, 1, 1, 1, 0, 0], 'H': [1, 0, 1, 1, 1, 1, 0, 1, 1, 0], 'I': [1, 1, 0, 1, 0, 1, 0, 1, 0, 1]}}
623628	2024-07-13 11:13:21.317000+08:00	2024-07-13 11:13:21.317000+08:00	{'东门北侧': {'A': [1, 1, 1, 1, 1, 1, 1, 1, 1, 1], 'B': [1, 1, 1, 1, 1, 1, 1, 1, 1, 1], 'C': [1, 1, 1, 1, 1, 1, 1, 1, 1, 1], 'D': [1, 0, 1, 1, 1, 1, 1, 1, 1, 1], 'E': [1, 1, 0, 1, 1, 1, 1, 1, 1, 1], 'F': [1, 1, 1, 1, 1, 1, 1, 1, 1, 1], 'G': [1, 1, 1, 1, 1, 1, 1, 1, 1, 1], 'H': [1, 1, 1, 1, 1, 1, 1, 1, 1, 1], 'I': [1, 1, 1, 1, 1, 1, 1, 1, 1, 1], 'J': [1, 1, 0, 0, 0, 1, 1, 1, 1, 1], 'K': [0, 0, 1, 0, 1, 1, 1, 1, 1, 1]}, '东门南侧': {'A': [1, 1, 1, 1, 1, 1, 1, 1, 0, 1], 'B': [0, 0, 0, 0, 0, 0, 0, 0, 0, 0]}, '西门北侧': {'A': [1, 1, 1, 1, 1, 1, 1, 1, 1, 1], 'B': [1, 1, 1, 1, 1, 1, 1, 1, 1, 0], 'C': [1, 1, 1, 1, 1, 0, 1, 1, 1, 0]}, '西门南侧': {'A': [1, 1, 1, 1, 1, 1, 0, 1, 1, 1], 'B': [1, 1, 1, 1, 1, 1, 1, 1, 1, 1], 'C': [1, 1, 1, 1, 1, 0, 1, 1, 1, 1]}, '南门西侧': {'A': [1, 1, 1, 1, 1, 1, 1, 1, 1, 1], 'B': [1, 1, 1, 1, 1, 1, 0, 1, 1, 1]}, '南门东侧': {'A': [1, 0, 1, 1, 1, 1, 1, 1, 1, 1], 'B': [0, 0, 1, 1, 1, 1, 0, 1, 1, 0]}, '北门东北侧': {'A': [1, 1, 1, 1, 1, 1, 1, 1, 1, 1], 'B': [0, 1, 1, 1, 1, 1, 0, 1, 1, 0], 'C': [0, 1, 1, 1, 1, 1, 1, 1, 1, 1], 'D': [1, 1, 1, 0, 1, 1, 1, 1, 1, 0]}, '北门东南侧': {'A': [1, 1, 1, 1, 1, 1, 1, 1, 1, 1], 'B': [1, 1, 0, 1, 1, 0, 1, 1, 1, 1], 'C': [1, 0, 1, 1, 1, 0, 0, 1, 0, 1], 'D': [0, 0, 1, 0, 1, 1, 1, 0, 0, 1], 'E': [1, 1, 1, 1, 1, 1, 0, 1, 0, 0], 'F': [1, 1, 1, 1, 1, 0, 1, 1, 1, 1]}, '橘园北侧南': {'A': [1, 1, 0, 1, 1, 1, 1, 0, 1, 1], 'B': [1, 1, 1, 1, 1, 1, 1, 1, 1, 1], 'C': [1, 1, 1, 1, 1, 1, 0, 1, 0, 0], 'D': [1, 1, 0, 1, 1, 1, 1, 1, 1, 1], 'E': [0, 1, 1, 1, 1, 1, 0, 1, 1, 1], 'F': [0, 1, 0, 1, 0, 1, 1, 1, 0, 1], 'G': [0, 1, 1, 1, 1, 1, 0, 0, 1, 1], 'H': [1, 1, 1, 1, 1, 1, 1, 1, 1, 1], 'I': [0, 0, 1, 0, 1, 1, 1, 1, 0, 1], 'J': [0, 1, 0, 0, 1, 1, 1, 1, 1, 0]}, '校医院西': {'A': [1, 1, 1, 1, 1, 1, 1, 1, 1, 1], 'B': [0, 1, 1, 1, 1, 1, 1, 1, 1, 1], 'C': [1, 1, 1, 1, 1, 1, 1, 1, 1, 1], 'D': [1, 1, 1, 1, 1, 1, 1, 1, 1, 1], 'E': [1, 0, 1, 1, 1, 1, 1, 0, 1, 1], 'F': [1, 1, 1, 1, 0, 1, 1, 1, 1, 1], 'G': [1, 0, 1, 0, 0, 1, 1, 1, 0, 0], 'H': [1, 0, 1, 1, 1, 1, 0, 1, 1, 0], 'I': [1, 1, 0, 1, 0, 1, 0, 1, 0, 1]}}
623629	2024-07-13 11:14:21.885000+08:00	2024-07-13 11:14:21.885000+08:00	{'东门北侧': {'A': [1, 1, 1, 1, 1, 1, 1, 1, 1, 1], 'B': [1, 1, 1, 1, 1, 1, 1, 1, 1, 1], 'C': [1, 1, 1, 1, 1, 1, 1, 1, 1, 1], 'D': [1, 0, 1, 1, 1, 1, 1, 1, 1, 1], 'E': [1, 1, 0, 1, 1, 1, 1, 1, 1, 1], 'F': [1, 1, 1, 1, 1, 1, 1, 1, 1, 1], 'G': [1, 1, 1, 1, 1, 1, 1, 1, 1, 1], 'H': [1, 1, 1, 1, 1, 1, 1, 1, 1, 1], 'I': [1, 1, 1, 1, 1, 1, 1, 1, 1, 1], 'J': [1, 1, 0, 0, 0, 1, 1, 1, 1, 1], 'K': [0, 0, 1, 0, 1, 1, 1, 1, 1, 1]}, '东门南侧': {'A': [1, 1, 1, 1, 1, 1, 1, 1, 0, 1], 'B': [0, 0, 0, 0, 0, 0, 0, 0, 0, 0]}, '西门北侧': {'A': [1, 1, 1, 1, 1, 1, 1, 1, 1, 1], 'B': [1, 1, 1, 1, 1, 1, 1, 1, 1, 0], 'C': [1, 1, 1, 1, 1, 0, 1, 1, 1, 0]}, '西门南侧': {'A': [1, 1, 1, 1, 1, 1, 0, 1, 1, 1], 'B': [1, 1, 1, 1, 1, 1, 1, 1, 1, 1], 'C': [1, 1, 1, 1, 1, 0, 1, 1, 1, 1]}, '南门西侧': {'A': [1, 1, 1, 1, 1, 1, 1, 1, 1, 1], 'B': [1, 1, 1, 1, 1, 1, 0, 1, 1, 1]}, '南门东侧': {'A': [1, 0, 1, 1, 1, 1, 1, 1, 1, 1], 'B': [0, 0, 1, 1, 1, 1, 0, 1, 1, 0]}, '北门东北侧': {'A': [1, 1, 1, 1, 1, 1, 1, 1, 1, 1], 'B': [0, 1, 1, 1, 1, 1, 0, 1, 1, 0], 'C': [0, 1, 1, 1, 1, 1, 1, 1, 1, 1], 'D': [1, 1, 1, 0, 1, 1, 1, 1, 1, 1]}, '北门东南侧': {'A': [1, 1, 1, 1, 1, 1, 1, 1, 1, 1], 'B': [1, 1, 0, 1, 1, 0, 1, 1, 1, 1], 'C': [1, 0, 1, 1, 1, 0, 0, 1, 0, 1], 'D': [0, 0, 1, 0, 1, 1, 1, 0, 0, 1], 'E': [1, 1, 1, 1, 1, 1, 0, 1, 0, 0], 'F': [1, 1, 1, 1, 1, 0, 1, 1, 1, 1]}, '橘园北侧南': {'A': [1, 1, 0, 1, 1, 1, 1, 0, 1, 1], 'B': [1, 1, 1, 1, 1, 1, 1, 1, 1, 1], 'C': [1, 1, 1, 1, 1, 1, 0, 1, 0, 0], 'D': [1, 1, 0, 1, 1, 1, 1, 1, 1, 1], 'E': [0, 1, 1, 1, 1, 1, 0, 1, 1, 1], 'F': [0, 1, 0, 1, 0, 1, 1, 1, 0, 1], 'G': [0, 1, 1, 1, 1, 1, 0, 0, 1, 1], 'H': [1, 1, 1, 1, 1, 1, 1, 1, 1, 1], 'I': [0, 0, 1, 0, 1, 1, 1, 1, 0, 1], 'J': [0, 1, 0, 0, 1, 1, 1, 1, 1, 0]}, '校医院西': {'A': [1, 1, 1, 1, 1, 1, 1, 1, 1, 1], 'B': [0, 1, 1, 1, 1, 1, 1, 1, 1, 1], 'C': [1, 1, 1, 1, 1, 1, 1, 1, 1, 1], 'D': [1, 1, 1, 1, 1, 1, 1, 1, 1, 1], 'E': [1, 0, 1, 1, 1, 1, 1, 0, 1, 1], 'F': [1, 1, 1, 1, 0, 1, 1, 1, 1, 1], 'G': [1, 0, 1, 0, 0, 1, 1, 1, 0, 0], 'H': [1, 0, 1, 1, 1, 1, 0, 1, 1, 0], 'I': [1, 1, 0, 1, 0, 1, 0, 1, 0, 1]}}
623630	2024-07-13 11:15:23.985000+08:00	2024-07-13 11:15:23.985000+08:00	{'东门北侧': {'A': [1, 1, 1, 1, 1, 1, 1, 1, 1, 1], 'B': [1, 1, 1, 1, 1, 1, 1, 1, 1, 1], 'C': [1, 1, 1, 1, 1, 1, 1, 1, 1, 1], 'D': [1, 0, 1, 1, 1, 1, 1, 1, 1, 1], 'E': [1, 1, 0, 1, 1, 1, 1, 1, 1, 1], 'F': [1, 1, 1, 1, 1, 1, 1, 1, 1, 1], 'G': [1, 1, 1, 1, 1, 1, 1, 1, 1, 1], 'H': [1, 1, 1, 1, 1, 1, 1, 1, 1, 1], 'I': [1, 1, 1, 1, 1, 1, 1, 1, 1, 1], 'J': [1, 1, 0, 0, 0, 1, 1, 1, 1, 1], 'K': [0, 0, 1, 0, 1, 1, 1, 1, 1, 1]}, '东门南侧': {'A': [1, 1, 1, 1, 1, 1, 1, 1, 0, 1], 'B': [0, 0, 0, 0, 0, 0, 0, 0, 0, 0]}, '西门北侧': {'A': [1, 1, 1, 1, 1, 1, 1, 1, 1, 1], 'B': [1, 1, 1, 1, 1, 1, 1, 1, 1, 0], 'C': [1, 1, 1, 1, 1, 0, 1, 1, 1, 0]}, '西门南侧': {'A': [1, 1, 1, 1, 1, 1, 0, 1, 1, 1], 'B': [1, 1, 1, 1, 1, 1, 1, 1, 1, 1], 'C': [1, 1, 1, 1, 1, 0, 1, 1, 1, 1]}, '南门西侧': {'A': [1, 1, 1, 1, 1, 1, 1, 1, 1, 1], 'B': [1, 1, 1, 1, 1, 1, 0, 1, 1, 1]}, '南门东侧': {'A': [1, 0, 1, 1, 1, 1, 1, 1, 1, 1], 'B': [0, 0, 1, 1, 1, 1, 0, 1, 1, 0]}, '北门东北侧': {'A': [1, 1, 1, 1, 1, 1, 1, 1, 1, 1], 'B': [0, 1, 1, 1, 1, 1, 0, 1, 1, 0], 'C': [0, 1, 1, 1, 1, 1, 1, 1, 1, 1], 'D': [1, 1, 1, 0, 1, 1, 1, 1, 1, 1]}, '北门东南侧': {'A': [1, 1, 1, 1, 1, 1, 1, 1, 1, 1], 'B': [1, 1, 0, 1, 1, 0, 1, 1, 1, 1], 'C': [1, 0, 1, 1, 1, 0, 0, 1, 0, 1], 'D': [0, 0, 1, 0, 1, 1, 1, 0, 0, 1], 'E': [1, 1, 1, 1, 1, 1, 0, 1, 0, 0], 'F': [1, 1, 1, 1, 1, 0, 1, 1, 1, 1]}, '橘园北侧南': {'A': [1, 1, 0, 1, 1, 1, 1, 0, 1, 1], 'B': [1, 1, 1, 1, 1, 1, 1, 1, 1, 1], 'C': [1, 1, 1, 1, 1, 1, 0, 1, 0, 0], 'D': [1, 1, 0, 1, 1, 1, 1, 1, 1, 1], 'E': [0, 1, 1, 1, 1, 1, 0, 1, 1, 1], 'F': [0, 1, 0, 1, 0, 1, 1, 1, 0, 1], 'G': [0, 1, 1, 1, 1, 1, 0, 0, 1, 1], 'H': [1, 1, 1, 1, 1, 1, 1, 1, 1, 1], 'I': [0, 0, 1, 0, 1, 1, 1, 1, 0, 1], 'J': [0, 1, 0, 0, 1, 1, 1, 1, 1, 0]}, '校医院西': {'A': [1, 1, 1, 1, 1, 1, 1, 1, 1, 1], 'B': [0, 1, 1, 1, 1, 1, 1, 1, 1, 1], 'C': [1, 1, 1, 1, 1, 1, 1, 1, 1, 1], 'D': [1, 1, 1, 1, 1, 1, 1, 1, 1, 1], 'E': [1, 0, 1, 1, 1, 1, 1, 0, 1, 1], 'F': [1, 1, 1, 1, 0, 1, 1, 1, 1, 1], 'G': [1, 0, 1, 0, 0, 1, 1, 1, 0, 0], 'H': [1, 0, 1, 1, 1, 1, 0, 1, 1, 0], 'I': [1, 1, 0, 1, 0, 1, 0, 1, 0, 1]}}
623631	2024-07-13 11:16:22.881000+08:00	2024-07-13 11:16:22.881000+08:00	{'东门北侧': {'A': [1, 1, 1, 1, 1, 1, 1, 1, 1, 1], 'B': [1, 1, 1, 1, 1, 1, 1, 1, 1, 1], 'C': [1, 1, 1, 1, 1, 1, 1, 1, 1, 1], 'D': [1, 0, 1, 1, 1, 1, 1, 1, 1, 1], 'E': [1, 1, 0, 1, 1, 1, 1, 1, 1, 1], 'F': [1, 1, 1, 1, 1, 1, 1, 1, 1, 1], 'G': [1, 1, 1, 1, 1, 1, 1, 1, 1, 1], 'H': [1, 1, 1, 1, 1, 1, 1, 1, 1, 1], 'I': [1, 1, 1, 1, 1, 1, 1, 1, 1, 1], 'J': [1, 1, 0, 0, 0, 1, 1, 1, 1, 1], 'K': [0, 0, 1, 0, 1, 1, 1, 1, 1, 1]}, '东门南侧': {'A': [1, 1, 1, 1, 1, 1, 1, 1, 0, 1], 'B': [0, 0, 0, 0, 0, 0, 0, 0, 0, 0]}, '西门北侧': {'A': [1, 1, 1, 1, 1, 1, 1, 1, 1, 1], 'B': [1, 1, 1, 1, 1, 1, 1, 1, 1, 0], 'C': [1, 1, 1, 1, 1, 0, 1, 1, 1, 0]}, '西门南侧': {'A': [1, 1, 1, 1, 1, 1, 0, 1, 1, 1], 'B': [1, 1, 1, 1, 1, 1, 1, 1, 1, 1], 'C': [1, 1, 1, 1, 1, 0, 1, 1, 1, 1]}, '南门西侧': {'A': [1, 1, 1, 1, 1, 1, 1, 1, 1, 1], 'B': [1, 1, 1, 0, 1, 1, 0, 1, 1, 1]}, '南门东侧': {'A': [1, 0, 1, 1, 1, 1, 1, 1, 1, 1], 'B': [0, 0, 1, 1, 1, 1, 0, 1, 1, 0]}, '北门东北侧': {'A': [1, 1, 1, 1, 1, 1, 1, 1, 1, 1], 'B': [0, 1, 1, 1, 1, 1, 0, 1, 1, 0], 'C': [0, 1, 1, 1, 1, 1, 1, 1, 1, 1], 'D': [1, 1, 1, 0, 1, 1, 1, 1, 1, 1]}, '北门东南侧': {'A': [1, 1, 1, 1, 1, 1, 1, 1, 1, 1], 'B': [1, 1, 0, 1, 1, 0, 1, 1, 1, 1], 'C': [1, 0, 1, 1, 1, 0, 0, 1, 0, 1], 'D': [0, 0, 1, 0, 1, 1, 1, 0, 0, 1], 'E': [1, 1, 1, 1, 1, 1, 0, 1, 0, 0], 'F': [1, 1, 1, 1, 1, 0, 1, 1, 1, 1]}, '橘园北侧南': {'A': [1, 1, 0, 1, 1, 1, 1, 0, 1, 1], 'B': [1, 1, 1, 1, 1, 1, 1, 1, 1, 1], 'C': [1, 1, 1, 1, 1, 1, 0, 1, 0, 0], 'D': [1, 1, 0, 1, 1, 1, 1, 1, 1, 1], 'E': [0, 1, 1, 1, 1, 1, 0, 1, 1, 1], 'F': [0, 1, 0, 1, 0, 1, 1, 1, 0, 1], 'G': [0, 1, 1, 1, 1, 1, 0, 0, 1, 1], 'H': [1, 1, 1, 1, 1, 1, 1, 1, 1, 1], 'I': [0, 0, 1, 0, 1, 1, 1, 1, 0, 1], 'J': [0, 1, 0, 0, 1, 1, 1, 1, 1, 0]}, '校医院西': {'A': [1, 1, 1, 1, 1, 1, 1, 1, 1, 1], 'B': [0, 1, 1, 1, 1, 1, 1, 1, 1, 1], 'C': [1, 1, 1, 1, 1, 1, 1, 1, 1, 1], 'D': [1, 1, 1, 1, 1, 1, 1, 1, 1, 1], 'E': [1, 0, 1, 1, 1, 1, 1, 0, 1, 1], 'F': [1, 1, 1, 1, 0, 1, 1, 1, 1, 1], 'G': [1, 0, 1, 0, 0, 1, 1, 1, 0, 0], 'H': [1, 0, 1, 1, 1, 1, 0, 1, 1, 0], 'I': [1, 1, 0, 0, 0, 1, 0, 1, 0, 1]}}
623632	2024-07-13 11:17:23.909000+08:00	2024-07-13 11:17:23.909000+08:00	{'东门北侧': {'A': [1, 1, 1, 1, 1, 1, 1, 1, 1, 1], 'B': [1, 1, 1, 1, 1, 1, 1, 1, 1, 1], 'C': [1, 1, 1, 1, 1, 1, 1, 1, 1, 1], 'D': [1, 0, 1, 1, 1, 1, 1, 1, 1, 1], 'E': [1, 1, 0, 1, 1, 1, 1, 1, 1, 1], 'F': [1, 1, 1, 1, 1, 1, 1, 1, 1, 1], 'G': [1, 1, 1, 1, 1, 1, 1, 1, 1, 1], 'H': [1, 1, 1, 1, 1, 1, 1, 1, 1, 1], 'I': [1, 1, 1, 1, 1, 1, 1, 1, 1, 1], 'J': [1, 1, 0, 0, 0, 1, 1, 1, 1, 1], 'K': [0, 0, 1, 0, 1, 1, 1, 1, 1, 1]}, '东门南侧': {'A': [1, 1, 1, 1, 1, 1, 1, 1, 0, 1], 'B': [0, 0, 0, 0, 0, 0, 0, 0, 0, 0]}, '西门北侧': {'A': [1, 1, 1, 1, 1, 1, 1, 1, 1, 1], 'B': [1, 1, 1, 1, 1, 1, 1, 1, 1, 0], 'C': [1, 1, 1, 1, 1, 0, 1, 1, 1, 0]}, '西门南侧': {'A': [1, 1, 1, 1, 1, 1, 0, 1, 1, 1], 'B': [1, 1, 1, 1, 1, 1, 1, 1, 1, 1], 'C': [1, 1, 1, 1, 1, 0, 1, 1, 1, 1]}, '南门西侧': {'A': [1, 1, 1, 1, 1, 1, 1, 1, 1, 1], 'B': [1, 1, 1, 0, 1, 1, 0, 1, 1, 1]}, '南门东侧': {'A': [1, 0, 1, 1, 1, 1, 1, 1, 1, 1], 'B': [0, 0, 1, 1, 1, 1, 0, 1, 1, 0]}, '北门东北侧': {'A': [1, 1, 1, 1, 1, 1, 1, 1, 1, 1], 'B': [0, 1, 1, 1, 1, 1, 0, 1, 1, 0], 'C': [0, 1, 1, 1, 1, 1, 1, 1, 1, 1], 'D': [1, 1, 1, 0, 1, 1, 1, 1, 1, 1]}, '北门东南侧': {'A': [1, 1, 1, 1, 1, 1, 1, 1, 1, 1], 'B': [1, 1, 0, 1, 1, 0, 1, 1, 1, 1], 'C': [1, 0, 1, 1, 1, 0, 0, 1, 0, 1], 'D': [0, 0, 1, 0, 1, 1, 1, 0, 0, 1], 'E': [1, 1, 1, 1, 1, 1, 0, 1, 0, 0], 'F': [1, 1, 1, 1, 1, 0, 1, 1, 1, 1]}, '橘园北侧南': {'A': [1, 1, 0, 1, 1, 1, 1, 0, 1, 1], 'B': [1, 1, 1, 1, 1, 1, 1, 1, 1, 1], 'C': [1, 1, 1, 1, 1, 1, 0, 1, 0, 0], 'D': [1, 1, 0, 1, 1, 1, 1, 1, 1, 1], 'E': [0, 1, 1, 1, 1, 1, 0, 1, 1, 1], 'F': [0, 1, 0, 1, 0, 1, 1, 1, 0, 1], 'G': [0, 1, 1, 1, 1, 1, 0, 0, 1, 1], 'H': [1, 1, 1, 1, 1, 1, 1, 1, 1, 1], 'I': [0, 0, 1, 0, 1, 1, 1, 1, 0, 1], 'J': [0, 1, 0, 0, 1, 1, 1, 1, 1, 0]}, '校医院西': {'A': [1, 1, 1, 1, 1, 1, 1, 1, 1, 1], 'B': [0, 1, 1, 1, 1, 1, 1, 1, 1, 1], 'C': [1, 1, 1, 1, 1, 1, 1, 1, 1, 1], 'D': [1, 1, 1, 1, 1, 1, 1, 1, 1, 1], 'E': [1, 0, 1, 1, 1, 1, 1, 0, 1, 1], 'F': [1, 1, 1, 1, 0, 1, 1, 1, 1, 1], 'G': [1, 0, 1, 0, 0, 1, 1, 1, 0, 0], 'H': [1, 0, 1, 1, 1, 1, 0, 1, 1, 0], 'I': [1, 1, 0, 0, 0, 1, 0, 1, 0, 1]}}
623633	2024-07-13 11:18:22.879000+08:00	2024-07-13 11:18:22.879000+08:00	{'东门北侧': {'A': [1, 1, 1, 1, 1, 1, 1, 1, 1, 1], 'B': [1, 1, 1, 1, 1, 1, 1, 1, 1, 1], 'C': [1, 1, 1, 1, 1, 1, 1, 1, 1, 1], 'D': [1, 0, 1, 1, 1, 1, 1, 1, 1, 1], 'E': [1, 1, 0, 1, 1, 1, 1, 1, 1, 1], 'F': [1, 1, 1, 1, 1, 1, 1, 1, 1, 1], 'G': [1, 1, 1, 1, 1, 1, 1, 1, 1, 1], 'H': [1, 1, 1, 1, 1, 1, 1, 1, 1, 1], 'I': [1, 1, 1, 1, 1, 1, 1, 1, 1, 1], 'J': [1, 1, 0, 0, 0, 1, 1, 1, 1, 1], 'K': [0, 0, 1, 0, 1, 1, 1, 1, 1, 1]}, '东门南侧': {'A': [1, 1, 1, 1, 1, 1, 1, 1, 0, 1], 'B': [0, 0, 0, 0, 0, 0, 0, 0, 0, 0]}, '西门北侧': {'A': [1, 1, 1, 1, 1, 1, 1, 1, 1, 1], 'B': [1, 1, 1, 1, 1, 1, 1, 1, 1, 0], 'C': [1, 1, 1, 1, 1, 0, 1, 1, 1, 0]}, '西门南侧': {'A': [1, 1, 1, 1, 1, 1, 0, 1, 1, 1], 'B': [1, 1, 1, 1, 1, 1, 1, 1, 1, 1], 'C': [1, 1, 1, 1, 1, 0, 1, 1, 1, 1]}, '南门西侧': {'A': [1, 1, 1, 1, 1, 1, 1, 1, 1, 1], 'B': [1, 1, 1, 0, 1, 1, 0, 1, 1, 1]}, '南门东侧': {'A': [1, 0, 1, 1, 1, 1, 1, 1, 1, 1], 'B': [0, 0, 1, 1, 1, 1, 0, 1, 1, 0]}, '北门东北侧': {'A': [1, 1, 1, 1, 1, 1, 1, 1, 1, 1], 'B': [0, 1, 1, 1, 1, 1, 0, 1, 1, 0], 'C': [0, 1, 1, 1, 1, 1, 1, 1, 1, 1], 'D': [1, 1, 1, 0, 1, 1, 1, 1, 1, 1]}, '北门东南侧': {'A': [1, 1, 1, 1, 1, 1, 1, 1, 1, 1], 'B': [1, 1, 0, 1, 1, 0, 1, 1, 1, 1], 'C': [1, 0, 1, 1, 1, 0, 0, 1, 0, 1], 'D': [0, 0, 1, 0, 1, 1, 1, 0, 0, 1], 'E': [1, 1, 1, 1, 1, 1, 0, 1, 0, 0], 'F': [1, 1, 1, 1, 1, 0, 1, 1, 1, 1]}, '橘园北侧南': {'A': [1, 1, 0, 1, 1, 1, 1, 0, 1, 1], 'B': [1, 1, 1, 1, 1, 1, 1, 1, 1, 1], 'C': [1, 1, 1, 1, 1, 1, 0, 1, 0, 0], 'D': [1, 1, 0, 1, 1, 1, 1, 1, 1, 1], 'E': [0, 1, 1, 1, 1, 1, 0, 1, 1, 1], 'F': [0, 1, 0, 1, 0, 1, 1, 1, 0, 0], 'G': [0, 1, 1, 1, 1, 1, 0, 0, 1, 1], 'H': [1, 1, 1, 1, 1, 1, 1, 1, 1, 1], 'I': [0, 0, 1, 0, 1, 1, 1, 1, 0, 1], 'J': [0, 1, 0, 0, 1, 1, 1, 1, 1, 0]}, '校医院西': {'A': [1, 1, 1, 1, 1, 1, 1, 1, 1, 1], 'B': [0, 1, 1, 1, 1, 1, 1, 1, 1, 1], 'C': [1, 1, 1, 1, 1, 1, 1, 1, 1, 1], 'D': [1, 1, 1, 1, 1, 1, 1, 1, 1, 1], 'E': [1, 0, 1, 1, 1, 1, 1, 0, 1, 1], 'F': [1, 1, 1, 1, 0, 1, 1, 1, 1, 1], 'G': [1, 0, 1, 0, 0, 1, 1, 1, 0, 0], 'H': [1, 0, 1, 1, 1, 1, 0, 1, 1, 0], 'I': [1, 1, 0, 0, 0, 1, 0, 1, 0, 1]}}
623634	2024-07-13 11:19:21.860000+08:00	2024-07-13 11:19:21.860000+08:00	{'东门北侧': {'A': [1, 1, 1, 1, 1, 1, 1, 1, 1, 1], 'B': [1, 1, 1, 1, 1, 1, 1, 1, 1, 1], 'C': [1, 1, 1, 1, 1, 1, 1, 1, 1, 1], 'D': [1, 0, 1, 1, 1, 1, 1, 1, 1, 1], 'E': [1, 1, 0, 1, 1, 1, 1, 1, 1, 1], 'F': [1, 1, 1, 1, 1, 1, 1, 1, 1, 1], 'G': [1, 1, 1, 1, 1, 1, 1, 1, 1, 1], 'H': [1, 1, 1, 1, 1, 1, 1, 1, 1, 1], 'I': [1, 1, 1, 1, 1, 1, 1, 1, 1, 1], 'J': [1, 1, 0, 0, 0, 1, 1, 1, 1, 1], 'K': [0, 0, 1, 0, 1, 1, 1, 1, 1, 1]}, '东门南侧': {'A': [1, 1, 1, 1, 1, 1, 1, 1, 0, 1], 'B': [0, 0, 0, 0, 0, 0, 0, 0, 0, 0]}, '西门北侧': {'A': [1, 1, 1, 1, 1, 1, 1, 1, 1, 1], 'B': [1, 1, 1, 1, 1, 1, 1, 1, 1, 0], 'C': [1, 1, 1, 1, 1, 0, 1, 1, 1, 0]}, '西门南侧': {'A': [1, 1, 1, 1, 1, 1, 0, 1, 1, 1], 'B': [1, 1, 1, 1, 1, 1, 1, 1, 1, 1], 'C': [1, 1, 1, 1, 1, 0, 1, 1, 1, 1]}, '南门西侧': {'A': [1, 1, 1, 1, 1, 1, 1, 1, 1, 1], 'B': [1, 1, 1, 0, 1, 1, 0, 1, 1, 1]}, '南门东侧': {'A': [1, 0, 1, 1, 1, 1, 1, 1, 1, 1], 'B': [0, 0, 1, 1, 1, 1, 0, 1, 1, 0]}, '北门东北侧': {'A': [1, 1, 1, 1, 1, 1, 1, 1, 1, 1], 'B': [0, 1, 1, 1, 1, 1, 0, 1, 1, 0], 'C': [0, 1, 1, 1, 1, 1, 1, 1, 1, 1], 'D': [1, 1, 1, 0, 1, 1, 1, 1, 1, 1]}, '北门东南侧': {'A': [1, 1, 1, 1, 1, 1, 1, 1, 1, 1], 'B': [1, 1, 0, 1, 1, 0, 1, 1, 1, 1], 'C': [1, 0, 1, 1, 1, 0, 0, 1, 0, 1], 'D': [0, 0, 1, 0, 1, 1, 1, 0, 0, 1], 'E': [1, 1, 1, 1, 1, 1, 0, 1, 0, 0], 'F': [1, 1, 1, 1, 1, 0, 1, 1, 1, 1]}, '橘园北侧南': {'A': [1, 1, 0, 1, 1, 1, 1, 0, 1, 1], 'B': [1, 1, 1, 1, 1, 1, 1, 1, 1, 1], 'C': [1, 1, 1, 1, 1, 1, 0, 1, 0, 0], 'D': [1, 1, 0, 1, 1, 1, 1, 1, 1, 1], 'E': [0, 1, 1, 1, 1, 1, 0, 1, 1, 1], 'F': [0, 1, 0, 1, 0, 1, 1, 1, 0, 0], 'G': [0, 1, 1, 1, 1, 1, 0, 0, 1, 1], 'H': [1, 1, 1, 1, 1, 1, 1, 1, 1, 1], 'I': [0, 0, 1, 0, 1, 1, 1, 1, 0, 1], 'J': [0, 1, 0, 0, 1, 1, 1, 1, 1, 0]}, '校医院西': {'A': [1, 1, 1, 1, 1, 1, 1, 1, 1, 1], 'B': [0, 1, 1, 1, 1, 1, 1, 1, 1, 1], 'C': [1, 1, 1, 1, 1, 1, 1, 1, 1, 1], 'D': [1, 1, 1, 1, 1, 1, 1, 1, 1, 1], 'E': [1, 0, 1, 1, 1, 1, 1, 0, 1, 1], 'F': [1, 1, 1, 1, 0, 1, 1, 1, 1, 1], 'G': [0, 0, 1, 0, 0, 1, 1, 1, 0, 0], 'H': [1, 0, 1, 1, 1, 1, 0, 1, 1, 0], 'I': [1, 1, 0, 0, 0, 1, 0, 1, 0, 1]}}
623635	2024-07-13 11:20:20.884000+08:00	2024-07-13 11:20:20.884000+08:00	{'东门北侧': {'A': [1, 1, 1, 1, 1, 1, 1, 1, 1, 1], 'B': [1, 1, 1, 1, 1, 1, 1, 1, 1, 1], 'C': [1, 1, 1, 1, 1, 1, 1, 1, 1, 1], 'D': [1, 0, 1, 1, 1, 0, 1, 1, 1, 1], 'E': [1, 1, 0, 1, 1, 1, 1, 1, 1, 1], 'F': [1, 1, 1, 1, 1, 1, 1, 1, 1, 1], 'G': [1, 1, 1, 1, 1, 1, 1, 1, 1, 1], 'H': [1, 1, 1, 1, 1, 1, 1, 1, 1, 1], 'I': [1, 1, 1, 1, 1, 1, 1, 1, 1, 1], 'J': [1, 1, 0, 0, 0, 1, 1, 1, 1, 1], 'K': [0, 0, 1, 0, 1, 1, 1, 1, 1, 1]}, '东门南侧': {'A': [1, 1, 1, 1, 1, 1, 1, 1, 0, 1], 'B': [0, 0, 0, 0, 0, 0, 0, 0, 0, 0]}, '西门北侧': {'A': [1, 1, 1, 1, 1, 1, 1, 1, 1, 1], 'B': [1, 1, 1, 1, 1, 1, 1, 1, 1, 0], 'C': [1, 1, 1, 1, 1, 0, 1, 1, 1, 0]}, '西门南侧': {'A': [1, 1, 1, 1, 1, 1, 0, 1, 1, 1], 'B': [1, 1, 1, 1, 1, 1, 1, 1, 1, 1], 'C': [1, 1, 1, 1, 1, 0, 1, 1, 1, 1]}, '南门西侧': {'A': [1, 1, 1, 1, 1, 1, 1, 1, 1, 1], 'B': [1, 1, 1, 0, 1, 1, 0, 1, 1, 1]}, '南门东侧': {'A': [1, 0, 1, 1, 1, 1, 1, 1, 0, 1], 'B': [0, 0, 1, 1, 1, 1, 0, 1, 1, 0]}, '北门东北侧': {'A': [1, 1, 1, 1, 1, 1, 1, 1, 1, 1], 'B': [0, 1, 1, 1, 1, 1, 0, 1, 1, 0], 'C': [0, 1, 1, 1, 1, 1, 1, 1, 1, 1], 'D': [1, 1, 1, 0, 1, 1, 1, 1, 1, 1]}, '北门东南侧': {'A': [1, 1, 1, 1, 1, 1, 1, 1, 1, 1], 'B': [1, 1, 0, 1, 1, 0, 1, 1, 1, 1], 'C': [1, 0, 1, 1, 1, 0, 0, 1, 0, 1], 'D': [0, 0, 1, 0, 1, 1, 1, 0, 0, 1], 'E': [1, 1, 1, 1, 1, 1, 0, 1, 0, 0], 'F': [1, 1, 1, 1, 1, 0, 1, 1, 1, 1]}, '橘园北侧南': {'A': [1, 1, 0, 1, 1, 1, 1, 0, 1, 1], 'B': [1, 1, 1, 1, 1, 1, 1, 1, 1, 1], 'C': [1, 1, 1, 1, 1, 1, 0, 1, 0, 0], 'D': [1, 1, 0, 1, 1, 1, 1, 1, 1, 1], 'E': [0, 1, 1, 1, 1, 1, 0, 1, 1, 1], 'F': [0, 1, 0, 1, 0, 1, 1, 1, 0, 0], 'G': [0, 1, 1, 1, 1, 1, 0, 0, 1, 1], 'H': [1, 1, 1, 1, 1, 1, 1, 1, 1, 1], 'I': [0, 0, 1, 0, 1, 1, 1, 1, 0, 1], 'J': [0, 1, 0, 0, 1, 1, 1, 1, 1, 0]}, '校医院西': {'A': [1, 1, 1, 1, 1, 1, 1, 1, 1, 1], 'B': [0, 1, 1, 1, 1, 1, 1, 1, 1, 1], 'C': [1, 1, 1, 1, 1, 1, 1, 1, 1, 1], 'D': [1, 1, 1, 1, 1, 1, 1, 1, 1, 1], 'E': [1, 0, 1, 1, 1, 1, 1, 0, 1, 1], 'F': [1, 1, 1, 1, 0, 1, 1, 1, 1, 1], 'G': [0, 1, 1, 0, 0, 1, 1, 1, 0, 0], 'H': [1, 0, 1, 1, 1, 1, 0, 1, 1, 0], 'I': [1, 1, 0, 0, 0, 1, 0, 1, 0, 1]}}
623636	2024-07-13 11:21:20.860000+08:00	2024-07-13 11:21:20.860000+08:00	{'东门北侧': {'A': [1, 1, 1, 1, 1, 1, 1, 1, 1, 1], 'B': [1, 1, 1, 1, 1, 1, 1, 1, 1, 1], 'C': [1, 1, 1, 1, 1, 1, 1, 1, 1, 1], 'D': [1, 0, 1, 1, 1, 0, 1, 1, 1, 1], 'E': [1, 1, 0, 1, 1, 1, 1, 1, 1, 1], 'F': [1, 1, 1, 1, 1, 1, 1, 1, 1, 1], 'G': [1, 1, 1, 1, 1, 1, 1, 1, 1, 1], 'H': [1, 1, 1, 1, 1, 1, 1, 1, 1, 1], 'I': [1, 1, 1, 1, 1, 1, 1, 1, 1, 1], 'J': [1, 1, 0, 0, 0, 1, 1, 1, 1, 1], 'K': [0, 0, 1, 0, 1, 1, 1, 1, 1, 1]}, '东门南侧': {'A': [1, 1, 1, 1, 1, 1, 1, 1, 0, 1], 'B': [0, 0, 0, 0, 0, 0, 0, 0, 0, 0]}, '西门北侧': {'A': [1, 1, 1, 1, 1, 1, 1, 1, 1, 1], 'B': [1, 1, 1, 1, 1, 1, 1, 1, 1, 0], 'C': [1, 1, 1, 1, 1, 0, 1, 1, 1, 0]}, '西门南侧': {'A': [1, 1, 1, 1, 1, 1, 0, 1, 1, 1], 'B': [1, 1, 1, 1, 1, 1, 1, 1, 1, 1], 'C': [1, 1, 1, 1, 1, 0, 1, 1, 1, 1]}, '南门西侧': {'A': [1, 1, 1, 1, 1, 1, 1, 1, 1, 1], 'B': [1, 1, 1, 0, 1, 1, 0, 1, 1, 1]}, '南门东侧': {'A': [1, 0, 1, 1, 1, 1, 1, 1, 0, 1], 'B': [0, 0, 1, 1, 1, 1, 0, 1, 1, 0]}, '北门东北侧': {'A': [1, 1, 1, 1, 1, 1, 1, 1, 1, 1], 'B': [0, 1, 1, 1, 1, 1, 0, 1, 1, 0], 'C': [0, 1, 1, 1, 1, 1, 0, 1, 1, 1], 'D': [1, 1, 1, 0, 1, 1, 1, 1, 1, 1]}, '北门东南侧': {'A': [1, 1, 1, 1, 1, 1, 1, 1, 1, 1], 'B': [1, 1, 0, 1, 1, 0, 1, 1, 1, 1], 'C': [1, 0, 1, 1, 1, 0, 0, 1, 0, 1], 'D': [0, 0, 1, 0, 1, 1, 1, 0, 0, 1], 'E': [1, 1, 1, 1, 1, 1, 0, 1, 0, 0], 'F': [1, 1, 1, 1, 1, 0, 1, 1, 1, 1]}, '橘园北侧南': {'A': [1, 1, 0, 1, 1, 1, 1, 0, 1, 1], 'B': [1, 1, 1, 1, 1, 1, 1, 1, 1, 1], 'C': [1, 1, 1, 1, 1, 1, 0, 1, 0, 0], 'D': [1, 1, 0, 1, 1, 1, 1, 1, 1, 1], 'E': [0, 1, 1, 1, 1, 1, 0, 1, 1, 1], 'F': [0, 1, 0, 1, 0, 1, 1, 1, 0, 0], 'G': [0, 1, 1, 1, 1, 1, 0, 0, 1, 1], 'H': [1, 1, 1, 1, 1, 1, 1, 1, 1, 1], 'I': [0, 0, 1, 0, 1, 1, 1, 1, 0, 1], 'J': [0, 1, 0, 0, 1, 1, 1, 1, 1, 0]}, '校医院西': {'A': [1, 1, 1, 1, 1, 1, 1, 1, 1, 1], 'B': [0, 1, 1, 1, 1, 1, 1, 1, 1, 1], 'C': [1, 1, 1, 1, 1, 1, 1, 1, 1, 1], 'D': [1, 1, 1, 1, 1, 1, 1, 1, 1, 1], 'E': [1, 0, 1, 1, 1, 1, 1, 0, 1, 1], 'F': [1, 1, 1, 1, 0, 1, 1, 1, 1, 1], 'G': [0, 1, 1, 0, 0, 1, 1, 1, 0, 0], 'H': [1, 0, 1, 1, 1, 1, 0, 1, 1, 0], 'I': [1, 1, 0, 0, 0, 1, 0, 1, 0, 1]}}
623637	2024-07-13 11:22:22.862000+08:00	2024-07-13 11:22:22.862000+08:00	{'东门北侧': {'A': [1, 1, 1, 1, 1, 1, 1, 1, 1, 1], 'B': [1, 1, 1, 1, 1, 1, 1, 1, 1, 1], 'C': [1, 1, 1, 1, 1, 1, 1, 1, 1, 1], 'D': [1, 0, 1, 1, 1, 0, 1, 1, 1, 1], 'E': [1, 1, 0, 1, 1, 1, 1, 1, 1, 1], 'F': [1, 1, 1, 1, 1, 1, 1, 1, 1, 1], 'G': [1, 1, 1, 1, 1, 1, 1, 1, 1, 1], 'H': [1, 1, 1, 1, 1, 1, 1, 1, 1, 1], 'I': [1, 1, 1, 1, 1, 1, 1, 1, 1, 1], 'J': [1, 1, 0, 0, 0, 1, 1, 1, 1, 1], 'K': [0, 0, 1, 0, 1, 1, 1, 1, 1, 1]}, '东门南侧': {'A': [1, 1, 1, 1, 1, 1, 1, 1, 0, 1], 'B': [0, 0, 0, 0, 0, 0, 0, 0, 0, 0]}, '西门北侧': {'A': [1, 1, 1, 1, 1, 1, 1, 1, 1, 1], 'B': [1, 1, 1, 1, 1, 1, 1, 1, 1, 0], 'C': [1, 1, 1, 1, 1, 0, 1, 1, 1, 0]}, '西门南侧': {'A': [1, 1, 1, 1, 1, 1, 0, 1, 1, 1], 'B': [1, 1, 1, 1, 1, 1, 1, 1, 1, 1], 'C': [1, 1, 1, 1, 1, 0, 1, 1, 1, 1]}, '南门西侧': {'A': [1, 1, 1, 1, 1, 1, 1, 1, 1, 1], 'B': [1, 1, 1, 0, 1, 1, 0, 1, 1, 1]}, '南门东侧': {'A': [1, 0, 1, 1, 1, 1, 1, 1, 0, 1], 'B': [0, 0, 1, 1, 1, 1, 0, 1, 1, 0]}, '北门东北侧': {'A': [1, 1, 1, 1, 1, 1, 1, 1, 1, 1], 'B': [0, 1, 1, 1, 1, 1, 0, 1, 1, 0], 'C': [0, 1, 1, 1, 1, 1, 0, 1, 1, 1], 'D': [1, 1, 1, 0, 1, 1, 1, 1, 1, 1]}, '北门东南侧': {'A': [1, 1, 1, 1, 1, 1, 1, 1, 1, 1], 'B': [1, 1, 0, 1, 1, 0, 1, 1, 1, 1], 'C': [1, 0, 1, 1, 1, 0, 0, 1, 0, 1], 'D': [0, 0, 1, 0, 1, 1, 1, 0, 0, 1], 'E': [1, 1, 1, 1, 1, 1, 0, 1, 0, 0], 'F': [1, 1, 1, 1, 1, 0, 1, 1, 1, 1]}, '橘园北侧南': {'A': [1, 1, 0, 1, 1, 1, 1, 0, 1, 1], 'B': [1, 1, 1, 1, 1, 1, 1, 1, 1, 1], 'C': [1, 1, 1, 1, 1, 1, 0, 1, 0, 0], 'D': [1, 1, 0, 1, 1, 1, 1, 1, 1, 1], 'E': [0, 1, 1, 1, 1, 1, 0, 1, 1, 1], 'F': [0, 1, 0, 1, 0, 1, 1, 1, 0, 0], 'G': [0, 1, 1, 1, 1, 1, 0, 0, 1, 1], 'H': [1, 1, 1, 1, 1, 1, 1, 1, 1, 1], 'I': [0, 0, 1, 0, 1, 1, 1, 1, 0, 1], 'J': [0, 1, 0, 0, 1, 1, 1, 1, 1, 0]}, '校医院西': {'A': [1, 1, 1, 1, 1, 1, 1, 1, 1, 1], 'B': [0, 1, 1, 1, 1, 1, 1, 1, 1, 1], 'C': [1, 1, 1, 1, 1, 1, 1, 1, 1, 1], 'D': [1, 1, 1, 1, 1, 1, 1, 1, 1, 1], 'E': [1, 0, 1, 1, 1, 1, 1, 0, 1, 1], 'F': [1, 1, 1, 1, 0, 1, 1, 1, 1, 1], 'G': [0, 1, 1, 0, 0, 1, 1, 1, 0, 0], 'H': [1, 0, 1, 1, 1, 1, 0, 1, 1, 0], 'I': [1, 1, 0, 0, 0, 1, 0, 1, 0, 1]}}
623638	2024-07-13 11:23:21.860000+08:00	2024-07-13 11:23:21.860000+08:00	{'东门北侧': {'A': [1, 1, 1, 1, 1, 1, 1, 1, 1, 1], 'B': [1, 1, 1, 1, 1, 1, 1, 1, 1, 1], 'C': [1, 1, 1, 1, 1, 1, 1, 1, 1, 1], 'D': [1, 0, 1, 1, 1, 0, 1, 1, 1, 1], 'E': [1, 1, 0, 1, 1, 1, 1, 1, 1, 1], 'F': [1, 1, 1, 1, 1, 1, 1, 1, 1, 1], 'G': [1, 1, 1, 1, 1, 1, 1, 1, 1, 1], 'H': [1, 1, 1, 1, 1, 1, 1, 1, 1, 1], 'I': [1, 1, 1, 1, 1, 1, 1, 1, 1, 1], 'J': [1, 1, 0, 0, 0, 1, 1, 1, 1, 1], 'K': [0, 0, 1, 0, 1, 1, 1, 1, 1, 1]}, '东门南侧': {'A': [1, 1, 1, 1, 1, 1, 1, 1, 0, 1], 'B': [0, 0, 0, 0, 0, 0, 0, 0, 0, 0]}, '西门北侧': {'A': [1, 1, 1, 1, 1, 1, 1, 1, 1, 1], 'B': [1, 1, 1, 1, 1, 1, 1, 1, 1, 0], 'C': [1, 1, 1, 1, 1, 0, 1, 1, 1, 0]}, '西门南侧': {'A': [1, 1, 1, 1, 1, 1, 0, 1, 1, 1], 'B': [1, 1, 1, 1, 1, 1, 1, 1, 1, 1], 'C': [1, 1, 1, 1, 1, 0, 1, 1, 1, 1]}, '南门西侧': {'A': [1, 1, 1, 1, 1, 1, 1, 1, 1, 1], 'B': [1, 1, 1, 0, 1, 1, 0, 1, 1, 1]}, '南门东侧': {'A': [1, 0, 1, 1, 1, 1, 1, 1, 0, 1], 'B': [0, 0, 1, 1, 1, 1, 0, 1, 1, 0]}, '北门东北侧': {'A': [1, 1, 1, 1, 1, 1, 1, 1, 1, 1], 'B': [0, 1, 1, 1, 1, 1, 0, 1, 1, 0], 'C': [0, 1, 1, 1, 1, 1, 0, 1, 1, 1], 'D': [1, 1, 1, 0, 1, 1, 1, 1, 1, 1]}, '北门东南侧': {'A': [1, 1, 1, 1, 1, 1, 1, 1, 1, 1], 'B': [1, 1, 0, 1, 1, 0, 1, 1, 1, 1], 'C': [1, 0, 1, 1, 1, 0, 0, 1, 0, 1], 'D': [0, 0, 1, 0, 1, 1, 1, 0, 0, 1], 'E': [0, 1, 1, 1, 1, 1, 0, 1, 0, 0], 'F': [1, 1, 1, 1, 1, 0, 1, 1, 1, 1]}, '橘园北侧南': {'A': [1, 1, 0, 1, 1, 1, 1, 0, 1, 1], 'B': [1, 1, 1, 1, 1, 1, 1, 1, 1, 1], 'C': [1, 1, 1, 1, 1, 1, 0, 1, 0, 0], 'D': [1, 1, 0, 1, 1, 1, 1, 1, 1, 1], 'E': [0, 1, 1, 1, 1, 1, 0, 1, 1, 1], 'F': [0, 1, 0, 1, 0, 1, 1, 1, 0, 0], 'G': [0, 1, 1, 1, 1, 1, 0, 0, 1, 1], 'H': [1, 1, 1, 1, 1, 1, 1, 1, 1, 1], 'I': [0, 0, 1, 0, 1, 1, 1, 1, 0, 1], 'J': [0, 1, 0, 0, 1, 1, 1, 1, 1, 0]}, '校医院西': {'A': [1, 1, 1, 1, 1, 1, 1, 1, 1, 1], 'B': [0, 1, 1, 1, 1, 1, 1, 1, 1, 1], 'C': [1, 1, 1, 1, 1, 1, 1, 1, 1, 1], 'D': [1, 1, 1, 1, 1, 1, 1, 1, 1, 1], 'E': [1, 0, 1, 1, 1, 1, 1, 0, 1, 1], 'F': [1, 1, 1, 1, 0, 1, 1, 1, 1, 1], 'G': [0, 1, 1, 0, 0, 1, 1, 1, 0, 0], 'H': [1, 0, 1, 1, 1, 1, 0, 1, 1, 0], 'I': [1, 1, 0, 0, 0, 1, 0, 1, 0, 1]}}
623639	2024-07-13 11:24:21.882000+08:00	2024-07-13 11:24:21.882000+08:00	{'东门北侧': {'A': [1, 1, 1, 1, 1, 1, 1, 1, 1, 1], 'B': [1, 1, 1, 1, 1, 1, 1, 1, 1, 1], 'C': [1, 1, 1, 1, 1, 1, 1, 1, 1, 1], 'D': [1, 0, 1, 1, 1, 0, 1, 1, 1, 1], 'E': [1, 1, 0, 1, 1, 1, 1, 1, 1, 1], 'F': [1, 1, 1, 1, 1, 1, 1, 1, 1, 1], 'G': [1, 1, 1, 1, 1, 1, 1, 1, 1, 1], 'H': [1, 1, 1, 1, 1, 1, 1, 1, 1, 1], 'I': [1, 1, 1, 1, 1, 1, 1, 1, 1, 1], 'J': [1, 1, 0, 0, 0, 1, 1, 1, 1, 1], 'K': [0, 0, 1, 0, 1, 1, 1, 1, 1, 1]}, '东门南侧': {'A': [1, 1, 1, 1, 1, 1, 1, 1, 0, 1], 'B': [0, 0, 0, 0, 0, 0, 0, 0, 0, 0]}, '西门北侧': {'A': [1, 1, 1, 1, 1, 1, 1, 1, 1, 1], 'B': [1, 1, 1, 1, 1, 1, 1, 1, 1, 0], 'C': [1, 1, 1, 1, 1, 0, 1, 1, 1, 0]}, '西门南侧': {'A': [1, 1, 1, 1, 1, 1, 0, 1, 1, 1], 'B': [1, 1, 1, 1, 1, 1, 1, 1, 1, 1], 'C': [1, 1, 1, 1, 1, 0, 1, 1, 1, 1]}, '南门西侧': {'A': [1, 1, 1, 1, 1, 1, 1, 1, 1, 1], 'B': [1, 1, 1, 0, 1, 1, 0, 1, 1, 1]}, '南门东侧': {'A': [1, 0, 1, 1, 1, 1, 1, 1, 0, 1], 'B': [0, 0, 1, 1, 1, 1, 0, 1, 1, 0]}, '北门东北侧': {'A': [1, 1, 1, 1, 1, 1, 1, 1, 1, 1], 'B': [0, 1, 1, 1, 1, 1, 0, 1, 1, 0], 'C': [0, 1, 1, 1, 1, 1, 0, 1, 1, 1], 'D': [1, 1, 1, 0, 1, 1, 1, 1, 1, 1]}, '北门东南侧': {'A': [1, 1, 1, 1, 1, 1, 1, 1, 1, 1], 'B': [1, 1, 0, 1, 1, 0, 1, 1, 1, 1], 'C': [1, 0, 1, 1, 1, 0, 0, 1, 0, 1], 'D': [0, 0, 1, 0, 1, 1, 1, 0, 0, 1], 'E': [0, 1, 1, 1, 1, 1, 0, 1, 0, 0], 'F': [1, 1, 1, 1, 1, 0, 1, 1, 1, 1]}, '橘园北侧南': {'A': [1, 1, 0, 1, 1, 1, 1, 0, 1, 1], 'B': [1, 1, 1, 1, 1, 1, 1, 1, 1, 1], 'C': [1, 1, 1, 1, 1, 1, 0, 1, 0, 0], 'D': [1, 1, 0, 1, 1, 1, 1, 1, 1, 1], 'E': [0, 1, 1, 1, 1, 1, 0, 1, 1, 1], 'F': [0, 1, 0, 1, 0, 1, 1, 1, 0, 0], 'G': [0, 1, 1, 1, 1, 1, 0, 0, 1, 1], 'H': [1, 1, 1, 1, 1, 1, 1, 1, 1, 1], 'I': [0, 0, 1, 0, 1, 1, 1, 1, 0, 1], 'J': [0, 1, 0, 0, 1, 1, 1, 1, 1, 0]}, '校医院西': {'A': [1, 1, 1, 1, 1, 1, 1, 1, 1, 1], 'B': [0, 1, 1, 1, 1, 1, 1, 1, 1, 1], 'C': [1, 1, 1, 1, 1, 1, 1, 1, 1, 1], 'D': [1, 1, 1, 1, 1, 1, 1, 1, 1, 1], 'E': [1, 0, 1, 1, 1, 1, 1, 0, 1, 1], 'F': [1, 1, 1, 1, 0, 1, 1, 1, 1, 1], 'G': [0, 1, 1, 0, 0, 1, 1, 1, 0, 0], 'H': [1, 0, 1, 1, 1, 1, 0, 1, 1, 0], 'I': [1, 1, 0, 0, 0, 1, 0, 1, 0, 1]}}
623640	2024-07-13 11:25:22.914000+08:00	2024-07-13 11:25:22.914000+08:00	{'东门北侧': {'A': [1, 1, 1, 1, 1, 1, 1, 1, 1, 1], 'B': [1, 1, 1, 1, 1, 1, 1, 1, 1, 1], 'C': [1, 1, 1, 1, 1, 1, 1, 1, 1, 1], 'D': [1, 0, 1, 1, 1, 0, 1, 1, 1, 1], 'E': [1, 1, 0, 1, 1, 1, 1, 1, 1, 1], 'F': [1, 1, 1, 1, 1, 1, 1, 1, 1, 1], 'G': [1, 1, 1, 1, 1, 1, 1, 1, 1, 1], 'H': [1, 1, 1, 1, 1, 1, 1, 1, 1, 1], 'I': [1, 1, 1, 1, 1, 1, 1, 1, 1, 1], 'J': [1, 1, 0, 0, 0, 1, 1, 1, 1, 1], 'K': [0, 0, 1, 0, 1, 1, 1, 1, 1, 1]}, '东门南侧': {'A': [1, 1, 1, 1, 1, 1, 1, 1, 0, 1], 'B': [0, 0, 0, 0, 0, 0, 0, 0, 0, 0]}, '西门北侧': {'A': [1, 1, 1, 1, 1, 1, 1, 1, 1, 1], 'B': [1, 1, 1, 1, 1, 1, 1, 1, 1, 0], 'C': [1, 1, 1, 1, 1, 0, 1, 1, 1, 0]}, '西门南侧': {'A': [1, 1, 1, 1, 1, 1, 0, 1, 1, 1], 'B': [1, 1, 1, 1, 1, 1, 1, 1, 1, 1], 'C': [1, 1, 1, 1, 1, 0, 1, 1, 1, 1]}, '南门西侧': {'A': [1, 1, 1, 1, 1, 1, 1, 1, 1, 1], 'B': [1, 1, 1, 0, 1, 1, 0, 1, 1, 1]}, '南门东侧': {'A': [1, 0, 1, 1, 1, 1, 1, 1, 0, 1], 'B': [0, 0, 1, 1, 1, 1, 0, 1, 1, 0]}, '北门东北侧': {'A': [1, 1, 1, 1, 1, 1, 1, 1, 1, 1], 'B': [0, 1, 1, 1, 1, 1, 0, 1, 1, 0], 'C': [0, 1, 1, 1, 1, 1, 0, 1, 1, 1], 'D': [1, 1, 1, 0, 1, 1, 1, 1, 1, 1]}, '北门东南侧': {'A': [1, 1, 1, 1, 1, 1, 1, 1, 1, 1], 'B': [1, 1, 0, 1, 1, 0, 1, 1, 1, 1], 'C': [1, 0, 1, 1, 1, 0, 0, 1, 0, 1], 'D': [0, 0, 1, 0, 1, 1, 1, 0, 0, 1], 'E': [0, 1, 1, 1, 1, 1, 0, 1, 0, 0], 'F': [1, 1, 1, 1, 1, 0, 1, 1, 1, 1]}, '橘园北侧南': {'A': [1, 1, 0, 1, 1, 1, 1, 0, 1, 1], 'B': [1, 1, 1, 1, 1, 1, 1, 1, 1, 1], 'C': [1, 1, 1, 1, 1, 1, 0, 1, 0, 0], 'D': [1, 1, 0, 1, 1, 1, 1, 1, 1, 1], 'E': [0, 1, 1, 1, 1, 1, 0, 1, 1, 1], 'F': [0, 1, 0, 1, 0, 1, 1, 1, 0, 0], 'G': [0, 1, 1, 1, 1, 1, 0, 0, 1, 1], 'H': [1, 1, 1, 1, 1, 1, 1, 1, 1, 1], 'I': [0, 0, 1, 0, 1, 1, 1, 1, 0, 1], 'J': [0, 1, 0, 0, 1, 1, 1, 1, 1, 0]}, '校医院西': {'A': [1, 1, 1, 1, 1, 1, 1, 1, 1, 1], 'B': [0, 1, 1, 1, 1, 1, 1, 1, 1, 1], 'C': [1, 1, 1, 1, 1, 1, 1, 1, 1, 1], 'D': [1, 1, 1, 1, 1, 1, 1, 1, 1, 1], 'E': [1, 0, 1, 1, 1, 1, 1, 0, 1, 1], 'F': [1, 1, 1, 1, 0, 1, 1, 1, 1, 1], 'G': [0, 1, 1, 0, 0, 1, 1, 1, 0, 0], 'H': [1, 0, 1, 1, 1, 1, 0, 1, 1, 0], 'I': [1, 1, 0, 0, 0, 1, 0, 1, 0, 1]}}
623641	2024-07-13 11:26:21.857000+08:00	2024-07-13 11:26:21.857000+08:00	{'东门北侧': {'A': [1, 1, 1, 1, 1, 1, 1, 1, 1, 1], 'B': [1, 1, 1, 1, 1, 1, 1, 1, 1, 1], 'C': [1, 1, 1, 1, 1, 1, 1, 1, 1, 1], 'D': [1, 0, 1, 1, 1, 0, 1, 1, 1, 1], 'E': [1, 1, 0, 1, 1, 1, 1, 1, 1, 1], 'F': [1, 1, 1, 1, 1, 1, 1, 1, 1, 1], 'G': [1, 1, 1, 1, 1, 1, 1, 1, 1, 1], 'H': [1, 1, 1, 1, 1, 1, 1, 1, 1, 1], 'I': [1, 1, 1, 1, 1, 1, 1, 1, 1, 1], 'J': [1, 1, 0, 0, 0, 1, 1, 1, 1, 1], 'K': [0, 0, 1, 0, 1, 1, 1, 1, 1, 1]}, '东门南侧': {'A': [1, 1, 1, 1, 1, 1, 1, 1, 0, 1], 'B': [0, 0, 0, 0, 0, 0, 0, 0, 0, 0]}, '西门北侧': {'A': [1, 1, 1, 1, 1, 1, 1, 1, 1, 1], 'B': [1, 1, 1, 1, 1, 1, 1, 1, 1, 0], 'C': [1, 1, 1, 1, 1, 0, 1, 1, 1, 0]}, '西门南侧': {'A': [1, 1, 1, 1, 1, 1, 0, 1, 1, 1], 'B': [1, 1, 1, 1, 1, 1, 1, 1, 1, 1], 'C': [1, 1, 1, 1, 1, 0, 1, 1, 1, 1]}, '南门西侧': {'A': [1, 1, 1, 1, 1, 1, 1, 1, 1, 1], 'B': [1, 1, 1, 0, 1, 1, 0, 1, 1, 1]}, '南门东侧': {'A': [1, 0, 1, 1, 1, 1, 1, 1, 0, 1], 'B': [0, 0, 1, 1, 1, 1, 0, 1, 1, 0]}, '北门东北侧': {'A': [1, 1, 1, 1, 1, 1, 1, 1, 1, 1], 'B': [0, 1, 1, 1, 1, 1, 0, 1, 1, 0], 'C': [0, 1, 1, 1, 1, 1, 0, 1, 1, 1], 'D': [1, 1, 1, 0, 1, 1, 1, 1, 1, 1]}, '北门东南侧': {'A': [1, 1, 1, 1, 1, 1, 1, 1, 1, 1], 'B': [1, 1, 0, 1, 1, 0, 1, 1, 1, 1], 'C': [1, 0, 1, 1, 1, 0, 0, 1, 0, 1], 'D': [0, 0, 1, 0, 1, 1, 1, 0, 0, 1], 'E': [0, 1, 1, 1, 1, 1, 0, 1, 0, 0], 'F': [1, 1, 1, 1, 1, 0, 1, 1, 1, 1]}, '橘园北侧南': {'A': [1, 0, 0, 1, 1, 1, 1, 0, 1, 1], 'B': [1, 1, 1, 1, 1, 1, 1, 1, 1, 1], 'C': [1, 1, 1, 1, 1, 1, 0, 1, 0, 0], 'D': [1, 1, 0, 1, 1, 1, 1, 1, 1, 1], 'E': [0, 1, 1, 1, 1, 1, 0, 1, 1, 1], 'F': [0, 1, 0, 1, 0, 1, 1, 1, 0, 0], 'G': [0, 1, 1, 1, 1, 1, 0, 0, 1, 1], 'H': [1, 1, 1, 1, 1, 1, 1, 1, 1, 1], 'I': [0, 0, 1, 0, 1, 1, 1, 1, 0, 1], 'J': [0, 1, 0, 0, 1, 1, 1, 1, 1, 0]}, '校医院西': {'A': [1, 1, 1, 1, 1, 1, 1, 1, 1, 1], 'B': [0, 1, 1, 1, 1, 1, 1, 1, 1, 1], 'C': [1, 1, 1, 1, 1, 1, 1, 1, 1, 1], 'D': [1, 1, 1, 1, 1, 1, 1, 1, 1, 1], 'E': [1, 0, 1, 1, 1, 1, 1, 0, 1, 1], 'F': [1, 1, 1, 1, 0, 1, 1, 1, 1, 1], 'G': [0, 1, 1, 0, 0, 1, 1, 1, 0, 0], 'H': [1, 0, 1, 1, 1, 1, 0, 1, 1, 0], 'I': [1, 1, 0, 0, 0, 1, 0, 1, 0, 1]}}
623642	2024-07-13 11:27:20.880000+08:00	2024-07-13 11:27:20.880000+08:00	{'东门北侧': {'A': [1, 1, 1, 1, 1, 1, 1, 1, 1, 1], 'B': [1, 1, 1, 1, 1, 1, 1, 1, 1, 1], 'C': [1, 1, 1, 1, 1, 1, 1, 1, 1, 1], 'D': [1, 0, 1, 1, 1, 0, 1, 1, 1, 1], 'E': [1, 1, 0, 1, 1, 1, 1, 1, 1, 1], 'F': [1, 1, 1, 1, 1, 1, 1, 1, 1, 1], 'G': [1, 1, 1, 1, 1, 1, 1, 1, 1, 1], 'H': [1, 1, 1, 1, 1, 1, 1, 1, 1, 1], 'I': [1, 1, 1, 1, 1, 1, 1, 1, 1, 1], 'J': [1, 1, 0, 0, 0, 1, 1, 1, 1, 1], 'K': [0, 0, 1, 0, 1, 1, 1, 1, 1, 1]}, '东门南侧': {'A': [1, 1, 1, 1, 1, 1, 1, 1, 0, 1], 'B': [0, 0, 0, 0, 0, 0, 0, 0, 0, 0]}, '西门北侧': {'A': [1, 1, 1, 1, 1, 1, 1, 1, 1, 1], 'B': [1, 1, 1, 1, 1, 1, 1, 1, 1, 0], 'C': [1, 1, 1, 1, 1, 0, 1, 1, 1, 0]}, '西门南侧': {'A': [1, 1, 1, 1, 1, 1, 0, 1, 1, 1], 'B': [1, 1, 1, 1, 1, 1, 1, 1, 1, 1], 'C': [1, 1, 1, 1, 1, 0, 1, 1, 1, 1]}, '南门西侧': {'A': [1, 1, 1, 1, 1, 1, 1, 1, 1, 1], 'B': [1, 1, 1, 0, 1, 1, 0, 1, 1, 1]}, '南门东侧': {'A': [1, 0, 1, 1, 1, 1, 1, 1, 0, 1], 'B': [0, 0, 1, 1, 1, 1, 0, 1, 1, 0]}, '北门东北侧': {'A': [1, 1, 1, 1, 1, 1, 1, 1, 1, 1], 'B': [0, 1, 1, 1, 1, 1, 0, 1, 1, 0], 'C': [0, 1, 1, 1, 1, 1, 0, 1, 1, 1], 'D': [1, 1, 1, 0, 1, 1, 1, 1, 1, 1]}, '北门东南侧': {'A': [1, 1, 1, 1, 1, 1, 1, 1, 1, 1], 'B': [1, 1, 0, 1, 1, 0, 1, 1, 1, 1], 'C': [1, 0, 1, 1, 1, 0, 0, 1, 0, 1], 'D': [0, 0, 1, 0, 1, 1, 1, 0, 0, 1], 'E': [0, 1, 1, 1, 1, 1, 0, 1, 0, 0], 'F': [1, 1, 1, 1, 1, 0, 1, 1, 1, 1]}, '橘园北侧南': {'A': [1, 0, 0, 1, 1, 1, 1, 0, 1, 1], 'B': [1, 1, 1, 1, 1, 1, 1, 1, 1, 1], 'C': [1, 1, 1, 1, 1, 1, 0, 1, 0, 0], 'D': [1, 1, 0, 1, 1, 1, 1, 1, 1, 1], 'E': [0, 1, 1, 1, 1, 1, 0, 1, 1, 1], 'F': [0, 1, 0, 1, 0, 1, 1, 1, 0, 0], 'G': [0, 1, 1, 1, 1, 1, 0, 0, 1, 1], 'H': [1, 1, 1, 1, 1, 1, 0, 1, 1, 1], 'I': [0, 0, 1, 0, 1, 1, 1, 1, 0, 1], 'J': [0, 1, 0, 0, 1, 1, 1, 1, 1, 0]}, '校医院西': {'A': [1, 1, 1, 1, 1, 1, 1, 1, 1, 1], 'B': [0, 1, 1, 1, 1, 1, 1, 1, 1, 1], 'C': [1, 1, 1, 1, 1, 1, 1, 1, 1, 1], 'D': [1, 1, 1, 1, 1, 1, 1, 1, 1, 1], 'E': [1, 0, 1, 1, 1, 1, 1, 0, 1, 1], 'F': [1, 1, 1, 1, 0, 1, 1, 1, 1, 1], 'G': [0, 1, 1, 0, 0, 1, 1, 1, 0, 0], 'H': [1, 0, 1, 1, 1, 1, 0, 1, 1, 0], 'I': [1, 1, 0, 0, 0, 1, 0, 1, 0, 1]}}
623643	2024-07-13 11:28:21.855000+08:00	2024-07-13 11:28:21.855000+08:00	{'东门北侧': {'A': [1, 1, 1, 1, 1, 1, 1, 1, 1, 1], 'B': [1, 1, 1, 1, 1, 1, 1, 1, 1, 1], 'C': [1, 1, 1, 1, 1, 1, 1, 1, 1, 1], 'D': [1, 0, 1, 1, 1, 0, 1, 1, 1, 1], 'E': [1, 1, 0, 1, 1, 1, 1, 1, 1, 1], 'F': [1, 1, 1, 1, 1, 1, 1, 1, 1, 1], 'G': [1, 1, 1, 1, 1, 1, 1, 1, 1, 1], 'H': [1, 1, 1, 1, 1, 1, 1, 1, 1, 0], 'I': [1, 1, 1, 1, 1, 1, 1, 1, 1, 1], 'J': [1, 1, 0, 0, 0, 1, 1, 1, 1, 1], 'K': [0, 0, 1, 0, 1, 1, 1, 1, 1, 1]}, '东门南侧': {'A': [1, 1, 1, 1, 1, 1, 1, 1, 0, 1], 'B': [0, 0, 0, 0, 0, 0, 0, 0, 0, 0]}, '西门北侧': {'A': [1, 1, 1, 1, 1, 1, 1, 1, 1, 1], 'B': [1, 1, 1, 1, 1, 1, 1, 1, 1, 0], 'C': [1, 1, 1, 1, 1, 0, 1, 1, 1, 0]}, '西门南侧': {'A': [1, 1, 1, 1, 1, 1, 0, 1, 1, 1], 'B': [1, 1, 1, 1, 1, 1, 1, 1, 1, 1], 'C': [1, 1, 1, 1, 1, 0, 1, 1, 1, 1]}, '南门西侧': {'A': [1, 1, 1, 1, 1, 1, 1, 1, 1, 1], 'B': [1, 1, 1, 0, 1, 1, 0, 1, 1, 1]}, '南门东侧': {'A': [1, 0, 1, 1, 1, 1, 1, 1, 0, 1], 'B': [0, 0, 1, 1, 1, 1, 0, 1, 1, 0]}, '北门东北侧': {'A': [1, 1, 1, 1, 1, 1, 1, 1, 1, 1], 'B': [0, 1, 1, 1, 1, 1, 0, 1, 1, 0], 'C': [0, 1, 1, 1, 1, 1, 0, 1, 1, 1], 'D': [1, 1, 1, 0, 1, 1, 1, 1, 1, 1]}, '北门东南侧': {'A': [1, 1, 1, 1, 1, 1, 1, 1, 1, 1], 'B': [1, 1, 0, 1, 1, 0, 1, 1, 1, 1], 'C': [1, 0, 1, 1, 1, 0, 0, 1, 0, 1], 'D': [0, 0, 1, 0, 1, 1, 1, 0, 0, 1], 'E': [0, 1, 1, 1, 1, 1, 0, 1, 0, 0], 'F': [1, 1, 1, 1, 1, 0, 1, 1, 1, 1]}, '橘园北侧南': {'A': [1, 0, 0, 1, 1, 0, 1, 0, 1, 1], 'B': [1, 1, 1, 1, 1, 1, 1, 1, 1, 1], 'C': [1, 1, 1, 1, 1, 1, 0, 1, 0, 0], 'D': [1, 1, 0, 1, 1, 1, 1, 1, 1, 1], 'E': [0, 1, 1, 1, 1, 1, 0, 1, 1, 1], 'F': [0, 1, 0, 1, 0, 1, 1, 1, 0, 0], 'G': [0, 1, 1, 1, 1, 1, 0, 0, 1, 1], 'H': [1, 1, 1, 1, 1, 1, 0, 1, 1, 1], 'I': [0, 0, 1, 0, 1, 1, 1, 1, 0, 1], 'J': [0, 1, 0, 0, 1, 1, 1, 1, 1, 0]}, '校医院西': {'A': [1, 1, 1, 1, 1, 1, 1, 1, 1, 1], 'B': [0, 1, 1, 1, 1, 1, 1, 1, 1, 1], 'C': [1, 1, 1, 1, 1, 1, 1, 1, 1, 1], 'D': [1, 1, 1, 1, 1, 1, 1, 1, 1, 1], 'E': [1, 0, 1, 1, 1, 1, 1, 0, 1, 1], 'F': [1, 1, 1, 1, 0, 1, 1, 1, 1, 1], 'G': [0, 1, 1, 0, 0, 1, 1, 1, 0, 0], 'H': [1, 0, 1, 1, 1, 1, 0, 1, 1, 0], 'I': [1, 1, 0, 0, 0, 1, 0, 1, 0, 1]}}
623644	2024-07-13 11:29:23.388000+08:00	2024-07-13 11:29:23.388000+08:00	{'东门北侧': {'A': [1, 1, 1, 1, 1, 1, 1, 1, 1, 1], 'B': [1, 1, 1, 1, 1, 1, 1, 1, 1, 1], 'C': [1, 1, 1, 1, 1, 1, 1, 1, 1, 1], 'D': [1, 0, 1, 1, 1, 0, 1, 1, 1, 1], 'E': [1, 1, 0, 1, 1, 1, 1, 1, 1, 1], 'F': [1, 1, 1, 1, 1, 1, 1, 1, 1, 1], 'G': [1, 1, 1, 1, 1, 1, 1, 1, 1, 1], 'H': [1, 1, 1, 1, 1, 1, 1, 1, 1, 0], 'I': [1, 1, 1, 1, 1, 1, 1, 1, 1, 1], 'J': [1, 1, 0, 0, 0, 1, 1, 1, 1, 1], 'K': [0, 0, 1, 0, 1, 1, 1, 1, 1, 1]}, '东门南侧': {'A': [1, 1, 1, 1, 1, 1, 1, 1, 0, 1], 'B': [0, 0, 0, 0, 0, 0, 0, 0, 0, 0]}, '西门北侧': {'A': [1, 1, 1, 1, 1, 1, 1, 1, 1, 1], 'B': [1, 1, 1, 1, 1, 1, 1, 1, 1, 0], 'C': [1, 1, 1, 1, 1, 0, 1, 1, 1, 0]}, '西门南侧': {'A': [1, 1, 1, 1, 1, 1, 0, 1, 1, 1], 'B': [1, 1, 1, 1, 1, 1, 1, 1, 1, 1], 'C': [1, 1, 1, 1, 1, 0, 1, 1, 1, 1]}, '南门西侧': {'A': [1, 1, 1, 1, 1, 1, 1, 1, 1, 1], 'B': [1, 1, 1, 0, 1, 1, 0, 1, 1, 1]}, '南门东侧': {'A': [1, 0, 1, 1, 1, 1, 1, 1, 0, 1], 'B': [0, 0, 1, 1, 1, 1, 0, 1, 1, 0]}, '北门东北侧': {'A': [1, 1, 1, 1, 1, 1, 1, 1, 1, 1], 'B': [0, 1, 1, 1, 1, 1, 0, 1, 1, 0], 'C': [0, 1, 1, 1, 1, 1, 0, 1, 1, 1], 'D': [1, 1, 1, 0, 1, 1, 1, 1, 1, 1]}, '北门东南侧': {'A': [1, 1, 1, 1, 1, 1, 1, 1, 1, 1], 'B': [1, 1, 0, 1, 1, 0, 1, 1, 1, 1], 'C': [1, 0, 1, 1, 1, 0, 0, 1, 0, 1], 'D': [0, 0, 1, 0, 1, 1, 1, 0, 0, 1], 'E': [0, 1, 1, 1, 1, 1, 0, 1, 0, 0], 'F': [1, 1, 1, 1, 1, 0, 1, 1, 1, 1]}, '橘园北侧南': {'A': [1, 0, 0, 1, 1, 0, 1, 0, 1, 1], 'B': [1, 1, 1, 1, 1, 1, 1, 1, 1, 1], 'C': [1, 1, 1, 1, 1, 1, 0, 1, 0, 0], 'D': [1, 1, 0, 1, 1, 1, 1, 1, 1, 1], 'E': [0, 1, 1, 1, 1, 1, 0, 1, 1, 1], 'F': [0, 1, 0, 1, 0, 1, 1, 1, 0, 0], 'G': [0, 1, 1, 1, 1, 1, 0, 0, 1, 1], 'H': [1, 1, 1, 1, 1, 1, 0, 1, 1, 1], 'I': [0, 0, 1, 0, 1, 1, 1, 1, 0, 1], 'J': [0, 1, 0, 0, 1, 1, 1, 1, 1, 0]}, '校医院西': {'A': [1, 1, 1, 1, 1, 1, 1, 1, 1, 1], 'B': [0, 1, 1, 1, 1, 1, 1, 1, 1, 1], 'C': [1, 1, 1, 1, 1, 1, 1, 1, 1, 1], 'D': [1, 1, 1, 1, 1, 1, 1, 1, 1, 1], 'E': [1, 0, 1, 1, 1, 1, 1, 0, 1, 1], 'F': [1, 1, 1, 1, 0, 1, 1, 1, 1, 1], 'G': [0, 1, 1, 0, 0, 1, 1, 1, 0, 0], 'H': [1, 0, 1, 1, 1, 1, 0, 1, 1, 0], 'I': [1, 1, 0, 0, 0, 1, 0, 1, 0, 1]}}
623645	2024-07-13 11:30:20.970000+08:00	2024-07-13 11:30:20.970000+08:00	{'东门北侧': {'A': [1, 1, 1, 1, 1, 1, 1, 1, 1, 1], 'B': [1, 1, 1, 1, 1, 1, 1, 1, 1, 1], 'C': [1, 1, 1, 1, 1, 1, 1, 1, 1, 1], 'D': [1, 0, 1, 1, 1, 0, 1, 1, 1, 1], 'E': [1, 1, 0, 1, 1, 1, 1, 1, 1, 1], 'F': [1, 1, 1, 1, 1, 1, 1, 1, 1, 1], 'G': [1, 1, 1, 1, 1, 1, 1, 1, 1, 1], 'H': [1, 1, 1, 1, 1, 1, 1, 1, 1, 0], 'I': [1, 1, 1, 1, 1, 1, 1, 1, 1, 1], 'J': [1, 1, 0, 0, 0, 1, 1, 1, 1, 1], 'K': [0, 0, 1, 0, 1, 1, 1, 1, 1, 1]}, '东门南侧': {'A': [1, 1, 1, 1, 1, 1, 1, 1, 0, 1], 'B': [0, 0, 0, 0, 0, 0, 0, 0, 0, 0]}, '西门北侧': {'A': [1, 1, 1, 1, 1, 1, 1, 1, 1, 1], 'B': [1, 1, 1, 1, 1, 1, 1, 1, 1, 0], 'C': [1, 1, 1, 1, 1, 0, 1, 1, 1, 0]}, '西门南侧': {'A': [1, 1, 1, 1, 1, 1, 0, 1, 1, 1], 'B': [1, 1, 1, 1, 1, 1, 1, 1, 1, 1], 'C': [1, 1, 1, 1, 1, 1, 1, 1, 1, 1]}, '南门西侧': {'A': [1, 1, 1, 1, 1, 1, 1, 1, 1, 1], 'B': [1, 1, 1, 0, 1, 1, 0, 1, 1, 1]}, '南门东侧': {'A': [1, 0, 1, 1, 1, 1, 1, 1, 0, 1], 'B': [0, 0, 1, 1, 1, 1, 0, 1, 1, 0]}, '北门东北侧': {'A': [1, 1, 1, 1, 1, 1, 1, 1, 1, 1], 'B': [0, 1, 1, 1, 1, 1, 0, 1, 1, 0], 'C': [0, 1, 1, 1, 1, 1, 0, 1, 1, 1], 'D': [1, 1, 1, 0, 1, 1, 1, 1, 1, 1]}, '北门东南侧': {'A': [1, 1, 1, 1, 1, 1, 1, 1, 1, 1], 'B': [1, 1, 0, 1, 1, 0, 1, 1, 1, 1], 'C': [1, 0, 0, 1, 1, 0, 0, 1, 0, 1], 'D': [0, 0, 1, 0, 1, 1, 1, 0, 0, 1], 'E': [0, 1, 1, 1, 1, 1, 0, 1, 0, 0], 'F': [1, 1, 1, 1, 1, 0, 1, 1, 1, 1]}, '橘园北侧南': {'A': [1, 0, 0, 1, 1, 0, 1, 0, 1, 1], 'B': [1, 1, 1, 1, 1, 1, 1, 1, 1, 1], 'C': [1, 1, 1, 1, 1, 1, 0, 1, 0, 0], 'D': [1, 1, 0, 1, 1, 1, 1, 1, 1, 1], 'E': [0, 1, 1, 1, 1, 1, 0, 1, 1, 1], 'F': [0, 1, 0, 1, 0, 1, 1, 1, 0, 0], 'G': [0, 1, 1, 1, 1, 1, 0, 0, 1, 1], 'H': [1, 1, 1, 1, 1, 1, 0, 1, 1, 1], 'I': [0, 0, 1, 0, 1, 1, 1, 1, 0, 1], 'J': [0, 1, 0, 0, 1, 1, 1, 1, 1, 0]}, '校医院西': {'A': [1, 1, 1, 1, 1, 1, 1, 1, 1, 1], 'B': [0, 1, 1, 1, 1, 1, 1, 1, 1, 1], 'C': [1, 1, 1, 1, 1, 1, 1, 1, 1, 1], 'D': [1, 1, 1, 1, 1, 1, 1, 1, 1, 1], 'E': [1, 0, 1, 1, 1, 1, 1, 0, 1, 1], 'F': [1, 1, 1, 1, 0, 1, 1, 1, 1, 1], 'G': [0, 1, 1, 0, 0, 1, 1, 1, 0, 0], 'H': [1, 0, 1, 1, 1, 1, 0, 1, 1, 0], 'I': [1, 1, 0, 0, 0, 1, 0, 1, 0, 1]}}
623646	2024-07-13 11:31:23.400000+08:00	2024-07-13 11:31:23.400000+08:00	{'东门北侧': {'A': [1, 1, 1, 1, 1, 1, 1, 1, 1, 1], 'B': [1, 1, 1, 1, 1, 1, 1, 1, 1, 1], 'C': [1, 1, 1, 1, 1, 1, 1, 1, 1, 1], 'D': [1, 0, 1, 1, 1, 0, 1, 1, 1, 1], 'E': [1, 1, 0, 1, 1, 1, 1, 1, 1, 1], 'F': [1, 1, 1, 1, 1, 1, 1, 1, 1, 1], 'G': [1, 1, 1, 1, 1, 1, 1, 1, 1, 1], 'H': [1, 1, 1, 1, 1, 1, 1, 1, 1, 0], 'I': [1, 1, 1, 1, 1, 1, 1, 1, 1, 1], 'J': [1, 1, 0, 0, 0, 1, 1, 1, 1, 1], 'K': [0, 0, 1, 0, 1, 1, 1, 1, 1, 1]}, '东门南侧': {'A': [1, 1, 1, 1, 1, 1, 1, 1, 0, 1], 'B': [0, 0, 0, 0, 0, 0, 0, 0, 0, 0]}, '西门北侧': {'A': [1, 1, 1, 1, 1, 1, 1, 1, 1, 1], 'B': [1, 1, 1, 1, 1, 1, 1, 1, 1, 0], 'C': [1, 1, 1, 1, 1, 0, 1, 1, 1, 0]}, '西门南侧': {'A': [1, 1, 1, 1, 1, 1, 0, 1, 1, 1], 'B': [1, 1, 1, 1, 1, 1, 1, 1, 1, 1], 'C': [1, 1, 1, 1, 1, 1, 1, 1, 1, 1]}, '南门西侧': {'A': [1, 1, 1, 1, 1, 1, 1, 1, 1, 1], 'B': [1, 1, 1, 0, 1, 1, 0, 1, 1, 1]}, '南门东侧': {'A': [1, 0, 1, 1, 1, 1, 1, 1, 0, 1], 'B': [0, 0, 1, 1, 1, 1, 0, 1, 1, 0]}, '北门东北侧': {'A': [1, 1, 1, 1, 1, 1, 1, 1, 1, 1], 'B': [0, 1, 1, 1, 1, 1, 0, 1, 1, 1], 'C': [0, 1, 1, 1, 1, 1, 0, 1, 1, 1], 'D': [1, 1, 1, 0, 1, 1, 1, 1, 1, 1]}, '北门东南侧': {'A': [1, 1, 1, 1, 1, 1, 1, 1, 1, 1], 'B': [1, 1, 0, 1, 1, 0, 1, 1, 1, 1], 'C': [1, 0, 0, 1, 1, 0, 0, 1, 0, 1], 'D': [0, 0, 1, 0, 1, 1, 1, 0, 0, 1], 'E': [0, 1, 1, 1, 1, 1, 0, 1, 0, 0], 'F': [1, 1, 1, 1, 1, 0, 1, 1, 1, 1]}, '橘园北侧南': {'A': [1, 0, 0, 1, 1, 0, 1, 0, 1, 1], 'B': [1, 1, 1, 1, 1, 1, 1, 1, 1, 1], 'C': [1, 1, 1, 1, 1, 1, 0, 1, 0, 0], 'D': [1, 1, 0, 1, 1, 1, 1, 1, 1, 1], 'E': [0, 1, 1, 1, 1, 1, 0, 1, 1, 1], 'F': [0, 0, 0, 1, 0, 1, 1, 1, 0, 0], 'G': [0, 1, 1, 1, 1, 1, 0, 0, 1, 1], 'H': [1, 1, 1, 1, 1, 1, 1, 1, 1, 1], 'I': [0, 0, 1, 0, 1, 1, 1, 1, 0, 1], 'J': [0, 1, 0, 0, 1, 1, 1, 1, 1, 0]}, '校医院西': {'A': [1, 1, 1, 1, 1, 1, 1, 1, 1, 1], 'B': [0, 1, 1, 1, 1, 1, 1, 1, 1, 1], 'C': [1, 1, 1, 1, 1, 1, 1, 1, 1, 1], 'D': [1, 1, 1, 1, 1, 1, 1, 1, 1, 1], 'E': [1, 0, 1, 1, 1, 1, 1, 0, 1, 1], 'F': [1, 1, 1, 1, 0, 1, 1, 1, 1, 1], 'G': [0, 1, 1, 0, 0, 1, 1, 1, 0, 0], 'H': [1, 0, 1, 1, 1, 1, 0, 1, 1, 0], 'I': [1, 1, 0, 0, 0, 1, 0, 1, 0, 0]}}
623647	2024-07-13 11:32:22.881000+08:00	2024-07-13 11:32:22.881000+08:00	{'东门北侧': {'A': [1, 1, 1, 1, 1, 1, 1, 1, 1, 1], 'B': [1, 1, 1, 1, 1, 1, 1, 1, 1, 1], 'C': [1, 1, 1, 1, 1, 1, 1, 1, 1, 1], 'D': [1, 0, 1, 1, 1, 0, 1, 1, 1, 1], 'E': [1, 1, 0, 1, 1, 1, 1, 1, 1, 1], 'F': [1, 1, 1, 1, 1, 1, 1, 1, 1, 1], 'G': [1, 1, 1, 1, 1, 1, 1, 1, 1, 1], 'H': [1, 1, 1, 1, 1, 1, 1, 1, 1, 0], 'I': [1, 1, 1, 1, 1, 1, 1, 1, 1, 1], 'J': [1, 1, 0, 0, 0, 1, 1, 1, 1, 1], 'K': [0, 0, 1, 0, 1, 1, 1, 1, 1, 1]}, '东门南侧': {'A': [1, 1, 1, 1, 1, 1, 1, 1, 0, 1], 'B': [0, 0, 0, 0, 0, 0, 0, 0, 0, 0]}, '西门北侧': {'A': [1, 1, 1, 1, 1, 1, 1, 1, 1, 1], 'B': [1, 1, 1, 1, 1, 1, 1, 1, 1, 0], 'C': [1, 1, 1, 1, 1, 0, 1, 1, 1, 0]}, '西门南侧': {'A': [1, 1, 1, 1, 1, 1, 0, 1, 1, 1], 'B': [1, 1, 1, 1, 1, 1, 1, 1, 1, 1], 'C': [1, 1, 1, 1, 1, 1, 1, 1, 1, 1]}, '南门西侧': {'A': [1, 1, 1, 1, 1, 1, 1, 1, 1, 1], 'B': [1, 1, 1, 0, 1, 1, 0, 1, 1, 1]}, '南门东侧': {'A': [1, 0, 1, 1, 1, 1, 1, 1, 0, 1], 'B': [0, 0, 1, 1, 1, 1, 0, 1, 1, 0]}, '北门东北侧': {'A': [1, 1, 1, 1, 1, 1, 1, 1, 1, 1], 'B': [0, 1, 1, 1, 1, 1, 0, 1, 1, 1], 'C': [0, 1, 1, 1, 1, 1, 0, 1, 1, 1], 'D': [1, 1, 1, 0, 1, 1, 1, 1, 1, 1]}, '北门东南侧': {'A': [1, 1, 1, 1, 1, 1, 1, 1, 1, 1], 'B': [1, 1, 0, 1, 1, 0, 1, 1, 1, 1], 'C': [1, 0, 0, 1, 1, 0, 0, 1, 0, 1], 'D': [0, 0, 1, 0, 1, 1, 1, 0, 0, 1], 'E': [0, 1, 1, 1, 1, 1, 0, 1, 0, 0], 'F': [1, 1, 1, 1, 1, 0, 1, 1, 1, 1]}, '橘园北侧南': {'A': [1, 0, 0, 1, 1, 0, 1, 0, 1, 1], 'B': [1, 1, 1, 1, 1, 1, 1, 1, 1, 1], 'C': [1, 1, 1, 1, 1, 1, 0, 1, 0, 0], 'D': [1, 1, 0, 1, 1, 1, 1, 1, 1, 1], 'E': [0, 1, 1, 1, 1, 1, 0, 1, 1, 1], 'F': [0, 0, 0, 1, 0, 1, 1, 1, 0, 0], 'G': [0, 1, 1, 1, 1, 1, 0, 0, 1, 1], 'H': [1, 1, 1, 1, 1, 1, 1, 1, 1, 1], 'I': [0, 0, 1, 0, 1, 1, 1, 1, 0, 1], 'J': [0, 1, 0, 0, 1, 1, 1, 1, 1, 0]}, '校医院西': {'A': [1, 1, 1, 1, 1, 1, 1, 1, 1, 1], 'B': [0, 1, 1, 1, 1, 1, 1, 1, 1, 1], 'C': [1, 1, 1, 1, 1, 1, 1, 1, 1, 1], 'D': [1, 1, 1, 1, 1, 1, 1, 1, 1, 1], 'E': [1, 0, 1, 1, 1, 1, 1, 0, 1, 1], 'F': [1, 1, 1, 1, 0, 1, 1, 1, 1, 1], 'G': [0, 1, 1, 0, 0, 1, 1, 1, 0, 0], 'H': [1, 0, 1, 1, 1, 1, 0, 1, 1, 0], 'I': [1, 1, 0, 0, 0, 1, 0, 1, 0, 0]}}
623648	2024-07-13 11:33:21.859000+08:00	2024-07-13 11:33:21.859000+08:00	{'东门北侧': {'A': [1, 1, 1, 1, 1, 1, 1, 1, 1, 1], 'B': [1, 1, 1, 1, 1, 1, 1, 1, 1, 1], 'C': [1, 1, 1, 1, 1, 1, 1, 1, 1, 1], 'D': [1, 0, 1, 1, 1, 0, 1, 1, 1, 1], 'E': [1, 1, 0, 1, 1, 1, 1, 1, 1, 1], 'F': [1, 1, 1, 1, 1, 1, 1, 1, 1, 1], 'G': [1, 1, 1, 1, 1, 1, 1, 1, 1, 1], 'H': [1, 1, 1, 1, 1, 1, 1, 1, 1, 0], 'I': [1, 1, 1, 1, 1, 1, 1, 1, 1, 1], 'J': [1, 1, 0, 0, 0, 1, 1, 1, 1, 1], 'K': [0, 0, 1, 0, 1, 1, 1, 1, 1, 1]}, '东门南侧': {'A': [1, 0, 1, 1, 1, 1, 1, 1, 0, 1], 'B': [0, 0, 0, 0, 0, 0, 0, 0, 0, 0]}, '西门北侧': {'A': [1, 1, 1, 1, 1, 1, 1, 1, 1, 1], 'B': [1, 1, 1, 1, 1, 1, 1, 1, 1, 0], 'C': [1, 1, 1, 1, 1, 0, 1, 1, 1, 0]}, '西门南侧': {'A': [1, 1, 1, 1, 1, 1, 0, 1, 1, 1], 'B': [1, 1, 1, 1, 1, 1, 1, 1, 1, 1], 'C': [1, 1, 1, 1, 1, 1, 1, 1, 1, 1]}, '南门西侧': {'A': [1, 1, 1, 1, 1, 1, 1, 1, 1, 1], 'B': [1, 1, 1, 0, 1, 1, 0, 1, 1, 1]}, '南门东侧': {'A': [1, 0, 1, 1, 1, 1, 1, 1, 0, 1], 'B': [0, 0, 1, 1, 1, 1, 0, 1, 1, 0]}, '北门东北侧': {'A': [1, 1, 1, 1, 1, 1, 1, 1, 1, 1], 'B': [0, 1, 1, 1, 1, 1, 0, 1, 1, 1], 'C': [0, 1, 1, 1, 1, 1, 0, 1, 1, 1], 'D': [1, 1, 1, 0, 1, 1, 1, 1, 1, 1]}, '北门东南侧': {'A': [1, 1, 1, 1, 1, 1, 1, 1, 1, 1], 'B': [1, 1, 0, 1, 1, 0, 1, 1, 1, 1], 'C': [1, 0, 0, 1, 1, 0, 0, 1, 0, 1], 'D': [0, 0, 1, 0, 1, 1, 1, 0, 0, 1], 'E': [0, 1, 1, 1, 1, 1, 0, 1, 0, 0], 'F': [1, 1, 1, 1, 1, 0, 1, 1, 1, 1]}, '橘园北侧南': {'A': [1, 0, 0, 1, 1, 0, 1, 0, 1, 1], 'B': [1, 1, 1, 1, 1, 1, 1, 1, 1, 1], 'C': [1, 1, 1, 1, 1, 1, 0, 1, 0, 0], 'D': [1, 1, 0, 1, 1, 1, 1, 0, 1, 1], 'E': [0, 1, 1, 1, 1, 1, 0, 1, 1, 1], 'F': [0, 0, 0, 1, 0, 1, 1, 1, 0, 0], 'G': [0, 1, 1, 1, 1, 1, 0, 0, 1, 1], 'H': [1, 1, 1, 1, 1, 1, 1, 1, 1, 1], 'I': [0, 0, 1, 0, 1, 1, 1, 1, 0, 1], 'J': [0, 1, 0, 0, 1, 1, 1, 1, 1, 0]}, '校医院西': {'A': [1, 1, 1, 1, 1, 1, 1, 1, 1, 1], 'B': [0, 1, 1, 1, 1, 1, 1, 1, 1, 1], 'C': [1, 1, 1, 1, 1, 1, 1, 1, 1, 1], 'D': [1, 1, 1, 1, 1, 1, 1, 1, 1, 1], 'E': [1, 0, 1, 1, 1, 1, 1, 0, 1, 1], 'F': [1, 1, 1, 1, 0, 1, 1, 1, 1, 1], 'G': [0, 1, 1, 0, 0, 1, 1, 1, 0, 0], 'H': [1, 0, 1, 1, 1, 1, 0, 1, 1, 0], 'I': [1, 1, 0, 0, 0, 1, 0, 1, 0, 0]}}
623649	2024-07-13 11:34:23.885000+08:00	2024-07-13 11:34:23.885000+08:00	{'东门北侧': {'A': [1, 1, 1, 1, 1, 1, 1, 1, 1, 1], 'B': [1, 1, 1, 1, 1, 1, 1, 1, 1, 1], 'C': [1, 1, 1, 1, 1, 1, 1, 1, 1, 1], 'D': [1, 0, 1, 1, 1, 0, 1, 1, 1, 1], 'E': [1, 1, 0, 1, 1, 1, 1, 1, 1, 1], 'F': [1, 1, 1, 1, 1, 1, 1, 1, 1, 1], 'G': [1, 1, 1, 1, 1, 1, 1, 1, 1, 1], 'H': [1, 1, 1, 1, 1, 1, 1, 1, 1, 0], 'I': [0, 1, 1, 1, 1, 1, 1, 1, 1, 1], 'J': [1, 1, 0, 0, 0, 1, 1, 1, 1, 1], 'K': [0, 0, 1, 0, 1, 1, 1, 1, 1, 1]}, '东门南侧': {'A': [1, 0, 1, 1, 1, 1, 1, 1, 0, 1], 'B': [0, 0, 0, 0, 0, 0, 0, 0, 0, 0]}, '西门北侧': {'A': [1, 1, 1, 1, 1, 1, 1, 1, 1, 1], 'B': [1, 1, 1, 1, 1, 1, 1, 1, 1, 0], 'C': [1, 1, 1, 1, 1, 0, 1, 1, 1, 0]}, '西门南侧': {'A': [1, 1, 1, 1, 1, 1, 0, 1, 1, 1], 'B': [1, 1, 1, 1, 1, 1, 1, 1, 1, 1], 'C': [1, 1, 1, 1, 1, 1, 1, 1, 1, 1]}, '南门西侧': {'A': [1, 1, 1, 1, 1, 1, 1, 1, 1, 1], 'B': [1, 1, 1, 0, 1, 1, 0, 1, 1, 1]}, '南门东侧': {'A': [1, 0, 1, 1, 1, 1, 1, 1, 0, 1], 'B': [0, 0, 1, 1, 1, 1, 0, 1, 1, 0]}, '北门东北侧': {'A': [1, 1, 1, 1, 1, 1, 1, 1, 1, 1], 'B': [0, 1, 1, 1, 1, 1, 0, 1, 1, 1], 'C': [0, 1, 1, 1, 1, 1, 0, 1, 1, 1], 'D': [1, 1, 1, 0, 1, 1, 1, 1, 1, 1]}, '北门东南侧': {'A': [1, 1, 1, 1, 1, 1, 1, 1, 1, 1], 'B': [1, 1, 0, 1, 1, 0, 1, 1, 1, 1], 'C': [1, 0, 0, 1, 1, 0, 0, 1, 0, 1], 'D': [0, 0, 1, 0, 1, 1, 1, 0, 0, 1], 'E': [0, 1, 1, 1, 1, 1, 0, 1, 0, 0], 'F': [1, 1, 1, 1, 1, 0, 1, 1, 1, 1]}, '橘园北侧南': {'A': [1, 0, 0, 1, 1, 0, 1, 0, 1, 1], 'B': [1, 1, 1, 1, 1, 1, 1, 0, 1, 1], 'C': [1, 1, 1, 1, 1, 1, 0, 1, 0, 0], 'D': [1, 1, 0, 1, 1, 1, 1, 0, 1, 1], 'E': [0, 1, 1, 1, 1, 1, 0, 1, 1, 1], 'F': [0, 0, 0, 1, 0, 1, 1, 1, 0, 0], 'G': [0, 1, 1, 1, 1, 1, 0, 0, 1, 1], 'H': [1, 1, 1, 1, 1, 1, 1, 1, 1, 1], 'I': [0, 0, 1, 0, 1, 1, 1, 1, 0, 1], 'J': [0, 1, 0, 0, 1, 1, 1, 1, 1, 0]}, '校医院西': {'A': [1, 1, 1, 1, 1, 1, 1, 1, 1, 1], 'B': [0, 1, 1, 1, 1, 1, 1, 1, 1, 1], 'C': [1, 1, 1, 1, 1, 1, 1, 1, 1, 1], 'D': [1, 1, 1, 1, 1, 1, 1, 1, 1, 1], 'E': [1, 0, 1, 1, 1, 1, 1, 0, 1, 1], 'F': [1, 1, 1, 1, 0, 1, 1, 1, 1, 1], 'G': [0, 1, 1, 0, 0, 1, 1, 1, 0, 0], 'H': [1, 0, 1, 1, 1, 1, 0, 1, 1, 0], 'I': [1, 1, 0, 0, 0, 1, 0, 1, 0, 0]}}
623650	2024-07-13 11:35:21.860000+08:00	2024-07-13 11:35:21.860000+08:00	{'东门北侧': {'A': [1, 1, 1, 1, 1, 1, 1, 1, 1, 1], 'B': [1, 1, 1, 1, 1, 1, 1, 1, 1, 1], 'C': [1, 1, 1, 1, 1, 1, 1, 1, 1, 1], 'D': [1, 0, 1, 1, 1, 0, 1, 1, 1, 1], 'E': [1, 1, 0, 1, 1, 1, 1, 1, 1, 1], 'F': [1, 1, 1, 1, 1, 1, 1, 1, 1, 1], 'G': [1, 1, 1, 1, 1, 1, 1, 1, 1, 1], 'H': [1, 1, 1, 1, 1, 1, 1, 1, 1, 0], 'I': [1, 1, 1, 1, 1, 1, 0, 1, 1, 1], 'J': [1, 1, 0, 0, 0, 1, 1, 1, 1, 1], 'K': [0, 0, 1, 0, 1, 1, 1, 1, 1, 1]}, '东门南侧': {'A': [1, 0, 1, 1, 1, 1, 1, 1, 0, 1], 'B': [0, 0, 0, 0, 0, 0, 0, 0, 0, 0]}, '西门北侧': {'A': [1, 1, 1, 1, 1, 1, 1, 1, 1, 1], 'B': [1, 1, 1, 1, 1, 1, 1, 1, 1, 0], 'C': [1, 1, 1, 1, 1, 0, 1, 1, 1, 0]}, '西门南侧': {'A': [1, 1, 1, 1, 1, 1, 0, 1, 1, 1], 'B': [1, 1, 1, 1, 1, 1, 1, 1, 1, 1], 'C': [1, 1, 1, 1, 1, 1, 1, 1, 1, 1]}, '南门西侧': {'A': [1, 1, 1, 1, 1, 1, 1, 1, 1, 1], 'B': [1, 1, 1, 0, 1, 1, 0, 1, 1, 1]}, '南门东侧': {'A': [1, 0, 1, 1, 1, 1, 1, 1, 0, 1], 'B': [0, 0, 1, 1, 1, 1, 0, 1, 1, 0]}, '北门东北侧': {'A': [1, 1, 1, 1, 1, 1, 1, 1, 1, 1], 'B': [0, 1, 1, 1, 1, 1, 0, 1, 1, 1], 'C': [0, 1, 1, 1, 1, 1, 0, 1, 1, 1], 'D': [1, 1, 1, 0, 1, 1, 1, 1, 1, 1]}, '北门东南侧': {'A': [1, 1, 1, 1, 1, 1, 1, 1, 1, 0], 'B': [1, 1, 0, 1, 1, 0, 1, 1, 1, 1], 'C': [1, 0, 0, 1, 1, 0, 0, 1, 0, 1], 'D': [0, 0, 1, 0, 1, 1, 1, 0, 0, 1], 'E': [0, 1, 1, 1, 1, 1, 0, 1, 0, 0], 'F': [1, 1, 1, 1, 1, 0, 1, 1, 1, 1]}, '橘园北侧南': {'A': [1, 0, 0, 1, 1, 0, 1, 0, 1, 1], 'B': [1, 1, 1, 1, 1, 1, 1, 0, 1, 1], 'C': [1, 1, 1, 1, 1, 1, 0, 1, 0, 0], 'D': [1, 1, 0, 1, 1, 1, 1, 0, 1, 1], 'E': [0, 1, 1, 1, 1, 1, 0, 1, 1, 1], 'F': [0, 0, 0, 1, 0, 1, 1, 1, 0, 0], 'G': [0, 1, 1, 1, 1, 1, 0, 0, 1, 1], 'H': [1, 1, 1, 1, 1, 1, 1, 1, 1, 1], 'I': [0, 0, 1, 0, 1, 1, 1, 1, 0, 1], 'J': [0, 1, 0, 0, 1, 1, 1, 1, 1, 0]}, '校医院西': {'A': [1, 1, 1, 1, 1, 1, 1, 1, 1, 1], 'B': [0, 1, 1, 1, 1, 1, 1, 1, 1, 1], 'C': [1, 1, 1, 1, 1, 1, 1, 1, 1, 1], 'D': [1, 1, 1, 1, 1, 1, 1, 1, 1, 1], 'E': [1, 0, 1, 1, 1, 1, 1, 0, 1, 1], 'F': [1, 1, 1, 1, 0, 1, 1, 1, 1, 1], 'G': [0, 1, 1, 0, 0, 1, 1, 1, 0, 0], 'H': [1, 0, 1, 1, 1, 1, 0, 1, 1, 0], 'I': [1, 1, 0, 0, 0, 1, 0, 1, 0, 0]}}
623651	2024-07-13 11:36:23.905000+08:00	2024-07-13 11:36:23.905000+08:00	{'东门北侧': {'A': [1, 1, 1, 1, 1, 1, 1, 1, 1, 1], 'B': [1, 1, 1, 1, 1, 1, 1, 1, 1, 1], 'C': [1, 1, 1, 1, 1, 1, 1, 1, 1, 1], 'D': [1, 0, 1, 1, 1, 0, 1, 1, 1, 1], 'E': [1, 1, 0, 1, 1, 1, 1, 1, 1, 1], 'F': [1, 1, 1, 1, 1, 1, 1, 1, 1, 1], 'G': [1, 1, 1, 1, 1, 1, 1, 1, 1, 1], 'H': [1, 1, 1, 1, 1, 1, 1, 1, 1, 0], 'I': [1, 1, 1, 1, 1, 1, 0, 1, 1, 1], 'J': [1, 1, 0, 0, 0, 1, 1, 1, 1, 1], 'K': [0, 0, 1, 0, 1, 1, 1, 1, 1, 1]}, '东门南侧': {'A': [1, 0, 1, 1, 1, 1, 1, 1, 0, 1], 'B': [0, 0, 0, 0, 0, 0, 0, 0, 0, 0]}, '西门北侧': {'A': [1, 1, 1, 1, 1, 1, 1, 1, 1, 1], 'B': [1, 1, 1, 1, 1, 1, 1, 1, 1, 0], 'C': [1, 1, 1, 1, 1, 0, 1, 1, 1, 0]}, '西门南侧': {'A': [1, 1, 1, 1, 1, 1, 0, 1, 1, 1], 'B': [1, 1, 1, 1, 1, 1, 1, 1, 1, 1], 'C': [1, 1, 1, 1, 1, 1, 1, 1, 1, 1]}, '南门西侧': {'A': [1, 1, 1, 1, 1, 1, 1, 1, 1, 1], 'B': [1, 1, 1, 0, 1, 1, 0, 1, 1, 1]}, '南门东侧': {'A': [1, 0, 1, 1, 1, 1, 1, 1, 0, 1], 'B': [0, 0, 1, 1, 1, 1, 0, 1, 1, 0]}, '北门东北侧': {'A': [1, 1, 1, 1, 1, 1, 1, 1, 1, 1], 'B': [0, 1, 1, 1, 1, 1, 0, 1, 1, 1], 'C': [0, 1, 1, 1, 1, 1, 0, 1, 1, 1], 'D': [1, 1, 1, 0, 1, 1, 1, 1, 1, 1]}, '北门东南侧': {'A': [1, 1, 1, 1, 1, 1, 1, 1, 1, 0], 'B': [1, 1, 0, 1, 1, 0, 1, 1, 1, 1], 'C': [1, 0, 0, 1, 1, 0, 0, 1, 0, 1], 'D': [0, 0, 1, 0, 1, 1, 1, 0, 0, 1], 'E': [0, 1, 1, 1, 1, 1, 0, 1, 0, 0], 'F': [1, 1, 1, 1, 1, 0, 1, 1, 1, 1]}, '橘园北侧南': {'A': [1, 0, 0, 1, 1, 0, 1, 0, 1, 1], 'B': [1, 1, 1, 1, 1, 1, 1, 0, 1, 1], 'C': [1, 1, 1, 1, 1, 1, 0, 1, 0, 0], 'D': [1, 1, 0, 1, 1, 1, 1, 0, 1, 1], 'E': [0, 1, 1, 1, 1, 1, 0, 1, 1, 1], 'F': [0, 0, 0, 1, 0, 1, 1, 1, 0, 0], 'G': [0, 1, 1, 1, 1, 1, 0, 0, 1, 1], 'H': [1, 1, 1, 1, 1, 1, 1, 1, 1, 1], 'I': [0, 0, 1, 0, 1, 1, 1, 1, 0, 1], 'J': [0, 1, 0, 0, 1, 1, 1, 1, 1, 0]}, '校医院西': {'A': [1, 1, 1, 1, 1, 1, 1, 1, 1, 1], 'B': [0, 1, 1, 1, 1, 1, 1, 1, 1, 1], 'C': [1, 1, 1, 1, 1, 1, 1, 1, 1, 1], 'D': [1, 1, 1, 1, 1, 1, 1, 1, 1, 1], 'E': [1, 0, 1, 1, 1, 1, 1, 0, 1, 1], 'F': [1, 1, 1, 1, 0, 1, 1, 1, 1, 1], 'G': [0, 1, 1, 0, 0, 1, 1, 1, 0, 0], 'H': [1, 0, 1, 1, 0, 1, 0, 1, 1, 0], 'I': [1, 1, 0, 0, 0, 1, 0, 1, 0, 0]}}
623652	2024-07-13 11:37:23.864000+08:00	2024-07-13 11:37:23.864000+08:00	{'东门北侧': {'A': [1, 1, 1, 1, 1, 1, 1, 1, 1, 1], 'B': [1, 1, 1, 1, 1, 1, 1, 1, 1, 1], 'C': [1, 1, 1, 1, 1, 1, 1, 1, 1, 1], 'D': [1, 0, 1, 1, 1, 0, 1, 1, 1, 1], 'E': [1, 1, 0, 1, 1, 1, 1, 1, 1, 1], 'F': [1, 1, 1, 1, 1, 1, 1, 1, 1, 1], 'G': [1, 1, 1, 1, 1, 1, 1, 1, 1, 1], 'H': [1, 1, 1, 1, 1, 1, 1, 1, 1, 0], 'I': [1, 1, 1, 1, 1, 1, 0, 1, 1, 1], 'J': [1, 1, 0, 0, 0, 1, 1, 1, 1, 1], 'K': [0, 0, 1, 0, 1, 1, 1, 1, 1, 1]}, '东门南侧': {'A': [1, 0, 1, 1, 1, 1, 1, 1, 0, 1], 'B': [0, 0, 0, 0, 0, 0, 0, 0, 0, 0]}, '西门北侧': {'A': [1, 1, 1, 1, 1, 1, 1, 1, 1, 1], 'B': [1, 1, 1, 1, 1, 1, 1, 1, 1, 0], 'C': [1, 1, 1, 1, 1, 0, 1, 1, 1, 0]}, '西门南侧': {'A': [1, 1, 1, 1, 1, 1, 0, 1, 1, 1], 'B': [1, 1, 1, 1, 1, 1, 1, 1, 1, 1], 'C': [1, 1, 1, 1, 1, 1, 1, 1, 1, 1]}, '南门西侧': {'A': [1, 1, 1, 1, 1, 1, 1, 1, 1, 1], 'B': [1, 1, 1, 0, 1, 1, 0, 1, 1, 1]}, '南门东侧': {'A': [1, 0, 1, 1, 1, 1, 1, 1, 0, 1], 'B': [0, 0, 1, 1, 1, 1, 0, 1, 1, 0]}, '北门东北侧': {'A': [1, 1, 1, 1, 1, 1, 1, 1, 1, 1], 'B': [0, 1, 1, 1, 1, 1, 0, 1, 1, 1], 'C': [0, 1, 1, 1, 1, 1, 0, 1, 1, 1], 'D': [1, 1, 1, 0, 1, 1, 1, 1, 1, 1]}, '北门东南侧': {'A': [1, 1, 1, 1, 1, 1, 1, 1, 1, 0], 'B': [1, 1, 0, 1, 1, 0, 1, 1, 1, 1], 'C': [1, 0, 0, 1, 1, 0, 0, 1, 1, 1], 'D': [0, 0, 1, 0, 1, 1, 1, 0, 0, 1], 'E': [0, 1, 1, 1, 1, 1, 0, 1, 0, 0], 'F': [1, 1, 1, 1, 1, 0, 1, 1, 1, 1]}, '橘园北侧南': {'A': [1, 0, 0, 1, 1, 0, 1, 0, 1, 1], 'B': [1, 1, 1, 1, 1, 1, 1, 0, 1, 1], 'C': [1, 1, 1, 1, 1, 1, 0, 1, 0, 0], 'D': [1, 1, 0, 1, 1, 1, 1, 0, 1, 1], 'E': [0, 1, 1, 1, 1, 1, 0, 1, 1, 1], 'F': [0, 0, 0, 1, 0, 1, 1, 1, 0, 0], 'G': [0, 1, 1, 1, 1, 1, 0, 0, 1, 1], 'H': [1, 1, 1, 1, 1, 1, 1, 1, 1, 1], 'I': [0, 0, 1, 0, 1, 1, 1, 1, 0, 1], 'J': [0, 1, 0, 0, 1, 1, 1, 1, 1, 0]}, '校医院西': {'A': [1, 1, 1, 1, 1, 1, 1, 1, 1, 1], 'B': [0, 1, 1, 1, 1, 1, 1, 1, 1, 1], 'C': [1, 1, 1, 1, 1, 1, 1, 1, 1, 1], 'D': [1, 1, 1, 1, 1, 1, 1, 1, 1, 1], 'E': [1, 0, 1, 1, 1, 1, 1, 0, 1, 1], 'F': [1, 1, 1, 1, 0, 1, 1, 1, 1, 1], 'G': [0, 1, 1, 0, 0, 1, 1, 1, 0, 0], 'H': [1, 0, 1, 1, 0, 1, 0, 1, 1, 0], 'I': [1, 1, 0, 0, 0, 1, 0, 1, 0, 0]}}
623653	2024-07-13 11:38:20.858000+08:00	2024-07-13 11:38:20.858000+08:00	{'东门北侧': {'A': [1, 1, 1, 1, 1, 1, 1, 1, 1, 1], 'B': [1, 1, 1, 1, 1, 1, 1, 1, 1, 1], 'C': [1, 1, 1, 1, 1, 1, 1, 1, 1, 1], 'D': [1, 0, 1, 1, 1, 0, 1, 1, 1, 1], 'E': [1, 1, 0, 1, 1, 1, 1, 1, 1, 1], 'F': [1, 1, 1, 1, 1, 1, 1, 1, 1, 1], 'G': [1, 1, 1, 1, 1, 1, 1, 1, 1, 1], 'H': [1, 1, 1, 1, 1, 1, 1, 1, 1, 0], 'I': [1, 1, 1, 1, 1, 1, 0, 1, 1, 1], 'J': [1, 1, 0, 0, 0, 1, 1, 1, 1, 1], 'K': [0, 0, 1, 0, 1, 1, 1, 1, 1, 1]}, '东门南侧': {'A': [1, 0, 1, 1, 1, 1, 1, 1, 0, 1], 'B': [0, 0, 0, 0, 0, 0, 0, 0, 0, 0]}, '西门北侧': {'A': [1, 1, 1, 1, 1, 1, 1, 1, 1, 1], 'B': [1, 1, 1, 1, 1, 1, 1, 1, 1, 0], 'C': [1, 1, 1, 1, 1, 0, 1, 1, 1, 0]}, '西门南侧': {'A': [1, 1, 1, 1, 1, 1, 0, 1, 1, 1], 'B': [1, 1, 1, 1, 1, 1, 1, 1, 1, 1], 'C': [1, 1, 1, 1, 1, 1, 1, 1, 1, 1]}, '南门西侧': {'A': [1, 1, 1, 1, 1, 1, 1, 1, 1, 1], 'B': [1, 1, 1, 0, 1, 1, 0, 1, 1, 1]}, '南门东侧': {'A': [1, 0, 1, 1, 1, 1, 1, 1, 0, 1], 'B': [0, 0, 1, 1, 1, 1, 0, 1, 1, 0]}, '北门东北侧': {'A': [1, 1, 1, 1, 1, 1, 1, 1, 1, 1], 'B': [0, 1, 1, 1, 1, 1, 0, 1, 1, 1], 'C': [0, 1, 1, 1, 1, 1, 0, 1, 1, 1], 'D': [1, 1, 1, 0, 1, 1, 1, 1, 1, 1]}, '北门东南侧': {'A': [1, 1, 1, 1, 1, 1, 1, 1, 1, 0], 'B': [1, 1, 0, 1, 1, 0, 1, 1, 1, 1], 'C': [1, 0, 0, 1, 1, 0, 0, 1, 1, 1], 'D': [0, 0, 1, 0, 1, 1, 1, 0, 0, 1], 'E': [0, 1, 1, 1, 1, 1, 0, 1, 0, 0], 'F': [1, 1, 1, 1, 1, 0, 1, 1, 1, 1]}, '橘园北侧南': {'A': [1, 0, 0, 1, 1, 0, 1, 0, 1, 1], 'B': [1, 1, 1, 1, 1, 1, 1, 0, 1, 1], 'C': [1, 1, 1, 1, 1, 1, 0, 1, 0, 0], 'D': [1, 1, 0, 1, 1, 1, 1, 0, 1, 1], 'E': [0, 1, 1, 1, 1, 1, 0, 1, 1, 1], 'F': [0, 0, 0, 1, 0, 1, 1, 1, 0, 0], 'G': [0, 1, 1, 1, 1, 1, 0, 0, 1, 1], 'H': [1, 1, 1, 1, 1, 1, 1, 1, 1, 1], 'I': [0, 0, 1, 0, 1, 1, 1, 1, 0, 1], 'J': [0, 1, 0, 0, 1, 1, 1, 1, 1, 0]}, '校医院西': {'A': [1, 1, 1, 1, 1, 1, 1, 1, 1, 1], 'B': [0, 1, 1, 1, 1, 1, 1, 1, 1, 1], 'C': [1, 1, 1, 1, 1, 1, 1, 1, 1, 1], 'D': [1, 1, 1, 1, 1, 1, 1, 1, 1, 1], 'E': [1, 0, 1, 1, 1, 1, 1, 0, 1, 1], 'F': [1, 1, 1, 1, 0, 1, 1, 1, 1, 1], 'G': [0, 1, 1, 0, 0, 1, 1, 1, 0, 0], 'H': [1, 0, 1, 1, 0, 1, 0, 1, 1, 0], 'I': [1, 1, 0, 0, 0, 1, 0, 1, 0, 0]}}
623654	2024-07-13 11:39:21.861000+08:00	2024-07-13 11:39:21.861000+08:00	{'东门北侧': {'A': [1, 1, 1, 1, 1, 1, 1, 1, 1, 1], 'B': [1, 1, 1, 1, 1, 1, 1, 1, 1, 1], 'C': [1, 1, 1, 1, 1, 1, 1, 1, 1, 1], 'D': [1, 0, 1, 1, 1, 0, 1, 1, 1, 1], 'E': [1, 1, 0, 1, 1, 1, 1, 1, 1, 1], 'F': [1, 1, 1, 1, 1, 1, 1, 1, 1, 1], 'G': [1, 1, 1, 1, 1, 1, 1, 1, 1, 1], 'H': [1, 1, 1, 1, 1, 1, 1, 1, 1, 0], 'I': [1, 1, 1, 1, 1, 1, 0, 1, 1, 1], 'J': [1, 1, 0, 0, 0, 1, 1, 1, 1, 1], 'K': [0, 0, 1, 0, 1, 1, 1, 1, 1, 1]}, '东门南侧': {'A': [1, 0, 1, 1, 1, 1, 1, 1, 0, 1], 'B': [0, 0, 0, 0, 0, 0, 0, 0, 0, 0]}, '西门北侧': {'A': [1, 1, 1, 1, 1, 1, 1, 1, 1, 1], 'B': [1, 1, 1, 1, 1, 1, 1, 1, 1, 0], 'C': [1, 1, 1, 1, 1, 0, 1, 1, 1, 0]}, '西门南侧': {'A': [1, 1, 1, 1, 1, 1, 0, 1, 1, 1], 'B': [1, 1, 1, 1, 1, 1, 1, 1, 1, 1], 'C': [1, 1, 1, 1, 1, 1, 1, 1, 1, 1]}, '南门西侧': {'A': [1, 1, 1, 1, 1, 1, 1, 1, 1, 1], 'B': [1, 1, 1, 0, 1, 1, 0, 1, 1, 1]}, '南门东侧': {'A': [1, 0, 1, 1, 1, 1, 1, 1, 0, 1], 'B': [0, 0, 1, 1, 1, 1, 0, 1, 1, 0]}, '北门东北侧': {'A': [1, 1, 1, 1, 1, 1, 1, 1, 1, 1], 'B': [0, 1, 1, 1, 1, 1, 0, 1, 1, 1], 'C': [0, 1, 1, 1, 1, 1, 0, 1, 1, 1], 'D': [1, 1, 1, 0, 1, 1, 1, 1, 1, 1]}, '北门东南侧': {'A': [1, 1, 1, 1, 1, 1, 1, 1, 1, 0], 'B': [1, 1, 0, 1, 1, 0, 1, 1, 1, 1], 'C': [1, 0, 0, 1, 1, 0, 0, 1, 1, 1], 'D': [0, 0, 1, 0, 1, 1, 1, 0, 0, 1], 'E': [0, 1, 1, 1, 1, 1, 0, 1, 0, 0], 'F': [1, 1, 1, 1, 1, 0, 1, 1, 1, 1]}, '橘园北侧南': {'A': [1, 0, 0, 1, 1, 0, 1, 0, 1, 1], 'B': [1, 1, 1, 1, 1, 1, 1, 0, 1, 1], 'C': [1, 1, 1, 1, 1, 1, 0, 1, 0, 0], 'D': [1, 1, 0, 1, 1, 1, 1, 0, 1, 1], 'E': [0, 1, 1, 1, 1, 1, 0, 1, 1, 1], 'F': [0, 0, 0, 1, 0, 1, 1, 1, 0, 0], 'G': [0, 1, 1, 1, 1, 1, 0, 0, 1, 1], 'H': [1, 1, 1, 1, 1, 1, 1, 1, 1, 1], 'I': [0, 0, 1, 0, 1, 1, 1, 1, 0, 1], 'J': [0, 1, 0, 0, 1, 1, 1, 1, 1, 0]}, '校医院西': {'A': [1, 1, 1, 1, 1, 1, 1, 1, 1, 1], 'B': [0, 1, 1, 1, 1, 1, 1, 1, 1, 1], 'C': [1, 1, 1, 1, 1, 1, 1, 1, 1, 1], 'D': [1, 1, 1, 1, 1, 1, 1, 1, 1, 1], 'E': [1, 0, 1, 1, 1, 1, 1, 0, 1, 1], 'F': [1, 1, 1, 1, 0, 1, 1, 1, 1, 1], 'G': [0, 1, 1, 0, 0, 1, 1, 1, 0, 0], 'H': [1, 0, 1, 1, 0, 1, 0, 1, 1, 0], 'I': [1, 1, 0, 0, 0, 1, 0, 1, 0, 0]}}
623655	2024-07-13 11:40:24.299000+08:00	2024-07-13 11:40:24.299000+08:00	{'东门北侧': {'A': [1, 1, 1, 1, 1, 1, 1, 1, 1, 1], 'B': [1, 1, 1, 1, 1, 1, 1, 1, 1, 1], 'C': [1, 1, 1, 1, 1, 1, 1, 1, 1, 1], 'D': [1, 0, 1, 1, 1, 0, 1, 1, 1, 1], 'E': [1, 1, 0, 1, 1, 1, 1, 1, 1, 1], 'F': [1, 1, 1, 1, 1, 1, 1, 1, 1, 1], 'G': [1, 1, 1, 1, 1, 1, 1, 1, 1, 1], 'H': [1, 1, 1, 1, 1, 1, 1, 1, 1, 0], 'I': [1, 1, 1, 1, 1, 1, 0, 1, 1, 1], 'J': [1, 1, 0, 0, 0, 1, 1, 1, 1, 1], 'K': [0, 0, 1, 0, 1, 1, 1, 1, 1, 1]}, '东门南侧': {'A': [1, 0, 1, 1, 1, 1, 1, 1, 0, 1], 'B': [0, 0, 0, 0, 0, 0, 0, 0, 0, 0]}, '西门北侧': {'A': [1, 1, 1, 1, 1, 1, 1, 1, 1, 1], 'B': [1, 1, 1, 1, 1, 1, 1, 1, 1, 0], 'C': [1, 1, 1, 1, 1, 0, 1, 1, 1, 0]}, '西门南侧': {'A': [1, 1, 1, 1, 1, 1, 0, 1, 1, 1], 'B': [1, 1, 1, 1, 1, 1, 1, 1, 1, 1], 'C': [1, 1, 1, 1, 1, 1, 1, 1, 1, 1]}, '南门西侧': {'A': [1, 1, 1, 1, 1, 1, 1, 1, 1, 1], 'B': [1, 1, 1, 0, 1, 1, 0, 1, 1, 1]}, '南门东侧': {'A': [1, 0, 1, 1, 1, 1, 1, 1, 0, 1], 'B': [0, 0, 1, 1, 1, 1, 0, 1, 1, 0]}, '北门东北侧': {'A': [1, 1, 1, 1, 1, 1, 1, 1, 1, 1], 'B': [0, 1, 1, 1, 1, 1, 0, 1, 1, 1], 'C': [0, 1, 1, 1, 1, 1, 0, 1, 1, 1], 'D': [1, 1, 1, 0, 1, 1, 1, 1, 1, 1]}, '北门东南侧': {'A': [1, 1, 1, 1, 1, 1, 1, 1, 1, 0], 'B': [1, 1, 0, 1, 1, 0, 1, 1, 1, 1], 'C': [1, 0, 0, 1, 1, 0, 0, 1, 1, 1], 'D': [0, 0, 1, 0, 1, 1, 1, 0, 0, 1], 'E': [0, 1, 1, 1, 1, 1, 0, 1, 0, 0], 'F': [1, 1, 1, 1, 1, 0, 1, 1, 1, 1]}, '橘园北侧南': {'A': [1, 0, 0, 1, 1, 0, 1, 0, 1, 1], 'B': [1, 1, 1, 1, 1, 1, 1, 0, 1, 1], 'C': [1, 1, 1, 1, 1, 1, 0, 1, 0, 0], 'D': [1, 1, 0, 1, 1, 1, 1, 0, 1, 1], 'E': [0, 1, 1, 1, 1, 1, 0, 1, 1, 1], 'F': [0, 0, 0, 1, 0, 1, 1, 1, 0, 0], 'G': [0, 1, 1, 1, 1, 1, 0, 0, 1, 1], 'H': [1, 1, 1, 1, 1, 1, 1, 1, 1, 1], 'I': [0, 0, 1, 0, 1, 1, 1, 1, 0, 1], 'J': [0, 1, 0, 0, 1, 1, 1, 1, 1, 0]}, '校医院西': {'A': [1, 1, 1, 1, 1, 1, 1, 1, 1, 1], 'B': [0, 1, 1, 1, 1, 1, 1, 1, 1, 1], 'C': [1, 1, 1, 1, 1, 1, 1, 1, 1, 1], 'D': [1, 1, 1, 1, 1, 1, 1, 1, 1, 1], 'E': [1, 0, 1, 1, 1, 1, 1, 0, 1, 1], 'F': [1, 1, 1, 1, 0, 1, 1, 1, 1, 1], 'G': [0, 1, 1, 0, 0, 1, 1, 1, 0, 0], 'H': [1, 0, 1, 1, 0, 1, 0, 1, 1, 0], 'I': [1, 1, 0, 0, 0, 1, 0, 1, 0, 0]}}
623656	2024-07-13 11:41:23.932000+08:00	2024-07-13 11:41:23.932000+08:00	{'东门北侧': {'A': [1, 1, 1, 1, 1, 1, 1, 1, 1, 1], 'B': [1, 1, 1, 1, 1, 1, 1, 1, 1, 1], 'C': [1, 1, 1, 1, 1, 1, 1, 1, 1, 1], 'D': [1, 0, 1, 1, 1, 0, 1, 1, 1, 1], 'E': [1, 1, 0, 1, 1, 1, 1, 1, 1, 1], 'F': [1, 1, 1, 1, 1, 1, 1, 1, 1, 1], 'G': [1, 1, 1, 1, 1, 1, 1, 1, 1, 1], 'H': [1, 1, 1, 1, 1, 1, 1, 1, 1, 0], 'I': [1, 1, 1, 1, 1, 1, 0, 1, 1, 1], 'J': [1, 1, 0, 0, 0, 1, 1, 1, 1, 1], 'K': [0, 0, 1, 0, 1, 1, 1, 1, 1, 1]}, '东门南侧': {'A': [1, 0, 1, 1, 1, 1, 1, 1, 0, 1], 'B': [0, 0, 0, 0, 0, 0, 0, 0, 0, 0]}, '西门北侧': {'A': [1, 1, 1, 1, 1, 1, 1, 1, 1, 1], 'B': [1, 1, 1, 1, 1, 1, 1, 1, 1, 0], 'C': [1, 1, 1, 1, 1, 0, 1, 1, 1, 0]}, '西门南侧': {'A': [1, 1, 1, 1, 1, 1, 0, 1, 1, 1], 'B': [1, 1, 1, 1, 1, 1, 1, 1, 1, 1], 'C': [1, 1, 1, 1, 1, 1, 1, 1, 1, 1]}, '南门西侧': {'A': [1, 1, 1, 1, 1, 1, 1, 1, 1, 1], 'B': [1, 1, 1, 0, 1, 1, 0, 1, 1, 1]}, '南门东侧': {'A': [1, 0, 1, 1, 1, 1, 1, 1, 0, 1], 'B': [0, 0, 1, 1, 1, 1, 0, 1, 1, 0]}, '北门东北侧': {'A': [1, 1, 1, 1, 1, 1, 1, 1, 1, 1], 'B': [0, 1, 1, 1, 1, 1, 0, 1, 1, 1], 'C': [0, 1, 1, 1, 1, 1, 0, 1, 1, 1], 'D': [1, 1, 1, 0, 1, 1, 1, 1, 1, 1]}, '北门东南侧': {'A': [1, 1, 1, 1, 1, 1, 1, 1, 1, 0], 'B': [1, 1, 0, 1, 1, 0, 1, 1, 1, 1], 'C': [1, 0, 0, 1, 1, 0, 0, 1, 1, 1], 'D': [0, 0, 1, 0, 1, 1, 1, 0, 0, 1], 'E': [0, 1, 1, 1, 1, 1, 0, 1, 0, 0], 'F': [1, 1, 1, 1, 1, 0, 1, 1, 1, 1]}, '橘园北侧南': {'A': [1, 0, 0, 1, 1, 0, 1, 0, 1, 1], 'B': [1, 1, 1, 1, 1, 1, 1, 0, 1, 1], 'C': [1, 1, 1, 1, 1, 1, 0, 1, 0, 0], 'D': [1, 1, 0, 1, 1, 1, 1, 0, 1, 1], 'E': [0, 1, 1, 1, 1, 1, 0, 1, 1, 1], 'F': [0, 0, 0, 1, 0, 1, 1, 1, 0, 0], 'G': [0, 1, 1, 1, 1, 1, 0, 0, 1, 1], 'H': [1, 1, 1, 1, 1, 1, 1, 1, 1, 1], 'I': [0, 0, 1, 0, 1, 1, 1, 1, 0, 1], 'J': [0, 1, 0, 0, 1, 1, 1, 1, 1, 0]}, '校医院西': {'A': [1, 1, 1, 1, 1, 1, 1, 1, 1, 1], 'B': [0, 1, 1, 1, 1, 1, 1, 1, 1, 1], 'C': [1, 1, 1, 1, 1, 1, 1, 1, 1, 1], 'D': [1, 1, 1, 1, 1, 1, 1, 1, 1, 1], 'E': [1, 0, 1, 1, 1, 1, 1, 0, 1, 1], 'F': [1, 1, 1, 1, 0, 1, 1, 1, 1, 1], 'G': [0, 1, 1, 0, 0, 1, 1, 1, 0, 0], 'H': [1, 0, 1, 1, 0, 1, 0, 1, 1, 0], 'I': [1, 1, 0, 0, 0, 1, 0, 1, 0, 0]}}
623657	2024-07-13 11:42:22.860000+08:00	2024-07-13 11:42:22.860000+08:00	{'东门北侧': {'A': [1, 1, 1, 1, 1, 1, 1, 1, 1, 1], 'B': [1, 1, 1, 1, 1, 1, 1, 1, 1, 1], 'C': [1, 1, 1, 1, 1, 1, 1, 1, 1, 1], 'D': [1, 0, 1, 1, 1, 0, 1, 1, 1, 1], 'E': [1, 1, 0, 1, 1, 1, 1, 1, 1, 1], 'F': [1, 1, 1, 1, 1, 1, 1, 1, 1, 1], 'G': [1, 1, 1, 1, 1, 1, 1, 1, 1, 1], 'H': [1, 1, 1, 1, 1, 1, 1, 1, 1, 0], 'I': [1, 1, 1, 1, 1, 1, 0, 1, 1, 1], 'J': [1, 1, 0, 0, 0, 1, 1, 1, 1, 1], 'K': [0, 0, 1, 0, 1, 1, 1, 1, 1, 1]}, '东门南侧': {'A': [1, 0, 1, 1, 1, 1, 1, 1, 0, 1], 'B': [0, 0, 0, 0, 0, 0, 0, 0, 0, 0]}, '西门北侧': {'A': [1, 1, 1, 1, 1, 1, 1, 1, 1, 1], 'B': [1, 1, 1, 1, 1, 1, 1, 1, 1, 0], 'C': [1, 1, 1, 1, 1, 0, 1, 1, 1, 0]}, '西门南侧': {'A': [1, 1, 1, 1, 1, 1, 0, 1, 1, 1], 'B': [1, 1, 1, 1, 1, 1, 1, 1, 1, 1], 'C': [1, 1, 1, 1, 1, 1, 1, 1, 1, 1]}, '南门西侧': {'A': [1, 1, 1, 1, 1, 1, 1, 1, 1, 1], 'B': [1, 1, 1, 0, 1, 1, 0, 1, 1, 1]}, '南门东侧': {'A': [1, 0, 1, 1, 1, 1, 1, 1, 0, 1], 'B': [0, 0, 1, 1, 1, 1, 0, 1, 1, 0]}, '北门东北侧': {'A': [1, 1, 1, 1, 1, 1, 1, 1, 1, 1], 'B': [0, 1, 1, 1, 1, 1, 0, 1, 1, 1], 'C': [0, 1, 1, 1, 1, 1, 0, 1, 1, 1], 'D': [1, 1, 1, 0, 1, 1, 1, 1, 1, 1]}, '北门东南侧': {'A': [1, 1, 1, 1, 1, 1, 1, 1, 1, 0], 'B': [1, 1, 0, 1, 1, 0, 1, 1, 1, 1], 'C': [1, 0, 0, 1, 1, 0, 0, 1, 1, 1], 'D': [0, 0, 1, 0, 1, 1, 1, 0, 0, 1], 'E': [0, 1, 1, 1, 1, 1, 0, 1, 0, 0], 'F': [1, 1, 1, 1, 1, 0, 1, 1, 1, 1]}, '橘园北侧南': {'A': [1, 0, 0, 1, 1, 0, 1, 0, 1, 1], 'B': [1, 1, 1, 1, 1, 1, 1, 0, 1, 1], 'C': [1, 1, 1, 1, 1, 1, 0, 1, 0, 0], 'D': [1, 1, 0, 1, 1, 1, 1, 0, 1, 1], 'E': [0, 1, 1, 1, 1, 1, 0, 1, 1, 1], 'F': [0, 0, 0, 1, 0, 1, 1, 1, 0, 0], 'G': [0, 0, 1, 1, 1, 1, 0, 0, 1, 1], 'H': [1, 1, 1, 1, 1, 1, 1, 1, 1, 1], 'I': [0, 0, 1, 0, 1, 1, 1, 1, 0, 1], 'J': [0, 1, 0, 0, 1, 1, 1, 1, 1, 0]}, '校医院西': {'A': [1, 1, 1, 1, 1, 1, 1, 1, 1, 1], 'B': [0, 1, 1, 1, 1, 1, 1, 1, 1, 1], 'C': [1, 1, 1, 1, 1, 1, 1, 1, 1, 1], 'D': [1, 1, 1, 1, 1, 1, 1, 1, 1, 1], 'E': [1, 0, 1, 1, 1, 1, 1, 0, 1, 1], 'F': [1, 1, 1, 1, 0, 1, 1, 1, 1, 1], 'G': [0, 1, 1, 0, 0, 1, 1, 1, 0, 0], 'H': [1, 0, 1, 1, 0, 1, 0, 1, 1, 0], 'I': [1, 1, 0, 0, 0, 1, 0, 1, 0, 0]}}
623658	2024-07-13 11:43:20.901000+08:00	2024-07-13 11:43:20.901000+08:00	{'东门北侧': {'A': [1, 1, 1, 1, 1, 1, 1, 1, 1, 1], 'B': [1, 1, 1, 1, 1, 1, 1, 1, 1, 1], 'C': [1, 1, 1, 1, 1, 1, 1, 1, 1, 1], 'D': [1, 0, 1, 1, 1, 0, 1, 1, 1, 1], 'E': [1, 1, 0, 1, 1, 1, 1, 1, 1, 1], 'F': [1, 1, 1, 1, 1, 1, 1, 1, 1, 1], 'G': [1, 1, 1, 1, 1, 1, 1, 1, 1, 1], 'H': [1, 1, 1, 1, 1, 1, 1, 1, 1, 0], 'I': [1, 0, 1, 1, 1, 1, 0, 1, 1, 1], 'J': [1, 1, 0, 0, 0, 1, 1, 1, 1, 1], 'K': [0, 0, 1, 0, 1, 1, 1, 1, 1, 1]}, '东门南侧': {'A': [1, 0, 1, 1, 1, 1, 1, 1, 0, 1], 'B': [0, 0, 0, 0, 0, 0, 0, 0, 0, 0]}, '西门北侧': {'A': [1, 1, 1, 1, 1, 1, 1, 1, 1, 1], 'B': [1, 1, 1, 1, 1, 1, 1, 1, 1, 0], 'C': [1, 1, 1, 1, 1, 0, 1, 1, 1, 0]}, '西门南侧': {'A': [1, 1, 1, 1, 1, 1, 0, 1, 1, 1], 'B': [1, 1, 1, 1, 1, 1, 1, 1, 1, 1], 'C': [1, 1, 1, 1, 1, 1, 1, 1, 1, 1]}, '南门西侧': {'A': [1, 1, 1, 1, 1, 1, 1, 1, 1, 1], 'B': [1, 1, 1, 0, 1, 1, 0, 1, 1, 1]}, '南门东侧': {'A': [1, 0, 1, 1, 1, 1, 1, 1, 0, 1], 'B': [0, 0, 1, 1, 1, 1, 0, 1, 1, 0]}, '北门东北侧': {'A': [1, 1, 1, 1, 1, 1, 1, 1, 1, 1], 'B': [0, 1, 1, 1, 1, 1, 0, 1, 1, 1], 'C': [0, 1, 1, 1, 1, 1, 0, 1, 1, 1], 'D': [1, 1, 1, 0, 1, 1, 1, 1, 1, 1]}, '北门东南侧': {'A': [1, 1, 1, 1, 1, 1, 1, 1, 1, 0], 'B': [1, 1, 0, 1, 1, 0, 1, 1, 1, 1], 'C': [1, 0, 0, 1, 1, 0, 0, 1, 1, 1], 'D': [0, 0, 1, 0, 1, 1, 1, 0, 0, 1], 'E': [0, 1, 1, 1, 1, 1, 0, 1, 0, 0], 'F': [1, 1, 1, 1, 1, 0, 1, 1, 1, 1]}, '橘园北侧南': {'A': [1, 0, 0, 1, 1, 0, 1, 0, 1, 1], 'B': [1, 1, 1, 1, 1, 1, 1, 0, 1, 1], 'C': [1, 1, 1, 1, 1, 1, 0, 1, 0, 0], 'D': [1, 1, 0, 1, 1, 1, 1, 0, 1, 1], 'E': [0, 1, 1, 1, 1, 1, 0, 1, 1, 1], 'F': [0, 0, 0, 1, 0, 1, 1, 1, 0, 0], 'G': [0, 0, 1, 1, 1, 1, 0, 0, 1, 1], 'H': [1, 1, 1, 1, 1, 1, 1, 1, 1, 1], 'I': [0, 0, 1, 0, 1, 1, 1, 1, 0, 1], 'J': [0, 1, 0, 0, 1, 1, 1, 1, 1, 0]}, '校医院西': {'A': [1, 1, 1, 1, 1, 1, 1, 1, 1, 1], 'B': [0, 1, 1, 1, 1, 1, 1, 1, 1, 1], 'C': [1, 1, 1, 1, 1, 1, 1, 1, 1, 1], 'D': [1, 1, 1, 1, 1, 1, 1, 1, 1, 1], 'E': [1, 0, 1, 1, 1, 1, 1, 0, 1, 1], 'F': [1, 1, 1, 1, 0, 1, 1, 1, 1, 1], 'G': [0, 1, 1, 0, 0, 1, 1, 1, 0, 0], 'H': [1, 0, 1, 1, 0, 1, 0, 1, 1, 0], 'I': [1, 1, 0, 0, 0, 1, 0, 1, 0, 0]}}
623659	2024-07-13 11:44:20.858000+08:00	2024-07-13 11:44:20.858000+08:00	{'东门北侧': {'A': [1, 1, 1, 1, 1, 1, 1, 1, 1, 1], 'B': [1, 1, 1, 1, 1, 1, 1, 1, 1, 1], 'C': [1, 1, 1, 1, 1, 1, 1, 1, 1, 1], 'D': [1, 0, 1, 1, 1, 0, 1, 1, 1, 1], 'E': [1, 1, 0, 1, 1, 1, 1, 1, 1, 1], 'F': [1, 1, 1, 1, 1, 1, 1, 1, 1, 1], 'G': [1, 1, 1, 1, 1, 1, 1, 1, 1, 1], 'H': [1, 1, 1, 1, 1, 1, 1, 1, 1, 0], 'I': [1, 0, 1, 1, 1, 1, 0, 1, 1, 1], 'J': [1, 1, 0, 0, 0, 1, 1, 1, 1, 1], 'K': [0, 0, 1, 0, 1, 1, 1, 1, 1, 1]}, '东门南侧': {'A': [1, 0, 1, 1, 1, 1, 1, 1, 0, 1], 'B': [0, 0, 0, 0, 0, 0, 0, 0, 0, 0]}, '西门北侧': {'A': [1, 1, 1, 1, 1, 1, 1, 1, 1, 1], 'B': [1, 1, 1, 1, 1, 1, 1, 1, 1, 0], 'C': [1, 1, 1, 1, 1, 0, 1, 1, 1, 0]}, '西门南侧': {'A': [1, 1, 1, 1, 1, 1, 0, 1, 1, 1], 'B': [1, 1, 1, 1, 1, 1, 1, 1, 1, 1], 'C': [1, 1, 1, 1, 1, 1, 1, 1, 1, 1]}, '南门西侧': {'A': [1, 1, 1, 1, 1, 1, 1, 1, 1, 1], 'B': [1, 1, 1, 0, 1, 1, 0, 1, 1, 1]}, '南门东侧': {'A': [1, 0, 1, 1, 1, 1, 1, 1, 0, 1], 'B': [0, 0, 1, 1, 1, 1, 0, 1, 1, 0]}, '北门东北侧': {'A': [1, 1, 1, 1, 1, 1, 1, 1, 1, 1], 'B': [0, 1, 1, 1, 1, 1, 0, 1, 1, 1], 'C': [0, 1, 1, 1, 1, 1, 0, 1, 1, 1], 'D': [1, 1, 1, 0, 1, 1, 1, 1, 1, 1]}, '北门东南侧': {'A': [1, 1, 1, 1, 1, 1, 1, 1, 1, 0], 'B': [1, 1, 0, 1, 1, 0, 1, 1, 1, 1], 'C': [1, 0, 0, 1, 1, 0, 0, 1, 1, 1], 'D': [0, 0, 1, 0, 1, 1, 1, 0, 0, 1], 'E': [0, 1, 1, 1, 1, 1, 0, 1, 0, 0], 'F': [1, 1, 1, 1, 1, 0, 1, 1, 1, 1]}, '橘园北侧南': {'A': [1, 0, 0, 1, 1, 0, 1, 0, 1, 1], 'B': [1, 1, 1, 1, 1, 1, 1, 0, 1, 1], 'C': [1, 1, 1, 1, 1, 1, 0, 1, 0, 0], 'D': [1, 1, 0, 1, 1, 1, 1, 0, 1, 1], 'E': [0, 1, 1, 1, 1, 1, 0, 1, 1, 1], 'F': [0, 0, 0, 1, 0, 1, 1, 1, 0, 0], 'G': [0, 0, 1, 1, 1, 1, 0, 0, 1, 1], 'H': [1, 1, 1, 1, 1, 1, 1, 1, 1, 1], 'I': [0, 0, 1, 0, 1, 1, 1, 1, 0, 1], 'J': [0, 1, 0, 0, 1, 1, 1, 1, 1, 0]}, '校医院西': {'A': [1, 1, 1, 1, 1, 1, 1, 1, 1, 1], 'B': [0, 1, 1, 1, 1, 1, 1, 1, 1, 1], 'C': [1, 1, 1, 1, 1, 1, 1, 1, 1, 1], 'D': [1, 1, 1, 1, 1, 1, 1, 1, 1, 1], 'E': [1, 0, 1, 1, 1, 1, 1, 0, 1, 1], 'F': [1, 1, 1, 1, 0, 1, 1, 1, 1, 1], 'G': [0, 1, 1, 0, 0, 1, 1, 1, 0, 0], 'H': [1, 0, 1, 1, 0, 1, 0, 1, 1, 0], 'I': [1, 1, 0, 0, 0, 1, 0, 1, 0, 0]}}
623660	2024-07-13 11:45:24.330000+08:00	2024-07-13 11:45:24.330000+08:00	{'东门北侧': {'A': [1, 1, 1, 1, 1, 1, 1, 1, 1, 1], 'B': [1, 1, 1, 1, 1, 1, 1, 1, 1, 1], 'C': [1, 1, 1, 1, 1, 1, 1, 1, 1, 1], 'D': [1, 0, 1, 1, 1, 0, 1, 1, 1, 1], 'E': [1, 1, 0, 1, 1, 1, 1, 1, 1, 1], 'F': [1, 1, 1, 1, 1, 1, 1, 1, 1, 1], 'G': [1, 1, 1, 1, 1, 1, 1, 1, 1, 1], 'H': [1, 1, 1, 1, 1, 1, 1, 1, 1, 0], 'I': [1, 0, 1, 1, 1, 1, 0, 1, 1, 1], 'J': [1, 1, 0, 0, 0, 1, 1, 1, 1, 1], 'K': [0, 0, 1, 0, 1, 1, 1, 1, 1, 1]}, '东门南侧': {'A': [1, 0, 1, 1, 1, 1, 1, 1, 0, 1], 'B': [0, 0, 0, 0, 0, 0, 0, 0, 0, 0]}, '西门北侧': {'A': [1, 1, 1, 1, 1, 1, 1, 1, 1, 1], 'B': [1, 1, 1, 1, 1, 1, 1, 1, 1, 0], 'C': [1, 1, 1, 1, 1, 0, 1, 1, 1, 0]}, '西门南侧': {'A': [1, 1, 1, 1, 1, 1, 0, 1, 1, 1], 'B': [1, 1, 1, 1, 1, 1, 1, 1, 1, 1], 'C': [1, 1, 1, 1, 1, 1, 1, 1, 1, 1]}, '南门西侧': {'A': [1, 1, 1, 1, 1, 1, 1, 1, 1, 1], 'B': [1, 1, 1, 0, 1, 1, 0, 1, 1, 1]}, '南门东侧': {'A': [1, 0, 1, 1, 1, 1, 1, 1, 0, 1], 'B': [0, 0, 1, 1, 1, 1, 0, 1, 1, 0]}, '北门东北侧': {'A': [1, 1, 1, 1, 1, 1, 1, 1, 1, 1], 'B': [0, 1, 1, 1, 1, 1, 0, 1, 1, 1], 'C': [0, 1, 1, 1, 1, 1, 0, 1, 1, 1], 'D': [1, 1, 1, 0, 1, 1, 1, 1, 1, 1]}, '北门东南侧': {'A': [1, 1, 1, 1, 1, 1, 1, 1, 1, 0], 'B': [1, 1, 0, 1, 1, 0, 1, 1, 1, 1], 'C': [1, 0, 0, 1, 1, 0, 0, 1, 1, 1], 'D': [0, 0, 1, 0, 1, 1, 1, 0, 0, 1], 'E': [0, 1, 1, 1, 1, 1, 0, 1, 0, 0], 'F': [1, 1, 1, 1, 1, 0, 1, 1, 1, 1]}, '橘园北侧南': {'A': [1, 0, 0, 1, 1, 0, 1, 0, 1, 1], 'B': [1, 1, 1, 1, 1, 1, 1, 0, 1, 1], 'C': [1, 1, 1, 1, 1, 1, 0, 1, 0, 0], 'D': [1, 1, 0, 1, 1, 1, 1, 0, 1, 1], 'E': [0, 1, 1, 1, 1, 1, 0, 1, 1, 1], 'F': [0, 0, 0, 1, 0, 1, 1, 1, 0, 0], 'G': [0, 0, 1, 1, 1, 1, 0, 0, 1, 1], 'H': [1, 1, 1, 1, 1, 1, 1, 1, 1, 1], 'I': [0, 0, 1, 0, 1, 1, 1, 1, 0, 1], 'J': [0, 1, 0, 0, 1, 1, 1, 1, 1, 0]}, '校医院西': {'A': [1, 1, 1, 1, 1, 1, 1, 1, 1, 1], 'B': [0, 1, 1, 1, 1, 1, 1, 1, 1, 1], 'C': [1, 1, 1, 1, 1, 1, 1, 1, 1, 1], 'D': [1, 1, 1, 1, 1, 1, 1, 1, 1, 1], 'E': [1, 0, 1, 1, 1, 1, 1, 0, 1, 1], 'F': [1, 1, 1, 1, 0, 1, 1, 1, 1, 1], 'G': [0, 1, 1, 0, 0, 1, 1, 1, 0, 0], 'H': [1, 0, 1, 1, 0, 1, 0, 1, 1, 0], 'I': [1, 1, 0, 0, 0, 1, 0, 1, 0, 0]}}
623661	2024-07-13 11:46:20.876000+08:00	2024-07-13 11:46:20.876000+08:00	{'东门北侧': {'A': [1, 1, 1, 1, 1, 1, 1, 1, 1, 1], 'B': [1, 1, 1, 1, 1, 1, 1, 1, 1, 1], 'C': [1, 1, 1, 1, 1, 1, 1, 1, 1, 1], 'D': [1, 0, 1, 1, 1, 0, 1, 1, 1, 1], 'E': [1, 1, 0, 1, 1, 1, 1, 1, 1, 1], 'F': [1, 1, 1, 1, 1, 1, 1, 1, 1, 1], 'G': [1, 1, 1, 1, 1, 1, 1, 1, 1, 1], 'H': [1, 1, 1, 1, 1, 1, 1, 1, 1, 0], 'I': [1, 0, 1, 1, 1, 1, 0, 1, 1, 1], 'J': [1, 1, 0, 0, 0, 1, 1, 1, 1, 1], 'K': [0, 0, 1, 0, 1, 1, 1, 1, 1, 1]}, '东门南侧': {'A': [1, 0, 1, 1, 1, 1, 1, 1, 0, 1], 'B': [0, 0, 0, 0, 0, 0, 0, 0, 0, 0]}, '西门北侧': {'A': [1, 1, 1, 1, 1, 1, 1, 1, 1, 1], 'B': [1, 1, 1, 1, 1, 1, 1, 1, 1, 0], 'C': [1, 1, 1, 1, 1, 0, 1, 1, 1, 0]}, '西门南侧': {'A': [1, 1, 1, 1, 1, 1, 0, 1, 1, 1], 'B': [1, 1, 1, 1, 1, 1, 1, 1, 1, 1], 'C': [1, 1, 1, 1, 1, 1, 1, 1, 1, 1]}, '南门西侧': {'A': [1, 1, 1, 1, 1, 1, 1, 1, 1, 1], 'B': [1, 1, 1, 0, 1, 1, 0, 1, 1, 1]}, '南门东侧': {'A': [1, 0, 1, 1, 1, 1, 1, 1, 0, 1], 'B': [0, 0, 1, 1, 1, 1, 0, 1, 1, 0]}, '北门东北侧': {'A': [1, 1, 1, 1, 1, 1, 1, 1, 1, 1], 'B': [0, 1, 1, 1, 1, 1, 0, 1, 1, 1], 'C': [0, 0, 1, 1, 1, 1, 0, 1, 1, 1], 'D': [1, 1, 1, 0, 1, 1, 1, 1, 1, 1]}, '北门东南侧': {'A': [1, 1, 1, 1, 1, 1, 1, 1, 1, 0], 'B': [1, 1, 0, 1, 1, 0, 1, 1, 1, 1], 'C': [1, 0, 0, 1, 1, 0, 0, 1, 1, 1], 'D': [0, 0, 1, 0, 1, 1, 1, 0, 0, 1], 'E': [0, 1, 1, 0, 1, 1, 0, 1, 0, 0], 'F': [1, 1, 1, 1, 1, 0, 1, 1, 1, 1]}, '橘园北侧南': {'A': [1, 0, 0, 1, 1, 0, 1, 0, 1, 1], 'B': [1, 1, 1, 1, 1, 1, 1, 0, 1, 1], 'C': [1, 1, 1, 1, 1, 1, 0, 1, 0, 0], 'D': [1, 1, 0, 1, 1, 1, 1, 0, 1, 1], 'E': [0, 1, 1, 1, 1, 1, 0, 1, 1, 1], 'F': [0, 0, 0, 1, 0, 1, 1, 1, 0, 0], 'G': [0, 0, 1, 1, 1, 1, 0, 0, 1, 1], 'H': [1, 1, 1, 1, 1, 1, 1, 1, 1, 1], 'I': [0, 0, 1, 0, 1, 1, 1, 1, 0, 1], 'J': [0, 1, 0, 0, 1, 1, 1, 1, 1, 0]}, '校医院西': {'A': [1, 1, 1, 1, 1, 1, 1, 1, 1, 1], 'B': [0, 1, 1, 1, 1, 1, 1, 1, 1, 1], 'C': [1, 1, 1, 1, 1, 1, 1, 1, 1, 1], 'D': [1, 1, 1, 1, 1, 1, 1, 1, 1, 1], 'E': [1, 0, 1, 1, 1, 1, 1, 0, 1, 1], 'F': [1, 1, 1, 1, 0, 1, 1, 1, 1, 1], 'G': [0, 1, 1, 0, 0, 1, 1, 1, 0, 0], 'H': [1, 0, 1, 1, 0, 1, 0, 1, 1, 0], 'I': [1, 1, 0, 0, 0, 1, 0, 1, 0, 0]}}
623662	2024-07-13 11:47:20.862000+08:00	2024-07-13 11:47:20.862000+08:00	{'东门北侧': {'A': [1, 1, 1, 1, 1, 1, 1, 1, 1, 1], 'B': [1, 1, 1, 1, 1, 1, 1, 1, 1, 1], 'C': [1, 1, 1, 1, 1, 1, 1, 1, 1, 1], 'D': [1, 0, 1, 1, 1, 0, 1, 1, 1, 1], 'E': [1, 1, 0, 1, 1, 1, 1, 1, 1, 1], 'F': [1, 1, 1, 1, 1, 1, 1, 1, 1, 1], 'G': [1, 1, 1, 1, 1, 1, 1, 1, 1, 1], 'H': [1, 1, 1, 1, 1, 1, 1, 1, 1, 0], 'I': [1, 0, 1, 1, 1, 1, 0, 1, 1, 1], 'J': [1, 1, 0, 0, 0, 1, 1, 1, 1, 1], 'K': [0, 0, 1, 0, 1, 1, 1, 1, 1, 1]}, '东门南侧': {'A': [1, 0, 1, 1, 1, 1, 1, 1, 0, 1], 'B': [0, 0, 0, 0, 0, 0, 0, 0, 0, 0]}, '西门北侧': {'A': [1, 1, 1, 1, 1, 1, 1, 1, 1, 1], 'B': [1, 1, 1, 1, 1, 1, 1, 1, 1, 0], 'C': [1, 1, 1, 1, 1, 0, 1, 1, 1, 0]}, '西门南侧': {'A': [1, 1, 1, 1, 1, 1, 0, 1, 1, 1], 'B': [1, 1, 1, 1, 1, 1, 1, 1, 1, 1], 'C': [1, 1, 1, 1, 1, 1, 1, 1, 1, 1]}, '南门西侧': {'A': [1, 1, 1, 1, 1, 1, 1, 1, 1, 1], 'B': [1, 1, 1, 0, 1, 1, 0, 1, 1, 1]}, '南门东侧': {'A': [1, 0, 1, 1, 1, 1, 1, 1, 0, 1], 'B': [0, 0, 1, 1, 1, 1, 0, 1, 1, 0]}, '北门东北侧': {'A': [1, 1, 1, 1, 1, 1, 1, 1, 1, 1], 'B': [0, 1, 1, 1, 1, 1, 0, 1, 1, 1], 'C': [0, 0, 1, 1, 1, 1, 0, 1, 1, 1], 'D': [1, 1, 1, 0, 1, 1, 1, 1, 1, 1]}, '北门东南侧': {'A': [1, 1, 1, 1, 1, 1, 1, 1, 1, 0], 'B': [1, 1, 0, 1, 1, 0, 1, 1, 1, 1], 'C': [1, 0, 0, 1, 1, 0, 0, 1, 1, 1], 'D': [0, 0, 1, 0, 1, 1, 1, 0, 0, 1], 'E': [0, 1, 1, 0, 1, 1, 0, 1, 0, 0], 'F': [1, 1, 1, 1, 1, 0, 1, 1, 1, 1]}, '橘园北侧南': {'A': [1, 0, 0, 1, 1, 0, 1, 0, 1, 1], 'B': [1, 1, 1, 1, 1, 1, 1, 0, 1, 1], 'C': [1, 1, 1, 1, 1, 1, 0, 1, 0, 0], 'D': [1, 1, 0, 1, 1, 1, 1, 0, 1, 1], 'E': [0, 1, 1, 1, 1, 1, 0, 1, 1, 1], 'F': [0, 0, 0, 1, 1, 1, 1, 1, 0, 0], 'G': [0, 0, 1, 1, 1, 1, 0, 0, 1, 1], 'H': [1, 1, 1, 1, 1, 1, 1, 1, 1, 1], 'I': [0, 0, 1, 0, 1, 1, 1, 1, 0, 1], 'J': [0, 1, 0, 0, 1, 1, 1, 1, 1, 0]}, '校医院西': {'A': [1, 1, 1, 1, 1, 1, 1, 1, 1, 1], 'B': [0, 1, 1, 1, 1, 1, 1, 1, 1, 1], 'C': [1, 1, 1, 1, 1, 1, 1, 1, 1, 1], 'D': [1, 1, 1, 1, 1, 1, 1, 1, 1, 1], 'E': [1, 0, 1, 1, 1, 1, 1, 0, 1, 1], 'F': [1, 1, 1, 1, 0, 1, 1, 1, 1, 1], 'G': [0, 1, 1, 0, 0, 1, 1, 1, 0, 0], 'H': [1, 0, 1, 1, 0, 1, 0, 1, 1, 0], 'I': [1, 1, 0, 0, 0, 1, 0, 1, 0, 0]}}
623663	2024-07-13 11:48:22.268000+08:00	2024-07-13 11:48:22.268000+08:00	{'东门北侧': {'A': [1, 1, 1, 1, 1, 1, 1, 1, 1, 1], 'B': [1, 1, 1, 1, 1, 1, 1, 1, 1, 1], 'C': [1, 1, 1, 1, 1, 1, 1, 1, 1, 1], 'D': [1, 0, 1, 1, 1, 0, 1, 1, 1, 1], 'E': [1, 1, 0, 1, 1, 1, 1, 1, 1, 1], 'F': [1, 1, 1, 1, 1, 1, 1, 1, 1, 1], 'G': [1, 1, 1, 1, 1, 1, 1, 1, 1, 1], 'H': [1, 1, 1, 1, 1, 1, 1, 1, 1, 0], 'I': [1, 0, 1, 1, 1, 1, 0, 1, 1, 1], 'J': [1, 1, 0, 0, 0, 1, 1, 1, 1, 1], 'K': [0, 0, 1, 0, 1, 1, 1, 1, 1, 1]}, '东门南侧': {'A': [1, 0, 1, 1, 1, 1, 1, 1, 0, 1], 'B': [0, 0, 0, 0, 0, 0, 0, 0, 0, 0]}, '西门北侧': {'A': [1, 1, 1, 1, 1, 1, 1, 1, 1, 1], 'B': [1, 1, 1, 1, 1, 1, 1, 1, 1, 0], 'C': [1, 1, 1, 1, 1, 0, 1, 1, 1, 0]}, '西门南侧': {'A': [1, 1, 1, 1, 1, 1, 0, 1, 1, 1], 'B': [1, 1, 1, 1, 1, 1, 1, 1, 1, 1], 'C': [1, 1, 1, 1, 1, 1, 1, 1, 1, 1]}, '南门西侧': {'A': [1, 1, 1, 1, 1, 1, 1, 1, 1, 1], 'B': [1, 1, 1, 0, 1, 1, 0, 1, 1, 1]}, '南门东侧': {'A': [1, 0, 1, 1, 1, 1, 1, 1, 0, 1], 'B': [0, 0, 1, 1, 1, 1, 0, 1, 1, 0]}, '北门东北侧': {'A': [1, 1, 1, 1, 1, 1, 1, 1, 1, 1], 'B': [0, 1, 1, 1, 1, 1, 0, 1, 1, 1], 'C': [0, 0, 1, 1, 1, 1, 0, 1, 1, 1], 'D': [1, 1, 1, 0, 1, 1, 1, 1, 1, 1]}, '北门东南侧': {'A': [1, 1, 1, 1, 1, 1, 1, 1, 1, 0], 'B': [1, 1, 0, 1, 1, 0, 1, 1, 1, 1], 'C': [1, 0, 0, 1, 1, 0, 0, 1, 1, 1], 'D': [0, 0, 1, 0, 1, 1, 1, 0, 0, 1], 'E': [0, 1, 1, 0, 1, 1, 0, 1, 0, 0], 'F': [1, 1, 1, 1, 1, 0, 1, 1, 1, 1]}, '橘园北侧南': {'A': [0, 0, 0, 1, 1, 0, 1, 0, 1, 1], 'B': [1, 1, 1, 1, 1, 1, 1, 0, 1, 1], 'C': [1, 1, 1, 1, 1, 1, 0, 1, 0, 0], 'D': [1, 1, 0, 1, 1, 1, 1, 0, 1, 1], 'E': [0, 1, 1, 1, 1, 1, 0, 1, 1, 1], 'F': [0, 0, 0, 1, 1, 1, 1, 1, 0, 0], 'G': [0, 0, 1, 1, 1, 1, 0, 0, 1, 1], 'H': [1, 1, 1, 1, 1, 1, 1, 1, 1, 1], 'I': [0, 0, 1, 0, 1, 1, 1, 1, 0, 1], 'J': [0, 1, 0, 0, 1, 1, 1, 1, 1, 0]}, '校医院西': {'A': [1, 1, 1, 1, 1, 1, 1, 1, 1, 1], 'B': [0, 1, 1, 1, 1, 1, 1, 1, 1, 1], 'C': [1, 1, 1, 1, 1, 1, 1, 1, 1, 1], 'D': [1, 1, 1, 1, 1, 1, 1, 1, 1, 1], 'E': [1, 0, 1, 1, 1, 1, 1, 0, 1, 1], 'F': [1, 1, 1, 1, 0, 1, 1, 1, 1, 1], 'G': [0, 1, 1, 0, 0, 1, 1, 1, 0, 0], 'H': [1, 0, 1, 1, 0, 1, 0, 1, 1, 0], 'I': [1, 1, 0, 0, 0, 1, 0, 1, 0, 0]}}
623664	2024-07-13 11:49:23.859000+08:00	2024-07-13 11:49:23.859000+08:00	{'东门北侧': {'A': [1, 1, 1, 1, 1, 1, 1, 1, 1, 1], 'B': [1, 1, 1, 1, 1, 1, 1, 1, 1, 1], 'C': [1, 1, 1, 1, 1, 1, 1, 1, 1, 1], 'D': [1, 0, 1, 1, 1, 0, 1, 1, 1, 1], 'E': [1, 1, 0, 1, 1, 1, 1, 1, 1, 1], 'F': [1, 1, 1, 1, 1, 1, 1, 1, 1, 1], 'G': [1, 1, 1, 1, 1, 1, 1, 1, 1, 1], 'H': [1, 1, 1, 1, 1, 1, 1, 1, 1, 0], 'I': [1, 0, 1, 1, 1, 1, 0, 1, 1, 1], 'J': [1, 1, 0, 0, 0, 1, 1, 1, 1, 1], 'K': [0, 0, 1, 0, 1, 1, 1, 1, 1, 1]}, '东门南侧': {'A': [1, 0, 1, 1, 1, 1, 1, 1, 0, 1], 'B': [0, 0, 0, 0, 0, 0, 0, 0, 0, 0]}, '西门北侧': {'A': [1, 1, 1, 1, 1, 1, 1, 1, 1, 1], 'B': [1, 1, 1, 1, 1, 1, 1, 1, 1, 0], 'C': [1, 1, 1, 1, 1, 0, 1, 1, 1, 0]}, '西门南侧': {'A': [1, 1, 1, 1, 1, 1, 0, 1, 1, 1], 'B': [1, 1, 1, 1, 1, 1, 1, 1, 1, 1], 'C': [1, 1, 1, 1, 1, 1, 1, 1, 1, 1]}, '南门西侧': {'A': [1, 1, 1, 1, 1, 1, 1, 1, 1, 1], 'B': [1, 1, 1, 0, 1, 1, 0, 1, 1, 0]}, '南门东侧': {'A': [1, 0, 1, 1, 1, 1, 1, 1, 0, 1], 'B': [0, 0, 1, 1, 1, 1, 0, 1, 1, 0]}, '北门东北侧': {'A': [1, 1, 1, 1, 1, 1, 1, 1, 1, 1], 'B': [0, 1, 1, 1, 1, 1, 0, 1, 1, 1], 'C': [0, 0, 1, 1, 1, 1, 0, 1, 1, 1], 'D': [1, 1, 1, 0, 1, 1, 1, 1, 1, 1]}, '北门东南侧': {'A': [1, 1, 1, 1, 1, 1, 1, 1, 1, 0], 'B': [1, 1, 0, 1, 1, 0, 1, 1, 1, 1], 'C': [1, 0, 0, 1, 1, 0, 0, 1, 1, 1], 'D': [0, 0, 1, 0, 1, 1, 1, 0, 0, 1], 'E': [0, 1, 1, 0, 1, 1, 0, 1, 0, 0], 'F': [1, 1, 1, 1, 1, 0, 1, 1, 1, 1]}, '橘园北侧南': {'A': [0, 0, 0, 1, 1, 0, 1, 0, 1, 1], 'B': [1, 1, 1, 1, 1, 1, 1, 0, 1, 1], 'C': [1, 1, 1, 1, 1, 1, 0, 1, 0, 0], 'D': [1, 1, 0, 1, 1, 1, 1, 0, 1, 1], 'E': [0, 1, 1, 1, 1, 1, 0, 1, 1, 1], 'F': [0, 0, 0, 1, 1, 1, 1, 1, 0, 0], 'G': [0, 0, 1, 1, 1, 1, 0, 0, 1, 1], 'H': [1, 1, 1, 1, 1, 1, 1, 1, 1, 1], 'I': [0, 0, 1, 0, 1, 1, 1, 1, 0, 1], 'J': [0, 1, 0, 0, 1, 1, 1, 1, 1, 0]}, '校医院西': {'A': [1, 1, 1, 1, 1, 1, 1, 1, 1, 1], 'B': [0, 1, 1, 1, 1, 1, 1, 1, 1, 1], 'C': [1, 1, 1, 1, 1, 1, 1, 1, 1, 1], 'D': [1, 1, 1, 1, 1, 1, 1, 1, 1, 1], 'E': [1, 0, 1, 1, 1, 1, 1, 0, 1, 1], 'F': [1, 1, 1, 1, 0, 1, 1, 1, 1, 1], 'G': [0, 1, 1, 0, 0, 1, 1, 1, 0, 0], 'H': [1, 0, 1, 1, 0, 1, 0, 1, 1, 0], 'I': [1, 1, 0, 0, 0, 1, 0, 1, 0, 0]}}
623665	2024-07-13 11:50:23.850000+08:00	2024-07-13 11:50:23.850000+08:00	{'东门北侧': {'A': [1, 1, 1, 1, 1, 1, 1, 1, 1, 1], 'B': [1, 1, 1, 1, 1, 1, 1, 1, 1, 1], 'C': [1, 1, 1, 1, 1, 1, 1, 1, 1, 1], 'D': [1, 0, 1, 1, 1, 0, 1, 1, 1, 1], 'E': [1, 1, 0, 1, 1, 1, 1, 1, 1, 1], 'F': [1, 1, 1, 1, 1, 1, 1, 1, 1, 1], 'G': [1, 1, 1, 1, 1, 1, 1, 1, 1, 1], 'H': [1, 1, 1, 1, 1, 1, 1, 1, 1, 0], 'I': [1, 0, 1, 1, 1, 1, 0, 1, 1, 1], 'J': [1, 1, 0, 0, 0, 1, 1, 1, 1, 1], 'K': [0, 0, 1, 0, 1, 1, 1, 1, 1, 1]}, '东门南侧': {'A': [1, 0, 1, 1, 1, 1, 1, 1, 0, 1], 'B': [0, 0, 0, 0, 0, 0, 0, 0, 0, 0]}, '西门北侧': {'A': [1, 1, 1, 1, 1, 1, 1, 1, 1, 1], 'B': [1, 1, 1, 1, 1, 1, 1, 1, 1, 0], 'C': [1, 1, 1, 1, 1, 0, 1, 1, 1, 0]}, '西门南侧': {'A': [1, 1, 1, 1, 1, 1, 0, 1, 1, 1], 'B': [1, 1, 1, 1, 1, 1, 1, 1, 1, 1], 'C': [1, 1, 1, 1, 1, 1, 1, 1, 1, 1]}, '南门西侧': {'A': [1, 1, 1, 1, 1, 1, 1, 1, 1, 1], 'B': [1, 1, 1, 0, 1, 1, 0, 1, 1, 0]}, '南门东侧': {'A': [1, 0, 1, 1, 1, 1, 1, 1, 0, 1], 'B': [0, 0, 1, 1, 1, 1, 0, 1, 1, 0]}, '北门东北侧': {'A': [1, 1, 1, 1, 1, 1, 1, 1, 1, 1], 'B': [0, 1, 1, 1, 1, 1, 0, 1, 1, 1], 'C': [0, 0, 1, 1, 1, 1, 0, 1, 1, 1], 'D': [1, 1, 1, 0, 1, 1, 1, 1, 1, 1]}, '北门东南侧': {'A': [1, 1, 1, 1, 1, 1, 1, 1, 1, 0], 'B': [1, 1, 0, 1, 1, 0, 1, 1, 1, 1], 'C': [1, 0, 0, 1, 1, 0, 0, 1, 1, 1], 'D': [0, 0, 1, 0, 1, 1, 1, 0, 0, 1], 'E': [0, 1, 1, 0, 1, 1, 0, 1, 0, 0], 'F': [1, 1, 1, 1, 1, 0, 1, 1, 1, 1]}, '橘园北侧南': {'A': [0, 0, 0, 1, 1, 0, 1, 0, 1, 1], 'B': [1, 1, 1, 1, 1, 1, 1, 0, 1, 1], 'C': [1, 1, 1, 1, 1, 1, 0, 1, 0, 0], 'D': [1, 1, 0, 1, 1, 1, 1, 0, 1, 1], 'E': [0, 1, 1, 1, 1, 1, 0, 1, 1, 1], 'F': [0, 0, 0, 1, 1, 1, 1, 1, 0, 0], 'G': [0, 0, 1, 1, 1, 1, 0, 0, 1, 1], 'H': [1, 1, 1, 1, 1, 1, 1, 1, 1, 1], 'I': [0, 0, 1, 0, 1, 1, 1, 1, 0, 1], 'J': [0, 1, 0, 0, 1, 1, 1, 1, 1, 0]}, '校医院西': {'A': [1, 1, 1, 1, 1, 1, 1, 1, 1, 1], 'B': [0, 1, 1, 1, 1, 1, 1, 1, 1, 1], 'C': [1, 1, 1, 1, 1, 1, 1, 1, 1, 1], 'D': [1, 1, 1, 1, 1, 1, 1, 1, 1, 1], 'E': [1, 0, 1, 1, 1, 1, 1, 0, 1, 1], 'F': [1, 1, 1, 1, 0, 1, 1, 1, 1, 1], 'G': [0, 1, 1, 0, 0, 1, 1, 1, 0, 0], 'H': [1, 0, 1, 1, 0, 1, 0, 1, 1, 0], 'I': [1, 1, 0, 0, 0, 1, 0, 1, 0, 0]}}
623666	2024-07-13 11:51:20.850000+08:00	2024-07-13 11:51:20.850000+08:00	{'东门北侧': {'A': [1, 1, 1, 1, 1, 1, 1, 1, 1, 1], 'B': [1, 1, 1, 1, 1, 1, 1, 1, 1, 1], 'C': [1, 1, 1, 1, 1, 1, 1, 1, 1, 1], 'D': [1, 0, 1, 1, 1, 0, 1, 1, 1, 1], 'E': [1, 1, 0, 1, 1, 1, 1, 1, 1, 1], 'F': [1, 1, 1, 1, 1, 1, 1, 1, 1, 1], 'G': [1, 1, 1, 1, 1, 1, 1, 1, 1, 1], 'H': [1, 1, 1, 1, 1, 1, 1, 1, 1, 0], 'I': [1, 0, 1, 1, 1, 1, 0, 1, 1, 1], 'J': [1, 1, 0, 0, 0, 1, 1, 1, 1, 1], 'K': [0, 0, 1, 0, 1, 1, 1, 1, 1, 1]}, '东门南侧': {'A': [1, 0, 1, 1, 1, 1, 1, 1, 0, 1], 'B': [0, 0, 0, 0, 0, 0, 0, 0, 0, 0]}, '西门北侧': {'A': [1, 1, 1, 1, 1, 1, 1, 1, 1, 1], 'B': [1, 1, 1, 1, 1, 1, 1, 1, 1, 0], 'C': [1, 1, 1, 1, 1, 0, 1, 1, 1, 0]}, '西门南侧': {'A': [1, 1, 1, 1, 1, 1, 0, 1, 1, 1], 'B': [1, 1, 1, 1, 1, 1, 1, 1, 1, 1], 'C': [1, 1, 1, 1, 1, 1, 1, 1, 1, 1]}, '南门西侧': {'A': [1, 1, 1, 1, 1, 1, 1, 1, 1, 1], 'B': [1, 1, 1, 0, 1, 1, 0, 1, 1, 0]}, '南门东侧': {'A': [1, 0, 1, 1, 1, 1, 1, 1, 0, 1], 'B': [0, 0, 1, 1, 1, 1, 0, 1, 1, 0]}, '北门东北侧': {'A': [1, 1, 1, 1, 1, 1, 1, 1, 1, 1], 'B': [0, 1, 1, 1, 1, 1, 0, 1, 1, 1], 'C': [0, 0, 1, 1, 1, 1, 0, 1, 1, 1], 'D': [1, 1, 1, 0, 1, 1, 1, 1, 1, 1]}, '北门东南侧': {'A': [1, 1, 1, 1, 1, 1, 1, 1, 1, 0], 'B': [1, 1, 0, 1, 1, 0, 1, 1, 1, 1], 'C': [1, 0, 0, 1, 1, 0, 0, 1, 1, 1], 'D': [0, 0, 1, 0, 1, 1, 1, 0, 0, 1], 'E': [0, 1, 1, 0, 1, 1, 0, 1, 0, 0], 'F': [1, 1, 1, 1, 1, 0, 1, 1, 1, 1]}, '橘园北侧南': {'A': [0, 0, 0, 1, 1, 0, 1, 0, 1, 1], 'B': [1, 1, 1, 1, 1, 1, 1, 0, 1, 1], 'C': [1, 1, 1, 1, 1, 1, 0, 1, 0, 0], 'D': [1, 1, 0, 1, 1, 1, 1, 0, 1, 1], 'E': [0, 1, 1, 1, 1, 1, 0, 1, 1, 1], 'F': [0, 0, 0, 1, 1, 1, 1, 1, 0, 0], 'G': [0, 0, 1, 1, 1, 1, 0, 0, 1, 1], 'H': [1, 1, 1, 1, 1, 1, 1, 1, 1, 1], 'I': [0, 0, 1, 0, 1, 1, 1, 1, 0, 1], 'J': [0, 1, 0, 0, 1, 1, 1, 1, 1, 0]}, '校医院西': {'A': [1, 1, 1, 1, 1, 1, 1, 1, 1, 1], 'B': [0, 1, 1, 1, 1, 1, 1, 1, 1, 1], 'C': [1, 1, 1, 1, 1, 1, 1, 1, 1, 1], 'D': [1, 1, 1, 1, 1, 1, 1, 1, 1, 1], 'E': [1, 0, 1, 1, 1, 1, 1, 0, 1, 1], 'F': [1, 1, 1, 1, 0, 1, 1, 1, 1, 1], 'G': [0, 1, 1, 0, 0, 1, 1, 1, 0, 0], 'H': [1, 0, 1, 1, 0, 1, 0, 1, 1, 1], 'I': [1, 1, 0, 0, 0, 1, 0, 1, 0, 0]}}
623667	2024-07-13 11:52:20.875000+08:00	2024-07-13 11:52:20.875000+08:00	{'东门北侧': {'A': [1, 1, 1, 1, 1, 1, 1, 1, 1, 1], 'B': [1, 1, 1, 1, 1, 1, 1, 1, 1, 1], 'C': [1, 1, 1, 1, 1, 1, 1, 1, 1, 1], 'D': [1, 1, 1, 1, 1, 0, 1, 1, 1, 1], 'E': [1, 1, 0, 1, 1, 1, 1, 1, 1, 1], 'F': [1, 1, 1, 1, 1, 1, 1, 1, 1, 1], 'G': [1, 1, 1, 1, 1, 1, 1, 1, 1, 1], 'H': [1, 1, 1, 1, 1, 1, 1, 1, 1, 0], 'I': [1, 0, 1, 1, 1, 1, 0, 1, 1, 1], 'J': [1, 1, 0, 0, 0, 1, 1, 1, 1, 1], 'K': [0, 0, 1, 0, 1, 1, 1, 1, 1, 1]}, '东门南侧': {'A': [1, 0, 1, 1, 1, 1, 1, 1, 0, 1], 'B': [0, 0, 0, 0, 0, 0, 0, 0, 0, 0]}, '西门北侧': {'A': [1, 1, 1, 1, 1, 1, 1, 1, 1, 1], 'B': [1, 1, 1, 1, 1, 1, 1, 1, 1, 0], 'C': [1, 1, 1, 1, 1, 0, 1, 1, 1, 0]}, '西门南侧': {'A': [1, 1, 1, 1, 1, 1, 0, 1, 1, 1], 'B': [1, 1, 1, 1, 1, 1, 1, 1, 1, 1], 'C': [1, 1, 1, 1, 1, 1, 1, 1, 1, 1]}, '南门西侧': {'A': [1, 1, 1, 1, 1, 1, 1, 1, 1, 1], 'B': [1, 1, 1, 0, 1, 1, 0, 1, 1, 0]}, '南门东侧': {'A': [1, 0, 1, 1, 1, 1, 1, 1, 0, 1], 'B': [0, 0, 1, 1, 1, 1, 0, 1, 1, 0]}, '北门东北侧': {'A': [1, 1, 1, 1, 1, 1, 1, 1, 1, 1], 'B': [0, 1, 1, 1, 1, 1, 0, 1, 1, 1], 'C': [0, 0, 1, 1, 1, 1, 0, 1, 1, 1], 'D': [1, 1, 1, 0, 1, 1, 1, 1, 1, 1]}, '北门东南侧': {'A': [1, 1, 1, 1, 1, 1, 1, 1, 1, 0], 'B': [1, 1, 0, 1, 1, 0, 1, 1, 1, 1], 'C': [1, 0, 0, 1, 1, 0, 0, 1, 1, 1], 'D': [0, 0, 1, 0, 1, 1, 1, 0, 0, 1], 'E': [0, 1, 1, 0, 1, 1, 0, 1, 0, 0], 'F': [1, 1, 1, 1, 1, 0, 1, 1, 1, 1]}, '橘园北侧南': {'A': [0, 0, 0, 1, 1, 0, 1, 0, 1, 1], 'B': [1, 1, 1, 1, 1, 1, 1, 0, 1, 1], 'C': [1, 1, 1, 1, 1, 1, 0, 0, 0, 0], 'D': [1, 1, 0, 1, 1, 1, 1, 0, 1, 1], 'E': [0, 1, 1, 1, 1, 1, 0, 1, 1, 1], 'F': [0, 0, 0, 1, 1, 1, 1, 1, 0, 0], 'G': [0, 0, 1, 1, 1, 1, 0, 0, 1, 1], 'H': [1, 1, 1, 1, 1, 1, 1, 1, 1, 1], 'I': [0, 0, 1, 0, 1, 1, 1, 1, 0, 1], 'J': [0, 1, 0, 0, 1, 1, 1, 1, 1, 0]}, '校医院西': {'A': [1, 1, 1, 1, 1, 1, 1, 1, 1, 1], 'B': [0, 1, 1, 1, 1, 1, 1, 1, 1, 1], 'C': [1, 1, 1, 1, 1, 1, 1, 1, 1, 1], 'D': [1, 1, 1, 1, 1, 1, 1, 1, 1, 1], 'E': [1, 0, 1, 1, 1, 1, 1, 0, 1, 1], 'F': [1, 1, 1, 1, 0, 1, 1, 1, 1, 1], 'G': [0, 1, 1, 0, 0, 1, 1, 1, 0, 0], 'H': [1, 0, 1, 1, 0, 1, 0, 1, 1, 1], 'I': [1, 1, 0, 0, 0, 1, 0, 1, 0, 0]}}
623668	2024-07-13 11:53:23.885000+08:00	2024-07-13 11:53:23.885000+08:00	{'东门北侧': {'A': [1, 1, 1, 1, 1, 1, 1, 1, 1, 1], 'B': [1, 1, 1, 1, 1, 1, 1, 1, 1, 1], 'C': [1, 1, 1, 1, 1, 1, 1, 1, 1, 1], 'D': [1, 1, 1, 1, 1, 0, 1, 1, 1, 1], 'E': [1, 1, 0, 1, 1, 1, 1, 1, 1, 1], 'F': [1, 1, 1, 1, 1, 1, 1, 1, 1, 1], 'G': [1, 1, 1, 1, 1, 1, 1, 1, 1, 1], 'H': [1, 1, 1, 1, 1, 1, 1, 1, 1, 0], 'I': [1, 0, 1, 1, 1, 1, 0, 1, 1, 1], 'J': [1, 1, 0, 0, 0, 1, 1, 1, 1, 1], 'K': [0, 0, 1, 0, 1, 1, 1, 1, 1, 1]}, '东门南侧': {'A': [1, 0, 1, 1, 1, 1, 1, 1, 0, 1], 'B': [0, 0, 0, 0, 0, 0, 0, 0, 0, 0]}, '西门北侧': {'A': [1, 1, 1, 1, 1, 1, 1, 1, 1, 1], 'B': [1, 1, 1, 1, 1, 1, 1, 1, 1, 0], 'C': [1, 1, 1, 1, 1, 0, 1, 1, 1, 0]}, '西门南侧': {'A': [1, 1, 1, 1, 1, 1, 0, 1, 1, 1], 'B': [1, 1, 1, 1, 1, 1, 1, 1, 1, 1], 'C': [1, 1, 1, 1, 1, 1, 1, 1, 1, 1]}, '南门西侧': {'A': [1, 1, 1, 1, 1, 1, 1, 1, 1, 1], 'B': [1, 1, 1, 0, 1, 1, 0, 1, 1, 0]}, '南门东侧': {'A': [1, 0, 1, 1, 1, 1, 1, 1, 0, 1], 'B': [0, 0, 1, 1, 1, 1, 0, 1, 1, 0]}, '北门东北侧': {'A': [1, 1, 1, 1, 1, 1, 1, 1, 1, 1], 'B': [0, 1, 1, 1, 1, 1, 0, 1, 1, 1], 'C': [0, 0, 1, 1, 1, 1, 0, 1, 1, 1], 'D': [1, 1, 1, 0, 1, 1, 1, 1, 1, 1]}, '北门东南侧': {'A': [1, 1, 1, 1, 1, 1, 1, 1, 1, 0], 'B': [1, 1, 0, 1, 1, 0, 1, 1, 1, 1], 'C': [1, 0, 0, 1, 1, 0, 0, 1, 1, 1], 'D': [0, 0, 1, 0, 1, 1, 1, 0, 0, 1], 'E': [0, 1, 1, 0, 1, 1, 0, 1, 0, 0], 'F': [1, 1, 1, 1, 1, 0, 1, 1, 1, 1]}, '橘园北侧南': {'A': [0, 0, 0, 1, 1, 0, 1, 0, 1, 1], 'B': [1, 1, 1, 1, 1, 1, 1, 0, 1, 1], 'C': [1, 1, 1, 1, 1, 1, 0, 0, 0, 0], 'D': [1, 1, 0, 1, 1, 1, 1, 0, 1, 1], 'E': [0, 1, 1, 1, 1, 1, 0, 1, 1, 1], 'F': [0, 0, 0, 1, 1, 1, 1, 1, 0, 0], 'G': [0, 0, 1, 1, 1, 1, 0, 0, 1, 1], 'H': [1, 1, 1, 1, 1, 1, 1, 1, 1, 1], 'I': [0, 0, 1, 0, 1, 1, 1, 1, 0, 1], 'J': [0, 1, 0, 0, 1, 1, 1, 1, 1, 0]}, '校医院西': {'A': [1, 1, 1, 1, 1, 1, 1, 1, 1, 1], 'B': [0, 1, 1, 1, 1, 1, 1, 1, 1, 1], 'C': [1, 1, 1, 1, 1, 1, 1, 1, 1, 1], 'D': [1, 1, 1, 1, 1, 1, 1, 1, 1, 1], 'E': [1, 0, 1, 1, 1, 1, 1, 0, 1, 1], 'F': [1, 1, 1, 1, 0, 1, 1, 1, 1, 1], 'G': [0, 1, 1, 0, 0, 1, 1, 1, 0, 0], 'H': [1, 0, 1, 1, 0, 1, 0, 1, 1, 1], 'I': [1, 1, 0, 0, 0, 1, 0, 1, 0, 0]}}
623669	2024-07-13 11:54:23.888000+08:00	2024-07-13 11:54:23.888000+08:00	{'东门北侧': {'A': [1, 1, 1, 1, 1, 1, 1, 1, 1, 1], 'B': [1, 1, 1, 1, 1, 1, 1, 1, 1, 1], 'C': [1, 1, 1, 1, 1, 1, 1, 1, 1, 1], 'D': [1, 1, 1, 1, 1, 0, 1, 1, 1, 1], 'E': [1, 1, 0, 1, 1, 1, 1, 1, 1, 1], 'F': [1, 1, 1, 1, 1, 1, 1, 1, 1, 1], 'G': [1, 1, 1, 1, 1, 1, 1, 1, 1, 1], 'H': [1, 1, 1, 1, 1, 1, 1, 1, 1, 0], 'I': [1, 0, 1, 1, 1, 1, 0, 1, 1, 1], 'J': [1, 1, 0, 0, 0, 1, 1, 1, 1, 1], 'K': [0, 0, 1, 0, 1, 1, 1, 1, 1, 1]}, '东门南侧': {'A': [1, 0, 1, 1, 1, 1, 1, 1, 0, 1], 'B': [0, 0, 0, 0, 0, 0, 0, 0, 0, 0]}, '西门北侧': {'A': [1, 1, 1, 1, 1, 1, 1, 1, 1, 1], 'B': [1, 1, 1, 1, 1, 1, 1, 1, 1, 0], 'C': [1, 1, 1, 1, 1, 0, 1, 1, 1, 0]}, '西门南侧': {'A': [1, 1, 1, 1, 1, 1, 0, 1, 1, 1], 'B': [1, 1, 1, 1, 1, 1, 1, 1, 1, 1], 'C': [1, 1, 1, 1, 0, 1, 1, 1, 1, 1]}, '南门西侧': {'A': [1, 1, 1, 1, 1, 1, 1, 1, 1, 1], 'B': [1, 1, 1, 0, 1, 1, 0, 1, 1, 0]}, '南门东侧': {'A': [1, 0, 1, 1, 1, 1, 1, 1, 0, 1], 'B': [0, 0, 1, 1, 1, 1, 0, 1, 1, 0]}, '北门东北侧': {'A': [1, 1, 1, 1, 1, 1, 1, 1, 1, 1], 'B': [0, 1, 1, 1, 1, 1, 0, 1, 1, 1], 'C': [0, 0, 1, 1, 1, 1, 0, 1, 1, 1], 'D': [1, 1, 1, 0, 1, 1, 1, 1, 1, 1]}, '北门东南侧': {'A': [1, 1, 1, 1, 1, 1, 1, 1, 1, 0], 'B': [1, 1, 0, 1, 1, 0, 1, 1, 1, 1], 'C': [1, 0, 0, 1, 1, 0, 0, 1, 1, 1], 'D': [0, 0, 1, 0, 1, 1, 1, 0, 0, 1], 'E': [0, 1, 1, 0, 1, 1, 0, 1, 0, 0], 'F': [1, 1, 1, 1, 1, 0, 1, 1, 1, 1]}, '橘园北侧南': {'A': [0, 0, 0, 1, 1, 0, 1, 0, 1, 1], 'B': [1, 1, 1, 1, 1, 1, 1, 0, 1, 1], 'C': [0, 1, 1, 1, 1, 1, 0, 0, 0, 0], 'D': [1, 1, 0, 1, 1, 1, 1, 0, 1, 1], 'E': [0, 1, 1, 1, 1, 1, 0, 1, 1, 1], 'F': [0, 0, 0, 1, 1, 1, 1, 1, 0, 0], 'G': [0, 0, 1, 1, 1, 1, 0, 0, 1, 1], 'H': [1, 1, 1, 1, 1, 1, 1, 1, 1, 1], 'I': [0, 0, 1, 0, 1, 1, 1, 1, 0, 1], 'J': [0, 0, 0, 0, 1, 1, 1, 1, 1, 0]}, '校医院西': {'A': [1, 1, 1, 1, 1, 1, 1, 1, 1, 1], 'B': [0, 1, 1, 1, 1, 1, 1, 1, 1, 1], 'C': [1, 1, 1, 1, 1, 1, 1, 1, 1, 1], 'D': [1, 1, 1, 0, 1, 1, 1, 1, 1, 1], 'E': [1, 0, 1, 1, 1, 1, 1, 0, 1, 1], 'F': [1, 1, 1, 1, 0, 1, 1, 1, 1, 1], 'G': [0, 1, 1, 0, 0, 1, 1, 1, 0, 0], 'H': [1, 0, 1, 1, 0, 1, 0, 1, 1, 1], 'I': [1, 1, 0, 0, 0, 1, 0, 1, 0, 0]}}
623670	2024-07-13 11:55:22.061000+08:00	2024-07-13 11:55:22.061000+08:00	{'东门北侧': {'A': [1, 1, 1, 1, 1, 1, 1, 1, 1, 1], 'B': [1, 1, 1, 1, 1, 1, 1, 1, 1, 1], 'C': [1, 1, 1, 1, 1, 1, 1, 1, 1, 1], 'D': [1, 1, 1, 1, 1, 0, 1, 1, 1, 1], 'E': [1, 1, 0, 1, 1, 1, 1, 1, 1, 1], 'F': [1, 1, 1, 1, 1, 1, 1, 1, 1, 1], 'G': [1, 1, 1, 1, 1, 1, 1, 1, 1, 1], 'H': [1, 1, 1, 1, 1, 1, 1, 1, 1, 0], 'I': [1, 0, 1, 1, 1, 1, 0, 1, 1, 1], 'J': [1, 1, 0, 0, 0, 1, 1, 1, 1, 1], 'K': [0, 0, 1, 0, 1, 1, 1, 1, 1, 1]}, '东门南侧': {'A': [1, 0, 1, 1, 1, 1, 1, 1, 0, 1], 'B': [0, 0, 0, 0, 0, 0, 0, 0, 0, 0]}, '西门北侧': {'A': [1, 1, 1, 1, 1, 1, 1, 1, 1, 1], 'B': [1, 1, 1, 1, 1, 1, 1, 1, 1, 0], 'C': [1, 1, 1, 1, 1, 0, 1, 1, 1, 0]}, '西门南侧': {'A': [1, 1, 1, 1, 1, 1, 0, 1, 1, 1], 'B': [1, 1, 1, 1, 1, 1, 1, 1, 1, 1], 'C': [1, 1, 1, 1, 0, 1, 1, 1, 1, 1]}, '南门西侧': {'A': [1, 1, 1, 1, 1, 1, 1, 1, 1, 1], 'B': [1, 1, 1, 0, 1, 1, 0, 1, 1, 0]}, '南门东侧': {'A': [1, 0, 1, 1, 1, 1, 1, 1, 0, 1], 'B': [0, 0, 1, 1, 1, 1, 0, 1, 1, 0]}, '北门东北侧': {'A': [1, 1, 1, 1, 1, 1, 1, 1, 1, 1], 'B': [0, 1, 1, 1, 1, 1, 0, 1, 1, 1], 'C': [0, 0, 1, 1, 1, 1, 0, 1, 1, 1], 'D': [1, 1, 1, 0, 1, 1, 1, 1, 1, 1]}, '北门东南侧': {'A': [1, 1, 1, 1, 1, 1, 1, 1, 1, 0], 'B': [1, 1, 0, 1, 1, 0, 1, 1, 1, 1], 'C': [1, 0, 0, 1, 1, 0, 0, 1, 1, 1], 'D': [0, 0, 1, 0, 1, 1, 1, 0, 0, 1], 'E': [0, 1, 1, 0, 1, 1, 0, 1, 0, 0], 'F': [1, 1, 1, 1, 1, 0, 1, 1, 1, 1]}, '橘园北侧南': {'A': [0, 0, 0, 1, 1, 0, 1, 0, 1, 1], 'B': [1, 1, 1, 1, 1, 1, 1, 0, 1, 1], 'C': [0, 1, 1, 1, 1, 1, 0, 0, 0, 0], 'D': [1, 1, 0, 1, 1, 1, 1, 0, 1, 1], 'E': [0, 1, 1, 1, 1, 1, 0, 1, 1, 1], 'F': [0, 0, 0, 1, 1, 1, 1, 1, 0, 0], 'G': [0, 0, 1, 1, 1, 1, 0, 0, 1, 1], 'H': [1, 1, 1, 1, 1, 1, 1, 1, 1, 1], 'I': [0, 0, 1, 0, 1, 1, 1, 1, 0, 1], 'J': [0, 0, 0, 0, 1, 1, 1, 1, 1, 0]}, '校医院西': {'A': [1, 1, 1, 1, 1, 1, 1, 1, 1, 1], 'B': [0, 1, 1, 1, 1, 1, 1, 1, 1, 1], 'C': [1, 1, 1, 1, 1, 1, 1, 1, 1, 1], 'D': [1, 1, 1, 0, 1, 1, 1, 1, 1, 1], 'E': [1, 0, 1, 1, 1, 1, 1, 0, 1, 1], 'F': [1, 1, 1, 1, 0, 1, 1, 1, 1, 1], 'G': [0, 1, 1, 0, 0, 1, 1, 1, 0, 0], 'H': [1, 0, 1, 1, 0, 1, 0, 1, 1, 1], 'I': [1, 1, 0, 0, 0, 1, 0, 1, 0, 0]}}
623671	2024-07-13 11:56:20.862000+08:00	2024-07-13 11:56:20.862000+08:00	{'东门北侧': {'A': [1, 1, 1, 1, 1, 1, 1, 1, 1, 1], 'B': [1, 1, 1, 1, 1, 1, 1, 1, 1, 1], 'C': [1, 1, 1, 1, 1, 1, 1, 1, 1, 1], 'D': [1, 1, 1, 1, 1, 0, 1, 1, 1, 1], 'E': [1, 1, 0, 1, 1, 1, 1, 1, 1, 1], 'F': [1, 1, 1, 1, 1, 1, 1, 1, 1, 1], 'G': [1, 1, 1, 1, 1, 1, 1, 1, 1, 1], 'H': [1, 1, 1, 1, 1, 1, 1, 1, 1, 0], 'I': [1, 0, 1, 1, 1, 1, 0, 1, 1, 1], 'J': [1, 1, 0, 0, 0, 1, 1, 1, 1, 1], 'K': [0, 0, 1, 0, 1, 1, 1, 1, 1, 1]}, '东门南侧': {'A': [1, 0, 1, 1, 1, 1, 1, 1, 0, 1], 'B': [0, 0, 0, 0, 0, 0, 0, 0, 0, 0]}, '西门北侧': {'A': [1, 1, 1, 1, 1, 1, 1, 1, 1, 1], 'B': [1, 1, 1, 1, 1, 1, 1, 1, 1, 0], 'C': [1, 1, 1, 1, 1, 0, 1, 1, 1, 0]}, '西门南侧': {'A': [1, 1, 1, 1, 1, 1, 0, 1, 1, 1], 'B': [1, 1, 1, 1, 1, 1, 1, 1, 1, 1], 'C': [1, 1, 1, 1, 0, 1, 1, 1, 1, 1]}, '南门西侧': {'A': [1, 1, 1, 1, 1, 1, 1, 1, 1, 1], 'B': [1, 1, 1, 0, 1, 1, 0, 1, 1, 0]}, '南门东侧': {'A': [1, 0, 1, 1, 1, 1, 1, 1, 0, 1], 'B': [0, 0, 1, 1, 1, 1, 0, 1, 1, 0]}, '北门东北侧': {'A': [1, 1, 1, 1, 1, 1, 1, 1, 1, 1], 'B': [0, 1, 1, 1, 1, 1, 0, 1, 1, 1], 'C': [0, 0, 1, 1, 1, 1, 0, 1, 1, 1], 'D': [1, 1, 1, 0, 1, 1, 1, 1, 1, 1]}, '北门东南侧': {'A': [1, 1, 1, 1, 1, 1, 1, 1, 1, 0], 'B': [1, 1, 0, 1, 1, 0, 1, 1, 1, 1], 'C': [1, 0, 0, 1, 1, 0, 0, 1, 1, 1], 'D': [0, 0, 1, 0, 1, 1, 1, 0, 0, 1], 'E': [0, 1, 1, 0, 1, 1, 0, 1, 0, 0], 'F': [1, 1, 1, 1, 1, 0, 1, 1, 1, 1]}, '橘园北侧南': {'A': [0, 0, 0, 1, 1, 0, 1, 0, 1, 1], 'B': [1, 1, 1, 1, 1, 1, 1, 0, 1, 1], 'C': [0, 1, 1, 1, 1, 1, 0, 0, 0, 0], 'D': [1, 1, 0, 1, 1, 1, 1, 0, 1, 1], 'E': [0, 1, 1, 1, 1, 1, 0, 0, 1, 1], 'F': [0, 0, 0, 1, 1, 1, 1, 1, 0, 0], 'G': [0, 0, 1, 1, 1, 1, 0, 0, 1, 0], 'H': [1, 1, 1, 1, 1, 1, 1, 1, 1, 1], 'I': [0, 0, 1, 0, 1, 1, 1, 1, 0, 1], 'J': [0, 0, 0, 0, 1, 1, 1, 1, 1, 0]}, '校医院西': {'A': [1, 1, 1, 1, 1, 1, 1, 1, 1, 1], 'B': [0, 1, 1, 1, 1, 1, 1, 1, 1, 1], 'C': [1, 1, 1, 1, 1, 1, 1, 1, 1, 1], 'D': [1, 1, 1, 0, 1, 1, 1, 1, 1, 1], 'E': [1, 0, 1, 1, 1, 1, 1, 0, 1, 1], 'F': [1, 1, 1, 1, 0, 1, 1, 1, 1, 1], 'G': [0, 1, 1, 0, 0, 1, 1, 1, 0, 0], 'H': [1, 0, 1, 1, 0, 1, 0, 1, 1, 1], 'I': [1, 1, 0, 0, 0, 0, 0, 1, 0, 0]}}
623672	2024-07-13 11:57:22.060000+08:00	2024-07-13 11:57:22.060000+08:00	{'东门北侧': {'A': [1, 1, 1, 1, 1, 1, 1, 1, 1, 1], 'B': [1, 1, 1, 1, 1, 1, 1, 1, 1, 1], 'C': [1, 1, 1, 1, 1, 1, 1, 1, 1, 1], 'D': [1, 1, 1, 1, 1, 0, 1, 1, 1, 1], 'E': [1, 1, 0, 1, 1, 1, 1, 1, 1, 1], 'F': [1, 1, 1, 1, 1, 1, 1, 1, 1, 1], 'G': [1, 1, 1, 1, 1, 1, 1, 1, 1, 1], 'H': [1, 1, 1, 1, 1, 1, 1, 1, 1, 0], 'I': [1, 0, 1, 1, 1, 1, 0, 1, 1, 1], 'J': [1, 1, 0, 0, 0, 1, 1, 1, 1, 1], 'K': [0, 0, 1, 0, 1, 1, 1, 1, 1, 1]}, '东门南侧': {'A': [1, 0, 1, 1, 1, 1, 1, 1, 0, 1], 'B': [0, 0, 0, 0, 0, 0, 0, 0, 0, 0]}, '西门北侧': {'A': [1, 1, 1, 1, 1, 1, 1, 1, 1, 1], 'B': [1, 1, 1, 1, 1, 1, 1, 1, 1, 0], 'C': [1, 1, 1, 1, 1, 0, 1, 1, 1, 0]}, '西门南侧': {'A': [1, 1, 1, 1, 1, 1, 0, 1, 1, 1], 'B': [1, 1, 1, 1, 1, 1, 1, 1, 1, 1], 'C': [1, 1, 1, 1, 0, 1, 1, 1, 1, 1]}, '南门西侧': {'A': [1, 1, 1, 1, 1, 1, 1, 1, 1, 1], 'B': [1, 1, 1, 0, 1, 1, 0, 1, 1, 0]}, '南门东侧': {'A': [1, 0, 1, 1, 1, 1, 1, 1, 0, 1], 'B': [0, 0, 1, 1, 1, 1, 0, 1, 1, 0]}, '北门东北侧': {'A': [1, 1, 1, 1, 1, 1, 1, 1, 1, 1], 'B': [0, 1, 1, 1, 1, 1, 0, 1, 1, 1], 'C': [0, 0, 1, 1, 1, 1, 0, 1, 1, 1], 'D': [1, 1, 1, 0, 1, 1, 1, 1, 1, 1]}, '北门东南侧': {'A': [1, 1, 1, 1, 1, 1, 1, 1, 1, 0], 'B': [1, 1, 0, 1, 1, 0, 1, 1, 1, 1], 'C': [1, 0, 0, 1, 1, 0, 0, 1, 1, 1], 'D': [0, 0, 1, 0, 1, 1, 1, 0, 0, 1], 'E': [0, 1, 1, 0, 1, 1, 0, 1, 0, 0], 'F': [1, 1, 1, 1, 1, 0, 1, 1, 1, 1]}, '橘园北侧南': {'A': [0, 0, 0, 1, 1, 0, 1, 0, 1, 1], 'B': [1, 1, 1, 1, 1, 1, 1, 0, 1, 1], 'C': [0, 1, 1, 1, 1, 1, 0, 0, 0, 0], 'D': [1, 1, 0, 1, 1, 1, 1, 0, 1, 1], 'E': [0, 1, 1, 1, 1, 1, 0, 0, 1, 1], 'F': [0, 0, 0, 1, 1, 1, 1, 1, 0, 0], 'G': [0, 0, 1, 1, 1, 1, 0, 0, 1, 0], 'H': [1, 1, 1, 1, 1, 1, 1, 1, 1, 1], 'I': [0, 0, 1, 0, 1, 1, 1, 1, 0, 1], 'J': [0, 0, 0, 0, 1, 1, 1, 1, 1, 0]}, '校医院西': {'A': [1, 1, 1, 1, 1, 1, 1, 1, 1, 1], 'B': [0, 1, 1, 1, 1, 1, 1, 1, 1, 1], 'C': [1, 1, 1, 1, 1, 1, 1, 1, 1, 1], 'D': [1, 1, 1, 0, 1, 1, 1, 1, 1, 1], 'E': [1, 0, 1, 1, 1, 1, 1, 0, 1, 1], 'F': [1, 1, 1, 1, 0, 1, 1, 1, 1, 1], 'G': [0, 1, 1, 0, 0, 1, 1, 1, 0, 0], 'H': [1, 0, 1, 1, 0, 1, 0, 1, 1, 1], 'I': [1, 1, 0, 0, 0, 0, 0, 1, 0, 0]}}
623673	2024-07-13 11:58:23.862000+08:00	2024-07-13 11:58:23.862000+08:00	{'东门北侧': {'A': [1, 1, 1, 1, 1, 1, 1, 1, 1, 1], 'B': [1, 1, 1, 1, 1, 1, 1, 1, 1, 1], 'C': [1, 1, 1, 1, 1, 1, 1, 1, 1, 1], 'D': [1, 1, 1, 1, 1, 0, 1, 1, 1, 1], 'E': [1, 1, 0, 1, 1, 1, 1, 1, 1, 1], 'F': [1, 1, 1, 1, 1, 1, 1, 1, 1, 1], 'G': [1, 1, 1, 1, 1, 1, 1, 1, 1, 1], 'H': [1, 1, 1, 1, 1, 1, 1, 1, 1, 0], 'I': [1, 0, 1, 1, 1, 1, 0, 1, 1, 1], 'J': [1, 1, 0, 0, 0, 1, 1, 1, 1, 1], 'K': [0, 0, 1, 0, 1, 1, 1, 1, 1, 1]}, '东门南侧': {'A': [1, 0, 1, 1, 1, 1, 1, 1, 0, 1], 'B': [0, 0, 0, 0, 0, 0, 0, 0, 0, 0]}, '西门北侧': {'A': [1, 1, 1, 1, 1, 1, 1, 1, 1, 1], 'B': [1, 1, 1, 1, 1, 1, 1, 1, 1, 0], 'C': [1, 1, 1, 1, 1, 0, 1, 1, 1, 0]}, '西门南侧': {'A': [1, 1, 1, 1, 1, 1, 0, 1, 1, 1], 'B': [1, 1, 1, 1, 1, 1, 1, 1, 1, 1], 'C': [1, 1, 1, 1, 0, 1, 1, 1, 1, 1]}, '南门西侧': {'A': [1, 1, 1, 1, 1, 1, 1, 1, 1, 1], 'B': [1, 1, 1, 0, 1, 1, 0, 1, 1, 0]}, '南门东侧': {'A': [1, 0, 1, 1, 1, 1, 1, 1, 0, 1], 'B': [0, 0, 1, 1, 1, 1, 0, 1, 1, 0]}, '北门东北侧': {'A': [1, 1, 1, 1, 1, 1, 1, 1, 1, 1], 'B': [0, 1, 1, 1, 1, 1, 0, 1, 1, 1], 'C': [0, 0, 1, 1, 1, 1, 0, 1, 1, 1], 'D': [1, 1, 1, 0, 1, 1, 1, 1, 1, 1]}, '北门东南侧': {'A': [1, 1, 1, 1, 1, 1, 1, 1, 1, 0], 'B': [1, 1, 0, 1, 1, 0, 1, 1, 1, 1], 'C': [1, 0, 0, 1, 1, 0, 0, 1, 1, 1], 'D': [0, 0, 1, 0, 1, 1, 1, 0, 0, 1], 'E': [0, 1, 1, 0, 1, 1, 0, 1, 0, 0], 'F': [1, 1, 1, 1, 1, 0, 1, 1, 1, 1]}, '橘园北侧南': {'A': [0, 0, 0, 1, 1, 0, 1, 0, 1, 1], 'B': [1, 1, 1, 1, 1, 1, 1, 0, 1, 1], 'C': [0, 1, 1, 1, 1, 1, 0, 0, 0, 0], 'D': [1, 1, 0, 1, 1, 1, 1, 0, 1, 1], 'E': [0, 1, 1, 1, 1, 1, 0, 0, 1, 1], 'F': [0, 0, 0, 1, 1, 1, 1, 1, 0, 0], 'G': [0, 0, 1, 1, 1, 1, 0, 0, 1, 0], 'H': [1, 1, 1, 1, 1, 1, 0, 1, 1, 1], 'I': [0, 0, 1, 0, 1, 1, 1, 1, 0, 1], 'J': [0, 0, 0, 0, 1, 1, 1, 1, 1, 0]}, '校医院西': {'A': [1, 1, 1, 1, 1, 1, 1, 1, 1, 1], 'B': [0, 1, 1, 1, 1, 1, 1, 1, 1, 1], 'C': [1, 1, 1, 1, 1, 1, 1, 1, 1, 1], 'D': [1, 1, 1, 0, 1, 1, 1, 1, 1, 1], 'E': [1, 0, 1, 1, 1, 1, 1, 0, 1, 1], 'F': [1, 1, 1, 1, 0, 1, 1, 1, 1, 1], 'G': [0, 1, 1, 0, 0, 1, 1, 1, 0, 0], 'H': [1, 0, 1, 1, 0, 1, 0, 1, 1, 1], 'I': [1, 1, 0, 0, 0, 0, 0, 1, 0, 0]}}
623674	2024-07-13 11:59:24.070000+08:00	2024-07-13 11:59:24.070000+08:00	{'东门北侧': {'A': [1, 1, 1, 1, 1, 1, 1, 1, 1, 1], 'B': [1, 1, 1, 1, 1, 1, 1, 1, 1, 1], 'C': [1, 1, 1, 1, 1, 1, 1, 1, 1, 1], 'D': [1, 1, 1, 1, 1, 0, 1, 1, 1, 1], 'E': [1, 1, 0, 1, 1, 1, 1, 1, 1, 1], 'F': [1, 1, 1, 1, 1, 1, 1, 1, 1, 1], 'G': [1, 1, 1, 1, 1, 1, 1, 1, 1, 1], 'H': [1, 1, 1, 1, 1, 1, 1, 1, 1, 0], 'I': [1, 0, 1, 1, 1, 1, 0, 1, 1, 1], 'J': [1, 1, 0, 0, 0, 1, 1, 1, 1, 1], 'K': [0, 0, 1, 0, 1, 1, 1, 1, 1, 1]}, '东门南侧': {'A': [1, 0, 1, 1, 1, 1, 1, 1, 0, 1], 'B': [0, 0, 0, 0, 0, 0, 0, 0, 0, 0]}, '西门北侧': {'A': [1, 1, 1, 1, 1, 1, 1, 1, 1, 1], 'B': [1, 1, 1, 1, 1, 1, 1, 1, 1, 0], 'C': [1, 1, 1, 1, 1, 0, 1, 1, 1, 0]}, '西门南侧': {'A': [1, 1, 1, 1, 1, 1, 0, 1, 1, 1], 'B': [1, 1, 1, 1, 1, 1, 1, 1, 1, 1], 'C': [1, 1, 1, 1, 0, 1, 1, 1, 1, 1]}, '南门西侧': {'A': [1, 1, 1, 1, 1, 1, 1, 1, 1, 1], 'B': [1, 1, 1, 0, 1, 1, 0, 1, 1, 0]}, '南门东侧': {'A': [1, 0, 1, 1, 1, 1, 1, 1, 0, 1], 'B': [0, 0, 1, 1, 1, 1, 0, 1, 1, 0]}, '北门东北侧': {'A': [1, 1, 1, 1, 1, 1, 1, 1, 1, 1], 'B': [0, 1, 1, 1, 1, 1, 0, 1, 1, 1], 'C': [0, 0, 1, 1, 1, 1, 0, 1, 1, 1], 'D': [1, 1, 1, 0, 1, 1, 1, 1, 1, 1]}, '北门东南侧': {'A': [1, 1, 1, 1, 1, 1, 1, 1, 1, 0], 'B': [1, 1, 0, 1, 1, 0, 1, 1, 1, 1], 'C': [1, 0, 0, 1, 1, 0, 0, 1, 1, 1], 'D': [0, 0, 1, 0, 1, 1, 1, 0, 0, 1], 'E': [0, 1, 1, 0, 1, 1, 0, 1, 0, 0], 'F': [1, 1, 1, 1, 1, 0, 1, 1, 1, 1]}, '橘园北侧南': {'A': [0, 0, 0, 1, 1, 0, 1, 0, 1, 1], 'B': [1, 1, 1, 1, 1, 1, 1, 0, 1, 1], 'C': [0, 1, 1, 1, 1, 1, 0, 0, 0, 0], 'D': [1, 1, 0, 1, 1, 1, 1, 0, 1, 1], 'E': [0, 1, 1, 1, 1, 1, 0, 0, 1, 1], 'F': [0, 0, 0, 1, 1, 1, 1, 1, 0, 0], 'G': [0, 0, 1, 1, 1, 1, 0, 0, 1, 0], 'H': [1, 1, 1, 1, 1, 1, 0, 1, 1, 1], 'I': [0, 0, 1, 0, 1, 1, 1, 1, 0, 1], 'J': [0, 0, 0, 0, 1, 1, 1, 1, 1, 0]}, '校医院西': {'A': [1, 1, 1, 1, 1, 1, 1, 1, 1, 1], 'B': [0, 1, 1, 1, 1, 1, 1, 1, 1, 1], 'C': [1, 1, 1, 1, 1, 1, 1, 1, 1, 1], 'D': [1, 1, 1, 0, 1, 1, 1, 1, 1, 1], 'E': [1, 0, 1, 1, 1, 1, 1, 0, 1, 1], 'F': [1, 1, 1, 1, 0, 1, 1, 1, 1, 1], 'G': [0, 1, 1, 0, 0, 1, 1, 1, 0, 0], 'H': [1, 0, 1, 1, 0, 1, 0, 1, 1, 1], 'I': [1, 1, 0, 0, 0, 0, 0, 1, 0, 0]}}
623675	2024-07-13 12:00:24.354000+08:00	2024-07-13 12:00:24.354000+08:00	{'东门北侧': {'A': [1, 1, 1, 1, 1, 1, 1, 1, 1, 1], 'B': [1, 1, 1, 1, 1, 1, 1, 1, 1, 1], 'C': [1, 1, 1, 1, 1, 1, 1, 1, 1, 1], 'D': [1, 1, 1, 1, 1, 0, 1, 1, 1, 1], 'E': [1, 1, 0, 1, 1, 1, 1, 1, 1, 1], 'F': [1, 1, 1, 1, 1, 1, 1, 1, 1, 1], 'G': [1, 1, 1, 1, 1, 1, 1, 1, 1, 1], 'H': [1, 1, 1, 1, 1, 1, 1, 1, 1, 0], 'I': [1, 0, 1, 1, 1, 1, 0, 1, 1, 1], 'J': [1, 1, 0, 0, 0, 1, 1, 1, 1, 1], 'K': [0, 0, 1, 0, 1, 1, 1, 1, 1, 1]}, '东门南侧': {'A': [1, 0, 1, 1, 1, 1, 1, 1, 0, 1], 'B': [0, 0, 0, 0, 0, 0, 0, 0, 0, 0]}, '西门北侧': {'A': [1, 1, 1, 1, 1, 1, 1, 1, 1, 1], 'B': [1, 1, 1, 1, 1, 1, 1, 1, 1, 0], 'C': [1, 1, 1, 1, 1, 0, 1, 1, 1, 0]}, '西门南侧': {'A': [1, 1, 1, 1, 1, 1, 0, 1, 1, 1], 'B': [1, 1, 1, 1, 1, 1, 1, 1, 1, 1], 'C': [1, 1, 1, 1, 0, 1, 1, 1, 1, 1]}, '南门西侧': {'A': [1, 1, 1, 1, 1, 1, 1, 1, 1, 1], 'B': [1, 1, 1, 0, 1, 1, 0, 1, 1, 0]}, '南门东侧': {'A': [1, 0, 1, 1, 1, 1, 1, 1, 0, 1], 'B': [0, 0, 1, 1, 1, 1, 0, 1, 1, 0]}, '北门东北侧': {'A': [1, 1, 1, 1, 1, 1, 1, 1, 1, 1], 'B': [0, 1, 1, 1, 1, 1, 0, 1, 1, 1], 'C': [0, 0, 1, 1, 1, 1, 0, 1, 1, 1], 'D': [1, 1, 1, 0, 1, 1, 1, 1, 1, 1]}, '北门东南侧': {'A': [1, 1, 1, 1, 1, 1, 1, 1, 1, 0], 'B': [1, 1, 0, 1, 1, 0, 1, 1, 1, 1], 'C': [1, 0, 0, 1, 1, 0, 0, 1, 1, 1], 'D': [0, 0, 1, 0, 1, 1, 1, 0, 0, 1], 'E': [0, 1, 1, 0, 1, 1, 0, 1, 0, 0], 'F': [1, 1, 1, 1, 1, 0, 1, 1, 1, 1]}, '橘园北侧南': {'A': [0, 0, 0, 1, 1, 0, 1, 0, 1, 1], 'B': [1, 1, 1, 1, 1, 1, 1, 0, 1, 1], 'C': [0, 1, 1, 1, 1, 1, 0, 0, 0, 0], 'D': [1, 1, 0, 1, 1, 1, 1, 0, 1, 1], 'E': [0, 1, 1, 1, 1, 1, 0, 0, 1, 1], 'F': [0, 0, 0, 1, 1, 1, 1, 1, 0, 0], 'G': [0, 0, 1, 1, 1, 1, 0, 0, 1, 0], 'H': [1, 1, 1, 1, 1, 1, 0, 1, 1, 1], 'I': [0, 0, 0, 0, 1, 1, 1, 1, 0, 1], 'J': [0, 0, 0, 0, 1, 1, 1, 1, 1, 0]}, '校医院西': {'A': [1, 1, 1, 1, 1, 1, 1, 1, 1, 1], 'B': [0, 1, 1, 1, 1, 1, 1, 1, 1, 1], 'C': [1, 1, 1, 1, 1, 1, 1, 1, 1, 1], 'D': [1, 1, 1, 0, 1, 1, 1, 1, 1, 1], 'E': [1, 0, 1, 1, 1, 1, 1, 0, 1, 1], 'F': [1, 1, 1, 1, 0, 1, 1, 1, 1, 1], 'G': [0, 1, 1, 0, 0, 1, 1, 1, 0, 0], 'H': [1, 0, 1, 1, 0, 1, 0, 1, 1, 1], 'I': [1, 1, 0, 0, 0, 0, 0, 1, 0, 0]}}
623676	2024-07-13 12:01:23.051000+08:00	2024-07-13 12:01:23.051000+08:00	{'东门北侧': {'A': [1, 1, 1, 1, 1, 1, 1, 1, 1, 1], 'B': [1, 1, 1, 1, 1, 1, 1, 1, 1, 1], 'C': [1, 1, 1, 1, 1, 1, 1, 1, 1, 1], 'D': [1, 1, 1, 1, 1, 0, 1, 1, 1, 1], 'E': [1, 1, 0, 1, 1, 1, 1, 1, 1, 1], 'F': [1, 1, 1, 1, 1, 1, 1, 1, 1, 1], 'G': [1, 1, 1, 1, 1, 1, 1, 1, 1, 1], 'H': [1, 1, 1, 1, 1, 1, 1, 1, 1, 0], 'I': [1, 0, 1, 1, 1, 1, 0, 1, 1, 1], 'J': [1, 1, 0, 0, 0, 1, 1, 1, 1, 1], 'K': [0, 0, 1, 0, 1, 1, 1, 1, 1, 1]}, '东门南侧': {'A': [1, 0, 1, 1, 1, 1, 1, 1, 0, 1], 'B': [0, 0, 0, 0, 0, 0, 0, 0, 0, 0]}, '西门北侧': {'A': [1, 1, 1, 1, 1, 1, 1, 1, 1, 1], 'B': [1, 1, 1, 1, 1, 1, 1, 1, 1, 0], 'C': [1, 1, 1, 1, 1, 0, 1, 1, 1, 0]}, '西门南侧': {'A': [1, 1, 1, 1, 1, 1, 0, 1, 1, 1], 'B': [1, 1, 1, 1, 1, 1, 1, 1, 1, 1], 'C': [1, 1, 1, 1, 0, 1, 1, 1, 1, 1]}, '南门西侧': {'A': [1, 1, 1, 1, 1, 1, 1, 1, 1, 1], 'B': [1, 1, 1, 0, 1, 1, 0, 1, 1, 0]}, '南门东侧': {'A': [1, 0, 1, 1, 1, 1, 1, 1, 0, 1], 'B': [0, 0, 1, 1, 1, 1, 0, 1, 1, 0]}, '北门东北侧': {'A': [1, 1, 1, 1, 1, 1, 1, 1, 1, 1], 'B': [0, 1, 1, 1, 1, 1, 0, 1, 1, 1], 'C': [0, 0, 1, 1, 1, 1, 0, 1, 1, 1], 'D': [1, 1, 1, 0, 1, 1, 1, 1, 1, 1]}, '北门东南侧': {'A': [1, 1, 1, 1, 1, 1, 1, 1, 1, 0], 'B': [1, 1, 0, 1, 1, 0, 1, 1, 1, 1], 'C': [1, 0, 0, 1, 1, 0, 0, 1, 1, 1], 'D': [0, 0, 1, 0, 1, 1, 1, 0, 0, 1], 'E': [0, 1, 1, 0, 1, 1, 0, 1, 0, 0], 'F': [1, 1, 1, 1, 1, 0, 1, 1, 1, 1]}, '橘园北侧南': {'A': [0, 0, 0, 1, 1, 0, 1, 0, 1, 1], 'B': [1, 1, 1, 1, 1, 1, 1, 0, 1, 1], 'C': [0, 1, 1, 1, 1, 1, 0, 0, 0, 0], 'D': [1, 1, 0, 1, 1, 1, 1, 0, 1, 1], 'E': [0, 1, 1, 1, 1, 1, 0, 0, 1, 1], 'F': [0, 0, 0, 1, 1, 1, 1, 1, 0, 0], 'G': [0, 0, 1, 1, 1, 1, 0, 0, 1, 0], 'H': [1, 1, 1, 1, 1, 1, 0, 1, 1, 1], 'I': [0, 0, 0, 0, 1, 1, 1, 1, 0, 1], 'J': [0, 0, 0, 0, 1, 1, 1, 1, 1, 0]}, '校医院西': {'A': [1, 1, 1, 1, 1, 1, 1, 1, 1, 1], 'B': [0, 1, 1, 1, 1, 1, 1, 1, 1, 1], 'C': [1, 1, 1, 1, 1, 1, 1, 1, 1, 1], 'D': [1, 1, 1, 0, 1, 1, 1, 1, 1, 1], 'E': [1, 0, 1, 1, 1, 1, 1, 0, 1, 1], 'F': [1, 1, 1, 1, 0, 1, 1, 1, 1, 1], 'G': [0, 1, 1, 0, 0, 1, 1, 1, 0, 0], 'H': [1, 0, 1, 1, 0, 1, 0, 1, 1, 1], 'I': [1, 1, 0, 0, 0, 0, 0, 1, 0, 0]}}
623677	2024-07-13 12:02:21.858000+08:00	2024-07-13 12:02:21.858000+08:00	{'东门北侧': {'A': [1, 1, 1, 1, 1, 1, 1, 1, 1, 1], 'B': [1, 1, 1, 1, 1, 1, 1, 1, 1, 1], 'C': [1, 1, 1, 1, 1, 1, 1, 1, 1, 1], 'D': [1, 1, 1, 1, 1, 0, 1, 1, 1, 1], 'E': [1, 1, 0, 1, 1, 1, 1, 1, 1, 1], 'F': [1, 1, 1, 1, 1, 1, 1, 1, 1, 1], 'G': [1, 1, 1, 1, 1, 1, 1, 1, 1, 1], 'H': [1, 1, 1, 1, 1, 1, 1, 1, 1, 0], 'I': [1, 0, 1, 1, 1, 1, 0, 1, 1, 1], 'J': [1, 1, 0, 0, 0, 1, 1, 1, 1, 1], 'K': [0, 0, 1, 0, 1, 1, 1, 1, 1, 1]}, '东门南侧': {'A': [1, 0, 1, 1, 1, 1, 1, 0, 0, 1], 'B': [0, 0, 0, 0, 0, 0, 0, 0, 0, 0]}, '西门北侧': {'A': [1, 1, 1, 1, 1, 1, 1, 1, 1, 1], 'B': [1, 1, 1, 1, 1, 1, 1, 1, 1, 0], 'C': [1, 1, 1, 1, 1, 0, 1, 1, 1, 0]}, '西门南侧': {'A': [1, 1, 1, 1, 1, 1, 0, 1, 1, 1], 'B': [1, 1, 1, 1, 1, 1, 1, 1, 1, 1], 'C': [1, 1, 1, 1, 0, 1, 1, 1, 1, 1]}, '南门西侧': {'A': [1, 1, 1, 1, 1, 1, 1, 1, 1, 1], 'B': [1, 1, 1, 0, 1, 1, 0, 1, 1, 0]}, '南门东侧': {'A': [1, 0, 1, 1, 1, 1, 1, 1, 0, 1], 'B': [0, 0, 1, 1, 1, 1, 0, 1, 1, 0]}, '北门东北侧': {'A': [1, 1, 1, 1, 1, 1, 1, 1, 1, 1], 'B': [0, 1, 1, 1, 1, 1, 0, 1, 1, 1], 'C': [0, 0, 1, 1, 1, 1, 0, 1, 1, 1], 'D': [1, 1, 1, 0, 1, 1, 1, 1, 1, 1]}, '北门东南侧': {'A': [1, 1, 1, 1, 1, 1, 1, 1, 1, 0], 'B': [1, 1, 0, 1, 1, 0, 1, 1, 1, 1], 'C': [1, 0, 0, 1, 1, 0, 0, 1, 1, 1], 'D': [0, 0, 1, 0, 1, 1, 1, 0, 0, 1], 'E': [0, 1, 1, 0, 1, 1, 0, 1, 0, 0], 'F': [1, 1, 1, 1, 1, 0, 1, 1, 1, 1]}, '橘园北侧南': {'A': [0, 0, 0, 1, 1, 0, 1, 0, 1, 1], 'B': [1, 1, 1, 1, 1, 1, 1, 0, 1, 1], 'C': [0, 1, 1, 1, 1, 1, 0, 0, 0, 0], 'D': [1, 1, 0, 1, 1, 1, 1, 0, 1, 1], 'E': [0, 1, 1, 1, 1, 1, 0, 0, 1, 1], 'F': [0, 0, 0, 1, 1, 1, 1, 1, 0, 0], 'G': [0, 0, 1, 1, 1, 1, 0, 0, 1, 0], 'H': [1, 1, 1, 1, 1, 1, 0, 1, 1, 1], 'I': [0, 0, 0, 0, 1, 1, 1, 1, 0, 1], 'J': [0, 0, 0, 0, 1, 1, 1, 1, 1, 0]}, '校医院西': {'A': [1, 1, 1, 1, 1, 1, 1, 1, 1, 1], 'B': [0, 1, 1, 1, 1, 1, 1, 1, 1, 1], 'C': [1, 1, 1, 1, 1, 1, 1, 1, 1, 1], 'D': [1, 1, 1, 0, 1, 1, 1, 1, 1, 1], 'E': [1, 0, 1, 1, 1, 1, 1, 0, 1, 1], 'F': [1, 1, 1, 1, 0, 1, 1, 1, 1, 1], 'G': [0, 1, 1, 0, 0, 1, 1, 1, 0, 0], 'H': [1, 0, 1, 1, 0, 1, 0, 1, 1, 1], 'I': [1, 1, 0, 0, 0, 0, 0, 1, 0, 0]}}
623678	2024-07-13 12:03:21.884000+08:00	2024-07-13 12:03:21.884000+08:00	{'东门北侧': {'A': [1, 1, 1, 1, 1, 1, 1, 1, 1, 1], 'B': [1, 1, 1, 1, 1, 1, 1, 1, 1, 1], 'C': [1, 1, 1, 1, 1, 1, 1, 1, 1, 1], 'D': [1, 1, 1, 1, 1, 0, 1, 1, 1, 1], 'E': [1, 1, 0, 1, 1, 1, 1, 1, 1, 1], 'F': [1, 1, 1, 1, 1, 1, 1, 1, 1, 1], 'G': [1, 1, 1, 1, 1, 1, 1, 1, 1, 1], 'H': [1, 1, 1, 1, 1, 1, 1, 1, 1, 0], 'I': [1, 0, 1, 1, 1, 1, 0, 1, 1, 1], 'J': [1, 1, 0, 0, 0, 1, 1, 1, 1, 1], 'K': [0, 0, 1, 0, 1, 1, 1, 1, 1, 1]}, '东门南侧': {'A': [1, 0, 1, 1, 1, 1, 1, 0, 0, 1], 'B': [0, 0, 0, 0, 0, 0, 0, 0, 0, 0]}, '西门北侧': {'A': [1, 1, 1, 1, 1, 1, 1, 1, 1, 1], 'B': [1, 1, 1, 1, 1, 1, 1, 1, 1, 0], 'C': [1, 1, 1, 1, 1, 0, 1, 1, 1, 0]}, '西门南侧': {'A': [1, 1, 1, 1, 1, 1, 0, 1, 1, 1], 'B': [1, 1, 1, 1, 1, 1, 1, 1, 1, 1], 'C': [1, 1, 1, 1, 0, 1, 1, 1, 1, 1]}, '南门西侧': {'A': [1, 1, 1, 1, 1, 1, 1, 1, 1, 1], 'B': [1, 1, 1, 0, 1, 1, 0, 1, 1, 0]}, '南门东侧': {'A': [1, 0, 1, 1, 1, 1, 1, 1, 0, 1], 'B': [0, 0, 1, 1, 1, 1, 0, 1, 1, 0]}, '北门东北侧': {'A': [1, 1, 1, 1, 1, 1, 1, 1, 1, 1], 'B': [0, 1, 1, 1, 1, 1, 0, 1, 1, 1], 'C': [0, 0, 1, 1, 1, 1, 0, 1, 1, 1], 'D': [1, 1, 1, 0, 1, 1, 1, 1, 1, 1]}, '北门东南侧': {'A': [1, 1, 1, 1, 1, 1, 1, 1, 1, 0], 'B': [1, 1, 0, 1, 1, 0, 1, 1, 1, 1], 'C': [1, 0, 0, 1, 1, 0, 0, 1, 1, 1], 'D': [0, 0, 1, 0, 1, 1, 1, 0, 0, 1], 'E': [0, 1, 1, 0, 1, 1, 0, 1, 0, 0], 'F': [1, 1, 1, 1, 1, 0, 1, 1, 1, 1]}, '橘园北侧南': {'A': [0, 0, 0, 1, 1, 0, 1, 0, 1, 1], 'B': [1, 1, 1, 1, 1, 1, 1, 0, 1, 1], 'C': [0, 1, 1, 1, 1, 1, 0, 0, 0, 0], 'D': [1, 1, 0, 1, 1, 1, 1, 0, 1, 1], 'E': [0, 1, 1, 1, 1, 1, 0, 0, 1, 1], 'F': [0, 0, 0, 1, 1, 1, 1, 1, 0, 0], 'G': [0, 0, 1, 1, 1, 1, 0, 0, 1, 0], 'H': [1, 1, 1, 1, 1, 1, 0, 1, 1, 1], 'I': [0, 0, 0, 0, 1, 1, 1, 1, 0, 1], 'J': [0, 0, 0, 0, 1, 1, 1, 1, 1, 0]}, '校医院西': {'A': [1, 1, 1, 1, 1, 1, 1, 1, 1, 1], 'B': [0, 1, 1, 1, 1, 1, 1, 1, 1, 1], 'C': [1, 1, 1, 1, 1, 1, 1, 1, 1, 1], 'D': [1, 1, 1, 0, 1, 1, 1, 1, 1, 1], 'E': [1, 0, 1, 1, 1, 1, 1, 0, 1, 1], 'F': [1, 1, 1, 1, 0, 1, 1, 1, 1, 1], 'G': [0, 1, 1, 0, 0, 1, 1, 1, 0, 0], 'H': [1, 0, 1, 1, 0, 1, 0, 1, 1, 1], 'I': [1, 1, 0, 0, 0, 0, 0, 1, 0, 0]}}
623679	2024-07-13 12:04:22.851000+08:00	2024-07-13 12:04:22.851000+08:00	{'东门北侧': {'A': [1, 1, 1, 1, 1, 1, 1, 1, 1, 1], 'B': [1, 1, 1, 1, 1, 1, 1, 1, 1, 1], 'C': [1, 1, 1, 1, 1, 1, 1, 1, 1, 1], 'D': [1, 1, 1, 1, 1, 0, 1, 1, 1, 1], 'E': [1, 1, 0, 1, 1, 1, 1, 1, 1, 1], 'F': [1, 1, 1, 1, 1, 1, 1, 1, 1, 1], 'G': [1, 1, 1, 1, 1, 1, 1, 1, 1, 1], 'H': [1, 1, 1, 1, 1, 1, 1, 1, 1, 0], 'I': [1, 0, 1, 1, 1, 1, 0, 1, 1, 1], 'J': [1, 1, 0, 0, 0, 1, 1, 1, 1, 1], 'K': [0, 0, 1, 0, 1, 1, 1, 1, 1, 1]}, '东门南侧': {'A': [1, 0, 1, 1, 1, 1, 1, 0, 0, 1], 'B': [0, 0, 0, 0, 0, 0, 0, 0, 0, 0]}, '西门北侧': {'A': [1, 1, 1, 1, 1, 1, 1, 1, 1, 1], 'B': [1, 1, 1, 1, 1, 1, 1, 1, 1, 0], 'C': [1, 1, 1, 1, 1, 0, 1, 1, 1, 0]}, '西门南侧': {'A': [1, 1, 1, 1, 1, 1, 0, 1, 1, 1], 'B': [1, 1, 1, 1, 1, 1, 1, 1, 1, 1], 'C': [1, 1, 1, 1, 0, 1, 1, 1, 1, 1]}, '南门西侧': {'A': [1, 1, 1, 1, 1, 1, 1, 1, 1, 1], 'B': [1, 1, 1, 0, 1, 1, 0, 1, 1, 0]}, '南门东侧': {'A': [1, 0, 1, 1, 1, 1, 1, 1, 0, 1], 'B': [0, 0, 1, 1, 1, 1, 0, 1, 1, 0]}, '北门东北侧': {'A': [1, 1, 1, 1, 1, 1, 1, 1, 1, 1], 'B': [0, 1, 1, 1, 1, 1, 0, 1, 1, 1], 'C': [0, 0, 1, 1, 1, 1, 0, 1, 1, 1], 'D': [1, 1, 1, 0, 1, 1, 1, 1, 1, 1]}, '北门东南侧': {'A': [1, 1, 1, 1, 1, 1, 1, 1, 1, 0], 'B': [1, 1, 0, 1, 1, 0, 1, 1, 1, 1], 'C': [1, 0, 0, 1, 1, 0, 0, 1, 1, 1], 'D': [0, 0, 1, 0, 1, 1, 1, 0, 0, 1], 'E': [0, 1, 1, 0, 1, 0, 0, 1, 0, 0], 'F': [1, 1, 1, 1, 1, 0, 1, 1, 1, 1]}, '橘园北侧南': {'A': [0, 0, 0, 1, 1, 0, 1, 0, 1, 1], 'B': [1, 1, 1, 1, 1, 1, 1, 0, 1, 1], 'C': [0, 1, 1, 1, 1, 1, 0, 0, 0, 0], 'D': [1, 1, 0, 1, 1, 1, 1, 0, 1, 1], 'E': [0, 1, 1, 1, 1, 1, 0, 0, 1, 1], 'F': [0, 0, 0, 1, 1, 1, 1, 1, 0, 0], 'G': [0, 0, 1, 1, 1, 1, 0, 0, 1, 0], 'H': [1, 1, 1, 1, 1, 1, 0, 1, 1, 1], 'I': [0, 0, 0, 0, 1, 1, 1, 1, 0, 1], 'J': [0, 0, 0, 0, 1, 1, 1, 1, 1, 0]}, '校医院西': {'A': [1, 1, 1, 1, 1, 1, 1, 1, 1, 1], 'B': [0, 1, 1, 1, 1, 1, 1, 1, 1, 1], 'C': [1, 1, 1, 1, 1, 1, 1, 1, 1, 1], 'D': [1, 1, 1, 0, 1, 1, 1, 1, 1, 1], 'E': [1, 0, 1, 1, 1, 1, 1, 0, 1, 1], 'F': [1, 1, 1, 1, 0, 1, 1, 1, 1, 1], 'G': [0, 1, 1, 0, 0, 1, 1, 1, 0, 0], 'H': [1, 0, 1, 1, 0, 1, 0, 1, 1, 1], 'I': [1, 1, 0, 0, 0, 0, 0, 1, 0, 0]}}
623680	2024-07-13 12:05:20.856000+08:00	2024-07-13 12:05:20.856000+08:00	{'东门北侧': {'A': [1, 1, 1, 1, 1, 1, 1, 1, 1, 1], 'B': [1, 1, 1, 1, 1, 1, 1, 1, 1, 1], 'C': [1, 1, 1, 1, 1, 1, 1, 1, 1, 1], 'D': [1, 1, 1, 1, 1, 0, 1, 1, 1, 1], 'E': [1, 1, 0, 1, 1, 1, 1, 1, 1, 1], 'F': [1, 1, 1, 1, 1, 1, 1, 1, 1, 1], 'G': [1, 1, 1, 1, 1, 1, 1, 1, 1, 1], 'H': [1, 1, 1, 1, 1, 1, 1, 1, 1, 0], 'I': [1, 0, 1, 1, 1, 1, 0, 1, 1, 1], 'J': [1, 1, 0, 0, 0, 1, 1, 1, 1, 1], 'K': [0, 0, 1, 0, 1, 1, 1, 1, 1, 1]}, '东门南侧': {'A': [1, 0, 1, 1, 1, 1, 1, 0, 0, 1], 'B': [0, 0, 0, 0, 0, 0, 0, 0, 0, 0]}, '西门北侧': {'A': [1, 1, 1, 1, 1, 1, 1, 1, 1, 1], 'B': [1, 1, 1, 1, 1, 1, 1, 1, 1, 0], 'C': [1, 1, 1, 1, 1, 0, 1, 1, 1, 0]}, '西门南侧': {'A': [1, 1, 1, 1, 1, 1, 0, 1, 1, 1], 'B': [1, 1, 1, 1, 1, 1, 1, 1, 1, 1], 'C': [1, 1, 1, 1, 0, 1, 1, 1, 1, 1]}, '南门西侧': {'A': [1, 1, 1, 1, 1, 1, 1, 1, 1, 1], 'B': [1, 1, 1, 0, 1, 1, 0, 1, 1, 0]}, '南门东侧': {'A': [1, 0, 1, 1, 1, 1, 1, 1, 0, 1], 'B': [0, 0, 1, 1, 1, 1, 0, 1, 1, 0]}, '北门东北侧': {'A': [1, 1, 1, 1, 1, 1, 1, 1, 1, 1], 'B': [0, 1, 1, 1, 1, 1, 0, 1, 1, 1], 'C': [0, 0, 1, 1, 1, 1, 0, 1, 1, 1], 'D': [1, 1, 1, 0, 1, 1, 1, 1, 1, 1]}, '北门东南侧': {'A': [1, 1, 1, 1, 1, 1, 1, 1, 1, 0], 'B': [1, 1, 0, 1, 1, 0, 1, 1, 1, 1], 'C': [1, 0, 0, 1, 1, 0, 0, 1, 1, 1], 'D': [0, 0, 1, 0, 1, 1, 1, 0, 0, 1], 'E': [0, 1, 1, 0, 1, 0, 0, 1, 0, 0], 'F': [1, 1, 1, 1, 1, 0, 1, 1, 1, 1]}, '橘园北侧南': {'A': [0, 0, 0, 1, 1, 0, 1, 0, 1, 1], 'B': [1, 1, 1, 1, 1, 1, 1, 0, 1, 1], 'C': [0, 1, 1, 1, 1, 1, 0, 0, 0, 0], 'D': [1, 1, 0, 1, 1, 1, 1, 0, 1, 1], 'E': [0, 1, 1, 1, 1, 1, 0, 0, 1, 1], 'F': [0, 0, 0, 1, 1, 1, 1, 1, 0, 0], 'G': [0, 0, 1, 1, 1, 1, 0, 0, 1, 0], 'H': [0, 1, 1, 1, 1, 1, 0, 1, 1, 1], 'I': [0, 0, 0, 0, 1, 1, 1, 1, 0, 1], 'J': [0, 0, 0, 0, 0, 1, 1, 1, 1, 0]}, '校医院西': {'A': [1, 1, 1, 1, 1, 1, 1, 1, 1, 1], 'B': [0, 1, 1, 1, 1, 1, 1, 1, 1, 1], 'C': [1, 1, 1, 1, 1, 1, 1, 1, 1, 1], 'D': [1, 1, 1, 0, 1, 1, 1, 1, 1, 1], 'E': [1, 0, 1, 1, 1, 1, 1, 0, 1, 1], 'F': [1, 1, 1, 1, 0, 1, 1, 1, 1, 1], 'G': [0, 1, 1, 0, 0, 1, 1, 1, 0, 0], 'H': [1, 0, 1, 1, 0, 1, 0, 1, 1, 1], 'I': [1, 1, 0, 0, 0, 0, 0, 1, 0, 0]}}
623681	2024-07-13 12:06:24.056000+08:00	2024-07-13 12:06:24.056000+08:00	{'东门北侧': {'A': [1, 1, 1, 1, 1, 1, 1, 1, 1, 1], 'B': [1, 1, 1, 1, 1, 1, 1, 1, 1, 1], 'C': [1, 1, 1, 1, 1, 1, 1, 1, 1, 1], 'D': [1, 1, 1, 1, 1, 0, 1, 1, 1, 1], 'E': [1, 1, 0, 1, 1, 1, 1, 1, 1, 1], 'F': [1, 1, 1, 1, 1, 1, 1, 1, 1, 1], 'G': [1, 1, 1, 1, 1, 1, 1, 1, 1, 1], 'H': [1, 1, 1, 1, 1, 1, 1, 1, 1, 0], 'I': [1, 0, 1, 1, 1, 1, 0, 1, 1, 1], 'J': [1, 1, 0, 0, 0, 1, 1, 1, 1, 1], 'K': [0, 0, 1, 0, 1, 1, 1, 1, 1, 1]}, '东门南侧': {'A': [1, 0, 1, 1, 1, 1, 1, 0, 0, 1], 'B': [0, 0, 0, 0, 0, 0, 0, 0, 0, 0]}, '西门北侧': {'A': [1, 1, 1, 1, 1, 1, 1, 1, 1, 1], 'B': [1, 1, 1, 1, 1, 1, 1, 1, 1, 0], 'C': [1, 1, 1, 1, 1, 0, 1, 1, 1, 0]}, '西门南侧': {'A': [1, 1, 1, 1, 1, 1, 0, 1, 1, 1], 'B': [1, 1, 1, 1, 1, 1, 1, 1, 1, 1], 'C': [1, 1, 1, 1, 0, 1, 1, 1, 1, 1]}, '南门西侧': {'A': [1, 1, 1, 1, 1, 1, 1, 1, 1, 1], 'B': [1, 1, 1, 0, 1, 1, 0, 1, 1, 0]}, '南门东侧': {'A': [1, 0, 1, 1, 1, 1, 1, 1, 0, 1], 'B': [0, 0, 1, 1, 1, 1, 0, 1, 1, 0]}, '北门东北侧': {'A': [1, 1, 1, 1, 1, 1, 1, 1, 1, 1], 'B': [0, 1, 1, 1, 1, 1, 0, 1, 1, 1], 'C': [0, 0, 1, 1, 1, 1, 0, 1, 1, 1], 'D': [1, 1, 1, 0, 1, 1, 1, 1, 1, 1]}, '北门东南侧': {'A': [1, 1, 1, 1, 1, 1, 1, 1, 1, 0], 'B': [1, 1, 0, 1, 0, 0, 1, 1, 1, 1], 'C': [1, 0, 0, 1, 1, 0, 0, 1, 1, 1], 'D': [0, 0, 1, 0, 1, 1, 1, 0, 0, 1], 'E': [0, 1, 1, 0, 1, 0, 0, 1, 0, 0], 'F': [1, 1, 1, 1, 1, 0, 1, 1, 1, 1]}, '橘园北侧南': {'A': [0, 0, 0, 1, 1, 0, 1, 0, 1, 1], 'B': [1, 1, 1, 1, 1, 1, 1, 0, 1, 1], 'C': [0, 1, 1, 1, 1, 1, 0, 0, 0, 0], 'D': [1, 1, 0, 1, 1, 1, 1, 0, 1, 1], 'E': [0, 1, 1, 1, 1, 1, 0, 0, 1, 1], 'F': [0, 0, 0, 1, 1, 1, 1, 1, 0, 0], 'G': [0, 0, 1, 1, 1, 1, 0, 0, 1, 0], 'H': [0, 1, 1, 1, 1, 1, 0, 1, 1, 1], 'I': [0, 0, 0, 0, 1, 1, 1, 1, 0, 1], 'J': [0, 0, 0, 0, 0, 1, 1, 1, 1, 0]}, '校医院西': {'A': [1, 1, 1, 1, 1, 1, 1, 1, 1, 1], 'B': [0, 1, 1, 1, 1, 1, 1, 1, 1, 1], 'C': [1, 1, 1, 1, 1, 1, 1, 1, 1, 1], 'D': [1, 1, 1, 0, 1, 1, 1, 1, 1, 1], 'E': [1, 0, 1, 1, 1, 1, 1, 0, 1, 1], 'F': [1, 1, 1, 1, 0, 1, 1, 1, 1, 1], 'G': [0, 1, 1, 0, 0, 1, 1, 1, 0, 0], 'H': [1, 0, 1, 1, 0, 1, 0, 1, 1, 1], 'I': [1, 1, 0, 0, 0, 0, 0, 1, 0, 0]}}
623682	2024-07-13 12:07:20.848000+08:00	2024-07-13 12:07:20.848000+08:00	{'东门北侧': {'A': [1, 1, 1, 1, 1, 1, 1, 1, 1, 1], 'B': [1, 1, 1, 1, 1, 1, 1, 1, 1, 1], 'C': [1, 1, 1, 1, 1, 1, 1, 1, 1, 1], 'D': [1, 1, 1, 1, 1, 0, 1, 1, 1, 1], 'E': [1, 1, 0, 1, 1, 1, 1, 1, 1, 1], 'F': [1, 1, 1, 1, 1, 1, 1, 1, 1, 1], 'G': [1, 1, 1, 1, 1, 1, 1, 1, 1, 1], 'H': [1, 1, 1, 1, 1, 1, 1, 1, 1, 0], 'I': [1, 0, 1, 1, 1, 1, 0, 1, 1, 1], 'J': [1, 1, 0, 0, 0, 1, 1, 1, 1, 1], 'K': [0, 0, 1, 0, 1, 1, 1, 1, 1, 1]}, '东门南侧': {'A': [1, 0, 1, 1, 1, 1, 1, 0, 0, 1], 'B': [0, 0, 0, 0, 0, 0, 0, 0, 0, 0]}, '西门北侧': {'A': [1, 1, 1, 1, 1, 1, 1, 1, 1, 1], 'B': [1, 1, 1, 1, 1, 1, 1, 1, 1, 0], 'C': [1, 1, 1, 1, 1, 0, 1, 1, 1, 0]}, '西门南侧': {'A': [1, 1, 1, 1, 1, 1, 0, 1, 1, 1], 'B': [1, 1, 1, 1, 1, 1, 1, 1, 1, 1], 'C': [1, 1, 1, 1, 0, 1, 1, 1, 1, 1]}, '南门西侧': {'A': [1, 1, 1, 1, 1, 1, 1, 1, 1, 1], 'B': [1, 1, 1, 0, 1, 1, 0, 1, 0, 0]}, '南门东侧': {'A': [1, 0, 1, 1, 1, 1, 1, 1, 0, 1], 'B': [0, 0, 1, 1, 1, 1, 0, 1, 1, 0]}, '北门东北侧': {'A': [1, 1, 1, 1, 1, 1, 1, 1, 1, 1], 'B': [0, 1, 1, 1, 1, 1, 0, 1, 1, 1], 'C': [0, 0, 1, 1, 1, 1, 0, 1, 1, 1], 'D': [1, 1, 1, 0, 1, 1, 1, 1, 1, 1]}, '北门东南侧': {'A': [1, 1, 1, 1, 1, 1, 1, 1, 1, 0], 'B': [1, 1, 0, 1, 0, 0, 1, 1, 1, 1], 'C': [1, 0, 0, 1, 1, 0, 0, 1, 1, 1], 'D': [0, 0, 1, 0, 1, 1, 1, 0, 0, 1], 'E': [0, 1, 1, 0, 1, 0, 0, 1, 0, 0], 'F': [1, 1, 1, 1, 1, 0, 1, 1, 1, 1]}, '橘园北侧南': {'A': [0, 0, 0, 1, 1, 0, 1, 0, 1, 1], 'B': [1, 1, 1, 1, 1, 1, 1, 0, 1, 1], 'C': [0, 1, 1, 1, 1, 1, 0, 0, 0, 0], 'D': [1, 1, 0, 1, 1, 1, 1, 0, 1, 1], 'E': [0, 1, 1, 1, 1, 1, 0, 0, 1, 1], 'F': [0, 0, 0, 1, 1, 1, 1, 1, 0, 0], 'G': [0, 0, 1, 1, 1, 1, 0, 0, 1, 0], 'H': [0, 1, 1, 1, 1, 1, 0, 1, 1, 1], 'I': [0, 0, 0, 0, 1, 1, 1, 1, 0, 1], 'J': [0, 0, 0, 0, 0, 1, 1, 1, 1, 0]}, '校医院西': {'A': [1, 1, 1, 1, 1, 1, 1, 1, 1, 1], 'B': [0, 1, 1, 1, 1, 1, 1, 1, 1, 1], 'C': [1, 1, 1, 1, 1, 1, 1, 1, 1, 1], 'D': [1, 1, 1, 0, 1, 1, 1, 1, 1, 1], 'E': [1, 0, 1, 1, 1, 1, 1, 0, 1, 1], 'F': [1, 1, 1, 1, 0, 1, 1, 1, 1, 1], 'G': [0, 1, 1, 0, 0, 1, 1, 1, 0, 0], 'H': [1, 0, 1, 1, 0, 1, 0, 1, 1, 1], 'I': [1, 1, 0, 0, 0, 0, 0, 1, 0, 0]}}
623683	2024-07-13 12:08:21.083000+08:00	2024-07-13 12:08:21.083000+08:00	{'东门北侧': {'A': [1, 1, 1, 1, 1, 1, 1, 1, 1, 1], 'B': [1, 1, 1, 1, 1, 1, 1, 1, 1, 1], 'C': [1, 1, 1, 1, 1, 1, 1, 1, 1, 1], 'D': [1, 1, 1, 1, 1, 0, 1, 1, 1, 1], 'E': [1, 1, 0, 1, 1, 1, 1, 1, 1, 1], 'F': [1, 1, 1, 1, 1, 0, 1, 1, 1, 1], 'G': [1, 1, 1, 1, 1, 1, 1, 1, 1, 1], 'H': [1, 1, 1, 1, 1, 1, 1, 1, 1, 0], 'I': [1, 0, 1, 1, 1, 1, 0, 1, 1, 1], 'J': [1, 1, 0, 0, 0, 1, 1, 1, 1, 1], 'K': [0, 0, 1, 0, 1, 1, 1, 1, 1, 1]}, '东门南侧': {'A': [1, 0, 1, 1, 1, 1, 1, 0, 0, 0], 'B': [0, 0, 0, 0, 0, 0, 0, 0, 0, 0]}, '西门北侧': {'A': [1, 1, 1, 1, 1, 1, 1, 1, 1, 1], 'B': [1, 1, 1, 1, 1, 1, 1, 1, 1, 0], 'C': [1, 1, 1, 1, 1, 0, 1, 1, 1, 0]}, '西门南侧': {'A': [1, 1, 1, 1, 1, 1, 0, 1, 1, 1], 'B': [1, 1, 1, 1, 1, 1, 1, 1, 1, 1], 'C': [1, 1, 1, 1, 0, 1, 1, 1, 1, 1]}, '南门西侧': {'A': [1, 1, 1, 1, 1, 1, 1, 1, 1, 1], 'B': [1, 1, 1, 0, 1, 1, 0, 1, 0, 0]}, '南门东侧': {'A': [1, 0, 1, 1, 1, 1, 1, 1, 0, 1], 'B': [0, 0, 1, 1, 1, 1, 0, 1, 1, 0]}, '北门东北侧': {'A': [1, 1, 1, 1, 1, 1, 1, 1, 1, 1], 'B': [0, 1, 1, 1, 1, 1, 0, 1, 1, 1], 'C': [0, 0, 1, 1, 1, 1, 0, 1, 1, 1], 'D': [1, 1, 1, 0, 1, 1, 1, 1, 1, 1]}, '北门东南侧': {'A': [1, 1, 1, 1, 1, 1, 1, 1, 1, 0], 'B': [1, 1, 0, 1, 0, 1, 1, 1, 1, 1], 'C': [1, 0, 0, 1, 1, 0, 0, 1, 1, 1], 'D': [0, 0, 1, 0, 1, 1, 1, 0, 0, 1], 'E': [0, 1, 1, 0, 1, 0, 0, 1, 0, 0], 'F': [1, 1, 1, 1, 1, 0, 1, 1, 1, 1]}, '橘园北侧南': {'A': [0, 0, 0, 1, 1, 1, 1, 0, 1, 1], 'B': [1, 1, 1, 1, 1, 1, 1, 0, 1, 1], 'C': [0, 1, 1, 1, 1, 1, 0, 0, 0, 0], 'D': [1, 1, 0, 1, 1, 1, 1, 0, 1, 1], 'E': [0, 1, 1, 1, 1, 1, 0, 0, 1, 1], 'F': [0, 0, 0, 1, 1, 1, 1, 1, 0, 0], 'G': [0, 0, 1, 1, 1, 1, 0, 0, 1, 0], 'H': [0, 1, 1, 1, 1, 1, 0, 1, 1, 1], 'I': [0, 0, 0, 0, 0, 1, 1, 1, 0, 1], 'J': [0, 0, 0, 0, 0, 1, 1, 1, 1, 0]}, '校医院西': {'A': [1, 1, 0, 1, 1, 1, 1, 1, 1, 1], 'B': [0, 1, 1, 1, 1, 1, 1, 1, 1, 1], 'C': [1, 1, 1, 1, 1, 1, 1, 1, 1, 1], 'D': [1, 1, 1, 0, 1, 1, 1, 1, 1, 1], 'E': [1, 0, 1, 1, 1, 1, 1, 0, 1, 1], 'F': [1, 1, 1, 1, 0, 1, 1, 1, 1, 1], 'G': [0, 1, 1, 0, 0, 1, 1, 1, 0, 0], 'H': [1, 0, 1, 1, 0, 1, 0, 1, 1, 1], 'I': [1, 1, 0, 0, 0, 0, 0, 1, 0, 0]}}
623684	2024-07-13 12:09:22.057000+08:00	2024-07-13 12:09:22.057000+08:00	{'东门北侧': {'A': [1, 1, 1, 1, 1, 1, 1, 1, 1, 1], 'B': [1, 1, 1, 1, 1, 1, 1, 1, 1, 1], 'C': [1, 1, 1, 1, 1, 1, 1, 1, 1, 1], 'D': [1, 1, 1, 1, 1, 0, 1, 1, 1, 1], 'E': [1, 1, 0, 1, 1, 1, 1, 1, 1, 1], 'F': [1, 1, 1, 1, 1, 0, 1, 1, 1, 1], 'G': [1, 1, 1, 1, 1, 1, 1, 1, 1, 1], 'H': [1, 1, 1, 1, 1, 1, 1, 1, 1, 0], 'I': [1, 0, 1, 1, 1, 1, 0, 1, 1, 1], 'J': [1, 1, 0, 0, 0, 1, 1, 1, 1, 1], 'K': [0, 0, 1, 0, 1, 1, 1, 1, 1, 1]}, '东门南侧': {'A': [1, 0, 1, 1, 1, 1, 1, 0, 0, 0], 'B': [0, 0, 0, 0, 0, 0, 0, 0, 0, 0]}, '西门北侧': {'A': [1, 1, 1, 1, 1, 1, 1, 1, 1, 1], 'B': [1, 1, 1, 1, 1, 1, 1, 1, 1, 0], 'C': [1, 1, 1, 1, 1, 0, 1, 1, 1, 0]}, '西门南侧': {'A': [1, 1, 1, 1, 1, 1, 0, 1, 1, 1], 'B': [1, 1, 1, 1, 1, 1, 1, 1, 1, 1], 'C': [1, 1, 1, 1, 0, 1, 1, 1, 1, 1]}, '南门西侧': {'A': [1, 1, 1, 1, 1, 1, 1, 1, 1, 1], 'B': [1, 1, 1, 0, 1, 1, 0, 1, 0, 0]}, '南门东侧': {'A': [1, 0, 1, 1, 1, 1, 1, 1, 0, 1], 'B': [0, 0, 1, 1, 1, 1, 0, 1, 1, 0]}, '北门东北侧': {'A': [1, 1, 1, 1, 1, 1, 1, 1, 1, 1], 'B': [0, 1, 1, 1, 1, 1, 0, 1, 1, 1], 'C': [0, 0, 1, 1, 1, 1, 0, 1, 1, 1], 'D': [1, 1, 1, 0, 1, 1, 1, 1, 1, 1]}, '北门东南侧': {'A': [1, 1, 1, 1, 1, 1, 1, 1, 1, 0], 'B': [1, 1, 0, 1, 0, 1, 1, 1, 1, 1], 'C': [1, 0, 0, 1, 1, 0, 0, 1, 1, 1], 'D': [0, 0, 1, 0, 1, 1, 1, 0, 0, 1], 'E': [0, 1, 1, 0, 1, 0, 0, 1, 0, 0], 'F': [1, 1, 1, 1, 1, 0, 1, 1, 1, 1]}, '橘园北侧南': {'A': [0, 0, 0, 1, 0, 1, 1, 0, 1, 1], 'B': [1, 1, 1, 1, 1, 1, 1, 0, 1, 1], 'C': [0, 1, 1, 1, 1, 1, 0, 0, 0, 0], 'D': [1, 1, 0, 1, 1, 1, 1, 0, 1, 1], 'E': [0, 1, 1, 1, 1, 1, 0, 0, 1, 1], 'F': [0, 0, 0, 1, 1, 1, 1, 1, 0, 0], 'G': [0, 0, 1, 1, 1, 1, 0, 0, 1, 0], 'H': [0, 1, 1, 1, 1, 1, 0, 1, 1, 1], 'I': [0, 0, 0, 0, 0, 1, 1, 1, 0, 1], 'J': [0, 0, 0, 0, 0, 1, 1, 1, 1, 0]}, '校医院西': {'A': [1, 1, 0, 1, 1, 1, 1, 1, 1, 1], 'B': [0, 1, 1, 1, 1, 1, 1, 1, 1, 1], 'C': [1, 1, 1, 1, 1, 1, 1, 1, 1, 1], 'D': [1, 1, 1, 0, 1, 1, 1, 1, 1, 1], 'E': [1, 0, 1, 1, 1, 1, 1, 0, 1, 1], 'F': [1, 1, 1, 1, 0, 1, 1, 1, 1, 1], 'G': [0, 1, 1, 0, 0, 1, 1, 1, 0, 0], 'H': [1, 0, 1, 1, 0, 1, 0, 1, 1, 1], 'I': [1, 1, 0, 0, 0, 0, 0, 1, 0, 0]}}
623685	2024-07-13 12:10:21.928000+08:00	2024-07-13 12:10:21.928000+08:00	{'东门北侧': {'A': [1, 1, 1, 1, 1, 1, 1, 1, 1, 1], 'B': [1, 1, 1, 1, 1, 1, 1, 1, 1, 1], 'C': [1, 1, 1, 1, 1, 1, 1, 1, 1, 1], 'D': [1, 1, 1, 1, 1, 0, 1, 1, 1, 1], 'E': [1, 1, 0, 1, 1, 1, 1, 1, 1, 1], 'F': [1, 1, 1, 1, 1, 1, 1, 1, 1, 1], 'G': [1, 1, 1, 1, 1, 1, 1, 1, 1, 1], 'H': [1, 1, 1, 1, 1, 1, 1, 1, 1, 0], 'I': [1, 0, 1, 1, 1, 1, 0, 1, 1, 1], 'J': [1, 1, 0, 0, 0, 1, 1, 1, 1, 1], 'K': [0, 0, 1, 0, 1, 1, 1, 1, 1, 1]}, '东门南侧': {'A': [1, 0, 1, 1, 1, 1, 1, 0, 0, 0], 'B': [0, 0, 0, 0, 0, 0, 0, 0, 0, 0]}, '西门北侧': {'A': [1, 1, 1, 1, 1, 1, 1, 0, 1, 1], 'B': [1, 1, 1, 1, 1, 1, 1, 1, 1, 0], 'C': [1, 1, 1, 1, 1, 0, 1, 1, 1, 0]}, '西门南侧': {'A': [1, 1, 1, 1, 1, 1, 0, 1, 1, 1], 'B': [1, 1, 1, 1, 1, 1, 1, 1, 1, 1], 'C': [1, 1, 1, 1, 0, 1, 1, 1, 1, 1]}, '南门西侧': {'A': [1, 1, 1, 1, 1, 1, 1, 1, 1, 1], 'B': [1, 1, 1, 0, 1, 1, 0, 1, 0, 0]}, '南门东侧': {'A': [1, 0, 1, 1, 1, 1, 1, 1, 0, 1], 'B': [0, 0, 1, 1, 1, 1, 0, 1, 1, 0]}, '北门东北侧': {'A': [1, 1, 1, 1, 1, 1, 1, 1, 1, 1], 'B': [1, 1, 1, 1, 1, 1, 0, 1, 1, 1], 'C': [0, 0, 1, 1, 1, 1, 0, 1, 1, 1], 'D': [1, 1, 1, 0, 1, 1, 1, 1, 1, 1]}, '北门东南侧': {'A': [1, 1, 1, 1, 1, 1, 1, 1, 1, 0], 'B': [1, 1, 0, 1, 0, 1, 1, 1, 1, 1], 'C': [1, 0, 0, 1, 1, 0, 0, 1, 1, 1], 'D': [0, 0, 1, 0, 1, 1, 1, 0, 0, 1], 'E': [0, 1, 1, 0, 1, 0, 0, 1, 0, 0], 'F': [1, 1, 1, 1, 1, 0, 1, 1, 1, 1]}, '橘园北侧南': {'A': [0, 0, 0, 1, 0, 1, 1, 0, 1, 1], 'B': [1, 1, 1, 1, 1, 1, 1, 0, 1, 1], 'C': [0, 1, 1, 1, 1, 1, 0, 0, 0, 0], 'D': [1, 1, 0, 1, 1, 1, 1, 0, 1, 1], 'E': [0, 1, 1, 1, 1, 1, 0, 0, 1, 1], 'F': [0, 0, 0, 1, 1, 1, 1, 1, 0, 0], 'G': [0, 0, 1, 1, 1, 1, 0, 0, 1, 0], 'H': [0, 1, 1, 1, 1, 1, 0, 1, 1, 1], 'I': [0, 0, 0, 0, 0, 1, 1, 1, 0, 1], 'J': [0, 0, 0, 0, 0, 1, 1, 1, 1, 0]}, '校医院西': {'A': [1, 1, 0, 1, 1, 1, 1, 1, 1, 1], 'B': [0, 1, 1, 1, 1, 1, 1, 1, 1, 1], 'C': [1, 1, 1, 1, 1, 1, 1, 1, 1, 1], 'D': [1, 1, 1, 0, 1, 1, 1, 1, 1, 1], 'E': [1, 0, 1, 1, 1, 1, 1, 0, 1, 1], 'F': [1, 1, 1, 1, 0, 1, 1, 1, 1, 1], 'G': [0, 1, 1, 0, 0, 1, 1, 1, 0, 0], 'H': [1, 0, 1, 1, 0, 1, 0, 1, 1, 1], 'I': [1, 1, 0, 0, 0, 0, 0, 1, 0, 0]}}
623686	2024-07-13 12:11:20.893000+08:00	2024-07-13 12:11:20.893000+08:00	{'东门北侧': {'A': [1, 1, 1, 1, 1, 1, 1, 1, 1, 1], 'B': [1, 1, 1, 1, 1, 1, 1, 1, 1, 1], 'C': [1, 1, 1, 1, 1, 1, 1, 1, 1, 1], 'D': [1, 1, 1, 1, 1, 0, 1, 1, 1, 1], 'E': [1, 1, 0, 1, 1, 1, 1, 1, 1, 1], 'F': [1, 1, 1, 1, 1, 1, 1, 1, 0, 1], 'G': [1, 1, 1, 1, 1, 1, 1, 1, 1, 1], 'H': [1, 1, 1, 1, 1, 1, 1, 1, 1, 0], 'I': [1, 0, 1, 1, 1, 1, 0, 1, 1, 1], 'J': [1, 1, 0, 0, 0, 1, 1, 1, 1, 1], 'K': [0, 0, 1, 0, 1, 1, 1, 1, 1, 1]}, '东门南侧': {'A': [1, 0, 1, 1, 1, 1, 1, 0, 0, 0], 'B': [0, 0, 0, 0, 0, 0, 0, 0, 0, 0]}, '西门北侧': {'A': [1, 1, 1, 1, 1, 1, 1, 0, 1, 1], 'B': [1, 1, 1, 1, 1, 1, 1, 1, 1, 0], 'C': [1, 1, 1, 1, 1, 0, 1, 1, 1, 0]}, '西门南侧': {'A': [1, 1, 1, 1, 1, 1, 0, 1, 1, 1], 'B': [1, 1, 1, 1, 1, 1, 1, 1, 1, 1], 'C': [1, 1, 1, 1, 0, 1, 1, 1, 1, 1]}, '南门西侧': {'A': [1, 1, 1, 1, 1, 1, 1, 1, 1, 1], 'B': [1, 1, 1, 0, 1, 1, 0, 1, 0, 0]}, '南门东侧': {'A': [1, 0, 1, 1, 1, 1, 1, 1, 0, 1], 'B': [0, 0, 1, 1, 1, 1, 0, 1, 1, 0]}, '北门东北侧': {'A': [1, 1, 1, 1, 1, 1, 1, 1, 1, 1], 'B': [1, 1, 1, 1, 1, 1, 0, 1, 1, 1], 'C': [0, 0, 1, 1, 1, 1, 0, 1, 1, 1], 'D': [1, 1, 1, 0, 1, 1, 1, 1, 1, 1]}, '北门东南侧': {'A': [1, 1, 1, 1, 1, 1, 1, 1, 1, 0], 'B': [1, 1, 0, 1, 0, 1, 1, 1, 1, 1], 'C': [1, 0, 0, 1, 1, 0, 0, 1, 1, 1], 'D': [0, 0, 1, 0, 1, 1, 1, 0, 0, 1], 'E': [0, 1, 1, 0, 1, 0, 0, 1, 0, 0], 'F': [1, 1, 1, 1, 1, 0, 1, 1, 1, 1]}, '橘园北侧南': {'A': [0, 0, 0, 1, 0, 1, 1, 0, 1, 1], 'B': [1, 1, 1, 1, 1, 1, 1, 0, 1, 1], 'C': [0, 1, 1, 1, 1, 1, 0, 0, 0, 0], 'D': [1, 1, 0, 1, 1, 1, 1, 0, 1, 1], 'E': [0, 1, 1, 1, 1, 1, 0, 0, 1, 1], 'F': [0, 0, 0, 1, 1, 1, 1, 1, 0, 0], 'G': [0, 0, 1, 1, 1, 1, 0, 0, 1, 0], 'H': [0, 1, 1, 1, 1, 0, 0, 1, 1, 1], 'I': [0, 0, 0, 0, 1, 1, 1, 1, 0, 1], 'J': [0, 0, 0, 0, 0, 1, 1, 1, 1, 0]}, '校医院西': {'A': [1, 1, 0, 1, 1, 1, 1, 1, 1, 1], 'B': [0, 1, 1, 1, 1, 1, 1, 1, 1, 1], 'C': [1, 1, 1, 1, 1, 1, 1, 1, 1, 1], 'D': [1, 1, 1, 0, 1, 1, 1, 1, 1, 1], 'E': [1, 0, 1, 1, 1, 1, 1, 0, 1, 1], 'F': [1, 1, 1, 1, 0, 1, 1, 1, 1, 1], 'G': [0, 1, 1, 0, 0, 1, 1, 1, 0, 0], 'H': [1, 0, 1, 0, 0, 1, 0, 1, 1, 1], 'I': [1, 1, 0, 0, 0, 0, 0, 1, 0, 0]}}
623687	2024-07-13 12:12:21.850000+08:00	2024-07-13 12:12:21.850000+08:00	{'东门北侧': {'A': [1, 1, 1, 1, 1, 1, 1, 1, 1, 1], 'B': [1, 1, 1, 1, 1, 1, 1, 1, 1, 1], 'C': [1, 1, 1, 1, 1, 1, 1, 1, 1, 1], 'D': [1, 1, 1, 1, 1, 0, 1, 1, 1, 1], 'E': [1, 1, 0, 1, 1, 1, 1, 1, 1, 1], 'F': [1, 1, 1, 1, 1, 1, 1, 1, 0, 1], 'G': [1, 1, 1, 1, 1, 1, 1, 1, 1, 1], 'H': [1, 1, 1, 1, 1, 1, 1, 1, 1, 0], 'I': [1, 0, 1, 1, 1, 1, 0, 1, 1, 1], 'J': [1, 1, 0, 0, 0, 1, 1, 1, 1, 1], 'K': [0, 0, 1, 0, 1, 1, 1, 1, 1, 1]}, '东门南侧': {'A': [1, 0, 1, 1, 1, 1, 1, 0, 0, 0], 'B': [0, 0, 0, 0, 0, 0, 0, 0, 0, 0]}, '西门北侧': {'A': [1, 1, 1, 1, 1, 1, 1, 0, 1, 1], 'B': [1, 1, 1, 1, 1, 1, 1, 0, 1, 0], 'C': [1, 1, 1, 1, 1, 0, 1, 1, 1, 0]}, '西门南侧': {'A': [1, 1, 1, 1, 1, 0, 0, 1, 1, 1], 'B': [1, 1, 1, 1, 1, 1, 1, 1, 1, 1], 'C': [1, 1, 1, 1, 0, 1, 1, 1, 1, 1]}, '南门西侧': {'A': [1, 1, 1, 1, 1, 1, 1, 1, 1, 1], 'B': [1, 1, 1, 0, 1, 1, 0, 1, 0, 0]}, '南门东侧': {'A': [1, 0, 1, 1, 1, 1, 1, 1, 0, 1], 'B': [0, 0, 1, 1, 1, 1, 0, 1, 1, 0]}, '北门东北侧': {'A': [1, 1, 1, 1, 1, 1, 1, 1, 1, 1], 'B': [1, 1, 1, 1, 1, 1, 0, 1, 1, 1], 'C': [0, 0, 1, 1, 1, 1, 0, 1, 1, 1], 'D': [1, 1, 1, 0, 1, 1, 1, 1, 1, 1]}, '北门东南侧': {'A': [1, 1, 1, 1, 1, 1, 1, 1, 1, 0], 'B': [1, 1, 0, 1, 0, 1, 1, 1, 1, 1], 'C': [1, 0, 0, 1, 1, 0, 0, 1, 1, 1], 'D': [0, 0, 1, 0, 1, 1, 1, 0, 0, 1], 'E': [0, 1, 1, 0, 1, 0, 0, 1, 0, 0], 'F': [1, 1, 1, 1, 1, 0, 1, 1, 1, 1]}, '橘园北侧南': {'A': [0, 0, 0, 1, 0, 1, 1, 0, 0, 1], 'B': [1, 1, 1, 1, 1, 1, 1, 0, 1, 1], 'C': [0, 1, 1, 1, 1, 1, 0, 0, 0, 0], 'D': [1, 1, 0, 1, 1, 1, 1, 0, 1, 1], 'E': [0, 1, 1, 1, 1, 1, 0, 0, 1, 1], 'F': [0, 0, 0, 1, 1, 1, 1, 1, 0, 0], 'G': [0, 0, 1, 1, 1, 1, 0, 0, 1, 0], 'H': [0, 1, 1, 1, 1, 0, 0, 1, 1, 1], 'I': [0, 0, 0, 0, 1, 1, 1, 1, 0, 1], 'J': [0, 0, 0, 0, 0, 1, 1, 1, 1, 0]}, '校医院西': {'A': [1, 1, 0, 1, 1, 1, 1, 1, 1, 1], 'B': [0, 1, 1, 1, 1, 1, 1, 1, 1, 1], 'C': [1, 1, 1, 1, 1, 1, 1, 1, 1, 1], 'D': [1, 1, 1, 0, 1, 1, 1, 1, 1, 1], 'E': [1, 0, 1, 1, 1, 1, 1, 0, 1, 1], 'F': [1, 1, 1, 1, 0, 1, 1, 1, 1, 1], 'G': [0, 1, 1, 0, 0, 1, 1, 1, 0, 0], 'H': [1, 0, 1, 0, 0, 1, 0, 1, 1, 1], 'I': [1, 1, 0, 0, 0, 0, 0, 1, 0, 0]}}
623688	2024-07-13 12:13:22.305000+08:00	2024-07-13 12:13:22.305000+08:00	{'东门北侧': {'A': [1, 1, 1, 1, 1, 1, 1, 1, 1, 1], 'B': [1, 1, 1, 1, 1, 1, 1, 1, 1, 1], 'C': [1, 1, 1, 1, 1, 1, 1, 1, 1, 1], 'D': [1, 1, 1, 1, 1, 0, 1, 1, 1, 1], 'E': [1, 1, 0, 1, 1, 1, 1, 1, 1, 1], 'F': [1, 1, 1, 1, 1, 1, 1, 1, 0, 1], 'G': [1, 1, 1, 1, 1, 1, 1, 1, 1, 1], 'H': [1, 1, 1, 1, 1, 1, 1, 1, 1, 0], 'I': [1, 0, 1, 1, 1, 1, 0, 1, 1, 1], 'J': [1, 1, 0, 0, 0, 1, 1, 1, 1, 1], 'K': [0, 0, 1, 0, 1, 1, 1, 1, 1, 1]}, '东门南侧': {'A': [1, 0, 1, 1, 1, 1, 1, 0, 0, 0], 'B': [0, 0, 0, 0, 0, 0, 0, 0, 0, 0]}, '西门北侧': {'A': [1, 1, 1, 1, 1, 1, 1, 0, 1, 1], 'B': [1, 1, 1, 1, 1, 1, 1, 0, 1, 0], 'C': [1, 1, 1, 1, 1, 0, 1, 1, 1, 0]}, '西门南侧': {'A': [1, 1, 1, 1, 1, 0, 0, 1, 1, 1], 'B': [1, 1, 1, 1, 1, 1, 1, 1, 1, 1], 'C': [1, 1, 1, 1, 0, 1, 1, 1, 1, 1]}, '南门西侧': {'A': [1, 1, 1, 1, 1, 1, 1, 1, 1, 1], 'B': [1, 0, 1, 0, 1, 1, 0, 1, 0, 0]}, '南门东侧': {'A': [1, 0, 1, 1, 1, 1, 1, 1, 0, 1], 'B': [0, 0, 1, 1, 1, 1, 0, 1, 1, 0]}, '北门东北侧': {'A': [1, 1, 1, 1, 1, 1, 1, 1, 1, 1], 'B': [1, 1, 1, 1, 1, 1, 0, 1, 1, 1], 'C': [0, 0, 1, 1, 1, 1, 0, 1, 1, 1], 'D': [1, 1, 1, 0, 1, 1, 1, 1, 1, 1]}, '北门东南侧': {'A': [1, 1, 1, 1, 1, 1, 1, 1, 1, 0], 'B': [1, 1, 0, 1, 0, 1, 1, 1, 1, 1], 'C': [1, 0, 0, 1, 1, 0, 0, 1, 1, 1], 'D': [0, 0, 1, 0, 1, 1, 1, 0, 0, 1], 'E': [0, 1, 1, 0, 1, 0, 0, 1, 0, 0], 'F': [1, 1, 1, 1, 1, 0, 1, 1, 1, 1]}, '橘园北侧南': {'A': [0, 0, 0, 1, 0, 1, 1, 0, 0, 1], 'B': [1, 1, 1, 1, 1, 1, 1, 0, 1, 1], 'C': [0, 1, 1, 1, 1, 1, 0, 0, 0, 0], 'D': [1, 1, 0, 1, 1, 1, 1, 0, 1, 1], 'E': [0, 1, 1, 1, 1, 1, 0, 0, 1, 1], 'F': [0, 0, 0, 1, 1, 1, 1, 1, 0, 0], 'G': [0, 0, 1, 1, 1, 1, 0, 0, 1, 0], 'H': [0, 1, 1, 1, 1, 0, 0, 1, 1, 1], 'I': [0, 0, 0, 0, 1, 1, 1, 1, 0, 1], 'J': [0, 0, 0, 0, 0, 1, 1, 1, 1, 0]}, '校医院西': {'A': [1, 1, 0, 1, 1, 1, 1, 1, 1, 1], 'B': [0, 1, 1, 1, 1, 1, 1, 1, 1, 1], 'C': [1, 1, 1, 1, 1, 1, 1, 1, 1, 1], 'D': [1, 1, 1, 0, 1, 1, 1, 1, 1, 1], 'E': [1, 0, 1, 1, 1, 1, 1, 0, 1, 1], 'F': [1, 1, 1, 1, 0, 1, 1, 1, 1, 1], 'G': [0, 1, 1, 0, 0, 1, 1, 1, 0, 0], 'H': [1, 0, 1, 0, 0, 1, 0, 1, 1, 1], 'I': [1, 1, 0, 0, 0, 0, 0, 1, 0, 0]}}
623689	2024-07-13 12:14:23.923000+08:00	2024-07-13 12:14:23.923000+08:00	{'东门北侧': {'A': [1, 1, 1, 1, 1, 1, 1, 1, 1, 1], 'B': [1, 1, 1, 1, 1, 1, 1, 1, 1, 1], 'C': [1, 1, 1, 1, 1, 1, 1, 1, 1, 1], 'D': [1, 1, 1, 1, 1, 0, 1, 1, 1, 1], 'E': [1, 1, 0, 1, 1, 1, 1, 1, 1, 1], 'F': [1, 1, 1, 1, 1, 1, 1, 1, 0, 1], 'G': [1, 1, 1, 1, 1, 1, 1, 1, 1, 1], 'H': [1, 1, 1, 1, 1, 1, 1, 1, 1, 0], 'I': [1, 0, 1, 1, 1, 1, 0, 1, 1, 1], 'J': [1, 1, 0, 0, 0, 1, 1, 1, 1, 1], 'K': [0, 0, 1, 0, 1, 1, 1, 1, 1, 1]}, '东门南侧': {'A': [1, 0, 1, 1, 1, 1, 1, 0, 0, 0], 'B': [0, 0, 0, 0, 0, 0, 0, 0, 0, 0]}, '西门北侧': {'A': [1, 1, 1, 1, 1, 1, 1, 0, 1, 1], 'B': [1, 1, 1, 1, 1, 1, 1, 0, 1, 0], 'C': [1, 1, 1, 1, 1, 0, 1, 1, 1, 0]}, '西门南侧': {'A': [1, 1, 1, 1, 1, 0, 0, 1, 1, 1], 'B': [1, 1, 1, 1, 1, 1, 1, 1, 1, 1], 'C': [1, 1, 1, 1, 0, 1, 1, 1, 1, 1]}, '南门西侧': {'A': [1, 1, 1, 1, 1, 1, 1, 1, 1, 1], 'B': [1, 0, 1, 0, 1, 1, 0, 1, 0, 0]}, '南门东侧': {'A': [1, 0, 1, 1, 1, 1, 1, 1, 0, 1], 'B': [0, 0, 1, 1, 1, 1, 0, 1, 1, 0]}, '北门东北侧': {'A': [1, 1, 1, 1, 1, 1, 1, 1, 1, 1], 'B': [0, 1, 1, 1, 1, 1, 0, 1, 1, 1], 'C': [0, 0, 1, 1, 1, 1, 0, 1, 1, 1], 'D': [1, 1, 1, 0, 1, 1, 1, 1, 1, 1]}, '北门东南侧': {'A': [1, 1, 1, 1, 1, 1, 1, 1, 1, 0], 'B': [1, 1, 0, 1, 0, 1, 1, 1, 1, 1], 'C': [1, 0, 0, 1, 1, 0, 0, 1, 1, 1], 'D': [0, 0, 1, 0, 1, 1, 1, 0, 0, 1], 'E': [0, 1, 1, 0, 1, 0, 0, 1, 0, 0], 'F': [1, 1, 1, 1, 1, 0, 1, 1, 1, 1]}, '橘园北侧南': {'A': [0, 0, 0, 1, 0, 1, 1, 0, 0, 1], 'B': [1, 1, 1, 1, 1, 1, 1, 0, 1, 1], 'C': [0, 1, 1, 1, 1, 1, 0, 0, 0, 0], 'D': [1, 1, 0, 1, 1, 1, 1, 0, 1, 1], 'E': [0, 1, 1, 1, 1, 1, 0, 0, 1, 1], 'F': [0, 0, 0, 1, 1, 1, 1, 1, 0, 0], 'G': [0, 0, 1, 1, 1, 1, 0, 0, 1, 0], 'H': [0, 1, 1, 1, 1, 0, 0, 1, 1, 1], 'I': [0, 0, 0, 0, 1, 1, 1, 1, 0, 1], 'J': [0, 0, 0, 0, 0, 1, 1, 1, 1, 0]}, '校医院西': {'A': [1, 1, 0, 1, 1, 1, 1, 1, 1, 1], 'B': [0, 1, 1, 1, 1, 1, 1, 1, 1, 1], 'C': [1, 1, 1, 1, 1, 1, 1, 1, 1, 1], 'D': [1, 1, 1, 0, 1, 1, 1, 1, 1, 1], 'E': [1, 0, 1, 1, 1, 1, 1, 0, 1, 1], 'F': [1, 1, 1, 1, 0, 1, 1, 1, 1, 1], 'G': [0, 1, 1, 0, 0, 1, 1, 1, 0, 0], 'H': [1, 0, 1, 0, 0, 1, 0, 1, 1, 1], 'I': [1, 1, 0, 0, 0, 0, 0, 1, 0, 0]}}
623690	2024-07-13 12:15:22+08:00	2024-07-13 12:15:22+08:00	{'东门北侧': {'A': [1, 1, 1, 1, 1, 1, 1, 1, 1, 1], 'B': [1, 1, 1, 1, 1, 1, 1, 1, 1, 1], 'C': [1, 1, 1, 1, 1, 1, 1, 1, 1, 1], 'D': [1, 1, 1, 1, 1, 0, 1, 1, 1, 1], 'E': [1, 1, 0, 1, 1, 1, 1, 1, 1, 1], 'F': [1, 1, 1, 1, 1, 1, 1, 1, 0, 1], 'G': [1, 1, 1, 1, 1, 1, 1, 1, 1, 1], 'H': [1, 1, 1, 1, 1, 1, 1, 1, 1, 0], 'I': [1, 0, 1, 1, 1, 1, 0, 1, 1, 1], 'J': [1, 1, 0, 0, 0, 1, 1, 1, 1, 1], 'K': [0, 0, 1, 0, 1, 1, 1, 1, 1, 1]}, '东门南侧': {'A': [1, 0, 1, 1, 1, 1, 1, 0, 0, 0], 'B': [0, 0, 0, 0, 0, 0, 0, 0, 0, 0]}, '西门北侧': {'A': [1, 1, 1, 1, 1, 1, 1, 0, 1, 1], 'B': [1, 1, 1, 1, 1, 1, 1, 0, 1, 0], 'C': [1, 1, 1, 1, 1, 0, 1, 1, 1, 0]}, '西门南侧': {'A': [1, 1, 1, 1, 1, 0, 0, 1, 1, 1], 'B': [1, 1, 1, 1, 1, 1, 1, 1, 1, 1], 'C': [1, 1, 1, 1, 0, 1, 1, 1, 1, 1]}, '南门西侧': {'A': [1, 1, 1, 1, 1, 1, 1, 1, 1, 1], 'B': [1, 0, 1, 0, 1, 1, 0, 1, 0, 0]}, '南门东侧': {'A': [1, 0, 1, 1, 1, 1, 1, 1, 0, 1], 'B': [0, 0, 1, 1, 1, 1, 0, 1, 1, 0]}, '北门东北侧': {'A': [1, 1, 1, 1, 1, 1, 1, 1, 1, 1], 'B': [0, 1, 1, 1, 1, 1, 0, 1, 1, 1], 'C': [0, 0, 1, 1, 1, 1, 0, 1, 1, 1], 'D': [1, 1, 1, 0, 1, 1, 1, 1, 1, 1]}, '北门东南侧': {'A': [1, 1, 1, 1, 1, 1, 1, 1, 1, 0], 'B': [1, 1, 0, 1, 0, 1, 1, 1, 1, 1], 'C': [1, 0, 0, 1, 1, 0, 0, 1, 1, 1], 'D': [0, 0, 1, 0, 1, 1, 1, 0, 0, 1], 'E': [0, 1, 1, 0, 1, 0, 0, 1, 0, 0], 'F': [1, 1, 1, 1, 1, 0, 1, 1, 1, 1]}, '橘园北侧南': {'A': [0, 0, 1, 1, 0, 1, 1, 0, 0, 1], 'B': [1, 1, 1, 1, 1, 1, 1, 0, 1, 1], 'C': [0, 1, 1, 1, 0, 1, 0, 0, 0, 0], 'D': [1, 1, 0, 1, 1, 1, 1, 0, 1, 1], 'E': [0, 1, 1, 1, 1, 1, 0, 0, 1, 1], 'F': [0, 0, 0, 1, 1, 1, 1, 1, 0, 0], 'G': [0, 0, 1, 1, 1, 1, 0, 0, 1, 0], 'H': [0, 1, 1, 1, 1, 0, 0, 1, 1, 1], 'I': [0, 0, 0, 0, 1, 1, 1, 1, 0, 1], 'J': [0, 0, 0, 0, 0, 1, 1, 1, 1, 0]}, '校医院西': {'A': [1, 1, 0, 1, 1, 1, 1, 1, 1, 1], 'B': [0, 1, 1, 1, 1, 1, 1, 1, 1, 1], 'C': [1, 1, 1, 1, 1, 1, 1, 1, 1, 1], 'D': [1, 1, 1, 0, 1, 1, 1, 1, 1, 1], 'E': [1, 0, 1, 1, 1, 1, 1, 0, 1, 1], 'F': [1, 1, 1, 1, 0, 1, 1, 1, 1, 1], 'G': [0, 1, 1, 0, 0, 1, 1, 1, 0, 0], 'H': [1, 0, 1, 0, 0, 1, 0, 1, 1, 1], 'I': [1, 1, 0, 0, 0, 0, 0, 1, 0, 0]}}
623691	2024-07-13 12:16:22.850000+08:00	2024-07-13 12:16:22.850000+08:00	{'东门北侧': {'A': [1, 1, 1, 1, 1, 1, 1, 1, 1, 1], 'B': [1, 1, 1, 1, 1, 1, 1, 1, 1, 1], 'C': [1, 1, 1, 1, 1, 1, 1, 1, 1, 1], 'D': [1, 1, 1, 1, 1, 0, 1, 1, 1, 1], 'E': [1, 1, 0, 1, 1, 1, 1, 1, 1, 1], 'F': [1, 1, 1, 1, 1, 1, 1, 1, 0, 1], 'G': [1, 1, 1, 1, 1, 1, 1, 1, 1, 1], 'H': [1, 1, 1, 1, 1, 1, 1, 1, 1, 0], 'I': [1, 0, 1, 1, 1, 1, 0, 1, 1, 1], 'J': [1, 1, 0, 0, 0, 1, 1, 1, 1, 1], 'K': [0, 0, 1, 0, 1, 1, 1, 1, 1, 1]}, '东门南侧': {'A': [1, 0, 1, 1, 1, 1, 1, 0, 0, 0], 'B': [0, 0, 0, 0, 0, 0, 0, 0, 0, 0]}, '西门北侧': {'A': [1, 1, 1, 1, 1, 1, 1, 0, 1, 1], 'B': [1, 1, 1, 1, 1, 1, 1, 0, 1, 0], 'C': [1, 1, 1, 1, 1, 0, 1, 1, 1, 0]}, '西门南侧': {'A': [1, 1, 1, 1, 1, 0, 0, 1, 1, 1], 'B': [1, 1, 1, 1, 1, 1, 1, 1, 1, 1], 'C': [1, 1, 1, 1, 0, 1, 1, 1, 1, 1]}, '南门西侧': {'A': [1, 1, 1, 1, 1, 1, 1, 1, 1, 1], 'B': [1, 0, 1, 0, 1, 1, 0, 1, 0, 0]}, '南门东侧': {'A': [1, 0, 1, 1, 1, 1, 1, 1, 0, 1], 'B': [0, 0, 1, 1, 1, 1, 0, 1, 1, 0]}, '北门东北侧': {'A': [1, 1, 1, 1, 1, 1, 1, 1, 1, 1], 'B': [0, 1, 1, 1, 1, 1, 0, 1, 1, 1], 'C': [0, 0, 1, 1, 1, 1, 0, 1, 1, 1], 'D': [1, 1, 1, 0, 1, 1, 1, 1, 1, 1]}, '北门东南侧': {'A': [1, 1, 1, 1, 1, 1, 1, 1, 1, 0], 'B': [1, 1, 0, 1, 0, 1, 1, 1, 1, 1], 'C': [1, 0, 0, 1, 1, 0, 0, 1, 1, 1], 'D': [0, 0, 1, 0, 1, 1, 1, 0, 0, 1], 'E': [0, 1, 1, 0, 1, 0, 0, 1, 0, 0], 'F': [1, 1, 1, 1, 1, 0, 1, 1, 1, 1]}, '橘园北侧南': {'A': [0, 0, 1, 1, 0, 1, 1, 0, 0, 1], 'B': [1, 1, 1, 1, 1, 1, 1, 0, 1, 1], 'C': [0, 1, 1, 1, 0, 1, 0, 0, 0, 0], 'D': [1, 1, 0, 1, 1, 1, 1, 0, 1, 1], 'E': [0, 1, 1, 1, 1, 1, 0, 0, 1, 1], 'F': [0, 0, 0, 1, 1, 1, 1, 1, 0, 0], 'G': [0, 0, 1, 1, 1, 1, 0, 0, 1, 0], 'H': [0, 1, 1, 1, 1, 0, 0, 1, 1, 1], 'I': [0, 0, 0, 0, 1, 1, 1, 1, 0, 1], 'J': [0, 0, 0, 0, 0, 1, 1, 1, 1, 0]}, '校医院西': {'A': [1, 1, 0, 1, 1, 1, 1, 1, 1, 1], 'B': [0, 1, 1, 1, 1, 1, 1, 1, 1, 1], 'C': [1, 1, 1, 1, 1, 1, 1, 1, 1, 1], 'D': [1, 1, 1, 0, 1, 1, 1, 1, 1, 1], 'E': [1, 0, 1, 1, 1, 1, 1, 0, 1, 1], 'F': [1, 1, 1, 1, 0, 1, 1, 1, 1, 1], 'G': [0, 1, 1, 0, 0, 1, 1, 1, 0, 0], 'H': [1, 0, 1, 0, 0, 1, 0, 1, 1, 1], 'I': [1, 1, 0, 0, 0, 0, 0, 1, 0, 0]}}
623692	2024-07-13 12:17:23.240000+08:00	2024-07-13 12:17:23.240000+08:00	{'东门北侧': {'A': [1, 1, 1, 1, 1, 1, 1, 1, 1, 1], 'B': [1, 1, 1, 1, 1, 1, 1, 1, 1, 1], 'C': [1, 1, 1, 1, 1, 1, 1, 1, 1, 1], 'D': [1, 1, 1, 1, 1, 0, 1, 1, 1, 1], 'E': [1, 1, 0, 1, 1, 1, 1, 1, 1, 1], 'F': [1, 1, 1, 1, 1, 1, 1, 1, 0, 1], 'G': [1, 1, 1, 1, 1, 1, 1, 1, 1, 1], 'H': [1, 1, 1, 1, 1, 1, 1, 1, 1, 0], 'I': [1, 0, 1, 1, 1, 1, 0, 1, 1, 1], 'J': [1, 1, 0, 0, 0, 1, 1, 1, 1, 1], 'K': [0, 0, 1, 0, 1, 1, 1, 1, 1, 1]}, '东门南侧': {'A': [1, 0, 1, 1, 1, 1, 1, 0, 0, 0], 'B': [0, 0, 0, 0, 0, 0, 0, 0, 0, 0]}, '西门北侧': {'A': [1, 1, 1, 1, 1, 1, 1, 0, 1, 1], 'B': [1, 1, 1, 1, 1, 1, 1, 0, 1, 0], 'C': [1, 1, 1, 1, 1, 0, 1, 1, 1, 0]}, '西门南侧': {'A': [1, 1, 1, 1, 1, 0, 0, 1, 1, 1], 'B': [1, 1, 1, 1, 1, 1, 1, 1, 1, 1], 'C': [1, 1, 1, 1, 0, 1, 1, 1, 1, 1]}, '南门西侧': {'A': [1, 1, 1, 1, 1, 1, 1, 1, 1, 1], 'B': [1, 0, 1, 0, 1, 1, 0, 1, 0, 0]}, '南门东侧': {'A': [1, 0, 1, 1, 1, 1, 1, 1, 0, 1], 'B': [0, 0, 1, 1, 1, 1, 0, 1, 1, 0]}, '北门东北侧': {'A': [1, 1, 1, 1, 1, 1, 1, 1, 1, 1], 'B': [0, 1, 1, 1, 1, 1, 0, 1, 1, 1], 'C': [0, 0, 1, 1, 1, 1, 0, 1, 1, 1], 'D': [1, 1, 1, 0, 1, 1, 1, 1, 1, 1]}, '北门东南侧': {'A': [1, 1, 1, 1, 1, 1, 1, 1, 1, 0], 'B': [1, 1, 0, 1, 0, 1, 1, 1, 1, 1], 'C': [1, 0, 0, 1, 1, 0, 0, 1, 1, 1], 'D': [0, 0, 1, 0, 1, 1, 1, 0, 0, 1], 'E': [0, 1, 1, 0, 1, 0, 0, 1, 0, 0], 'F': [1, 1, 1, 1, 1, 0, 1, 1, 1, 1]}, '橘园北侧南': {'A': [0, 0, 1, 1, 0, 1, 1, 0, 0, 1], 'B': [1, 1, 1, 1, 1, 1, 1, 0, 1, 1], 'C': [0, 1, 1, 1, 0, 1, 0, 0, 0, 0], 'D': [1, 1, 0, 1, 1, 1, 1, 0, 1, 1], 'E': [0, 1, 1, 1, 1, 1, 0, 0, 1, 1], 'F': [0, 0, 0, 1, 1, 1, 1, 1, 0, 0], 'G': [0, 0, 1, 1, 1, 1, 0, 0, 1, 0], 'H': [0, 1, 1, 1, 1, 0, 0, 1, 1, 1], 'I': [0, 0, 0, 0, 1, 0, 1, 1, 0, 1], 'J': [0, 0, 0, 0, 0, 1, 1, 1, 1, 0]}, '校医院西': {'A': [1, 1, 0, 1, 1, 1, 1, 1, 1, 1], 'B': [0, 1, 1, 1, 1, 1, 1, 1, 1, 1], 'C': [1, 1, 1, 1, 1, 1, 1, 1, 1, 1], 'D': [1, 1, 1, 0, 1, 1, 1, 1, 1, 1], 'E': [1, 0, 1, 1, 1, 1, 1, 0, 1, 1], 'F': [1, 1, 1, 1, 0, 1, 1, 1, 1, 1], 'G': [0, 0, 1, 0, 0, 1, 1, 1, 0, 0], 'H': [1, 0, 1, 0, 0, 1, 0, 1, 1, 1], 'I': [1, 1, 0, 0, 0, 0, 0, 1, 0, 0]}}
623693	2024-07-13 12:18:20.873000+08:00	2024-07-13 12:18:20.873000+08:00	{'东门北侧': {'A': [1, 1, 1, 1, 1, 1, 1, 1, 1, 1], 'B': [1, 1, 1, 1, 1, 1, 1, 1, 1, 1], 'C': [1, 1, 1, 1, 1, 1, 1, 1, 1, 1], 'D': [1, 1, 1, 1, 1, 0, 1, 1, 1, 1], 'E': [1, 1, 0, 1, 1, 1, 1, 1, 1, 1], 'F': [1, 1, 1, 1, 1, 1, 1, 1, 0, 1], 'G': [1, 1, 1, 1, 1, 1, 1, 1, 1, 1], 'H': [1, 1, 1, 1, 1, 1, 1, 1, 1, 0], 'I': [1, 0, 1, 1, 1, 1, 0, 1, 1, 1], 'J': [1, 1, 0, 0, 0, 1, 1, 1, 1, 1], 'K': [0, 0, 1, 0, 1, 1, 1, 1, 1, 1]}, '东门南侧': {'A': [1, 0, 1, 1, 1, 1, 1, 0, 0, 0], 'B': [0, 0, 0, 0, 0, 0, 0, 0, 0, 0]}, '西门北侧': {'A': [1, 1, 1, 1, 1, 1, 1, 0, 1, 1], 'B': [1, 1, 1, 1, 1, 1, 1, 0, 1, 0], 'C': [1, 1, 1, 1, 1, 0, 1, 1, 1, 0]}, '西门南侧': {'A': [1, 1, 1, 1, 1, 0, 0, 1, 1, 1], 'B': [1, 1, 1, 1, 1, 1, 1, 1, 1, 1], 'C': [1, 1, 1, 1, 0, 1, 1, 1, 1, 1]}, '南门西侧': {'A': [1, 1, 1, 1, 1, 1, 1, 1, 1, 1], 'B': [1, 0, 1, 0, 1, 1, 0, 1, 0, 0]}, '南门东侧': {'A': [1, 0, 1, 1, 1, 1, 1, 1, 0, 1], 'B': [0, 0, 1, 1, 1, 1, 0, 1, 1, 0]}, '北门东北侧': {'A': [1, 1, 1, 1, 1, 1, 1, 1, 1, 1], 'B': [0, 1, 1, 1, 1, 1, 0, 1, 1, 1], 'C': [0, 0, 1, 1, 1, 1, 0, 1, 1, 1], 'D': [1, 1, 1, 0, 1, 1, 1, 1, 1, 1]}, '北门东南侧': {'A': [1, 1, 1, 1, 1, 1, 1, 1, 1, 0], 'B': [1, 1, 0, 1, 0, 1, 1, 1, 1, 1], 'C': [1, 0, 0, 1, 1, 0, 0, 1, 1, 1], 'D': [0, 0, 1, 0, 1, 1, 1, 0, 0, 1], 'E': [0, 1, 1, 0, 1, 0, 0, 1, 0, 0], 'F': [1, 1, 1, 1, 1, 0, 1, 1, 1, 1]}, '橘园北侧南': {'A': [0, 0, 1, 1, 0, 1, 1, 0, 0, 1], 'B': [1, 1, 1, 1, 1, 1, 1, 0, 1, 1], 'C': [0, 1, 1, 1, 0, 1, 0, 0, 0, 0], 'D': [1, 1, 0, 1, 1, 1, 1, 0, 1, 1], 'E': [0, 1, 1, 1, 1, 1, 0, 0, 1, 1], 'F': [0, 0, 0, 1, 1, 1, 1, 1, 0, 0], 'G': [0, 0, 1, 1, 1, 1, 0, 0, 1, 0], 'H': [0, 1, 1, 1, 1, 0, 0, 1, 0, 1], 'I': [0, 0, 0, 0, 1, 0, 1, 1, 0, 1], 'J': [0, 0, 0, 0, 0, 1, 1, 1, 1, 0]}, '校医院西': {'A': [1, 1, 0, 1, 1, 1, 1, 1, 1, 1], 'B': [0, 1, 1, 1, 1, 1, 1, 1, 1, 1], 'C': [1, 1, 1, 1, 1, 1, 1, 1, 1, 1], 'D': [1, 1, 1, 0, 1, 1, 1, 1, 1, 1], 'E': [1, 0, 1, 1, 1, 1, 1, 0, 1, 1], 'F': [1, 1, 1, 1, 0, 1, 1, 1, 1, 1], 'G': [0, 0, 1, 0, 0, 1, 1, 1, 0, 0], 'H': [1, 0, 1, 0, 0, 1, 0, 1, 1, 1], 'I': [1, 1, 0, 0, 0, 0, 0, 0, 0, 0]}}
623694	2024-07-13 12:19:23.836000+08:00	2024-07-13 12:19:23.836000+08:00	{'东门北侧': {'A': [1, 1, 1, 1, 1, 1, 1, 1, 1, 1], 'B': [1, 1, 1, 1, 1, 1, 1, 1, 1, 1], 'C': [1, 1, 1, 1, 1, 1, 1, 1, 1, 1], 'D': [1, 1, 1, 1, 1, 0, 1, 1, 1, 1], 'E': [1, 1, 0, 1, 1, 1, 1, 1, 1, 1], 'F': [1, 1, 1, 1, 1, 1, 1, 1, 0, 1], 'G': [1, 1, 1, 1, 1, 1, 1, 1, 1, 1], 'H': [1, 1, 1, 1, 1, 1, 1, 1, 1, 0], 'I': [1, 0, 1, 1, 1, 1, 0, 1, 1, 1], 'J': [1, 1, 0, 0, 0, 1, 1, 1, 1, 1], 'K': [0, 0, 1, 0, 1, 1, 1, 1, 1, 1]}, '东门南侧': {'A': [1, 0, 1, 1, 1, 1, 1, 0, 0, 0], 'B': [0, 0, 0, 0, 0, 0, 0, 0, 0, 0]}, '西门北侧': {'A': [1, 1, 1, 1, 1, 1, 1, 0, 1, 1], 'B': [1, 1, 1, 1, 1, 1, 1, 0, 1, 0], 'C': [1, 1, 1, 1, 1, 0, 1, 1, 1, 0]}, '西门南侧': {'A': [1, 1, 1, 1, 1, 0, 0, 1, 1, 1], 'B': [1, 1, 1, 1, 1, 1, 1, 1, 1, 1], 'C': [1, 1, 1, 1, 0, 1, 1, 1, 1, 1]}, '南门西侧': {'A': [1, 1, 1, 1, 1, 1, 1, 1, 1, 1], 'B': [1, 0, 1, 0, 1, 1, 0, 1, 0, 0]}, '南门东侧': {'A': [1, 0, 1, 1, 1, 1, 1, 1, 0, 1], 'B': [0, 0, 1, 1, 1, 1, 0, 1, 1, 0]}, '北门东北侧': {'A': [1, 1, 1, 1, 1, 1, 1, 1, 1, 1], 'B': [0, 1, 1, 1, 1, 1, 0, 1, 1, 1], 'C': [0, 0, 1, 1, 1, 1, 0, 1, 1, 1], 'D': [1, 1, 1, 0, 1, 1, 1, 1, 1, 1]}, '北门东南侧': {'A': [1, 1, 1, 1, 1, 1, 1, 1, 1, 0], 'B': [1, 1, 0, 1, 0, 1, 1, 1, 1, 1], 'C': [1, 0, 0, 1, 1, 0, 0, 1, 1, 1], 'D': [0, 0, 1, 0, 1, 1, 1, 0, 0, 1], 'E': [0, 1, 1, 0, 1, 0, 0, 1, 0, 0], 'F': [1, 1, 1, 1, 1, 0, 1, 1, 1, 1]}, '橘园北侧南': {'A': [0, 0, 1, 1, 0, 1, 1, 0, 0, 1], 'B': [1, 1, 1, 1, 1, 1, 1, 0, 1, 1], 'C': [0, 1, 1, 1, 0, 1, 0, 0, 0, 0], 'D': [1, 1, 0, 1, 1, 1, 1, 0, 1, 1], 'E': [0, 1, 1, 1, 1, 1, 0, 0, 1, 1], 'F': [0, 0, 0, 1, 1, 1, 1, 1, 0, 0], 'G': [0, 0, 1, 1, 1, 1, 0, 0, 1, 0], 'H': [0, 1, 1, 1, 1, 0, 0, 1, 0, 1], 'I': [0, 0, 0, 0, 1, 0, 1, 1, 0, 1], 'J': [0, 0, 0, 0, 0, 1, 1, 1, 1, 0]}, '校医院西': {'A': [1, 1, 0, 1, 1, 1, 1, 1, 1, 1], 'B': [0, 1, 1, 1, 1, 1, 1, 1, 1, 1], 'C': [1, 1, 1, 1, 1, 1, 1, 1, 1, 1], 'D': [1, 1, 1, 0, 1, 1, 1, 1, 1, 1], 'E': [1, 0, 1, 1, 1, 1, 1, 0, 1, 1], 'F': [1, 1, 1, 1, 0, 1, 1, 1, 1, 1], 'G': [0, 0, 1, 0, 0, 1, 1, 1, 0, 0], 'H': [1, 0, 1, 0, 0, 1, 0, 1, 1, 1], 'I': [1, 1, 0, 0, 0, 0, 0, 0, 0, 0]}}
623695	2024-07-13 12:20:24.073000+08:00	2024-07-13 12:20:24.073000+08:00	{'东门北侧': {'A': [1, 1, 1, 1, 1, 1, 1, 1, 1, 1], 'B': [1, 1, 1, 1, 1, 1, 1, 1, 1, 1], 'C': [1, 1, 1, 1, 1, 1, 1, 1, 1, 1], 'D': [1, 1, 1, 1, 1, 0, 1, 1, 1, 1], 'E': [1, 1, 0, 1, 1, 1, 1, 1, 1, 1], 'F': [1, 1, 1, 1, 1, 1, 1, 1, 0, 1], 'G': [1, 1, 1, 1, 1, 1, 1, 1, 1, 1], 'H': [1, 1, 1, 1, 1, 1, 1, 1, 1, 0], 'I': [1, 0, 1, 1, 1, 1, 0, 1, 1, 1], 'J': [1, 1, 0, 0, 0, 1, 1, 1, 1, 1], 'K': [0, 0, 1, 0, 1, 1, 1, 1, 1, 1]}, '东门南侧': {'A': [1, 0, 1, 1, 1, 1, 1, 0, 0, 0], 'B': [0, 0, 0, 0, 0, 0, 0, 0, 0, 0]}, '西门北侧': {'A': [1, 1, 1, 1, 1, 1, 1, 0, 1, 1], 'B': [1, 1, 1, 1, 1, 1, 1, 0, 1, 0], 'C': [1, 1, 1, 1, 1, 0, 1, 1, 1, 0]}, '西门南侧': {'A': [1, 1, 1, 1, 1, 0, 0, 1, 1, 1], 'B': [1, 1, 1, 1, 1, 1, 1, 1, 1, 1], 'C': [1, 1, 1, 1, 0, 1, 1, 1, 1, 1]}, '南门西侧': {'A': [1, 1, 1, 1, 1, 1, 1, 1, 1, 1], 'B': [1, 0, 1, 0, 1, 1, 0, 0, 0, 0]}, '南门东侧': {'A': [1, 0, 1, 1, 1, 1, 1, 1, 0, 1], 'B': [0, 0, 1, 1, 1, 1, 0, 1, 1, 0]}, '北门东北侧': {'A': [1, 1, 1, 1, 1, 1, 1, 1, 1, 1], 'B': [0, 1, 1, 1, 1, 1, 0, 1, 1, 1], 'C': [0, 0, 1, 1, 1, 1, 0, 1, 1, 1], 'D': [1, 1, 1, 0, 1, 1, 1, 1, 1, 1]}, '北门东南侧': {'A': [1, 1, 1, 1, 1, 1, 1, 1, 1, 0], 'B': [1, 1, 0, 1, 0, 1, 1, 1, 1, 1], 'C': [1, 0, 0, 1, 1, 1, 0, 1, 1, 1], 'D': [0, 0, 1, 0, 1, 1, 1, 0, 0, 1], 'E': [0, 1, 1, 0, 1, 0, 0, 1, 0, 0], 'F': [1, 1, 1, 1, 1, 0, 1, 1, 1, 1]}, '橘园北侧南': {'A': [0, 0, 1, 1, 0, 1, 1, 0, 0, 1], 'B': [1, 1, 1, 1, 1, 1, 1, 0, 1, 1], 'C': [0, 1, 1, 1, 0, 1, 0, 0, 0, 0], 'D': [1, 1, 0, 1, 1, 1, 1, 0, 1, 1], 'E': [0, 1, 1, 1, 1, 1, 0, 0, 1, 1], 'F': [0, 0, 0, 1, 1, 1, 1, 1, 0, 0], 'G': [0, 0, 1, 1, 1, 1, 0, 0, 1, 0], 'H': [0, 1, 1, 1, 1, 0, 0, 1, 0, 1], 'I': [0, 0, 0, 0, 1, 0, 1, 1, 0, 1], 'J': [0, 0, 0, 0, 0, 1, 1, 1, 1, 0]}, '校医院西': {'A': [1, 1, 0, 1, 1, 1, 1, 1, 1, 1], 'B': [0, 1, 1, 1, 1, 1, 1, 1, 1, 1], 'C': [1, 1, 1, 1, 1, 1, 1, 1, 1, 1], 'D': [1, 1, 1, 0, 1, 1, 1, 1, 1, 1], 'E': [1, 0, 1, 1, 1, 1, 1, 0, 1, 1], 'F': [1, 1, 1, 1, 0, 1, 1, 1, 1, 1], 'G': [0, 0, 1, 0, 0, 1, 1, 1, 0, 0], 'H': [1, 0, 1, 0, 0, 1, 0, 1, 1, 1], 'I': [1, 1, 0, 0, 0, 0, 0, 0, 0, 0]}}
623696	2024-07-13 12:21:22.879000+08:00	2024-07-13 12:21:22.879000+08:00	{'东门北侧': {'A': [1, 1, 1, 1, 1, 1, 1, 1, 1, 1], 'B': [1, 1, 1, 1, 1, 1, 1, 1, 1, 1], 'C': [1, 1, 1, 1, 1, 1, 1, 1, 1, 1], 'D': [1, 1, 1, 1, 1, 0, 1, 1, 1, 1], 'E': [1, 1, 0, 1, 1, 1, 1, 1, 1, 1], 'F': [1, 1, 1, 1, 1, 1, 1, 1, 0, 1], 'G': [1, 1, 1, 1, 1, 1, 1, 1, 1, 1], 'H': [1, 1, 1, 1, 1, 1, 1, 1, 1, 0], 'I': [1, 0, 1, 1, 1, 1, 0, 1, 1, 1], 'J': [1, 1, 0, 0, 0, 1, 1, 1, 1, 1], 'K': [0, 0, 1, 0, 1, 1, 1, 1, 1, 1]}, '东门南侧': {'A': [1, 0, 1, 1, 1, 1, 1, 0, 0, 0], 'B': [0, 0, 0, 0, 0, 0, 0, 0, 0, 0]}, '西门北侧': {'A': [1, 1, 1, 1, 1, 1, 1, 0, 1, 1], 'B': [1, 1, 1, 1, 1, 1, 1, 0, 1, 0], 'C': [1, 1, 1, 1, 1, 0, 1, 1, 1, 0]}, '西门南侧': {'A': [1, 1, 1, 1, 1, 0, 0, 1, 1, 1], 'B': [1, 1, 1, 1, 1, 1, 1, 1, 1, 1], 'C': [1, 1, 1, 1, 0, 1, 1, 1, 1, 1]}, '南门西侧': {'A': [1, 1, 1, 1, 1, 1, 1, 1, 1, 1], 'B': [1, 0, 1, 0, 1, 1, 0, 0, 0, 0]}, '南门东侧': {'A': [1, 0, 1, 1, 1, 1, 1, 1, 0, 1], 'B': [0, 0, 1, 1, 1, 1, 0, 1, 1, 0]}, '北门东北侧': {'A': [1, 1, 1, 1, 1, 1, 1, 1, 1, 1], 'B': [0, 1, 1, 1, 1, 1, 0, 1, 1, 1], 'C': [0, 0, 1, 1, 1, 1, 0, 1, 1, 1], 'D': [1, 1, 1, 0, 1, 1, 1, 1, 1, 1]}, '北门东南侧': {'A': [1, 1, 1, 1, 1, 1, 1, 1, 1, 0], 'B': [1, 1, 0, 1, 0, 1, 1, 1, 1, 1], 'C': [1, 0, 0, 1, 1, 1, 0, 1, 1, 1], 'D': [0, 0, 1, 0, 1, 1, 1, 0, 0, 1], 'E': [0, 1, 1, 0, 1, 0, 0, 1, 0, 0], 'F': [1, 1, 1, 1, 1, 0, 1, 1, 1, 1]}, '橘园北侧南': {'A': [0, 0, 1, 1, 0, 1, 1, 0, 0, 1], 'B': [1, 1, 1, 1, 1, 1, 1, 0, 1, 1], 'C': [0, 1, 1, 1, 0, 1, 0, 0, 0, 0], 'D': [1, 1, 0, 1, 1, 1, 1, 0, 1, 1], 'E': [0, 1, 1, 1, 1, 1, 0, 0, 1, 1], 'F': [0, 0, 0, 1, 1, 1, 1, 1, 0, 0], 'G': [0, 0, 1, 1, 1, 1, 0, 0, 1, 0], 'H': [0, 1, 1, 1, 1, 0, 0, 1, 0, 1], 'I': [0, 0, 0, 0, 1, 0, 1, 1, 0, 1], 'J': [0, 0, 0, 0, 0, 1, 1, 1, 1, 0]}, '校医院西': {'A': [1, 1, 0, 1, 1, 1, 1, 1, 1, 1], 'B': [0, 1, 1, 1, 1, 1, 1, 1, 1, 1], 'C': [1, 1, 1, 1, 1, 1, 1, 1, 1, 1], 'D': [1, 1, 1, 0, 1, 1, 1, 1, 1, 1], 'E': [1, 0, 1, 1, 1, 1, 1, 0, 1, 1], 'F': [1, 1, 1, 1, 0, 1, 1, 1, 1, 1], 'G': [0, 0, 1, 0, 0, 1, 1, 1, 0, 0], 'H': [1, 0, 1, 0, 0, 1, 0, 1, 1, 1], 'I': [1, 1, 0, 0, 0, 0, 0, 0, 0, 0]}}
623697	2024-07-13 12:22:21.879000+08:00	2024-07-13 12:22:21.879000+08:00	{'东门北侧': {'A': [1, 1, 1, 1, 1, 1, 1, 1, 1, 1], 'B': [1, 1, 1, 1, 1, 1, 1, 1, 1, 1], 'C': [1, 1, 1, 1, 1, 1, 1, 1, 1, 1], 'D': [1, 1, 1, 1, 1, 0, 1, 1, 1, 1], 'E': [1, 1, 0, 1, 1, 1, 1, 1, 1, 1], 'F': [1, 1, 1, 1, 1, 1, 1, 1, 0, 1], 'G': [1, 1, 1, 1, 1, 1, 1, 1, 1, 1], 'H': [1, 1, 1, 1, 1, 1, 1, 1, 1, 0], 'I': [1, 0, 1, 1, 1, 1, 0, 1, 1, 1], 'J': [1, 1, 0, 0, 0, 1, 1, 1, 1, 1], 'K': [0, 0, 1, 0, 1, 1, 1, 1, 1, 1]}, '东门南侧': {'A': [1, 0, 1, 1, 1, 1, 1, 0, 0, 0], 'B': [0, 0, 0, 0, 0, 0, 0, 0, 0, 0]}, '西门北侧': {'A': [1, 1, 1, 1, 1, 1, 1, 0, 1, 1], 'B': [1, 1, 1, 1, 1, 1, 1, 0, 1, 0], 'C': [1, 1, 1, 1, 1, 0, 1, 1, 1, 0]}, '西门南侧': {'A': [1, 1, 1, 1, 1, 0, 0, 1, 1, 1], 'B': [1, 1, 1, 1, 1, 1, 1, 1, 1, 1], 'C': [1, 1, 1, 1, 0, 1, 1, 1, 1, 1]}, '南门西侧': {'A': [1, 1, 1, 1, 1, 1, 1, 1, 1, 1], 'B': [1, 0, 1, 0, 1, 1, 0, 0, 0, 0]}, '南门东侧': {'A': [1, 0, 1, 1, 1, 1, 1, 1, 0, 1], 'B': [0, 0, 1, 1, 1, 1, 0, 1, 1, 0]}, '北门东北侧': {'A': [1, 1, 1, 1, 1, 1, 1, 1, 1, 1], 'B': [0, 1, 1, 1, 1, 1, 0, 1, 1, 1], 'C': [0, 0, 1, 1, 1, 1, 0, 1, 1, 1], 'D': [1, 1, 1, 0, 1, 1, 1, 1, 1, 1]}, '北门东南侧': {'A': [1, 1, 1, 1, 1, 1, 1, 1, 1, 0], 'B': [1, 1, 0, 1, 0, 1, 1, 1, 1, 1], 'C': [1, 0, 0, 1, 1, 1, 0, 1, 1, 1], 'D': [0, 0, 1, 0, 1, 1, 1, 0, 0, 1], 'E': [0, 1, 1, 0, 1, 0, 0, 1, 0, 0], 'F': [1, 1, 1, 1, 1, 0, 1, 1, 1, 1]}, '橘园北侧南': {'A': [0, 0, 1, 1, 0, 1, 1, 0, 0, 1], 'B': [1, 1, 1, 1, 1, 1, 1, 0, 1, 1], 'C': [0, 1, 1, 1, 0, 1, 0, 0, 0, 0], 'D': [1, 1, 0, 1, 1, 1, 1, 0, 1, 1], 'E': [0, 1, 1, 1, 1, 1, 0, 0, 1, 1], 'F': [0, 0, 0, 1, 1, 1, 1, 1, 0, 0], 'G': [0, 0, 1, 1, 1, 1, 0, 0, 1, 0], 'H': [0, 1, 1, 1, 1, 0, 0, 1, 0, 1], 'I': [0, 0, 0, 0, 1, 0, 1, 1, 0, 1], 'J': [0, 0, 0, 0, 0, 1, 1, 1, 1, 0]}, '校医院西': {'A': [1, 1, 0, 1, 1, 1, 1, 1, 1, 1], 'B': [0, 1, 1, 1, 1, 1, 1, 1, 1, 1], 'C': [1, 1, 1, 1, 1, 1, 1, 1, 1, 1], 'D': [1, 1, 1, 0, 1, 1, 1, 1, 1, 1], 'E': [1, 0, 1, 1, 1, 1, 1, 0, 1, 1], 'F': [1, 1, 1, 1, 0, 1, 1, 1, 1, 1], 'G': [0, 0, 1, 0, 0, 1, 1, 1, 0, 0], 'H': [1, 0, 1, 0, 0, 1, 0, 1, 1, 1], 'I': [1, 1, 0, 0, 0, 0, 0, 0, 0, 0]}}
623698	2024-07-13 12:23:24.076000+08:00	2024-07-13 12:23:24.076000+08:00	{'东门北侧': {'A': [1, 1, 1, 1, 1, 1, 1, 1, 1, 1], 'B': [1, 1, 1, 1, 1, 1, 1, 1, 1, 1], 'C': [1, 1, 1, 1, 1, 1, 1, 1, 1, 1], 'D': [1, 1, 1, 1, 1, 0, 1, 1, 1, 1], 'E': [1, 1, 0, 1, 1, 1, 1, 1, 1, 1], 'F': [1, 1, 1, 1, 1, 1, 1, 1, 0, 1], 'G': [1, 1, 1, 1, 1, 1, 1, 1, 1, 1], 'H': [1, 1, 1, 1, 1, 1, 1, 1, 1, 0], 'I': [1, 0, 1, 1, 1, 1, 0, 1, 1, 1], 'J': [1, 1, 0, 0, 0, 1, 1, 1, 1, 1], 'K': [0, 0, 1, 0, 1, 1, 1, 1, 1, 1]}, '东门南侧': {'A': [1, 0, 1, 1, 1, 1, 1, 0, 0, 0], 'B': [0, 0, 0, 0, 0, 0, 0, 0, 0, 0]}, '西门北侧': {'A': [1, 1, 1, 1, 1, 1, 1, 0, 1, 1], 'B': [1, 1, 1, 1, 1, 1, 1, 0, 1, 0], 'C': [1, 1, 1, 1, 1, 0, 1, 1, 1, 0]}, '西门南侧': {'A': [1, 1, 1, 1, 1, 0, 0, 1, 1, 1], 'B': [1, 1, 1, 1, 1, 1, 1, 1, 1, 1], 'C': [1, 1, 1, 1, 0, 1, 1, 1, 1, 1]}, '南门西侧': {'A': [1, 1, 1, 1, 1, 1, 1, 1, 1, 1], 'B': [1, 0, 1, 0, 1, 1, 0, 0, 0, 0]}, '南门东侧': {'A': [1, 0, 1, 1, 1, 1, 1, 1, 0, 1], 'B': [0, 0, 1, 1, 1, 1, 0, 1, 1, 0]}, '北门东北侧': {'A': [1, 1, 1, 1, 1, 1, 1, 1, 1, 1], 'B': [0, 1, 1, 1, 1, 1, 0, 1, 1, 1], 'C': [0, 0, 1, 1, 1, 1, 0, 1, 1, 1], 'D': [1, 1, 1, 0, 1, 1, 1, 1, 1, 1]}, '北门东南侧': {'A': [1, 1, 1, 1, 1, 1, 1, 1, 1, 0], 'B': [1, 1, 0, 1, 0, 1, 1, 1, 1, 1], 'C': [1, 0, 0, 1, 1, 1, 0, 1, 1, 1], 'D': [0, 0, 1, 0, 1, 1, 1, 0, 0, 1], 'E': [0, 1, 1, 0, 1, 0, 0, 1, 0, 0], 'F': [1, 1, 1, 1, 1, 0, 1, 1, 1, 1]}, '橘园北侧南': {'A': [0, 0, 1, 1, 0, 1, 1, 0, 0, 1], 'B': [1, 1, 1, 1, 1, 1, 1, 0, 1, 1], 'C': [0, 1, 1, 1, 0, 1, 0, 0, 0, 0], 'D': [1, 0, 0, 1, 1, 1, 1, 0, 1, 1], 'E': [0, 1, 1, 1, 1, 1, 0, 0, 1, 1], 'F': [0, 0, 0, 1, 1, 1, 1, 1, 0, 0], 'G': [0, 0, 1, 1, 1, 1, 0, 0, 1, 0], 'H': [0, 1, 1, 1, 1, 0, 0, 1, 0, 1], 'I': [0, 0, 0, 0, 1, 0, 1, 1, 0, 1], 'J': [0, 0, 0, 0, 0, 1, 1, 1, 1, 0]}, '校医院西': {'A': [1, 1, 0, 1, 1, 1, 1, 1, 1, 1], 'B': [0, 1, 1, 1, 1, 1, 1, 1, 1, 1], 'C': [1, 1, 1, 1, 1, 1, 1, 1, 1, 1], 'D': [1, 1, 1, 0, 1, 1, 1, 1, 1, 1], 'E': [1, 0, 1, 1, 1, 1, 1, 0, 1, 1], 'F': [1, 1, 1, 1, 0, 1, 1, 1, 1, 1], 'G': [0, 0, 1, 0, 0, 1, 1, 1, 0, 0], 'H': [1, 0, 1, 0, 0, 1, 0, 1, 1, 1], 'I': [1, 1, 0, 0, 0, 0, 0, 0, 0, 0]}}
623699	2024-07-13 12:24:23.870000+08:00	2024-07-13 12:24:23.870000+08:00	{'东门北侧': {'A': [1, 1, 1, 1, 1, 1, 1, 1, 1, 1], 'B': [1, 1, 1, 1, 1, 1, 1, 1, 1, 1], 'C': [1, 1, 1, 1, 1, 1, 1, 1, 1, 1], 'D': [1, 1, 1, 1, 1, 0, 1, 1, 1, 1], 'E': [1, 1, 1, 1, 1, 1, 1, 1, 1, 1], 'F': [1, 1, 1, 1, 1, 1, 1, 1, 0, 1], 'G': [1, 1, 1, 1, 1, 1, 1, 1, 1, 1], 'H': [1, 1, 1, 1, 1, 1, 1, 1, 1, 0], 'I': [1, 0, 1, 1, 1, 1, 0, 1, 1, 1], 'J': [1, 1, 0, 0, 0, 1, 1, 1, 1, 1], 'K': [0, 0, 1, 0, 1, 1, 1, 1, 1, 1]}, '东门南侧': {'A': [1, 0, 1, 1, 1, 1, 1, 0, 0, 0], 'B': [0, 0, 0, 0, 0, 0, 0, 0, 0, 0]}, '西门北侧': {'A': [1, 1, 1, 1, 1, 1, 1, 0, 1, 1], 'B': [1, 1, 1, 1, 1, 1, 1, 0, 1, 0], 'C': [1, 1, 1, 1, 1, 0, 1, 1, 1, 0]}, '西门南侧': {'A': [1, 1, 1, 1, 1, 0, 0, 1, 1, 1], 'B': [1, 1, 1, 1, 1, 1, 1, 1, 1, 1], 'C': [1, 1, 1, 1, 0, 1, 1, 1, 1, 1]}, '南门西侧': {'A': [1, 1, 1, 1, 1, 1, 1, 1, 1, 1], 'B': [1, 0, 1, 0, 1, 1, 0, 0, 0, 0]}, '南门东侧': {'A': [1, 0, 1, 1, 1, 1, 1, 1, 0, 1], 'B': [0, 0, 1, 1, 1, 1, 0, 1, 1, 0]}, '北门东北侧': {'A': [1, 1, 1, 1, 1, 1, 1, 1, 1, 1], 'B': [0, 1, 1, 1, 1, 1, 0, 1, 1, 1], 'C': [0, 0, 1, 1, 1, 1, 0, 1, 1, 1], 'D': [1, 1, 1, 0, 1, 1, 1, 1, 1, 1]}, '北门东南侧': {'A': [1, 1, 1, 1, 1, 1, 1, 1, 1, 0], 'B': [1, 1, 0, 1, 0, 1, 1, 1, 1, 1], 'C': [1, 0, 0, 1, 1, 1, 0, 1, 1, 1], 'D': [0, 0, 1, 0, 1, 1, 1, 0, 0, 1], 'E': [0, 1, 1, 0, 1, 0, 0, 1, 0, 0], 'F': [1, 1, 1, 1, 1, 0, 1, 1, 1, 1]}, '橘园北侧南': {'A': [0, 0, 0, 1, 0, 1, 1, 0, 0, 1], 'B': [1, 1, 1, 1, 1, 1, 1, 0, 1, 1], 'C': [0, 1, 1, 1, 0, 1, 0, 0, 0, 0], 'D': [1, 0, 0, 1, 1, 1, 1, 0, 1, 1], 'E': [0, 1, 1, 1, 1, 1, 0, 0, 1, 1], 'F': [0, 0, 0, 1, 1, 1, 1, 1, 0, 0], 'G': [0, 0, 1, 1, 1, 1, 0, 0, 1, 0], 'H': [0, 1, 1, 1, 1, 0, 0, 1, 0, 1], 'I': [0, 0, 0, 0, 1, 0, 1, 1, 0, 1], 'J': [0, 0, 0, 0, 0, 1, 1, 1, 1, 0]}, '校医院西': {'A': [1, 1, 0, 1, 1, 1, 1, 1, 1, 1], 'B': [0, 1, 1, 1, 1, 1, 1, 1, 1, 1], 'C': [1, 1, 1, 1, 1, 1, 1, 1, 1, 1], 'D': [1, 1, 1, 0, 1, 1, 1, 1, 1, 1], 'E': [1, 0, 1, 1, 1, 1, 1, 0, 1, 1], 'F': [1, 1, 1, 1, 0, 1, 1, 1, 1, 1], 'G': [0, 0, 1, 0, 0, 1, 1, 1, 0, 0], 'H': [1, 0, 1, 0, 0, 1, 0, 1, 1, 1], 'I': [1, 1, 0, 0, 0, 0, 0, 0, 0, 0]}}
623700	2024-07-13 12:25:22.862000+08:00	2024-07-13 12:25:22.862000+08:00	{'东门北侧': {'A': [1, 1, 1, 1, 1, 1, 1, 1, 1, 1], 'B': [1, 1, 1, 1, 1, 1, 1, 1, 1, 1], 'C': [1, 1, 1, 1, 1, 1, 1, 1, 1, 1], 'D': [1, 1, 1, 1, 1, 0, 1, 1, 1, 1], 'E': [1, 1, 1, 1, 1, 1, 1, 1, 1, 1], 'F': [1, 1, 1, 1, 1, 1, 1, 1, 0, 1], 'G': [1, 1, 1, 1, 1, 1, 1, 1, 1, 1], 'H': [1, 1, 1, 1, 1, 1, 1, 1, 1, 0], 'I': [1, 0, 1, 1, 1, 1, 0, 1, 1, 1], 'J': [1, 1, 0, 0, 0, 1, 1, 1, 1, 1], 'K': [0, 0, 1, 0, 1, 1, 1, 1, 1, 1]}, '东门南侧': {'A': [1, 0, 1, 1, 1, 1, 1, 0, 0, 0], 'B': [0, 0, 0, 0, 0, 0, 0, 0, 0, 0]}, '西门北侧': {'A': [1, 1, 1, 1, 1, 1, 1, 0, 1, 1], 'B': [1, 1, 1, 1, 1, 1, 1, 0, 1, 0], 'C': [1, 1, 1, 1, 1, 0, 1, 1, 1, 0]}, '西门南侧': {'A': [1, 1, 1, 1, 1, 0, 0, 1, 1, 1], 'B': [1, 1, 1, 1, 1, 1, 1, 1, 1, 1], 'C': [1, 1, 1, 1, 0, 1, 1, 1, 1, 1]}, '南门西侧': {'A': [1, 1, 1, 1, 1, 1, 1, 1, 1, 1], 'B': [1, 0, 1, 0, 1, 1, 0, 0, 0, 0]}, '南门东侧': {'A': [1, 0, 1, 1, 1, 1, 1, 1, 0, 1], 'B': [0, 0, 1, 1, 1, 1, 1, 1, 1, 0]}, '北门东北侧': {'A': [1, 1, 1, 1, 1, 1, 1, 1, 1, 1], 'B': [0, 1, 1, 1, 1, 1, 0, 1, 1, 1], 'C': [0, 0, 1, 1, 1, 1, 0, 1, 1, 1], 'D': [1, 1, 1, 0, 1, 1, 1, 1, 1, 1]}, '北门东南侧': {'A': [1, 1, 1, 1, 1, 1, 1, 1, 1, 0], 'B': [1, 1, 0, 1, 0, 1, 1, 1, 1, 1], 'C': [1, 0, 0, 1, 1, 1, 0, 1, 1, 1], 'D': [1, 0, 1, 0, 1, 1, 1, 0, 0, 1], 'E': [0, 1, 1, 0, 1, 0, 0, 1, 0, 0], 'F': [1, 1, 1, 1, 1, 0, 1, 1, 1, 1]}, '橘园北侧南': {'A': [0, 0, 0, 1, 0, 1, 1, 0, 0, 1], 'B': [1, 1, 1, 1, 1, 1, 1, 0, 1, 1], 'C': [0, 1, 1, 1, 0, 1, 0, 0, 0, 0], 'D': [1, 0, 0, 1, 1, 1, 1, 0, 1, 1], 'E': [0, 1, 1, 1, 1, 1, 0, 0, 1, 1], 'F': [0, 0, 0, 1, 1, 1, 1, 1, 0, 0], 'G': [0, 0, 1, 1, 1, 1, 0, 0, 1, 0], 'H': [0, 1, 1, 1, 1, 0, 0, 1, 0, 1], 'I': [0, 0, 0, 0, 1, 0, 1, 1, 0, 1], 'J': [0, 0, 0, 0, 0, 1, 1, 1, 1, 0]}, '校医院西': {'A': [1, 1, 0, 1, 1, 1, 1, 1, 1, 1], 'B': [0, 1, 1, 1, 1, 1, 1, 1, 1, 1], 'C': [1, 1, 1, 1, 1, 1, 1, 1, 1, 1], 'D': [1, 1, 1, 0, 1, 1, 1, 1, 1, 1], 'E': [1, 0, 1, 1, 1, 1, 1, 0, 1, 1], 'F': [1, 1, 1, 1, 0, 1, 1, 1, 1, 1], 'G': [0, 0, 1, 0, 0, 1, 1, 1, 0, 0], 'H': [1, 0, 1, 0, 0, 1, 0, 1, 1, 1], 'I': [1, 1, 0, 0, 0, 0, 0, 0, 0, 0]}}
623701	2024-07-13 12:26:23.876000+08:00	2024-07-13 12:26:23.876000+08:00	{'东门北侧': {'A': [1, 1, 1, 1, 1, 1, 1, 1, 1, 1], 'B': [1, 1, 1, 1, 1, 1, 1, 1, 1, 1], 'C': [1, 1, 1, 1, 1, 1, 1, 1, 1, 1], 'D': [1, 1, 1, 1, 1, 0, 1, 1, 1, 1], 'E': [1, 1, 1, 1, 1, 1, 1, 1, 1, 1], 'F': [1, 1, 1, 1, 1, 1, 1, 1, 0, 1], 'G': [1, 1, 1, 1, 1, 1, 1, 1, 1, 1], 'H': [1, 1, 1, 1, 1, 1, 1, 1, 1, 0], 'I': [1, 0, 1, 1, 1, 1, 0, 1, 1, 1], 'J': [1, 1, 0, 0, 0, 1, 1, 1, 1, 1], 'K': [0, 0, 1, 0, 1, 1, 1, 1, 1, 1]}, '东门南侧': {'A': [1, 0, 1, 1, 1, 1, 1, 0, 0, 0], 'B': [0, 0, 0, 0, 0, 0, 0, 0, 0, 0]}, '西门北侧': {'A': [1, 1, 1, 1, 1, 1, 1, 0, 1, 1], 'B': [1, 1, 1, 1, 1, 1, 1, 0, 1, 0], 'C': [1, 1, 1, 1, 1, 0, 1, 1, 1, 0]}, '西门南侧': {'A': [1, 1, 1, 1, 1, 0, 0, 1, 1, 1], 'B': [1, 1, 1, 1, 1, 1, 1, 1, 1, 1], 'C': [1, 1, 1, 1, 0, 1, 1, 1, 1, 1]}, '南门西侧': {'A': [1, 1, 1, 1, 1, 1, 1, 1, 1, 1], 'B': [1, 0, 1, 0, 1, 1, 0, 0, 0, 0]}, '南门东侧': {'A': [1, 0, 1, 1, 1, 1, 1, 1, 0, 1], 'B': [0, 0, 1, 1, 1, 1, 1, 1, 1, 0]}, '北门东北侧': {'A': [1, 1, 1, 1, 1, 1, 1, 1, 1, 1], 'B': [0, 1, 1, 1, 1, 1, 0, 1, 1, 1], 'C': [0, 0, 1, 1, 1, 1, 0, 1, 1, 1], 'D': [1, 1, 1, 0, 1, 1, 1, 1, 1, 1]}, '北门东南侧': {'A': [1, 1, 1, 1, 1, 1, 1, 1, 1, 0], 'B': [1, 1, 0, 1, 0, 1, 1, 1, 1, 1], 'C': [1, 0, 0, 1, 1, 1, 0, 1, 1, 1], 'D': [1, 0, 1, 0, 1, 1, 1, 0, 0, 1], 'E': [0, 1, 1, 0, 1, 0, 0, 1, 0, 0], 'F': [1, 1, 1, 1, 1, 0, 1, 1, 1, 1]}, '橘园北侧南': {'A': [0, 0, 0, 1, 0, 1, 1, 0, 0, 1], 'B': [1, 1, 1, 1, 1, 1, 1, 0, 1, 1], 'C': [0, 1, 1, 1, 0, 1, 0, 0, 0, 0], 'D': [1, 0, 0, 1, 1, 1, 1, 0, 1, 1], 'E': [0, 1, 1, 1, 1, 1, 0, 0, 1, 1], 'F': [0, 0, 0, 1, 1, 1, 1, 1, 0, 0], 'G': [0, 0, 1, 1, 1, 1, 0, 0, 1, 0], 'H': [0, 1, 1, 1, 1, 0, 0, 1, 0, 1], 'I': [0, 0, 0, 0, 1, 0, 1, 1, 0, 1], 'J': [0, 0, 0, 0, 0, 1, 1, 1, 1, 0]}, '校医院西': {'A': [1, 1, 0, 1, 1, 1, 1, 1, 1, 1], 'B': [0, 1, 1, 1, 1, 1, 1, 1, 1, 1], 'C': [1, 1, 1, 1, 1, 1, 1, 1, 1, 1], 'D': [1, 1, 1, 0, 1, 1, 1, 1, 1, 1], 'E': [1, 0, 1, 1, 1, 1, 1, 0, 1, 1], 'F': [1, 1, 1, 1, 0, 1, 1, 1, 1, 1], 'G': [0, 0, 1, 0, 0, 1, 1, 1, 0, 0], 'H': [1, 0, 1, 0, 0, 1, 0, 1, 1, 1], 'I': [1, 1, 0, 0, 0, 0, 0, 0, 0, 0]}}
623702	2024-07-13 12:27:20.874000+08:00	2024-07-13 12:27:20.874000+08:00	{'东门北侧': {'A': [1, 1, 1, 1, 1, 1, 1, 1, 1, 1], 'B': [1, 1, 1, 1, 1, 1, 1, 1, 1, 1], 'C': [1, 1, 1, 1, 1, 1, 1, 1, 1, 1], 'D': [1, 1, 1, 1, 1, 0, 1, 1, 1, 1], 'E': [1, 1, 1, 1, 1, 1, 1, 1, 1, 1], 'F': [1, 1, 1, 1, 1, 1, 1, 1, 0, 1], 'G': [1, 1, 1, 1, 1, 1, 1, 1, 1, 1], 'H': [1, 1, 1, 1, 1, 1, 1, 1, 1, 0], 'I': [1, 0, 1, 1, 1, 1, 0, 1, 1, 1], 'J': [1, 1, 0, 0, 0, 1, 1, 1, 1, 1], 'K': [0, 0, 1, 0, 1, 1, 1, 1, 1, 1]}, '东门南侧': {'A': [1, 0, 1, 1, 1, 1, 1, 0, 0, 0], 'B': [0, 0, 0, 0, 0, 0, 0, 0, 0, 0]}, '西门北侧': {'A': [1, 1, 1, 1, 1, 1, 1, 0, 1, 1], 'B': [1, 1, 1, 1, 1, 1, 1, 0, 1, 0], 'C': [1, 1, 1, 1, 1, 0, 1, 1, 1, 0]}, '西门南侧': {'A': [1, 1, 1, 1, 1, 0, 0, 1, 1, 1], 'B': [1, 1, 1, 1, 1, 1, 1, 1, 1, 1], 'C': [1, 1, 1, 1, 0, 1, 1, 1, 1, 1]}, '南门西侧': {'A': [1, 1, 1, 1, 1, 1, 1, 1, 1, 1], 'B': [1, 0, 1, 0, 1, 1, 0, 0, 0, 0]}, '南门东侧': {'A': [1, 0, 1, 1, 1, 1, 1, 1, 0, 1], 'B': [0, 0, 1, 1, 1, 1, 1, 1, 1, 0]}, '北门东北侧': {'A': [1, 1, 1, 1, 1, 1, 1, 1, 1, 1], 'B': [0, 1, 1, 1, 1, 1, 0, 1, 1, 1], 'C': [0, 0, 1, 1, 1, 1, 0, 1, 1, 1], 'D': [1, 1, 1, 0, 1, 1, 1, 1, 1, 1]}, '北门东南侧': {'A': [1, 1, 1, 1, 1, 1, 1, 1, 1, 0], 'B': [1, 1, 0, 1, 0, 1, 1, 1, 1, 1], 'C': [1, 0, 0, 1, 1, 1, 0, 1, 1, 1], 'D': [1, 0, 1, 0, 1, 1, 1, 0, 0, 1], 'E': [0, 1, 1, 0, 1, 0, 0, 1, 0, 0], 'F': [1, 1, 1, 1, 1, 0, 1, 1, 1, 1]}, '橘园北侧南': {'A': [0, 0, 0, 1, 0, 1, 1, 0, 0, 1], 'B': [1, 1, 1, 1, 1, 1, 1, 0, 1, 1], 'C': [0, 1, 1, 1, 0, 1, 0, 0, 0, 0], 'D': [1, 0, 0, 1, 1, 1, 1, 0, 1, 1], 'E': [0, 1, 1, 1, 1, 1, 0, 0, 1, 1], 'F': [0, 0, 0, 1, 1, 1, 1, 1, 0, 0], 'G': [0, 0, 1, 1, 1, 1, 0, 0, 1, 0], 'H': [0, 1, 1, 1, 1, 0, 0, 1, 0, 1], 'I': [0, 0, 0, 0, 1, 0, 1, 1, 0, 1], 'J': [0, 0, 0, 0, 0, 1, 1, 1, 1, 0]}, '校医院西': {'A': [1, 1, 0, 1, 1, 1, 1, 1, 1, 1], 'B': [0, 1, 1, 1, 1, 1, 1, 1, 1, 1], 'C': [1, 1, 1, 1, 1, 1, 1, 1, 1, 1], 'D': [1, 1, 1, 0, 1, 1, 1, 1, 1, 1], 'E': [1, 0, 1, 1, 1, 1, 1, 0, 1, 1], 'F': [0, 1, 1, 1, 0, 1, 1, 1, 1, 1], 'G': [0, 0, 1, 0, 0, 1, 1, 1, 0, 0], 'H': [1, 0, 1, 0, 0, 1, 0, 1, 1, 1], 'I': [1, 1, 0, 0, 0, 0, 0, 0, 0, 0]}}
623703	2024-07-13 12:28:23.923000+08:00	2024-07-13 12:28:23.923000+08:00	{'东门北侧': {'A': [1, 1, 1, 1, 1, 1, 1, 1, 1, 1], 'B': [1, 1, 1, 1, 1, 1, 1, 1, 1, 1], 'C': [1, 1, 1, 1, 1, 1, 1, 1, 1, 1], 'D': [1, 1, 1, 1, 1, 0, 1, 1, 1, 1], 'E': [1, 1, 1, 1, 1, 1, 1, 1, 1, 1], 'F': [1, 1, 1, 1, 1, 1, 1, 1, 0, 1], 'G': [1, 1, 1, 1, 1, 1, 1, 1, 1, 1], 'H': [1, 1, 1, 1, 1, 1, 1, 1, 1, 0], 'I': [1, 0, 1, 1, 1, 1, 0, 1, 1, 1], 'J': [1, 1, 0, 0, 0, 1, 1, 1, 1, 1], 'K': [0, 0, 1, 0, 1, 1, 1, 1, 1, 1]}, '东门南侧': {'A': [1, 0, 1, 1, 1, 1, 1, 0, 0, 0], 'B': [0, 0, 0, 0, 0, 0, 0, 0, 0, 0]}, '西门北侧': {'A': [1, 1, 1, 1, 1, 1, 1, 0, 1, 1], 'B': [1, 1, 1, 1, 1, 1, 1, 0, 1, 0], 'C': [1, 1, 1, 1, 1, 0, 1, 1, 1, 0]}, '西门南侧': {'A': [1, 1, 1, 1, 1, 0, 0, 1, 1, 1], 'B': [1, 1, 1, 1, 1, 1, 1, 1, 1, 1], 'C': [1, 1, 1, 1, 0, 1, 1, 1, 1, 1]}, '南门西侧': {'A': [1, 1, 1, 1, 1, 1, 1, 1, 1, 1], 'B': [1, 0, 1, 0, 1, 1, 0, 0, 0, 0]}, '南门东侧': {'A': [1, 0, 1, 1, 1, 1, 1, 1, 0, 1], 'B': [0, 0, 1, 1, 1, 1, 1, 1, 1, 1]}, '北门东北侧': {'A': [1, 1, 1, 1, 1, 1, 1, 1, 1, 1], 'B': [0, 1, 1, 1, 1, 1, 0, 1, 1, 1], 'C': [0, 0, 1, 1, 1, 1, 0, 1, 1, 1], 'D': [1, 1, 1, 0, 1, 1, 1, 1, 1, 1]}, '北门东南侧': {'A': [1, 1, 1, 1, 1, 1, 1, 1, 1, 0], 'B': [1, 1, 0, 1, 0, 1, 1, 1, 1, 1], 'C': [1, 0, 0, 1, 1, 1, 0, 1, 1, 1], 'D': [1, 0, 1, 0, 1, 1, 1, 0, 0, 1], 'E': [0, 1, 1, 0, 1, 0, 0, 1, 0, 0], 'F': [1, 1, 1, 1, 1, 0, 1, 1, 1, 1]}, '橘园北侧南': {'A': [0, 0, 0, 1, 0, 1, 1, 0, 0, 1], 'B': [1, 1, 1, 1, 1, 1, 1, 0, 1, 1], 'C': [0, 1, 1, 1, 0, 1, 0, 0, 0, 0], 'D': [1, 0, 0, 1, 1, 1, 1, 0, 1, 1], 'E': [0, 1, 1, 1, 1, 1, 0, 0, 1, 1], 'F': [0, 0, 0, 1, 1, 1, 1, 1, 0, 0], 'G': [0, 0, 1, 1, 1, 1, 0, 0, 1, 0], 'H': [0, 1, 1, 1, 1, 0, 0, 1, 0, 1], 'I': [0, 0, 0, 0, 1, 0, 1, 1, 0, 1], 'J': [0, 0, 0, 0, 0, 1, 1, 1, 1, 0]}, '校医院西': {'A': [1, 1, 0, 1, 1, 1, 1, 1, 1, 1], 'B': [0, 1, 1, 1, 1, 1, 1, 1, 1, 1], 'C': [1, 1, 1, 1, 1, 1, 1, 1, 1, 1], 'D': [1, 1, 1, 0, 1, 1, 1, 1, 1, 1], 'E': [1, 0, 1, 1, 1, 1, 1, 0, 1, 1], 'F': [0, 1, 1, 1, 0, 1, 1, 1, 1, 1], 'G': [0, 0, 1, 0, 0, 1, 1, 1, 0, 0], 'H': [1, 0, 1, 0, 0, 1, 0, 1, 1, 1], 'I': [1, 1, 0, 0, 0, 0, 0, 0, 0, 0]}}
623704	2024-07-13 12:29:23.834000+08:00	2024-07-13 12:29:23.834000+08:00	{'东门北侧': {'A': [1, 1, 1, 1, 1, 1, 1, 1, 1, 1], 'B': [1, 1, 1, 1, 1, 1, 1, 1, 1, 1], 'C': [1, 1, 1, 1, 1, 1, 1, 1, 1, 1], 'D': [1, 1, 1, 1, 1, 0, 1, 1, 1, 1], 'E': [1, 1, 1, 1, 1, 1, 1, 1, 1, 1], 'F': [1, 1, 1, 1, 1, 1, 1, 1, 0, 1], 'G': [1, 1, 1, 1, 1, 1, 1, 1, 1, 1], 'H': [1, 1, 1, 1, 1, 1, 1, 1, 1, 0], 'I': [1, 0, 1, 1, 1, 1, 0, 1, 1, 1], 'J': [1, 1, 0, 0, 0, 1, 1, 1, 1, 1], 'K': [0, 0, 1, 0, 1, 1, 1, 1, 1, 1]}, '东门南侧': {'A': [1, 0, 1, 1, 1, 1, 1, 0, 0, 0], 'B': [0, 0, 0, 0, 0, 0, 0, 0, 0, 0]}, '西门北侧': {'A': [1, 1, 1, 1, 1, 1, 1, 0, 1, 1], 'B': [1, 1, 1, 1, 1, 1, 1, 0, 1, 0], 'C': [1, 1, 1, 1, 1, 0, 1, 1, 1, 0]}, '西门南侧': {'A': [1, 1, 1, 1, 1, 0, 0, 1, 1, 1], 'B': [1, 1, 1, 1, 1, 1, 1, 1, 1, 1], 'C': [1, 1, 1, 1, 0, 1, 1, 1, 1, 1]}, '南门西侧': {'A': [1, 1, 1, 1, 1, 1, 1, 1, 1, 1], 'B': [1, 0, 1, 0, 1, 1, 0, 0, 0, 0]}, '南门东侧': {'A': [1, 0, 1, 1, 1, 1, 1, 1, 0, 1], 'B': [0, 0, 1, 1, 1, 1, 1, 1, 1, 1]}, '北门东北侧': {'A': [1, 1, 1, 1, 1, 1, 1, 1, 1, 1], 'B': [0, 1, 1, 1, 1, 1, 0, 1, 1, 1], 'C': [0, 0, 1, 1, 1, 1, 0, 1, 1, 1], 'D': [1, 1, 1, 0, 1, 1, 1, 1, 1, 1]}, '北门东南侧': {'A': [1, 1, 1, 1, 1, 1, 1, 1, 1, 0], 'B': [1, 1, 0, 1, 0, 1, 1, 1, 1, 1], 'C': [1, 0, 0, 1, 1, 1, 0, 1, 1, 1], 'D': [1, 0, 1, 0, 1, 1, 1, 0, 0, 1], 'E': [0, 1, 1, 0, 1, 0, 0, 1, 0, 0], 'F': [1, 1, 1, 1, 1, 0, 1, 1, 1, 1]}, '橘园北侧南': {'A': [0, 0, 0, 1, 0, 1, 1, 0, 0, 1], 'B': [1, 1, 1, 1, 1, 1, 1, 0, 1, 1], 'C': [0, 1, 1, 1, 0, 1, 0, 0, 0, 0], 'D': [1, 0, 0, 1, 1, 1, 1, 0, 1, 1], 'E': [0, 1, 1, 1, 1, 1, 0, 0, 1, 1], 'F': [0, 0, 0, 1, 1, 1, 1, 1, 0, 0], 'G': [0, 0, 1, 1, 1, 1, 0, 0, 1, 0], 'H': [0, 1, 1, 1, 1, 0, 0, 1, 0, 1], 'I': [0, 0, 0, 0, 1, 0, 1, 1, 0, 1], 'J': [0, 0, 0, 0, 0, 1, 1, 1, 1, 0]}, '校医院西': {'A': [1, 1, 0, 1, 1, 1, 1, 1, 1, 1], 'B': [0, 1, 1, 1, 1, 1, 1, 1, 1, 1], 'C': [1, 1, 1, 1, 1, 1, 1, 1, 1, 1], 'D': [1, 1, 1, 0, 1, 1, 1, 1, 1, 1], 'E': [1, 0, 1, 1, 1, 1, 1, 0, 1, 1], 'F': [0, 1, 1, 1, 0, 1, 1, 1, 1, 1], 'G': [0, 0, 1, 0, 0, 1, 1, 1, 0, 0], 'H': [1, 0, 1, 0, 0, 1, 0, 1, 1, 1], 'I': [1, 1, 0, 0, 0, 0, 0, 0, 0, 0]}}
623705	2024-07-13 12:30:23.980000+08:00	2024-07-13 12:30:23.980000+08:00	{'东门北侧': {'A': [1, 1, 1, 1, 1, 1, 1, 1, 1, 1], 'B': [1, 1, 1, 1, 1, 1, 1, 1, 1, 1], 'C': [1, 1, 1, 1, 1, 1, 1, 1, 1, 1], 'D': [1, 1, 1, 1, 1, 0, 1, 1, 1, 1], 'E': [1, 1, 1, 1, 1, 1, 1, 1, 1, 1], 'F': [1, 1, 1, 1, 1, 1, 1, 1, 0, 1], 'G': [1, 1, 1, 1, 1, 1, 1, 1, 1, 1], 'H': [1, 1, 1, 1, 1, 1, 1, 1, 1, 0], 'I': [1, 0, 1, 1, 1, 1, 0, 1, 1, 1], 'J': [1, 1, 0, 0, 0, 1, 1, 1, 1, 1], 'K': [0, 0, 1, 0, 1, 1, 1, 1, 1, 1]}, '东门南侧': {'A': [1, 0, 1, 1, 1, 1, 1, 0, 0, 0], 'B': [0, 0, 0, 0, 0, 0, 0, 0, 0, 0]}, '西门北侧': {'A': [1, 1, 1, 1, 1, 1, 1, 0, 1, 1], 'B': [1, 1, 1, 1, 1, 1, 1, 0, 1, 0], 'C': [1, 1, 1, 1, 1, 0, 1, 1, 1, 0]}, '西门南侧': {'A': [1, 1, 1, 1, 1, 0, 0, 1, 1, 1], 'B': [1, 1, 1, 1, 1, 1, 1, 1, 1, 1], 'C': [1, 1, 1, 1, 0, 1, 1, 1, 1, 1]}, '南门西侧': {'A': [1, 1, 1, 1, 1, 1, 1, 1, 1, 1], 'B': [1, 0, 1, 0, 1, 1, 0, 0, 0, 0]}, '南门东侧': {'A': [1, 0, 1, 1, 1, 1, 1, 1, 0, 1], 'B': [0, 0, 1, 1, 1, 1, 1, 1, 1, 1]}, '北门东北侧': {'A': [1, 1, 1, 1, 1, 1, 1, 1, 1, 1], 'B': [0, 1, 1, 1, 1, 1, 0, 1, 1, 1], 'C': [0, 0, 1, 1, 1, 1, 0, 1, 1, 1], 'D': [1, 1, 1, 0, 1, 1, 1, 1, 1, 1]}, '北门东南侧': {'A': [1, 1, 1, 1, 1, 1, 1, 1, 1, 0], 'B': [1, 1, 0, 1, 0, 1, 1, 1, 1, 1], 'C': [1, 0, 0, 1, 1, 1, 0, 1, 1, 1], 'D': [0, 0, 1, 0, 1, 1, 1, 0, 0, 1], 'E': [0, 1, 1, 0, 1, 0, 0, 1, 0, 0], 'F': [1, 1, 1, 1, 1, 0, 1, 1, 1, 1]}, '橘园北侧南': {'A': [0, 0, 0, 1, 0, 1, 1, 0, 0, 0], 'B': [1, 1, 1, 1, 1, 1, 1, 0, 1, 1], 'C': [0, 1, 1, 1, 0, 1, 0, 0, 0, 0], 'D': [1, 0, 0, 1, 1, 1, 1, 0, 1, 1], 'E': [0, 1, 1, 1, 1, 1, 0, 0, 1, 1], 'F': [0, 0, 0, 1, 1, 1, 1, 1, 0, 0], 'G': [0, 0, 1, 1, 1, 1, 0, 0, 1, 0], 'H': [0, 1, 1, 1, 1, 0, 0, 1, 0, 1], 'I': [0, 0, 0, 0, 1, 0, 1, 1, 0, 0], 'J': [0, 0, 0, 0, 0, 1, 1, 1, 1, 0]}, '校医院西': {'A': [1, 1, 0, 1, 1, 1, 1, 1, 1, 1], 'B': [0, 1, 1, 1, 1, 1, 1, 1, 1, 1], 'C': [1, 1, 1, 1, 1, 1, 1, 1, 1, 1], 'D': [1, 1, 1, 0, 1, 1, 1, 1, 1, 1], 'E': [1, 0, 1, 1, 1, 1, 1, 0, 1, 1], 'F': [0, 1, 1, 1, 0, 1, 1, 1, 1, 1], 'G': [0, 0, 1, 0, 0, 1, 1, 1, 0, 0], 'H': [1, 0, 1, 0, 0, 1, 0, 1, 1, 1], 'I': [1, 1, 0, 0, 0, 0, 0, 0, 0, 0]}}
623706	2024-07-13 12:31:20.871000+08:00	2024-07-13 12:31:20.871000+08:00	{'东门北侧': {'A': [1, 1, 1, 1, 1, 1, 1, 1, 1, 1], 'B': [1, 1, 1, 1, 1, 1, 1, 1, 1, 1], 'C': [1, 1, 1, 1, 1, 1, 1, 1, 1, 1], 'D': [1, 1, 1, 1, 1, 0, 1, 1, 1, 1], 'E': [1, 1, 1, 1, 1, 1, 1, 1, 1, 1], 'F': [1, 1, 1, 1, 1, 1, 1, 1, 0, 1], 'G': [1, 1, 1, 1, 1, 1, 1, 1, 1, 1], 'H': [1, 1, 1, 1, 1, 1, 1, 1, 1, 0], 'I': [1, 0, 1, 1, 1, 1, 0, 1, 1, 1], 'J': [1, 1, 0, 0, 0, 1, 1, 1, 1, 1], 'K': [0, 0, 1, 0, 1, 1, 1, 1, 1, 1]}, '东门南侧': {'A': [1, 0, 1, 1, 1, 1, 1, 0, 0, 0], 'B': [0, 0, 0, 0, 0, 0, 0, 0, 0, 0]}, '西门北侧': {'A': [1, 1, 1, 1, 1, 1, 1, 0, 1, 1], 'B': [1, 1, 1, 1, 1, 1, 1, 0, 1, 0], 'C': [1, 1, 1, 1, 1, 0, 1, 1, 1, 0]}, '西门南侧': {'A': [1, 1, 1, 1, 1, 0, 0, 1, 1, 1], 'B': [1, 1, 1, 1, 1, 1, 1, 1, 1, 1], 'C': [1, 1, 1, 1, 0, 0, 1, 1, 1, 1]}, '南门西侧': {'A': [1, 1, 1, 1, 1, 1, 1, 1, 1, 1], 'B': [1, 0, 1, 0, 1, 1, 0, 0, 0, 0]}, '南门东侧': {'A': [1, 0, 1, 1, 1, 1, 1, 1, 0, 1], 'B': [0, 0, 1, 1, 1, 1, 1, 1, 1, 1]}, '北门东北侧': {'A': [1, 1, 1, 1, 1, 1, 1, 1, 1, 1], 'B': [0, 1, 1, 1, 1, 1, 0, 1, 1, 1], 'C': [0, 0, 1, 1, 1, 1, 0, 1, 1, 1], 'D': [1, 1, 1, 0, 1, 1, 1, 1, 1, 1]}, '北门东南侧': {'A': [1, 1, 1, 1, 1, 1, 1, 1, 1, 0], 'B': [1, 1, 0, 1, 0, 1, 1, 1, 1, 1], 'C': [1, 0, 0, 1, 1, 1, 0, 1, 1, 1], 'D': [0, 0, 1, 0, 1, 1, 1, 0, 0, 1], 'E': [0, 1, 1, 0, 1, 0, 0, 1, 0, 0], 'F': [1, 1, 1, 1, 1, 0, 1, 1, 1, 1]}, '橘园北侧南': {'A': [0, 0, 0, 1, 0, 1, 1, 0, 0, 1], 'B': [1, 1, 1, 1, 1, 1, 1, 0, 1, 1], 'C': [0, 1, 1, 1, 0, 1, 0, 0, 1, 0], 'D': [1, 0, 0, 1, 1, 1, 1, 0, 1, 1], 'E': [0, 1, 1, 1, 1, 1, 0, 0, 1, 1], 'F': [0, 0, 0, 1, 1, 1, 1, 1, 0, 0], 'G': [0, 0, 1, 1, 1, 1, 0, 0, 1, 0], 'H': [0, 1, 1, 1, 1, 0, 0, 1, 0, 1], 'I': [0, 0, 0, 0, 1, 0, 1, 1, 0, 0], 'J': [0, 0, 0, 0, 0, 1, 1, 1, 0, 0]}, '校医院西': {'A': [1, 1, 0, 1, 1, 1, 1, 1, 1, 1], 'B': [0, 1, 1, 1, 1, 1, 1, 1, 1, 1], 'C': [1, 1, 1, 1, 1, 1, 1, 1, 1, 1], 'D': [1, 1, 1, 0, 1, 1, 1, 1, 1, 1], 'E': [1, 0, 1, 1, 1, 1, 1, 0, 1, 1], 'F': [0, 1, 1, 1, 0, 1, 1, 1, 1, 1], 'G': [0, 0, 1, 0, 0, 1, 1, 1, 0, 0], 'H': [1, 0, 1, 0, 0, 1, 0, 0, 1, 1], 'I': [1, 1, 0, 0, 0, 0, 0, 0, 0, 0]}}
623707	2024-07-13 12:32:20.874000+08:00	2024-07-13 12:32:20.874000+08:00	{'东门北侧': {'A': [1, 1, 1, 1, 1, 1, 1, 1, 1, 1], 'B': [1, 1, 1, 1, 1, 1, 1, 1, 1, 1], 'C': [1, 1, 1, 1, 1, 1, 1, 1, 1, 1], 'D': [1, 1, 1, 1, 1, 0, 1, 1, 1, 1], 'E': [1, 1, 1, 1, 1, 1, 1, 1, 1, 1], 'F': [1, 1, 1, 1, 1, 1, 1, 1, 0, 1], 'G': [1, 1, 1, 1, 1, 1, 1, 1, 1, 1], 'H': [1, 1, 1, 1, 1, 1, 1, 1, 1, 0], 'I': [1, 0, 1, 1, 1, 1, 0, 1, 1, 1], 'J': [1, 1, 0, 0, 0, 1, 1, 1, 1, 1], 'K': [0, 0, 1, 1, 1, 1, 1, 1, 1, 1]}, '东门南侧': {'A': [1, 0, 1, 1, 1, 1, 1, 0, 0, 0], 'B': [0, 0, 0, 0, 0, 0, 0, 0, 0, 0]}, '西门北侧': {'A': [1, 1, 1, 1, 1, 1, 1, 0, 1, 1], 'B': [1, 1, 1, 1, 1, 1, 1, 0, 1, 0], 'C': [1, 1, 1, 1, 1, 0, 1, 1, 1, 0]}, '西门南侧': {'A': [1, 1, 1, 1, 1, 0, 0, 1, 1, 1], 'B': [1, 1, 1, 1, 1, 1, 1, 1, 1, 1], 'C': [1, 1, 1, 1, 0, 0, 1, 1, 1, 1]}, '南门西侧': {'A': [1, 1, 1, 1, 1, 1, 1, 1, 1, 1], 'B': [1, 0, 1, 0, 1, 1, 0, 0, 0, 0]}, '南门东侧': {'A': [1, 0, 1, 1, 1, 1, 1, 1, 0, 1], 'B': [0, 0, 1, 1, 1, 1, 1, 1, 1, 1]}, '北门东北侧': {'A': [1, 1, 1, 1, 1, 1, 1, 1, 1, 1], 'B': [0, 1, 1, 1, 1, 1, 0, 1, 1, 1], 'C': [0, 0, 1, 1, 1, 1, 0, 1, 1, 1], 'D': [1, 1, 1, 0, 1, 1, 1, 1, 1, 1]}, '北门东南侧': {'A': [1, 1, 1, 1, 1, 1, 1, 1, 1, 0], 'B': [1, 1, 0, 1, 0, 1, 1, 1, 1, 1], 'C': [1, 0, 0, 1, 1, 1, 0, 1, 1, 1], 'D': [0, 0, 1, 0, 1, 1, 1, 0, 0, 1], 'E': [0, 1, 1, 0, 1, 0, 0, 1, 0, 0], 'F': [1, 1, 1, 1, 1, 0, 1, 1, 1, 1]}, '橘园北侧南': {'A': [0, 0, 0, 1, 0, 1, 1, 0, 0, 1], 'B': [1, 1, 1, 1, 1, 1, 1, 0, 1, 1], 'C': [0, 1, 1, 1, 0, 1, 0, 0, 1, 0], 'D': [1, 0, 0, 1, 1, 1, 1, 0, 1, 1], 'E': [0, 1, 1, 1, 1, 1, 0, 0, 1, 1], 'F': [0, 0, 0, 1, 1, 1, 1, 1, 0, 0], 'G': [0, 0, 1, 1, 1, 1, 0, 0, 1, 0], 'H': [0, 1, 1, 1, 1, 0, 0, 1, 0, 1], 'I': [0, 0, 0, 0, 1, 0, 1, 1, 0, 0], 'J': [0, 0, 0, 0, 0, 1, 1, 1, 0, 0]}, '校医院西': {'A': [1, 1, 0, 1, 1, 0, 1, 1, 1, 1], 'B': [0, 1, 1, 1, 1, 1, 1, 1, 1, 1], 'C': [1, 1, 1, 0, 1, 1, 1, 1, 1, 1], 'D': [1, 1, 1, 0, 1, 1, 1, 1, 1, 1], 'E': [1, 0, 1, 1, 1, 1, 1, 0, 1, 1], 'F': [0, 1, 1, 1, 0, 1, 1, 1, 1, 1], 'G': [0, 0, 1, 0, 0, 1, 1, 1, 0, 0], 'H': [1, 0, 1, 0, 0, 1, 0, 0, 1, 1], 'I': [1, 1, 0, 0, 0, 0, 0, 0, 0, 0]}}
623708	2024-07-13 12:33:22.836000+08:00	2024-07-13 12:33:22.836000+08:00	{'东门北侧': {'A': [1, 1, 1, 1, 1, 1, 1, 0, 1, 1], 'B': [1, 1, 1, 1, 1, 1, 1, 1, 1, 1], 'C': [1, 1, 1, 1, 1, 1, 1, 1, 1, 1], 'D': [1, 1, 1, 1, 1, 0, 1, 1, 1, 1], 'E': [1, 1, 1, 1, 1, 1, 1, 1, 1, 1], 'F': [1, 1, 1, 1, 1, 1, 1, 1, 0, 1], 'G': [1, 1, 1, 1, 1, 1, 1, 1, 1, 1], 'H': [1, 1, 1, 1, 1, 1, 1, 1, 1, 0], 'I': [1, 0, 1, 1, 1, 1, 0, 1, 1, 1], 'J': [1, 1, 0, 0, 0, 1, 1, 1, 1, 1], 'K': [0, 0, 1, 1, 1, 1, 1, 1, 1, 1]}, '东门南侧': {'A': [1, 0, 1, 1, 1, 1, 1, 0, 0, 0], 'B': [0, 0, 0, 0, 0, 0, 0, 0, 0, 0]}, '西门北侧': {'A': [1, 1, 1, 1, 1, 1, 1, 0, 1, 1], 'B': [1, 1, 1, 1, 1, 1, 1, 0, 1, 0], 'C': [1, 1, 1, 1, 1, 0, 1, 1, 1, 0]}, '西门南侧': {'A': [1, 1, 1, 1, 1, 0, 0, 1, 1, 1], 'B': [1, 1, 1, 1, 1, 1, 1, 1, 1, 1], 'C': [1, 1, 1, 1, 0, 0, 1, 1, 1, 1]}, '南门西侧': {'A': [1, 1, 1, 1, 1, 1, 1, 1, 1, 1], 'B': [1, 0, 1, 0, 1, 1, 0, 0, 0, 0]}, '南门东侧': {'A': [1, 0, 1, 1, 1, 1, 1, 1, 0, 1], 'B': [0, 0, 1, 1, 1, 1, 1, 1, 1, 1]}, '北门东北侧': {'A': [1, 1, 1, 1, 1, 1, 1, 1, 1, 1], 'B': [0, 1, 1, 1, 1, 1, 0, 1, 1, 1], 'C': [0, 0, 1, 1, 1, 1, 0, 1, 1, 1], 'D': [1, 1, 1, 0, 1, 1, 1, 1, 1, 1]}, '北门东南侧': {'A': [0, 1, 1, 1, 1, 1, 1, 1, 1, 0], 'B': [1, 1, 0, 1, 0, 1, 1, 1, 1, 1], 'C': [1, 0, 0, 1, 1, 1, 0, 1, 1, 1], 'D': [0, 0, 1, 0, 1, 1, 1, 0, 0, 1], 'E': [0, 1, 1, 0, 1, 0, 0, 1, 0, 0], 'F': [1, 1, 1, 1, 1, 0, 1, 1, 1, 1]}, '橘园北侧南': {'A': [0, 0, 0, 0, 0, 1, 1, 0, 0, 1], 'B': [1, 1, 1, 1, 1, 1, 1, 0, 1, 1], 'C': [0, 1, 1, 1, 0, 1, 0, 0, 1, 0], 'D': [1, 0, 0, 1, 1, 1, 1, 0, 1, 1], 'E': [0, 1, 1, 1, 1, 1, 0, 0, 1, 1], 'F': [0, 0, 0, 1, 1, 1, 1, 1, 0, 0], 'G': [0, 0, 1, 1, 1, 1, 0, 0, 1, 0], 'H': [0, 1, 1, 1, 1, 0, 0, 0, 0, 1], 'I': [0, 0, 0, 0, 1, 0, 1, 1, 0, 0], 'J': [0, 0, 0, 0, 0, 1, 1, 1, 0, 0]}, '校医院西': {'A': [1, 1, 0, 1, 1, 0, 1, 1, 1, 1], 'B': [0, 1, 1, 1, 1, 1, 1, 1, 1, 1], 'C': [1, 1, 1, 0, 1, 1, 1, 1, 1, 1], 'D': [1, 1, 1, 0, 1, 1, 1, 1, 1, 1], 'E': [1, 0, 1, 1, 1, 1, 1, 0, 1, 1], 'F': [0, 1, 1, 1, 0, 1, 1, 1, 1, 1], 'G': [0, 0, 1, 0, 0, 1, 1, 1, 0, 0], 'H': [1, 0, 1, 0, 0, 1, 0, 0, 1, 1], 'I': [1, 1, 0, 0, 0, 0, 0, 0, 0, 0]}}
623709	2024-07-13 12:34:24.754000+08:00	2024-07-13 12:34:24.754000+08:00	{'东门北侧': {'A': [1, 1, 1, 1, 1, 1, 1, 0, 1, 1], 'B': [1, 1, 1, 1, 1, 1, 1, 1, 1, 1], 'C': [1, 1, 1, 1, 1, 1, 1, 1, 1, 1], 'D': [1, 1, 1, 1, 1, 0, 1, 1, 1, 1], 'E': [1, 1, 1, 1, 1, 1, 1, 1, 1, 1], 'F': [1, 1, 1, 1, 1, 1, 1, 1, 0, 1], 'G': [1, 1, 1, 1, 1, 1, 1, 1, 1, 1], 'H': [1, 1, 1, 1, 1, 1, 1, 1, 1, 0], 'I': [1, 0, 1, 1, 1, 1, 0, 1, 1, 1], 'J': [1, 1, 0, 0, 0, 1, 1, 1, 1, 1], 'K': [0, 0, 1, 1, 1, 1, 1, 1, 1, 1]}, '东门南侧': {'A': [1, 0, 1, 1, 1, 1, 1, 0, 0, 0], 'B': [0, 0, 0, 0, 0, 0, 0, 0, 0, 0]}, '西门北侧': {'A': [1, 1, 1, 1, 1, 1, 1, 0, 1, 1], 'B': [1, 1, 1, 1, 1, 1, 1, 0, 1, 0], 'C': [1, 1, 1, 1, 1, 0, 1, 1, 1, 0]}, '西门南侧': {'A': [1, 1, 1, 1, 1, 0, 0, 1, 1, 1], 'B': [1, 1, 1, 1, 1, 1, 1, 1, 1, 1], 'C': [1, 1, 1, 1, 0, 0, 1, 1, 1, 1]}, '南门西侧': {'A': [1, 1, 1, 1, 1, 1, 1, 1, 1, 1], 'B': [1, 0, 1, 0, 1, 1, 0, 0, 0, 0]}, '南门东侧': {'A': [1, 0, 1, 1, 1, 1, 1, 1, 0, 1], 'B': [0, 0, 1, 1, 1, 1, 1, 1, 1, 1]}, '北门东北侧': {'A': [1, 1, 1, 1, 1, 1, 1, 1, 1, 1], 'B': [0, 1, 1, 1, 1, 1, 0, 1, 1, 1], 'C': [0, 0, 1, 1, 1, 1, 0, 1, 1, 1], 'D': [1, 1, 1, 0, 1, 1, 1, 1, 1, 1]}, '北门东南侧': {'A': [0, 1, 1, 1, 1, 1, 1, 1, 1, 0], 'B': [1, 1, 0, 1, 0, 1, 1, 1, 1, 1], 'C': [1, 0, 0, 1, 1, 1, 0, 1, 1, 1], 'D': [0, 0, 1, 0, 1, 1, 1, 0, 0, 1], 'E': [0, 1, 1, 0, 1, 0, 0, 1, 0, 0], 'F': [1, 1, 1, 1, 1, 0, 1, 1, 1, 1]}, '橘园北侧南': {'A': [0, 0, 0, 0, 0, 1, 1, 0, 0, 1], 'B': [1, 1, 1, 1, 0, 1, 1, 0, 1, 1], 'C': [0, 1, 1, 1, 0, 1, 0, 0, 1, 0], 'D': [1, 0, 0, 1, 1, 1, 1, 0, 1, 1], 'E': [0, 1, 1, 1, 1, 1, 0, 0, 1, 1], 'F': [0, 0, 0, 1, 1, 1, 1, 1, 0, 0], 'G': [0, 0, 1, 1, 1, 1, 0, 0, 1, 0], 'H': [0, 1, 1, 1, 1, 0, 0, 0, 0, 1], 'I': [0, 0, 0, 0, 1, 0, 1, 1, 0, 0], 'J': [0, 0, 0, 0, 0, 1, 1, 1, 0, 0]}, '校医院西': {'A': [1, 1, 0, 1, 1, 0, 1, 1, 1, 1], 'B': [0, 1, 1, 1, 1, 1, 1, 1, 1, 1], 'C': [1, 1, 1, 0, 1, 1, 1, 1, 1, 1], 'D': [1, 1, 1, 0, 1, 1, 1, 1, 1, 1], 'E': [1, 0, 1, 1, 1, 1, 1, 0, 1, 1], 'F': [0, 1, 1, 1, 0, 1, 1, 1, 1, 1], 'G': [0, 0, 1, 0, 0, 1, 1, 1, 0, 0], 'H': [1, 0, 1, 0, 0, 1, 0, 0, 1, 1], 'I': [1, 1, 0, 0, 0, 0, 0, 0, 0, 0]}}
623710	2024-07-13 12:35:23.836000+08:00	2024-07-13 12:35:23.836000+08:00	{'东门北侧': {'A': [1, 1, 1, 1, 1, 1, 1, 0, 1, 1], 'B': [1, 1, 1, 1, 1, 1, 1, 1, 1, 1], 'C': [1, 1, 1, 1, 1, 1, 1, 1, 1, 1], 'D': [1, 1, 1, 1, 1, 0, 1, 1, 1, 1], 'E': [1, 1, 1, 1, 1, 1, 1, 1, 1, 1], 'F': [1, 1, 1, 1, 1, 1, 1, 1, 0, 1], 'G': [1, 1, 1, 1, 1, 1, 1, 1, 1, 1], 'H': [1, 1, 1, 1, 1, 1, 1, 1, 1, 0], 'I': [1, 0, 1, 1, 1, 1, 0, 1, 1, 1], 'J': [1, 1, 0, 0, 0, 1, 1, 1, 1, 1], 'K': [0, 0, 1, 1, 1, 1, 1, 1, 1, 1]}, '东门南侧': {'A': [1, 0, 1, 1, 1, 1, 1, 0, 0, 0], 'B': [0, 0, 0, 0, 0, 0, 0, 0, 0, 0]}, '西门北侧': {'A': [1, 1, 1, 1, 1, 1, 1, 0, 1, 1], 'B': [1, 1, 1, 1, 1, 1, 1, 0, 1, 0], 'C': [1, 1, 1, 1, 1, 0, 1, 1, 1, 0]}, '西门南侧': {'A': [1, 1, 1, 1, 1, 0, 0, 1, 1, 1], 'B': [1, 1, 1, 1, 1, 1, 1, 1, 1, 1], 'C': [1, 1, 1, 1, 0, 0, 1, 1, 1, 1]}, '南门西侧': {'A': [1, 1, 1, 1, 1, 1, 1, 1, 1, 1], 'B': [0, 0, 1, 0, 1, 1, 0, 0, 0, 0]}, '南门东侧': {'A': [1, 0, 1, 1, 1, 1, 1, 1, 0, 1], 'B': [0, 0, 1, 1, 1, 1, 1, 1, 1, 1]}, '北门东北侧': {'A': [1, 1, 1, 1, 1, 1, 1, 1, 1, 1], 'B': [0, 1, 1, 1, 1, 1, 0, 1, 1, 1], 'C': [0, 0, 1, 1, 1, 1, 0, 1, 1, 1], 'D': [1, 1, 1, 0, 1, 1, 1, 1, 1, 1]}, '北门东南侧': {'A': [0, 1, 1, 1, 1, 1, 1, 1, 1, 0], 'B': [1, 1, 0, 1, 0, 1, 1, 1, 1, 1], 'C': [1, 0, 0, 1, 1, 1, 0, 1, 1, 1], 'D': [0, 0, 1, 0, 1, 1, 1, 0, 0, 1], 'E': [0, 1, 1, 0, 1, 0, 0, 1, 0, 0], 'F': [1, 1, 1, 1, 1, 0, 1, 1, 1, 1]}, '橘园北侧南': {'A': [0, 0, 0, 0, 0, 1, 1, 0, 0, 1], 'B': [1, 1, 1, 1, 0, 1, 1, 0, 1, 1], 'C': [0, 1, 1, 1, 0, 1, 0, 0, 1, 0], 'D': [1, 0, 0, 1, 1, 1, 1, 0, 1, 1], 'E': [0, 1, 1, 1, 1, 1, 0, 0, 1, 1], 'F': [0, 0, 0, 1, 1, 1, 1, 1, 0, 0], 'G': [0, 0, 1, 1, 1, 1, 0, 0, 1, 0], 'H': [0, 1, 1, 1, 1, 0, 0, 0, 0, 1], 'I': [0, 0, 0, 0, 1, 0, 1, 1, 0, 0], 'J': [0, 0, 0, 0, 0, 1, 1, 1, 0, 0]}, '校医院西': {'A': [1, 1, 0, 1, 1, 0, 1, 1, 1, 1], 'B': [0, 1, 1, 1, 1, 1, 0, 1, 1, 1], 'C': [1, 1, 1, 0, 1, 1, 1, 1, 1, 1], 'D': [1, 1, 1, 0, 1, 1, 1, 1, 1, 1], 'E': [1, 0, 1, 1, 1, 1, 1, 0, 1, 1], 'F': [0, 1, 1, 1, 0, 1, 1, 1, 1, 1], 'G': [0, 0, 1, 0, 0, 1, 1, 1, 0, 0], 'H': [1, 0, 1, 0, 0, 1, 0, 0, 1, 1], 'I': [1, 1, 0, 0, 0, 0, 0, 0, 0, 0]}}
623711	2024-07-13 12:36:20.882000+08:00	2024-07-13 12:36:20.882000+08:00	{'东门北侧': {'A': [1, 1, 1, 1, 1, 1, 1, 0, 1, 1], 'B': [1, 1, 1, 1, 1, 1, 1, 1, 1, 1], 'C': [1, 1, 1, 1, 1, 1, 1, 1, 1, 1], 'D': [1, 1, 1, 1, 1, 0, 1, 1, 1, 1], 'E': [1, 1, 1, 1, 1, 1, 1, 1, 1, 1], 'F': [1, 1, 1, 1, 1, 1, 1, 1, 0, 1], 'G': [1, 1, 1, 1, 1, 1, 1, 1, 1, 1], 'H': [1, 1, 1, 1, 1, 1, 1, 1, 1, 0], 'I': [1, 0, 1, 1, 1, 1, 0, 1, 1, 1], 'J': [1, 1, 0, 0, 0, 1, 1, 1, 1, 1], 'K': [0, 0, 1, 1, 1, 1, 1, 1, 1, 1]}, '东门南侧': {'A': [1, 0, 1, 1, 1, 1, 1, 0, 0, 0], 'B': [0, 0, 0, 0, 0, 0, 0, 0, 0, 0]}, '西门北侧': {'A': [1, 1, 1, 1, 1, 1, 1, 0, 1, 1], 'B': [1, 1, 1, 1, 1, 1, 1, 0, 1, 0], 'C': [1, 1, 1, 1, 1, 0, 1, 1, 1, 0]}, '西门南侧': {'A': [1, 1, 1, 1, 1, 0, 0, 1, 1, 1], 'B': [1, 1, 1, 1, 1, 1, 1, 1, 1, 1], 'C': [1, 1, 1, 1, 0, 0, 1, 1, 1, 1]}, '南门西侧': {'A': [1, 1, 1, 1, 1, 1, 1, 1, 1, 1], 'B': [0, 0, 1, 0, 1, 1, 0, 0, 0, 0]}, '南门东侧': {'A': [1, 0, 1, 1, 1, 1, 1, 1, 0, 1], 'B': [0, 0, 1, 1, 1, 1, 1, 1, 1, 1]}, '北门东北侧': {'A': [1, 1, 1, 1, 1, 1, 1, 1, 1, 1], 'B': [0, 1, 1, 1, 1, 1, 0, 1, 1, 1], 'C': [0, 0, 1, 1, 1, 1, 0, 1, 1, 1], 'D': [1, 1, 1, 0, 1, 1, 1, 1, 1, 1]}, '北门东南侧': {'A': [0, 1, 1, 1, 1, 1, 1, 1, 1, 0], 'B': [1, 1, 0, 1, 0, 1, 1, 1, 1, 1], 'C': [1, 0, 0, 1, 1, 1, 0, 1, 1, 1], 'D': [0, 0, 1, 0, 1, 1, 1, 0, 0, 1], 'E': [0, 1, 1, 0, 1, 0, 0, 1, 0, 0], 'F': [1, 1, 1, 1, 1, 1, 1, 1, 1, 1]}, '橘园北侧南': {'A': [0, 0, 0, 0, 0, 1, 1, 0, 0, 1], 'B': [1, 1, 1, 1, 0, 1, 1, 0, 1, 1], 'C': [0, 1, 1, 1, 0, 1, 0, 0, 1, 0], 'D': [1, 0, 0, 1, 1, 1, 1, 0, 1, 1], 'E': [0, 1, 1, 1, 1, 1, 0, 0, 1, 1], 'F': [0, 0, 0, 1, 1, 1, 1, 1, 0, 0], 'G': [0, 0, 1, 1, 1, 1, 0, 0, 1, 0], 'H': [0, 1, 1, 1, 1, 0, 0, 0, 0, 1], 'I': [0, 0, 0, 0, 1, 0, 1, 1, 0, 0], 'J': [0, 0, 0, 0, 0, 1, 1, 1, 0, 0]}, '校医院西': {'A': [1, 1, 0, 1, 1, 0, 1, 1, 1, 1], 'B': [0, 1, 1, 1, 1, 1, 0, 1, 1, 1], 'C': [1, 1, 1, 0, 1, 1, 1, 1, 1, 1], 'D': [1, 1, 1, 0, 1, 1, 1, 1, 1, 1], 'E': [1, 0, 1, 1, 1, 1, 1, 0, 1, 1], 'F': [0, 1, 1, 1, 0, 1, 1, 1, 1, 1], 'G': [0, 0, 1, 0, 0, 1, 1, 1, 0, 0], 'H': [1, 0, 1, 0, 0, 1, 0, 0, 1, 1], 'I': [1, 1, 0, 0, 0, 0, 0, 0, 0, 0]}}
623712	2024-07-13 12:37:23.891000+08:00	2024-07-13 12:37:23.891000+08:00	{'东门北侧': {'A': [1, 1, 1, 1, 1, 1, 1, 0, 1, 1], 'B': [1, 1, 1, 1, 1, 1, 1, 1, 1, 1], 'C': [1, 1, 1, 1, 1, 1, 1, 1, 1, 1], 'D': [1, 1, 1, 1, 1, 0, 1, 1, 1, 1], 'E': [1, 1, 1, 1, 1, 1, 1, 1, 1, 1], 'F': [1, 1, 1, 1, 1, 1, 1, 1, 0, 1], 'G': [1, 1, 1, 1, 1, 1, 1, 1, 1, 1], 'H': [1, 1, 1, 1, 1, 1, 1, 1, 1, 0], 'I': [1, 0, 1, 1, 1, 1, 0, 1, 1, 1], 'J': [1, 1, 0, 0, 0, 1, 1, 1, 1, 1], 'K': [0, 0, 1, 1, 1, 1, 1, 1, 1, 1]}, '东门南侧': {'A': [1, 0, 1, 1, 1, 1, 1, 0, 0, 0], 'B': [0, 0, 0, 0, 0, 0, 0, 0, 0, 0]}, '西门北侧': {'A': [1, 1, 1, 1, 1, 1, 1, 0, 1, 1], 'B': [1, 1, 1, 1, 1, 1, 1, 0, 1, 0], 'C': [1, 1, 1, 1, 1, 0, 1, 1, 1, 0]}, '西门南侧': {'A': [1, 1, 1, 1, 1, 0, 0, 1, 1, 1], 'B': [1, 1, 1, 1, 1, 1, 1, 1, 1, 1], 'C': [1, 1, 1, 1, 0, 0, 1, 1, 1, 1]}, '南门西侧': {'A': [1, 1, 1, 1, 1, 1, 1, 1, 1, 1], 'B': [0, 0, 1, 0, 1, 1, 0, 0, 0, 0]}, '南门东侧': {'A': [1, 0, 1, 1, 1, 1, 1, 1, 0, 1], 'B': [0, 0, 1, 1, 1, 1, 1, 1, 1, 1]}, '北门东北侧': {'A': [1, 1, 1, 1, 1, 1, 1, 1, 1, 1], 'B': [0, 1, 1, 1, 1, 1, 0, 1, 1, 1], 'C': [0, 0, 1, 1, 1, 1, 0, 1, 1, 1], 'D': [1, 1, 1, 0, 1, 1, 1, 1, 1, 1]}, '北门东南侧': {'A': [0, 0, 1, 1, 1, 1, 1, 1, 1, 0], 'B': [1, 1, 0, 1, 0, 1, 1, 1, 1, 1], 'C': [1, 0, 0, 1, 1, 1, 0, 1, 1, 1], 'D': [0, 0, 1, 0, 1, 1, 1, 0, 0, 1], 'E': [0, 1, 1, 0, 1, 0, 0, 1, 0, 0], 'F': [1, 1, 1, 1, 1, 1, 1, 1, 1, 1]}, '橘园北侧南': {'A': [0, 0, 0, 0, 0, 1, 1, 0, 0, 1], 'B': [1, 1, 1, 1, 0, 1, 1, 0, 1, 1], 'C': [0, 1, 1, 1, 0, 1, 0, 0, 1, 0], 'D': [1, 0, 0, 1, 1, 1, 1, 0, 1, 1], 'E': [0, 1, 1, 1, 1, 1, 0, 0, 1, 1], 'F': [0, 0, 0, 1, 1, 1, 1, 1, 0, 0], 'G': [0, 0, 1, 1, 1, 1, 0, 0, 1, 0], 'H': [0, 1, 1, 1, 1, 0, 0, 0, 0, 1], 'I': [0, 0, 0, 0, 1, 0, 1, 1, 0, 0], 'J': [0, 0, 0, 0, 0, 1, 1, 1, 0, 0]}, '校医院西': {'A': [1, 1, 0, 1, 1, 0, 1, 1, 1, 1], 'B': [0, 1, 1, 1, 1, 1, 0, 1, 1, 1], 'C': [1, 1, 1, 0, 1, 1, 1, 1, 1, 1], 'D': [1, 1, 1, 0, 1, 1, 1, 1, 1, 1], 'E': [1, 0, 1, 1, 1, 1, 1, 0, 1, 1], 'F': [0, 1, 1, 1, 0, 1, 1, 1, 1, 1], 'G': [0, 0, 1, 0, 0, 1, 1, 1, 0, 0], 'H': [1, 0, 1, 0, 0, 1, 0, 0, 1, 1], 'I': [1, 1, 0, 0, 0, 0, 0, 0, 0, 0]}}
623713	2024-07-13 12:38:21.833000+08:00	2024-07-13 12:38:21.833000+08:00	{'东门北侧': {'A': [1, 1, 1, 1, 1, 1, 1, 0, 1, 1], 'B': [1, 1, 1, 1, 1, 1, 1, 1, 1, 1], 'C': [1, 1, 1, 1, 1, 1, 1, 1, 1, 1], 'D': [1, 1, 1, 1, 1, 0, 1, 1, 1, 1], 'E': [1, 1, 1, 1, 1, 1, 1, 1, 1, 1], 'F': [1, 1, 1, 1, 1, 1, 1, 1, 0, 1], 'G': [1, 1, 1, 1, 1, 1, 1, 1, 1, 1], 'H': [1, 1, 1, 1, 1, 1, 1, 1, 1, 0], 'I': [1, 0, 1, 1, 1, 1, 0, 1, 1, 1], 'J': [1, 1, 0, 0, 0, 1, 1, 1, 1, 1], 'K': [0, 0, 1, 1, 1, 1, 1, 1, 1, 1]}, '东门南侧': {'A': [1, 0, 1, 1, 1, 1, 1, 0, 0, 0], 'B': [0, 0, 0, 0, 0, 0, 0, 0, 0, 0]}, '西门北侧': {'A': [1, 1, 1, 1, 1, 1, 1, 0, 1, 1], 'B': [1, 1, 1, 1, 1, 1, 1, 0, 1, 0], 'C': [1, 1, 1, 1, 1, 0, 1, 1, 1, 0]}, '西门南侧': {'A': [1, 1, 1, 1, 1, 0, 0, 1, 1, 1], 'B': [1, 1, 1, 1, 1, 1, 1, 1, 1, 1], 'C': [1, 1, 1, 1, 0, 0, 1, 1, 1, 1]}, '南门西侧': {'A': [1, 1, 1, 1, 1, 1, 1, 1, 1, 1], 'B': [0, 0, 1, 0, 1, 1, 0, 0, 0, 0]}, '南门东侧': {'A': [1, 0, 1, 1, 1, 1, 1, 1, 0, 1], 'B': [0, 0, 1, 1, 1, 1, 1, 1, 1, 1]}, '北门东北侧': {'A': [1, 1, 1, 1, 1, 1, 1, 1, 1, 1], 'B': [0, 1, 1, 1, 1, 1, 0, 1, 1, 1], 'C': [0, 0, 1, 1, 1, 1, 0, 1, 1, 1], 'D': [1, 1, 1, 0, 1, 1, 1, 1, 1, 1]}, '北门东南侧': {'A': [0, 0, 1, 1, 1, 1, 1, 1, 1, 0], 'B': [1, 1, 0, 1, 0, 1, 1, 1, 1, 1], 'C': [1, 0, 0, 1, 1, 1, 0, 1, 1, 1], 'D': [0, 0, 1, 0, 1, 1, 1, 0, 0, 1], 'E': [0, 1, 1, 0, 1, 0, 0, 1, 0, 0], 'F': [1, 1, 1, 1, 1, 1, 1, 1, 1, 1]}, '橘园北侧南': {'A': [0, 0, 0, 0, 0, 1, 1, 0, 0, 1], 'B': [1, 1, 1, 1, 0, 1, 1, 0, 1, 1], 'C': [0, 1, 1, 1, 0, 1, 0, 0, 1, 0], 'D': [1, 0, 0, 1, 1, 1, 1, 0, 1, 1], 'E': [0, 1, 1, 1, 1, 1, 0, 0, 1, 1], 'F': [0, 0, 0, 1, 0, 1, 1, 1, 0, 0], 'G': [0, 0, 1, 1, 1, 1, 0, 0, 1, 0], 'H': [0, 1, 1, 1, 1, 0, 0, 0, 0, 1], 'I': [0, 0, 0, 0, 1, 0, 1, 1, 0, 0], 'J': [0, 0, 0, 0, 0, 1, 1, 1, 0, 0]}, '校医院西': {'A': [1, 1, 0, 1, 1, 0, 1, 1, 1, 1], 'B': [0, 1, 1, 1, 1, 1, 0, 1, 1, 1], 'C': [1, 1, 1, 0, 1, 1, 1, 1, 1, 1], 'D': [1, 1, 1, 0, 1, 1, 1, 1, 1, 1], 'E': [1, 0, 1, 1, 1, 1, 1, 0, 1, 1], 'F': [0, 1, 1, 1, 0, 1, 1, 1, 1, 1], 'G': [0, 0, 1, 0, 0, 1, 1, 1, 0, 0], 'H': [1, 0, 1, 0, 0, 1, 0, 0, 1, 1], 'I': [1, 1, 0, 0, 0, 0, 0, 0, 0, 0]}}
623714	2024-07-13 12:39:20.899000+08:00	2024-07-13 12:39:20.899000+08:00	{'东门北侧': {'A': [1, 1, 1, 1, 1, 1, 1, 0, 1, 1], 'B': [1, 1, 1, 1, 1, 1, 1, 1, 1, 1], 'C': [1, 1, 1, 1, 1, 1, 1, 1, 1, 1], 'D': [1, 1, 1, 1, 1, 0, 1, 1, 1, 1], 'E': [1, 1, 1, 1, 1, 1, 1, 1, 1, 1], 'F': [1, 1, 1, 1, 1, 1, 1, 1, 0, 1], 'G': [1, 1, 1, 1, 1, 1, 1, 1, 1, 1], 'H': [1, 1, 1, 1, 1, 1, 1, 1, 1, 0], 'I': [1, 0, 1, 1, 1, 1, 0, 1, 1, 1], 'J': [1, 1, 0, 0, 0, 1, 1, 1, 1, 1], 'K': [0, 0, 1, 1, 1, 1, 1, 1, 1, 1]}, '东门南侧': {'A': [1, 0, 1, 1, 1, 1, 1, 0, 0, 0], 'B': [0, 0, 0, 0, 0, 0, 0, 0, 0, 0]}, '西门北侧': {'A': [1, 1, 1, 1, 1, 1, 1, 0, 1, 1], 'B': [1, 1, 1, 1, 1, 1, 1, 0, 1, 0], 'C': [1, 1, 1, 1, 1, 0, 1, 1, 1, 0]}, '西门南侧': {'A': [1, 1, 1, 1, 1, 0, 0, 1, 1, 1], 'B': [1, 1, 1, 1, 1, 1, 1, 1, 1, 1], 'C': [1, 1, 1, 1, 0, 0, 1, 1, 1, 1]}, '南门西侧': {'A': [1, 1, 1, 1, 1, 1, 1, 1, 1, 1], 'B': [0, 0, 1, 0, 1, 1, 0, 0, 0, 0]}, '南门东侧': {'A': [1, 0, 1, 1, 1, 1, 1, 1, 0, 1], 'B': [0, 0, 1, 1, 1, 1, 1, 1, 1, 1]}, '北门东北侧': {'A': [1, 1, 1, 1, 1, 1, 1, 1, 1, 1], 'B': [0, 1, 1, 1, 1, 1, 0, 1, 1, 1], 'C': [0, 0, 1, 1, 1, 1, 0, 1, 1, 1], 'D': [1, 1, 1, 0, 1, 1, 1, 1, 1, 1]}, '北门东南侧': {'A': [0, 0, 1, 1, 1, 1, 1, 1, 1, 0], 'B': [1, 1, 0, 1, 0, 1, 1, 1, 1, 1], 'C': [1, 0, 0, 1, 1, 1, 0, 1, 1, 1], 'D': [0, 0, 1, 0, 1, 1, 1, 0, 0, 1], 'E': [0, 1, 1, 0, 1, 0, 0, 1, 0, 0], 'F': [1, 1, 1, 1, 1, 1, 1, 1, 1, 1]}, '橘园北侧南': {'A': [0, 0, 0, 0, 0, 1, 1, 1, 0, 1], 'B': [1, 1, 1, 1, 0, 1, 1, 0, 1, 1], 'C': [0, 1, 1, 1, 0, 1, 0, 0, 1, 0], 'D': [1, 0, 0, 1, 1, 1, 1, 0, 1, 1], 'E': [0, 1, 1, 1, 1, 1, 0, 0, 1, 1], 'F': [0, 0, 0, 1, 0, 1, 1, 1, 0, 0], 'G': [0, 0, 1, 1, 1, 1, 0, 0, 1, 0], 'H': [0, 1, 1, 1, 1, 0, 0, 0, 0, 1], 'I': [0, 0, 0, 0, 1, 0, 1, 1, 0, 0], 'J': [0, 0, 0, 0, 0, 1, 1, 1, 0, 0]}, '校医院西': {'A': [1, 1, 0, 1, 1, 0, 1, 1, 1, 1], 'B': [0, 1, 1, 1, 1, 1, 0, 1, 1, 1], 'C': [1, 1, 1, 0, 1, 1, 1, 1, 1, 1], 'D': [1, 1, 1, 0, 1, 1, 1, 1, 1, 1], 'E': [1, 0, 1, 1, 1, 1, 1, 0, 1, 1], 'F': [0, 1, 1, 1, 0, 1, 1, 1, 1, 1], 'G': [0, 0, 1, 0, 0, 1, 1, 1, 0, 0], 'H': [1, 0, 1, 0, 0, 1, 0, 0, 1, 1], 'I': [1, 1, 0, 0, 0, 0, 0, 0, 0, 0]}}
623715	2024-07-13 12:40:23.875000+08:00	2024-07-13 12:40:23.875000+08:00	{'东门北侧': {'A': [1, 1, 1, 1, 1, 1, 1, 0, 1, 1], 'B': [1, 1, 1, 1, 1, 1, 1, 1, 1, 1], 'C': [1, 1, 1, 1, 1, 1, 1, 1, 1, 1], 'D': [1, 1, 1, 1, 1, 0, 1, 1, 1, 1], 'E': [1, 1, 1, 1, 1, 1, 1, 1, 1, 1], 'F': [1, 1, 1, 1, 1, 1, 1, 1, 0, 1], 'G': [1, 1, 1, 1, 1, 1, 1, 1, 1, 1], 'H': [1, 1, 1, 1, 1, 1, 1, 1, 1, 0], 'I': [1, 0, 1, 1, 1, 1, 0, 1, 1, 1], 'J': [1, 1, 0, 0, 0, 1, 1, 1, 1, 1], 'K': [0, 0, 1, 1, 1, 1, 1, 1, 1, 1]}, '东门南侧': {'A': [1, 0, 1, 1, 1, 1, 1, 0, 0, 0], 'B': [0, 0, 0, 0, 0, 0, 0, 0, 0, 0]}, '西门北侧': {'A': [1, 1, 1, 1, 1, 1, 1, 0, 1, 1], 'B': [1, 1, 1, 1, 1, 1, 1, 0, 1, 0], 'C': [1, 1, 1, 1, 1, 0, 1, 1, 1, 0]}, '西门南侧': {'A': [1, 1, 1, 1, 1, 0, 0, 1, 1, 1], 'B': [1, 1, 1, 1, 1, 1, 1, 1, 1, 1], 'C': [1, 1, 1, 1, 0, 0, 1, 1, 1, 1]}, '南门西侧': {'A': [1, 1, 1, 1, 1, 1, 1, 1, 1, 1], 'B': [0, 0, 1, 0, 1, 1, 0, 0, 0, 0]}, '南门东侧': {'A': [1, 0, 1, 1, 1, 1, 1, 1, 0, 1], 'B': [0, 0, 1, 1, 1, 1, 1, 1, 1, 1]}, '北门东北侧': {'A': [1, 1, 1, 1, 1, 1, 1, 1, 1, 1], 'B': [0, 1, 1, 1, 1, 1, 0, 1, 1, 1], 'C': [0, 0, 1, 1, 1, 1, 0, 1, 1, 1], 'D': [1, 1, 1, 0, 1, 1, 1, 1, 1, 1]}, '北门东南侧': {'A': [0, 0, 1, 1, 1, 1, 1, 1, 1, 0], 'B': [1, 1, 0, 1, 0, 1, 1, 1, 1, 1], 'C': [1, 0, 0, 1, 1, 1, 0, 1, 1, 1], 'D': [0, 0, 1, 0, 1, 1, 1, 0, 0, 1], 'E': [0, 1, 1, 0, 1, 0, 0, 1, 0, 0], 'F': [1, 1, 1, 1, 1, 1, 1, 1, 1, 1]}, '橘园北侧南': {'A': [0, 0, 0, 0, 0, 1, 1, 1, 0, 1], 'B': [1, 1, 1, 1, 0, 1, 1, 0, 1, 1], 'C': [0, 1, 1, 1, 0, 1, 0, 0, 1, 0], 'D': [1, 0, 0, 1, 1, 1, 1, 0, 1, 1], 'E': [0, 1, 1, 1, 1, 1, 0, 0, 1, 1], 'F': [0, 0, 0, 1, 0, 1, 1, 1, 0, 0], 'G': [0, 0, 1, 1, 1, 1, 0, 0, 1, 0], 'H': [0, 1, 1, 1, 1, 0, 0, 0, 0, 1], 'I': [0, 0, 0, 0, 1, 0, 1, 1, 0, 0], 'J': [0, 0, 0, 0, 0, 1, 1, 1, 0, 0]}, '校医院西': {'A': [1, 1, 0, 1, 1, 0, 1, 1, 1, 1], 'B': [0, 1, 1, 1, 1, 1, 0, 1, 1, 1], 'C': [1, 1, 1, 0, 1, 1, 1, 1, 1, 1], 'D': [1, 1, 1, 0, 1, 1, 1, 1, 1, 1], 'E': [1, 0, 1, 1, 1, 1, 1, 0, 1, 1], 'F': [0, 1, 1, 1, 0, 1, 1, 1, 1, 1], 'G': [0, 0, 1, 0, 0, 1, 1, 1, 0, 0], 'H': [1, 0, 1, 0, 0, 1, 0, 0, 1, 1], 'I': [1, 1, 0, 0, 0, 0, 0, 0, 0, 0]}}
623716	2024-07-13 12:41:21.835000+08:00	2024-07-13 12:41:21.835000+08:00	{'东门北侧': {'A': [1, 1, 1, 1, 1, 1, 1, 0, 1, 1], 'B': [1, 1, 1, 1, 1, 1, 1, 1, 1, 1], 'C': [1, 1, 1, 1, 1, 1, 1, 1, 1, 1], 'D': [1, 1, 1, 1, 1, 0, 1, 1, 1, 1], 'E': [1, 1, 1, 1, 1, 1, 1, 1, 1, 1], 'F': [1, 1, 1, 1, 1, 1, 1, 1, 0, 1], 'G': [1, 1, 1, 1, 1, 1, 1, 1, 1, 1], 'H': [1, 1, 1, 1, 1, 1, 1, 1, 1, 0], 'I': [1, 0, 1, 1, 1, 1, 0, 1, 1, 1], 'J': [1, 1, 0, 0, 0, 1, 1, 1, 1, 1], 'K': [0, 0, 1, 1, 1, 1, 1, 1, 1, 1]}, '东门南侧': {'A': [1, 0, 1, 1, 1, 1, 1, 0, 0, 0], 'B': [0, 0, 0, 0, 0, 0, 0, 0, 0, 0]}, '西门北侧': {'A': [1, 1, 1, 1, 1, 1, 1, 0, 1, 1], 'B': [1, 1, 1, 1, 1, 1, 1, 0, 1, 0], 'C': [1, 1, 1, 1, 1, 0, 1, 1, 1, 0]}, '西门南侧': {'A': [1, 1, 1, 1, 1, 0, 0, 1, 1, 1], 'B': [1, 1, 1, 1, 1, 1, 1, 1, 1, 1], 'C': [1, 1, 1, 1, 0, 0, 1, 1, 1, 1]}, '南门西侧': {'A': [1, 1, 1, 1, 1, 1, 1, 1, 1, 1], 'B': [0, 0, 1, 0, 1, 1, 0, 0, 0, 0]}, '南门东侧': {'A': [1, 0, 1, 1, 1, 1, 1, 1, 0, 1], 'B': [0, 0, 1, 1, 1, 1, 1, 1, 1, 1]}, '北门东北侧': {'A': [1, 1, 1, 1, 1, 1, 1, 1, 1, 1], 'B': [0, 1, 1, 1, 1, 1, 0, 1, 1, 1], 'C': [0, 0, 1, 1, 1, 1, 0, 1, 1, 1], 'D': [1, 1, 1, 0, 1, 1, 1, 1, 1, 1]}, '北门东南侧': {'A': [0, 0, 1, 1, 1, 1, 1, 1, 1, 0], 'B': [1, 1, 0, 1, 0, 1, 1, 1, 1, 1], 'C': [1, 0, 0, 1, 1, 1, 0, 1, 1, 1], 'D': [0, 0, 1, 0, 1, 1, 1, 0, 0, 1], 'E': [0, 1, 1, 0, 1, 0, 0, 1, 0, 0], 'F': [1, 1, 1, 1, 1, 1, 1, 1, 1, 1]}, '橘园北侧南': {'A': [0, 0, 0, 0, 0, 1, 1, 1, 0, 1], 'B': [1, 1, 1, 1, 0, 1, 1, 0, 1, 1], 'C': [0, 1, 1, 1, 0, 1, 0, 0, 1, 0], 'D': [1, 0, 0, 1, 1, 1, 1, 0, 1, 1], 'E': [0, 1, 1, 1, 1, 1, 0, 0, 1, 1], 'F': [0, 0, 0, 1, 0, 1, 1, 1, 0, 0], 'G': [0, 0, 1, 1, 1, 1, 0, 0, 1, 0], 'H': [0, 1, 1, 1, 1, 0, 0, 0, 0, 1], 'I': [0, 0, 0, 0, 1, 0, 1, 1, 0, 0], 'J': [0, 0, 0, 0, 0, 1, 1, 1, 0, 0]}, '校医院西': {'A': [1, 1, 0, 1, 1, 0, 1, 1, 1, 1], 'B': [0, 1, 1, 1, 1, 1, 0, 1, 1, 1], 'C': [1, 1, 1, 0, 1, 1, 1, 1, 1, 1], 'D': [1, 1, 1, 0, 1, 1, 1, 1, 1, 1], 'E': [1, 0, 1, 1, 1, 1, 1, 0, 1, 1], 'F': [0, 1, 1, 1, 0, 1, 1, 1, 1, 1], 'G': [0, 0, 1, 0, 0, 1, 1, 1, 0, 0], 'H': [1, 0, 1, 0, 0, 1, 0, 0, 1, 1], 'I': [1, 1, 0, 0, 0, 0, 0, 0, 0, 0]}}
623717	2024-07-13 12:42:22.868000+08:00	2024-07-13 12:42:22.868000+08:00	{'东门北侧': {'A': [1, 1, 1, 1, 1, 1, 1, 0, 1, 1], 'B': [1, 1, 1, 1, 1, 1, 1, 1, 1, 1], 'C': [1, 1, 1, 1, 1, 1, 1, 1, 1, 1], 'D': [1, 1, 1, 1, 1, 0, 1, 1, 1, 1], 'E': [1, 1, 1, 1, 1, 1, 1, 1, 1, 1], 'F': [1, 1, 1, 1, 1, 1, 1, 1, 0, 1], 'G': [1, 1, 1, 1, 1, 1, 1, 1, 1, 1], 'H': [1, 1, 1, 1, 1, 1, 1, 1, 1, 0], 'I': [1, 0, 1, 1, 1, 1, 0, 1, 1, 1], 'J': [1, 1, 0, 0, 0, 1, 1, 1, 1, 1], 'K': [0, 0, 1, 1, 1, 1, 1, 1, 1, 1]}, '东门南侧': {'A': [1, 0, 1, 1, 1, 1, 1, 0, 0, 0], 'B': [0, 0, 0, 0, 0, 0, 0, 0, 0, 0]}, '西门北侧': {'A': [1, 1, 1, 1, 1, 1, 1, 0, 1, 1], 'B': [1, 1, 1, 1, 1, 1, 1, 0, 1, 0], 'C': [1, 1, 1, 1, 1, 0, 1, 1, 1, 0]}, '西门南侧': {'A': [1, 1, 1, 1, 1, 0, 0, 1, 1, 1], 'B': [1, 1, 1, 1, 1, 1, 1, 1, 1, 1], 'C': [1, 1, 1, 1, 0, 0, 1, 1, 1, 1]}, '南门西侧': {'A': [1, 1, 1, 1, 1, 1, 1, 1, 1, 1], 'B': [0, 0, 1, 0, 1, 1, 0, 0, 0, 0]}, '南门东侧': {'A': [1, 0, 1, 1, 1, 1, 1, 1, 0, 1], 'B': [0, 0, 1, 1, 1, 1, 1, 1, 1, 1]}, '北门东北侧': {'A': [1, 1, 1, 1, 1, 1, 1, 1, 1, 1], 'B': [0, 1, 1, 1, 1, 1, 0, 1, 1, 1], 'C': [0, 0, 1, 1, 1, 1, 0, 1, 1, 1], 'D': [1, 1, 1, 0, 1, 1, 1, 1, 1, 1]}, '北门东南侧': {'A': [0, 0, 1, 1, 1, 1, 1, 1, 1, 0], 'B': [1, 1, 0, 1, 0, 1, 1, 1, 1, 1], 'C': [1, 0, 0, 1, 1, 1, 0, 1, 1, 1], 'D': [0, 0, 1, 0, 1, 1, 1, 0, 0, 1], 'E': [0, 1, 1, 0, 1, 0, 0, 1, 0, 0], 'F': [1, 1, 1, 1, 1, 1, 1, 1, 1, 1]}, '橘园北侧南': {'A': [0, 0, 0, 0, 0, 1, 1, 1, 0, 1], 'B': [1, 1, 1, 1, 0, 1, 1, 0, 1, 1], 'C': [0, 1, 1, 1, 0, 1, 0, 0, 1, 0], 'D': [1, 0, 0, 1, 1, 1, 1, 0, 1, 1], 'E': [0, 1, 1, 1, 1, 1, 0, 0, 1, 1], 'F': [0, 0, 0, 1, 0, 1, 1, 1, 0, 0], 'G': [0, 0, 1, 1, 1, 1, 0, 0, 1, 0], 'H': [0, 1, 1, 1, 1, 0, 0, 0, 0, 1], 'I': [0, 0, 0, 0, 1, 0, 1, 1, 0, 0], 'J': [0, 0, 0, 0, 0, 1, 1, 0, 0, 0]}, '校医院西': {'A': [1, 1, 0, 1, 1, 0, 1, 1, 1, 1], 'B': [0, 1, 1, 1, 1, 1, 0, 1, 1, 1], 'C': [1, 1, 1, 0, 1, 1, 1, 1, 1, 1], 'D': [1, 1, 1, 0, 1, 1, 1, 1, 1, 1], 'E': [1, 0, 1, 1, 1, 1, 1, 0, 1, 1], 'F': [0, 1, 1, 1, 0, 1, 1, 1, 1, 1], 'G': [0, 0, 1, 0, 0, 1, 1, 1, 0, 0], 'H': [0, 0, 1, 0, 0, 1, 0, 0, 1, 1], 'I': [1, 1, 0, 0, 0, 0, 0, 0, 0, 0]}}
623718	2024-07-13 12:43:23.872000+08:00	2024-07-13 12:43:23.872000+08:00	{'东门北侧': {'A': [1, 1, 1, 1, 1, 1, 1, 0, 1, 1], 'B': [1, 1, 1, 1, 1, 1, 1, 1, 1, 1], 'C': [1, 1, 1, 1, 1, 1, 1, 1, 1, 1], 'D': [1, 1, 1, 1, 1, 0, 1, 1, 1, 1], 'E': [1, 1, 1, 1, 1, 1, 1, 1, 1, 1], 'F': [1, 1, 1, 1, 1, 1, 1, 1, 0, 1], 'G': [1, 1, 1, 1, 1, 1, 1, 1, 1, 1], 'H': [1, 1, 1, 1, 1, 1, 1, 1, 1, 0], 'I': [1, 0, 1, 1, 1, 1, 0, 1, 1, 1], 'J': [1, 1, 0, 0, 0, 1, 1, 1, 1, 1], 'K': [0, 0, 1, 1, 1, 1, 1, 1, 1, 1]}, '东门南侧': {'A': [1, 0, 1, 1, 1, 1, 1, 0, 0, 0], 'B': [0, 0, 0, 0, 0, 0, 0, 0, 0, 0]}, '西门北侧': {'A': [1, 1, 1, 1, 1, 1, 1, 0, 1, 1], 'B': [1, 1, 1, 1, 1, 1, 1, 0, 1, 0], 'C': [1, 1, 1, 1, 1, 0, 1, 1, 1, 0]}, '西门南侧': {'A': [1, 1, 1, 1, 1, 0, 0, 1, 1, 1], 'B': [1, 1, 1, 1, 1, 1, 1, 1, 1, 1], 'C': [1, 1, 1, 1, 0, 0, 1, 1, 1, 1]}, '南门西侧': {'A': [1, 1, 1, 1, 1, 1, 1, 1, 1, 1], 'B': [0, 0, 1, 0, 1, 1, 0, 0, 0, 0]}, '南门东侧': {'A': [1, 0, 1, 1, 1, 1, 1, 1, 0, 1], 'B': [0, 0, 1, 1, 1, 1, 1, 1, 1, 1]}, '北门东北侧': {'A': [1, 1, 1, 1, 1, 1, 1, 1, 1, 1], 'B': [0, 1, 1, 1, 1, 1, 0, 1, 1, 1], 'C': [0, 0, 1, 1, 1, 1, 0, 1, 1, 1], 'D': [1, 1, 1, 0, 1, 1, 1, 1, 1, 1]}, '北门东南侧': {'A': [0, 0, 1, 1, 1, 0, 1, 1, 1, 0], 'B': [1, 1, 0, 1, 0, 1, 1, 1, 1, 1], 'C': [1, 0, 0, 1, 1, 1, 0, 1, 1, 1], 'D': [0, 0, 1, 0, 1, 1, 1, 0, 0, 1], 'E': [0, 1, 1, 0, 1, 0, 0, 1, 0, 0], 'F': [1, 1, 1, 1, 1, 1, 1, 1, 1, 1]}, '橘园北侧南': {'A': [0, 0, 0, 0, 0, 1, 1, 1, 0, 1], 'B': [1, 1, 1, 1, 0, 1, 1, 0, 1, 1], 'C': [0, 1, 1, 1, 0, 1, 0, 0, 1, 0], 'D': [1, 0, 0, 1, 1, 1, 1, 0, 1, 1], 'E': [0, 1, 1, 1, 1, 1, 0, 0, 1, 1], 'F': [0, 0, 0, 1, 0, 1, 1, 1, 0, 0], 'G': [0, 0, 1, 1, 1, 1, 0, 0, 1, 0], 'H': [0, 1, 1, 1, 1, 0, 0, 0, 0, 1], 'I': [0, 0, 0, 0, 1, 0, 1, 1, 0, 0], 'J': [0, 0, 0, 0, 0, 1, 1, 0, 0, 0]}, '校医院西': {'A': [1, 1, 0, 1, 1, 0, 1, 1, 1, 1], 'B': [0, 1, 1, 1, 1, 1, 0, 1, 1, 1], 'C': [1, 1, 1, 0, 1, 1, 1, 1, 1, 1], 'D': [1, 1, 1, 0, 1, 1, 1, 1, 1, 1], 'E': [1, 0, 1, 1, 1, 1, 1, 0, 1, 1], 'F': [0, 1, 1, 1, 0, 1, 1, 1, 1, 1], 'G': [0, 0, 1, 0, 0, 1, 1, 1, 0, 0], 'H': [0, 0, 1, 0, 0, 1, 0, 0, 1, 1], 'I': [1, 1, 0, 0, 0, 0, 0, 0, 0, 0]}}
623719	2024-07-13 12:44:21.837000+08:00	2024-07-13 12:44:21.837000+08:00	{'东门北侧': {'A': [1, 1, 1, 1, 1, 1, 1, 0, 1, 1], 'B': [1, 1, 1, 1, 1, 1, 1, 1, 1, 1], 'C': [1, 1, 1, 1, 1, 1, 1, 1, 1, 1], 'D': [1, 1, 1, 1, 1, 0, 1, 1, 1, 1], 'E': [1, 1, 1, 1, 1, 1, 1, 1, 1, 1], 'F': [1, 1, 1, 1, 1, 1, 1, 1, 0, 1], 'G': [1, 1, 1, 1, 1, 1, 1, 1, 1, 1], 'H': [1, 1, 1, 1, 1, 1, 1, 1, 1, 0], 'I': [1, 0, 1, 1, 1, 1, 0, 1, 1, 1], 'J': [1, 1, 0, 0, 0, 1, 1, 1, 1, 1], 'K': [0, 0, 1, 1, 1, 1, 1, 1, 1, 1]}, '东门南侧': {'A': [1, 0, 1, 1, 1, 1, 1, 0, 0, 0], 'B': [0, 0, 0, 0, 0, 0, 0, 0, 0, 0]}, '西门北侧': {'A': [1, 1, 1, 1, 1, 1, 1, 0, 1, 1], 'B': [1, 1, 1, 1, 1, 1, 1, 0, 1, 0], 'C': [1, 1, 1, 1, 1, 0, 1, 1, 1, 0]}, '西门南侧': {'A': [1, 1, 1, 1, 1, 0, 0, 1, 1, 1], 'B': [1, 1, 1, 1, 1, 1, 1, 1, 1, 1], 'C': [1, 1, 1, 1, 0, 0, 1, 1, 1, 1]}, '南门西侧': {'A': [1, 1, 1, 1, 1, 1, 1, 1, 1, 1], 'B': [0, 0, 1, 0, 1, 1, 0, 0, 0, 0]}, '南门东侧': {'A': [1, 0, 1, 1, 1, 1, 1, 1, 0, 1], 'B': [0, 0, 1, 1, 1, 1, 1, 1, 1, 1]}, '北门东北侧': {'A': [1, 1, 1, 1, 1, 1, 1, 1, 1, 1], 'B': [0, 1, 1, 1, 1, 1, 0, 1, 1, 1], 'C': [0, 0, 1, 1, 1, 1, 0, 1, 1, 1], 'D': [1, 1, 1, 0, 1, 1, 1, 1, 1, 1]}, '北门东南侧': {'A': [0, 0, 1, 1, 1, 0, 1, 1, 1, 0], 'B': [1, 1, 0, 1, 0, 1, 1, 1, 1, 1], 'C': [1, 0, 0, 1, 1, 1, 0, 1, 1, 1], 'D': [0, 0, 1, 0, 1, 1, 1, 0, 0, 1], 'E': [0, 1, 0, 0, 1, 0, 0, 1, 0, 0], 'F': [1, 1, 1, 1, 1, 1, 1, 1, 1, 1]}, '橘园北侧南': {'A': [0, 0, 0, 0, 0, 1, 1, 1, 0, 1], 'B': [1, 1, 1, 1, 0, 1, 1, 0, 1, 1], 'C': [0, 1, 1, 1, 0, 1, 0, 0, 1, 0], 'D': [1, 0, 0, 1, 1, 1, 1, 0, 1, 1], 'E': [0, 1, 1, 1, 1, 1, 0, 0, 1, 1], 'F': [0, 0, 0, 1, 0, 1, 1, 1, 0, 0], 'G': [0, 0, 1, 1, 1, 1, 0, 0, 1, 0], 'H': [0, 1, 1, 1, 1, 0, 0, 0, 0, 1], 'I': [0, 0, 0, 0, 1, 0, 1, 1, 0, 0], 'J': [0, 0, 0, 0, 0, 1, 1, 0, 0, 0]}, '校医院西': {'A': [1, 1, 0, 1, 1, 0, 1, 1, 1, 1], 'B': [0, 1, 1, 1, 1, 1, 0, 1, 1, 1], 'C': [1, 1, 1, 0, 1, 1, 1, 1, 1, 1], 'D': [1, 1, 1, 0, 1, 1, 1, 1, 1, 1], 'E': [1, 0, 1, 1, 1, 1, 1, 0, 1, 1], 'F': [0, 1, 1, 1, 0, 1, 1, 1, 1, 1], 'G': [0, 0, 1, 0, 0, 1, 1, 1, 0, 0], 'H': [0, 0, 1, 0, 0, 1, 0, 0, 1, 1], 'I': [1, 1, 0, 0, 0, 0, 0, 0, 0, 0]}}
623720	2024-07-13 12:45:20.893000+08:00	2024-07-13 12:45:20.893000+08:00	{'东门北侧': {'A': [1, 1, 1, 1, 1, 1, 1, 0, 1, 1], 'B': [1, 1, 1, 1, 1, 1, 1, 1, 1, 1], 'C': [1, 1, 1, 1, 1, 1, 1, 1, 1, 1], 'D': [1, 1, 1, 1, 1, 0, 1, 1, 1, 1], 'E': [1, 1, 1, 1, 1, 1, 1, 1, 1, 1], 'F': [1, 1, 1, 1, 1, 1, 1, 1, 0, 1], 'G': [1, 1, 1, 1, 1, 1, 1, 1, 1, 1], 'H': [1, 1, 1, 1, 1, 1, 1, 1, 1, 0], 'I': [1, 0, 1, 1, 1, 1, 0, 1, 1, 1], 'J': [1, 1, 0, 0, 0, 1, 1, 1, 1, 1], 'K': [0, 0, 1, 1, 1, 1, 1, 1, 1, 1]}, '东门南侧': {'A': [1, 0, 1, 1, 1, 1, 1, 0, 0, 0], 'B': [0, 0, 0, 0, 0, 0, 0, 0, 0, 0]}, '西门北侧': {'A': [1, 1, 1, 1, 1, 1, 1, 0, 1, 1], 'B': [1, 1, 1, 1, 1, 1, 1, 0, 1, 0], 'C': [1, 1, 1, 1, 1, 0, 1, 1, 1, 0]}, '西门南侧': {'A': [1, 1, 1, 1, 1, 0, 0, 1, 1, 1], 'B': [1, 1, 1, 1, 1, 1, 1, 1, 1, 1], 'C': [1, 1, 1, 1, 0, 0, 1, 1, 1, 1]}, '南门西侧': {'A': [1, 1, 1, 1, 1, 1, 1, 1, 1, 1], 'B': [0, 0, 1, 0, 1, 1, 0, 0, 0, 0]}, '南门东侧': {'A': [1, 0, 1, 1, 1, 1, 1, 1, 0, 1], 'B': [0, 0, 1, 1, 1, 1, 1, 1, 1, 1]}, '北门东北侧': {'A': [1, 1, 1, 1, 1, 1, 1, 1, 1, 1], 'B': [0, 1, 1, 1, 1, 1, 0, 1, 1, 1], 'C': [0, 0, 1, 1, 1, 1, 0, 1, 1, 1], 'D': [1, 1, 1, 0, 1, 1, 1, 1, 1, 1]}, '北门东南侧': {'A': [0, 0, 1, 1, 1, 0, 1, 1, 1, 0], 'B': [1, 1, 0, 1, 0, 1, 1, 1, 1, 1], 'C': [1, 0, 0, 1, 1, 1, 0, 1, 1, 1], 'D': [0, 0, 1, 0, 1, 1, 1, 0, 0, 1], 'E': [0, 1, 0, 0, 1, 0, 0, 1, 0, 0], 'F': [1, 1, 1, 1, 1, 1, 1, 1, 1, 1]}, '橘园北侧南': {'A': [0, 0, 0, 0, 0, 1, 1, 1, 0, 1], 'B': [1, 1, 1, 1, 0, 1, 1, 0, 1, 1], 'C': [0, 1, 1, 1, 0, 1, 0, 0, 1, 0], 'D': [1, 0, 0, 1, 1, 1, 1, 0, 1, 1], 'E': [0, 1, 1, 1, 1, 1, 0, 0, 1, 1], 'F': [0, 0, 0, 1, 0, 1, 1, 1, 0, 0], 'G': [0, 0, 1, 1, 1, 1, 0, 0, 1, 0], 'H': [0, 1, 1, 1, 1, 0, 0, 0, 0, 1], 'I': [0, 0, 0, 0, 1, 0, 1, 1, 0, 0], 'J': [0, 0, 0, 0, 0, 1, 1, 0, 0, 0]}, '校医院西': {'A': [1, 1, 0, 1, 1, 0, 1, 1, 1, 1], 'B': [0, 1, 1, 1, 1, 1, 0, 1, 1, 1], 'C': [1, 1, 1, 0, 1, 1, 1, 1, 1, 1], 'D': [1, 1, 1, 0, 1, 1, 1, 1, 1, 1], 'E': [1, 0, 1, 1, 1, 1, 1, 0, 1, 1], 'F': [0, 1, 1, 1, 0, 1, 1, 1, 1, 1], 'G': [0, 0, 1, 0, 0, 1, 1, 1, 0, 0], 'H': [0, 0, 1, 0, 0, 1, 0, 0, 1, 1], 'I': [1, 1, 0, 0, 0, 0, 0, 0, 0, 0]}}
623721	2024-07-13 12:46:21.897000+08:00	2024-07-13 12:46:21.897000+08:00	{'东门北侧': {'A': [1, 1, 1, 1, 1, 1, 1, 0, 1, 1], 'B': [1, 1, 1, 1, 1, 1, 1, 1, 1, 1], 'C': [1, 1, 1, 1, 1, 1, 1, 1, 1, 1], 'D': [1, 1, 1, 1, 1, 0, 1, 1, 1, 1], 'E': [1, 1, 1, 1, 1, 1, 1, 1, 1, 1], 'F': [1, 1, 1, 1, 1, 1, 1, 1, 0, 1], 'G': [1, 1, 1, 1, 1, 1, 1, 1, 1, 1], 'H': [1, 1, 1, 1, 1, 1, 1, 1, 1, 0], 'I': [1, 0, 1, 1, 1, 1, 0, 1, 1, 1], 'J': [1, 1, 0, 0, 0, 1, 1, 1, 1, 1], 'K': [0, 0, 1, 1, 1, 1, 1, 1, 1, 1]}, '东门南侧': {'A': [1, 0, 1, 1, 1, 1, 1, 0, 0, 0], 'B': [0, 0, 0, 0, 0, 0, 0, 0, 0, 0]}, '西门北侧': {'A': [1, 1, 1, 1, 1, 1, 1, 0, 1, 1], 'B': [1, 1, 1, 1, 1, 1, 1, 0, 1, 0], 'C': [1, 1, 1, 1, 1, 0, 1, 1, 1, 0]}, '西门南侧': {'A': [1, 1, 1, 1, 1, 0, 0, 1, 1, 1], 'B': [1, 1, 1, 1, 1, 1, 1, 1, 1, 1], 'C': [1, 1, 1, 1, 0, 0, 1, 1, 1, 1]}, '南门西侧': {'A': [1, 1, 1, 1, 1, 1, 1, 1, 1, 1], 'B': [0, 0, 1, 0, 1, 1, 0, 0, 0, 0]}, '南门东侧': {'A': [1, 1, 1, 1, 1, 1, 1, 1, 0, 1], 'B': [0, 0, 1, 1, 1, 1, 1, 1, 1, 1]}, '北门东北侧': {'A': [1, 1, 1, 1, 1, 1, 1, 1, 1, 1], 'B': [0, 1, 1, 1, 1, 1, 0, 1, 1, 0], 'C': [0, 0, 1, 1, 1, 1, 0, 1, 1, 1], 'D': [1, 1, 1, 0, 1, 1, 1, 1, 1, 1]}, '北门东南侧': {'A': [0, 0, 1, 1, 1, 0, 1, 1, 1, 0], 'B': [1, 1, 0, 1, 0, 1, 1, 1, 1, 1], 'C': [1, 0, 0, 1, 1, 1, 0, 1, 1, 1], 'D': [0, 0, 1, 0, 1, 1, 1, 0, 0, 1], 'E': [0, 1, 0, 0, 1, 0, 0, 1, 0, 0], 'F': [1, 1, 1, 1, 1, 1, 1, 1, 1, 1]}, '橘园北侧南': {'A': [0, 0, 0, 0, 0, 1, 1, 1, 0, 1], 'B': [1, 1, 1, 1, 0, 1, 1, 0, 1, 1], 'C': [0, 1, 1, 1, 0, 1, 0, 0, 1, 0], 'D': [1, 0, 0, 1, 1, 1, 1, 0, 1, 1], 'E': [0, 1, 1, 1, 1, 1, 0, 0, 0, 1], 'F': [0, 0, 0, 1, 0, 1, 1, 1, 0, 0], 'G': [0, 0, 1, 1, 1, 1, 0, 0, 1, 0], 'H': [0, 1, 1, 1, 1, 0, 0, 0, 0, 1], 'I': [0, 0, 0, 0, 1, 0, 1, 1, 0, 0], 'J': [0, 0, 0, 0, 0, 1, 1, 0, 0, 0]}, '校医院西': {'A': [1, 1, 0, 1, 1, 0, 1, 1, 1, 1], 'B': [0, 1, 1, 1, 1, 1, 0, 1, 1, 1], 'C': [1, 1, 1, 0, 1, 1, 1, 1, 1, 1], 'D': [1, 1, 1, 0, 1, 1, 1, 1, 1, 1], 'E': [1, 0, 1, 1, 1, 1, 1, 0, 1, 1], 'F': [0, 1, 1, 1, 0, 1, 1, 1, 1, 1], 'G': [0, 0, 1, 0, 0, 1, 1, 1, 0, 0], 'H': [0, 0, 1, 0, 0, 1, 0, 0, 1, 1], 'I': [1, 1, 0, 0, 0, 0, 0, 0, 0, 0]}}
623722	2024-07-13 12:47:23.854000+08:00	2024-07-13 12:47:23.854000+08:00	{'东门北侧': {'A': [1, 1, 1, 1, 1, 1, 1, 0, 1, 1], 'B': [1, 1, 1, 1, 1, 1, 1, 1, 1, 1], 'C': [1, 1, 1, 1, 1, 1, 1, 1, 1, 1], 'D': [1, 1, 1, 1, 1, 0, 1, 1, 1, 1], 'E': [1, 1, 1, 1, 1, 1, 1, 1, 1, 1], 'F': [1, 1, 1, 1, 1, 1, 1, 1, 0, 1], 'G': [1, 1, 1, 1, 1, 1, 1, 1, 1, 1], 'H': [1, 1, 1, 1, 1, 1, 1, 1, 1, 0], 'I': [1, 0, 1, 1, 1, 1, 0, 1, 1, 1], 'J': [1, 1, 0, 0, 0, 1, 1, 1, 1, 1], 'K': [0, 0, 1, 1, 1, 1, 1, 1, 1, 1]}, '东门南侧': {'A': [1, 0, 1, 1, 1, 1, 1, 0, 0, 0], 'B': [0, 0, 0, 0, 0, 0, 0, 0, 0, 0]}, '西门北侧': {'A': [1, 1, 1, 1, 1, 1, 1, 0, 1, 1], 'B': [1, 1, 1, 1, 1, 1, 1, 0, 1, 0], 'C': [1, 1, 1, 1, 1, 0, 1, 1, 1, 0]}, '西门南侧': {'A': [1, 1, 1, 1, 1, 0, 0, 1, 1, 1], 'B': [1, 1, 1, 1, 1, 1, 1, 1, 1, 1], 'C': [1, 1, 1, 1, 0, 0, 1, 1, 1, 1]}, '南门西侧': {'A': [1, 1, 1, 1, 1, 1, 1, 1, 1, 1], 'B': [0, 0, 1, 0, 1, 1, 0, 0, 0, 0]}, '南门东侧': {'A': [1, 1, 1, 1, 1, 1, 1, 1, 0, 1], 'B': [0, 0, 1, 1, 1, 1, 1, 1, 1, 1]}, '北门东北侧': {'A': [1, 1, 1, 1, 1, 1, 1, 1, 1, 1], 'B': [0, 1, 1, 1, 1, 1, 0, 1, 1, 0], 'C': [0, 0, 1, 1, 1, 1, 0, 1, 1, 1], 'D': [1, 1, 1, 0, 1, 1, 1, 1, 1, 1]}, '北门东南侧': {'A': [0, 0, 1, 1, 1, 0, 1, 1, 1, 0], 'B': [1, 1, 0, 1, 0, 1, 1, 1, 1, 1], 'C': [1, 0, 0, 1, 1, 1, 0, 1, 1, 1], 'D': [0, 0, 1, 0, 1, 1, 1, 0, 0, 1], 'E': [0, 1, 0, 0, 1, 0, 0, 1, 0, 0], 'F': [1, 1, 1, 1, 1, 1, 1, 1, 1, 1]}, '橘园北侧南': {'A': [0, 0, 0, 0, 0, 1, 1, 1, 0, 1], 'B': [1, 1, 1, 1, 0, 1, 1, 0, 1, 1], 'C': [0, 1, 1, 1, 0, 1, 0, 0, 1, 0], 'D': [1, 0, 0, 1, 1, 1, 1, 0, 1, 1], 'E': [0, 1, 1, 1, 1, 1, 0, 0, 0, 1], 'F': [0, 0, 0, 1, 0, 1, 1, 1, 0, 0], 'G': [0, 0, 1, 1, 1, 1, 0, 0, 1, 0], 'H': [0, 1, 1, 1, 1, 0, 0, 0, 0, 1], 'I': [0, 0, 0, 0, 1, 0, 1, 1, 0, 0], 'J': [0, 0, 0, 0, 0, 1, 1, 0, 0, 0]}, '校医院西': {'A': [1, 1, 0, 1, 1, 0, 1, 1, 1, 1], 'B': [0, 1, 1, 1, 1, 1, 0, 1, 1, 1], 'C': [1, 1, 1, 0, 1, 1, 1, 1, 1, 1], 'D': [1, 1, 1, 0, 1, 1, 1, 1, 1, 1], 'E': [1, 0, 1, 1, 1, 1, 1, 0, 1, 1], 'F': [0, 1, 1, 1, 0, 1, 1, 1, 1, 1], 'G': [0, 0, 1, 0, 0, 1, 1, 1, 0, 0], 'H': [0, 0, 1, 0, 0, 1, 0, 0, 1, 1], 'I': [1, 1, 0, 0, 0, 0, 0, 0, 0, 0]}}
623723	2024-07-13 12:48:20.871000+08:00	2024-07-13 12:48:20.871000+08:00	{'东门北侧': {'A': [1, 1, 1, 1, 1, 1, 1, 0, 1, 1], 'B': [1, 1, 1, 1, 1, 1, 1, 1, 1, 1], 'C': [1, 1, 1, 1, 1, 1, 1, 1, 1, 1], 'D': [1, 1, 1, 1, 1, 0, 1, 1, 1, 1], 'E': [1, 1, 1, 1, 1, 1, 1, 1, 1, 1], 'F': [1, 1, 1, 1, 1, 1, 1, 1, 0, 1], 'G': [1, 1, 1, 1, 1, 1, 1, 1, 0, 1], 'H': [1, 1, 1, 1, 1, 1, 1, 1, 1, 0], 'I': [1, 0, 1, 1, 1, 1, 0, 1, 1, 1], 'J': [1, 1, 0, 0, 0, 1, 1, 1, 1, 1], 'K': [0, 0, 1, 1, 1, 1, 1, 1, 1, 1]}, '东门南侧': {'A': [1, 0, 1, 1, 1, 1, 1, 0, 0, 0], 'B': [0, 0, 0, 0, 0, 0, 0, 0, 0, 0]}, '西门北侧': {'A': [1, 1, 1, 1, 1, 1, 1, 0, 1, 1], 'B': [1, 1, 1, 1, 1, 1, 1, 0, 1, 0], 'C': [1, 1, 1, 1, 1, 0, 1, 1, 1, 0]}, '西门南侧': {'A': [1, 1, 1, 1, 1, 0, 0, 1, 1, 1], 'B': [1, 1, 1, 1, 1, 1, 1, 1, 1, 1], 'C': [1, 1, 1, 1, 0, 0, 1, 1, 1, 1]}, '南门西侧': {'A': [1, 1, 1, 1, 1, 1, 1, 1, 1, 1], 'B': [0, 0, 1, 0, 1, 1, 0, 0, 0, 0]}, '南门东侧': {'A': [1, 1, 1, 1, 1, 1, 1, 1, 0, 1], 'B': [0, 0, 1, 1, 1, 1, 1, 1, 1, 1]}, '北门东北侧': {'A': [1, 1, 1, 1, 1, 1, 1, 1, 1, 1], 'B': [0, 1, 1, 1, 1, 1, 0, 1, 1, 0], 'C': [0, 0, 1, 1, 1, 1, 0, 1, 1, 1], 'D': [1, 1, 1, 0, 1, 1, 1, 1, 1, 1]}, '北门东南侧': {'A': [0, 0, 1, 1, 1, 0, 1, 1, 1, 0], 'B': [1, 1, 0, 1, 0, 1, 1, 1, 1, 1], 'C': [1, 0, 0, 1, 1, 1, 0, 1, 1, 1], 'D': [0, 0, 1, 0, 1, 1, 1, 0, 0, 1], 'E': [0, 1, 0, 0, 1, 0, 0, 1, 0, 0], 'F': [1, 1, 1, 1, 1, 1, 1, 1, 1, 1]}, '橘园北侧南': {'A': [0, 0, 0, 0, 0, 1, 1, 1, 0, 1], 'B': [1, 1, 1, 1, 0, 1, 1, 0, 1, 1], 'C': [0, 1, 1, 1, 0, 1, 0, 0, 1, 0], 'D': [1, 0, 0, 1, 1, 1, 1, 0, 1, 1], 'E': [1, 1, 1, 1, 1, 1, 0, 0, 0, 1], 'F': [0, 0, 0, 1, 0, 1, 1, 1, 0, 0], 'G': [0, 0, 1, 1, 1, 1, 0, 0, 1, 0], 'H': [0, 1, 1, 1, 1, 0, 0, 0, 0, 1], 'I': [0, 0, 0, 0, 1, 0, 1, 1, 0, 0], 'J': [0, 0, 0, 0, 0, 1, 1, 0, 0, 0]}, '校医院西': {'A': [1, 1, 0, 1, 1, 0, 1, 1, 1, 1], 'B': [0, 1, 1, 1, 1, 1, 0, 1, 1, 1], 'C': [1, 1, 1, 0, 1, 1, 1, 1, 1, 1], 'D': [1, 1, 1, 0, 1, 1, 1, 1, 1, 1], 'E': [1, 0, 1, 1, 1, 1, 1, 0, 1, 1], 'F': [0, 1, 1, 1, 0, 1, 1, 1, 1, 1], 'G': [0, 0, 1, 0, 0, 1, 1, 1, 0, 0], 'H': [0, 0, 1, 0, 0, 1, 0, 0, 1, 1], 'I': [1, 1, 0, 0, 0, 0, 0, 0, 0, 0]}}
623724	2024-07-13 12:49:21.896000+08:00	2024-07-13 12:49:21.896000+08:00	{'东门北侧': {'A': [1, 1, 1, 1, 1, 1, 1, 0, 1, 1], 'B': [1, 1, 1, 1, 1, 1, 1, 1, 1, 1], 'C': [1, 1, 1, 1, 1, 1, 1, 1, 1, 1], 'D': [1, 1, 1, 1, 1, 0, 1, 1, 1, 1], 'E': [1, 1, 1, 1, 1, 1, 1, 1, 1, 1], 'F': [1, 1, 1, 1, 1, 1, 1, 1, 0, 1], 'G': [1, 1, 1, 1, 1, 1, 1, 1, 0, 1], 'H': [1, 1, 1, 1, 1, 1, 1, 1, 1, 0], 'I': [1, 0, 1, 1, 1, 1, 0, 1, 1, 1], 'J': [1, 1, 0, 0, 0, 1, 1, 1, 1, 1], 'K': [0, 0, 1, 1, 1, 1, 1, 1, 1, 1]}, '东门南侧': {'A': [1, 0, 1, 1, 1, 1, 1, 0, 0, 0], 'B': [0, 0, 0, 0, 0, 0, 0, 0, 0, 0]}, '西门北侧': {'A': [1, 1, 1, 1, 1, 1, 1, 0, 1, 1], 'B': [1, 1, 1, 1, 1, 1, 1, 0, 1, 0], 'C': [1, 1, 1, 1, 1, 0, 1, 1, 1, 0]}, '西门南侧': {'A': [1, 1, 1, 1, 1, 0, 0, 1, 1, 1], 'B': [1, 1, 1, 1, 1, 1, 1, 1, 1, 1], 'C': [1, 1, 1, 1, 0, 0, 1, 1, 1, 1]}, '南门西侧': {'A': [1, 1, 1, 1, 1, 1, 1, 1, 1, 1], 'B': [0, 0, 1, 0, 1, 1, 0, 0, 0, 0]}, '南门东侧': {'A': [1, 1, 1, 1, 1, 1, 1, 1, 0, 1], 'B': [0, 0, 1, 1, 1, 1, 1, 1, 1, 1]}, '北门东北侧': {'A': [1, 1, 1, 1, 1, 1, 1, 1, 1, 1], 'B': [0, 1, 1, 1, 1, 1, 0, 1, 1, 0], 'C': [0, 0, 1, 1, 1, 1, 0, 1, 1, 1], 'D': [1, 1, 1, 0, 1, 1, 1, 1, 1, 1]}, '北门东南侧': {'A': [0, 0, 1, 1, 1, 0, 1, 1, 1, 0], 'B': [1, 1, 0, 1, 0, 1, 1, 1, 1, 1], 'C': [1, 0, 0, 1, 1, 1, 0, 1, 1, 1], 'D': [0, 0, 1, 0, 1, 1, 1, 0, 0, 1], 'E': [0, 1, 0, 0, 1, 0, 0, 1, 0, 0], 'F': [1, 1, 1, 1, 1, 1, 1, 1, 1, 1]}, '橘园北侧南': {'A': [0, 0, 0, 0, 0, 1, 1, 0, 0, 1], 'B': [1, 1, 1, 1, 0, 1, 1, 0, 1, 1], 'C': [0, 1, 1, 1, 0, 1, 0, 0, 1, 0], 'D': [1, 0, 0, 1, 1, 1, 1, 0, 1, 1], 'E': [1, 1, 1, 1, 1, 1, 0, 0, 0, 1], 'F': [0, 0, 0, 1, 0, 1, 1, 1, 0, 0], 'G': [0, 0, 1, 1, 1, 1, 0, 0, 1, 0], 'H': [0, 1, 1, 1, 1, 0, 0, 0, 0, 1], 'I': [0, 0, 0, 0, 1, 0, 1, 1, 0, 0], 'J': [0, 0, 0, 0, 0, 1, 1, 0, 0, 0]}, '校医院西': {'A': [1, 1, 0, 1, 1, 0, 1, 1, 1, 1], 'B': [0, 1, 1, 1, 1, 1, 0, 1, 1, 1], 'C': [1, 1, 1, 0, 1, 1, 1, 1, 1, 1], 'D': [1, 1, 1, 0, 1, 1, 1, 1, 1, 1], 'E': [1, 0, 1, 1, 1, 1, 1, 0, 1, 1], 'F': [0, 1, 1, 1, 0, 1, 1, 1, 1, 1], 'G': [0, 0, 1, 0, 0, 1, 1, 1, 0, 0], 'H': [0, 0, 1, 0, 0, 1, 0, 0, 1, 1], 'I': [1, 1, 0, 0, 0, 0, 0, 0, 0, 0]}}
623725	2024-07-13 12:50:20.902000+08:00	2024-07-13 12:50:20.902000+08:00	{'东门北侧': {'A': [1, 1, 1, 1, 1, 1, 1, 0, 1, 1], 'B': [1, 1, 1, 1, 1, 1, 1, 1, 1, 1], 'C': [1, 1, 1, 1, 1, 1, 1, 1, 1, 0], 'D': [1, 1, 1, 1, 1, 0, 1, 1, 1, 1], 'E': [1, 1, 1, 1, 1, 1, 1, 1, 1, 1], 'F': [1, 1, 1, 1, 1, 1, 1, 1, 0, 1], 'G': [1, 1, 1, 1, 1, 1, 1, 1, 0, 1], 'H': [1, 1, 1, 1, 1, 1, 1, 1, 1, 0], 'I': [1, 0, 1, 1, 1, 1, 0, 1, 1, 1], 'J': [1, 1, 0, 0, 0, 1, 1, 1, 1, 1], 'K': [0, 0, 1, 1, 1, 1, 1, 1, 1, 1]}, '东门南侧': {'A': [1, 0, 1, 1, 1, 1, 1, 0, 0, 0], 'B': [0, 0, 0, 0, 0, 0, 0, 0, 0, 0]}, '西门北侧': {'A': [1, 1, 1, 1, 1, 1, 1, 0, 1, 1], 'B': [1, 1, 1, 1, 1, 1, 1, 0, 1, 0], 'C': [1, 1, 1, 1, 1, 1, 1, 1, 1, 0]}, '西门南侧': {'A': [1, 1, 1, 1, 1, 0, 0, 1, 1, 1], 'B': [1, 1, 1, 1, 1, 1, 1, 1, 1, 1], 'C': [1, 1, 1, 1, 0, 0, 1, 1, 1, 1]}, '南门西侧': {'A': [1, 1, 1, 1, 1, 1, 1, 1, 1, 1], 'B': [0, 0, 1, 0, 1, 1, 0, 0, 0, 0]}, '南门东侧': {'A': [1, 1, 1, 1, 1, 1, 1, 1, 0, 1], 'B': [0, 0, 1, 1, 1, 1, 1, 1, 1, 1]}, '北门东北侧': {'A': [1, 1, 1, 1, 1, 1, 1, 1, 1, 1], 'B': [0, 1, 1, 1, 1, 1, 0, 1, 1, 0], 'C': [0, 0, 1, 1, 1, 1, 0, 1, 1, 1], 'D': [1, 1, 1, 0, 1, 1, 1, 1, 1, 1]}, '北门东南侧': {'A': [0, 0, 1, 1, 1, 0, 1, 1, 1, 0], 'B': [1, 1, 0, 1, 0, 1, 1, 1, 1, 1], 'C': [1, 0, 0, 1, 1, 1, 0, 1, 1, 1], 'D': [0, 0, 1, 0, 1, 1, 1, 0, 0, 1], 'E': [0, 1, 0, 0, 1, 0, 0, 1, 0, 0], 'F': [1, 1, 1, 1, 1, 1, 1, 1, 1, 1]}, '橘园北侧南': {'A': [0, 0, 0, 0, 0, 1, 1, 0, 0, 1], 'B': [1, 1, 1, 1, 0, 1, 1, 0, 1, 1], 'C': [0, 1, 1, 1, 0, 1, 0, 0, 1, 0], 'D': [1, 0, 0, 1, 1, 1, 1, 0, 1, 1], 'E': [1, 1, 1, 1, 1, 1, 0, 0, 0, 1], 'F': [0, 0, 0, 1, 0, 1, 1, 1, 0, 0], 'G': [0, 0, 1, 1, 1, 1, 0, 0, 1, 0], 'H': [0, 1, 1, 1, 1, 0, 0, 0, 0, 1], 'I': [0, 0, 0, 0, 1, 0, 1, 1, 0, 0], 'J': [0, 0, 0, 0, 0, 1, 1, 0, 0, 0]}, '校医院西': {'A': [1, 1, 0, 1, 1, 0, 1, 1, 1, 1], 'B': [0, 1, 1, 1, 1, 1, 0, 1, 1, 1], 'C': [1, 1, 1, 0, 1, 1, 1, 1, 1, 1], 'D': [1, 1, 1, 0, 1, 1, 1, 1, 1, 1], 'E': [1, 0, 1, 1, 1, 1, 1, 0, 1, 1], 'F': [0, 1, 1, 1, 0, 1, 1, 1, 1, 1], 'G': [0, 0, 1, 0, 0, 1, 1, 1, 0, 0], 'H': [0, 0, 1, 0, 0, 1, 0, 0, 1, 1], 'I': [1, 1, 0, 0, 0, 0, 0, 0, 0, 0]}}
623726	2024-07-13 12:51:21.057000+08:00	2024-07-13 12:51:21.057000+08:00	{'东门北侧': {'A': [1, 1, 1, 1, 1, 1, 1, 0, 1, 1], 'B': [1, 1, 1, 1, 1, 1, 1, 1, 1, 1], 'C': [1, 1, 1, 1, 1, 1, 1, 1, 1, 0], 'D': [1, 1, 1, 1, 1, 0, 1, 1, 1, 1], 'E': [1, 1, 1, 1, 1, 1, 1, 1, 1, 1], 'F': [1, 1, 1, 1, 1, 1, 1, 1, 0, 1], 'G': [1, 1, 1, 1, 1, 1, 1, 1, 0, 1], 'H': [1, 1, 1, 1, 1, 1, 1, 1, 1, 0], 'I': [1, 0, 1, 1, 1, 1, 0, 1, 1, 1], 'J': [1, 1, 0, 0, 0, 1, 1, 1, 1, 1], 'K': [0, 0, 1, 1, 1, 1, 1, 1, 1, 1]}, '东门南侧': {'A': [1, 0, 1, 1, 1, 1, 1, 0, 0, 0], 'B': [0, 0, 0, 0, 0, 0, 0, 0, 0, 0]}, '西门北侧': {'A': [1, 1, 1, 1, 1, 1, 1, 0, 1, 1], 'B': [1, 1, 1, 1, 1, 1, 1, 0, 1, 0], 'C': [1, 1, 1, 1, 1, 1, 1, 1, 1, 0]}, '西门南侧': {'A': [1, 1, 1, 1, 1, 0, 0, 1, 1, 1], 'B': [1, 1, 1, 1, 1, 1, 1, 1, 1, 1], 'C': [1, 1, 1, 1, 0, 0, 1, 1, 1, 1]}, '南门西侧': {'A': [1, 1, 1, 1, 1, 1, 1, 1, 1, 1], 'B': [0, 0, 1, 0, 1, 1, 0, 0, 0, 0]}, '南门东侧': {'A': [1, 1, 1, 1, 1, 1, 1, 1, 0, 1], 'B': [0, 0, 1, 1, 1, 1, 1, 1, 1, 1]}, '北门东北侧': {'A': [1, 1, 1, 1, 1, 1, 1, 1, 1, 1], 'B': [0, 1, 1, 1, 1, 1, 0, 1, 1, 0], 'C': [0, 0, 1, 1, 1, 1, 0, 1, 1, 1], 'D': [1, 1, 1, 0, 1, 1, 1, 1, 1, 1]}, '北门东南侧': {'A': [0, 0, 1, 1, 1, 0, 1, 1, 1, 0], 'B': [1, 1, 0, 1, 0, 1, 1, 1, 1, 1], 'C': [1, 0, 0, 1, 1, 1, 0, 1, 1, 1], 'D': [0, 0, 1, 0, 1, 1, 1, 0, 0, 1], 'E': [0, 1, 0, 0, 1, 0, 0, 1, 0, 0], 'F': [1, 1, 1, 1, 1, 1, 1, 1, 1, 1]}, '橘园北侧南': {'A': [0, 0, 0, 0, 0, 1, 1, 0, 0, 1], 'B': [1, 1, 1, 1, 0, 1, 1, 0, 1, 1], 'C': [0, 1, 1, 1, 0, 1, 0, 0, 0, 0], 'D': [1, 0, 0, 1, 1, 1, 1, 0, 1, 1], 'E': [1, 1, 1, 1, 1, 1, 0, 0, 0, 1], 'F': [0, 0, 0, 1, 0, 1, 1, 1, 0, 0], 'G': [0, 0, 1, 1, 1, 1, 0, 0, 1, 0], 'H': [0, 1, 1, 1, 1, 0, 0, 0, 0, 1], 'I': [0, 0, 0, 0, 1, 0, 1, 1, 0, 0], 'J': [0, 0, 0, 0, 0, 1, 1, 0, 0, 0]}, '校医院西': {'A': [1, 1, 0, 1, 1, 0, 1, 1, 1, 1], 'B': [0, 1, 1, 1, 1, 1, 0, 1, 1, 1], 'C': [1, 1, 1, 0, 1, 0, 1, 1, 1, 1], 'D': [1, 1, 1, 0, 1, 1, 1, 1, 1, 1], 'E': [1, 0, 1, 1, 1, 1, 1, 0, 1, 1], 'F': [0, 1, 1, 1, 0, 1, 1, 1, 1, 1], 'G': [0, 0, 1, 0, 0, 1, 1, 1, 0, 0], 'H': [0, 0, 1, 0, 0, 1, 0, 0, 1, 1], 'I': [1, 1, 0, 0, 0, 0, 0, 0, 0, 0]}}
623727	2024-07-13 12:52:20.912000+08:00	2024-07-13 12:52:20.912000+08:00	{'东门北侧': {'A': [1, 1, 1, 1, 1, 1, 1, 0, 1, 1], 'B': [1, 1, 1, 1, 1, 1, 1, 1, 1, 1], 'C': [1, 1, 1, 1, 1, 1, 1, 1, 1, 0], 'D': [1, 1, 1, 1, 1, 0, 1, 1, 1, 1], 'E': [1, 1, 1, 1, 1, 1, 1, 1, 1, 1], 'F': [1, 1, 1, 1, 1, 1, 1, 1, 0, 1], 'G': [1, 1, 1, 1, 1, 1, 1, 1, 0, 1], 'H': [1, 1, 1, 1, 1, 1, 1, 1, 1, 0], 'I': [1, 0, 1, 1, 1, 1, 0, 1, 1, 1], 'J': [1, 1, 0, 0, 0, 1, 1, 1, 1, 1], 'K': [0, 0, 1, 1, 1, 1, 1, 1, 1, 1]}, '东门南侧': {'A': [1, 0, 1, 1, 1, 1, 1, 0, 0, 0], 'B': [0, 0, 0, 0, 0, 0, 0, 0, 0, 0]}, '西门北侧': {'A': [1, 1, 1, 1, 1, 1, 1, 0, 1, 1], 'B': [1, 1, 1, 1, 1, 1, 1, 0, 1, 0], 'C': [1, 1, 1, 1, 1, 1, 1, 1, 1, 0]}, '西门南侧': {'A': [1, 1, 1, 1, 1, 0, 0, 1, 1, 1], 'B': [1, 1, 1, 1, 1, 1, 1, 1, 1, 1], 'C': [1, 1, 1, 1, 0, 0, 1, 1, 1, 1]}, '南门西侧': {'A': [1, 1, 1, 1, 1, 1, 1, 1, 1, 1], 'B': [0, 0, 1, 0, 1, 1, 0, 0, 0, 0]}, '南门东侧': {'A': [1, 1, 1, 1, 1, 1, 1, 1, 0, 1], 'B': [0, 0, 1, 1, 1, 1, 1, 1, 1, 1]}, '北门东北侧': {'A': [1, 1, 1, 1, 1, 1, 1, 1, 1, 1], 'B': [0, 1, 1, 1, 1, 1, 0, 1, 1, 0], 'C': [0, 0, 1, 1, 1, 1, 0, 1, 1, 1], 'D': [1, 1, 1, 0, 1, 1, 1, 1, 1, 1]}, '北门东南侧': {'A': [0, 0, 1, 1, 1, 0, 1, 1, 1, 0], 'B': [1, 1, 0, 1, 0, 1, 1, 1, 1, 1], 'C': [1, 0, 0, 1, 1, 1, 0, 1, 1, 1], 'D': [0, 0, 1, 0, 1, 1, 1, 0, 0, 1], 'E': [0, 1, 0, 0, 1, 0, 0, 1, 0, 0], 'F': [1, 1, 1, 1, 1, 1, 1, 1, 1, 1]}, '橘园北侧南': {'A': [0, 0, 0, 0, 0, 1, 1, 0, 0, 1], 'B': [1, 1, 1, 1, 0, 1, 1, 0, 1, 1], 'C': [0, 1, 1, 1, 0, 1, 0, 0, 0, 0], 'D': [1, 0, 0, 1, 1, 1, 1, 0, 1, 1], 'E': [1, 1, 1, 1, 1, 1, 0, 0, 0, 1], 'F': [0, 0, 0, 1, 0, 1, 1, 1, 0, 0], 'G': [0, 0, 1, 1, 1, 1, 0, 0, 1, 0], 'H': [0, 1, 1, 1, 1, 0, 0, 0, 0, 1], 'I': [0, 0, 0, 0, 1, 0, 1, 1, 0, 0], 'J': [0, 0, 0, 0, 0, 1, 1, 0, 0, 0]}, '校医院西': {'A': [1, 1, 0, 1, 1, 0, 1, 1, 1, 1], 'B': [0, 1, 1, 1, 1, 1, 0, 1, 1, 1], 'C': [1, 1, 1, 0, 1, 0, 1, 1, 1, 1], 'D': [1, 1, 1, 0, 1, 1, 1, 1, 1, 1], 'E': [1, 0, 1, 1, 1, 1, 1, 0, 1, 1], 'F': [0, 1, 1, 1, 0, 1, 1, 1, 1, 1], 'G': [0, 0, 1, 0, 0, 1, 1, 1, 0, 0], 'H': [0, 0, 1, 0, 0, 1, 0, 0, 1, 1], 'I': [1, 1, 0, 0, 0, 0, 0, 0, 0, 0]}}
623728	2024-07-13 12:53:23.878000+08:00	2024-07-13 12:53:23.878000+08:00	{'东门北侧': {'A': [1, 1, 1, 1, 1, 1, 1, 0, 1, 1], 'B': [1, 1, 1, 1, 1, 1, 1, 1, 1, 1], 'C': [1, 1, 1, 1, 1, 1, 1, 1, 1, 0], 'D': [1, 1, 1, 1, 1, 0, 1, 1, 1, 1], 'E': [1, 1, 1, 1, 1, 1, 1, 1, 1, 1], 'F': [1, 1, 1, 1, 1, 1, 1, 1, 0, 1], 'G': [1, 1, 1, 1, 1, 1, 1, 1, 0, 1], 'H': [1, 1, 1, 1, 1, 1, 1, 1, 1, 0], 'I': [1, 0, 1, 1, 1, 1, 0, 1, 1, 1], 'J': [1, 1, 0, 0, 0, 1, 1, 1, 1, 1], 'K': [0, 0, 1, 1, 1, 1, 1, 1, 1, 1]}, '东门南侧': {'A': [1, 0, 1, 1, 1, 1, 0, 0, 0, 0], 'B': [0, 0, 0, 0, 0, 0, 0, 0, 0, 0]}, '西门北侧': {'A': [1, 1, 1, 1, 1, 1, 1, 0, 1, 1], 'B': [1, 1, 1, 1, 1, 1, 1, 0, 1, 0], 'C': [1, 1, 1, 1, 1, 1, 1, 1, 1, 0]}, '西门南侧': {'A': [1, 1, 1, 1, 1, 0, 0, 1, 1, 1], 'B': [1, 1, 1, 1, 1, 1, 1, 1, 1, 1], 'C': [1, 1, 1, 1, 0, 0, 1, 1, 1, 1]}, '南门西侧': {'A': [1, 1, 1, 1, 1, 1, 1, 1, 1, 1], 'B': [0, 0, 0, 0, 1, 1, 0, 0, 0, 0]}, '南门东侧': {'A': [1, 1, 1, 1, 1, 1, 1, 1, 0, 1], 'B': [0, 0, 1, 1, 1, 1, 1, 1, 1, 1]}, '北门东北侧': {'A': [1, 1, 1, 1, 1, 1, 1, 1, 1, 1], 'B': [0, 1, 1, 1, 1, 1, 0, 1, 1, 0], 'C': [0, 0, 1, 1, 1, 1, 0, 1, 1, 1], 'D': [1, 1, 1, 0, 1, 1, 1, 1, 1, 1]}, '北门东南侧': {'A': [0, 0, 1, 1, 1, 0, 1, 1, 1, 0], 'B': [1, 1, 0, 1, 0, 1, 1, 1, 1, 1], 'C': [1, 0, 0, 1, 1, 1, 0, 1, 1, 1], 'D': [0, 0, 1, 0, 1, 1, 1, 0, 0, 1], 'E': [0, 1, 0, 0, 1, 0, 0, 1, 0, 0], 'F': [1, 1, 1, 1, 1, 1, 1, 1, 1, 1]}, '橘园北侧南': {'A': [0, 0, 0, 0, 0, 1, 1, 0, 0, 1], 'B': [1, 1, 1, 1, 0, 1, 1, 0, 1, 1], 'C': [0, 1, 1, 1, 0, 1, 0, 0, 0, 0], 'D': [1, 0, 0, 1, 1, 1, 1, 0, 1, 1], 'E': [1, 1, 1, 1, 1, 1, 0, 0, 0, 1], 'F': [0, 0, 0, 1, 0, 1, 1, 1, 0, 0], 'G': [0, 0, 1, 1, 1, 1, 0, 0, 1, 0], 'H': [0, 1, 1, 1, 1, 0, 0, 0, 0, 1], 'I': [0, 0, 0, 0, 1, 0, 1, 1, 0, 0], 'J': [0, 0, 0, 0, 0, 1, 1, 0, 0, 0]}, '校医院西': {'A': [1, 1, 0, 1, 1, 0, 1, 1, 1, 1], 'B': [0, 1, 1, 1, 1, 1, 0, 1, 1, 1], 'C': [1, 1, 1, 0, 1, 0, 1, 1, 1, 1], 'D': [1, 1, 1, 0, 1, 1, 1, 1, 1, 1], 'E': [1, 0, 1, 1, 1, 1, 1, 0, 1, 1], 'F': [0, 1, 1, 1, 0, 1, 1, 1, 1, 1], 'G': [0, 0, 1, 0, 0, 1, 1, 1, 0, 0], 'H': [0, 0, 1, 0, 0, 1, 0, 0, 1, 1], 'I': [1, 1, 0, 0, 0, 0, 0, 0, 0, 0]}}
623729	2024-07-13 12:54:23.878000+08:00	2024-07-13 12:54:23.878000+08:00	{'东门北侧': {'A': [1, 1, 1, 1, 1, 1, 1, 0, 1, 1], 'B': [1, 1, 1, 1, 1, 1, 1, 1, 1, 1], 'C': [1, 1, 1, 1, 1, 1, 1, 1, 1, 0], 'D': [1, 1, 1, 1, 1, 0, 1, 1, 1, 1], 'E': [1, 1, 1, 1, 1, 1, 1, 1, 1, 1], 'F': [1, 1, 1, 1, 1, 1, 1, 1, 0, 1], 'G': [1, 1, 1, 1, 1, 1, 1, 1, 0, 1], 'H': [1, 1, 1, 1, 1, 1, 1, 1, 1, 0], 'I': [1, 0, 1, 1, 1, 1, 0, 1, 0, 1], 'J': [1, 1, 0, 0, 0, 1, 1, 1, 1, 1], 'K': [0, 0, 1, 1, 1, 1, 1, 1, 1, 1]}, '东门南侧': {'A': [1, 0, 1, 1, 1, 1, 0, 0, 0, 0], 'B': [0, 0, 0, 0, 0, 0, 0, 0, 0, 0]}, '西门北侧': {'A': [1, 1, 1, 1, 1, 1, 1, 0, 1, 1], 'B': [1, 1, 1, 1, 1, 1, 1, 0, 1, 0], 'C': [1, 1, 1, 1, 1, 1, 1, 1, 1, 0]}, '西门南侧': {'A': [1, 1, 1, 1, 1, 0, 0, 1, 1, 1], 'B': [1, 1, 1, 1, 1, 1, 1, 1, 1, 1], 'C': [1, 1, 1, 1, 0, 0, 1, 1, 1, 1]}, '南门西侧': {'A': [1, 1, 1, 1, 1, 1, 1, 1, 1, 1], 'B': [0, 0, 0, 0, 1, 1, 0, 0, 0, 0]}, '南门东侧': {'A': [1, 1, 1, 1, 1, 1, 1, 1, 0, 1], 'B': [0, 0, 1, 1, 1, 1, 1, 1, 1, 1]}, '北门东北侧': {'A': [1, 1, 1, 1, 1, 1, 1, 1, 1, 1], 'B': [0, 1, 1, 1, 1, 1, 0, 1, 1, 0], 'C': [0, 0, 1, 1, 1, 1, 0, 1, 1, 1], 'D': [1, 1, 1, 0, 1, 1, 1, 1, 1, 1]}, '北门东南侧': {'A': [0, 0, 1, 1, 1, 0, 1, 1, 1, 0], 'B': [1, 1, 0, 1, 0, 1, 1, 1, 1, 1], 'C': [1, 0, 0, 1, 1, 1, 0, 1, 1, 1], 'D': [0, 0, 1, 0, 1, 1, 1, 0, 0, 1], 'E': [0, 1, 0, 0, 0, 0, 0, 1, 0, 0], 'F': [1, 1, 1, 1, 1, 1, 1, 1, 1, 1]}, '橘园北侧南': {'A': [0, 0, 0, 0, 0, 1, 1, 0, 0, 1], 'B': [1, 1, 1, 1, 0, 1, 1, 0, 1, 1], 'C': [0, 1, 1, 1, 0, 1, 0, 0, 0, 0], 'D': [1, 0, 0, 1, 1, 1, 1, 0, 1, 1], 'E': [1, 1, 1, 1, 1, 1, 0, 0, 0, 1], 'F': [0, 0, 0, 1, 0, 1, 1, 1, 0, 0], 'G': [0, 0, 1, 1, 1, 1, 0, 0, 1, 0], 'H': [0, 1, 1, 1, 1, 0, 0, 0, 0, 1], 'I': [0, 0, 0, 0, 0, 0, 1, 1, 0, 0], 'J': [0, 0, 0, 0, 0, 1, 1, 0, 0, 0]}, '校医院西': {'A': [1, 1, 0, 1, 1, 0, 1, 1, 1, 1], 'B': [0, 1, 1, 1, 1, 1, 0, 1, 1, 1], 'C': [1, 1, 1, 0, 1, 0, 1, 1, 1, 1], 'D': [1, 1, 1, 0, 1, 1, 1, 1, 1, 1], 'E': [1, 0, 1, 1, 1, 1, 1, 0, 1, 1], 'F': [0, 1, 1, 1, 0, 1, 1, 1, 1, 1], 'G': [0, 0, 1, 0, 0, 1, 1, 1, 0, 0], 'H': [0, 0, 1, 0, 0, 1, 0, 0, 1, 1], 'I': [1, 1, 0, 0, 0, 0, 0, 0, 0, 0]}}
623730	2024-07-13 12:55:20.865000+08:00	2024-07-13 12:55:20.865000+08:00	{'东门北侧': {'A': [1, 1, 1, 1, 1, 1, 1, 0, 1, 1], 'B': [1, 1, 1, 1, 1, 1, 1, 1, 1, 1], 'C': [1, 1, 1, 1, 1, 1, 1, 1, 1, 0], 'D': [1, 1, 1, 1, 1, 0, 1, 1, 1, 1], 'E': [1, 1, 1, 1, 1, 1, 1, 1, 1, 1], 'F': [1, 1, 1, 1, 1, 1, 1, 1, 0, 1], 'G': [1, 1, 1, 1, 1, 1, 1, 1, 0, 1], 'H': [1, 1, 1, 1, 1, 1, 1, 1, 1, 0], 'I': [1, 0, 1, 1, 1, 1, 0, 1, 0, 1], 'J': [1, 1, 0, 0, 0, 1, 1, 1, 1, 1], 'K': [0, 0, 1, 1, 1, 1, 1, 1, 1, 1]}, '东门南侧': {'A': [1, 0, 1, 1, 1, 1, 0, 0, 0, 0], 'B': [0, 0, 0, 0, 0, 0, 0, 0, 0, 0]}, '西门北侧': {'A': [1, 1, 1, 1, 1, 1, 1, 0, 1, 1], 'B': [1, 1, 1, 1, 1, 1, 1, 0, 1, 0], 'C': [1, 1, 1, 1, 1, 1, 1, 1, 1, 0]}, '西门南侧': {'A': [1, 1, 1, 1, 1, 0, 0, 1, 1, 1], 'B': [1, 1, 1, 1, 1, 1, 1, 1, 1, 1], 'C': [1, 1, 1, 1, 0, 0, 1, 1, 1, 1]}, '南门西侧': {'A': [1, 1, 1, 1, 1, 1, 1, 1, 1, 1], 'B': [0, 0, 0, 0, 1, 1, 0, 0, 0, 0]}, '南门东侧': {'A': [1, 1, 1, 1, 1, 1, 1, 1, 0, 1], 'B': [0, 0, 1, 1, 1, 1, 1, 1, 1, 1]}, '北门东北侧': {'A': [1, 1, 1, 1, 1, 1, 1, 1, 1, 1], 'B': [0, 1, 1, 1, 1, 1, 0, 1, 1, 0], 'C': [0, 0, 1, 1, 1, 1, 0, 1, 1, 1], 'D': [1, 1, 1, 0, 1, 1, 1, 1, 1, 1]}, '北门东南侧': {'A': [0, 0, 1, 1, 1, 0, 1, 1, 1, 0], 'B': [1, 1, 0, 1, 0, 1, 1, 1, 1, 1], 'C': [1, 0, 0, 1, 1, 1, 0, 1, 1, 1], 'D': [0, 0, 1, 0, 1, 1, 1, 0, 0, 1], 'E': [0, 1, 0, 0, 0, 0, 0, 1, 0, 0], 'F': [1, 1, 1, 1, 1, 1, 1, 1, 1, 1]}, '橘园北侧南': {'A': [0, 0, 0, 0, 0, 1, 1, 0, 0, 1], 'B': [1, 1, 1, 1, 0, 1, 1, 0, 1, 1], 'C': [0, 1, 1, 1, 0, 1, 0, 0, 0, 0], 'D': [1, 0, 0, 1, 1, 1, 1, 0, 1, 1], 'E': [1, 1, 1, 1, 1, 1, 0, 0, 0, 1], 'F': [0, 0, 0, 1, 0, 1, 1, 1, 0, 0], 'G': [0, 0, 1, 1, 1, 1, 0, 0, 1, 0], 'H': [0, 1, 1, 1, 1, 0, 0, 0, 0, 1], 'I': [0, 0, 0, 0, 0, 0, 1, 1, 0, 0], 'J': [0, 0, 0, 0, 0, 1, 1, 0, 0, 0]}, '校医院西': {'A': [1, 1, 0, 1, 1, 0, 1, 1, 1, 1], 'B': [0, 1, 1, 1, 1, 1, 0, 1, 1, 1], 'C': [1, 1, 1, 0, 1, 0, 1, 1, 1, 1], 'D': [1, 1, 1, 0, 1, 1, 1, 1, 1, 1], 'E': [1, 0, 1, 1, 1, 1, 1, 0, 1, 1], 'F': [0, 1, 1, 1, 0, 1, 1, 1, 1, 1], 'G': [0, 0, 1, 0, 0, 1, 1, 1, 0, 0], 'H': [0, 0, 1, 0, 0, 1, 0, 0, 1, 1], 'I': [1, 1, 0, 0, 0, 0, 0, 0, 0, 0]}}
623731	2024-07-13 12:56:20.867000+08:00	2024-07-13 12:56:20.867000+08:00	{'东门北侧': {'A': [1, 1, 1, 1, 1, 1, 1, 0, 1, 1], 'B': [1, 1, 1, 1, 1, 1, 1, 1, 1, 1], 'C': [1, 1, 1, 1, 1, 1, 1, 1, 1, 0], 'D': [1, 1, 1, 1, 1, 0, 1, 1, 1, 1], 'E': [1, 1, 1, 1, 1, 1, 1, 1, 1, 1], 'F': [1, 1, 1, 1, 1, 1, 1, 1, 0, 1], 'G': [1, 1, 1, 1, 1, 1, 1, 1, 0, 1], 'H': [1, 1, 1, 1, 1, 1, 1, 1, 1, 0], 'I': [1, 0, 1, 1, 1, 1, 0, 1, 0, 1], 'J': [1, 1, 0, 0, 0, 1, 1, 1, 1, 1], 'K': [0, 0, 1, 1, 1, 1, 1, 1, 1, 1]}, '东门南侧': {'A': [1, 0, 1, 1, 1, 1, 0, 0, 0, 0], 'B': [0, 0, 0, 0, 0, 0, 0, 0, 0, 0]}, '西门北侧': {'A': [1, 1, 1, 1, 1, 1, 1, 0, 1, 1], 'B': [1, 1, 1, 1, 1, 1, 1, 0, 1, 0], 'C': [1, 1, 1, 1, 1, 1, 1, 1, 1, 0]}, '西门南侧': {'A': [1, 1, 1, 1, 1, 0, 0, 1, 1, 1], 'B': [1, 1, 1, 1, 1, 1, 1, 1, 1, 1], 'C': [1, 1, 1, 1, 0, 0, 1, 1, 1, 1]}, '南门西侧': {'A': [1, 1, 1, 1, 1, 1, 1, 1, 1, 1], 'B': [0, 0, 0, 0, 1, 1, 0, 0, 0, 0]}, '南门东侧': {'A': [1, 1, 1, 1, 1, 1, 1, 1, 0, 1], 'B': [0, 0, 1, 1, 1, 1, 1, 1, 1, 1]}, '北门东北侧': {'A': [1, 1, 1, 1, 1, 1, 1, 1, 1, 1], 'B': [0, 1, 1, 1, 1, 1, 0, 1, 1, 0], 'C': [0, 0, 1, 1, 1, 1, 0, 1, 1, 1], 'D': [1, 1, 1, 0, 1, 1, 1, 1, 1, 1]}, '北门东南侧': {'A': [0, 0, 1, 1, 1, 0, 1, 1, 1, 0], 'B': [1, 1, 0, 1, 0, 1, 1, 1, 1, 1], 'C': [1, 0, 0, 1, 1, 1, 0, 1, 1, 1], 'D': [0, 0, 1, 0, 1, 1, 1, 0, 0, 1], 'E': [0, 1, 0, 0, 0, 0, 0, 1, 0, 0], 'F': [1, 1, 1, 1, 1, 1, 1, 1, 1, 1]}, '橘园北侧南': {'A': [0, 0, 0, 0, 0, 1, 1, 0, 0, 1], 'B': [1, 1, 1, 1, 0, 1, 1, 0, 1, 1], 'C': [0, 1, 1, 1, 0, 1, 0, 0, 0, 0], 'D': [1, 0, 0, 1, 1, 1, 1, 0, 1, 1], 'E': [1, 1, 1, 1, 1, 1, 0, 0, 0, 1], 'F': [0, 0, 0, 1, 0, 1, 1, 1, 0, 0], 'G': [0, 0, 1, 1, 1, 1, 0, 0, 1, 0], 'H': [0, 1, 1, 1, 1, 0, 0, 0, 0, 1], 'I': [0, 0, 0, 0, 0, 0, 1, 1, 0, 0], 'J': [0, 0, 0, 0, 0, 1, 1, 0, 0, 0]}, '校医院西': {'A': [1, 1, 0, 1, 1, 0, 1, 1, 1, 1], 'B': [0, 1, 1, 1, 1, 1, 0, 1, 1, 1], 'C': [1, 1, 1, 0, 1, 0, 1, 1, 1, 1], 'D': [1, 1, 1, 0, 1, 1, 1, 1, 1, 1], 'E': [1, 0, 1, 1, 1, 1, 1, 0, 1, 1], 'F': [0, 1, 1, 1, 0, 1, 1, 1, 1, 1], 'G': [0, 0, 1, 0, 0, 1, 1, 1, 0, 0], 'H': [0, 0, 1, 0, 0, 1, 0, 0, 1, 1], 'I': [1, 1, 0, 0, 0, 0, 0, 0, 0, 0]}}
623732	2024-07-13 12:57:22.876000+08:00	2024-07-13 12:57:22.876000+08:00	{'东门北侧': {'A': [1, 1, 1, 1, 1, 1, 1, 0, 1, 1], 'B': [1, 1, 1, 1, 1, 1, 1, 1, 1, 1], 'C': [1, 1, 1, 1, 1, 1, 1, 1, 1, 0], 'D': [1, 1, 1, 1, 1, 0, 1, 1, 1, 1], 'E': [1, 1, 1, 1, 1, 1, 1, 1, 1, 1], 'F': [1, 1, 1, 1, 1, 1, 1, 1, 0, 1], 'G': [1, 1, 1, 1, 1, 1, 1, 1, 0, 1], 'H': [1, 1, 1, 1, 1, 1, 1, 1, 1, 0], 'I': [1, 0, 1, 1, 1, 1, 0, 1, 0, 1], 'J': [1, 1, 0, 0, 0, 1, 1, 1, 1, 1], 'K': [0, 0, 1, 1, 1, 1, 1, 1, 1, 1]}, '东门南侧': {'A': [1, 0, 1, 1, 1, 1, 0, 0, 0, 0], 'B': [0, 0, 0, 0, 0, 0, 0, 0, 0, 0]}, '西门北侧': {'A': [1, 1, 1, 1, 1, 1, 1, 0, 1, 1], 'B': [1, 1, 1, 1, 1, 1, 1, 0, 1, 0], 'C': [1, 1, 1, 1, 1, 1, 1, 1, 1, 0]}, '西门南侧': {'A': [1, 1, 1, 1, 1, 0, 0, 1, 1, 1], 'B': [1, 1, 1, 1, 1, 1, 1, 1, 1, 1], 'C': [1, 1, 1, 1, 0, 0, 1, 1, 1, 1]}, '南门西侧': {'A': [1, 1, 1, 1, 1, 1, 1, 1, 1, 1], 'B': [0, 0, 0, 0, 1, 1, 0, 0, 0, 0]}, '南门东侧': {'A': [1, 1, 1, 1, 1, 1, 1, 1, 0, 1], 'B': [0, 0, 1, 1, 1, 1, 1, 1, 1, 1]}, '北门东北侧': {'A': [1, 1, 1, 1, 1, 1, 1, 1, 1, 1], 'B': [0, 1, 1, 1, 1, 1, 0, 1, 1, 0], 'C': [0, 0, 1, 1, 1, 1, 0, 1, 1, 1], 'D': [1, 1, 1, 0, 1, 1, 1, 1, 1, 1]}, '北门东南侧': {'A': [0, 0, 1, 1, 1, 0, 1, 1, 1, 0], 'B': [1, 1, 0, 1, 0, 1, 1, 1, 1, 1], 'C': [1, 0, 0, 1, 1, 1, 0, 1, 1, 1], 'D': [0, 0, 1, 0, 1, 1, 1, 0, 0, 1], 'E': [0, 1, 0, 0, 0, 0, 0, 1, 0, 0], 'F': [1, 1, 1, 1, 1, 1, 1, 1, 1, 1]}, '橘园北侧南': {'A': [0, 0, 0, 0, 0, 1, 1, 0, 0, 1], 'B': [1, 1, 1, 1, 0, 1, 1, 0, 1, 1], 'C': [0, 1, 1, 1, 0, 1, 0, 0, 0, 0], 'D': [1, 0, 0, 1, 1, 1, 1, 0, 1, 1], 'E': [1, 1, 1, 1, 1, 1, 0, 0, 0, 1], 'F': [0, 0, 0, 1, 0, 1, 1, 1, 0, 0], 'G': [0, 0, 1, 1, 1, 1, 0, 0, 1, 0], 'H': [0, 1, 1, 1, 1, 0, 0, 0, 0, 1], 'I': [0, 0, 0, 0, 0, 0, 1, 1, 0, 0], 'J': [0, 0, 0, 0, 0, 1, 1, 0, 0, 0]}, '校医院西': {'A': [1, 1, 0, 1, 1, 0, 1, 1, 1, 1], 'B': [0, 1, 1, 1, 1, 1, 0, 1, 1, 1], 'C': [1, 1, 1, 0, 1, 0, 1, 1, 1, 1], 'D': [1, 1, 1, 0, 1, 1, 1, 1, 1, 1], 'E': [1, 0, 1, 1, 1, 1, 1, 0, 1, 1], 'F': [0, 1, 1, 1, 0, 1, 1, 1, 1, 1], 'G': [0, 0, 1, 0, 0, 1, 1, 1, 0, 0], 'H': [0, 0, 1, 0, 0, 1, 0, 0, 1, 1], 'I': [1, 1, 0, 0, 0, 0, 0, 0, 0, 0]}}
623733	2024-07-13 12:58:22.500000+08:00	2024-07-13 12:58:22.500000+08:00	{'东门北侧': {'A': [1, 1, 1, 1, 1, 1, 1, 0, 1, 1], 'B': [1, 1, 1, 1, 1, 1, 1, 1, 1, 1], 'C': [1, 1, 1, 1, 1, 1, 1, 1, 1, 0], 'D': [1, 1, 1, 1, 1, 0, 1, 1, 1, 1], 'E': [1, 1, 1, 1, 1, 1, 1, 1, 1, 1], 'F': [1, 1, 1, 1, 1, 1, 1, 1, 0, 1], 'G': [1, 1, 1, 1, 1, 1, 1, 1, 0, 1], 'H': [1, 1, 1, 1, 1, 1, 1, 1, 1, 0], 'I': [1, 0, 1, 1, 1, 1, 0, 1, 0, 1], 'J': [1, 1, 0, 0, 0, 1, 1, 1, 1, 1], 'K': [0, 0, 1, 1, 1, 1, 1, 1, 1, 1]}, '东门南侧': {'A': [1, 0, 1, 1, 1, 1, 0, 0, 0, 0], 'B': [0, 0, 0, 0, 0, 0, 0, 0, 0, 0]}, '西门北侧': {'A': [1, 1, 1, 1, 1, 1, 1, 0, 1, 1], 'B': [1, 1, 1, 1, 1, 1, 1, 0, 1, 0], 'C': [1, 1, 1, 1, 1, 1, 1, 1, 1, 0]}, '西门南侧': {'A': [1, 1, 1, 1, 1, 0, 0, 1, 1, 1], 'B': [1, 1, 1, 1, 1, 1, 1, 1, 1, 1], 'C': [1, 1, 1, 1, 0, 0, 1, 1, 1, 1]}, '南门西侧': {'A': [1, 1, 1, 1, 1, 1, 1, 1, 1, 1], 'B': [0, 0, 0, 0, 1, 1, 0, 0, 0, 0]}, '南门东侧': {'A': [1, 1, 1, 1, 1, 1, 1, 1, 0, 1], 'B': [0, 0, 1, 1, 1, 1, 1, 1, 1, 1]}, '北门东北侧': {'A': [1, 1, 1, 1, 1, 1, 1, 1, 1, 1], 'B': [0, 1, 1, 1, 1, 1, 0, 1, 1, 0], 'C': [0, 0, 1, 1, 1, 1, 0, 1, 1, 1], 'D': [1, 1, 1, 0, 1, 1, 1, 1, 1, 1]}, '北门东南侧': {'A': [0, 0, 1, 1, 1, 0, 1, 1, 1, 0], 'B': [1, 1, 0, 1, 0, 1, 1, 1, 1, 1], 'C': [1, 0, 0, 1, 1, 1, 0, 1, 1, 1], 'D': [0, 0, 1, 0, 1, 1, 1, 0, 0, 1], 'E': [0, 1, 0, 0, 0, 0, 0, 0, 0, 0], 'F': [1, 1, 1, 1, 1, 1, 1, 1, 1, 1]}, '橘园北侧南': {'A': [0, 0, 0, 0, 0, 1, 1, 0, 0, 1], 'B': [1, 1, 1, 1, 0, 1, 1, 0, 1, 1], 'C': [0, 1, 1, 1, 0, 1, 0, 0, 0, 0], 'D': [1, 0, 0, 1, 1, 1, 1, 0, 1, 1], 'E': [1, 1, 1, 1, 1, 1, 0, 0, 0, 1], 'F': [0, 0, 0, 1, 0, 1, 1, 1, 0, 0], 'G': [0, 0, 1, 1, 1, 1, 0, 0, 1, 0], 'H': [0, 1, 1, 1, 1, 0, 0, 0, 0, 1], 'I': [0, 0, 0, 0, 0, 0, 1, 1, 0, 0], 'J': [0, 0, 0, 0, 0, 1, 1, 0, 0, 0]}, '校医院西': {'A': [1, 1, 0, 1, 1, 0, 1, 1, 1, 1], 'B': [0, 1, 1, 1, 1, 1, 0, 1, 1, 1], 'C': [1, 1, 1, 0, 1, 0, 1, 1, 1, 1], 'D': [1, 1, 1, 0, 1, 1, 1, 1, 1, 1], 'E': [1, 0, 1, 1, 1, 1, 1, 0, 1, 1], 'F': [0, 1, 1, 1, 0, 1, 1, 1, 1, 1], 'G': [0, 0, 1, 0, 0, 1, 1, 1, 0, 0], 'H': [0, 0, 1, 0, 0, 1, 0, 0, 1, 1], 'I': [1, 1, 0, 0, 0, 0, 0, 0, 0, 0]}}
623734	2024-07-13 12:59:20.857000+08:00	2024-07-13 12:59:20.857000+08:00	{'东门北侧': {'A': [1, 1, 1, 1, 1, 1, 1, 0, 1, 1], 'B': [1, 1, 1, 1, 1, 1, 1, 1, 1, 1], 'C': [1, 1, 1, 1, 1, 1, 1, 1, 1, 0], 'D': [1, 1, 1, 1, 1, 0, 1, 1, 1, 1], 'E': [1, 1, 1, 1, 1, 1, 1, 1, 1, 1], 'F': [1, 1, 1, 1, 1, 1, 1, 1, 0, 1], 'G': [1, 1, 1, 1, 1, 1, 1, 1, 0, 1], 'H': [1, 1, 1, 1, 1, 1, 1, 1, 1, 0], 'I': [1, 0, 1, 1, 1, 1, 0, 1, 0, 1], 'J': [1, 1, 0, 0, 0, 1, 1, 1, 1, 1], 'K': [0, 0, 1, 1, 1, 1, 1, 1, 1, 1]}, '东门南侧': {'A': [1, 0, 1, 1, 1, 1, 0, 0, 0, 0], 'B': [0, 0, 0, 0, 0, 0, 0, 0, 0, 0]}, '西门北侧': {'A': [1, 1, 1, 1, 1, 1, 1, 0, 1, 1], 'B': [1, 1, 1, 1, 1, 1, 1, 0, 1, 0], 'C': [1, 1, 1, 1, 1, 1, 1, 1, 1, 0]}, '西门南侧': {'A': [1, 1, 1, 1, 1, 0, 0, 1, 1, 1], 'B': [1, 1, 1, 1, 1, 1, 1, 1, 1, 1], 'C': [1, 1, 1, 1, 0, 0, 1, 1, 1, 1]}, '南门西侧': {'A': [1, 1, 1, 1, 1, 1, 1, 1, 1, 1], 'B': [0, 0, 0, 0, 1, 1, 0, 0, 0, 0]}, '南门东侧': {'A': [1, 1, 1, 1, 1, 1, 1, 1, 0, 1], 'B': [0, 0, 1, 1, 1, 1, 1, 1, 1, 1]}, '北门东北侧': {'A': [1, 1, 1, 1, 1, 1, 1, 1, 1, 1], 'B': [0, 1, 1, 1, 1, 1, 0, 1, 1, 0], 'C': [0, 0, 1, 1, 1, 1, 0, 1, 1, 1], 'D': [1, 1, 1, 0, 1, 1, 1, 1, 1, 1]}, '北门东南侧': {'A': [0, 0, 1, 1, 1, 0, 1, 1, 1, 0], 'B': [1, 1, 0, 1, 0, 1, 1, 1, 1, 1], 'C': [1, 0, 0, 1, 1, 1, 0, 1, 1, 1], 'D': [0, 0, 1, 0, 1, 1, 1, 0, 0, 1], 'E': [0, 1, 0, 0, 0, 0, 0, 0, 0, 0], 'F': [1, 1, 1, 1, 1, 1, 1, 1, 1, 1]}, '橘园北侧南': {'A': [0, 0, 0, 0, 0, 1, 1, 0, 0, 1], 'B': [1, 1, 1, 1, 0, 1, 1, 0, 1, 1], 'C': [0, 1, 1, 1, 0, 1, 0, 0, 0, 0], 'D': [1, 0, 0, 1, 1, 1, 1, 0, 1, 1], 'E': [1, 1, 1, 1, 1, 1, 0, 0, 0, 1], 'F': [0, 0, 0, 1, 0, 1, 1, 1, 0, 0], 'G': [0, 0, 1, 1, 1, 1, 0, 0, 1, 0], 'H': [0, 1, 1, 1, 1, 0, 0, 0, 0, 1], 'I': [0, 0, 0, 0, 0, 0, 1, 1, 0, 0], 'J': [0, 0, 0, 0, 0, 1, 1, 0, 0, 0]}, '校医院西': {'A': [1, 1, 0, 1, 1, 0, 1, 1, 1, 1], 'B': [0, 1, 1, 1, 1, 1, 0, 1, 1, 1], 'C': [1, 1, 1, 0, 1, 0, 1, 1, 1, 1], 'D': [1, 1, 1, 0, 1, 1, 1, 1, 1, 1], 'E': [1, 0, 1, 1, 1, 1, 1, 0, 1, 1], 'F': [0, 1, 1, 1, 0, 1, 1, 1, 1, 1], 'G': [0, 0, 1, 0, 0, 1, 1, 1, 0, 0], 'H': [0, 0, 1, 0, 0, 1, 0, 0, 1, 1], 'I': [1, 1, 0, 0, 0, 0, 0, 0, 0, 0]}}
623735	2024-07-13 13:00:23.180000+08:00	2024-07-13 13:00:23.180000+08:00	{'东门北侧': {'A': [1, 1, 1, 1, 1, 1, 1, 0, 1, 1], 'B': [1, 1, 1, 1, 1, 1, 1, 1, 1, 1], 'C': [1, 1, 1, 1, 1, 1, 1, 1, 1, 0], 'D': [1, 1, 1, 1, 1, 0, 1, 1, 1, 1], 'E': [1, 1, 1, 1, 1, 1, 1, 1, 1, 1], 'F': [1, 1, 1, 1, 1, 1, 1, 1, 0, 1], 'G': [1, 1, 1, 1, 1, 1, 1, 1, 0, 1], 'H': [1, 1, 1, 1, 1, 1, 1, 1, 1, 0], 'I': [1, 0, 1, 1, 1, 1, 0, 1, 0, 1], 'J': [1, 1, 0, 0, 0, 1, 1, 1, 1, 1], 'K': [0, 0, 1, 1, 1, 1, 1, 1, 1, 1]}, '东门南侧': {'A': [1, 0, 1, 1, 1, 1, 0, 0, 0, 0], 'B': [0, 0, 0, 0, 0, 0, 0, 0, 0, 0]}, '西门北侧': {'A': [1, 1, 1, 1, 1, 1, 1, 0, 1, 1], 'B': [1, 1, 1, 1, 1, 1, 1, 0, 1, 0], 'C': [1, 1, 1, 1, 1, 1, 1, 1, 1, 0]}, '西门南侧': {'A': [1, 1, 1, 1, 1, 0, 0, 1, 1, 1], 'B': [1, 1, 1, 1, 1, 1, 1, 1, 1, 1], 'C': [1, 1, 1, 1, 0, 0, 1, 1, 1, 1]}, '南门西侧': {'A': [1, 1, 1, 1, 1, 1, 1, 1, 1, 1], 'B': [0, 0, 0, 0, 1, 1, 0, 0, 0, 0]}, '南门东侧': {'A': [1, 1, 1, 1, 1, 1, 1, 1, 0, 1], 'B': [0, 0, 1, 1, 1, 1, 1, 1, 1, 1]}, '北门东北侧': {'A': [1, 1, 1, 1, 1, 1, 1, 1, 1, 1], 'B': [0, 1, 1, 1, 1, 1, 0, 1, 1, 0], 'C': [0, 0, 1, 1, 1, 1, 0, 1, 1, 1], 'D': [1, 1, 1, 0, 1, 1, 1, 1, 1, 1]}, '北门东南侧': {'A': [0, 0, 1, 1, 1, 0, 1, 1, 1, 0], 'B': [1, 1, 0, 1, 0, 1, 1, 1, 1, 1], 'C': [1, 0, 0, 1, 1, 1, 0, 1, 1, 1], 'D': [0, 0, 1, 0, 1, 1, 1, 0, 0, 1], 'E': [0, 1, 0, 0, 0, 0, 0, 0, 0, 0], 'F': [1, 1, 1, 1, 1, 1, 1, 1, 1, 1]}, '橘园北侧南': {'A': [0, 0, 0, 0, 0, 1, 1, 0, 0, 1], 'B': [1, 1, 1, 1, 0, 1, 1, 0, 1, 1], 'C': [0, 1, 1, 1, 0, 1, 0, 0, 0, 0], 'D': [1, 0, 0, 1, 1, 1, 1, 0, 1, 1], 'E': [1, 1, 1, 1, 1, 1, 0, 0, 0, 1], 'F': [0, 0, 0, 1, 0, 1, 1, 1, 0, 0], 'G': [0, 0, 1, 1, 1, 1, 0, 0, 1, 0], 'H': [0, 1, 1, 1, 1, 0, 0, 0, 0, 1], 'I': [0, 0, 0, 0, 0, 0, 1, 1, 0, 0], 'J': [0, 0, 1, 0, 0, 1, 0, 0, 0, 0]}, '校医院西': {'A': [0, 1, 0, 1, 1, 0, 1, 1, 1, 1], 'B': [0, 1, 1, 1, 1, 1, 0, 1, 1, 1], 'C': [1, 1, 1, 0, 1, 0, 1, 1, 1, 1], 'D': [1, 1, 1, 0, 1, 1, 1, 1, 1, 1], 'E': [1, 0, 1, 1, 1, 1, 1, 0, 1, 1], 'F': [0, 1, 1, 1, 0, 1, 1, 1, 1, 1], 'G': [0, 0, 1, 0, 0, 1, 1, 1, 0, 0], 'H': [0, 0, 1, 0, 0, 1, 0, 0, 1, 1], 'I': [1, 1, 0, 0, 0, 0, 0, 0, 0, 0]}}
623736	2024-07-13 13:01:23.884000+08:00	2024-07-13 13:01:23.884000+08:00	{'东门北侧': {'A': [1, 1, 1, 1, 1, 1, 1, 0, 1, 1], 'B': [1, 1, 1, 1, 1, 1, 1, 1, 1, 1], 'C': [1, 1, 1, 1, 1, 1, 1, 1, 1, 0], 'D': [1, 1, 1, 1, 1, 0, 1, 1, 1, 1], 'E': [1, 1, 1, 1, 1, 1, 1, 1, 1, 1], 'F': [1, 1, 1, 1, 1, 1, 1, 1, 0, 1], 'G': [1, 1, 1, 1, 1, 1, 1, 1, 0, 1], 'H': [1, 1, 1, 1, 1, 1, 1, 1, 1, 0], 'I': [1, 0, 1, 1, 1, 1, 0, 1, 0, 1], 'J': [1, 1, 0, 0, 0, 1, 1, 1, 1, 1], 'K': [0, 0, 1, 1, 1, 1, 1, 1, 1, 1]}, '东门南侧': {'A': [1, 0, 1, 1, 1, 1, 0, 0, 0, 0], 'B': [0, 0, 0, 0, 0, 0, 0, 0, 0, 0]}, '西门北侧': {'A': [1, 1, 1, 1, 1, 1, 1, 0, 1, 1], 'B': [1, 1, 1, 1, 1, 1, 1, 0, 1, 0], 'C': [1, 1, 1, 1, 1, 1, 1, 1, 1, 0]}, '西门南侧': {'A': [1, 1, 1, 1, 1, 0, 0, 1, 1, 1], 'B': [1, 1, 1, 1, 1, 1, 1, 1, 1, 1], 'C': [1, 1, 1, 1, 0, 0, 1, 1, 1, 1]}, '南门西侧': {'A': [1, 1, 1, 1, 1, 1, 1, 1, 1, 1], 'B': [0, 0, 0, 0, 1, 1, 0, 0, 0, 0]}, '南门东侧': {'A': [1, 1, 1, 1, 1, 1, 1, 1, 0, 1], 'B': [0, 0, 1, 1, 1, 1, 1, 1, 1, 1]}, '北门东北侧': {'A': [1, 1, 1, 1, 1, 1, 1, 1, 1, 1], 'B': [0, 1, 1, 1, 1, 1, 0, 1, 1, 0], 'C': [0, 0, 1, 1, 1, 1, 0, 1, 1, 1], 'D': [1, 1, 1, 0, 1, 1, 1, 1, 1, 1]}, '北门东南侧': {'A': [0, 0, 1, 1, 1, 0, 1, 1, 1, 0], 'B': [1, 1, 0, 1, 0, 1, 1, 1, 1, 1], 'C': [1, 0, 0, 1, 1, 1, 0, 1, 1, 1], 'D': [0, 0, 1, 0, 1, 1, 1, 0, 0, 1], 'E': [0, 1, 0, 0, 0, 0, 0, 0, 0, 0], 'F': [1, 1, 1, 1, 1, 1, 1, 1, 1, 1]}, '橘园北侧南': {'A': [0, 0, 0, 0, 0, 1, 1, 0, 0, 1], 'B': [1, 1, 1, 1, 0, 1, 1, 0, 1, 1], 'C': [0, 1, 1, 1, 0, 1, 0, 0, 0, 0], 'D': [1, 0, 0, 1, 1, 1, 1, 0, 1, 1], 'E': [1, 1, 1, 1, 1, 1, 0, 0, 0, 1], 'F': [0, 0, 0, 1, 0, 1, 1, 1, 0, 0], 'G': [0, 0, 1, 1, 1, 1, 0, 0, 1, 0], 'H': [0, 1, 1, 1, 1, 0, 0, 0, 0, 1], 'I': [0, 0, 0, 0, 0, 0, 1, 1, 0, 0], 'J': [0, 0, 1, 0, 0, 1, 0, 0, 0, 0]}, '校医院西': {'A': [0, 1, 0, 1, 1, 0, 1, 1, 1, 1], 'B': [0, 1, 1, 1, 1, 1, 0, 1, 1, 1], 'C': [1, 1, 1, 0, 1, 0, 1, 1, 1, 1], 'D': [1, 1, 1, 0, 1, 1, 1, 1, 1, 1], 'E': [1, 0, 1, 1, 1, 1, 1, 0, 1, 1], 'F': [0, 1, 1, 1, 0, 1, 1, 1, 1, 1], 'G': [0, 0, 1, 0, 0, 1, 1, 1, 0, 0], 'H': [0, 0, 1, 0, 0, 1, 0, 0, 1, 1], 'I': [1, 1, 0, 0, 0, 0, 0, 0, 0, 0]}}
623737	2024-07-13 13:02:21.886000+08:00	2024-07-13 13:02:21.886000+08:00	{'东门北侧': {'A': [1, 1, 1, 1, 1, 1, 1, 0, 1, 1], 'B': [1, 1, 1, 1, 1, 1, 1, 1, 1, 1], 'C': [1, 1, 1, 1, 1, 1, 1, 1, 1, 0], 'D': [1, 1, 1, 1, 1, 0, 1, 1, 1, 1], 'E': [1, 1, 1, 1, 1, 1, 1, 1, 1, 1], 'F': [1, 1, 1, 1, 1, 1, 1, 1, 0, 1], 'G': [1, 1, 1, 1, 1, 1, 1, 1, 0, 1], 'H': [1, 1, 1, 1, 1, 1, 1, 1, 1, 0], 'I': [1, 0, 1, 1, 1, 1, 0, 1, 0, 1], 'J': [1, 1, 0, 0, 0, 1, 1, 1, 1, 1], 'K': [0, 0, 1, 1, 1, 1, 1, 1, 1, 1]}, '东门南侧': {'A': [1, 0, 1, 1, 1, 1, 0, 0, 0, 0], 'B': [0, 0, 0, 0, 0, 0, 0, 0, 0, 0]}, '西门北侧': {'A': [1, 1, 1, 1, 1, 1, 1, 0, 1, 1], 'B': [1, 1, 1, 1, 1, 1, 1, 0, 1, 0], 'C': [1, 1, 1, 1, 1, 1, 1, 1, 1, 0]}, '西门南侧': {'A': [1, 1, 1, 1, 1, 0, 0, 1, 1, 1], 'B': [1, 1, 1, 1, 1, 1, 1, 1, 1, 1], 'C': [1, 1, 1, 1, 0, 0, 1, 1, 1, 1]}, '南门西侧': {'A': [1, 1, 1, 1, 1, 1, 1, 1, 1, 1], 'B': [0, 0, 0, 0, 1, 1, 0, 0, 0, 0]}, '南门东侧': {'A': [1, 1, 1, 1, 1, 1, 1, 1, 0, 1], 'B': [0, 0, 1, 1, 1, 1, 1, 1, 1, 1]}, '北门东北侧': {'A': [1, 1, 1, 1, 1, 1, 1, 1, 1, 1], 'B': [0, 1, 1, 1, 1, 1, 0, 1, 1, 0], 'C': [0, 0, 1, 1, 1, 1, 0, 1, 1, 1], 'D': [1, 1, 1, 0, 1, 1, 1, 1, 1, 1]}, '北门东南侧': {'A': [0, 0, 1, 1, 1, 0, 1, 1, 1, 0], 'B': [1, 1, 0, 1, 0, 1, 1, 1, 1, 1], 'C': [1, 0, 0, 1, 1, 1, 0, 1, 1, 1], 'D': [0, 0, 1, 0, 1, 1, 1, 0, 0, 1], 'E': [0, 1, 0, 0, 0, 0, 0, 0, 0, 0], 'F': [1, 1, 1, 1, 1, 1, 1, 1, 1, 1]}, '橘园北侧南': {'A': [0, 0, 0, 0, 0, 1, 1, 0, 0, 1], 'B': [1, 1, 1, 1, 0, 1, 1, 0, 1, 1], 'C': [0, 1, 1, 1, 0, 1, 0, 0, 0, 0], 'D': [1, 0, 0, 1, 1, 1, 1, 0, 1, 1], 'E': [1, 1, 1, 1, 1, 1, 0, 0, 0, 1], 'F': [0, 0, 0, 1, 0, 1, 1, 1, 0, 0], 'G': [0, 0, 1, 1, 1, 1, 0, 0, 1, 0], 'H': [0, 1, 1, 1, 1, 0, 0, 0, 0, 1], 'I': [0, 0, 0, 0, 0, 0, 1, 1, 0, 0], 'J': [0, 0, 1, 0, 0, 1, 0, 0, 0, 0]}, '校医院西': {'A': [0, 1, 0, 1, 1, 0, 1, 1, 1, 1], 'B': [0, 1, 1, 1, 1, 1, 0, 1, 1, 1], 'C': [1, 1, 1, 0, 1, 0, 1, 1, 1, 1], 'D': [1, 1, 1, 0, 1, 1, 1, 1, 1, 1], 'E': [1, 0, 1, 1, 1, 1, 1, 0, 1, 1], 'F': [0, 1, 1, 1, 0, 1, 1, 1, 1, 1], 'G': [0, 0, 1, 0, 0, 1, 1, 1, 0, 0], 'H': [0, 0, 1, 0, 0, 1, 0, 0, 1, 1], 'I': [1, 1, 0, 0, 0, 0, 0, 0, 0, 0]}}
623738	2024-07-13 13:03:22.937000+08:00	2024-07-13 13:03:22.937000+08:00	{'东门北侧': {'A': [1, 1, 1, 1, 1, 1, 1, 0, 1, 1], 'B': [1, 1, 1, 1, 1, 1, 1, 1, 1, 1], 'C': [1, 1, 1, 1, 1, 1, 1, 1, 1, 0], 'D': [1, 1, 1, 1, 1, 0, 1, 1, 1, 1], 'E': [1, 1, 1, 1, 1, 1, 1, 1, 1, 1], 'F': [1, 1, 1, 1, 1, 1, 1, 1, 0, 1], 'G': [1, 1, 1, 1, 1, 1, 1, 1, 0, 1], 'H': [1, 1, 1, 1, 1, 1, 1, 1, 1, 0], 'I': [1, 0, 1, 1, 1, 1, 0, 1, 0, 1], 'J': [1, 1, 0, 0, 0, 1, 1, 1, 1, 1], 'K': [0, 0, 1, 1, 1, 1, 1, 1, 1, 1]}, '东门南侧': {'A': [1, 0, 1, 1, 1, 1, 0, 0, 0, 0], 'B': [0, 0, 0, 0, 0, 0, 0, 0, 0, 0]}, '西门北侧': {'A': [1, 1, 1, 1, 1, 1, 1, 0, 1, 1], 'B': [1, 1, 1, 1, 1, 1, 1, 0, 1, 0], 'C': [1, 1, 1, 1, 1, 1, 1, 1, 1, 0]}, '西门南侧': {'A': [1, 1, 1, 1, 1, 0, 0, 1, 1, 1], 'B': [1, 1, 1, 1, 1, 1, 1, 1, 1, 1], 'C': [1, 1, 1, 1, 0, 0, 1, 1, 1, 1]}, '南门西侧': {'A': [1, 1, 1, 1, 1, 1, 1, 1, 1, 1], 'B': [0, 0, 0, 0, 1, 1, 0, 0, 0, 0]}, '南门东侧': {'A': [1, 1, 1, 1, 1, 1, 1, 1, 0, 1], 'B': [0, 0, 1, 1, 1, 1, 1, 1, 1, 1]}, '北门东北侧': {'A': [1, 1, 1, 1, 1, 1, 1, 1, 1, 1], 'B': [0, 1, 1, 1, 1, 1, 0, 1, 1, 0], 'C': [0, 0, 1, 1, 1, 1, 0, 1, 1, 1], 'D': [1, 1, 1, 0, 1, 1, 1, 1, 1, 1]}, '北门东南侧': {'A': [0, 0, 1, 1, 1, 0, 1, 1, 1, 0], 'B': [1, 1, 0, 1, 0, 1, 1, 1, 1, 1], 'C': [1, 0, 0, 1, 1, 1, 0, 1, 1, 1], 'D': [0, 0, 1, 0, 1, 1, 1, 0, 0, 1], 'E': [0, 1, 0, 0, 0, 0, 0, 0, 0, 0], 'F': [1, 1, 1, 1, 1, 1, 1, 1, 1, 1]}, '橘园北侧南': {'A': [0, 0, 0, 0, 0, 1, 1, 0, 0, 1], 'B': [1, 1, 1, 1, 0, 1, 1, 0, 1, 1], 'C': [0, 1, 1, 1, 0, 1, 0, 0, 0, 0], 'D': [1, 0, 0, 1, 1, 1, 1, 0, 1, 1], 'E': [1, 1, 1, 1, 1, 1, 0, 0, 0, 1], 'F': [0, 0, 0, 1, 0, 1, 1, 1, 0, 0], 'G': [0, 0, 1, 1, 1, 1, 0, 0, 1, 0], 'H': [0, 1, 1, 1, 1, 0, 0, 0, 0, 1], 'I': [0, 0, 0, 0, 0, 0, 1, 1, 0, 0], 'J': [0, 0, 1, 0, 0, 1, 0, 0, 0, 0]}, '校医院西': {'A': [0, 1, 0, 1, 1, 0, 1, 1, 1, 1], 'B': [0, 1, 1, 1, 1, 1, 0, 1, 1, 1], 'C': [1, 1, 1, 0, 1, 0, 1, 1, 1, 1], 'D': [1, 1, 1, 0, 1, 1, 1, 1, 1, 1], 'E': [1, 0, 1, 1, 1, 1, 1, 0, 1, 1], 'F': [0, 1, 1, 1, 0, 1, 1, 1, 1, 1], 'G': [0, 0, 1, 0, 0, 1, 1, 1, 0, 0], 'H': [0, 0, 1, 0, 0, 1, 0, 0, 1, 1], 'I': [1, 1, 0, 0, 0, 0, 0, 0, 0, 0]}}
623739	2024-07-13 13:04:20.914000+08:00	2024-07-13 13:04:20.914000+08:00	{'东门北侧': {'A': [1, 1, 1, 1, 1, 1, 1, 0, 1, 1], 'B': [1, 1, 1, 1, 1, 1, 1, 1, 1, 1], 'C': [1, 1, 1, 1, 1, 1, 1, 1, 1, 0], 'D': [1, 1, 1, 1, 1, 0, 1, 1, 1, 1], 'E': [1, 1, 1, 1, 1, 1, 1, 1, 1, 1], 'F': [1, 1, 1, 1, 1, 1, 1, 1, 0, 1], 'G': [1, 1, 1, 1, 1, 1, 1, 1, 0, 1], 'H': [1, 1, 1, 1, 1, 1, 1, 1, 1, 0], 'I': [1, 0, 1, 1, 1, 1, 0, 1, 0, 1], 'J': [1, 1, 0, 0, 0, 1, 1, 1, 1, 1], 'K': [0, 0, 1, 1, 1, 1, 1, 1, 1, 1]}, '东门南侧': {'A': [1, 0, 1, 1, 1, 1, 0, 0, 0, 0], 'B': [0, 0, 0, 0, 0, 0, 0, 0, 0, 0]}, '西门北侧': {'A': [1, 1, 1, 1, 1, 1, 1, 0, 1, 1], 'B': [1, 1, 1, 1, 1, 1, 1, 0, 1, 0], 'C': [1, 1, 1, 1, 1, 1, 1, 1, 1, 0]}, '西门南侧': {'A': [1, 1, 1, 1, 1, 0, 0, 1, 1, 1], 'B': [1, 1, 1, 1, 1, 1, 1, 1, 1, 1], 'C': [1, 1, 1, 1, 0, 0, 1, 1, 1, 1]}, '南门西侧': {'A': [1, 1, 1, 1, 1, 1, 1, 1, 1, 1], 'B': [0, 0, 0, 0, 1, 1, 0, 0, 0, 0]}, '南门东侧': {'A': [1, 1, 1, 1, 1, 1, 1, 1, 0, 1], 'B': [0, 0, 1, 1, 1, 1, 1, 1, 1, 1]}, '北门东北侧': {'A': [1, 1, 1, 1, 1, 1, 1, 1, 1, 1], 'B': [0, 1, 1, 1, 1, 1, 0, 1, 1, 0], 'C': [0, 0, 1, 1, 1, 1, 0, 1, 1, 1], 'D': [1, 1, 1, 0, 1, 1, 1, 1, 1, 1]}, '北门东南侧': {'A': [0, 0, 1, 1, 1, 0, 1, 1, 1, 0], 'B': [1, 1, 0, 1, 0, 1, 1, 1, 1, 1], 'C': [1, 0, 0, 1, 1, 1, 0, 1, 1, 1], 'D': [0, 0, 1, 0, 1, 1, 1, 0, 0, 1], 'E': [0, 1, 0, 0, 0, 0, 0, 0, 0, 0], 'F': [1, 1, 1, 1, 1, 1, 1, 1, 1, 1]}, '橘园北侧南': {'A': [0, 0, 0, 0, 0, 1, 1, 0, 0, 1], 'B': [1, 1, 1, 1, 0, 1, 1, 0, 1, 1], 'C': [0, 1, 1, 1, 0, 1, 0, 0, 0, 0], 'D': [1, 0, 0, 1, 1, 1, 1, 0, 1, 1], 'E': [1, 1, 1, 1, 1, 1, 0, 0, 0, 1], 'F': [0, 0, 0, 1, 0, 1, 1, 1, 0, 0], 'G': [0, 0, 1, 1, 1, 1, 0, 0, 1, 0], 'H': [0, 1, 1, 1, 1, 0, 0, 0, 0, 1], 'I': [0, 0, 0, 0, 0, 0, 1, 1, 0, 0], 'J': [0, 0, 1, 0, 0, 1, 0, 0, 0, 0]}, '校医院西': {'A': [0, 1, 0, 1, 1, 0, 1, 1, 1, 1], 'B': [0, 1, 1, 1, 1, 1, 0, 1, 1, 1], 'C': [1, 1, 1, 0, 1, 0, 1, 1, 1, 1], 'D': [1, 1, 1, 0, 1, 1, 1, 1, 1, 1], 'E': [1, 0, 1, 1, 1, 1, 1, 0, 1, 1], 'F': [0, 1, 1, 1, 0, 1, 1, 1, 1, 1], 'G': [0, 0, 1, 0, 0, 1, 1, 1, 0, 0], 'H': [0, 0, 1, 0, 0, 1, 0, 0, 1, 1], 'I': [1, 1, 0, 0, 0, 0, 0, 0, 0, 0]}}
623740	2024-07-13 13:05:23.330000+08:00	2024-07-13 13:05:23.330000+08:00	{'东门北侧': {'A': [1, 1, 1, 1, 1, 1, 1, 0, 1, 1], 'B': [1, 1, 1, 1, 1, 1, 1, 1, 1, 1], 'C': [1, 1, 1, 1, 1, 1, 1, 1, 1, 0], 'D': [1, 1, 1, 1, 1, 0, 1, 1, 1, 1], 'E': [1, 1, 1, 1, 1, 1, 1, 1, 1, 1], 'F': [1, 1, 1, 1, 1, 1, 1, 1, 0, 1], 'G': [1, 1, 1, 1, 1, 1, 1, 1, 0, 1], 'H': [1, 1, 1, 1, 1, 1, 1, 1, 1, 0], 'I': [1, 0, 1, 1, 1, 1, 0, 1, 0, 1], 'J': [1, 1, 0, 0, 0, 1, 1, 1, 1, 1], 'K': [0, 0, 1, 1, 1, 1, 1, 1, 1, 1]}, '东门南侧': {'A': [1, 0, 1, 1, 1, 1, 0, 0, 0, 0], 'B': [0, 0, 0, 0, 0, 0, 0, 0, 0, 0]}, '西门北侧': {'A': [1, 1, 1, 1, 1, 1, 1, 0, 1, 1], 'B': [1, 1, 1, 1, 1, 1, 1, 0, 1, 0], 'C': [1, 1, 1, 1, 1, 1, 1, 1, 1, 0]}, '西门南侧': {'A': [1, 1, 1, 1, 1, 0, 0, 1, 1, 1], 'B': [1, 1, 1, 1, 1, 1, 1, 1, 1, 1], 'C': [1, 1, 1, 1, 0, 0, 1, 1, 1, 1]}, '南门西侧': {'A': [1, 1, 1, 1, 1, 1, 1, 1, 1, 1], 'B': [0, 0, 0, 0, 1, 1, 0, 0, 0, 0]}, '南门东侧': {'A': [1, 1, 1, 1, 1, 1, 1, 1, 0, 1], 'B': [0, 0, 1, 1, 1, 1, 1, 1, 1, 1]}, '北门东北侧': {'A': [1, 1, 1, 1, 1, 1, 1, 1, 1, 1], 'B': [0, 1, 1, 1, 1, 1, 0, 1, 1, 0], 'C': [0, 0, 1, 1, 1, 1, 0, 1, 1, 1], 'D': [1, 1, 1, 0, 1, 1, 1, 1, 1, 1]}, '北门东南侧': {'A': [0, 0, 1, 1, 1, 0, 1, 1, 1, 0], 'B': [1, 1, 0, 1, 0, 1, 1, 1, 1, 1], 'C': [1, 0, 0, 1, 1, 1, 0, 1, 1, 1], 'D': [0, 0, 1, 0, 1, 1, 1, 0, 0, 1], 'E': [0, 1, 0, 0, 0, 0, 0, 0, 0, 0], 'F': [1, 1, 1, 1, 1, 1, 1, 1, 1, 1]}, '橘园北侧南': {'A': [0, 0, 0, 0, 0, 1, 1, 0, 0, 1], 'B': [1, 1, 1, 1, 0, 1, 1, 0, 1, 1], 'C': [0, 1, 1, 1, 0, 1, 0, 0, 0, 0], 'D': [1, 0, 0, 1, 1, 1, 1, 0, 1, 1], 'E': [1, 1, 1, 1, 1, 1, 0, 0, 0, 1], 'F': [0, 0, 0, 1, 0, 1, 1, 1, 0, 0], 'G': [0, 0, 1, 1, 1, 1, 0, 0, 1, 0], 'H': [0, 1, 1, 1, 1, 0, 0, 0, 0, 1], 'I': [0, 0, 0, 0, 0, 0, 1, 1, 0, 0], 'J': [0, 0, 1, 0, 0, 1, 0, 0, 0, 0]}, '校医院西': {'A': [0, 1, 0, 1, 1, 0, 1, 1, 1, 1], 'B': [0, 1, 1, 1, 1, 1, 0, 1, 1, 1], 'C': [1, 1, 1, 0, 1, 0, 1, 1, 1, 1], 'D': [1, 1, 1, 0, 1, 1, 1, 1, 1, 1], 'E': [1, 0, 1, 1, 1, 1, 1, 0, 1, 1], 'F': [0, 1, 1, 1, 0, 1, 1, 1, 1, 1], 'G': [0, 0, 1, 0, 0, 1, 1, 1, 0, 0], 'H': [0, 0, 1, 0, 0, 1, 0, 0, 1, 1], 'I': [1, 1, 0, 0, 0, 0, 0, 0, 0, 0]}}
623741	2024-07-13 13:06:21.883000+08:00	2024-07-13 13:06:21.883000+08:00	{'东门北侧': {'A': [1, 1, 1, 1, 1, 1, 1, 0, 1, 1], 'B': [1, 1, 1, 1, 1, 1, 1, 1, 1, 1], 'C': [1, 1, 1, 1, 1, 1, 1, 1, 1, 0], 'D': [1, 1, 1, 1, 1, 0, 1, 1, 1, 1], 'E': [1, 1, 1, 1, 1, 1, 1, 1, 1, 1], 'F': [1, 1, 1, 1, 1, 1, 1, 1, 0, 1], 'G': [1, 1, 1, 1, 1, 1, 1, 1, 0, 1], 'H': [1, 1, 1, 1, 1, 1, 1, 1, 1, 0], 'I': [1, 0, 1, 1, 1, 1, 0, 1, 0, 1], 'J': [1, 1, 0, 0, 0, 1, 1, 1, 1, 1], 'K': [0, 0, 1, 1, 1, 1, 1, 1, 1, 1]}, '东门南侧': {'A': [0, 0, 1, 1, 1, 1, 0, 0, 0, 0], 'B': [0, 0, 0, 0, 0, 0, 0, 0, 0, 0]}, '西门北侧': {'A': [1, 1, 1, 1, 1, 1, 1, 0, 1, 1], 'B': [1, 1, 1, 1, 1, 1, 1, 0, 1, 0], 'C': [1, 1, 1, 1, 1, 1, 1, 1, 1, 0]}, '西门南侧': {'A': [1, 1, 1, 1, 1, 0, 0, 1, 1, 1], 'B': [1, 1, 1, 1, 1, 1, 1, 1, 1, 1], 'C': [1, 1, 1, 1, 0, 0, 1, 1, 1, 1]}, '南门西侧': {'A': [1, 1, 1, 1, 1, 1, 1, 1, 1, 1], 'B': [0, 0, 0, 0, 1, 1, 0, 0, 0, 0]}, '南门东侧': {'A': [1, 1, 1, 1, 1, 1, 1, 1, 0, 1], 'B': [0, 0, 1, 1, 1, 1, 1, 1, 1, 1]}, '北门东北侧': {'A': [1, 1, 1, 1, 1, 1, 1, 1, 1, 1], 'B': [0, 1, 1, 1, 1, 1, 0, 1, 1, 0], 'C': [0, 0, 1, 1, 1, 1, 0, 1, 1, 1], 'D': [1, 1, 1, 0, 1, 1, 1, 1, 1, 1]}, '北门东南侧': {'A': [0, 0, 1, 1, 1, 0, 1, 1, 1, 0], 'B': [1, 1, 0, 1, 0, 1, 1, 1, 1, 1], 'C': [1, 0, 0, 1, 1, 1, 0, 1, 1, 1], 'D': [0, 0, 1, 0, 1, 1, 1, 0, 0, 1], 'E': [0, 1, 0, 0, 0, 0, 0, 0, 0, 0], 'F': [1, 1, 1, 1, 1, 1, 1, 1, 1, 1]}, '橘园北侧南': {'A': [0, 0, 0, 0, 0, 1, 1, 0, 0, 1], 'B': [1, 1, 1, 1, 0, 1, 1, 0, 1, 1], 'C': [0, 1, 1, 1, 0, 1, 0, 0, 0, 0], 'D': [1, 0, 0, 1, 1, 1, 1, 0, 1, 1], 'E': [1, 1, 1, 1, 1, 1, 0, 0, 0, 1], 'F': [0, 0, 0, 1, 0, 1, 1, 1, 0, 0], 'G': [0, 0, 1, 1, 1, 1, 0, 0, 1, 0], 'H': [0, 1, 1, 1, 1, 0, 0, 0, 0, 1], 'I': [0, 0, 0, 0, 0, 0, 1, 1, 0, 0], 'J': [0, 0, 1, 0, 0, 1, 0, 0, 0, 0]}, '校医院西': {'A': [0, 1, 0, 1, 1, 0, 1, 1, 1, 1], 'B': [0, 1, 1, 1, 1, 1, 0, 1, 1, 1], 'C': [1, 1, 1, 0, 1, 0, 1, 1, 1, 1], 'D': [1, 1, 1, 0, 1, 1, 1, 1, 1, 1], 'E': [1, 0, 1, 1, 1, 1, 1, 0, 1, 1], 'F': [0, 0, 1, 1, 0, 1, 1, 1, 1, 1], 'G': [0, 0, 1, 0, 0, 1, 1, 1, 0, 0], 'H': [0, 0, 1, 0, 0, 1, 0, 0, 1, 1], 'I': [1, 1, 0, 0, 0, 0, 0, 0, 0, 0]}}
623742	2024-07-13 13:07:23.864000+08:00	2024-07-13 13:07:23.864000+08:00	{'东门北侧': {'A': [1, 1, 1, 1, 1, 1, 1, 0, 1, 1], 'B': [1, 1, 1, 1, 1, 1, 1, 1, 1, 1], 'C': [1, 1, 1, 1, 1, 1, 1, 1, 1, 0], 'D': [1, 1, 1, 1, 1, 0, 1, 1, 1, 1], 'E': [1, 1, 1, 1, 1, 1, 1, 1, 1, 1], 'F': [1, 1, 1, 1, 1, 1, 1, 1, 0, 1], 'G': [1, 1, 1, 1, 1, 1, 1, 1, 0, 1], 'H': [1, 1, 1, 1, 1, 1, 1, 1, 1, 0], 'I': [1, 0, 1, 1, 1, 1, 0, 1, 0, 1], 'J': [1, 1, 0, 0, 0, 1, 1, 1, 1, 1], 'K': [0, 0, 1, 1, 1, 1, 1, 1, 1, 1]}, '东门南侧': {'A': [0, 0, 1, 1, 1, 1, 0, 0, 0, 0], 'B': [0, 0, 0, 0, 0, 0, 0, 0, 0, 0]}, '西门北侧': {'A': [1, 1, 1, 1, 1, 1, 1, 0, 1, 1], 'B': [1, 1, 1, 1, 1, 1, 1, 0, 1, 0], 'C': [1, 1, 1, 1, 1, 1, 1, 1, 1, 0]}, '西门南侧': {'A': [1, 1, 1, 1, 1, 0, 0, 1, 1, 1], 'B': [1, 1, 1, 1, 1, 1, 1, 1, 1, 1], 'C': [1, 1, 1, 1, 0, 0, 1, 1, 1, 1]}, '南门西侧': {'A': [1, 1, 1, 1, 1, 1, 1, 1, 1, 1], 'B': [0, 0, 0, 0, 1, 1, 0, 0, 0, 0]}, '南门东侧': {'A': [1, 1, 1, 1, 1, 1, 1, 1, 0, 1], 'B': [0, 0, 1, 1, 1, 1, 1, 1, 1, 1]}, '北门东北侧': {'A': [1, 1, 1, 1, 1, 1, 1, 1, 1, 1], 'B': [0, 1, 1, 1, 1, 1, 0, 1, 1, 0], 'C': [0, 0, 1, 1, 1, 1, 0, 1, 1, 1], 'D': [1, 1, 1, 0, 1, 1, 1, 1, 1, 1]}, '北门东南侧': {'A': [0, 0, 1, 1, 1, 0, 1, 1, 1, 0], 'B': [1, 1, 0, 1, 0, 1, 1, 1, 1, 1], 'C': [1, 0, 0, 1, 1, 1, 0, 1, 1, 1], 'D': [0, 0, 1, 0, 1, 1, 1, 0, 0, 1], 'E': [0, 1, 0, 0, 0, 0, 0, 0, 0, 0], 'F': [1, 1, 1, 1, 1, 1, 1, 1, 1, 1]}, '橘园北侧南': {'A': [0, 0, 0, 0, 0, 1, 1, 0, 0, 1], 'B': [1, 1, 1, 1, 0, 1, 1, 0, 1, 1], 'C': [0, 1, 1, 1, 0, 1, 0, 0, 0, 0], 'D': [1, 0, 0, 1, 1, 1, 1, 0, 1, 1], 'E': [1, 1, 1, 1, 1, 1, 0, 0, 0, 1], 'F': [0, 0, 0, 1, 0, 1, 1, 1, 0, 0], 'G': [0, 0, 1, 1, 1, 1, 0, 0, 1, 0], 'H': [0, 1, 1, 1, 1, 0, 0, 0, 0, 1], 'I': [0, 0, 0, 0, 0, 0, 1, 1, 0, 0], 'J': [0, 0, 1, 0, 0, 1, 0, 0, 0, 0]}, '校医院西': {'A': [0, 1, 0, 1, 1, 0, 1, 1, 1, 1], 'B': [0, 1, 1, 1, 1, 0, 0, 1, 1, 1], 'C': [1, 1, 1, 0, 1, 0, 1, 1, 1, 1], 'D': [1, 1, 1, 0, 1, 1, 1, 1, 1, 1], 'E': [1, 0, 1, 1, 1, 1, 1, 0, 1, 1], 'F': [0, 0, 1, 1, 0, 1, 1, 1, 1, 1], 'G': [0, 0, 1, 0, 0, 1, 1, 1, 0, 0], 'H': [0, 0, 1, 0, 0, 1, 0, 0, 1, 1], 'I': [1, 0, 0, 0, 0, 0, 0, 0, 0, 0]}}
623743	2024-07-13 13:08:23.920000+08:00	2024-07-13 13:08:23.920000+08:00	{'东门北侧': {'A': [1, 1, 1, 1, 1, 1, 1, 0, 1, 1], 'B': [1, 1, 1, 1, 1, 1, 1, 1, 1, 1], 'C': [1, 1, 1, 1, 1, 1, 1, 1, 1, 0], 'D': [1, 1, 1, 1, 1, 0, 1, 1, 1, 1], 'E': [1, 1, 1, 1, 1, 1, 1, 1, 1, 1], 'F': [1, 1, 1, 1, 1, 1, 1, 1, 0, 1], 'G': [1, 1, 1, 1, 1, 1, 1, 1, 0, 1], 'H': [1, 1, 1, 1, 1, 1, 1, 1, 1, 0], 'I': [1, 0, 1, 1, 1, 1, 0, 1, 0, 1], 'J': [1, 1, 0, 0, 0, 1, 1, 1, 1, 1], 'K': [0, 0, 1, 1, 1, 1, 1, 1, 1, 1]}, '东门南侧': {'A': [0, 0, 1, 1, 1, 1, 0, 0, 0, 0], 'B': [0, 0, 0, 0, 0, 0, 0, 0, 0, 0]}, '西门北侧': {'A': [1, 1, 1, 1, 1, 1, 1, 0, 1, 1], 'B': [1, 1, 1, 1, 1, 1, 1, 0, 1, 0], 'C': [1, 1, 1, 1, 1, 1, 1, 1, 1, 0]}, '西门南侧': {'A': [1, 1, 1, 1, 1, 0, 0, 1, 1, 1], 'B': [1, 1, 1, 1, 1, 1, 1, 1, 1, 1], 'C': [1, 1, 1, 1, 0, 0, 1, 1, 1, 1]}, '南门西侧': {'A': [1, 1, 1, 1, 1, 1, 1, 1, 1, 1], 'B': [0, 0, 0, 0, 1, 1, 0, 0, 0, 0]}, '南门东侧': {'A': [1, 1, 1, 1, 1, 1, 1, 1, 0, 1], 'B': [0, 0, 1, 1, 1, 1, 1, 1, 1, 1]}, '北门东北侧': {'A': [1, 1, 1, 1, 1, 1, 1, 1, 1, 1], 'B': [0, 1, 1, 1, 1, 1, 0, 1, 1, 0], 'C': [0, 0, 1, 1, 1, 1, 0, 1, 1, 1], 'D': [1, 1, 1, 0, 1, 1, 1, 1, 1, 1]}, '北门东南侧': {'A': [0, 0, 1, 1, 1, 0, 1, 1, 1, 0], 'B': [1, 1, 0, 1, 0, 1, 1, 1, 1, 1], 'C': [1, 0, 0, 1, 1, 1, 0, 1, 1, 1], 'D': [0, 0, 1, 0, 1, 1, 1, 0, 0, 1], 'E': [0, 1, 0, 0, 0, 0, 0, 0, 0, 0], 'F': [1, 1, 1, 1, 1, 1, 1, 1, 1, 1]}, '橘园北侧南': {'A': [0, 0, 0, 0, 0, 1, 1, 0, 0, 1], 'B': [1, 1, 1, 1, 0, 1, 1, 0, 1, 1], 'C': [0, 1, 1, 1, 0, 1, 0, 0, 0, 0], 'D': [1, 0, 0, 1, 1, 1, 1, 0, 1, 1], 'E': [1, 1, 1, 1, 1, 1, 1, 0, 0, 1], 'F': [0, 0, 0, 1, 0, 1, 1, 1, 0, 0], 'G': [0, 0, 1, 1, 1, 1, 0, 0, 1, 0], 'H': [0, 1, 1, 1, 1, 0, 0, 0, 0, 1], 'I': [0, 0, 0, 0, 0, 0, 1, 1, 0, 0], 'J': [0, 0, 1, 0, 0, 1, 0, 0, 0, 0]}, '校医院西': {'A': [0, 1, 0, 1, 1, 0, 1, 1, 1, 1], 'B': [0, 1, 1, 1, 1, 0, 0, 1, 1, 1], 'C': [1, 1, 1, 0, 1, 0, 1, 1, 1, 1], 'D': [1, 1, 1, 0, 1, 1, 1, 1, 1, 1], 'E': [1, 0, 1, 1, 1, 1, 1, 0, 1, 1], 'F': [0, 0, 1, 1, 0, 1, 1, 1, 1, 1], 'G': [0, 0, 1, 0, 0, 1, 1, 1, 0, 0], 'H': [0, 0, 1, 0, 0, 0, 0, 0, 1, 1], 'I': [1, 0, 0, 0, 0, 0, 0, 0, 0, 0]}}
623744	2024-07-13 13:09:23.856000+08:00	2024-07-13 13:09:23.856000+08:00	{'东门北侧': {'A': [1, 1, 1, 1, 1, 1, 1, 0, 1, 1], 'B': [1, 1, 1, 1, 1, 1, 1, 1, 1, 1], 'C': [1, 1, 1, 1, 1, 1, 1, 1, 1, 0], 'D': [1, 1, 1, 1, 1, 0, 1, 1, 1, 0], 'E': [1, 1, 1, 1, 1, 1, 1, 1, 1, 1], 'F': [1, 1, 1, 1, 1, 1, 1, 1, 0, 1], 'G': [1, 1, 1, 1, 1, 1, 1, 1, 0, 1], 'H': [1, 1, 1, 1, 1, 1, 1, 1, 1, 0], 'I': [1, 0, 1, 1, 1, 1, 0, 1, 0, 1], 'J': [1, 1, 0, 0, 0, 1, 1, 1, 1, 1], 'K': [0, 0, 1, 1, 1, 1, 1, 1, 1, 1]}, '东门南侧': {'A': [0, 0, 1, 0, 1, 1, 0, 0, 0, 0], 'B': [0, 0, 0, 0, 0, 0, 0, 0, 0, 0]}, '西门北侧': {'A': [1, 1, 1, 1, 1, 1, 1, 0, 1, 1], 'B': [1, 1, 1, 1, 1, 1, 1, 0, 1, 0], 'C': [1, 1, 1, 1, 1, 1, 1, 1, 1, 0]}, '西门南侧': {'A': [1, 1, 1, 1, 1, 0, 0, 1, 1, 1], 'B': [1, 1, 1, 1, 1, 1, 1, 1, 1, 1], 'C': [1, 1, 1, 1, 0, 0, 1, 1, 1, 1]}, '南门西侧': {'A': [1, 1, 1, 1, 1, 1, 1, 1, 1, 1], 'B': [0, 0, 0, 0, 1, 1, 0, 0, 0, 0]}, '南门东侧': {'A': [1, 1, 1, 1, 1, 1, 1, 1, 0, 1], 'B': [0, 0, 1, 1, 1, 1, 1, 1, 1, 1]}, '北门东北侧': {'A': [1, 1, 1, 1, 1, 1, 1, 1, 1, 1], 'B': [0, 1, 1, 1, 1, 1, 0, 1, 1, 0], 'C': [0, 0, 1, 1, 1, 1, 0, 1, 1, 1], 'D': [1, 1, 1, 0, 1, 1, 1, 1, 1, 1]}, '北门东南侧': {'A': [0, 0, 1, 1, 1, 0, 1, 1, 1, 0], 'B': [1, 1, 0, 1, 0, 1, 1, 1, 1, 1], 'C': [1, 0, 0, 1, 1, 1, 0, 1, 1, 1], 'D': [0, 0, 1, 0, 1, 1, 1, 0, 0, 1], 'E': [0, 1, 0, 0, 0, 0, 0, 0, 0, 0], 'F': [1, 1, 1, 1, 1, 1, 1, 1, 1, 1]}, '橘园北侧南': {'A': [0, 0, 0, 0, 0, 1, 1, 0, 0, 1], 'B': [1, 1, 1, 1, 0, 1, 1, 0, 1, 1], 'C': [0, 1, 1, 1, 0, 1, 0, 0, 0, 0], 'D': [1, 0, 0, 1, 1, 1, 1, 0, 1, 1], 'E': [1, 1, 1, 1, 1, 1, 1, 0, 0, 1], 'F': [0, 0, 0, 1, 0, 1, 1, 1, 0, 0], 'G': [0, 0, 1, 1, 1, 1, 0, 0, 1, 0], 'H': [0, 1, 1, 1, 1, 0, 0, 0, 0, 1], 'I': [0, 0, 0, 0, 0, 0, 1, 1, 0, 0], 'J': [0, 0, 1, 0, 0, 1, 0, 0, 0, 0]}, '校医院西': {'A': [0, 1, 0, 1, 1, 0, 1, 1, 1, 1], 'B': [0, 1, 1, 1, 1, 0, 0, 1, 1, 1], 'C': [1, 1, 1, 0, 1, 0, 1, 1, 1, 1], 'D': [1, 1, 1, 0, 1, 1, 1, 1, 1, 1], 'E': [1, 0, 1, 1, 1, 1, 1, 0, 1, 1], 'F': [0, 0, 1, 1, 0, 1, 1, 1, 1, 1], 'G': [0, 0, 1, 0, 0, 1, 1, 1, 0, 0], 'H': [0, 0, 1, 0, 0, 0, 0, 0, 1, 1], 'I': [1, 0, 0, 0, 0, 0, 0, 0, 0, 0]}}
623745	2024-07-13 13:10:20.876000+08:00	2024-07-13 13:10:20.876000+08:00	{'东门北侧': {'A': [1, 1, 1, 1, 1, 1, 1, 0, 1, 1], 'B': [1, 1, 1, 1, 1, 1, 1, 1, 1, 1], 'C': [1, 1, 1, 1, 1, 1, 1, 1, 1, 0], 'D': [1, 1, 1, 1, 1, 0, 1, 1, 1, 0], 'E': [1, 1, 1, 1, 1, 1, 1, 1, 1, 1], 'F': [1, 1, 1, 1, 1, 1, 1, 1, 0, 1], 'G': [1, 1, 1, 1, 1, 1, 1, 1, 0, 1], 'H': [1, 1, 1, 1, 1, 1, 1, 1, 1, 0], 'I': [1, 0, 1, 1, 1, 1, 0, 1, 0, 1], 'J': [1, 1, 0, 0, 0, 1, 1, 1, 1, 1], 'K': [0, 0, 1, 1, 1, 1, 1, 1, 1, 1]}, '东门南侧': {'A': [0, 0, 1, 0, 1, 1, 0, 0, 0, 0], 'B': [0, 0, 0, 0, 0, 0, 0, 0, 0, 0]}, '西门北侧': {'A': [1, 1, 1, 1, 1, 1, 1, 0, 1, 1], 'B': [1, 1, 1, 1, 1, 1, 1, 0, 1, 0], 'C': [1, 1, 1, 1, 1, 1, 1, 1, 1, 0]}, '西门南侧': {'A': [1, 1, 1, 1, 1, 0, 0, 1, 1, 1], 'B': [1, 1, 1, 1, 1, 1, 1, 1, 1, 1], 'C': [1, 1, 1, 1, 0, 0, 1, 1, 1, 1]}, '南门西侧': {'A': [1, 1, 1, 1, 1, 1, 1, 1, 1, 1], 'B': [0, 0, 0, 0, 1, 1, 0, 0, 0, 0]}, '南门东侧': {'A': [1, 1, 1, 1, 1, 1, 1, 1, 0, 1], 'B': [0, 0, 1, 1, 1, 1, 1, 1, 1, 1]}, '北门东北侧': {'A': [1, 1, 1, 1, 1, 1, 1, 1, 1, 1], 'B': [0, 1, 1, 1, 1, 1, 0, 1, 1, 0], 'C': [0, 0, 1, 1, 1, 1, 0, 1, 1, 1], 'D': [1, 1, 1, 0, 1, 1, 1, 1, 1, 1]}, '北门东南侧': {'A': [0, 0, 1, 1, 1, 0, 1, 1, 1, 0], 'B': [1, 1, 0, 0, 0, 1, 1, 1, 1, 1], 'C': [1, 0, 0, 1, 1, 1, 0, 1, 1, 1], 'D': [0, 0, 1, 0, 1, 1, 1, 0, 0, 1], 'E': [0, 1, 0, 0, 0, 0, 0, 0, 0, 0], 'F': [1, 1, 1, 1, 1, 1, 1, 1, 1, 1]}, '橘园北侧南': {'A': [0, 0, 0, 0, 0, 1, 1, 0, 0, 1], 'B': [1, 1, 1, 1, 0, 1, 1, 0, 1, 1], 'C': [0, 1, 1, 1, 0, 1, 0, 0, 0, 0], 'D': [1, 0, 0, 1, 1, 1, 1, 0, 1, 1], 'E': [1, 1, 1, 1, 1, 1, 1, 0, 0, 1], 'F': [0, 0, 0, 1, 0, 1, 1, 1, 0, 0], 'G': [0, 0, 1, 1, 1, 1, 0, 0, 1, 0], 'H': [0, 1, 1, 1, 1, 0, 0, 0, 0, 1], 'I': [0, 0, 0, 0, 0, 0, 1, 1, 0, 0], 'J': [0, 0, 1, 0, 0, 1, 0, 0, 0, 0]}, '校医院西': {'A': [0, 1, 0, 1, 1, 0, 1, 1, 1, 1], 'B': [0, 1, 1, 1, 1, 0, 0, 1, 1, 1], 'C': [1, 1, 1, 0, 1, 0, 1, 1, 1, 1], 'D': [1, 1, 1, 0, 1, 1, 1, 1, 1, 1], 'E': [1, 0, 1, 1, 1, 1, 1, 0, 1, 1], 'F': [0, 0, 1, 1, 0, 1, 1, 1, 1, 1], 'G': [0, 0, 1, 0, 0, 1, 1, 1, 0, 0], 'H': [0, 0, 1, 0, 0, 0, 0, 0, 1, 1], 'I': [1, 0, 0, 0, 0, 0, 0, 0, 0, 0]}}
623746	2024-07-13 13:11:24.328000+08:00	2024-07-13 13:11:24.328000+08:00	{'东门北侧': {'A': [1, 1, 1, 1, 1, 1, 1, 0, 1, 1], 'B': [1, 1, 1, 1, 1, 1, 1, 1, 1, 1], 'C': [1, 1, 1, 1, 1, 1, 1, 1, 1, 0], 'D': [1, 1, 1, 1, 1, 0, 1, 1, 1, 0], 'E': [1, 1, 1, 1, 1, 1, 1, 1, 1, 1], 'F': [1, 1, 1, 1, 1, 1, 1, 1, 0, 1], 'G': [1, 1, 1, 1, 1, 1, 1, 1, 0, 1], 'H': [1, 1, 1, 1, 1, 1, 1, 1, 1, 0], 'I': [1, 0, 1, 1, 1, 1, 0, 1, 0, 1], 'J': [1, 1, 0, 0, 0, 1, 1, 1, 1, 1], 'K': [0, 0, 1, 1, 1, 1, 1, 1, 1, 1]}, '东门南侧': {'A': [0, 0, 1, 0, 1, 1, 0, 0, 0, 0], 'B': [0, 0, 0, 0, 0, 0, 0, 0, 0, 0]}, '西门北侧': {'A': [1, 1, 1, 1, 1, 1, 1, 0, 1, 1], 'B': [1, 1, 1, 1, 1, 1, 1, 0, 1, 0], 'C': [1, 1, 1, 1, 1, 1, 1, 1, 1, 0]}, '西门南侧': {'A': [1, 1, 1, 1, 1, 0, 0, 1, 1, 1], 'B': [1, 1, 1, 1, 1, 1, 1, 1, 1, 1], 'C': [1, 1, 1, 1, 0, 0, 1, 1, 1, 1]}, '南门西侧': {'A': [1, 1, 1, 1, 1, 1, 1, 1, 1, 1], 'B': [0, 0, 0, 0, 1, 1, 0, 0, 0, 0]}, '南门东侧': {'A': [1, 1, 1, 1, 1, 1, 1, 1, 0, 1], 'B': [0, 0, 1, 1, 1, 1, 1, 1, 1, 1]}, '北门东北侧': {'A': [1, 1, 1, 1, 1, 1, 1, 1, 1, 1], 'B': [0, 1, 1, 1, 1, 1, 0, 1, 1, 0], 'C': [0, 0, 1, 1, 1, 1, 0, 1, 1, 1], 'D': [1, 1, 1, 0, 1, 1, 1, 1, 1, 1]}, '北门东南侧': {'A': [0, 0, 1, 1, 1, 0, 1, 1, 1, 0], 'B': [1, 1, 0, 0, 0, 1, 1, 1, 1, 1], 'C': [1, 0, 0, 1, 1, 1, 0, 1, 1, 1], 'D': [0, 0, 1, 0, 1, 1, 1, 0, 0, 1], 'E': [0, 1, 0, 0, 0, 0, 0, 0, 0, 0], 'F': [1, 1, 1, 1, 1, 1, 1, 1, 1, 1]}, '橘园北侧南': {'A': [0, 0, 0, 0, 0, 1, 1, 0, 0, 1], 'B': [1, 1, 1, 1, 0, 1, 1, 0, 1, 1], 'C': [0, 1, 1, 1, 0, 1, 0, 0, 0, 0], 'D': [1, 0, 0, 1, 1, 1, 1, 0, 1, 1], 'E': [1, 1, 1, 1, 1, 1, 1, 0, 0, 1], 'F': [0, 0, 0, 1, 0, 1, 1, 1, 0, 0], 'G': [0, 0, 1, 1, 1, 1, 0, 0, 1, 0], 'H': [0, 1, 1, 1, 1, 0, 0, 0, 0, 1], 'I': [0, 0, 0, 0, 0, 0, 1, 1, 0, 0], 'J': [0, 0, 1, 0, 0, 1, 0, 0, 0, 0]}, '校医院西': {'A': [0, 1, 0, 1, 1, 0, 1, 1, 1, 1], 'B': [0, 1, 1, 1, 1, 0, 0, 1, 1, 1], 'C': [1, 1, 1, 0, 1, 0, 1, 1, 1, 1], 'D': [1, 1, 1, 0, 1, 1, 0, 1, 1, 1], 'E': [1, 0, 1, 1, 1, 1, 1, 0, 1, 1], 'F': [0, 0, 1, 1, 0, 1, 1, 1, 1, 1], 'G': [0, 0, 1, 0, 0, 1, 1, 1, 0, 0], 'H': [0, 0, 0, 0, 0, 0, 0, 0, 1, 1], 'I': [1, 0, 0, 0, 0, 0, 0, 0, 0, 0]}}
623747	2024-07-13 13:12:22.942000+08:00	2024-07-13 13:12:22.942000+08:00	{'东门北侧': {'A': [1, 1, 1, 1, 1, 1, 1, 0, 1, 1], 'B': [1, 1, 1, 1, 1, 1, 1, 1, 1, 1], 'C': [1, 1, 1, 1, 1, 1, 1, 1, 1, 0], 'D': [1, 1, 1, 1, 1, 0, 1, 1, 1, 0], 'E': [1, 1, 1, 1, 1, 1, 1, 1, 1, 1], 'F': [1, 1, 1, 1, 1, 1, 1, 1, 0, 1], 'G': [1, 1, 1, 1, 1, 1, 1, 1, 0, 1], 'H': [1, 1, 1, 1, 1, 1, 1, 1, 1, 0], 'I': [1, 0, 1, 1, 1, 1, 0, 1, 0, 1], 'J': [1, 1, 0, 0, 0, 1, 1, 1, 1, 1], 'K': [0, 0, 1, 1, 1, 1, 1, 1, 1, 1]}, '东门南侧': {'A': [0, 0, 1, 0, 1, 1, 0, 0, 0, 0], 'B': [0, 0, 0, 0, 0, 0, 0, 0, 0, 0]}, '西门北侧': {'A': [1, 1, 1, 1, 1, 1, 1, 0, 1, 1], 'B': [1, 1, 1, 1, 1, 1, 1, 0, 1, 0], 'C': [1, 1, 1, 1, 1, 1, 1, 1, 1, 0]}, '西门南侧': {'A': [1, 1, 1, 1, 1, 0, 0, 1, 1, 1], 'B': [1, 1, 1, 1, 1, 1, 1, 1, 1, 1], 'C': [1, 1, 1, 1, 0, 0, 1, 1, 1, 1]}, '南门西侧': {'A': [1, 1, 1, 1, 1, 1, 1, 1, 1, 1], 'B': [0, 0, 0, 0, 1, 1, 0, 0, 0, 0]}, '南门东侧': {'A': [1, 1, 1, 1, 1, 1, 1, 1, 0, 1], 'B': [0, 0, 1, 1, 1, 1, 1, 1, 1, 1]}, '北门东北侧': {'A': [1, 1, 1, 1, 1, 1, 1, 1, 1, 1], 'B': [0, 1, 1, 1, 1, 1, 0, 1, 1, 0], 'C': [0, 0, 1, 1, 1, 1, 0, 1, 1, 1], 'D': [1, 1, 1, 0, 1, 1, 1, 1, 1, 1]}, '北门东南侧': {'A': [0, 0, 1, 1, 1, 0, 1, 1, 1, 0], 'B': [1, 1, 0, 0, 0, 1, 1, 1, 1, 1], 'C': [1, 0, 0, 1, 1, 1, 0, 1, 1, 1], 'D': [0, 0, 1, 0, 1, 1, 1, 0, 0, 1], 'E': [0, 1, 0, 0, 0, 0, 0, 0, 0, 0], 'F': [1, 1, 1, 1, 1, 1, 1, 1, 1, 1]}, '橘园北侧南': {'A': [0, 0, 0, 0, 0, 1, 1, 0, 0, 1], 'B': [1, 1, 1, 1, 0, 1, 1, 0, 1, 1], 'C': [0, 1, 1, 1, 0, 1, 0, 0, 0, 0], 'D': [1, 0, 0, 1, 1, 1, 1, 0, 1, 1], 'E': [1, 1, 1, 1, 1, 1, 1, 0, 0, 1], 'F': [0, 0, 0, 1, 0, 1, 1, 1, 0, 0], 'G': [0, 0, 1, 1, 1, 1, 0, 0, 1, 0], 'H': [0, 1, 1, 1, 1, 0, 0, 0, 0, 1], 'I': [0, 0, 0, 0, 0, 0, 1, 1, 0, 0], 'J': [0, 0, 1, 0, 0, 1, 0, 0, 0, 0]}, '校医院西': {'A': [0, 1, 0, 1, 1, 0, 1, 1, 1, 1], 'B': [0, 1, 1, 1, 1, 0, 0, 1, 1, 1], 'C': [1, 1, 1, 0, 1, 0, 1, 1, 1, 1], 'D': [1, 1, 1, 0, 1, 1, 0, 1, 1, 1], 'E': [1, 0, 1, 1, 1, 1, 1, 0, 1, 1], 'F': [0, 0, 1, 1, 0, 1, 1, 1, 1, 1], 'G': [0, 0, 1, 0, 0, 1, 1, 1, 0, 0], 'H': [0, 0, 0, 0, 0, 0, 0, 0, 1, 1], 'I': [1, 0, 0, 0, 0, 0, 0, 0, 0, 0]}}
623748	2024-07-13 13:13:21.888000+08:00	2024-07-13 13:13:21.888000+08:00	{'东门北侧': {'A': [1, 1, 1, 1, 1, 1, 1, 0, 1, 1], 'B': [1, 1, 1, 1, 1, 1, 1, 1, 1, 1], 'C': [1, 1, 1, 1, 1, 1, 1, 1, 1, 0], 'D': [1, 1, 1, 1, 1, 0, 1, 1, 1, 0], 'E': [1, 1, 1, 1, 1, 1, 1, 1, 1, 1], 'F': [1, 1, 1, 1, 1, 1, 1, 1, 0, 1], 'G': [1, 1, 1, 1, 1, 1, 1, 1, 0, 1], 'H': [1, 1, 1, 1, 1, 1, 1, 1, 1, 0], 'I': [1, 0, 1, 1, 1, 1, 0, 1, 0, 1], 'J': [1, 1, 0, 0, 0, 1, 1, 1, 1, 1], 'K': [0, 0, 1, 1, 1, 1, 1, 1, 1, 1]}, '东门南侧': {'A': [0, 0, 1, 0, 1, 1, 0, 0, 0, 0], 'B': [0, 0, 0, 0, 0, 0, 0, 0, 0, 0]}, '西门北侧': {'A': [1, 1, 1, 1, 1, 1, 1, 0, 1, 1], 'B': [1, 1, 1, 1, 1, 1, 1, 0, 1, 0], 'C': [1, 1, 1, 1, 1, 1, 1, 1, 1, 0]}, '西门南侧': {'A': [1, 1, 1, 1, 1, 0, 0, 1, 1, 1], 'B': [1, 1, 1, 1, 1, 1, 1, 1, 1, 1], 'C': [1, 1, 1, 1, 0, 0, 1, 1, 1, 1]}, '南门西侧': {'A': [1, 1, 1, 1, 1, 1, 1, 1, 1, 1], 'B': [0, 0, 0, 0, 1, 1, 0, 0, 0, 0]}, '南门东侧': {'A': [1, 1, 1, 1, 1, 1, 1, 1, 0, 1], 'B': [0, 0, 1, 1, 1, 1, 1, 1, 1, 1]}, '北门东北侧': {'A': [1, 1, 1, 1, 1, 1, 1, 1, 1, 1], 'B': [0, 1, 1, 1, 1, 1, 0, 1, 1, 0], 'C': [0, 0, 1, 1, 1, 1, 0, 1, 1, 1], 'D': [1, 1, 1, 0, 1, 1, 1, 1, 1, 1]}, '北门东南侧': {'A': [0, 0, 1, 1, 1, 0, 1, 1, 1, 0], 'B': [1, 1, 0, 0, 0, 1, 1, 1, 1, 1], 'C': [1, 0, 0, 1, 1, 1, 0, 1, 1, 1], 'D': [0, 0, 1, 0, 1, 1, 1, 0, 0, 1], 'E': [0, 1, 0, 0, 0, 0, 0, 0, 0, 0], 'F': [1, 1, 1, 1, 1, 1, 1, 1, 1, 1]}, '橘园北侧南': {'A': [0, 0, 0, 0, 0, 1, 1, 0, 0, 1], 'B': [1, 1, 1, 1, 0, 1, 1, 0, 1, 1], 'C': [0, 1, 1, 1, 0, 1, 0, 0, 0, 0], 'D': [1, 0, 0, 1, 1, 1, 1, 0, 1, 1], 'E': [1, 1, 1, 1, 1, 1, 1, 0, 0, 1], 'F': [0, 0, 0, 1, 0, 1, 1, 1, 0, 0], 'G': [0, 0, 1, 1, 1, 1, 0, 0, 1, 0], 'H': [0, 1, 1, 1, 1, 0, 0, 0, 0, 1], 'I': [0, 0, 0, 0, 0, 0, 1, 1, 0, 0], 'J': [0, 0, 1, 0, 0, 1, 0, 0, 0, 0]}, '校医院西': {'A': [0, 1, 0, 1, 1, 0, 1, 1, 1, 1], 'B': [0, 1, 1, 1, 1, 0, 0, 1, 1, 1], 'C': [1, 1, 1, 0, 1, 0, 1, 1, 1, 1], 'D': [1, 1, 1, 0, 1, 1, 0, 1, 1, 1], 'E': [1, 0, 1, 1, 1, 1, 1, 0, 1, 1], 'F': [0, 0, 1, 1, 0, 1, 1, 1, 1, 1], 'G': [0, 0, 1, 0, 0, 1, 1, 1, 0, 0], 'H': [0, 0, 0, 0, 0, 0, 0, 0, 1, 1], 'I': [1, 0, 0, 0, 0, 0, 0, 0, 0, 0]}}
623749	2024-07-13 13:14:22.923000+08:00	2024-07-13 13:14:22.923000+08:00	{'东门北侧': {'A': [1, 1, 1, 1, 1, 1, 1, 0, 1, 1], 'B': [1, 1, 1, 1, 1, 1, 1, 1, 1, 1], 'C': [1, 1, 1, 1, 1, 1, 1, 1, 1, 0], 'D': [1, 1, 1, 1, 1, 0, 1, 1, 1, 0], 'E': [1, 1, 1, 1, 1, 1, 1, 1, 1, 1], 'F': [1, 1, 1, 1, 1, 1, 1, 1, 0, 1], 'G': [1, 1, 1, 1, 1, 1, 1, 1, 0, 1], 'H': [1, 1, 1, 1, 1, 1, 1, 1, 1, 0], 'I': [1, 0, 1, 1, 1, 1, 0, 1, 0, 1], 'J': [1, 1, 0, 0, 0, 1, 1, 1, 1, 1], 'K': [0, 0, 1, 1, 1, 1, 1, 1, 1, 1]}, '东门南侧': {'A': [0, 0, 1, 0, 1, 1, 0, 0, 0, 0], 'B': [0, 0, 0, 0, 0, 0, 0, 0, 0, 0]}, '西门北侧': {'A': [1, 1, 1, 1, 1, 1, 1, 0, 1, 1], 'B': [1, 1, 1, 1, 1, 1, 1, 0, 1, 1], 'C': [1, 1, 1, 1, 1, 1, 1, 1, 1, 0]}, '西门南侧': {'A': [1, 1, 1, 1, 1, 0, 0, 1, 1, 1], 'B': [1, 1, 1, 1, 1, 1, 1, 1, 1, 1], 'C': [1, 1, 1, 1, 0, 0, 1, 1, 1, 1]}, '南门西侧': {'A': [1, 1, 1, 1, 1, 1, 1, 1, 1, 1], 'B': [0, 0, 0, 0, 1, 1, 0, 0, 0, 0]}, '南门东侧': {'A': [1, 1, 1, 1, 1, 1, 1, 1, 0, 1], 'B': [0, 0, 1, 1, 1, 1, 1, 1, 1, 1]}, '北门东北侧': {'A': [1, 1, 1, 1, 1, 1, 1, 1, 1, 1], 'B': [0, 1, 1, 1, 1, 1, 0, 1, 1, 0], 'C': [0, 0, 1, 1, 1, 1, 0, 1, 1, 1], 'D': [1, 1, 1, 0, 1, 1, 1, 1, 1, 1]}, '北门东南侧': {'A': [0, 0, 1, 1, 1, 0, 1, 1, 1, 0], 'B': [1, 1, 0, 0, 0, 1, 1, 1, 1, 1], 'C': [1, 0, 0, 1, 1, 1, 0, 1, 1, 1], 'D': [0, 0, 1, 0, 1, 1, 1, 0, 0, 1], 'E': [0, 1, 0, 0, 0, 0, 0, 0, 0, 0], 'F': [1, 1, 1, 1, 1, 1, 1, 1, 1, 1]}, '橘园北侧南': {'A': [0, 0, 0, 0, 0, 1, 1, 0, 0, 1], 'B': [1, 1, 1, 1, 0, 1, 1, 0, 1, 1], 'C': [0, 1, 1, 1, 0, 1, 0, 0, 0, 0], 'D': [1, 0, 0, 1, 1, 1, 1, 0, 1, 1], 'E': [1, 1, 1, 1, 1, 1, 1, 0, 0, 1], 'F': [0, 0, 0, 1, 0, 1, 1, 1, 0, 0], 'G': [0, 0, 1, 1, 1, 1, 0, 0, 1, 0], 'H': [0, 1, 1, 1, 1, 0, 0, 0, 0, 1], 'I': [0, 0, 0, 0, 0, 0, 1, 1, 0, 0], 'J': [0, 0, 1, 0, 0, 1, 0, 0, 0, 0]}, '校医院西': {'A': [0, 1, 0, 1, 1, 0, 1, 1, 1, 1], 'B': [0, 1, 1, 1, 1, 0, 0, 1, 1, 1], 'C': [1, 1, 1, 0, 1, 0, 1, 1, 1, 1], 'D': [1, 1, 1, 0, 1, 1, 0, 1, 1, 1], 'E': [1, 0, 1, 1, 1, 1, 1, 0, 1, 1], 'F': [0, 0, 1, 1, 0, 1, 1, 1, 1, 1], 'G': [0, 0, 1, 0, 0, 1, 1, 1, 0, 0], 'H': [0, 0, 0, 0, 0, 0, 0, 0, 1, 1], 'I': [1, 0, 0, 0, 0, 0, 0, 0, 0, 0]}}
623750	2024-07-13 13:15:22.907000+08:00	2024-07-13 13:15:22.907000+08:00	{'东门北侧': {'A': [1, 1, 1, 1, 1, 1, 1, 0, 1, 1], 'B': [1, 1, 1, 1, 1, 1, 1, 1, 1, 1], 'C': [1, 1, 1, 1, 1, 1, 1, 1, 1, 0], 'D': [1, 1, 1, 1, 1, 0, 1, 1, 1, 0], 'E': [1, 1, 1, 1, 1, 1, 1, 1, 1, 1], 'F': [1, 1, 1, 1, 1, 1, 1, 1, 0, 1], 'G': [1, 1, 1, 1, 1, 1, 1, 1, 0, 0], 'H': [1, 1, 1, 1, 1, 1, 1, 1, 1, 0], 'I': [1, 0, 1, 1, 1, 1, 0, 1, 0, 1], 'J': [1, 1, 0, 0, 0, 1, 1, 1, 1, 1], 'K': [0, 0, 1, 1, 1, 1, 1, 1, 1, 1]}, '东门南侧': {'A': [0, 0, 1, 0, 1, 1, 0, 0, 0, 0], 'B': [0, 0, 0, 0, 0, 0, 0, 0, 0, 0]}, '西门北侧': {'A': [1, 1, 1, 1, 1, 1, 1, 0, 1, 1], 'B': [1, 1, 1, 1, 1, 1, 1, 0, 1, 1], 'C': [1, 1, 1, 1, 1, 1, 1, 1, 1, 0]}, '西门南侧': {'A': [1, 1, 1, 1, 1, 0, 0, 1, 1, 1], 'B': [1, 1, 1, 1, 1, 1, 1, 1, 1, 1], 'C': [1, 1, 1, 1, 0, 0, 1, 1, 1, 1]}, '南门西侧': {'A': [1, 1, 1, 1, 1, 1, 1, 1, 1, 1], 'B': [0, 0, 0, 0, 1, 1, 0, 0, 0, 0]}, '南门东侧': {'A': [1, 1, 1, 1, 1, 1, 1, 1, 0, 1], 'B': [0, 0, 1, 1, 1, 1, 1, 1, 1, 1]}, '北门东北侧': {'A': [1, 1, 1, 1, 1, 1, 1, 1, 1, 1], 'B': [0, 1, 1, 1, 1, 1, 0, 1, 1, 0], 'C': [0, 0, 1, 1, 1, 1, 0, 1, 1, 1], 'D': [1, 1, 1, 0, 1, 1, 1, 1, 1, 1]}, '北门东南侧': {'A': [0, 0, 1, 1, 1, 0, 1, 1, 1, 0], 'B': [1, 1, 0, 0, 0, 1, 1, 1, 1, 1], 'C': [1, 0, 0, 1, 1, 1, 0, 1, 1, 1], 'D': [0, 0, 1, 0, 1, 1, 1, 0, 0, 1], 'E': [0, 1, 0, 0, 0, 0, 0, 0, 0, 0], 'F': [1, 1, 1, 1, 1, 1, 1, 1, 1, 1]}, '橘园北侧南': {'A': [0, 0, 0, 0, 0, 1, 1, 0, 0, 1], 'B': [1, 1, 1, 1, 0, 1, 1, 0, 1, 1], 'C': [0, 1, 1, 1, 0, 1, 0, 0, 0, 0], 'D': [1, 0, 0, 1, 1, 1, 1, 0, 1, 1], 'E': [1, 1, 1, 1, 1, 1, 1, 0, 0, 1], 'F': [0, 0, 0, 1, 0, 1, 1, 1, 0, 0], 'G': [0, 0, 1, 1, 1, 1, 0, 0, 1, 0], 'H': [0, 1, 1, 1, 1, 0, 0, 0, 0, 1], 'I': [0, 0, 0, 0, 0, 0, 1, 1, 0, 0], 'J': [0, 0, 0, 0, 0, 1, 0, 0, 0, 0]}, '校医院西': {'A': [0, 1, 0, 1, 1, 0, 1, 1, 1, 1], 'B': [0, 1, 1, 1, 1, 0, 0, 1, 1, 1], 'C': [1, 1, 1, 0, 1, 0, 1, 1, 1, 1], 'D': [1, 1, 1, 0, 1, 1, 0, 1, 1, 1], 'E': [1, 0, 1, 1, 1, 1, 1, 0, 1, 1], 'F': [0, 0, 1, 1, 0, 1, 1, 1, 1, 1], 'G': [0, 0, 1, 0, 0, 1, 1, 1, 0, 0], 'H': [0, 0, 0, 0, 0, 0, 0, 0, 1, 1], 'I': [1, 0, 0, 0, 0, 0, 0, 0, 0, 0]}}
623751	2024-07-13 13:16:22.268000+08:00	2024-07-13 13:16:22.268000+08:00	{'东门北侧': {'A': [1, 1, 1, 1, 1, 1, 1, 0, 1, 1], 'B': [1, 1, 1, 1, 1, 1, 1, 1, 1, 1], 'C': [1, 1, 1, 1, 1, 1, 1, 1, 1, 0], 'D': [1, 1, 1, 1, 1, 0, 1, 1, 1, 0], 'E': [1, 1, 1, 1, 1, 1, 1, 1, 1, 1], 'F': [1, 1, 1, 1, 1, 1, 1, 1, 0, 1], 'G': [1, 1, 1, 1, 1, 1, 1, 1, 0, 0], 'H': [1, 1, 1, 1, 1, 1, 1, 1, 1, 0], 'I': [1, 0, 1, 1, 1, 1, 0, 1, 0, 1], 'J': [1, 1, 0, 0, 0, 1, 1, 1, 1, 1], 'K': [0, 0, 1, 1, 1, 1, 1, 1, 1, 1]}, '东门南侧': {'A': [0, 0, 1, 0, 1, 1, 0, 0, 0, 0], 'B': [0, 0, 0, 0, 0, 0, 0, 0, 0, 0]}, '西门北侧': {'A': [1, 1, 1, 1, 1, 1, 1, 0, 1, 1], 'B': [1, 1, 1, 1, 1, 1, 1, 0, 1, 1], 'C': [1, 1, 1, 1, 1, 1, 1, 1, 1, 0]}, '西门南侧': {'A': [1, 1, 1, 1, 1, 0, 0, 1, 1, 1], 'B': [1, 1, 1, 1, 1, 1, 1, 1, 1, 1], 'C': [1, 1, 1, 1, 0, 0, 1, 1, 1, 1]}, '南门西侧': {'A': [1, 1, 1, 1, 1, 1, 1, 1, 1, 1], 'B': [0, 0, 0, 0, 1, 1, 0, 0, 0, 0]}, '南门东侧': {'A': [1, 1, 1, 1, 1, 1, 1, 1, 0, 1], 'B': [0, 0, 1, 1, 1, 1, 1, 1, 1, 1]}, '北门东北侧': {'A': [1, 1, 1, 1, 1, 1, 1, 1, 1, 1], 'B': [0, 1, 1, 1, 1, 1, 0, 1, 1, 0], 'C': [0, 0, 1, 1, 1, 1, 0, 1, 1, 1], 'D': [1, 1, 1, 0, 1, 1, 1, 1, 1, 1]}, '北门东南侧': {'A': [0, 0, 1, 1, 1, 0, 1, 1, 1, 0], 'B': [1, 1, 0, 0, 0, 1, 1, 1, 1, 1], 'C': [1, 0, 0, 1, 1, 1, 0, 1, 1, 1], 'D': [0, 0, 1, 0, 1, 1, 1, 0, 0, 1], 'E': [0, 1, 0, 0, 0, 0, 0, 0, 0, 0], 'F': [1, 1, 1, 1, 1, 1, 1, 1, 1, 1]}, '橘园北侧南': {'A': [0, 0, 0, 0, 0, 1, 1, 0, 0, 1], 'B': [1, 1, 1, 1, 0, 1, 1, 0, 1, 1], 'C': [0, 1, 1, 1, 0, 1, 0, 0, 0, 0], 'D': [1, 0, 0, 1, 1, 1, 1, 0, 1, 1], 'E': [1, 1, 1, 1, 1, 1, 1, 0, 0, 1], 'F': [0, 0, 0, 1, 0, 1, 1, 1, 0, 0], 'G': [0, 0, 1, 1, 1, 1, 0, 0, 1, 0], 'H': [0, 1, 1, 1, 1, 0, 0, 0, 0, 1], 'I': [0, 0, 0, 0, 0, 0, 1, 1, 0, 0], 'J': [0, 0, 0, 0, 0, 1, 0, 0, 0, 0]}, '校医院西': {'A': [0, 1, 0, 1, 1, 0, 0, 1, 1, 1], 'B': [0, 1, 1, 1, 1, 0, 0, 1, 1, 1], 'C': [1, 1, 1, 0, 1, 0, 1, 1, 1, 1], 'D': [1, 1, 1, 0, 1, 1, 0, 1, 1, 1], 'E': [1, 0, 1, 1, 1, 1, 1, 0, 1, 1], 'F': [0, 0, 1, 1, 0, 1, 1, 1, 1, 1], 'G': [0, 0, 1, 0, 0, 1, 1, 1, 0, 0], 'H': [0, 0, 0, 0, 0, 0, 0, 0, 1, 1], 'I': [1, 0, 0, 0, 0, 0, 0, 0, 0, 0]}}
623752	2024-07-13 13:17:21.874000+08:00	2024-07-13 13:17:21.874000+08:00	{'东门北侧': {'A': [1, 1, 1, 1, 1, 1, 1, 0, 1, 1], 'B': [1, 1, 1, 1, 1, 1, 1, 1, 1, 1], 'C': [1, 1, 1, 0, 1, 1, 1, 1, 1, 0], 'D': [1, 1, 1, 1, 1, 0, 1, 1, 1, 0], 'E': [1, 1, 1, 1, 1, 1, 1, 1, 1, 1], 'F': [1, 1, 1, 1, 1, 1, 1, 1, 0, 1], 'G': [1, 1, 1, 1, 1, 1, 1, 1, 0, 0], 'H': [1, 1, 1, 1, 1, 1, 1, 1, 1, 0], 'I': [1, 0, 1, 1, 1, 1, 0, 1, 0, 1], 'J': [1, 1, 0, 0, 0, 1, 1, 1, 1, 1], 'K': [0, 0, 1, 1, 1, 1, 1, 1, 1, 1]}, '东门南侧': {'A': [0, 0, 1, 0, 1, 1, 0, 0, 0, 0], 'B': [0, 0, 0, 0, 0, 0, 0, 0, 0, 0]}, '西门北侧': {'A': [1, 1, 1, 1, 1, 1, 1, 0, 1, 1], 'B': [1, 1, 1, 1, 1, 1, 1, 0, 1, 1], 'C': [1, 1, 1, 1, 1, 1, 1, 1, 1, 0]}, '西门南侧': {'A': [1, 1, 1, 1, 1, 0, 0, 1, 1, 1], 'B': [1, 1, 1, 1, 1, 1, 1, 1, 1, 1], 'C': [1, 1, 1, 1, 0, 0, 1, 1, 1, 1]}, '南门西侧': {'A': [1, 1, 1, 1, 1, 1, 1, 1, 1, 1], 'B': [0, 0, 0, 0, 1, 1, 0, 0, 0, 0]}, '南门东侧': {'A': [1, 1, 1, 1, 1, 1, 1, 1, 0, 1], 'B': [0, 0, 1, 1, 1, 1, 1, 1, 1, 1]}, '北门东北侧': {'A': [1, 1, 1, 1, 1, 1, 1, 1, 1, 1], 'B': [0, 1, 1, 1, 1, 1, 0, 1, 1, 0], 'C': [0, 0, 1, 1, 1, 1, 0, 1, 1, 1], 'D': [1, 1, 1, 0, 1, 1, 1, 1, 1, 1]}, '北门东南侧': {'A': [0, 0, 1, 1, 1, 0, 1, 1, 1, 0], 'B': [1, 1, 0, 0, 0, 1, 1, 1, 1, 1], 'C': [1, 0, 0, 1, 1, 1, 0, 1, 1, 1], 'D': [0, 0, 1, 0, 1, 1, 1, 0, 0, 1], 'E': [0, 1, 0, 0, 0, 0, 0, 0, 0, 0], 'F': [1, 1, 1, 1, 1, 1, 1, 1, 1, 1]}, '橘园北侧南': {'A': [0, 0, 0, 0, 0, 1, 1, 0, 0, 1], 'B': [1, 1, 1, 1, 0, 1, 1, 0, 1, 1], 'C': [0, 1, 1, 1, 0, 1, 0, 0, 0, 0], 'D': [1, 0, 0, 1, 1, 1, 1, 0, 1, 1], 'E': [1, 1, 1, 1, 1, 1, 1, 0, 0, 1], 'F': [0, 0, 0, 1, 0, 1, 1, 1, 0, 0], 'G': [0, 0, 1, 1, 1, 1, 0, 0, 1, 0], 'H': [0, 1, 1, 1, 1, 0, 0, 0, 0, 1], 'I': [0, 0, 0, 0, 0, 0, 1, 1, 0, 0], 'J': [0, 0, 0, 0, 0, 1, 0, 0, 0, 0]}, '校医院西': {'A': [0, 1, 0, 1, 1, 0, 0, 1, 1, 1], 'B': [0, 1, 1, 1, 1, 0, 0, 1, 1, 1], 'C': [1, 1, 1, 0, 1, 0, 1, 1, 1, 1], 'D': [1, 1, 1, 0, 1, 1, 0, 1, 1, 1], 'E': [1, 0, 1, 1, 1, 1, 1, 0, 1, 1], 'F': [0, 0, 1, 1, 0, 1, 1, 1, 1, 1], 'G': [0, 0, 1, 0, 0, 1, 0, 1, 0, 0], 'H': [0, 0, 0, 0, 0, 0, 0, 0, 1, 1], 'I': [1, 0, 0, 0, 0, 0, 0, 0, 0, 0]}}
623753	2024-07-13 13:18:21.846000+08:00	2024-07-13 13:18:21.846000+08:00	{'东门北侧': {'A': [1, 1, 1, 1, 1, 1, 1, 0, 1, 1], 'B': [1, 1, 1, 1, 1, 1, 1, 1, 1, 1], 'C': [1, 1, 1, 0, 1, 1, 1, 1, 1, 0], 'D': [1, 1, 1, 1, 1, 0, 1, 1, 1, 0], 'E': [1, 1, 1, 1, 1, 1, 1, 1, 1, 1], 'F': [1, 1, 1, 1, 1, 1, 1, 1, 0, 1], 'G': [1, 1, 1, 1, 1, 1, 1, 1, 0, 0], 'H': [1, 1, 1, 1, 1, 1, 1, 1, 1, 0], 'I': [1, 0, 1, 1, 1, 1, 0, 1, 0, 1], 'J': [1, 1, 0, 0, 0, 1, 1, 1, 1, 1], 'K': [0, 0, 1, 1, 1, 1, 1, 1, 1, 1]}, '东门南侧': {'A': [0, 0, 1, 0, 1, 1, 0, 0, 0, 0], 'B': [0, 0, 0, 0, 0, 0, 0, 0, 0, 0]}, '西门北侧': {'A': [1, 1, 1, 1, 1, 1, 1, 0, 1, 1], 'B': [1, 1, 1, 1, 1, 1, 1, 0, 1, 1], 'C': [1, 1, 1, 1, 1, 1, 1, 1, 1, 0]}, '西门南侧': {'A': [1, 1, 1, 1, 1, 0, 0, 1, 1, 1], 'B': [1, 1, 1, 1, 1, 1, 1, 1, 1, 1], 'C': [1, 1, 1, 1, 0, 0, 1, 1, 1, 1]}, '南门西侧': {'A': [1, 1, 1, 1, 1, 1, 1, 1, 1, 1], 'B': [0, 0, 0, 0, 0, 1, 0, 0, 0, 0]}, '南门东侧': {'A': [1, 1, 1, 1, 1, 1, 1, 1, 0, 1], 'B': [0, 0, 1, 1, 1, 1, 1, 1, 1, 1]}, '北门东北侧': {'A': [1, 1, 1, 1, 1, 1, 1, 1, 1, 1], 'B': [0, 1, 1, 1, 1, 1, 0, 1, 1, 0], 'C': [0, 0, 1, 1, 1, 1, 0, 1, 1, 1], 'D': [1, 1, 1, 0, 1, 1, 1, 1, 1, 1]}, '北门东南侧': {'A': [0, 0, 1, 1, 1, 0, 1, 1, 1, 0], 'B': [1, 1, 0, 0, 0, 1, 1, 1, 1, 1], 'C': [1, 0, 0, 1, 1, 1, 0, 1, 1, 1], 'D': [0, 0, 1, 0, 1, 1, 1, 0, 0, 1], 'E': [0, 1, 0, 0, 0, 0, 0, 0, 0, 0], 'F': [1, 1, 1, 1, 1, 1, 1, 1, 1, 1]}, '橘园北侧南': {'A': [0, 0, 0, 0, 0, 1, 1, 0, 0, 1], 'B': [1, 1, 1, 1, 0, 1, 1, 0, 1, 1], 'C': [0, 1, 1, 1, 0, 1, 0, 0, 0, 0], 'D': [1, 0, 0, 1, 1, 1, 1, 0, 1, 1], 'E': [1, 1, 1, 1, 1, 1, 1, 0, 0, 1], 'F': [0, 0, 0, 1, 0, 1, 1, 1, 0, 0], 'G': [0, 0, 1, 1, 1, 1, 0, 0, 1, 0], 'H': [0, 1, 1, 1, 1, 0, 0, 0, 0, 1], 'I': [0, 0, 0, 0, 0, 0, 1, 1, 0, 0], 'J': [0, 0, 0, 0, 0, 1, 0, 0, 0, 0]}, '校医院西': {'A': [0, 1, 0, 1, 1, 0, 0, 1, 1, 1], 'B': [0, 1, 1, 1, 1, 0, 0, 1, 1, 1], 'C': [1, 1, 1, 0, 1, 0, 1, 1, 1, 1], 'D': [1, 1, 1, 0, 1, 1, 0, 1, 1, 1], 'E': [1, 0, 1, 1, 1, 1, 1, 0, 1, 1], 'F': [0, 0, 1, 1, 0, 1, 1, 1, 1, 1], 'G': [0, 0, 1, 0, 0, 1, 0, 1, 0, 0], 'H': [0, 0, 0, 0, 0, 0, 0, 0, 1, 1], 'I': [1, 0, 0, 0, 0, 0, 0, 0, 0, 0]}}
623754	2024-07-13 13:19:20.947000+08:00	2024-07-13 13:19:20.947000+08:00	{'东门北侧': {'A': [1, 1, 1, 1, 1, 1, 1, 0, 1, 1], 'B': [1, 1, 1, 1, 1, 1, 1, 1, 1, 1], 'C': [1, 1, 1, 0, 1, 1, 1, 1, 1, 0], 'D': [1, 1, 1, 1, 1, 0, 1, 1, 1, 0], 'E': [1, 1, 1, 1, 1, 1, 1, 1, 1, 1], 'F': [1, 1, 1, 1, 1, 1, 1, 1, 0, 1], 'G': [1, 1, 1, 1, 1, 1, 1, 1, 0, 0], 'H': [1, 1, 1, 1, 1, 1, 1, 1, 1, 0], 'I': [1, 0, 1, 1, 1, 1, 0, 1, 0, 1], 'J': [1, 1, 0, 0, 0, 1, 1, 1, 1, 1], 'K': [0, 0, 1, 1, 1, 1, 1, 1, 1, 1]}, '东门南侧': {'A': [0, 0, 1, 0, 1, 1, 0, 0, 0, 0], 'B': [0, 0, 0, 0, 0, 0, 0, 0, 0, 0]}, '西门北侧': {'A': [1, 1, 1, 1, 1, 1, 1, 0, 1, 1], 'B': [1, 1, 1, 1, 1, 1, 1, 0, 1, 1], 'C': [1, 1, 1, 1, 1, 1, 1, 1, 1, 0]}, '西门南侧': {'A': [1, 1, 1, 1, 1, 0, 0, 1, 1, 1], 'B': [1, 1, 1, 1, 1, 1, 1, 1, 1, 1], 'C': [1, 1, 1, 1, 0, 0, 1, 1, 1, 1]}, '南门西侧': {'A': [1, 1, 1, 1, 1, 1, 1, 1, 1, 1], 'B': [0, 0, 0, 0, 0, 1, 0, 0, 0, 0]}, '南门东侧': {'A': [1, 1, 1, 1, 1, 1, 1, 1, 0, 1], 'B': [0, 0, 1, 1, 1, 1, 1, 1, 1, 1]}, '北门东北侧': {'A': [1, 1, 1, 1, 1, 1, 1, 1, 1, 1], 'B': [0, 1, 1, 1, 1, 1, 0, 1, 1, 0], 'C': [0, 0, 1, 1, 1, 1, 0, 1, 1, 1], 'D': [1, 1, 1, 0, 1, 1, 1, 1, 1, 1]}, '北门东南侧': {'A': [0, 0, 1, 1, 1, 0, 1, 1, 1, 0], 'B': [1, 1, 0, 0, 0, 1, 1, 1, 1, 1], 'C': [1, 0, 0, 1, 1, 1, 0, 1, 1, 1], 'D': [0, 0, 1, 0, 1, 1, 1, 0, 0, 1], 'E': [0, 1, 0, 0, 0, 0, 0, 0, 0, 0], 'F': [1, 1, 1, 1, 1, 1, 1, 1, 1, 1]}, '橘园北侧南': {'A': [0, 0, 0, 0, 0, 1, 1, 0, 0, 1], 'B': [1, 1, 1, 1, 0, 1, 1, 0, 1, 1], 'C': [0, 1, 1, 1, 0, 1, 0, 0, 0, 0], 'D': [1, 0, 0, 1, 1, 1, 1, 0, 1, 1], 'E': [1, 1, 1, 1, 1, 1, 1, 0, 0, 1], 'F': [0, 0, 0, 1, 0, 1, 1, 1, 0, 0], 'G': [0, 0, 1, 1, 1, 1, 0, 0, 1, 0], 'H': [0, 1, 1, 1, 1, 0, 0, 0, 0, 1], 'I': [0, 0, 0, 0, 0, 0, 1, 1, 0, 0], 'J': [0, 0, 0, 0, 0, 1, 0, 0, 0, 0]}, '校医院西': {'A': [0, 1, 0, 1, 1, 0, 0, 1, 1, 1], 'B': [0, 1, 1, 1, 1, 0, 0, 1, 1, 1], 'C': [1, 1, 1, 0, 1, 0, 1, 1, 1, 1], 'D': [1, 1, 1, 0, 1, 1, 0, 1, 1, 1], 'E': [1, 0, 1, 1, 1, 1, 1, 0, 1, 1], 'F': [0, 0, 1, 1, 0, 1, 1, 1, 1, 1], 'G': [0, 0, 1, 0, 0, 1, 0, 1, 0, 0], 'H': [0, 0, 0, 0, 0, 0, 0, 0, 1, 1], 'I': [1, 0, 0, 0, 0, 0, 0, 0, 0, 0]}}
623755	2024-07-13 13:20:21.857000+08:00	2024-07-13 13:20:21.857000+08:00	{'东门北侧': {'A': [1, 1, 1, 1, 1, 1, 1, 0, 1, 1], 'B': [1, 1, 1, 1, 1, 1, 1, 1, 1, 1], 'C': [1, 1, 1, 0, 1, 1, 1, 1, 1, 0], 'D': [1, 1, 1, 1, 1, 0, 1, 1, 1, 0], 'E': [1, 1, 1, 1, 1, 1, 1, 1, 1, 1], 'F': [1, 1, 1, 1, 1, 1, 1, 1, 0, 1], 'G': [1, 1, 1, 1, 1, 1, 1, 1, 0, 0], 'H': [1, 1, 1, 1, 1, 1, 1, 1, 1, 0], 'I': [1, 0, 1, 1, 1, 1, 0, 1, 0, 1], 'J': [1, 1, 0, 0, 0, 1, 1, 1, 1, 1], 'K': [0, 0, 1, 1, 1, 1, 1, 1, 1, 1]}, '东门南侧': {'A': [0, 0, 1, 0, 1, 1, 0, 0, 0, 0], 'B': [0, 0, 0, 0, 0, 0, 0, 0, 0, 0]}, '西门北侧': {'A': [1, 1, 1, 1, 1, 1, 1, 0, 1, 1], 'B': [1, 1, 1, 1, 1, 1, 1, 0, 1, 1], 'C': [1, 1, 1, 1, 1, 1, 1, 1, 1, 0]}, '西门南侧': {'A': [1, 1, 1, 1, 1, 0, 0, 1, 1, 1], 'B': [1, 1, 1, 1, 1, 1, 1, 1, 1, 1], 'C': [1, 1, 1, 1, 0, 0, 1, 1, 1, 1]}, '南门西侧': {'A': [1, 1, 1, 1, 1, 1, 1, 1, 1, 1], 'B': [0, 0, 0, 0, 0, 1, 0, 0, 0, 0]}, '南门东侧': {'A': [1, 1, 1, 1, 1, 1, 1, 1, 0, 1], 'B': [0, 0, 1, 1, 1, 1, 1, 1, 1, 1]}, '北门东北侧': {'A': [1, 1, 1, 1, 1, 1, 1, 1, 1, 1], 'B': [0, 1, 1, 1, 1, 1, 0, 1, 1, 0], 'C': [0, 0, 1, 1, 1, 1, 0, 1, 1, 1], 'D': [1, 1, 1, 0, 1, 1, 1, 1, 1, 1]}, '北门东南侧': {'A': [0, 0, 1, 1, 1, 0, 1, 1, 1, 0], 'B': [1, 1, 0, 0, 0, 1, 1, 1, 1, 0], 'C': [1, 0, 0, 1, 1, 1, 0, 1, 1, 1], 'D': [0, 0, 1, 0, 1, 1, 1, 0, 0, 1], 'E': [0, 1, 0, 0, 0, 0, 0, 0, 0, 0], 'F': [1, 1, 1, 1, 1, 1, 1, 1, 1, 1]}, '橘园北侧南': {'A': [0, 0, 0, 0, 0, 1, 1, 0, 0, 1], 'B': [1, 1, 1, 1, 0, 1, 1, 0, 1, 1], 'C': [0, 1, 1, 1, 0, 1, 0, 0, 0, 0], 'D': [1, 0, 0, 1, 1, 1, 1, 0, 1, 1], 'E': [1, 1, 1, 1, 1, 1, 1, 0, 0, 1], 'F': [0, 0, 0, 1, 0, 1, 1, 1, 0, 0], 'G': [0, 0, 1, 1, 1, 1, 0, 0, 1, 0], 'H': [0, 1, 1, 1, 1, 0, 0, 0, 0, 1], 'I': [0, 0, 0, 0, 0, 0, 1, 1, 0, 0], 'J': [0, 0, 0, 0, 0, 1, 0, 0, 0, 0]}, '校医院西': {'A': [0, 1, 0, 1, 1, 0, 0, 1, 1, 1], 'B': [0, 1, 1, 1, 1, 0, 0, 1, 1, 1], 'C': [1, 1, 1, 0, 1, 0, 1, 1, 1, 1], 'D': [1, 1, 1, 0, 1, 1, 0, 1, 1, 1], 'E': [1, 0, 1, 1, 1, 1, 1, 0, 1, 1], 'F': [0, 0, 1, 1, 0, 1, 1, 1, 1, 1], 'G': [0, 0, 1, 0, 0, 1, 0, 1, 0, 0], 'H': [0, 0, 0, 0, 0, 0, 0, 0, 1, 1], 'I': [1, 0, 0, 0, 0, 0, 0, 0, 0, 0]}}
623756	2024-07-13 13:21:20.868000+08:00	2024-07-13 13:21:20.868000+08:00	{'东门北侧': {'A': [1, 1, 1, 1, 1, 1, 1, 0, 1, 1], 'B': [1, 1, 1, 1, 1, 1, 1, 1, 1, 1], 'C': [1, 1, 1, 0, 1, 1, 1, 1, 1, 0], 'D': [1, 1, 1, 1, 1, 0, 1, 1, 1, 0], 'E': [1, 1, 1, 1, 1, 1, 1, 1, 1, 1], 'F': [1, 1, 1, 1, 1, 1, 1, 1, 0, 1], 'G': [1, 1, 1, 1, 1, 1, 1, 1, 0, 0], 'H': [1, 1, 1, 1, 1, 1, 1, 1, 1, 0], 'I': [1, 0, 1, 1, 1, 1, 0, 1, 0, 1], 'J': [1, 1, 0, 0, 0, 1, 1, 1, 1, 1], 'K': [0, 0, 1, 1, 1, 1, 1, 1, 1, 1]}, '东门南侧': {'A': [0, 0, 1, 0, 1, 1, 0, 0, 0, 0], 'B': [0, 0, 0, 0, 0, 0, 0, 0, 0, 0]}, '西门北侧': {'A': [1, 1, 1, 1, 1, 1, 1, 0, 1, 1], 'B': [1, 1, 1, 1, 1, 1, 1, 0, 1, 1], 'C': [1, 1, 1, 1, 1, 1, 1, 1, 1, 0]}, '西门南侧': {'A': [1, 1, 1, 1, 1, 0, 0, 1, 1, 1], 'B': [1, 1, 1, 1, 1, 1, 1, 1, 1, 1], 'C': [1, 1, 1, 1, 0, 0, 1, 1, 1, 1]}, '南门西侧': {'A': [1, 1, 1, 1, 1, 1, 1, 1, 1, 1], 'B': [0, 0, 0, 0, 0, 1, 0, 0, 0, 0]}, '南门东侧': {'A': [1, 1, 1, 1, 1, 1, 1, 1, 0, 1], 'B': [0, 0, 1, 1, 1, 1, 1, 1, 1, 1]}, '北门东北侧': {'A': [1, 1, 1, 1, 1, 1, 1, 1, 1, 1], 'B': [0, 1, 1, 1, 1, 1, 0, 1, 1, 0], 'C': [0, 0, 1, 1, 1, 1, 0, 1, 1, 1], 'D': [1, 1, 1, 0, 1, 1, 1, 1, 1, 1]}, '北门东南侧': {'A': [0, 0, 1, 1, 1, 0, 1, 1, 1, 0], 'B': [1, 1, 0, 0, 0, 1, 1, 1, 1, 0], 'C': [1, 0, 0, 1, 1, 1, 0, 1, 1, 1], 'D': [0, 0, 1, 0, 1, 1, 1, 0, 0, 1], 'E': [0, 1, 0, 0, 0, 0, 0, 0, 0, 0], 'F': [1, 1, 1, 1, 1, 1, 1, 1, 1, 1]}, '橘园北侧南': {'A': [0, 0, 0, 0, 0, 1, 1, 0, 0, 1], 'B': [1, 1, 1, 1, 0, 1, 1, 0, 1, 1], 'C': [0, 1, 1, 1, 0, 1, 0, 0, 0, 0], 'D': [1, 0, 0, 1, 1, 1, 1, 0, 1, 1], 'E': [1, 1, 1, 1, 1, 1, 1, 0, 0, 1], 'F': [0, 0, 0, 1, 0, 1, 1, 1, 0, 0], 'G': [0, 0, 1, 1, 1, 1, 0, 0, 1, 0], 'H': [0, 1, 1, 1, 1, 0, 0, 0, 0, 1], 'I': [0, 0, 0, 0, 0, 0, 1, 0, 0, 0], 'J': [0, 0, 0, 0, 0, 1, 0, 0, 0, 0]}, '校医院西': {'A': [0, 1, 0, 1, 1, 0, 0, 1, 1, 1], 'B': [0, 1, 1, 1, 1, 0, 0, 1, 1, 1], 'C': [1, 1, 1, 0, 1, 0, 1, 1, 0, 1], 'D': [1, 1, 1, 0, 1, 1, 0, 1, 1, 1], 'E': [1, 0, 1, 1, 1, 1, 1, 0, 1, 1], 'F': [0, 0, 1, 1, 0, 1, 1, 1, 1, 1], 'G': [0, 0, 1, 0, 0, 1, 0, 1, 0, 0], 'H': [0, 0, 0, 0, 0, 0, 0, 0, 1, 1], 'I': [1, 0, 0, 0, 0, 0, 0, 0, 0, 0]}}
623757	2024-07-13 13:22:20.950000+08:00	2024-07-13 13:22:20.950000+08:00	{'东门北侧': {'A': [1, 1, 1, 1, 1, 1, 1, 0, 1, 1], 'B': [1, 1, 1, 1, 1, 1, 1, 1, 1, 1], 'C': [1, 1, 1, 0, 1, 1, 1, 1, 1, 0], 'D': [1, 1, 1, 1, 1, 0, 1, 1, 1, 0], 'E': [1, 1, 1, 1, 1, 1, 1, 1, 1, 1], 'F': [1, 1, 1, 1, 1, 1, 1, 1, 0, 1], 'G': [1, 1, 1, 1, 1, 1, 1, 1, 0, 0], 'H': [1, 1, 1, 1, 1, 1, 1, 1, 1, 0], 'I': [1, 0, 1, 1, 1, 1, 0, 1, 0, 1], 'J': [1, 1, 0, 0, 0, 1, 1, 1, 1, 1], 'K': [0, 0, 1, 1, 1, 1, 1, 1, 1, 1]}, '东门南侧': {'A': [0, 0, 1, 0, 1, 1, 0, 0, 0, 0], 'B': [0, 0, 0, 0, 0, 0, 0, 0, 0, 0]}, '西门北侧': {'A': [1, 1, 1, 1, 1, 1, 1, 0, 1, 1], 'B': [1, 1, 1, 1, 1, 1, 1, 0, 1, 1], 'C': [1, 1, 1, 1, 1, 1, 1, 1, 1, 0]}, '西门南侧': {'A': [1, 1, 1, 1, 1, 0, 0, 1, 1, 1], 'B': [1, 1, 1, 1, 1, 1, 1, 1, 1, 1], 'C': [1, 1, 1, 1, 0, 0, 1, 1, 1, 1]}, '南门西侧': {'A': [1, 1, 1, 1, 1, 1, 1, 1, 1, 1], 'B': [0, 0, 0, 0, 0, 1, 0, 0, 0, 0]}, '南门东侧': {'A': [1, 1, 1, 1, 1, 1, 1, 1, 0, 1], 'B': [0, 0, 1, 1, 1, 1, 1, 1, 1, 1]}, '北门东北侧': {'A': [1, 1, 1, 1, 1, 1, 1, 1, 1, 1], 'B': [0, 1, 1, 1, 1, 1, 0, 1, 1, 0], 'C': [0, 0, 1, 1, 1, 1, 0, 1, 1, 1], 'D': [1, 1, 1, 0, 1, 1, 1, 1, 1, 1]}, '北门东南侧': {'A': [0, 0, 1, 1, 1, 0, 1, 1, 1, 0], 'B': [1, 1, 0, 0, 0, 1, 1, 1, 1, 0], 'C': [1, 0, 0, 1, 1, 1, 0, 1, 1, 1], 'D': [0, 0, 1, 0, 1, 1, 1, 0, 0, 1], 'E': [0, 1, 0, 0, 0, 0, 0, 0, 0, 0], 'F': [1, 1, 1, 1, 1, 1, 1, 1, 1, 1]}, '橘园北侧南': {'A': [0, 0, 0, 0, 0, 1, 1, 0, 0, 1], 'B': [1, 1, 1, 1, 0, 1, 1, 0, 1, 1], 'C': [0, 1, 1, 1, 0, 1, 0, 0, 0, 0], 'D': [1, 0, 0, 1, 1, 1, 1, 0, 1, 1], 'E': [1, 1, 1, 1, 1, 1, 1, 0, 0, 1], 'F': [0, 0, 0, 1, 0, 1, 1, 1, 0, 0], 'G': [0, 0, 1, 1, 1, 1, 0, 0, 1, 0], 'H': [0, 1, 1, 1, 1, 0, 0, 0, 0, 1], 'I': [0, 0, 0, 0, 0, 0, 1, 0, 0, 0], 'J': [0, 0, 0, 0, 0, 1, 0, 0, 0, 0]}, '校医院西': {'A': [0, 1, 0, 1, 1, 0, 0, 1, 1, 1], 'B': [0, 1, 1, 1, 1, 0, 0, 1, 1, 1], 'C': [1, 1, 1, 0, 1, 0, 1, 1, 0, 1], 'D': [1, 1, 1, 0, 1, 1, 0, 1, 1, 1], 'E': [1, 0, 1, 1, 1, 1, 1, 0, 1, 1], 'F': [0, 0, 1, 1, 0, 1, 1, 1, 1, 1], 'G': [0, 0, 1, 0, 0, 1, 0, 1, 0, 0], 'H': [0, 0, 0, 0, 0, 0, 0, 0, 1, 1], 'I': [1, 0, 0, 0, 0, 0, 0, 0, 0, 0]}}
623758	2024-07-13 13:23:20.845000+08:00	2024-07-13 13:23:20.845000+08:00	{'东门北侧': {'A': [1, 1, 1, 1, 1, 1, 1, 0, 1, 1], 'B': [1, 1, 1, 1, 1, 1, 1, 1, 1, 1], 'C': [1, 1, 1, 0, 1, 1, 1, 1, 1, 0], 'D': [1, 1, 1, 1, 1, 0, 1, 1, 1, 0], 'E': [1, 1, 1, 1, 1, 1, 1, 1, 1, 1], 'F': [1, 1, 1, 1, 1, 1, 1, 1, 0, 1], 'G': [1, 1, 1, 1, 1, 1, 1, 1, 0, 0], 'H': [1, 1, 1, 1, 1, 1, 1, 1, 1, 0], 'I': [1, 0, 1, 1, 1, 1, 0, 1, 0, 1], 'J': [1, 1, 0, 0, 0, 1, 1, 1, 1, 1], 'K': [0, 0, 1, 1, 1, 1, 1, 1, 1, 1]}, '东门南侧': {'A': [0, 0, 1, 0, 1, 1, 0, 0, 0, 0], 'B': [0, 0, 0, 0, 0, 0, 0, 0, 0, 0]}, '西门北侧': {'A': [1, 1, 1, 1, 1, 1, 1, 0, 1, 1], 'B': [1, 1, 1, 1, 1, 1, 1, 0, 1, 1], 'C': [1, 1, 1, 1, 1, 1, 1, 1, 1, 0]}, '西门南侧': {'A': [1, 1, 1, 1, 1, 0, 0, 1, 1, 1], 'B': [1, 1, 1, 1, 1, 1, 1, 1, 1, 1], 'C': [1, 1, 1, 1, 0, 0, 1, 1, 1, 1]}, '南门西侧': {'A': [1, 1, 1, 1, 1, 1, 1, 1, 1, 1], 'B': [0, 0, 0, 0, 0, 1, 0, 0, 0, 0]}, '南门东侧': {'A': [1, 1, 1, 1, 1, 1, 1, 1, 0, 1], 'B': [0, 0, 1, 1, 1, 1, 1, 1, 1, 1]}, '北门东北侧': {'A': [1, 1, 1, 1, 1, 1, 1, 1, 1, 1], 'B': [0, 1, 1, 1, 1, 1, 0, 1, 1, 0], 'C': [0, 0, 1, 1, 1, 1, 0, 1, 1, 1], 'D': [1, 1, 1, 0, 1, 1, 1, 1, 1, 1]}, '北门东南侧': {'A': [0, 0, 1, 1, 1, 0, 1, 1, 1, 0], 'B': [1, 1, 0, 0, 0, 1, 1, 1, 1, 0], 'C': [1, 0, 0, 1, 1, 1, 0, 1, 1, 1], 'D': [0, 0, 1, 0, 1, 1, 1, 0, 0, 1], 'E': [0, 1, 0, 0, 0, 0, 0, 0, 0, 0], 'F': [1, 1, 1, 1, 1, 1, 1, 1, 1, 1]}, '橘园北侧南': {'A': [0, 0, 0, 0, 0, 1, 1, 0, 0, 1], 'B': [1, 1, 1, 1, 0, 1, 1, 0, 1, 1], 'C': [0, 1, 1, 1, 0, 1, 0, 0, 0, 0], 'D': [1, 0, 0, 1, 1, 1, 1, 0, 1, 1], 'E': [1, 1, 1, 1, 1, 1, 1, 0, 0, 1], 'F': [0, 0, 0, 1, 0, 1, 1, 1, 0, 0], 'G': [0, 0, 1, 1, 1, 1, 0, 0, 1, 0], 'H': [0, 1, 1, 1, 1, 0, 0, 0, 0, 1], 'I': [0, 0, 0, 0, 0, 0, 1, 0, 0, 0], 'J': [0, 0, 0, 0, 0, 1, 0, 0, 0, 0]}, '校医院西': {'A': [0, 1, 0, 1, 1, 0, 0, 1, 1, 1], 'B': [0, 1, 1, 1, 1, 0, 0, 1, 1, 1], 'C': [1, 1, 1, 0, 1, 0, 1, 1, 0, 1], 'D': [1, 1, 1, 0, 1, 1, 0, 1, 1, 1], 'E': [1, 0, 1, 1, 1, 1, 1, 0, 1, 1], 'F': [0, 0, 1, 1, 0, 1, 1, 1, 1, 1], 'G': [0, 0, 1, 0, 0, 1, 0, 1, 0, 0], 'H': [0, 0, 0, 0, 0, 0, 0, 0, 1, 1], 'I': [1, 0, 0, 0, 0, 0, 0, 0, 0, 0]}}
623759	2024-07-13 13:24:21.877000+08:00	2024-07-13 13:24:21.877000+08:00	{'东门北侧': {'A': [1, 1, 1, 1, 1, 1, 1, 0, 1, 1], 'B': [1, 1, 1, 1, 1, 1, 1, 1, 1, 1], 'C': [1, 1, 1, 0, 1, 1, 1, 1, 1, 0], 'D': [1, 1, 1, 1, 1, 0, 1, 1, 1, 0], 'E': [1, 1, 1, 1, 1, 1, 1, 1, 1, 1], 'F': [1, 1, 1, 1, 1, 1, 1, 1, 0, 1], 'G': [1, 1, 1, 1, 1, 1, 1, 1, 0, 0], 'H': [1, 1, 1, 1, 1, 1, 1, 1, 1, 0], 'I': [1, 0, 1, 1, 1, 1, 0, 1, 0, 1], 'J': [1, 1, 0, 0, 0, 1, 1, 1, 1, 1], 'K': [0, 0, 1, 1, 1, 1, 1, 1, 1, 1]}, '东门南侧': {'A': [0, 0, 1, 0, 1, 1, 0, 0, 0, 0], 'B': [0, 0, 0, 0, 0, 0, 0, 0, 0, 0]}, '西门北侧': {'A': [1, 1, 1, 1, 1, 1, 1, 0, 1, 1], 'B': [1, 1, 1, 1, 1, 1, 1, 0, 1, 1], 'C': [1, 1, 1, 1, 1, 1, 1, 1, 1, 0]}, '西门南侧': {'A': [1, 1, 1, 1, 1, 0, 0, 1, 1, 1], 'B': [1, 1, 1, 1, 1, 1, 1, 1, 1, 1], 'C': [1, 1, 1, 1, 0, 0, 1, 1, 1, 1]}, '南门西侧': {'A': [1, 1, 1, 1, 1, 1, 1, 1, 1, 1], 'B': [0, 0, 0, 0, 0, 1, 0, 0, 0, 0]}, '南门东侧': {'A': [1, 1, 1, 1, 1, 1, 1, 1, 0, 1], 'B': [0, 0, 1, 1, 1, 1, 1, 1, 1, 1]}, '北门东北侧': {'A': [1, 1, 1, 1, 1, 1, 1, 1, 1, 1], 'B': [0, 1, 1, 1, 1, 1, 0, 1, 1, 0], 'C': [0, 0, 1, 1, 1, 1, 0, 1, 1, 1], 'D': [1, 1, 1, 0, 1, 1, 1, 1, 1, 1]}, '北门东南侧': {'A': [0, 0, 1, 1, 1, 0, 1, 1, 1, 0], 'B': [1, 1, 0, 0, 0, 1, 1, 1, 1, 0], 'C': [1, 0, 0, 1, 1, 1, 0, 1, 1, 1], 'D': [0, 0, 1, 0, 1, 1, 1, 0, 0, 1], 'E': [0, 1, 0, 0, 0, 0, 0, 0, 0, 0], 'F': [1, 1, 1, 1, 1, 1, 1, 1, 1, 1]}, '橘园北侧南': {'A': [0, 0, 0, 0, 0, 1, 1, 0, 0, 1], 'B': [1, 1, 1, 1, 0, 1, 1, 0, 1, 1], 'C': [0, 1, 1, 1, 0, 1, 0, 0, 0, 0], 'D': [1, 0, 0, 1, 1, 1, 1, 0, 1, 1], 'E': [1, 1, 1, 1, 1, 1, 1, 0, 0, 1], 'F': [0, 0, 0, 1, 0, 1, 1, 1, 0, 0], 'G': [0, 0, 1, 1, 1, 1, 0, 0, 1, 0], 'H': [0, 1, 1, 1, 1, 0, 0, 0, 0, 1], 'I': [0, 0, 0, 0, 0, 0, 1, 0, 0, 0], 'J': [0, 0, 0, 0, 0, 1, 0, 0, 0, 0]}, '校医院西': {'A': [0, 1, 0, 1, 1, 0, 0, 1, 1, 1], 'B': [0, 1, 1, 1, 1, 0, 0, 1, 1, 1], 'C': [1, 1, 1, 0, 1, 0, 1, 1, 0, 1], 'D': [1, 1, 1, 0, 1, 1, 0, 1, 1, 1], 'E': [1, 0, 1, 1, 1, 1, 1, 0, 1, 1], 'F': [0, 0, 1, 1, 0, 1, 1, 1, 1, 1], 'G': [0, 0, 1, 0, 0, 1, 0, 1, 0, 0], 'H': [0, 0, 0, 0, 0, 0, 0, 0, 1, 1], 'I': [0, 0, 0, 0, 0, 0, 0, 0, 0, 0]}}
623760	2024-07-13 13:25:21.916000+08:00	2024-07-13 13:25:21.916000+08:00	{'东门北侧': {'A': [1, 1, 1, 1, 1, 1, 1, 0, 1, 1], 'B': [1, 1, 1, 1, 1, 1, 1, 1, 1, 1], 'C': [1, 1, 1, 0, 1, 1, 1, 1, 1, 0], 'D': [1, 1, 1, 1, 1, 0, 1, 1, 1, 0], 'E': [1, 1, 1, 1, 1, 1, 1, 1, 1, 1], 'F': [1, 1, 1, 1, 1, 1, 1, 1, 0, 1], 'G': [1, 1, 1, 1, 1, 1, 1, 1, 0, 0], 'H': [1, 1, 1, 1, 1, 1, 1, 1, 1, 0], 'I': [1, 0, 1, 1, 1, 1, 0, 1, 0, 1], 'J': [1, 1, 0, 0, 0, 1, 1, 1, 1, 1], 'K': [0, 0, 1, 1, 1, 1, 1, 1, 1, 1]}, '东门南侧': {'A': [0, 0, 1, 0, 1, 1, 0, 0, 0, 0], 'B': [0, 0, 0, 0, 0, 0, 0, 0, 0, 0]}, '西门北侧': {'A': [1, 1, 1, 1, 1, 1, 1, 0, 1, 1], 'B': [1, 1, 1, 1, 1, 1, 1, 0, 1, 1], 'C': [1, 1, 1, 1, 1, 1, 1, 1, 1, 0]}, '西门南侧': {'A': [1, 1, 1, 1, 1, 0, 0, 1, 1, 1], 'B': [1, 1, 1, 1, 1, 1, 1, 1, 1, 1], 'C': [1, 1, 1, 1, 0, 0, 1, 1, 1, 1]}, '南门西侧': {'A': [1, 1, 1, 1, 1, 1, 1, 1, 1, 1], 'B': [0, 0, 0, 0, 0, 1, 0, 0, 0, 0]}, '南门东侧': {'A': [1, 1, 1, 1, 1, 1, 1, 1, 0, 1], 'B': [0, 0, 1, 1, 1, 1, 1, 1, 1, 1]}, '北门东北侧': {'A': [1, 1, 1, 1, 1, 1, 1, 1, 1, 1], 'B': [0, 1, 1, 1, 1, 1, 0, 1, 1, 0], 'C': [0, 0, 1, 1, 1, 1, 0, 1, 1, 1], 'D': [1, 1, 1, 0, 1, 1, 1, 1, 1, 1]}, '北门东南侧': {'A': [0, 0, 1, 1, 1, 0, 1, 1, 1, 0], 'B': [1, 1, 0, 0, 0, 1, 1, 1, 1, 0], 'C': [1, 0, 0, 1, 1, 1, 0, 1, 1, 1], 'D': [0, 0, 1, 0, 1, 1, 1, 0, 0, 1], 'E': [0, 1, 0, 0, 0, 0, 0, 0, 0, 0], 'F': [1, 1, 1, 1, 1, 1, 1, 1, 1, 1]}, '橘园北侧南': {'A': [0, 0, 0, 0, 0, 1, 1, 0, 0, 1], 'B': [1, 1, 1, 1, 0, 1, 1, 0, 1, 1], 'C': [0, 1, 1, 1, 0, 1, 0, 0, 0, 0], 'D': [1, 0, 0, 1, 1, 1, 1, 0, 1, 1], 'E': [1, 1, 1, 1, 1, 1, 1, 0, 0, 1], 'F': [0, 0, 0, 1, 0, 1, 1, 1, 0, 0], 'G': [0, 0, 1, 1, 1, 1, 0, 0, 1, 0], 'H': [0, 1, 1, 1, 1, 0, 0, 0, 0, 1], 'I': [0, 0, 0, 0, 0, 0, 1, 0, 0, 0], 'J': [0, 0, 0, 0, 0, 1, 0, 0, 0, 0]}, '校医院西': {'A': [0, 1, 0, 1, 1, 0, 0, 1, 1, 1], 'B': [0, 1, 1, 1, 1, 0, 0, 1, 1, 1], 'C': [1, 1, 1, 0, 1, 0, 1, 1, 0, 1], 'D': [1, 1, 1, 0, 1, 1, 0, 1, 1, 1], 'E': [1, 0, 1, 1, 1, 1, 1, 0, 1, 1], 'F': [0, 0, 1, 1, 0, 1, 1, 1, 1, 1], 'G': [0, 0, 1, 0, 0, 1, 0, 1, 0, 0], 'H': [0, 0, 0, 0, 0, 0, 0, 0, 1, 1], 'I': [0, 0, 0, 0, 0, 0, 0, 0, 0, 0]}}
623761	2024-07-13 13:26:23.888000+08:00	2024-07-13 13:26:23.888000+08:00	{'东门北侧': {'A': [1, 1, 1, 1, 1, 1, 1, 0, 1, 1], 'B': [1, 1, 1, 1, 1, 1, 1, 1, 1, 1], 'C': [1, 1, 1, 0, 1, 1, 1, 1, 1, 0], 'D': [1, 1, 1, 1, 1, 0, 1, 1, 1, 0], 'E': [1, 1, 1, 1, 1, 1, 1, 1, 1, 1], 'F': [1, 1, 1, 1, 1, 1, 1, 1, 0, 1], 'G': [1, 1, 1, 1, 1, 1, 1, 1, 0, 0], 'H': [1, 1, 1, 1, 1, 1, 1, 1, 1, 0], 'I': [1, 0, 1, 1, 1, 1, 0, 1, 0, 1], 'J': [1, 1, 0, 0, 0, 1, 1, 1, 1, 1], 'K': [0, 0, 1, 1, 1, 1, 1, 1, 1, 1]}, '东门南侧': {'A': [0, 0, 1, 0, 1, 1, 0, 0, 0, 0], 'B': [0, 0, 0, 0, 0, 0, 0, 0, 0, 0]}, '西门北侧': {'A': [1, 1, 1, 1, 1, 1, 1, 0, 1, 1], 'B': [1, 1, 1, 1, 1, 1, 1, 0, 1, 0], 'C': [1, 1, 1, 1, 1, 1, 1, 1, 1, 0]}, '西门南侧': {'A': [1, 1, 1, 1, 1, 0, 0, 1, 1, 1], 'B': [1, 1, 1, 1, 1, 1, 1, 1, 1, 1], 'C': [1, 1, 1, 1, 0, 0, 1, 1, 1, 1]}, '南门西侧': {'A': [1, 1, 1, 1, 1, 1, 1, 1, 1, 1], 'B': [0, 0, 0, 0, 0, 1, 0, 0, 0, 0]}, '南门东侧': {'A': [1, 1, 1, 1, 1, 1, 1, 1, 0, 1], 'B': [0, 0, 1, 1, 1, 0, 1, 1, 1, 1]}, '北门东北侧': {'A': [1, 1, 1, 1, 1, 1, 1, 1, 1, 1], 'B': [0, 1, 1, 1, 1, 1, 0, 1, 1, 0], 'C': [0, 0, 1, 1, 1, 1, 0, 1, 1, 1], 'D': [1, 1, 1, 0, 1, 1, 1, 1, 1, 1]}, '北门东南侧': {'A': [0, 0, 1, 1, 1, 0, 1, 1, 1, 0], 'B': [1, 1, 0, 0, 0, 1, 1, 1, 1, 0], 'C': [1, 0, 0, 1, 1, 1, 0, 1, 1, 1], 'D': [0, 0, 1, 0, 1, 1, 1, 0, 0, 1], 'E': [0, 1, 0, 0, 0, 0, 0, 0, 0, 0], 'F': [1, 1, 1, 1, 1, 1, 1, 1, 1, 1]}, '橘园北侧南': {'A': [0, 0, 0, 0, 0, 1, 1, 0, 0, 1], 'B': [1, 1, 1, 1, 0, 1, 1, 0, 1, 1], 'C': [0, 1, 1, 1, 0, 1, 0, 0, 0, 0], 'D': [1, 0, 0, 1, 1, 1, 1, 0, 1, 1], 'E': [1, 1, 1, 1, 1, 1, 1, 0, 0, 1], 'F': [0, 0, 0, 1, 0, 1, 1, 1, 0, 0], 'G': [0, 0, 1, 1, 1, 1, 0, 0, 1, 0], 'H': [0, 1, 1, 1, 1, 0, 0, 0, 0, 1], 'I': [0, 0, 0, 0, 0, 0, 1, 0, 0, 0], 'J': [0, 0, 0, 0, 0, 1, 0, 0, 0, 0]}, '校医院西': {'A': [0, 1, 0, 1, 1, 0, 0, 1, 1, 1], 'B': [0, 1, 1, 1, 1, 0, 0, 1, 1, 1], 'C': [1, 1, 1, 0, 1, 0, 1, 1, 0, 1], 'D': [1, 1, 1, 0, 1, 1, 0, 1, 1, 1], 'E': [1, 0, 1, 1, 1, 1, 1, 0, 1, 1], 'F': [0, 0, 1, 1, 0, 1, 1, 1, 1, 1], 'G': [0, 0, 1, 0, 0, 1, 0, 1, 0, 0], 'H': [0, 0, 0, 0, 0, 0, 0, 0, 1, 1], 'I': [0, 0, 0, 0, 0, 0, 0, 0, 0, 0]}}
623762	2024-07-13 13:27:23.066000+08:00	2024-07-13 13:27:23.066000+08:00	{'东门北侧': {'A': [1, 1, 1, 1, 1, 1, 1, 0, 1, 1], 'B': [1, 1, 1, 1, 1, 1, 1, 1, 1, 1], 'C': [1, 1, 1, 0, 1, 1, 1, 1, 1, 0], 'D': [1, 1, 1, 1, 1, 0, 1, 1, 1, 0], 'E': [1, 1, 1, 1, 1, 1, 1, 1, 1, 1], 'F': [1, 1, 1, 1, 1, 1, 1, 1, 0, 1], 'G': [1, 1, 1, 1, 1, 1, 1, 1, 0, 0], 'H': [1, 1, 1, 1, 1, 1, 1, 1, 1, 0], 'I': [1, 0, 1, 1, 1, 1, 0, 1, 0, 1], 'J': [1, 1, 0, 0, 0, 1, 1, 1, 1, 1], 'K': [0, 0, 1, 1, 1, 1, 1, 1, 1, 1]}, '东门南侧': {'A': [0, 0, 1, 0, 1, 1, 0, 0, 0, 0], 'B': [0, 0, 0, 0, 0, 0, 0, 0, 0, 0]}, '西门北侧': {'A': [1, 1, 1, 1, 1, 1, 1, 0, 1, 1], 'B': [1, 1, 1, 1, 1, 1, 1, 0, 1, 0], 'C': [1, 1, 1, 1, 1, 1, 1, 1, 1, 0]}, '西门南侧': {'A': [1, 1, 1, 1, 1, 0, 0, 1, 1, 1], 'B': [1, 1, 1, 1, 1, 1, 1, 1, 1, 1], 'C': [1, 1, 1, 1, 0, 0, 1, 1, 1, 1]}, '南门西侧': {'A': [1, 1, 1, 1, 1, 1, 1, 1, 1, 1], 'B': [0, 0, 0, 0, 0, 1, 0, 0, 0, 0]}, '南门东侧': {'A': [1, 1, 1, 1, 1, 1, 1, 1, 0, 1], 'B': [0, 0, 1, 1, 1, 0, 1, 1, 1, 1]}, '北门东北侧': {'A': [1, 1, 1, 1, 1, 1, 1, 1, 1, 1], 'B': [0, 1, 1, 1, 1, 1, 0, 1, 1, 0], 'C': [0, 0, 0, 1, 1, 1, 0, 1, 1, 1], 'D': [1, 1, 1, 0, 1, 1, 1, 1, 1, 1]}, '北门东南侧': {'A': [0, 0, 1, 1, 1, 0, 1, 1, 1, 0], 'B': [1, 1, 0, 0, 0, 1, 1, 1, 1, 0], 'C': [1, 0, 0, 1, 1, 1, 0, 1, 1, 1], 'D': [0, 0, 1, 0, 1, 1, 1, 0, 0, 1], 'E': [0, 1, 0, 0, 0, 0, 0, 0, 0, 0], 'F': [1, 1, 1, 1, 1, 1, 1, 1, 1, 1]}, '橘园北侧南': {'A': [0, 0, 0, 0, 0, 1, 1, 0, 0, 1], 'B': [1, 1, 1, 1, 0, 1, 1, 0, 1, 1], 'C': [0, 1, 1, 1, 0, 1, 0, 0, 0, 0], 'D': [1, 0, 0, 1, 1, 1, 1, 0, 1, 1], 'E': [1, 1, 1, 1, 1, 1, 1, 0, 0, 1], 'F': [0, 0, 0, 1, 0, 1, 1, 1, 0, 0], 'G': [0, 0, 1, 1, 1, 1, 0, 0, 1, 0], 'H': [0, 1, 1, 1, 1, 0, 0, 0, 0, 1], 'I': [0, 0, 0, 0, 0, 0, 1, 0, 0, 0], 'J': [0, 0, 0, 0, 0, 1, 0, 0, 0, 0]}, '校医院西': {'A': [0, 1, 0, 1, 1, 0, 0, 1, 1, 1], 'B': [0, 1, 1, 1, 1, 0, 0, 1, 1, 1], 'C': [1, 1, 1, 0, 1, 0, 1, 1, 0, 1], 'D': [1, 1, 1, 0, 1, 1, 0, 1, 1, 1], 'E': [1, 0, 1, 1, 1, 1, 1, 0, 1, 1], 'F': [0, 0, 1, 1, 0, 1, 1, 1, 1, 1], 'G': [0, 0, 1, 0, 0, 1, 0, 1, 0, 0], 'H': [0, 0, 0, 0, 0, 0, 0, 0, 1, 1], 'I': [0, 0, 0, 0, 0, 0, 0, 0, 0, 0]}}
623763	2024-07-13 13:28:21.888000+08:00	2024-07-13 13:28:21.888000+08:00	{'东门北侧': {'A': [1, 1, 1, 1, 1, 1, 1, 0, 1, 1], 'B': [1, 1, 1, 1, 1, 1, 1, 1, 1, 1], 'C': [1, 1, 1, 0, 1, 1, 1, 1, 1, 0], 'D': [1, 1, 1, 1, 1, 0, 1, 1, 1, 0], 'E': [1, 1, 1, 1, 1, 1, 1, 1, 1, 1], 'F': [1, 1, 1, 1, 1, 1, 1, 1, 0, 1], 'G': [1, 1, 1, 1, 1, 1, 1, 1, 0, 0], 'H': [1, 1, 1, 1, 1, 1, 1, 1, 1, 0], 'I': [1, 0, 1, 1, 1, 1, 0, 1, 0, 1], 'J': [1, 1, 0, 0, 0, 1, 1, 1, 1, 1], 'K': [0, 0, 1, 1, 1, 1, 1, 1, 1, 1]}, '东门南侧': {'A': [0, 0, 1, 0, 1, 1, 0, 0, 0, 0], 'B': [0, 0, 0, 0, 0, 0, 0, 0, 0, 0]}, '西门北侧': {'A': [1, 1, 1, 1, 1, 1, 1, 0, 1, 1], 'B': [1, 1, 1, 1, 1, 1, 1, 0, 1, 0], 'C': [1, 1, 1, 1, 1, 1, 1, 1, 1, 0]}, '西门南侧': {'A': [1, 1, 1, 1, 1, 0, 0, 1, 1, 1], 'B': [1, 1, 1, 1, 1, 1, 1, 1, 1, 1], 'C': [1, 1, 1, 1, 0, 0, 1, 1, 1, 1]}, '南门西侧': {'A': [1, 1, 1, 1, 1, 1, 1, 1, 1, 1], 'B': [0, 0, 0, 0, 0, 1, 0, 0, 0, 0]}, '南门东侧': {'A': [1, 1, 1, 1, 1, 1, 1, 1, 0, 1], 'B': [0, 0, 1, 1, 1, 0, 1, 1, 1, 1]}, '北门东北侧': {'A': [1, 1, 1, 1, 1, 1, 1, 1, 1, 1], 'B': [0, 1, 1, 1, 1, 1, 0, 1, 1, 0], 'C': [0, 0, 0, 1, 1, 1, 0, 1, 1, 1], 'D': [1, 1, 1, 0, 1, 1, 1, 1, 1, 1]}, '北门东南侧': {'A': [0, 0, 1, 1, 1, 0, 1, 1, 1, 0], 'B': [1, 1, 0, 0, 0, 1, 1, 1, 1, 0], 'C': [1, 0, 0, 1, 1, 1, 0, 1, 1, 1], 'D': [0, 0, 1, 0, 1, 1, 1, 0, 0, 1], 'E': [0, 1, 0, 0, 0, 0, 0, 0, 0, 0], 'F': [1, 1, 1, 1, 1, 1, 1, 1, 1, 1]}, '橘园北侧南': {'A': [0, 0, 0, 0, 0, 1, 1, 0, 0, 1], 'B': [1, 1, 1, 1, 0, 1, 1, 0, 1, 1], 'C': [0, 1, 1, 1, 0, 1, 0, 0, 0, 0], 'D': [1, 0, 0, 1, 1, 1, 1, 0, 1, 1], 'E': [1, 1, 1, 1, 1, 1, 1, 0, 0, 1], 'F': [0, 0, 0, 1, 0, 1, 1, 1, 0, 0], 'G': [0, 0, 1, 1, 1, 1, 0, 0, 1, 0], 'H': [0, 1, 1, 1, 1, 0, 0, 0, 0, 1], 'I': [0, 0, 0, 0, 0, 0, 1, 0, 0, 0], 'J': [0, 0, 0, 0, 0, 1, 0, 0, 0, 0]}, '校医院西': {'A': [0, 1, 0, 1, 1, 0, 0, 1, 1, 1], 'B': [0, 1, 1, 1, 1, 0, 0, 1, 1, 1], 'C': [1, 1, 1, 0, 1, 0, 1, 1, 0, 1], 'D': [1, 1, 1, 0, 1, 1, 0, 1, 1, 1], 'E': [1, 0, 1, 1, 1, 1, 1, 0, 1, 1], 'F': [0, 0, 1, 1, 0, 1, 1, 1, 1, 1], 'G': [0, 0, 1, 0, 0, 1, 0, 1, 0, 0], 'H': [0, 0, 0, 0, 0, 0, 0, 0, 1, 1], 'I': [0, 0, 0, 0, 0, 0, 0, 0, 0, 0]}}
623764	2024-07-13 13:29:20.886000+08:00	2024-07-13 13:29:20.886000+08:00	{'东门北侧': {'A': [1, 1, 1, 1, 1, 1, 1, 0, 1, 1], 'B': [1, 1, 1, 1, 1, 1, 1, 1, 1, 1], 'C': [1, 1, 1, 0, 1, 1, 1, 1, 1, 0], 'D': [1, 1, 1, 1, 1, 0, 1, 1, 1, 0], 'E': [1, 1, 1, 1, 1, 1, 1, 1, 1, 1], 'F': [1, 1, 1, 1, 1, 1, 1, 1, 0, 1], 'G': [1, 1, 1, 1, 1, 1, 1, 1, 0, 0], 'H': [1, 1, 1, 1, 1, 1, 1, 1, 1, 0], 'I': [1, 0, 1, 1, 1, 1, 0, 1, 0, 1], 'J': [1, 1, 0, 0, 0, 1, 1, 1, 1, 1], 'K': [0, 0, 1, 1, 1, 1, 1, 1, 1, 1]}, '东门南侧': {'A': [0, 0, 1, 0, 1, 1, 0, 0, 0, 0], 'B': [0, 0, 0, 0, 0, 0, 0, 0, 0, 0]}, '西门北侧': {'A': [1, 1, 1, 1, 1, 1, 1, 0, 1, 1], 'B': [1, 1, 1, 1, 1, 1, 1, 0, 1, 0], 'C': [1, 1, 1, 1, 1, 1, 1, 1, 1, 0]}, '西门南侧': {'A': [1, 1, 1, 1, 1, 0, 0, 1, 1, 1], 'B': [1, 1, 1, 1, 1, 1, 1, 1, 1, 1], 'C': [1, 1, 1, 1, 0, 0, 1, 1, 1, 1]}, '南门西侧': {'A': [1, 1, 1, 1, 1, 1, 1, 1, 1, 1], 'B': [0, 0, 0, 0, 0, 1, 0, 0, 0, 0]}, '南门东侧': {'A': [1, 1, 1, 1, 1, 1, 1, 1, 0, 1], 'B': [0, 0, 1, 1, 1, 0, 1, 1, 1, 1]}, '北门东北侧': {'A': [1, 1, 1, 1, 1, 1, 1, 1, 1, 1], 'B': [0, 1, 1, 1, 1, 1, 0, 1, 1, 0], 'C': [0, 0, 0, 1, 1, 1, 0, 1, 1, 1], 'D': [1, 1, 1, 0, 1, 1, 1, 1, 1, 1]}, '北门东南侧': {'A': [0, 0, 1, 1, 1, 0, 1, 1, 1, 0], 'B': [1, 1, 0, 0, 0, 1, 1, 1, 1, 0], 'C': [1, 0, 0, 1, 1, 1, 0, 1, 1, 1], 'D': [0, 0, 1, 0, 1, 1, 1, 0, 0, 1], 'E': [0, 1, 0, 0, 0, 0, 0, 0, 0, 0], 'F': [1, 1, 1, 1, 1, 1, 1, 1, 1, 1]}, '橘园北侧南': {'A': [0, 0, 0, 0, 0, 1, 1, 0, 0, 1], 'B': [1, 1, 1, 1, 0, 1, 1, 0, 1, 1], 'C': [0, 1, 1, 1, 0, 1, 0, 0, 0, 0], 'D': [1, 0, 0, 1, 1, 1, 1, 0, 1, 1], 'E': [1, 1, 1, 1, 1, 1, 1, 0, 0, 1], 'F': [0, 0, 0, 1, 0, 1, 1, 1, 0, 0], 'G': [0, 0, 1, 1, 1, 1, 0, 0, 1, 0], 'H': [0, 1, 1, 1, 1, 0, 0, 0, 0, 1], 'I': [0, 0, 0, 0, 0, 0, 1, 0, 0, 0], 'J': [0, 0, 0, 0, 0, 1, 0, 0, 0, 0]}, '校医院西': {'A': [0, 1, 0, 1, 1, 0, 0, 1, 1, 1], 'B': [0, 1, 1, 1, 1, 0, 0, 1, 1, 1], 'C': [1, 1, 1, 0, 1, 0, 1, 1, 0, 1], 'D': [1, 1, 1, 0, 1, 1, 0, 1, 1, 1], 'E': [1, 0, 1, 1, 1, 1, 1, 0, 1, 1], 'F': [0, 0, 1, 1, 0, 1, 1, 1, 1, 1], 'G': [0, 0, 1, 0, 0, 1, 0, 1, 0, 0], 'H': [0, 0, 0, 0, 0, 0, 0, 0, 1, 1], 'I': [0, 0, 0, 0, 0, 0, 0, 0, 0, 0]}}
623765	2024-07-13 13:30:20.998000+08:00	2024-07-13 13:30:20.998000+08:00	{'东门北侧': {'A': [1, 1, 1, 1, 1, 1, 1, 0, 1, 1], 'B': [1, 1, 1, 1, 1, 1, 1, 1, 1, 1], 'C': [1, 1, 1, 0, 1, 1, 1, 1, 1, 0], 'D': [1, 1, 1, 1, 1, 0, 1, 1, 1, 0], 'E': [1, 1, 1, 1, 1, 1, 1, 1, 1, 1], 'F': [1, 1, 1, 1, 1, 1, 1, 1, 0, 1], 'G': [1, 1, 1, 1, 1, 1, 1, 1, 0, 0], 'H': [1, 1, 1, 1, 1, 1, 1, 1, 1, 0], 'I': [1, 0, 1, 1, 1, 1, 0, 1, 0, 1], 'J': [1, 1, 0, 0, 0, 1, 1, 1, 1, 1], 'K': [0, 0, 1, 1, 1, 1, 1, 1, 1, 1]}, '东门南侧': {'A': [0, 0, 1, 0, 1, 1, 0, 0, 0, 0], 'B': [0, 0, 0, 0, 0, 0, 0, 0, 0, 0]}, '西门北侧': {'A': [1, 1, 1, 1, 1, 1, 1, 0, 1, 1], 'B': [1, 1, 1, 1, 1, 1, 1, 0, 1, 0], 'C': [1, 1, 1, 1, 1, 1, 1, 1, 1, 0]}, '西门南侧': {'A': [1, 1, 1, 1, 1, 0, 0, 1, 1, 1], 'B': [1, 1, 1, 1, 1, 1, 1, 1, 1, 1], 'C': [1, 1, 1, 1, 0, 0, 1, 1, 1, 1]}, '南门西侧': {'A': [1, 1, 1, 1, 1, 1, 1, 1, 1, 1], 'B': [0, 0, 0, 0, 0, 1, 0, 0, 0, 0]}, '南门东侧': {'A': [1, 1, 1, 1, 1, 1, 1, 1, 0, 1], 'B': [0, 0, 1, 1, 1, 0, 1, 1, 1, 1]}, '北门东北侧': {'A': [1, 1, 1, 1, 1, 1, 1, 1, 1, 1], 'B': [0, 1, 1, 1, 1, 1, 0, 1, 1, 0], 'C': [0, 0, 0, 1, 1, 1, 0, 1, 1, 1], 'D': [0, 1, 1, 0, 1, 1, 1, 1, 1, 1]}, '北门东南侧': {'A': [0, 0, 1, 1, 1, 0, 1, 1, 1, 0], 'B': [1, 1, 0, 0, 0, 1, 1, 1, 1, 0], 'C': [1, 0, 0, 1, 1, 1, 0, 1, 1, 1], 'D': [0, 0, 1, 0, 1, 1, 1, 0, 0, 1], 'E': [0, 1, 0, 0, 0, 0, 0, 0, 0, 0], 'F': [1, 1, 1, 1, 1, 1, 1, 1, 1, 1]}, '橘园北侧南': {'A': [0, 0, 0, 0, 0, 1, 1, 0, 0, 1], 'B': [1, 1, 1, 1, 0, 1, 1, 0, 1, 1], 'C': [0, 1, 1, 1, 0, 1, 0, 0, 0, 0], 'D': [1, 0, 0, 1, 1, 1, 1, 0, 1, 1], 'E': [1, 1, 1, 1, 1, 1, 1, 0, 0, 1], 'F': [0, 0, 0, 1, 0, 1, 1, 1, 0, 0], 'G': [0, 0, 1, 1, 1, 1, 0, 0, 1, 0], 'H': [0, 1, 1, 1, 1, 0, 0, 0, 0, 1], 'I': [0, 0, 0, 0, 0, 0, 1, 0, 0, 0], 'J': [0, 0, 0, 0, 0, 1, 0, 0, 0, 0]}, '校医院西': {'A': [0, 1, 0, 1, 1, 0, 0, 1, 1, 1], 'B': [0, 1, 1, 1, 1, 0, 0, 1, 1, 1], 'C': [1, 1, 1, 0, 1, 0, 1, 1, 0, 1], 'D': [1, 1, 1, 0, 1, 1, 0, 1, 1, 1], 'E': [1, 0, 1, 1, 1, 1, 1, 0, 1, 1], 'F': [0, 0, 1, 1, 0, 1, 1, 1, 1, 1], 'G': [0, 0, 1, 0, 0, 1, 0, 1, 0, 0], 'H': [0, 0, 0, 0, 0, 0, 0, 0, 1, 1], 'I': [0, 0, 0, 0, 0, 0, 0, 0, 0, 0]}}
623766	2024-07-13 13:31:22.886000+08:00	2024-07-13 13:31:22.886000+08:00	{'东门北侧': {'A': [1, 1, 1, 1, 1, 1, 1, 0, 1, 1], 'B': [1, 1, 1, 1, 1, 1, 1, 1, 1, 1], 'C': [1, 1, 1, 0, 1, 1, 1, 1, 1, 0], 'D': [1, 1, 1, 1, 1, 0, 1, 1, 1, 0], 'E': [1, 1, 1, 1, 1, 1, 1, 1, 1, 1], 'F': [1, 1, 1, 1, 1, 1, 1, 1, 0, 1], 'G': [1, 1, 1, 1, 1, 1, 1, 1, 0, 0], 'H': [1, 1, 1, 1, 1, 1, 1, 1, 1, 0], 'I': [1, 0, 1, 1, 1, 1, 0, 1, 0, 1], 'J': [1, 1, 0, 0, 0, 1, 1, 1, 1, 1], 'K': [0, 0, 1, 1, 1, 1, 1, 1, 1, 1]}, '东门南侧': {'A': [0, 0, 1, 0, 1, 1, 0, 0, 0, 0], 'B': [0, 0, 0, 0, 0, 0, 0, 0, 0, 0]}, '西门北侧': {'A': [1, 1, 1, 1, 1, 1, 1, 0, 1, 1], 'B': [1, 1, 1, 1, 1, 1, 1, 0, 1, 0], 'C': [1, 1, 1, 1, 1, 1, 1, 1, 1, 0]}, '西门南侧': {'A': [1, 1, 1, 1, 1, 0, 0, 1, 1, 1], 'B': [1, 1, 1, 1, 1, 1, 1, 1, 1, 1], 'C': [1, 1, 0, 1, 0, 0, 1, 1, 1, 1]}, '南门西侧': {'A': [1, 1, 1, 1, 1, 1, 1, 1, 1, 1], 'B': [0, 0, 0, 0, 0, 1, 0, 0, 0, 0]}, '南门东侧': {'A': [1, 1, 1, 1, 1, 1, 1, 1, 0, 1], 'B': [0, 0, 1, 1, 1, 0, 1, 1, 1, 1]}, '北门东北侧': {'A': [1, 1, 1, 1, 1, 1, 1, 1, 1, 1], 'B': [0, 1, 1, 1, 1, 1, 0, 1, 1, 0], 'C': [0, 0, 0, 1, 1, 1, 0, 1, 1, 1], 'D': [0, 1, 1, 0, 1, 1, 1, 1, 1, 1]}, '北门东南侧': {'A': [0, 0, 1, 1, 1, 0, 1, 1, 1, 0], 'B': [1, 1, 0, 0, 0, 1, 1, 1, 1, 0], 'C': [1, 0, 0, 1, 1, 1, 0, 1, 1, 1], 'D': [0, 0, 1, 0, 1, 1, 1, 0, 0, 1], 'E': [0, 1, 0, 0, 0, 0, 0, 0, 0, 0], 'F': [1, 1, 1, 1, 1, 1, 1, 1, 1, 1]}, '橘园北侧南': {'A': [0, 0, 0, 0, 0, 1, 1, 0, 0, 1], 'B': [1, 1, 1, 1, 0, 1, 1, 0, 1, 1], 'C': [0, 1, 1, 1, 0, 1, 0, 0, 0, 0], 'D': [1, 0, 0, 1, 1, 1, 1, 0, 1, 1], 'E': [1, 1, 1, 1, 1, 1, 1, 0, 0, 1], 'F': [0, 0, 0, 1, 0, 1, 1, 1, 0, 0], 'G': [0, 0, 1, 1, 1, 1, 0, 0, 1, 0], 'H': [0, 1, 1, 1, 1, 0, 0, 0, 0, 1], 'I': [0, 0, 0, 0, 0, 0, 1, 0, 0, 0], 'J': [0, 0, 0, 0, 0, 1, 0, 0, 0, 0]}, '校医院西': {'A': [0, 1, 0, 1, 1, 0, 0, 1, 1, 1], 'B': [0, 1, 1, 1, 1, 0, 0, 1, 1, 1], 'C': [1, 1, 1, 0, 1, 0, 1, 1, 0, 1], 'D': [1, 1, 1, 0, 1, 1, 0, 1, 1, 1], 'E': [1, 0, 1, 1, 1, 1, 1, 0, 1, 1], 'F': [0, 0, 1, 1, 0, 1, 1, 1, 1, 1], 'G': [0, 0, 1, 0, 0, 1, 0, 1, 0, 0], 'H': [0, 0, 0, 0, 0, 0, 0, 0, 1, 1], 'I': [0, 0, 0, 0, 0, 0, 0, 0, 0, 0]}}
623767	2024-07-13 13:32:23.884000+08:00	2024-07-13 13:32:23.884000+08:00	{'东门北侧': {'A': [1, 1, 1, 1, 1, 1, 1, 0, 1, 1], 'B': [1, 1, 1, 1, 1, 1, 1, 1, 1, 1], 'C': [1, 1, 1, 0, 1, 1, 1, 1, 1, 0], 'D': [1, 1, 1, 1, 1, 0, 1, 1, 1, 0], 'E': [1, 1, 1, 1, 1, 1, 1, 1, 1, 1], 'F': [1, 1, 1, 1, 1, 1, 1, 1, 0, 1], 'G': [1, 1, 1, 1, 1, 1, 1, 1, 0, 0], 'H': [1, 1, 1, 1, 1, 1, 1, 1, 1, 0], 'I': [1, 0, 1, 1, 1, 1, 0, 1, 0, 1], 'J': [1, 1, 0, 0, 0, 1, 1, 1, 1, 1], 'K': [0, 0, 1, 1, 1, 1, 1, 1, 1, 1]}, '东门南侧': {'A': [0, 0, 1, 0, 1, 1, 0, 0, 0, 0], 'B': [0, 0, 0, 0, 0, 0, 0, 0, 0, 0]}, '西门北侧': {'A': [1, 1, 1, 1, 1, 1, 1, 0, 1, 1], 'B': [1, 1, 1, 1, 1, 1, 1, 0, 1, 0], 'C': [1, 1, 1, 1, 1, 1, 1, 1, 1, 0]}, '西门南侧': {'A': [1, 1, 1, 1, 1, 0, 0, 1, 1, 1], 'B': [1, 1, 1, 1, 1, 1, 1, 1, 1, 1], 'C': [1, 1, 0, 1, 0, 0, 1, 1, 1, 1]}, '南门西侧': {'A': [1, 1, 1, 1, 1, 1, 1, 1, 1, 1], 'B': [0, 0, 0, 0, 0, 1, 0, 0, 0, 0]}, '南门东侧': {'A': [1, 1, 1, 1, 1, 1, 1, 1, 0, 1], 'B': [0, 0, 1, 1, 1, 0, 1, 1, 1, 1]}, '北门东北侧': {'A': [1, 1, 1, 1, 1, 1, 1, 1, 1, 1], 'B': [0, 1, 1, 1, 1, 1, 0, 1, 1, 0], 'C': [0, 0, 0, 1, 1, 1, 0, 1, 1, 1], 'D': [0, 1, 1, 0, 1, 1, 1, 1, 1, 1]}, '北门东南侧': {'A': [0, 0, 1, 1, 1, 0, 1, 1, 1, 0], 'B': [1, 1, 0, 0, 0, 1, 1, 1, 1, 0], 'C': [1, 0, 0, 1, 0, 1, 0, 1, 1, 1], 'D': [0, 0, 1, 0, 1, 1, 1, 0, 0, 1], 'E': [0, 1, 0, 0, 0, 0, 0, 0, 0, 0], 'F': [1, 1, 1, 1, 1, 1, 1, 1, 1, 1]}, '橘园北侧南': {'A': [0, 0, 0, 0, 0, 1, 1, 0, 0, 1], 'B': [1, 1, 1, 1, 0, 1, 1, 0, 1, 1], 'C': [0, 1, 1, 1, 0, 1, 0, 0, 0, 0], 'D': [1, 0, 0, 1, 1, 1, 1, 0, 1, 1], 'E': [1, 1, 1, 1, 1, 1, 1, 0, 0, 1], 'F': [0, 0, 0, 1, 0, 1, 1, 1, 0, 0], 'G': [0, 0, 1, 1, 1, 1, 0, 0, 1, 0], 'H': [0, 1, 1, 1, 1, 0, 0, 0, 0, 1], 'I': [0, 0, 0, 0, 0, 0, 1, 0, 0, 0], 'J': [0, 0, 0, 0, 0, 1, 0, 0, 0, 0]}, '校医院西': {'A': [0, 1, 0, 1, 1, 0, 0, 1, 1, 1], 'B': [0, 1, 1, 1, 1, 0, 0, 1, 1, 1], 'C': [1, 1, 1, 0, 1, 0, 1, 1, 0, 1], 'D': [1, 1, 1, 0, 1, 1, 0, 1, 1, 1], 'E': [1, 0, 1, 1, 1, 1, 1, 0, 1, 1], 'F': [0, 0, 1, 1, 0, 1, 1, 1, 1, 1], 'G': [0, 0, 1, 0, 0, 1, 0, 1, 0, 0], 'H': [0, 0, 0, 0, 0, 0, 0, 0, 1, 1], 'I': [0, 0, 0, 0, 0, 0, 0, 0, 0, 0]}}
623768	2024-07-13 13:33:21.930000+08:00	2024-07-13 13:33:21.930000+08:00	{'东门北侧': {'A': [1, 1, 1, 1, 1, 1, 1, 0, 1, 1], 'B': [1, 1, 1, 1, 1, 1, 1, 1, 1, 1], 'C': [1, 1, 1, 0, 1, 1, 1, 1, 1, 0], 'D': [1, 1, 1, 1, 1, 0, 1, 1, 1, 0], 'E': [1, 1, 1, 1, 1, 1, 1, 1, 1, 1], 'F': [1, 1, 1, 1, 1, 1, 1, 1, 0, 1], 'G': [1, 1, 1, 1, 1, 1, 1, 1, 0, 0], 'H': [1, 1, 1, 1, 1, 1, 1, 1, 1, 0], 'I': [1, 0, 1, 1, 1, 1, 0, 1, 0, 1], 'J': [1, 1, 0, 0, 0, 1, 1, 1, 1, 1], 'K': [0, 0, 1, 1, 1, 1, 1, 1, 1, 1]}, '东门南侧': {'A': [0, 0, 0, 0, 1, 1, 0, 0, 0, 0], 'B': [0, 0, 0, 0, 0, 0, 0, 0, 0, 0]}, '西门北侧': {'A': [1, 1, 1, 1, 1, 1, 1, 0, 1, 1], 'B': [1, 1, 1, 1, 1, 1, 1, 0, 1, 0], 'C': [1, 1, 1, 1, 1, 1, 1, 1, 1, 0]}, '西门南侧': {'A': [1, 1, 1, 1, 1, 0, 0, 1, 1, 1], 'B': [1, 1, 1, 1, 1, 1, 1, 1, 1, 1], 'C': [1, 1, 0, 1, 0, 0, 1, 1, 1, 1]}, '南门西侧': {'A': [1, 1, 1, 1, 1, 1, 1, 1, 1, 1], 'B': [0, 0, 0, 0, 0, 1, 0, 0, 0, 0]}, '南门东侧': {'A': [1, 1, 1, 1, 1, 1, 1, 1, 0, 1], 'B': [0, 0, 1, 1, 1, 0, 1, 1, 1, 1]}, '北门东北侧': {'A': [1, 1, 1, 1, 1, 1, 1, 1, 1, 1], 'B': [0, 1, 1, 1, 1, 1, 0, 1, 1, 0], 'C': [0, 0, 0, 1, 1, 1, 0, 1, 1, 1], 'D': [0, 1, 1, 0, 1, 1, 1, 1, 1, 1]}, '北门东南侧': {'A': [0, 0, 1, 1, 1, 0, 1, 1, 1, 0], 'B': [1, 1, 0, 0, 0, 1, 1, 1, 1, 0], 'C': [1, 0, 0, 1, 0, 1, 0, 1, 1, 1], 'D': [0, 0, 1, 0, 1, 1, 1, 0, 0, 1], 'E': [0, 1, 0, 0, 0, 0, 0, 0, 0, 0], 'F': [1, 1, 1, 1, 1, 1, 1, 1, 1, 1]}, '橘园北侧南': {'A': [0, 0, 0, 0, 0, 1, 1, 0, 0, 1], 'B': [1, 1, 1, 1, 0, 1, 1, 0, 1, 1], 'C': [0, 1, 1, 1, 0, 1, 0, 0, 0, 0], 'D': [1, 0, 0, 1, 1, 1, 1, 0, 1, 1], 'E': [1, 1, 1, 1, 1, 1, 1, 0, 0, 1], 'F': [0, 0, 0, 1, 0, 1, 1, 1, 0, 0], 'G': [0, 0, 1, 1, 1, 1, 0, 0, 1, 0], 'H': [0, 1, 1, 1, 1, 0, 0, 0, 0, 1], 'I': [0, 0, 0, 0, 0, 0, 1, 0, 0, 0], 'J': [0, 0, 0, 0, 0, 0, 0, 0, 0, 0]}, '校医院西': {'A': [0, 1, 0, 1, 1, 0, 0, 1, 1, 1], 'B': [0, 1, 1, 1, 1, 0, 0, 1, 1, 1], 'C': [1, 1, 1, 0, 1, 0, 1, 1, 0, 1], 'D': [1, 1, 1, 0, 1, 1, 0, 1, 1, 1], 'E': [1, 0, 1, 1, 1, 1, 1, 0, 1, 1], 'F': [0, 0, 1, 1, 0, 1, 1, 1, 1, 1], 'G': [0, 0, 1, 0, 0, 1, 0, 1, 0, 0], 'H': [0, 0, 0, 0, 0, 0, 0, 0, 1, 1], 'I': [0, 0, 0, 0, 0, 0, 0, 0, 0, 0]}}
623769	2024-07-13 13:34:20.893000+08:00	2024-07-13 13:34:20.893000+08:00	{'东门北侧': {'A': [1, 1, 1, 1, 1, 1, 1, 0, 1, 1], 'B': [1, 1, 1, 1, 1, 1, 1, 1, 1, 1], 'C': [1, 1, 1, 0, 1, 1, 1, 1, 1, 0], 'D': [1, 1, 1, 1, 1, 0, 1, 1, 1, 0], 'E': [1, 1, 1, 1, 1, 1, 1, 1, 1, 1], 'F': [1, 1, 1, 1, 1, 1, 1, 1, 0, 1], 'G': [1, 1, 1, 1, 1, 1, 1, 1, 0, 0], 'H': [1, 1, 1, 1, 1, 1, 1, 1, 1, 0], 'I': [1, 0, 1, 1, 1, 1, 0, 1, 0, 1], 'J': [1, 1, 0, 0, 0, 1, 1, 1, 1, 1], 'K': [0, 0, 1, 1, 1, 1, 1, 1, 1, 1]}, '东门南侧': {'A': [0, 0, 0, 0, 1, 1, 0, 0, 0, 0], 'B': [0, 0, 0, 0, 0, 0, 0, 0, 0, 0]}, '西门北侧': {'A': [1, 1, 1, 1, 1, 1, 1, 0, 1, 1], 'B': [1, 1, 1, 1, 1, 1, 1, 0, 1, 0], 'C': [1, 1, 1, 1, 1, 1, 1, 1, 1, 0]}, '西门南侧': {'A': [1, 1, 1, 1, 1, 0, 0, 1, 1, 1], 'B': [1, 1, 1, 1, 1, 1, 1, 1, 1, 1], 'C': [1, 1, 0, 1, 0, 0, 1, 1, 1, 1]}, '南门西侧': {'A': [1, 1, 1, 1, 1, 1, 1, 1, 1, 1], 'B': [0, 0, 0, 0, 0, 1, 0, 0, 0, 0]}, '南门东侧': {'A': [1, 1, 1, 1, 1, 1, 1, 1, 0, 1], 'B': [0, 0, 1, 1, 1, 0, 1, 1, 1, 1]}, '北门东北侧': {'A': [1, 1, 1, 1, 1, 1, 1, 1, 1, 1], 'B': [0, 1, 1, 1, 1, 1, 0, 1, 1, 0], 'C': [0, 0, 0, 1, 1, 1, 0, 1, 1, 1], 'D': [0, 1, 1, 0, 1, 1, 1, 1, 1, 1]}, '北门东南侧': {'A': [0, 0, 1, 1, 1, 0, 1, 1, 1, 1], 'B': [1, 1, 0, 0, 0, 1, 1, 1, 1, 0], 'C': [1, 0, 0, 1, 0, 1, 0, 1, 1, 1], 'D': [0, 0, 1, 0, 1, 1, 1, 0, 0, 1], 'E': [0, 1, 0, 0, 0, 0, 0, 0, 0, 0], 'F': [1, 1, 1, 1, 1, 1, 1, 1, 1, 1]}, '橘园北侧南': {'A': [0, 0, 0, 0, 0, 1, 1, 0, 0, 1], 'B': [1, 1, 1, 1, 0, 1, 1, 0, 1, 1], 'C': [0, 1, 1, 1, 0, 1, 0, 0, 0, 0], 'D': [1, 0, 0, 1, 1, 1, 1, 0, 1, 1], 'E': [1, 1, 1, 1, 1, 1, 1, 0, 0, 1], 'F': [0, 0, 0, 1, 0, 1, 1, 1, 0, 0], 'G': [0, 0, 1, 1, 1, 1, 0, 0, 1, 0], 'H': [0, 1, 1, 1, 1, 0, 0, 0, 0, 1], 'I': [0, 0, 0, 0, 0, 0, 1, 0, 0, 0], 'J': [0, 0, 0, 0, 0, 0, 0, 0, 0, 0]}, '校医院西': {'A': [0, 1, 0, 1, 1, 0, 0, 1, 1, 1], 'B': [0, 1, 1, 1, 1, 0, 0, 1, 1, 1], 'C': [1, 1, 1, 0, 1, 0, 1, 1, 0, 1], 'D': [1, 1, 1, 0, 1, 1, 0, 1, 1, 1], 'E': [1, 0, 1, 1, 1, 1, 1, 0, 1, 1], 'F': [0, 0, 1, 1, 0, 1, 1, 1, 1, 1], 'G': [0, 0, 1, 0, 0, 1, 0, 1, 0, 0], 'H': [0, 0, 0, 0, 0, 0, 0, 0, 1, 1], 'I': [0, 0, 0, 0, 0, 0, 0, 0, 0, 0]}}
623770	2024-07-13 13:35:23.920000+08:00	2024-07-13 13:35:23.920000+08:00	{'东门北侧': {'A': [1, 1, 1, 1, 1, 1, 1, 0, 1, 1], 'B': [1, 1, 1, 1, 1, 1, 1, 1, 1, 1], 'C': [1, 1, 1, 0, 1, 1, 1, 1, 1, 0], 'D': [1, 1, 1, 1, 1, 0, 1, 1, 1, 0], 'E': [1, 1, 1, 1, 1, 1, 1, 1, 1, 1], 'F': [1, 1, 1, 1, 1, 1, 1, 1, 0, 1], 'G': [1, 1, 1, 1, 1, 1, 1, 1, 0, 0], 'H': [1, 1, 1, 1, 1, 1, 1, 1, 0, 0], 'I': [1, 0, 1, 1, 1, 1, 0, 1, 0, 1], 'J': [1, 1, 0, 0, 0, 1, 1, 1, 1, 1], 'K': [0, 0, 1, 1, 1, 1, 1, 1, 1, 1]}, '东门南侧': {'A': [0, 0, 0, 0, 1, 1, 0, 0, 0, 0], 'B': [0, 0, 0, 0, 0, 0, 0, 0, 0, 0]}, '西门北侧': {'A': [1, 1, 1, 1, 1, 1, 1, 0, 1, 1], 'B': [1, 1, 1, 1, 1, 1, 1, 0, 1, 0], 'C': [1, 1, 1, 1, 1, 1, 1, 1, 1, 0]}, '西门南侧': {'A': [1, 1, 1, 1, 1, 0, 0, 1, 1, 1], 'B': [1, 1, 1, 1, 1, 1, 1, 1, 1, 1], 'C': [1, 1, 0, 1, 0, 0, 1, 1, 1, 1]}, '南门西侧': {'A': [1, 1, 1, 1, 1, 1, 1, 1, 1, 1], 'B': [0, 0, 0, 0, 0, 1, 0, 0, 0, 0]}, '南门东侧': {'A': [1, 1, 1, 1, 1, 1, 1, 1, 0, 1], 'B': [0, 0, 1, 1, 1, 0, 1, 1, 1, 1]}, '北门东北侧': {'A': [1, 1, 1, 1, 1, 1, 1, 1, 1, 1], 'B': [0, 1, 1, 1, 1, 1, 0, 1, 1, 0], 'C': [0, 0, 0, 1, 1, 1, 0, 1, 1, 1], 'D': [0, 1, 1, 0, 1, 1, 1, 1, 1, 1]}, '北门东南侧': {'A': [0, 0, 1, 1, 1, 0, 1, 1, 1, 1], 'B': [1, 1, 0, 0, 0, 1, 1, 1, 1, 0], 'C': [1, 0, 0, 1, 0, 1, 0, 1, 1, 1], 'D': [0, 0, 1, 0, 1, 1, 1, 0, 0, 1], 'E': [0, 1, 0, 0, 0, 0, 0, 0, 0, 0], 'F': [1, 1, 1, 1, 1, 1, 1, 1, 1, 1]}, '橘园北侧南': {'A': [0, 0, 0, 0, 0, 1, 1, 0, 0, 1], 'B': [1, 1, 1, 1, 0, 1, 1, 0, 1, 1], 'C': [0, 1, 1, 1, 0, 1, 0, 0, 0, 0], 'D': [1, 0, 0, 1, 1, 1, 1, 0, 1, 1], 'E': [1, 1, 1, 1, 1, 1, 1, 0, 0, 1], 'F': [0, 0, 0, 1, 0, 1, 1, 1, 0, 0], 'G': [0, 0, 1, 1, 1, 1, 0, 0, 1, 0], 'H': [0, 1, 1, 1, 1, 0, 0, 0, 0, 1], 'I': [0, 0, 0, 0, 0, 0, 1, 0, 0, 0], 'J': [0, 0, 0, 1, 0, 0, 0, 0, 0, 0]}, '校医院西': {'A': [0, 1, 0, 1, 1, 0, 0, 1, 1, 1], 'B': [0, 1, 1, 1, 1, 0, 0, 1, 1, 1], 'C': [1, 1, 1, 0, 1, 0, 1, 1, 0, 1], 'D': [1, 1, 1, 0, 1, 1, 0, 1, 1, 1], 'E': [1, 0, 1, 1, 1, 1, 1, 0, 1, 1], 'F': [0, 0, 1, 1, 0, 1, 1, 1, 1, 1], 'G': [0, 0, 1, 0, 0, 1, 0, 1, 0, 0], 'H': [0, 0, 0, 0, 0, 0, 0, 0, 1, 1], 'I': [0, 1, 0, 0, 0, 0, 0, 0, 0, 0]}}
623771	2024-07-13 13:36:22.885000+08:00	2024-07-13 13:36:22.885000+08:00	{'东门北侧': {'A': [1, 1, 1, 1, 1, 1, 1, 0, 1, 1], 'B': [1, 1, 1, 1, 1, 1, 1, 1, 1, 1], 'C': [1, 1, 1, 0, 1, 1, 1, 1, 1, 0], 'D': [1, 1, 1, 1, 1, 0, 1, 1, 1, 0], 'E': [1, 1, 1, 1, 1, 1, 1, 1, 1, 1], 'F': [1, 1, 1, 1, 1, 1, 1, 1, 0, 1], 'G': [1, 1, 1, 1, 1, 1, 1, 1, 0, 0], 'H': [1, 1, 1, 1, 1, 1, 1, 1, 0, 0], 'I': [1, 0, 1, 1, 1, 1, 0, 1, 0, 1], 'J': [1, 1, 0, 0, 0, 1, 1, 1, 1, 1], 'K': [0, 0, 1, 1, 1, 1, 1, 1, 1, 1]}, '东门南侧': {'A': [0, 0, 0, 0, 1, 1, 0, 0, 0, 0], 'B': [0, 0, 0, 0, 0, 0, 0, 0, 0, 0]}, '西门北侧': {'A': [1, 1, 1, 1, 1, 1, 1, 0, 1, 1], 'B': [1, 1, 1, 1, 1, 1, 1, 0, 1, 0], 'C': [1, 1, 1, 1, 1, 1, 1, 1, 1, 0]}, '西门南侧': {'A': [1, 1, 1, 1, 1, 0, 0, 1, 1, 1], 'B': [1, 1, 1, 1, 1, 1, 1, 1, 1, 1], 'C': [1, 1, 0, 1, 0, 0, 1, 1, 1, 1]}, '南门西侧': {'A': [1, 1, 1, 1, 1, 1, 1, 1, 1, 1], 'B': [0, 0, 0, 0, 0, 1, 0, 0, 0, 0]}, '南门东侧': {'A': [1, 1, 1, 1, 1, 1, 1, 1, 0, 1], 'B': [0, 0, 1, 1, 1, 0, 1, 1, 1, 1]}, '北门东北侧': {'A': [1, 1, 1, 1, 1, 1, 1, 1, 1, 1], 'B': [0, 1, 1, 1, 1, 1, 0, 1, 1, 0], 'C': [0, 0, 0, 1, 1, 1, 0, 1, 1, 1], 'D': [0, 1, 1, 0, 1, 1, 1, 1, 1, 1]}, '北门东南侧': {'A': [0, 0, 1, 1, 1, 0, 1, 1, 1, 1], 'B': [1, 1, 0, 0, 0, 1, 1, 1, 1, 0], 'C': [1, 0, 0, 1, 0, 1, 0, 1, 1, 1], 'D': [0, 0, 1, 0, 1, 1, 1, 0, 0, 1], 'E': [0, 1, 0, 0, 0, 0, 0, 0, 0, 0], 'F': [1, 1, 1, 1, 1, 1, 1, 1, 1, 1]}, '橘园北侧南': {'A': [0, 0, 0, 0, 0, 1, 1, 0, 0, 1], 'B': [1, 1, 1, 1, 0, 1, 1, 0, 1, 1], 'C': [0, 1, 1, 1, 0, 1, 0, 0, 0, 0], 'D': [1, 0, 0, 1, 1, 1, 1, 0, 1, 1], 'E': [1, 1, 1, 1, 1, 1, 1, 0, 0, 1], 'F': [0, 0, 0, 1, 0, 1, 1, 1, 0, 0], 'G': [0, 0, 1, 1, 0, 1, 0, 0, 1, 0], 'H': [0, 1, 1, 1, 1, 0, 0, 0, 0, 1], 'I': [0, 0, 0, 0, 0, 0, 1, 0, 0, 0], 'J': [0, 0, 0, 1, 0, 0, 0, 0, 0, 0]}, '校医院西': {'A': [0, 1, 0, 1, 1, 0, 0, 1, 1, 1], 'B': [0, 1, 1, 1, 1, 0, 0, 1, 1, 1], 'C': [1, 1, 1, 0, 1, 0, 1, 1, 0, 1], 'D': [1, 1, 1, 0, 1, 1, 0, 1, 1, 1], 'E': [1, 0, 1, 1, 1, 1, 1, 0, 1, 1], 'F': [0, 0, 1, 1, 0, 1, 1, 1, 1, 1], 'G': [0, 0, 1, 0, 0, 1, 0, 1, 0, 0], 'H': [0, 0, 0, 0, 0, 0, 0, 0, 1, 1], 'I': [0, 1, 0, 0, 0, 0, 0, 0, 0, 0]}}
623772	2024-07-13 13:37:23.912000+08:00	2024-07-13 13:37:23.912000+08:00	{'东门北侧': {'A': [1, 1, 1, 1, 1, 1, 1, 0, 1, 1], 'B': [1, 1, 1, 1, 1, 1, 1, 1, 1, 1], 'C': [0, 1, 1, 0, 1, 1, 1, 1, 1, 0], 'D': [1, 1, 1, 1, 1, 0, 1, 1, 1, 0], 'E': [1, 1, 1, 1, 1, 1, 1, 1, 1, 1], 'F': [1, 1, 1, 1, 1, 1, 1, 1, 0, 1], 'G': [1, 1, 1, 1, 1, 1, 1, 1, 0, 0], 'H': [1, 1, 1, 1, 1, 1, 1, 1, 0, 0], 'I': [1, 0, 1, 1, 1, 1, 0, 1, 0, 1], 'J': [1, 1, 0, 0, 0, 1, 1, 1, 1, 1], 'K': [0, 0, 1, 1, 1, 1, 1, 1, 1, 1]}, '东门南侧': {'A': [0, 0, 0, 0, 1, 1, 0, 0, 0, 0], 'B': [0, 0, 0, 0, 0, 0, 0, 0, 0, 0]}, '西门北侧': {'A': [1, 1, 1, 1, 1, 1, 1, 0, 1, 1], 'B': [1, 1, 1, 1, 1, 1, 1, 0, 1, 0], 'C': [1, 1, 1, 1, 1, 1, 1, 1, 1, 0]}, '西门南侧': {'A': [1, 1, 1, 1, 1, 0, 0, 1, 1, 1], 'B': [1, 1, 1, 1, 1, 1, 1, 1, 1, 1], 'C': [1, 1, 0, 1, 0, 0, 1, 1, 1, 1]}, '南门西侧': {'A': [1, 1, 1, 1, 1, 1, 1, 1, 1, 1], 'B': [0, 0, 0, 0, 0, 1, 0, 0, 0, 0]}, '南门东侧': {'A': [1, 1, 1, 1, 1, 1, 1, 1, 0, 1], 'B': [0, 0, 1, 1, 1, 0, 1, 1, 1, 1]}, '北门东北侧': {'A': [1, 1, 1, 1, 1, 1, 1, 1, 1, 1], 'B': [0, 1, 1, 1, 1, 1, 0, 1, 1, 0], 'C': [0, 0, 0, 1, 1, 1, 0, 1, 1, 1], 'D': [0, 1, 1, 0, 1, 1, 1, 1, 1, 1]}, '北门东南侧': {'A': [0, 0, 1, 1, 1, 0, 1, 1, 1, 1], 'B': [1, 1, 0, 0, 0, 1, 1, 1, 1, 0], 'C': [1, 0, 0, 1, 0, 1, 0, 1, 1, 1], 'D': [0, 0, 1, 0, 1, 1, 1, 0, 0, 1], 'E': [0, 1, 0, 0, 0, 0, 0, 0, 0, 0], 'F': [1, 1, 1, 1, 1, 1, 1, 1, 1, 1]}, '橘园北侧南': {'A': [0, 0, 0, 0, 0, 1, 1, 0, 0, 1], 'B': [1, 1, 1, 1, 0, 1, 1, 0, 1, 1], 'C': [0, 1, 1, 1, 0, 1, 0, 0, 0, 0], 'D': [1, 0, 0, 1, 1, 1, 1, 0, 1, 1], 'E': [1, 1, 1, 1, 1, 1, 1, 0, 0, 1], 'F': [0, 0, 0, 1, 0, 1, 1, 1, 0, 0], 'G': [0, 0, 1, 1, 0, 1, 0, 0, 1, 0], 'H': [0, 1, 1, 1, 1, 0, 0, 0, 0, 1], 'I': [0, 0, 0, 0, 0, 0, 1, 0, 0, 0], 'J': [0, 0, 0, 1, 0, 1, 0, 0, 0, 0]}, '校医院西': {'A': [0, 1, 0, 1, 1, 0, 0, 1, 1, 1], 'B': [0, 1, 1, 1, 1, 0, 0, 1, 1, 1], 'C': [1, 1, 1, 0, 1, 0, 1, 1, 0, 1], 'D': [1, 1, 1, 0, 1, 1, 0, 1, 1, 1], 'E': [1, 0, 1, 1, 1, 1, 1, 0, 1, 1], 'F': [0, 0, 1, 1, 0, 1, 1, 1, 1, 1], 'G': [0, 0, 1, 0, 0, 1, 0, 1, 0, 0], 'H': [0, 0, 0, 0, 0, 0, 0, 0, 1, 1], 'I': [0, 1, 0, 0, 0, 0, 0, 0, 0, 0]}}
623773	2024-07-13 13:38:21.833000+08:00	2024-07-13 13:38:21.833000+08:00	{'东门北侧': {'A': [1, 1, 1, 1, 1, 1, 1, 0, 1, 1], 'B': [1, 1, 1, 1, 1, 1, 1, 1, 1, 1], 'C': [0, 1, 1, 0, 1, 1, 1, 1, 1, 0], 'D': [1, 1, 1, 1, 1, 0, 1, 1, 1, 0], 'E': [1, 1, 1, 1, 1, 1, 1, 1, 1, 1], 'F': [1, 1, 1, 1, 1, 1, 1, 1, 0, 1], 'G': [1, 1, 1, 1, 1, 1, 1, 1, 0, 0], 'H': [1, 1, 1, 1, 1, 1, 1, 1, 0, 0], 'I': [1, 0, 1, 1, 1, 1, 0, 1, 0, 1], 'J': [1, 1, 0, 0, 0, 1, 1, 1, 1, 1], 'K': [0, 0, 1, 1, 1, 1, 1, 1, 1, 1]}, '东门南侧': {'A': [0, 0, 0, 0, 1, 1, 0, 0, 0, 0], 'B': [0, 0, 0, 0, 0, 0, 0, 0, 0, 0]}, '西门北侧': {'A': [1, 1, 1, 1, 1, 1, 1, 0, 1, 1], 'B': [1, 1, 1, 1, 1, 1, 1, 0, 1, 0], 'C': [1, 1, 1, 1, 1, 1, 1, 1, 1, 0]}, '西门南侧': {'A': [1, 1, 1, 1, 1, 0, 0, 1, 1, 1], 'B': [1, 1, 1, 1, 1, 1, 1, 1, 1, 1], 'C': [1, 1, 0, 1, 0, 0, 1, 1, 1, 0]}, '南门西侧': {'A': [1, 1, 1, 1, 1, 1, 1, 1, 1, 1], 'B': [0, 0, 0, 0, 0, 1, 0, 0, 0, 0]}, '南门东侧': {'A': [1, 1, 1, 1, 1, 1, 1, 1, 0, 1], 'B': [0, 0, 1, 1, 1, 0, 1, 1, 1, 1]}, '北门东北侧': {'A': [1, 1, 1, 1, 1, 1, 1, 1, 1, 1], 'B': [0, 1, 1, 1, 1, 1, 0, 1, 1, 0], 'C': [0, 0, 0, 1, 1, 1, 0, 1, 1, 1], 'D': [0, 1, 1, 0, 1, 1, 1, 1, 1, 1]}, '北门东南侧': {'A': [0, 0, 1, 1, 1, 0, 1, 1, 1, 1], 'B': [1, 1, 0, 0, 0, 1, 1, 1, 1, 0], 'C': [1, 0, 0, 1, 0, 1, 0, 1, 1, 1], 'D': [0, 0, 1, 0, 1, 1, 1, 0, 0, 1], 'E': [0, 1, 0, 0, 0, 0, 0, 0, 0, 0], 'F': [1, 1, 1, 1, 1, 1, 1, 1, 1, 1]}, '橘园北侧南': {'A': [0, 0, 0, 0, 0, 1, 1, 0, 0, 1], 'B': [1, 1, 1, 1, 0, 1, 1, 0, 1, 1], 'C': [0, 1, 1, 1, 0, 1, 0, 0, 0, 0], 'D': [1, 0, 0, 1, 1, 1, 1, 0, 1, 1], 'E': [1, 1, 1, 1, 1, 1, 1, 0, 0, 1], 'F': [0, 0, 0, 1, 0, 1, 1, 1, 0, 0], 'G': [0, 0, 1, 1, 0, 1, 0, 0, 1, 0], 'H': [0, 1, 1, 1, 1, 0, 0, 0, 0, 1], 'I': [0, 0, 0, 0, 0, 0, 1, 0, 0, 0], 'J': [0, 0, 0, 1, 0, 1, 0, 0, 0, 0]}, '校医院西': {'A': [0, 1, 0, 1, 1, 0, 0, 1, 1, 1], 'B': [1, 1, 1, 1, 1, 0, 0, 1, 1, 1], 'C': [1, 1, 1, 0, 1, 0, 1, 1, 0, 1], 'D': [1, 1, 1, 0, 1, 1, 0, 1, 1, 1], 'E': [1, 0, 1, 1, 1, 1, 1, 0, 1, 1], 'F': [0, 0, 1, 1, 0, 1, 1, 1, 1, 1], 'G': [0, 0, 1, 0, 0, 1, 0, 1, 0, 0], 'H': [0, 0, 0, 0, 0, 0, 0, 0, 1, 1], 'I': [0, 1, 0, 0, 0, 0, 0, 0, 0, 0]}}
623774	2024-07-13 13:39:20.917000+08:00	2024-07-13 13:39:20.917000+08:00	{'东门北侧': {'A': [1, 1, 1, 1, 1, 1, 1, 0, 1, 1], 'B': [1, 1, 1, 1, 1, 1, 1, 1, 1, 1], 'C': [0, 1, 1, 0, 1, 1, 1, 1, 1, 0], 'D': [1, 1, 1, 1, 1, 0, 1, 1, 1, 0], 'E': [1, 1, 1, 1, 1, 1, 1, 1, 1, 1], 'F': [1, 1, 1, 1, 1, 1, 1, 1, 0, 1], 'G': [1, 1, 1, 1, 1, 1, 1, 1, 0, 0], 'H': [1, 1, 1, 1, 1, 1, 1, 1, 0, 0], 'I': [1, 0, 1, 1, 1, 1, 0, 1, 0, 1], 'J': [1, 1, 0, 0, 0, 1, 1, 1, 1, 1], 'K': [0, 0, 1, 1, 1, 1, 1, 1, 1, 1]}, '东门南侧': {'A': [0, 0, 0, 0, 1, 1, 0, 0, 0, 0], 'B': [0, 0, 0, 0, 0, 0, 0, 0, 0, 0]}, '西门北侧': {'A': [1, 1, 1, 1, 1, 1, 1, 0, 1, 1], 'B': [1, 1, 1, 1, 1, 1, 1, 0, 1, 0], 'C': [1, 1, 1, 1, 1, 1, 1, 1, 1, 0]}, '西门南侧': {'A': [1, 1, 1, 1, 1, 0, 0, 1, 1, 1], 'B': [1, 1, 1, 1, 1, 1, 1, 1, 1, 1], 'C': [1, 1, 0, 1, 0, 0, 1, 1, 1, 0]}, '南门西侧': {'A': [1, 1, 1, 1, 1, 1, 1, 1, 1, 1], 'B': [0, 0, 0, 0, 0, 1, 0, 0, 0, 0]}, '南门东侧': {'A': [1, 1, 1, 1, 1, 1, 1, 1, 0, 1], 'B': [0, 0, 1, 1, 1, 0, 1, 1, 1, 1]}, '北门东北侧': {'A': [1, 1, 1, 1, 1, 1, 1, 1, 1, 1], 'B': [0, 1, 1, 1, 1, 1, 0, 1, 1, 0], 'C': [0, 0, 0, 1, 1, 1, 0, 1, 1, 1], 'D': [0, 1, 1, 0, 1, 1, 1, 1, 1, 1]}, '北门东南侧': {'A': [0, 0, 1, 1, 1, 0, 1, 1, 1, 1], 'B': [1, 1, 0, 0, 0, 1, 1, 1, 1, 0], 'C': [1, 0, 0, 1, 0, 1, 0, 1, 1, 1], 'D': [0, 0, 1, 0, 1, 1, 1, 0, 0, 1], 'E': [0, 1, 0, 0, 0, 0, 0, 0, 0, 0], 'F': [1, 1, 1, 1, 1, 1, 1, 1, 1, 1]}, '橘园北侧南': {'A': [0, 0, 0, 0, 0, 1, 1, 0, 0, 1], 'B': [1, 1, 1, 1, 0, 1, 1, 0, 1, 1], 'C': [0, 1, 1, 1, 0, 1, 0, 0, 0, 0], 'D': [1, 0, 0, 1, 1, 1, 1, 0, 1, 1], 'E': [1, 1, 1, 1, 1, 1, 1, 0, 0, 1], 'F': [0, 0, 0, 1, 0, 1, 1, 1, 0, 0], 'G': [0, 0, 1, 1, 0, 1, 0, 0, 1, 0], 'H': [0, 1, 1, 1, 1, 0, 0, 0, 0, 1], 'I': [0, 0, 0, 0, 0, 0, 1, 0, 0, 0], 'J': [0, 0, 0, 1, 0, 1, 0, 0, 0, 0]}, '校医院西': {'A': [0, 1, 0, 1, 1, 0, 0, 1, 1, 1], 'B': [1, 1, 1, 1, 1, 0, 0, 1, 1, 1], 'C': [1, 1, 1, 0, 1, 0, 1, 1, 0, 1], 'D': [1, 1, 1, 0, 1, 1, 0, 1, 1, 1], 'E': [1, 0, 1, 1, 1, 1, 1, 0, 1, 1], 'F': [0, 0, 1, 1, 0, 1, 1, 1, 1, 1], 'G': [0, 0, 1, 0, 0, 1, 0, 1, 0, 0], 'H': [0, 0, 0, 0, 0, 0, 0, 0, 1, 1], 'I': [0, 1, 0, 0, 0, 0, 0, 0, 0, 0]}}
623775	2024-07-13 13:40:21.898000+08:00	2024-07-13 13:40:21.898000+08:00	{'东门北侧': {'A': [1, 1, 1, 1, 1, 1, 1, 0, 1, 1], 'B': [1, 1, 1, 1, 1, 1, 1, 1, 1, 1], 'C': [0, 1, 1, 0, 1, 1, 1, 1, 1, 0], 'D': [1, 1, 1, 1, 1, 0, 1, 1, 1, 0], 'E': [1, 1, 1, 1, 1, 1, 1, 1, 1, 1], 'F': [1, 1, 1, 1, 1, 1, 1, 1, 0, 1], 'G': [1, 1, 1, 1, 1, 1, 1, 1, 0, 0], 'H': [1, 1, 1, 1, 1, 1, 1, 1, 0, 0], 'I': [1, 0, 1, 1, 1, 1, 0, 1, 0, 1], 'J': [1, 1, 0, 0, 0, 1, 1, 1, 1, 1], 'K': [0, 0, 1, 1, 1, 1, 1, 1, 1, 1]}, '东门南侧': {'A': [0, 0, 0, 0, 1, 1, 0, 0, 0, 0], 'B': [0, 0, 0, 0, 0, 0, 0, 0, 0, 0]}, '西门北侧': {'A': [1, 1, 1, 1, 1, 1, 1, 0, 1, 1], 'B': [1, 1, 1, 1, 0, 1, 1, 0, 1, 0], 'C': [1, 1, 1, 1, 1, 1, 1, 1, 1, 0]}, '西门南侧': {'A': [1, 1, 1, 1, 1, 0, 0, 1, 1, 1], 'B': [1, 1, 1, 1, 1, 1, 1, 1, 1, 1], 'C': [1, 1, 0, 1, 0, 0, 1, 1, 1, 0]}, '南门西侧': {'A': [1, 1, 1, 1, 1, 1, 1, 1, 1, 1], 'B': [0, 0, 0, 0, 0, 1, 0, 0, 0, 0]}, '南门东侧': {'A': [1, 1, 1, 1, 1, 1, 1, 1, 0, 1], 'B': [0, 0, 1, 1, 1, 0, 1, 1, 1, 1]}, '北门东北侧': {'A': [1, 1, 1, 1, 1, 1, 1, 1, 1, 1], 'B': [0, 1, 1, 1, 1, 1, 0, 1, 1, 0], 'C': [0, 0, 0, 1, 1, 1, 0, 1, 1, 1], 'D': [0, 1, 1, 0, 1, 1, 1, 1, 1, 1]}, '北门东南侧': {'A': [0, 0, 1, 1, 1, 0, 1, 1, 1, 1], 'B': [1, 1, 0, 0, 0, 1, 1, 1, 1, 0], 'C': [1, 0, 0, 1, 0, 1, 0, 1, 1, 1], 'D': [0, 0, 1, 0, 1, 1, 1, 0, 0, 1], 'E': [0, 1, 0, 0, 0, 0, 0, 0, 0, 0], 'F': [1, 1, 1, 1, 1, 1, 1, 1, 1, 1]}, '橘园北侧南': {'A': [0, 0, 0, 0, 0, 1, 1, 0, 0, 1], 'B': [1, 1, 1, 1, 0, 1, 1, 0, 1, 1], 'C': [0, 1, 1, 1, 0, 1, 0, 0, 0, 0], 'D': [1, 0, 0, 1, 1, 1, 1, 0, 1, 1], 'E': [1, 1, 1, 1, 1, 1, 1, 0, 0, 1], 'F': [0, 0, 0, 1, 0, 1, 1, 1, 0, 0], 'G': [0, 0, 1, 1, 0, 1, 0, 0, 1, 0], 'H': [0, 1, 1, 1, 1, 0, 0, 0, 0, 1], 'I': [0, 0, 0, 0, 0, 0, 1, 0, 0, 0], 'J': [0, 0, 0, 1, 0, 1, 0, 0, 0, 0]}, '校医院西': {'A': [0, 1, 0, 1, 1, 0, 0, 1, 1, 1], 'B': [1, 1, 1, 1, 1, 0, 0, 1, 1, 1], 'C': [1, 1, 1, 0, 1, 0, 1, 1, 0, 1], 'D': [1, 1, 1, 0, 1, 1, 0, 0, 1, 1], 'E': [1, 0, 1, 1, 1, 1, 1, 0, 1, 1], 'F': [0, 0, 1, 1, 0, 1, 1, 1, 1, 1], 'G': [0, 0, 1, 0, 0, 1, 0, 1, 0, 0], 'H': [0, 0, 0, 0, 0, 0, 0, 0, 0, 1], 'I': [0, 1, 0, 0, 0, 0, 0, 0, 0, 0]}}
623776	2024-07-13 13:41:23.088000+08:00	2024-07-13 13:41:23.088000+08:00	{'东门北侧': {'A': [1, 1, 1, 1, 1, 1, 1, 0, 1, 1], 'B': [1, 1, 1, 1, 1, 1, 1, 1, 1, 1], 'C': [0, 1, 1, 0, 1, 1, 1, 1, 1, 0], 'D': [1, 1, 1, 1, 1, 0, 1, 1, 1, 0], 'E': [1, 1, 1, 1, 1, 1, 1, 1, 1, 1], 'F': [1, 1, 1, 1, 1, 1, 1, 1, 0, 1], 'G': [1, 1, 1, 1, 1, 1, 1, 1, 0, 0], 'H': [1, 1, 1, 1, 1, 1, 1, 1, 0, 0], 'I': [1, 0, 1, 1, 1, 1, 0, 1, 0, 1], 'J': [1, 1, 0, 0, 0, 1, 1, 1, 1, 1], 'K': [0, 0, 1, 1, 1, 1, 1, 1, 1, 1]}, '东门南侧': {'A': [0, 0, 0, 0, 1, 1, 0, 0, 0, 0], 'B': [0, 0, 0, 0, 0, 0, 0, 0, 0, 0]}, '西门北侧': {'A': [1, 1, 1, 1, 1, 1, 1, 0, 1, 1], 'B': [1, 1, 1, 1, 0, 1, 1, 0, 1, 0], 'C': [1, 1, 1, 1, 1, 1, 1, 1, 1, 0]}, '西门南侧': {'A': [1, 1, 1, 1, 1, 0, 0, 1, 1, 1], 'B': [1, 1, 1, 1, 1, 1, 1, 1, 1, 1], 'C': [1, 1, 0, 1, 0, 0, 1, 1, 1, 0]}, '南门西侧': {'A': [1, 1, 1, 1, 1, 1, 1, 1, 1, 1], 'B': [0, 0, 0, 0, 0, 1, 0, 0, 0, 0]}, '南门东侧': {'A': [1, 1, 1, 1, 1, 1, 1, 1, 0, 1], 'B': [0, 0, 1, 1, 1, 0, 1, 1, 1, 1]}, '北门东北侧': {'A': [1, 1, 1, 1, 1, 1, 1, 1, 1, 1], 'B': [0, 1, 1, 1, 1, 1, 0, 1, 1, 0], 'C': [0, 0, 0, 1, 1, 1, 0, 1, 1, 1], 'D': [0, 1, 1, 0, 1, 1, 1, 1, 1, 1]}, '北门东南侧': {'A': [0, 0, 1, 1, 1, 0, 1, 1, 1, 1], 'B': [1, 1, 0, 0, 0, 1, 1, 1, 1, 0], 'C': [1, 0, 0, 1, 0, 1, 0, 1, 1, 1], 'D': [0, 0, 1, 0, 1, 1, 1, 0, 0, 1], 'E': [0, 1, 0, 0, 0, 0, 0, 0, 0, 0], 'F': [1, 1, 1, 1, 1, 1, 1, 1, 1, 1]}, '橘园北侧南': {'A': [0, 0, 0, 0, 0, 1, 1, 0, 0, 1], 'B': [1, 1, 1, 1, 0, 1, 1, 0, 1, 1], 'C': [0, 1, 1, 1, 0, 1, 0, 0, 0, 0], 'D': [1, 0, 0, 1, 1, 1, 1, 0, 1, 1], 'E': [1, 1, 1, 1, 1, 1, 1, 0, 0, 1], 'F': [0, 1, 0, 1, 0, 1, 1, 1, 0, 0], 'G': [0, 0, 1, 1, 0, 1, 0, 0, 1, 0], 'H': [0, 1, 1, 1, 1, 0, 0, 0, 0, 1], 'I': [0, 0, 0, 0, 0, 0, 1, 0, 0, 0], 'J': [0, 0, 0, 1, 0, 1, 0, 0, 0, 0]}, '校医院西': {'A': [0, 1, 0, 1, 1, 0, 0, 1, 1, 1], 'B': [1, 1, 1, 1, 1, 0, 0, 1, 1, 1], 'C': [1, 1, 1, 0, 1, 0, 1, 1, 0, 1], 'D': [1, 1, 1, 0, 1, 1, 0, 0, 1, 1], 'E': [1, 0, 1, 1, 1, 1, 1, 0, 1, 1], 'F': [0, 0, 1, 1, 0, 1, 1, 1, 1, 1], 'G': [0, 0, 1, 0, 0, 1, 0, 1, 0, 0], 'H': [0, 0, 0, 0, 0, 0, 0, 0, 0, 1], 'I': [0, 1, 0, 0, 0, 0, 0, 0, 0, 0]}}
623777	2024-07-13 13:42:23.912000+08:00	2024-07-13 13:42:23.912000+08:00	{'东门北侧': {'A': [1, 1, 1, 1, 1, 1, 1, 0, 1, 1], 'B': [1, 1, 1, 1, 1, 1, 1, 1, 1, 1], 'C': [0, 1, 1, 0, 1, 1, 1, 1, 1, 0], 'D': [1, 1, 1, 1, 1, 0, 1, 1, 1, 0], 'E': [1, 1, 1, 1, 1, 1, 1, 1, 1, 1], 'F': [1, 1, 1, 1, 1, 1, 1, 1, 0, 1], 'G': [1, 1, 1, 1, 1, 1, 1, 1, 0, 0], 'H': [1, 1, 1, 1, 1, 1, 1, 1, 0, 0], 'I': [1, 0, 1, 1, 1, 1, 0, 1, 0, 1], 'J': [1, 1, 0, 0, 0, 1, 1, 1, 1, 1], 'K': [0, 0, 1, 1, 1, 1, 1, 1, 1, 1]}, '东门南侧': {'A': [0, 0, 0, 0, 0, 1, 0, 0, 0, 0], 'B': [0, 0, 0, 0, 0, 0, 0, 0, 0, 0]}, '西门北侧': {'A': [1, 1, 1, 1, 1, 1, 1, 0, 1, 1], 'B': [1, 1, 1, 1, 0, 1, 1, 0, 1, 0], 'C': [1, 1, 1, 1, 1, 1, 1, 1, 1, 0]}, '西门南侧': {'A': [1, 1, 1, 1, 1, 0, 0, 1, 1, 1], 'B': [1, 1, 1, 1, 1, 1, 1, 1, 1, 1], 'C': [1, 1, 0, 1, 0, 0, 1, 1, 1, 0]}, '南门西侧': {'A': [1, 1, 1, 1, 1, 1, 1, 1, 1, 1], 'B': [0, 0, 0, 0, 0, 1, 0, 0, 0, 0]}, '南门东侧': {'A': [1, 1, 1, 1, 1, 1, 1, 1, 0, 1], 'B': [0, 0, 1, 1, 1, 0, 1, 1, 1, 1]}, '北门东北侧': {'A': [1, 1, 1, 1, 1, 1, 1, 1, 1, 1], 'B': [0, 1, 1, 1, 1, 1, 0, 1, 1, 0], 'C': [0, 0, 0, 1, 1, 1, 0, 1, 1, 1], 'D': [0, 1, 1, 0, 1, 1, 1, 1, 1, 1]}, '北门东南侧': {'A': [0, 0, 1, 1, 1, 0, 1, 1, 1, 1], 'B': [1, 1, 0, 0, 0, 1, 1, 1, 1, 0], 'C': [1, 0, 0, 1, 0, 1, 0, 1, 1, 1], 'D': [0, 0, 1, 0, 1, 1, 1, 0, 0, 1], 'E': [0, 1, 0, 0, 0, 0, 0, 0, 0, 0], 'F': [1, 1, 1, 1, 1, 1, 1, 1, 1, 1]}, '橘园北侧南': {'A': [0, 0, 0, 0, 0, 1, 1, 0, 0, 1], 'B': [1, 1, 1, 1, 0, 1, 1, 0, 1, 1], 'C': [0, 1, 1, 1, 0, 1, 0, 0, 0, 0], 'D': [1, 0, 0, 1, 1, 1, 1, 0, 1, 1], 'E': [1, 1, 1, 1, 1, 1, 1, 0, 0, 1], 'F': [0, 1, 0, 1, 0, 1, 1, 1, 0, 0], 'G': [0, 0, 1, 1, 0, 1, 0, 0, 1, 0], 'H': [0, 1, 1, 1, 1, 0, 0, 0, 0, 1], 'I': [0, 0, 0, 0, 0, 0, 1, 0, 0, 0], 'J': [0, 0, 0, 1, 0, 1, 0, 0, 0, 0]}, '校医院西': {'A': [0, 1, 0, 1, 1, 0, 0, 1, 1, 1], 'B': [1, 1, 1, 1, 1, 0, 0, 1, 1, 1], 'C': [1, 1, 1, 0, 1, 0, 1, 1, 0, 1], 'D': [1, 1, 1, 0, 1, 1, 0, 0, 1, 1], 'E': [1, 0, 1, 1, 1, 1, 1, 0, 1, 1], 'F': [0, 0, 1, 1, 0, 1, 1, 1, 1, 1], 'G': [0, 0, 1, 0, 0, 1, 0, 1, 0, 0], 'H': [0, 0, 0, 0, 0, 0, 0, 0, 0, 1], 'I': [0, 0, 0, 0, 0, 0, 0, 0, 0, 0]}}
623778	2024-07-13 13:43:20.891000+08:00	2024-07-13 13:43:20.891000+08:00	{'东门北侧': {'A': [1, 1, 1, 1, 1, 1, 1, 0, 1, 1], 'B': [1, 1, 1, 1, 1, 1, 1, 1, 1, 1], 'C': [0, 1, 1, 0, 1, 1, 1, 1, 1, 0], 'D': [1, 1, 1, 1, 1, 0, 1, 1, 1, 0], 'E': [1, 1, 1, 1, 1, 1, 1, 1, 1, 1], 'F': [1, 1, 1, 1, 1, 1, 1, 1, 0, 1], 'G': [1, 1, 1, 1, 1, 1, 1, 1, 0, 0], 'H': [1, 1, 1, 1, 1, 1, 1, 1, 0, 0], 'I': [1, 0, 1, 1, 1, 1, 0, 1, 0, 1], 'J': [1, 1, 0, 0, 0, 1, 1, 1, 1, 1], 'K': [0, 0, 1, 1, 1, 1, 1, 1, 1, 1]}, '东门南侧': {'A': [0, 0, 0, 0, 0, 1, 1, 0, 0, 0], 'B': [0, 0, 0, 0, 0, 0, 0, 0, 0, 0]}, '西门北侧': {'A': [1, 1, 1, 1, 1, 1, 1, 0, 1, 1], 'B': [1, 1, 1, 1, 0, 1, 1, 0, 1, 0], 'C': [1, 1, 1, 1, 1, 1, 1, 1, 1, 0]}, '西门南侧': {'A': [1, 1, 1, 1, 1, 0, 0, 1, 1, 1], 'B': [1, 1, 1, 1, 1, 1, 1, 1, 1, 1], 'C': [1, 1, 0, 1, 0, 0, 1, 1, 1, 0]}, '南门西侧': {'A': [1, 1, 1, 1, 1, 1, 1, 1, 1, 1], 'B': [0, 0, 0, 0, 0, 0, 0, 0, 0, 0]}, '南门东侧': {'A': [1, 1, 1, 1, 1, 1, 1, 1, 0, 1], 'B': [0, 0, 1, 1, 1, 0, 1, 1, 1, 1]}, '北门东北侧': {'A': [1, 1, 1, 1, 1, 1, 1, 1, 1, 1], 'B': [0, 1, 1, 1, 1, 1, 0, 1, 1, 0], 'C': [0, 0, 0, 1, 1, 1, 0, 1, 1, 1], 'D': [0, 1, 1, 0, 1, 1, 1, 1, 1, 1]}, '北门东南侧': {'A': [0, 0, 1, 1, 1, 0, 1, 1, 1, 1], 'B': [1, 1, 0, 0, 0, 1, 1, 1, 1, 0], 'C': [1, 0, 0, 1, 0, 1, 0, 1, 1, 1], 'D': [0, 0, 1, 0, 1, 1, 1, 0, 0, 1], 'E': [0, 1, 0, 0, 0, 0, 0, 0, 0, 0], 'F': [1, 1, 1, 1, 1, 1, 1, 1, 0, 1]}, '橘园北侧南': {'A': [0, 0, 0, 0, 0, 1, 1, 0, 0, 1], 'B': [1, 1, 1, 1, 0, 1, 1, 0, 1, 1], 'C': [0, 1, 1, 1, 0, 1, 0, 0, 0, 0], 'D': [1, 0, 0, 1, 1, 1, 1, 0, 1, 1], 'E': [1, 1, 1, 1, 1, 1, 1, 0, 0, 1], 'F': [0, 1, 0, 1, 0, 1, 1, 1, 0, 0], 'G': [0, 0, 1, 1, 0, 1, 0, 0, 1, 0], 'H': [0, 1, 1, 1, 1, 0, 0, 0, 0, 1], 'I': [0, 0, 0, 0, 0, 0, 1, 0, 0, 0], 'J': [0, 0, 0, 1, 0, 1, 0, 0, 0, 0]}, '校医院西': {'A': [0, 1, 0, 1, 1, 0, 0, 1, 1, 1], 'B': [1, 1, 1, 1, 1, 0, 0, 1, 1, 1], 'C': [1, 1, 1, 0, 1, 0, 1, 1, 0, 1], 'D': [1, 1, 1, 0, 1, 1, 0, 0, 1, 1], 'E': [1, 0, 1, 1, 1, 1, 1, 0, 1, 1], 'F': [0, 0, 1, 1, 0, 1, 1, 1, 1, 1], 'G': [0, 0, 1, 0, 0, 1, 0, 1, 0, 0], 'H': [0, 0, 0, 0, 0, 0, 0, 0, 0, 1], 'I': [0, 0, 0, 0, 0, 0, 0, 0, 0, 0]}}
623779	2024-07-13 13:44:20.919000+08:00	2024-07-13 13:44:20.919000+08:00	{'东门北侧': {'A': [1, 1, 1, 1, 1, 1, 1, 0, 1, 1], 'B': [1, 1, 1, 1, 1, 1, 1, 1, 1, 1], 'C': [0, 1, 1, 0, 1, 1, 1, 1, 1, 0], 'D': [1, 1, 1, 1, 1, 0, 1, 1, 1, 0], 'E': [1, 1, 1, 1, 1, 1, 1, 1, 1, 1], 'F': [1, 1, 1, 1, 1, 1, 1, 1, 0, 1], 'G': [1, 1, 1, 1, 1, 1, 1, 1, 0, 0], 'H': [1, 1, 1, 1, 1, 1, 1, 1, 0, 0], 'I': [1, 0, 1, 1, 1, 1, 0, 1, 0, 1], 'J': [1, 1, 0, 0, 0, 1, 1, 1, 1, 1], 'K': [0, 0, 1, 1, 1, 1, 1, 1, 1, 1]}, '东门南侧': {'A': [0, 0, 0, 0, 0, 1, 1, 0, 0, 0], 'B': [0, 0, 0, 0, 0, 0, 0, 0, 0, 0]}, '西门北侧': {'A': [1, 1, 1, 1, 1, 1, 1, 0, 1, 1], 'B': [1, 1, 1, 1, 0, 1, 1, 0, 1, 0], 'C': [1, 1, 1, 1, 1, 1, 1, 1, 1, 0]}, '西门南侧': {'A': [1, 1, 1, 1, 1, 0, 0, 1, 1, 1], 'B': [1, 1, 1, 1, 1, 1, 1, 1, 1, 1], 'C': [1, 1, 0, 1, 0, 0, 1, 1, 1, 0]}, '南门西侧': {'A': [1, 1, 1, 1, 1, 1, 1, 1, 1, 1], 'B': [0, 0, 0, 0, 0, 0, 0, 0, 0, 0]}, '南门东侧': {'A': [1, 1, 1, 1, 1, 1, 1, 1, 0, 1], 'B': [0, 0, 1, 1, 1, 0, 1, 1, 1, 1]}, '北门东北侧': {'A': [1, 1, 1, 1, 1, 1, 1, 1, 1, 1], 'B': [0, 1, 1, 1, 1, 1, 0, 1, 1, 0], 'C': [0, 0, 0, 1, 1, 1, 0, 1, 1, 1], 'D': [0, 1, 1, 0, 1, 1, 1, 1, 1, 1]}, '北门东南侧': {'A': [0, 0, 1, 1, 1, 0, 1, 1, 1, 1], 'B': [1, 1, 0, 0, 0, 1, 1, 1, 1, 0], 'C': [1, 0, 0, 1, 0, 1, 0, 1, 1, 1], 'D': [0, 0, 1, 0, 1, 1, 1, 0, 0, 1], 'E': [0, 1, 0, 0, 0, 0, 0, 0, 0, 0], 'F': [1, 1, 1, 1, 1, 1, 1, 1, 0, 1]}, '橘园北侧南': {'A': [0, 0, 0, 0, 0, 1, 1, 0, 0, 1], 'B': [1, 1, 1, 1, 0, 1, 1, 0, 1, 1], 'C': [0, 1, 1, 1, 0, 1, 0, 0, 0, 0], 'D': [1, 0, 0, 1, 1, 1, 1, 0, 1, 1], 'E': [1, 1, 1, 1, 1, 1, 1, 0, 0, 1], 'F': [0, 1, 0, 1, 0, 1, 1, 1, 0, 0], 'G': [0, 0, 1, 1, 0, 1, 0, 0, 1, 0], 'H': [0, 1, 1, 1, 1, 0, 0, 0, 0, 1], 'I': [0, 0, 0, 0, 0, 0, 1, 0, 0, 0], 'J': [0, 0, 0, 1, 0, 1, 0, 0, 0, 0]}, '校医院西': {'A': [0, 1, 0, 1, 1, 0, 0, 1, 1, 1], 'B': [1, 1, 1, 1, 1, 0, 0, 1, 1, 1], 'C': [1, 1, 1, 0, 1, 0, 1, 1, 0, 1], 'D': [1, 1, 1, 0, 1, 1, 0, 0, 1, 1], 'E': [1, 0, 1, 1, 1, 1, 1, 0, 1, 1], 'F': [0, 0, 1, 1, 0, 1, 1, 1, 1, 1], 'G': [0, 0, 1, 0, 0, 1, 0, 1, 0, 0], 'H': [0, 0, 0, 0, 0, 0, 0, 0, 0, 1], 'I': [0, 0, 0, 0, 0, 0, 0, 0, 0, 0]}}
623780	2024-07-13 13:45:23.923000+08:00	2024-07-13 13:45:23.923000+08:00	{'东门北侧': {'A': [1, 1, 1, 1, 1, 1, 1, 0, 1, 1], 'B': [1, 1, 1, 1, 1, 1, 1, 1, 1, 1], 'C': [0, 1, 1, 0, 1, 1, 1, 1, 1, 0], 'D': [1, 1, 1, 1, 1, 0, 1, 1, 1, 0], 'E': [1, 1, 1, 1, 1, 1, 1, 1, 1, 1], 'F': [1, 1, 1, 1, 1, 1, 1, 1, 0, 1], 'G': [1, 1, 1, 1, 1, 1, 1, 1, 0, 0], 'H': [1, 1, 1, 1, 1, 1, 1, 1, 0, 0], 'I': [1, 0, 1, 1, 1, 1, 0, 1, 0, 1], 'J': [1, 1, 0, 0, 0, 1, 1, 1, 1, 1], 'K': [0, 0, 1, 1, 1, 1, 1, 1, 1, 1]}, '东门南侧': {'A': [0, 0, 0, 0, 0, 0, 1, 0, 0, 0], 'B': [0, 0, 0, 0, 0, 0, 0, 0, 0, 0]}, '西门北侧': {'A': [1, 1, 1, 1, 1, 1, 1, 0, 1, 1], 'B': [1, 1, 1, 1, 0, 1, 1, 0, 1, 0], 'C': [1, 1, 1, 1, 1, 1, 1, 1, 1, 0]}, '西门南侧': {'A': [1, 1, 1, 1, 1, 0, 0, 1, 1, 1], 'B': [1, 1, 1, 1, 1, 1, 1, 1, 1, 1], 'C': [1, 1, 0, 1, 0, 0, 1, 1, 1, 0]}, '南门西侧': {'A': [1, 1, 1, 1, 1, 1, 1, 1, 1, 1], 'B': [0, 0, 0, 0, 0, 0, 0, 0, 0, 0]}, '南门东侧': {'A': [1, 1, 1, 1, 1, 1, 1, 1, 0, 1], 'B': [0, 0, 1, 1, 1, 0, 1, 1, 1, 1]}, '北门东北侧': {'A': [1, 1, 1, 1, 1, 1, 1, 1, 1, 1], 'B': [0, 1, 1, 1, 1, 1, 0, 1, 1, 0], 'C': [0, 0, 0, 1, 1, 1, 0, 1, 1, 1], 'D': [0, 1, 1, 0, 1, 1, 1, 1, 1, 1]}, '北门东南侧': {'A': [0, 0, 1, 1, 1, 0, 1, 1, 1, 1], 'B': [1, 1, 0, 0, 0, 1, 1, 1, 1, 0], 'C': [1, 0, 0, 1, 0, 1, 0, 1, 1, 1], 'D': [0, 0, 1, 0, 1, 1, 1, 0, 0, 1], 'E': [0, 1, 0, 0, 0, 0, 0, 0, 0, 0], 'F': [1, 1, 1, 1, 1, 1, 1, 1, 0, 1]}, '橘园北侧南': {'A': [0, 0, 0, 0, 0, 1, 1, 0, 0, 1], 'B': [1, 1, 1, 1, 0, 1, 1, 0, 1, 1], 'C': [0, 1, 1, 1, 0, 1, 0, 0, 0, 0], 'D': [1, 0, 0, 1, 1, 1, 1, 0, 1, 1], 'E': [1, 1, 1, 1, 1, 1, 1, 0, 0, 1], 'F': [0, 1, 0, 1, 0, 1, 1, 1, 0, 0], 'G': [0, 0, 1, 1, 0, 1, 0, 0, 1, 0], 'H': [0, 1, 1, 1, 1, 0, 0, 0, 0, 1], 'I': [0, 0, 0, 0, 0, 0, 1, 0, 0, 0], 'J': [0, 0, 0, 1, 0, 1, 0, 0, 0, 0]}, '校医院西': {'A': [0, 1, 0, 1, 1, 0, 0, 1, 1, 1], 'B': [1, 1, 1, 1, 1, 0, 0, 1, 1, 1], 'C': [1, 1, 1, 0, 1, 0, 1, 1, 0, 1], 'D': [1, 1, 1, 0, 1, 1, 0, 0, 1, 1], 'E': [1, 0, 1, 1, 1, 1, 1, 0, 1, 1], 'F': [0, 0, 1, 1, 0, 1, 1, 1, 1, 1], 'G': [0, 0, 1, 0, 0, 1, 0, 1, 0, 0], 'H': [0, 0, 0, 0, 0, 0, 0, 0, 0, 1], 'I': [0, 0, 0, 0, 0, 0, 0, 0, 0, 0]}}
623781	2024-07-13 13:46:22.930000+08:00	2024-07-13 13:46:22.930000+08:00	{'东门北侧': {'A': [1, 1, 1, 1, 1, 1, 1, 0, 1, 1], 'B': [1, 1, 1, 1, 1, 1, 1, 1, 1, 1], 'C': [0, 1, 1, 0, 1, 1, 1, 1, 1, 0], 'D': [1, 1, 1, 1, 1, 0, 1, 1, 1, 0], 'E': [1, 1, 1, 1, 1, 1, 1, 1, 1, 1], 'F': [1, 1, 1, 1, 1, 1, 1, 1, 0, 1], 'G': [1, 1, 1, 1, 1, 1, 1, 1, 0, 0], 'H': [1, 1, 1, 1, 1, 1, 1, 1, 0, 0], 'I': [1, 0, 1, 1, 1, 1, 0, 1, 0, 1], 'J': [1, 1, 0, 0, 0, 1, 1, 1, 1, 1], 'K': [0, 0, 1, 1, 1, 1, 1, 1, 1, 1]}, '东门南侧': {'A': [0, 0, 0, 0, 0, 0, 1, 0, 0, 0], 'B': [0, 0, 0, 0, 0, 0, 0, 0, 0, 0]}, '西门北侧': {'A': [1, 1, 1, 1, 1, 1, 1, 0, 1, 1], 'B': [1, 1, 1, 1, 0, 1, 1, 0, 1, 0], 'C': [1, 1, 1, 1, 1, 1, 1, 1, 1, 0]}, '西门南侧': {'A': [1, 1, 1, 1, 1, 0, 0, 1, 1, 1], 'B': [1, 1, 1, 1, 1, 1, 1, 1, 1, 1], 'C': [1, 1, 0, 1, 0, 0, 1, 1, 1, 0]}, '南门西侧': {'A': [1, 1, 1, 1, 1, 1, 1, 1, 1, 1], 'B': [0, 0, 0, 0, 0, 0, 0, 0, 0, 0]}, '南门东侧': {'A': [1, 1, 1, 1, 1, 1, 1, 1, 0, 1], 'B': [0, 0, 1, 1, 1, 0, 1, 1, 1, 1]}, '北门东北侧': {'A': [1, 1, 1, 1, 1, 1, 1, 1, 1, 1], 'B': [0, 1, 1, 1, 1, 1, 0, 1, 1, 0], 'C': [0, 0, 0, 1, 1, 1, 0, 1, 1, 0], 'D': [0, 1, 1, 0, 1, 1, 1, 1, 1, 1]}, '北门东南侧': {'A': [0, 0, 1, 1, 1, 0, 1, 1, 1, 1], 'B': [1, 1, 0, 0, 0, 1, 1, 1, 1, 0], 'C': [1, 0, 0, 1, 0, 1, 0, 1, 1, 1], 'D': [0, 0, 1, 0, 1, 1, 1, 0, 0, 1], 'E': [0, 1, 0, 0, 0, 0, 0, 0, 0, 0], 'F': [1, 1, 1, 1, 1, 1, 1, 1, 0, 1]}, '橘园北侧南': {'A': [0, 0, 0, 0, 0, 1, 1, 0, 0, 1], 'B': [1, 1, 1, 1, 0, 1, 1, 0, 1, 1], 'C': [0, 1, 1, 1, 0, 1, 0, 0, 0, 0], 'D': [1, 0, 0, 1, 1, 1, 1, 0, 1, 1], 'E': [1, 1, 1, 1, 1, 1, 1, 0, 0, 1], 'F': [0, 1, 0, 1, 0, 1, 1, 1, 0, 0], 'G': [0, 0, 1, 1, 0, 1, 0, 0, 1, 0], 'H': [0, 1, 1, 1, 1, 0, 0, 0, 0, 1], 'I': [0, 0, 0, 0, 0, 0, 1, 0, 0, 0], 'J': [0, 0, 0, 1, 0, 1, 0, 0, 0, 0]}, '校医院西': {'A': [0, 1, 0, 1, 1, 0, 0, 1, 1, 1], 'B': [1, 1, 1, 1, 1, 0, 0, 1, 1, 1], 'C': [1, 1, 1, 0, 1, 0, 1, 1, 0, 1], 'D': [1, 1, 1, 0, 1, 1, 0, 0, 1, 1], 'E': [1, 0, 1, 1, 1, 1, 1, 0, 1, 1], 'F': [0, 0, 1, 1, 0, 1, 1, 1, 1, 1], 'G': [0, 0, 1, 0, 0, 1, 0, 1, 0, 0], 'H': [0, 0, 0, 0, 0, 0, 0, 0, 0, 1], 'I': [0, 0, 0, 0, 0, 0, 0, 0, 0, 0]}}
623782	2024-07-13 13:47:22.891000+08:00	2024-07-13 13:47:22.891000+08:00	{'东门北侧': {'A': [1, 1, 1, 1, 1, 1, 1, 0, 1, 1], 'B': [1, 1, 1, 1, 1, 1, 1, 1, 1, 1], 'C': [0, 1, 1, 0, 1, 1, 1, 1, 1, 0], 'D': [1, 1, 1, 1, 1, 0, 1, 1, 1, 0], 'E': [1, 1, 1, 1, 1, 1, 1, 1, 1, 1], 'F': [1, 1, 1, 1, 1, 1, 1, 1, 0, 1], 'G': [1, 1, 1, 1, 1, 1, 1, 1, 0, 0], 'H': [1, 1, 1, 1, 1, 1, 1, 1, 0, 0], 'I': [1, 0, 1, 1, 1, 1, 0, 1, 0, 1], 'J': [1, 1, 0, 0, 0, 1, 1, 1, 1, 1], 'K': [0, 0, 1, 1, 1, 1, 1, 1, 1, 1]}, '东门南侧': {'A': [0, 0, 0, 0, 0, 0, 1, 0, 0, 0], 'B': [0, 0, 0, 0, 0, 0, 0, 0, 0, 0]}, '西门北侧': {'A': [1, 1, 1, 1, 1, 1, 1, 0, 1, 1], 'B': [1, 1, 1, 1, 0, 1, 1, 0, 1, 0], 'C': [1, 1, 1, 1, 1, 1, 1, 1, 1, 0]}, '西门南侧': {'A': [1, 1, 1, 1, 1, 0, 0, 1, 1, 1], 'B': [1, 1, 1, 1, 1, 1, 1, 1, 1, 1], 'C': [1, 1, 0, 1, 0, 0, 1, 1, 1, 0]}, '南门西侧': {'A': [1, 1, 1, 1, 1, 1, 1, 1, 1, 1], 'B': [0, 0, 0, 0, 0, 0, 0, 0, 0, 0]}, '南门东侧': {'A': [1, 1, 1, 1, 1, 1, 1, 1, 0, 1], 'B': [0, 0, 1, 1, 1, 0, 1, 1, 1, 1]}, '北门东北侧': {'A': [1, 1, 1, 1, 1, 1, 1, 1, 1, 1], 'B': [0, 1, 1, 1, 1, 1, 0, 1, 1, 0], 'C': [0, 0, 0, 1, 1, 1, 0, 1, 1, 0], 'D': [0, 1, 1, 0, 1, 1, 1, 1, 1, 1]}, '北门东南侧': {'A': [0, 0, 1, 1, 1, 0, 1, 1, 1, 1], 'B': [0, 1, 0, 0, 0, 1, 1, 1, 1, 0], 'C': [1, 0, 0, 1, 0, 1, 0, 1, 1, 1], 'D': [0, 0, 1, 0, 1, 1, 1, 0, 0, 1], 'E': [0, 1, 0, 0, 0, 0, 0, 0, 0, 0], 'F': [1, 1, 1, 1, 1, 1, 1, 1, 0, 1]}, '橘园北侧南': {'A': [0, 0, 0, 0, 0, 1, 1, 0, 0, 1], 'B': [1, 1, 1, 1, 0, 1, 1, 0, 1, 1], 'C': [0, 1, 1, 1, 0, 1, 0, 0, 0, 0], 'D': [1, 0, 0, 1, 1, 1, 1, 0, 1, 1], 'E': [1, 1, 1, 1, 1, 1, 1, 0, 0, 1], 'F': [0, 1, 0, 1, 0, 1, 1, 1, 0, 0], 'G': [0, 0, 1, 1, 0, 1, 0, 0, 1, 0], 'H': [0, 1, 1, 1, 1, 0, 0, 0, 0, 1], 'I': [0, 0, 0, 0, 0, 0, 1, 0, 0, 0], 'J': [0, 0, 0, 1, 0, 1, 0, 0, 0, 0]}, '校医院西': {'A': [0, 1, 0, 1, 1, 0, 0, 1, 1, 1], 'B': [1, 1, 1, 1, 1, 0, 0, 1, 1, 1], 'C': [1, 1, 1, 0, 1, 0, 1, 1, 0, 1], 'D': [1, 1, 1, 0, 1, 1, 0, 0, 1, 1], 'E': [1, 0, 1, 1, 1, 1, 1, 0, 1, 1], 'F': [0, 0, 1, 1, 0, 1, 1, 1, 1, 1], 'G': [0, 0, 1, 0, 0, 1, 0, 1, 0, 0], 'H': [0, 0, 0, 0, 0, 0, 0, 0, 0, 0], 'I': [0, 0, 0, 0, 0, 0, 0, 0, 0, 0]}}
623783	2024-07-13 13:48:20.861000+08:00	2024-07-13 13:48:20.861000+08:00	{'东门北侧': {'A': [1, 1, 1, 1, 1, 1, 1, 0, 1, 1], 'B': [1, 1, 1, 1, 1, 1, 1, 1, 1, 1], 'C': [0, 1, 1, 0, 1, 1, 1, 1, 1, 0], 'D': [1, 1, 1, 1, 1, 0, 1, 1, 1, 0], 'E': [1, 1, 1, 1, 1, 1, 1, 1, 1, 1], 'F': [1, 1, 1, 1, 1, 1, 1, 1, 0, 1], 'G': [1, 1, 1, 1, 1, 1, 1, 1, 0, 0], 'H': [1, 1, 1, 1, 1, 1, 1, 1, 0, 0], 'I': [1, 0, 1, 1, 1, 1, 0, 1, 0, 1], 'J': [1, 1, 0, 0, 0, 1, 1, 1, 1, 1], 'K': [0, 0, 1, 1, 1, 1, 1, 1, 1, 1]}, '东门南侧': {'A': [0, 0, 0, 0, 0, 0, 1, 0, 0, 0], 'B': [0, 0, 0, 0, 0, 0, 0, 0, 0, 0]}, '西门北侧': {'A': [1, 1, 1, 1, 1, 1, 1, 0, 1, 1], 'B': [1, 1, 1, 1, 0, 1, 1, 0, 1, 0], 'C': [1, 1, 1, 1, 1, 1, 1, 1, 1, 0]}, '西门南侧': {'A': [1, 1, 1, 1, 1, 0, 0, 1, 1, 1], 'B': [1, 1, 1, 1, 1, 1, 1, 1, 1, 1], 'C': [1, 1, 0, 1, 0, 0, 1, 1, 1, 0]}, '南门西侧': {'A': [1, 1, 1, 1, 1, 1, 1, 1, 1, 1], 'B': [0, 0, 0, 0, 0, 0, 0, 0, 0, 0]}, '南门东侧': {'A': [1, 1, 1, 1, 1, 1, 1, 1, 0, 1], 'B': [0, 0, 1, 1, 1, 0, 1, 1, 1, 1]}, '北门东北侧': {'A': [1, 1, 1, 1, 1, 1, 1, 1, 1, 1], 'B': [0, 1, 1, 1, 1, 1, 0, 1, 1, 0], 'C': [0, 0, 0, 1, 1, 1, 0, 1, 1, 0], 'D': [0, 1, 1, 0, 1, 1, 1, 1, 1, 1]}, '北门东南侧': {'A': [0, 0, 1, 1, 1, 0, 1, 1, 1, 1], 'B': [0, 1, 0, 0, 0, 1, 1, 1, 1, 0], 'C': [1, 0, 0, 1, 0, 1, 0, 1, 1, 1], 'D': [0, 0, 1, 0, 1, 1, 0, 0, 0, 1], 'E': [0, 1, 0, 0, 0, 0, 0, 0, 0, 0], 'F': [1, 1, 1, 1, 1, 1, 1, 1, 0, 1]}, '橘园北侧南': {'A': [0, 0, 0, 0, 0, 1, 1, 0, 0, 1], 'B': [1, 1, 1, 1, 0, 1, 1, 0, 1, 1], 'C': [0, 1, 1, 1, 0, 1, 0, 0, 0, 0], 'D': [1, 0, 0, 1, 1, 1, 1, 0, 1, 1], 'E': [1, 1, 1, 1, 1, 1, 1, 0, 0, 1], 'F': [0, 1, 0, 1, 0, 1, 1, 1, 0, 0], 'G': [0, 0, 1, 1, 0, 1, 0, 0, 1, 0], 'H': [0, 1, 1, 1, 1, 0, 0, 0, 0, 1], 'I': [0, 0, 0, 0, 0, 0, 1, 0, 0, 0], 'J': [0, 0, 0, 1, 0, 1, 0, 0, 0, 0]}, '校医院西': {'A': [0, 1, 0, 1, 1, 0, 0, 1, 1, 1], 'B': [1, 1, 1, 1, 1, 0, 0, 1, 1, 1], 'C': [0, 1, 1, 0, 1, 0, 1, 1, 0, 1], 'D': [1, 1, 1, 0, 1, 1, 0, 0, 1, 1], 'E': [1, 0, 1, 1, 1, 1, 1, 0, 1, 1], 'F': [0, 0, 1, 1, 0, 1, 1, 1, 1, 1], 'G': [0, 0, 1, 0, 0, 1, 0, 1, 0, 0], 'H': [0, 0, 0, 0, 0, 0, 0, 0, 0, 0], 'I': [0, 0, 0, 0, 0, 0, 0, 0, 0, 0]}}
623784	2024-07-13 13:49:23.876000+08:00	2024-07-13 13:49:23.876000+08:00	{'东门北侧': {'A': [1, 1, 1, 1, 1, 1, 1, 0, 1, 1], 'B': [1, 1, 1, 1, 1, 1, 1, 1, 1, 1], 'C': [0, 1, 1, 0, 1, 1, 1, 1, 1, 0], 'D': [1, 1, 1, 1, 1, 0, 1, 1, 1, 0], 'E': [1, 1, 1, 1, 1, 1, 1, 1, 1, 1], 'F': [1, 1, 1, 1, 1, 1, 1, 1, 0, 1], 'G': [1, 1, 1, 1, 1, 1, 1, 1, 0, 0], 'H': [1, 1, 1, 1, 1, 1, 1, 1, 0, 0], 'I': [1, 0, 1, 1, 1, 1, 0, 1, 0, 1], 'J': [1, 1, 0, 0, 0, 1, 1, 1, 1, 1], 'K': [0, 0, 1, 1, 1, 1, 1, 1, 1, 1]}, '东门南侧': {'A': [0, 0, 0, 0, 0, 0, 1, 0, 0, 0], 'B': [0, 0, 0, 0, 0, 0, 0, 0, 0, 0]}, '西门北侧': {'A': [1, 1, 1, 1, 1, 1, 1, 0, 1, 1], 'B': [1, 1, 1, 1, 0, 1, 1, 0, 1, 0], 'C': [1, 1, 1, 1, 1, 1, 1, 1, 1, 0]}, '西门南侧': {'A': [1, 1, 1, 1, 1, 0, 0, 1, 1, 1], 'B': [1, 1, 1, 1, 1, 1, 1, 1, 1, 1], 'C': [1, 1, 0, 1, 0, 0, 1, 1, 1, 0]}, '南门西侧': {'A': [1, 1, 1, 1, 1, 1, 1, 1, 1, 1], 'B': [0, 0, 0, 0, 0, 0, 0, 0, 0, 0]}, '南门东侧': {'A': [1, 1, 1, 1, 1, 1, 1, 1, 0, 1], 'B': [0, 0, 1, 1, 1, 0, 1, 1, 1, 1]}, '北门东北侧': {'A': [1, 1, 1, 1, 1, 1, 1, 1, 1, 1], 'B': [0, 1, 1, 1, 1, 1, 0, 1, 1, 0], 'C': [0, 0, 0, 1, 1, 1, 0, 1, 1, 0], 'D': [0, 1, 1, 0, 1, 1, 1, 1, 1, 1]}, '北门东南侧': {'A': [0, 0, 1, 1, 1, 0, 1, 1, 1, 1], 'B': [0, 1, 0, 0, 0, 1, 1, 1, 1, 0], 'C': [1, 0, 0, 1, 0, 1, 0, 1, 1, 1], 'D': [0, 0, 1, 0, 1, 1, 0, 0, 0, 1], 'E': [0, 1, 0, 0, 0, 0, 0, 0, 0, 0], 'F': [1, 1, 1, 1, 1, 1, 1, 1, 0, 1]}, '橘园北侧南': {'A': [0, 0, 0, 0, 0, 1, 1, 0, 0, 1], 'B': [1, 1, 1, 1, 0, 1, 1, 0, 1, 1], 'C': [0, 1, 1, 1, 0, 1, 0, 0, 0, 0], 'D': [1, 0, 0, 1, 1, 1, 1, 0, 1, 1], 'E': [1, 1, 1, 1, 1, 1, 1, 0, 0, 1], 'F': [0, 1, 0, 1, 0, 1, 1, 1, 0, 0], 'G': [0, 0, 1, 1, 0, 1, 0, 0, 1, 0], 'H': [0, 1, 1, 1, 1, 0, 0, 0, 0, 1], 'I': [0, 0, 0, 0, 0, 0, 1, 0, 0, 0], 'J': [0, 0, 0, 1, 0, 1, 0, 0, 0, 0]}, '校医院西': {'A': [0, 1, 0, 1, 1, 0, 0, 1, 1, 1], 'B': [1, 1, 1, 1, 1, 0, 0, 1, 1, 1], 'C': [0, 1, 1, 0, 1, 0, 1, 1, 0, 1], 'D': [1, 1, 1, 0, 1, 1, 0, 0, 1, 1], 'E': [1, 0, 1, 1, 1, 1, 1, 0, 1, 1], 'F': [0, 0, 1, 1, 0, 1, 1, 1, 1, 1], 'G': [0, 0, 1, 0, 0, 1, 0, 1, 0, 0], 'H': [0, 0, 0, 0, 0, 0, 0, 0, 0, 0], 'I': [0, 0, 0, 0, 0, 0, 0, 0, 0, 0]}}
623785	2024-07-13 13:50:21.842000+08:00	2024-07-13 13:50:21.842000+08:00	{'东门北侧': {'A': [1, 1, 1, 1, 1, 1, 1, 0, 1, 1], 'B': [1, 1, 1, 1, 1, 1, 1, 1, 1, 1], 'C': [0, 1, 1, 0, 1, 1, 1, 1, 1, 0], 'D': [1, 1, 1, 1, 1, 0, 1, 1, 1, 0], 'E': [1, 1, 1, 1, 1, 1, 1, 1, 1, 1], 'F': [1, 1, 1, 1, 1, 1, 1, 1, 0, 1], 'G': [1, 1, 1, 1, 1, 1, 1, 1, 0, 0], 'H': [1, 1, 1, 1, 1, 1, 1, 1, 0, 0], 'I': [1, 0, 1, 1, 1, 1, 0, 1, 0, 1], 'J': [1, 1, 0, 0, 0, 1, 1, 1, 1, 1], 'K': [0, 0, 1, 1, 1, 1, 1, 1, 1, 1]}, '东门南侧': {'A': [0, 0, 0, 0, 0, 0, 1, 0, 0, 0], 'B': [0, 0, 0, 0, 0, 0, 0, 0, 0, 0]}, '西门北侧': {'A': [1, 1, 1, 1, 1, 1, 1, 0, 1, 1], 'B': [1, 1, 1, 1, 0, 1, 1, 0, 1, 0], 'C': [1, 1, 1, 1, 1, 1, 1, 1, 1, 0]}, '西门南侧': {'A': [1, 1, 1, 1, 1, 0, 0, 1, 1, 1], 'B': [1, 1, 1, 1, 1, 1, 1, 1, 1, 1], 'C': [1, 1, 0, 1, 0, 0, 1, 1, 1, 0]}, '南门西侧': {'A': [1, 1, 1, 1, 1, 1, 1, 1, 1, 1], 'B': [0, 0, 0, 0, 0, 0, 0, 0, 0, 0]}, '南门东侧': {'A': [1, 1, 1, 1, 1, 1, 1, 1, 0, 1], 'B': [0, 0, 1, 1, 1, 0, 1, 1, 1, 1]}, '北门东北侧': {'A': [1, 1, 1, 1, 1, 1, 1, 1, 1, 1], 'B': [0, 1, 1, 1, 1, 1, 0, 1, 1, 0], 'C': [0, 0, 0, 1, 1, 1, 0, 1, 1, 0], 'D': [0, 1, 1, 0, 1, 1, 1, 1, 1, 1]}, '北门东南侧': {'A': [0, 0, 1, 1, 1, 0, 1, 1, 1, 1], 'B': [0, 1, 0, 0, 0, 1, 1, 1, 1, 0], 'C': [1, 0, 0, 1, 0, 1, 0, 1, 1, 1], 'D': [0, 0, 1, 0, 1, 1, 0, 0, 0, 1], 'E': [0, 1, 0, 0, 0, 0, 0, 0, 0, 0], 'F': [1, 1, 1, 1, 1, 1, 1, 1, 0, 1]}, '橘园北侧南': {'A': [0, 0, 0, 0, 0, 1, 1, 0, 0, 1], 'B': [1, 1, 1, 1, 0, 1, 1, 0, 1, 1], 'C': [0, 1, 1, 1, 0, 1, 0, 0, 0, 0], 'D': [1, 0, 0, 1, 1, 1, 1, 0, 1, 1], 'E': [1, 1, 1, 1, 1, 1, 1, 0, 0, 1], 'F': [0, 1, 0, 1, 0, 1, 1, 1, 0, 0], 'G': [0, 0, 1, 1, 0, 1, 0, 0, 1, 0], 'H': [0, 1, 1, 1, 1, 0, 0, 0, 0, 1], 'I': [0, 0, 0, 0, 0, 0, 1, 0, 0, 0], 'J': [0, 0, 0, 1, 0, 1, 0, 0, 0, 1]}, '校医院西': {'A': [0, 1, 0, 1, 1, 0, 0, 1, 1, 1], 'B': [1, 1, 1, 1, 1, 0, 0, 1, 1, 1], 'C': [0, 1, 1, 0, 1, 0, 1, 1, 0, 1], 'D': [1, 1, 1, 0, 1, 1, 0, 0, 1, 1], 'E': [1, 0, 1, 1, 1, 1, 1, 0, 1, 1], 'F': [0, 0, 1, 1, 0, 1, 1, 1, 1, 1], 'G': [0, 0, 1, 0, 0, 1, 0, 1, 0, 0], 'H': [0, 0, 0, 0, 0, 0, 0, 0, 0, 0], 'I': [0, 0, 0, 0, 0, 0, 0, 0, 0, 0]}}
623786	2024-07-13 13:51:22.163000+08:00	2024-07-13 13:51:22.163000+08:00	{'东门北侧': {'A': [1, 1, 1, 1, 1, 1, 1, 0, 1, 1], 'B': [1, 1, 1, 1, 1, 1, 1, 1, 1, 1], 'C': [0, 1, 1, 0, 1, 1, 1, 1, 1, 0], 'D': [1, 1, 1, 1, 1, 0, 1, 1, 1, 0], 'E': [1, 1, 1, 1, 1, 1, 1, 1, 1, 1], 'F': [1, 1, 1, 1, 1, 1, 1, 1, 0, 1], 'G': [1, 1, 1, 1, 1, 1, 1, 1, 0, 0], 'H': [1, 1, 1, 1, 1, 1, 1, 1, 0, 0], 'I': [1, 0, 1, 1, 1, 1, 0, 1, 0, 1], 'J': [1, 1, 0, 0, 0, 1, 1, 1, 1, 1], 'K': [0, 0, 1, 1, 1, 1, 1, 1, 1, 1]}, '东门南侧': {'A': [0, 0, 0, 0, 0, 0, 1, 0, 0, 0], 'B': [0, 0, 0, 0, 0, 0, 0, 0, 0, 0]}, '西门北侧': {'A': [1, 1, 1, 1, 1, 1, 1, 0, 1, 1], 'B': [1, 1, 1, 1, 0, 1, 1, 0, 1, 0], 'C': [1, 1, 1, 1, 1, 1, 1, 1, 1, 0]}, '西门南侧': {'A': [1, 1, 1, 1, 1, 0, 0, 1, 1, 1], 'B': [1, 1, 1, 1, 1, 1, 1, 1, 1, 1], 'C': [1, 1, 0, 1, 0, 0, 1, 1, 1, 0]}, '南门西侧': {'A': [1, 1, 1, 1, 1, 1, 1, 1, 1, 1], 'B': [0, 0, 0, 0, 0, 0, 0, 0, 0, 0]}, '南门东侧': {'A': [1, 1, 1, 1, 1, 1, 1, 1, 0, 1], 'B': [0, 0, 1, 1, 1, 0, 1, 1, 1, 1]}, '北门东北侧': {'A': [1, 1, 1, 1, 1, 1, 1, 1, 1, 1], 'B': [0, 1, 1, 1, 1, 1, 0, 1, 1, 0], 'C': [0, 0, 0, 1, 1, 1, 0, 1, 1, 0], 'D': [0, 1, 1, 0, 1, 1, 1, 0, 1, 1]}, '北门东南侧': {'A': [0, 0, 1, 1, 1, 0, 1, 1, 1, 1], 'B': [0, 1, 0, 0, 0, 1, 1, 1, 1, 0], 'C': [1, 0, 0, 1, 0, 1, 0, 1, 1, 1], 'D': [0, 0, 1, 0, 1, 1, 0, 0, 0, 1], 'E': [0, 1, 0, 0, 0, 0, 0, 0, 0, 0], 'F': [1, 1, 1, 1, 1, 1, 1, 1, 0, 1]}, '橘园北侧南': {'A': [0, 0, 0, 0, 0, 1, 1, 0, 0, 1], 'B': [1, 1, 1, 1, 0, 1, 1, 0, 1, 1], 'C': [0, 1, 1, 1, 0, 1, 0, 0, 0, 0], 'D': [1, 0, 0, 1, 1, 1, 1, 0, 1, 1], 'E': [1, 1, 1, 1, 1, 1, 1, 0, 0, 1], 'F': [0, 1, 0, 1, 0, 1, 1, 1, 0, 0], 'G': [0, 0, 1, 1, 0, 1, 0, 0, 1, 0], 'H': [0, 1, 1, 1, 1, 0, 0, 0, 0, 1], 'I': [0, 0, 0, 0, 0, 0, 1, 0, 0, 0], 'J': [0, 0, 0, 1, 0, 1, 0, 0, 0, 1]}, '校医院西': {'A': [0, 1, 0, 0, 1, 0, 0, 1, 1, 1], 'B': [1, 1, 1, 1, 1, 0, 0, 1, 1, 1], 'C': [0, 1, 1, 0, 1, 0, 1, 1, 0, 1], 'D': [1, 1, 1, 0, 1, 1, 0, 0, 1, 1], 'E': [1, 0, 1, 1, 1, 1, 1, 0, 1, 1], 'F': [0, 0, 1, 1, 0, 1, 1, 1, 1, 1], 'G': [0, 0, 1, 0, 0, 1, 0, 1, 0, 0], 'H': [0, 0, 0, 0, 0, 0, 0, 0, 0, 0], 'I': [0, 0, 0, 0, 0, 0, 0, 0, 0, 0]}}
623787	2024-07-13 13:52:20.836000+08:00	2024-07-13 13:52:20.836000+08:00	{'东门北侧': {'A': [1, 1, 1, 1, 1, 1, 1, 0, 1, 1], 'B': [1, 1, 1, 1, 1, 1, 1, 1, 1, 1], 'C': [0, 1, 1, 0, 1, 1, 1, 1, 1, 0], 'D': [1, 1, 1, 1, 1, 0, 1, 1, 1, 0], 'E': [1, 1, 1, 1, 1, 1, 1, 1, 1, 1], 'F': [1, 1, 1, 1, 1, 1, 1, 1, 0, 1], 'G': [1, 1, 1, 1, 1, 1, 1, 1, 0, 0], 'H': [1, 1, 1, 1, 1, 1, 1, 1, 0, 0], 'I': [1, 0, 1, 1, 1, 1, 0, 1, 0, 1], 'J': [1, 1, 0, 0, 0, 1, 1, 1, 1, 1], 'K': [0, 0, 1, 1, 1, 1, 1, 1, 1, 1]}, '东门南侧': {'A': [0, 0, 0, 0, 0, 0, 1, 0, 0, 0], 'B': [0, 0, 0, 0, 0, 0, 0, 0, 0, 0]}, '西门北侧': {'A': [1, 1, 1, 1, 1, 1, 1, 0, 1, 1], 'B': [1, 1, 1, 1, 0, 1, 1, 0, 1, 0], 'C': [1, 1, 1, 1, 1, 1, 1, 1, 1, 0]}, '西门南侧': {'A': [1, 1, 1, 1, 1, 0, 0, 1, 1, 1], 'B': [1, 1, 1, 1, 1, 1, 1, 1, 1, 1], 'C': [1, 1, 0, 1, 0, 0, 1, 1, 1, 0]}, '南门西侧': {'A': [1, 1, 1, 1, 1, 1, 1, 1, 1, 1], 'B': [0, 0, 0, 0, 0, 0, 0, 0, 0, 0]}, '南门东侧': {'A': [1, 1, 1, 1, 1, 1, 1, 1, 0, 1], 'B': [0, 0, 1, 1, 1, 0, 1, 1, 1, 1]}, '北门东北侧': {'A': [1, 1, 1, 1, 1, 1, 1, 1, 1, 1], 'B': [0, 1, 1, 1, 1, 1, 0, 1, 0, 0], 'C': [0, 0, 0, 1, 1, 1, 0, 1, 1, 0], 'D': [0, 1, 1, 0, 1, 1, 1, 0, 1, 1]}, '北门东南侧': {'A': [0, 0, 1, 1, 1, 0, 1, 1, 1, 1], 'B': [0, 1, 0, 0, 0, 1, 1, 1, 1, 0], 'C': [1, 0, 0, 1, 0, 1, 0, 1, 1, 1], 'D': [0, 0, 1, 0, 1, 1, 0, 0, 0, 1], 'E': [0, 1, 0, 0, 0, 0, 0, 0, 0, 0], 'F': [1, 1, 1, 1, 1, 1, 1, 1, 0, 1]}, '橘园北侧南': {'A': [0, 0, 0, 0, 0, 1, 1, 0, 0, 1], 'B': [1, 1, 1, 1, 0, 1, 1, 0, 1, 1], 'C': [0, 1, 1, 1, 0, 1, 0, 0, 0, 0], 'D': [1, 0, 0, 1, 1, 1, 1, 0, 1, 1], 'E': [1, 1, 1, 1, 1, 1, 1, 0, 0, 1], 'F': [0, 1, 0, 1, 0, 1, 1, 1, 0, 0], 'G': [0, 0, 1, 1, 0, 1, 0, 0, 1, 0], 'H': [0, 1, 1, 1, 1, 0, 0, 0, 0, 1], 'I': [0, 0, 0, 0, 0, 0, 1, 0, 0, 0], 'J': [0, 0, 0, 1, 0, 1, 0, 0, 0, 1]}, '校医院西': {'A': [0, 1, 0, 0, 1, 0, 0, 1, 1, 1], 'B': [1, 1, 1, 1, 1, 0, 0, 1, 1, 1], 'C': [0, 1, 1, 0, 1, 0, 1, 1, 0, 1], 'D': [1, 1, 1, 0, 1, 1, 0, 0, 1, 1], 'E': [1, 0, 1, 1, 1, 1, 1, 0, 1, 1], 'F': [0, 0, 1, 1, 0, 1, 1, 1, 1, 1], 'G': [0, 0, 1, 0, 0, 1, 0, 1, 0, 0], 'H': [0, 0, 0, 0, 0, 0, 0, 0, 0, 0], 'I': [0, 0, 0, 0, 0, 0, 0, 0, 0, 0]}}
623788	2024-07-13 13:53:23.806000+08:00	2024-07-13 13:53:23.806000+08:00	{'东门北侧': {'A': [1, 1, 1, 1, 1, 1, 1, 0, 1, 1], 'B': [1, 1, 1, 1, 1, 1, 1, 1, 1, 1], 'C': [0, 1, 1, 0, 1, 1, 1, 1, 1, 0], 'D': [1, 1, 1, 1, 1, 0, 1, 1, 1, 0], 'E': [1, 1, 1, 1, 1, 1, 1, 1, 1, 1], 'F': [1, 1, 1, 1, 1, 1, 1, 1, 0, 1], 'G': [1, 1, 1, 1, 1, 1, 1, 1, 0, 0], 'H': [1, 1, 1, 1, 1, 1, 1, 1, 0, 0], 'I': [1, 0, 1, 1, 1, 1, 0, 1, 0, 1], 'J': [1, 1, 0, 0, 0, 1, 1, 1, 1, 1], 'K': [0, 0, 1, 1, 1, 1, 1, 1, 1, 1]}, '东门南侧': {'A': [0, 0, 0, 0, 0, 0, 1, 0, 0, 0], 'B': [0, 0, 0, 0, 0, 0, 0, 0, 0, 0]}, '西门北侧': {'A': [1, 1, 1, 1, 1, 1, 1, 0, 1, 1], 'B': [1, 1, 1, 1, 0, 1, 1, 0, 1, 0], 'C': [1, 1, 1, 1, 1, 1, 1, 1, 1, 0]}, '西门南侧': {'A': [1, 1, 1, 1, 1, 0, 0, 1, 1, 1], 'B': [1, 1, 1, 1, 1, 1, 1, 1, 1, 1], 'C': [1, 1, 0, 1, 0, 0, 1, 1, 1, 0]}, '南门西侧': {'A': [1, 1, 1, 1, 1, 1, 1, 1, 1, 1], 'B': [0, 0, 0, 0, 0, 0, 0, 0, 0, 0]}, '南门东侧': {'A': [1, 1, 1, 1, 1, 1, 1, 1, 0, 1], 'B': [0, 0, 1, 1, 1, 0, 1, 1, 1, 1]}, '北门东北侧': {'A': [1, 1, 1, 1, 1, 1, 1, 1, 1, 1], 'B': [0, 1, 1, 1, 1, 0, 0, 1, 0, 0], 'C': [0, 0, 0, 1, 1, 1, 0, 1, 1, 0], 'D': [0, 1, 1, 0, 1, 1, 1, 0, 1, 1]}, '北门东南侧': {'A': [0, 0, 1, 1, 1, 0, 1, 1, 1, 1], 'B': [0, 1, 0, 0, 0, 1, 1, 1, 1, 0], 'C': [1, 0, 0, 1, 0, 1, 0, 1, 1, 1], 'D': [0, 0, 1, 0, 1, 1, 0, 0, 0, 1], 'E': [0, 1, 0, 0, 0, 0, 0, 0, 0, 0], 'F': [1, 1, 1, 1, 1, 1, 1, 1, 0, 1]}, '橘园北侧南': {'A': [1, 0, 0, 0, 0, 1, 1, 0, 0, 1], 'B': [1, 1, 1, 1, 0, 1, 1, 0, 1, 1], 'C': [0, 1, 1, 1, 0, 1, 0, 0, 0, 0], 'D': [1, 0, 0, 1, 1, 1, 1, 0, 1, 0], 'E': [1, 1, 1, 1, 1, 1, 1, 0, 0, 1], 'F': [0, 1, 0, 1, 0, 1, 1, 1, 0, 0], 'G': [0, 0, 1, 1, 0, 1, 0, 0, 1, 0], 'H': [0, 1, 1, 1, 1, 0, 0, 0, 0, 1], 'I': [0, 0, 0, 0, 0, 0, 1, 0, 0, 0], 'J': [0, 0, 0, 1, 0, 1, 0, 0, 0, 1]}, '校医院西': {'A': [0, 1, 0, 0, 1, 0, 0, 1, 1, 1], 'B': [1, 1, 1, 1, 1, 0, 0, 1, 1, 1], 'C': [0, 1, 1, 0, 1, 0, 1, 1, 0, 1], 'D': [1, 1, 1, 0, 1, 1, 0, 0, 1, 1], 'E': [1, 0, 1, 1, 1, 1, 1, 0, 1, 1], 'F': [0, 0, 1, 1, 0, 1, 1, 1, 1, 1], 'G': [0, 0, 1, 0, 0, 1, 0, 1, 0, 0], 'H': [0, 0, 0, 0, 0, 0, 0, 0, 0, 0], 'I': [0, 0, 0, 0, 0, 0, 0, 0, 0, 0]}}
623789	2024-07-13 13:54:01.765000+08:00	2024-07-13 13:54:01.765000+08:00	{'东门北侧': {'A': [1, 1, 1, 1, 1, 1, 1, 0, 1, 1], 'B': [1, 1, 1, 1, 1, 1, 1, 1, 1, 1], 'C': [0, 1, 1, 0, 1, 1, 1, 1, 1, 0], 'D': [1, 1, 1, 1, 1, 0, 1, 1, 1, 0], 'E': [1, 1, 1, 1, 1, 1, 1, 1, 1, 1], 'F': [1, 1, 1, 1, 1, 1, 1, 1, 0, 1], 'G': [1, 1, 1, 1, 1, 1, 1, 1, 0, 0], 'H': [1, 1, 1, 1, 1, 1, 1, 1, 0, 0], 'I': [1, 0, 1, 1, 1, 1, 0, 1, 0, 1], 'J': [1, 1, 0, 0, 0, 1, 1, 1, 1, 1], 'K': [0, 0, 1, 1, 1, 1, 1, 1, 1, 1]}, '东门南侧': {'A': [0, 0, 0, 0, 0, 0, 1, 0, 0, 0], 'B': [0, 0, 0, 0, 0, 0, 0, 0, 0, 0]}, '西门北侧': {'A': [1, 1, 1, 1, 1, 1, 1, 0, 1, 1], 'B': [1, 1, 1, 1, 0, 1, 1, 0, 1, 0], 'C': [1, 1, 1, 1, 1, 1, 1, 1, 1, 0]}, '西门南侧': {'A': [1, 1, 1, 1, 1, 0, 0, 1, 1, 1], 'B': [1, 1, 1, 1, 1, 1, 1, 1, 1, 1], 'C': [1, 1, 0, 1, 0, 0, 1, 1, 1, 0]}, '南门西侧': {'A': [1, 1, 1, 1, 1, 1, 1, 1, 1, 1], 'B': [0, 0, 0, 0, 0, 0, 0, 0, 0, 0]}, '南门东侧': {'A': [1, 1, 1, 1, 1, 1, 1, 1, 0, 1], 'B': [0, 0, 1, 1, 1, 0, 1, 1, 1, 1]}, '北门东北侧': {'A': [1, 1, 1, 1, 1, 1, 1, 1, 1, 1], 'B': [0, 1, 1, 1, 1, 0, 0, 1, 0, 0], 'C': [0, 0, 0, 1, 1, 1, 0, 1, 1, 0], 'D': [0, 1, 1, 0, 1, 1, 1, 0, 1, 1]}, '北门东南侧': {'A': [0, 0, 1, 1, 1, 0, 1, 1, 1, 1], 'B': [0, 1, 0, 0, 0, 1, 1, 1, 1, 0], 'C': [1, 0, 0, 1, 0, 1, 0, 1, 1, 1], 'D': [0, 0, 1, 0, 1, 1, 0, 0, 0, 1], 'E': [0, 1, 0, 0, 0, 0, 0, 0, 0, 0], 'F': [1, 1, 1, 1, 1, 1, 1, 1, 0, 1]}, '橘园北侧南': {'A': [1, 0, 0, 0, 0, 1, 1, 0, 0, 1], 'B': [1, 1, 1, 1, 0, 1, 1, 0, 1, 1], 'C': [0, 1, 1, 1, 0, 1, 0, 0, 0, 0], 'D': [1, 0, 0, 1, 1, 1, 1, 0, 1, 0], 'E': [1, 1, 1, 1, 1, 1, 1, 0, 0, 1], 'F': [0, 1, 0, 1, 0, 1, 1, 1, 0, 0], 'G': [0, 0, 1, 1, 0, 1, 0, 0, 1, 0], 'H': [0, 1, 1, 1, 1, 0, 0, 0, 0, 1], 'I': [0, 0, 0, 0, 0, 0, 1, 0, 0, 0], 'J': [0, 0, 0, 1, 0, 1, 0, 0, 0, 1]}, '校医院西': {'A': [0, 1, 0, 0, 1, 0, 0, 1, 1, 1], 'B': [1, 1, 1, 1, 1, 0, 0, 1, 1, 1], 'C': [0, 1, 1, 0, 1, 0, 1, 1, 0, 1], 'D': [1, 1, 1, 0, 1, 1, 0, 0, 1, 1], 'E': [1, 0, 1, 1, 1, 1, 1, 0, 1, 1], 'F': [0, 0, 1, 1, 0, 1, 1, 1, 1, 1], 'G': [0, 0, 1, 0, 0, 1, 0, 0, 0, 0], 'H': [0, 0, 0, 0, 0, 0, 0, 0, 0, 0], 'I': [0, 0, 0, 0, 0, 0, 0, 0, 0, 0]}}
623790	2024-07-13 13:54:58.545000+08:00	2024-07-13 13:54:58.545000+08:00	{'东门北侧': {'A': [1, 1, 1, 1, 1, 1, 1, 0, 1, 1], 'B': [1, 1, 1, 1, 1, 1, 1, 1, 1, 1], 'C': [0, 1, 1, 0, 1, 1, 1, 1, 1, 0], 'D': [1, 1, 1, 1, 1, 0, 1, 1, 1, 0], 'E': [1, 1, 1, 1, 1, 1, 1, 1, 1, 1], 'F': [1, 1, 1, 1, 1, 1, 1, 1, 0, 1], 'G': [1, 1, 1, 1, 1, 1, 1, 1, 0, 0], 'H': [1, 1, 1, 1, 1, 1, 1, 1, 0, 0], 'I': [1, 0, 1, 1, 1, 1, 0, 1, 0, 1], 'J': [1, 1, 0, 0, 0, 1, 1, 1, 1, 1], 'K': [0, 0, 1, 1, 1, 1, 1, 1, 1, 1]}, '东门南侧': {'A': [0, 0, 0, 0, 0, 0, 1, 0, 0, 0], 'B': [0, 0, 0, 0, 0, 0, 0, 0, 0, 0]}, '西门北侧': {'A': [1, 1, 1, 1, 1, 1, 1, 0, 1, 1], 'B': [1, 1, 1, 1, 0, 1, 1, 0, 1, 0], 'C': [1, 1, 1, 1, 1, 1, 1, 1, 1, 0]}, '西门南侧': {'A': [1, 1, 1, 1, 1, 0, 0, 1, 1, 1], 'B': [1, 1, 1, 1, 1, 1, 1, 1, 1, 1], 'C': [1, 1, 0, 1, 0, 0, 1, 1, 1, 0]}, '南门西侧': {'A': [1, 1, 1, 1, 1, 1, 1, 1, 1, 1], 'B': [0, 0, 0, 0, 0, 0, 0, 0, 0, 0]}, '南门东侧': {'A': [1, 1, 1, 1, 1, 1, 1, 1, 0, 1], 'B': [0, 0, 1, 1, 1, 0, 1, 1, 1, 1]}, '北门东北侧': {'A': [1, 1, 1, 1, 1, 1, 1, 1, 1, 1], 'B': [0, 1, 1, 1, 1, 0, 0, 1, 0, 0], 'C': [0, 0, 0, 1, 1, 1, 0, 1, 1, 0], 'D': [0, 1, 1, 0, 1, 1, 1, 0, 1, 1]}, '北门东南侧': {'A': [0, 0, 1, 1, 1, 0, 1, 1, 1, 1], 'B': [0, 1, 0, 0, 0, 1, 1, 1, 1, 0], 'C': [1, 0, 0, 1, 0, 1, 0, 1, 1, 1], 'D': [0, 0, 1, 0, 1, 1, 0, 0, 0, 1], 'E': [0, 1, 0, 0, 0, 0, 0, 0, 0, 0], 'F': [1, 1, 1, 1, 1, 1, 1, 1, 0, 1]}, '橘园北侧南': {'A': [1, 0, 0, 0, 0, 1, 1, 0, 0, 1], 'B': [1, 1, 1, 1, 0, 1, 1, 0, 1, 1], 'C': [0, 1, 1, 1, 0, 1, 0, 0, 0, 0], 'D': [1, 0, 0, 1, 1, 1, 1, 0, 1, 0], 'E': [1, 1, 1, 1, 1, 1, 1, 0, 0, 1], 'F': [0, 1, 0, 1, 0, 1, 1, 1, 0, 0], 'G': [0, 0, 1, 1, 0, 1, 0, 0, 1, 0], 'H': [0, 1, 1, 1, 1, 0, 0, 0, 0, 1], 'I': [0, 0, 0, 0, 0, 0, 1, 0, 0, 0], 'J': [0, 0, 0, 1, 0, 1, 0, 0, 0, 1]}, '校医院西': {'A': [0, 1, 0, 0, 1, 0, 0, 1, 1, 1], 'B': [1, 1, 1, 1, 1, 0, 0, 1, 1, 1], 'C': [0, 1, 1, 0, 1, 0, 1, 1, 0, 1], 'D': [1, 1, 1, 0, 1, 1, 0, 0, 1, 1], 'E': [1, 0, 1, 1, 1, 1, 1, 0, 1, 1], 'F': [0, 0, 1, 1, 0, 1, 1, 1, 1, 1], 'G': [0, 0, 1, 0, 0, 1, 0, 0, 0, 0], 'H': [0, 0, 0, 0, 0, 0, 0, 0, 0, 0], 'I': [0, 0, 0, 0, 0, 0, 0, 0, 0, 0]}}
623791	2024-07-13 13:55:59.509000+08:00	2024-07-13 13:55:59.509000+08:00	{'东门北侧': {'A': [1, 1, 1, 1, 1, 1, 1, 0, 1, 1], 'B': [1, 1, 1, 1, 1, 1, 1, 1, 1, 1], 'C': [0, 1, 1, 0, 1, 1, 1, 1, 1, 0], 'D': [1, 1, 1, 1, 1, 0, 1, 1, 1, 0], 'E': [1, 1, 1, 1, 1, 1, 1, 1, 1, 1], 'F': [1, 1, 1, 1, 1, 1, 1, 1, 0, 1], 'G': [1, 1, 1, 1, 1, 1, 1, 1, 0, 0], 'H': [1, 1, 1, 1, 1, 1, 1, 1, 0, 0], 'I': [1, 0, 1, 1, 1, 1, 0, 1, 0, 1], 'J': [1, 1, 0, 0, 0, 1, 1, 1, 1, 1], 'K': [0, 0, 1, 1, 1, 1, 1, 1, 1, 1]}, '东门南侧': {'A': [0, 0, 0, 0, 0, 0, 1, 0, 0, 0], 'B': [0, 0, 0, 0, 0, 0, 0, 0, 0, 0]}, '西门北侧': {'A': [1, 1, 1, 1, 1, 1, 1, 0, 1, 1], 'B': [1, 1, 1, 1, 0, 1, 1, 0, 1, 0], 'C': [1, 1, 1, 1, 1, 1, 1, 1, 1, 0]}, '西门南侧': {'A': [1, 1, 1, 1, 1, 0, 0, 1, 1, 1], 'B': [1, 1, 1, 1, 1, 1, 1, 1, 1, 1], 'C': [1, 1, 0, 1, 0, 0, 1, 1, 1, 0]}, '南门西侧': {'A': [1, 1, 1, 1, 1, 1, 1, 1, 1, 1], 'B': [0, 0, 0, 0, 0, 0, 0, 0, 0, 0]}, '南门东侧': {'A': [1, 1, 1, 1, 1, 1, 1, 1, 0, 1], 'B': [0, 0, 1, 1, 1, 0, 1, 1, 1, 1]}, '北门东北侧': {'A': [1, 1, 1, 1, 1, 1, 1, 1, 1, 1], 'B': [0, 1, 1, 1, 1, 0, 0, 1, 0, 0], 'C': [0, 0, 0, 1, 1, 1, 0, 1, 1, 0], 'D': [0, 1, 1, 0, 1, 1, 1, 0, 1, 1]}, '北门东南侧': {'A': [0, 0, 1, 1, 1, 0, 1, 1, 1, 1], 'B': [0, 1, 0, 0, 0, 1, 1, 1, 1, 0], 'C': [1, 0, 0, 1, 0, 1, 0, 1, 1, 1], 'D': [0, 0, 1, 0, 1, 1, 0, 0, 0, 1], 'E': [0, 1, 0, 0, 0, 0, 0, 0, 0, 0], 'F': [1, 1, 1, 1, 1, 1, 1, 1, 0, 1]}, '橘园北侧南': {'A': [1, 0, 0, 0, 0, 1, 1, 0, 0, 1], 'B': [1, 1, 1, 1, 0, 1, 1, 0, 1, 1], 'C': [0, 1, 1, 1, 0, 1, 0, 0, 0, 0], 'D': [1, 0, 0, 1, 1, 1, 1, 0, 1, 0], 'E': [1, 1, 1, 1, 1, 1, 1, 0, 0, 1], 'F': [0, 1, 0, 1, 0, 1, 1, 1, 0, 0], 'G': [0, 0, 1, 1, 0, 1, 0, 0, 1, 0], 'H': [0, 1, 1, 1, 1, 0, 0, 0, 0, 1], 'I': [0, 0, 0, 0, 0, 0, 1, 0, 0, 0], 'J': [1, 0, 0, 1, 0, 1, 0, 0, 0, 1]}, '校医院西': {'A': [0, 1, 0, 0, 1, 0, 0, 1, 1, 1], 'B': [1, 1, 1, 1, 1, 0, 0, 1, 1, 1], 'C': [0, 1, 1, 0, 1, 0, 1, 1, 0, 1], 'D': [1, 1, 1, 0, 1, 1, 0, 0, 1, 1], 'E': [1, 0, 1, 1, 1, 1, 1, 0, 1, 1], 'F': [0, 0, 1, 1, 0, 1, 1, 1, 1, 1], 'G': [0, 0, 1, 0, 0, 1, 0, 0, 0, 0], 'H': [0, 0, 0, 0, 0, 0, 0, 0, 0, 0], 'I': [0, 0, 0, 0, 0, 0, 0, 0, 0, 0]}}
623792	2024-07-13 13:57:00.464000+08:00	2024-07-13 13:57:00.464000+08:00	{'东门北侧': {'A': [1, 1, 1, 1, 1, 1, 1, 0, 1, 1], 'B': [1, 1, 1, 1, 1, 1, 1, 1, 1, 1], 'C': [0, 1, 1, 0, 1, 1, 1, 1, 1, 0], 'D': [1, 1, 1, 1, 1, 0, 1, 1, 1, 0], 'E': [1, 1, 1, 1, 1, 1, 1, 1, 1, 1], 'F': [1, 1, 1, 1, 1, 1, 1, 1, 0, 1], 'G': [1, 1, 1, 1, 1, 1, 1, 1, 0, 0], 'H': [1, 1, 1, 1, 1, 1, 1, 1, 0, 0], 'I': [1, 0, 1, 1, 1, 1, 0, 1, 0, 1], 'J': [1, 1, 0, 0, 0, 1, 1, 1, 1, 1], 'K': [0, 0, 1, 1, 1, 1, 1, 1, 1, 1]}, '东门南侧': {'A': [0, 0, 0, 0, 0, 0, 1, 0, 0, 0], 'B': [0, 0, 0, 0, 0, 0, 0, 0, 0, 0]}, '西门北侧': {'A': [1, 1, 1, 1, 1, 1, 1, 0, 1, 1], 'B': [1, 1, 1, 1, 0, 1, 1, 0, 1, 0], 'C': [1, 1, 1, 1, 1, 1, 1, 1, 1, 0]}, '西门南侧': {'A': [1, 1, 1, 1, 1, 0, 0, 1, 1, 1], 'B': [1, 1, 1, 1, 1, 1, 1, 1, 1, 1], 'C': [1, 1, 0, 1, 0, 0, 1, 1, 1, 0]}, '南门西侧': {'A': [1, 1, 1, 1, 1, 1, 1, 1, 1, 1], 'B': [0, 0, 0, 0, 0, 0, 0, 0, 0, 0]}, '南门东侧': {'A': [1, 1, 1, 1, 1, 1, 1, 1, 0, 1], 'B': [0, 0, 1, 1, 1, 0, 1, 1, 1, 1]}, '北门东北侧': {'A': [1, 1, 1, 1, 1, 1, 1, 1, 1, 1], 'B': [0, 1, 1, 1, 1, 0, 0, 1, 0, 0], 'C': [0, 0, 0, 1, 1, 1, 0, 1, 1, 0], 'D': [0, 1, 1, 0, 1, 1, 1, 0, 1, 1]}, '北门东南侧': {'A': [0, 0, 1, 1, 1, 0, 1, 1, 1, 1], 'B': [0, 1, 0, 0, 0, 1, 1, 1, 1, 0], 'C': [1, 0, 0, 1, 0, 1, 0, 1, 1, 1], 'D': [0, 0, 1, 0, 1, 1, 0, 0, 0, 1], 'E': [0, 1, 0, 0, 0, 0, 0, 0, 0, 0], 'F': [1, 1, 1, 1, 1, 1, 1, 1, 0, 1]}, '橘园北侧南': {'A': [1, 0, 0, 0, 0, 1, 1, 0, 0, 1], 'B': [1, 1, 1, 1, 0, 1, 1, 0, 1, 1], 'C': [0, 1, 1, 1, 0, 1, 0, 0, 0, 0], 'D': [1, 0, 0, 1, 1, 1, 1, 0, 1, 0], 'E': [1, 1, 1, 1, 1, 1, 1, 0, 0, 1], 'F': [0, 1, 0, 1, 0, 1, 1, 1, 0, 0], 'G': [0, 0, 1, 1, 0, 1, 0, 0, 1, 0], 'H': [0, 1, 1, 1, 1, 0, 0, 0, 0, 1], 'I': [0, 0, 0, 0, 0, 0, 1, 0, 0, 0], 'J': [1, 0, 0, 1, 0, 1, 0, 0, 0, 1]}, '校医院西': {'A': [0, 1, 0, 0, 1, 0, 0, 1, 1, 1], 'B': [1, 1, 1, 1, 1, 0, 0, 1, 1, 1], 'C': [0, 1, 1, 0, 1, 0, 1, 1, 0, 1], 'D': [1, 1, 1, 0, 1, 1, 0, 0, 1, 1], 'E': [1, 0, 1, 1, 1, 1, 1, 0, 1, 1], 'F': [0, 0, 1, 1, 0, 1, 1, 1, 1, 1], 'G': [0, 0, 1, 0, 0, 1, 0, 0, 0, 0], 'H': [0, 0, 0, 0, 0, 0, 0, 0, 0, 0], 'I': [0, 0, 0, 0, 0, 0, 0, 0, 0, 0]}}
623793	2024-07-13 13:57:59.671000+08:00	2024-07-13 13:57:59.671000+08:00	{'东门北侧': {'A': [1, 1, 1, 1, 1, 1, 1, 0, 1, 1], 'B': [1, 1, 1, 1, 1, 1, 1, 1, 1, 1], 'C': [0, 1, 1, 0, 1, 1, 1, 1, 1, 0], 'D': [1, 1, 1, 1, 1, 0, 1, 1, 1, 0], 'E': [1, 1, 1, 1, 1, 1, 1, 1, 1, 1], 'F': [1, 1, 1, 1, 1, 1, 1, 1, 0, 1], 'G': [1, 1, 1, 1, 1, 1, 1, 1, 0, 0], 'H': [1, 1, 1, 1, 1, 1, 1, 1, 0, 0], 'I': [1, 0, 1, 1, 1, 1, 0, 1, 0, 1], 'J': [1, 1, 0, 0, 0, 1, 1, 1, 1, 1], 'K': [0, 0, 1, 1, 1, 1, 1, 1, 1, 1]}, '东门南侧': {'A': [0, 0, 0, 0, 0, 0, 1, 0, 0, 0], 'B': [0, 0, 0, 0, 0, 0, 0, 0, 0, 0]}, '西门北侧': {'A': [1, 1, 1, 1, 1, 1, 1, 0, 1, 1], 'B': [1, 1, 1, 1, 0, 1, 1, 0, 1, 0], 'C': [1, 1, 1, 1, 1, 1, 1, 1, 1, 0]}, '西门南侧': {'A': [1, 1, 1, 1, 1, 0, 0, 1, 1, 1], 'B': [1, 1, 1, 1, 1, 1, 1, 1, 1, 1], 'C': [1, 1, 0, 1, 0, 0, 1, 1, 1, 0]}, '南门西侧': {'A': [1, 1, 1, 1, 1, 1, 1, 1, 1, 1], 'B': [0, 0, 0, 0, 0, 0, 0, 0, 0, 0]}, '南门东侧': {'A': [1, 1, 1, 1, 1, 1, 1, 1, 0, 1], 'B': [0, 0, 1, 1, 1, 0, 1, 1, 1, 1]}, '北门东北侧': {'A': [1, 1, 1, 1, 1, 1, 1, 1, 1, 1], 'B': [0, 1, 1, 1, 1, 0, 0, 1, 0, 0], 'C': [0, 0, 1, 1, 1, 1, 0, 1, 1, 0], 'D': [0, 1, 1, 0, 1, 1, 1, 0, 1, 1]}, '北门东南侧': {'A': [0, 0, 1, 1, 1, 0, 1, 1, 1, 1], 'B': [0, 1, 0, 0, 0, 1, 1, 1, 1, 0], 'C': [1, 0, 0, 1, 0, 1, 0, 1, 1, 1], 'D': [0, 0, 1, 0, 1, 1, 0, 0, 0, 1], 'E': [0, 1, 0, 0, 0, 0, 0, 0, 0, 0], 'F': [1, 1, 1, 1, 1, 1, 1, 1, 0, 1]}, '橘园北侧南': {'A': [1, 0, 0, 0, 0, 1, 1, 0, 0, 1], 'B': [1, 1, 1, 1, 0, 1, 1, 0, 1, 1], 'C': [0, 1, 1, 1, 0, 1, 0, 0, 0, 0], 'D': [1, 0, 0, 1, 1, 1, 1, 0, 1, 0], 'E': [1, 1, 1, 1, 1, 1, 1, 0, 0, 1], 'F': [0, 1, 0, 1, 0, 1, 1, 1, 0, 0], 'G': [0, 0, 1, 1, 0, 1, 0, 0, 1, 0], 'H': [0, 1, 1, 1, 1, 0, 0, 0, 0, 1], 'I': [0, 0, 0, 0, 0, 0, 1, 0, 0, 0], 'J': [1, 0, 0, 1, 0, 1, 0, 0, 0, 1]}, '校医院西': {'A': [0, 1, 0, 0, 1, 0, 0, 1, 1, 1], 'B': [1, 1, 1, 1, 1, 0, 0, 1, 1, 1], 'C': [0, 1, 1, 0, 1, 0, 1, 1, 0, 1], 'D': [1, 1, 1, 0, 1, 1, 0, 0, 1, 1], 'E': [1, 0, 1, 1, 1, 1, 1, 0, 1, 1], 'F': [0, 0, 1, 1, 0, 1, 1, 1, 1, 1], 'G': [0, 0, 1, 0, 0, 1, 0, 0, 0, 0], 'H': [0, 0, 0, 0, 0, 0, 0, 0, 0, 0], 'I': [0, 0, 0, 0, 0, 0, 0, 0, 0, 0]}}
623794	2024-07-13 13:58:58.971000+08:00	2024-07-13 13:58:58.971000+08:00	{'东门北侧': {'A': [1, 1, 1, 1, 1, 1, 1, 0, 1, 1], 'B': [1, 1, 1, 1, 1, 1, 1, 1, 1, 1], 'C': [0, 1, 1, 0, 1, 1, 1, 1, 1, 0], 'D': [1, 1, 1, 1, 1, 0, 1, 1, 1, 0], 'E': [1, 1, 1, 1, 1, 1, 1, 1, 1, 1], 'F': [1, 1, 1, 1, 1, 1, 1, 1, 0, 1], 'G': [1, 1, 1, 1, 1, 1, 1, 1, 0, 0], 'H': [1, 1, 1, 1, 1, 1, 1, 1, 0, 0], 'I': [1, 0, 1, 1, 1, 1, 0, 1, 0, 1], 'J': [1, 1, 0, 0, 0, 1, 1, 1, 1, 1], 'K': [0, 0, 1, 1, 1, 1, 1, 1, 1, 1]}, '东门南侧': {'A': [0, 0, 0, 0, 0, 0, 1, 0, 0, 0], 'B': [0, 0, 0, 0, 0, 0, 0, 0, 0, 0]}, '西门北侧': {'A': [1, 1, 1, 1, 1, 1, 1, 0, 1, 1], 'B': [1, 1, 1, 1, 0, 1, 1, 0, 1, 0], 'C': [1, 1, 1, 1, 1, 1, 1, 1, 1, 0]}, '西门南侧': {'A': [1, 1, 1, 1, 1, 0, 0, 1, 1, 1], 'B': [1, 1, 1, 1, 1, 1, 1, 1, 1, 1], 'C': [1, 1, 0, 1, 0, 0, 1, 1, 1, 0]}, '南门西侧': {'A': [1, 1, 1, 1, 1, 1, 1, 1, 1, 1], 'B': [0, 0, 0, 0, 0, 0, 0, 0, 0, 0]}, '南门东侧': {'A': [1, 1, 1, 1, 1, 1, 1, 1, 0, 1], 'B': [0, 0, 1, 1, 1, 0, 1, 1, 1, 1]}, '北门东北侧': {'A': [1, 1, 1, 1, 1, 1, 1, 1, 1, 1], 'B': [0, 1, 1, 1, 1, 0, 0, 1, 0, 0], 'C': [0, 0, 1, 1, 1, 1, 0, 1, 1, 0], 'D': [0, 1, 1, 0, 1, 1, 1, 0, 1, 1]}, '北门东南侧': {'A': [0, 0, 1, 1, 1, 0, 1, 1, 1, 1], 'B': [0, 1, 0, 0, 0, 1, 1, 1, 1, 0], 'C': [1, 0, 0, 1, 0, 1, 0, 1, 1, 1], 'D': [0, 0, 1, 0, 1, 1, 0, 0, 0, 1], 'E': [0, 1, 0, 0, 0, 0, 0, 0, 0, 0], 'F': [1, 1, 1, 1, 1, 1, 1, 1, 0, 1]}, '橘园北侧南': {'A': [1, 0, 0, 0, 0, 1, 1, 0, 0, 1], 'B': [1, 1, 1, 1, 0, 1, 1, 0, 1, 1], 'C': [0, 1, 1, 1, 0, 1, 0, 0, 0, 0], 'D': [1, 0, 0, 1, 1, 1, 1, 0, 1, 0], 'E': [1, 1, 1, 1, 1, 1, 1, 0, 0, 1], 'F': [0, 1, 0, 1, 0, 1, 1, 1, 0, 0], 'G': [0, 0, 1, 1, 0, 1, 0, 0, 1, 0], 'H': [0, 1, 1, 1, 1, 0, 0, 0, 0, 1], 'I': [0, 0, 0, 0, 0, 0, 1, 0, 0, 0], 'J': [1, 0, 0, 1, 0, 0, 0, 0, 0, 1]}, '校医院西': {'A': [0, 1, 0, 0, 1, 0, 0, 1, 1, 1], 'B': [1, 1, 1, 1, 1, 0, 0, 1, 1, 1], 'C': [0, 1, 1, 0, 1, 0, 1, 1, 0, 1], 'D': [1, 1, 1, 0, 1, 1, 0, 0, 1, 1], 'E': [1, 0, 1, 1, 1, 1, 1, 0, 1, 1], 'F': [0, 0, 1, 1, 0, 1, 1, 1, 1, 1], 'G': [0, 0, 1, 0, 0, 1, 0, 0, 0, 0], 'H': [0, 0, 0, 0, 0, 0, 0, 0, 0, 0], 'I': [0, 0, 0, 0, 0, 0, 0, 0, 0, 0]}}
623795	2024-07-13 13:59:59.650000+08:00	2024-07-13 13:59:59.650000+08:00	{'东门北侧': {'A': [1, 1, 1, 1, 1, 1, 1, 0, 1, 1], 'B': [1, 1, 1, 1, 1, 1, 1, 1, 1, 1], 'C': [0, 1, 1, 0, 1, 1, 1, 1, 1, 0], 'D': [1, 1, 1, 1, 1, 0, 1, 1, 1, 0], 'E': [1, 1, 1, 1, 1, 1, 1, 1, 1, 1], 'F': [1, 1, 1, 1, 1, 1, 1, 1, 0, 1], 'G': [1, 1, 1, 1, 1, 1, 1, 1, 0, 0], 'H': [1, 1, 1, 1, 1, 1, 1, 1, 0, 0], 'I': [1, 0, 1, 1, 1, 1, 0, 1, 0, 1], 'J': [1, 1, 0, 0, 0, 1, 1, 1, 1, 1], 'K': [0, 0, 1, 1, 1, 1, 1, 1, 1, 1]}, '东门南侧': {'A': [0, 0, 0, 0, 0, 0, 1, 0, 0, 0], 'B': [0, 0, 0, 0, 0, 0, 0, 0, 0, 0]}, '西门北侧': {'A': [1, 1, 1, 1, 1, 1, 1, 0, 1, 1], 'B': [1, 1, 1, 1, 0, 1, 1, 0, 1, 0], 'C': [1, 1, 1, 1, 1, 1, 1, 1, 1, 0]}, '西门南侧': {'A': [1, 1, 1, 1, 1, 0, 0, 1, 1, 1], 'B': [1, 1, 1, 1, 1, 1, 1, 1, 1, 1], 'C': [1, 1, 0, 1, 0, 0, 1, 1, 1, 0]}, '南门西侧': {'A': [1, 1, 1, 1, 1, 1, 1, 1, 1, 1], 'B': [0, 0, 0, 0, 0, 0, 0, 0, 0, 0]}, '南门东侧': {'A': [1, 1, 1, 1, 1, 1, 1, 1, 0, 1], 'B': [0, 0, 1, 1, 1, 0, 1, 1, 1, 1]}, '北门东北侧': {'A': [1, 1, 1, 1, 1, 1, 1, 1, 1, 1], 'B': [0, 1, 1, 1, 1, 0, 0, 1, 0, 0], 'C': [0, 0, 1, 1, 1, 1, 0, 1, 1, 0], 'D': [0, 1, 1, 0, 1, 1, 1, 0, 1, 1]}, '北门东南侧': {'A': [0, 0, 1, 1, 1, 0, 1, 1, 1, 1], 'B': [0, 1, 0, 0, 0, 1, 1, 1, 1, 0], 'C': [1, 0, 0, 1, 0, 0, 0, 1, 1, 1], 'D': [0, 0, 1, 0, 1, 1, 0, 0, 0, 1], 'E': [0, 1, 0, 0, 0, 0, 0, 0, 0, 0], 'F': [1, 1, 1, 1, 1, 1, 1, 1, 0, 1]}, '橘园北侧南': {'A': [1, 0, 0, 0, 0, 1, 1, 0, 0, 1], 'B': [1, 1, 1, 1, 0, 1, 1, 0, 1, 1], 'C': [0, 1, 1, 1, 0, 1, 0, 0, 0, 0], 'D': [1, 0, 0, 1, 1, 1, 1, 0, 1, 0], 'E': [1, 1, 1, 1, 1, 1, 1, 0, 0, 1], 'F': [0, 0, 0, 1, 0, 1, 1, 1, 0, 0], 'G': [0, 0, 1, 1, 0, 1, 0, 0, 1, 0], 'H': [0, 1, 1, 1, 1, 0, 0, 0, 0, 1], 'I': [0, 0, 0, 0, 0, 0, 1, 0, 0, 0], 'J': [1, 0, 0, 1, 0, 0, 0, 0, 0, 1]}, '校医院西': {'A': [0, 1, 0, 0, 1, 0, 0, 1, 1, 1], 'B': [1, 1, 1, 1, 1, 0, 0, 1, 1, 1], 'C': [0, 1, 1, 0, 1, 0, 1, 1, 0, 1], 'D': [1, 1, 1, 0, 1, 1, 0, 0, 1, 1], 'E': [1, 0, 1, 1, 1, 1, 1, 0, 1, 1], 'F': [0, 0, 1, 1, 0, 1, 1, 1, 1, 1], 'G': [0, 0, 1, 0, 0, 1, 0, 0, 0, 0], 'H': [0, 0, 0, 0, 0, 0, 0, 0, 0, 0], 'I': [0, 0, 0, 0, 0, 0, 0, 0, 0, 0]}}
623796	2024-07-13 14:01:01.660000+08:00	2024-07-13 14:01:01.660000+08:00	{'东门北侧': {'A': [1, 1, 1, 1, 1, 1, 1, 0, 1, 1], 'B': [1, 1, 1, 1, 1, 1, 1, 1, 1, 1], 'C': [0, 1, 1, 0, 1, 1, 1, 1, 1, 0], 'D': [1, 1, 1, 1, 1, 0, 1, 1, 1, 0], 'E': [1, 1, 1, 1, 1, 1, 1, 1, 1, 1], 'F': [1, 1, 1, 1, 1, 1, 1, 1, 0, 1], 'G': [1, 1, 1, 1, 1, 1, 1, 1, 0, 0], 'H': [1, 1, 1, 1, 1, 1, 1, 1, 0, 0], 'I': [1, 0, 1, 1, 1, 1, 0, 1, 0, 1], 'J': [1, 1, 0, 0, 0, 1, 1, 1, 1, 1], 'K': [0, 0, 1, 1, 1, 1, 1, 1, 1, 1]}, '东门南侧': {'A': [0, 0, 0, 0, 0, 0, 1, 0, 0, 0], 'B': [0, 0, 0, 0, 0, 0, 0, 0, 0, 0]}, '西门北侧': {'A': [1, 1, 1, 1, 1, 1, 1, 0, 1, 1], 'B': [1, 1, 1, 1, 0, 1, 1, 0, 1, 0], 'C': [1, 1, 1, 1, 1, 1, 1, 1, 1, 0]}, '西门南侧': {'A': [1, 1, 1, 1, 1, 0, 0, 1, 1, 1], 'B': [1, 1, 1, 1, 1, 1, 1, 1, 1, 1], 'C': [1, 1, 0, 1, 0, 0, 1, 1, 1, 0]}, '南门西侧': {'A': [1, 1, 1, 1, 1, 1, 1, 1, 1, 1], 'B': [0, 0, 0, 0, 0, 0, 0, 0, 0, 0]}, '南门东侧': {'A': [1, 1, 1, 1, 1, 1, 1, 1, 0, 1], 'B': [0, 0, 1, 1, 1, 0, 1, 1, 1, 1]}, '北门东北侧': {'A': [1, 1, 1, 1, 1, 1, 1, 1, 1, 1], 'B': [0, 1, 1, 1, 1, 0, 0, 1, 0, 0], 'C': [0, 0, 1, 1, 1, 1, 0, 1, 1, 0], 'D': [0, 1, 1, 0, 1, 1, 1, 0, 1, 1]}, '北门东南侧': {'A': [0, 0, 1, 1, 1, 0, 1, 1, 1, 1], 'B': [0, 1, 0, 0, 0, 1, 1, 1, 1, 0], 'C': [1, 0, 0, 1, 0, 0, 0, 1, 1, 1], 'D': [0, 0, 1, 0, 1, 1, 0, 0, 0, 1], 'E': [0, 1, 0, 0, 0, 0, 0, 0, 0, 0], 'F': [1, 1, 1, 1, 1, 1, 1, 1, 0, 1]}, '橘园北侧南': {'A': [1, 0, 0, 0, 0, 1, 1, 0, 0, 1], 'B': [1, 1, 1, 1, 0, 1, 1, 0, 1, 1], 'C': [0, 1, 1, 1, 0, 1, 0, 0, 0, 0], 'D': [1, 0, 0, 1, 1, 1, 1, 0, 1, 0], 'E': [1, 1, 1, 1, 1, 1, 1, 0, 0, 1], 'F': [0, 0, 0, 1, 0, 1, 1, 1, 0, 0], 'G': [0, 0, 1, 1, 0, 1, 0, 0, 1, 0], 'H': [0, 1, 1, 1, 1, 0, 0, 0, 0, 1], 'I': [0, 0, 0, 0, 0, 0, 1, 0, 0, 0], 'J': [1, 0, 0, 1, 0, 0, 0, 0, 0, 1]}, '校医院西': {'A': [0, 1, 0, 0, 1, 0, 0, 1, 1, 1], 'B': [1, 1, 1, 1, 1, 0, 0, 1, 1, 1], 'C': [0, 1, 1, 0, 1, 0, 1, 1, 0, 1], 'D': [1, 1, 1, 0, 1, 1, 0, 0, 1, 1], 'E': [1, 0, 1, 1, 1, 1, 1, 0, 1, 1], 'F': [0, 0, 1, 1, 0, 1, 1, 1, 1, 1], 'G': [0, 0, 1, 0, 0, 1, 0, 0, 0, 0], 'H': [0, 0, 0, 0, 0, 0, 0, 0, 0, 0], 'I': [0, 0, 0, 0, 0, 0, 0, 0, 0, 0]}}
623797	2024-07-13 14:02:00.709000+08:00	2024-07-13 14:02:00.709000+08:00	{'东门北侧': {'A': [1, 1, 1, 1, 1, 1, 1, 0, 1, 1], 'B': [1, 1, 1, 1, 1, 1, 1, 1, 1, 1], 'C': [0, 1, 1, 0, 1, 1, 1, 1, 1, 0], 'D': [1, 1, 1, 1, 1, 0, 1, 1, 1, 0], 'E': [1, 1, 1, 1, 1, 1, 1, 1, 1, 1], 'F': [1, 1, 1, 1, 1, 1, 1, 1, 0, 1], 'G': [1, 1, 1, 1, 1, 1, 1, 1, 0, 0], 'H': [1, 1, 1, 1, 1, 1, 1, 1, 0, 0], 'I': [1, 0, 1, 1, 1, 1, 0, 1, 0, 1], 'J': [1, 1, 0, 0, 0, 1, 1, 1, 1, 1], 'K': [0, 0, 1, 1, 1, 1, 1, 1, 1, 1]}, '东门南侧': {'A': [0, 0, 0, 0, 0, 0, 1, 0, 0, 0], 'B': [0, 0, 0, 0, 0, 0, 0, 0, 0, 0]}, '西门北侧': {'A': [1, 1, 1, 1, 1, 1, 1, 0, 1, 1], 'B': [1, 1, 1, 1, 0, 1, 1, 0, 1, 0], 'C': [1, 1, 1, 1, 1, 1, 1, 1, 1, 0]}, '西门南侧': {'A': [1, 1, 1, 1, 1, 0, 0, 1, 1, 1], 'B': [1, 1, 1, 1, 1, 1, 1, 1, 1, 1], 'C': [1, 1, 0, 1, 0, 0, 1, 1, 1, 0]}, '南门西侧': {'A': [1, 1, 1, 1, 1, 1, 1, 1, 1, 1], 'B': [0, 0, 0, 0, 0, 0, 0, 0, 0, 0]}, '南门东侧': {'A': [1, 1, 1, 1, 1, 1, 1, 1, 0, 1], 'B': [0, 0, 1, 1, 1, 0, 1, 1, 1, 1]}, '北门东北侧': {'A': [1, 1, 1, 1, 1, 1, 1, 1, 1, 1], 'B': [0, 1, 1, 1, 1, 0, 0, 1, 0, 0], 'C': [0, 0, 1, 1, 1, 1, 0, 1, 1, 0], 'D': [0, 1, 1, 0, 1, 1, 1, 0, 1, 1]}, '北门东南侧': {'A': [0, 0, 1, 1, 1, 0, 1, 1, 1, 1], 'B': [0, 1, 0, 0, 0, 1, 1, 1, 1, 0], 'C': [1, 0, 0, 1, 0, 0, 0, 1, 1, 1], 'D': [0, 0, 1, 0, 0, 1, 0, 0, 0, 1], 'E': [0, 1, 0, 0, 0, 0, 0, 0, 0, 0], 'F': [1, 1, 1, 1, 1, 1, 1, 1, 0, 1]}, '橘园北侧南': {'A': [1, 0, 0, 0, 0, 1, 1, 0, 0, 1], 'B': [1, 1, 1, 1, 0, 1, 1, 0, 1, 1], 'C': [0, 1, 1, 1, 0, 1, 0, 0, 0, 0], 'D': [1, 0, 0, 1, 1, 1, 1, 0, 1, 0], 'E': [1, 1, 1, 1, 1, 1, 1, 0, 0, 1], 'F': [0, 0, 0, 1, 0, 1, 1, 0, 0, 0], 'G': [0, 0, 1, 1, 0, 1, 0, 0, 1, 0], 'H': [0, 1, 1, 1, 1, 0, 0, 0, 0, 1], 'I': [0, 0, 0, 0, 0, 0, 1, 0, 0, 0], 'J': [1, 0, 0, 0, 0, 0, 0, 0, 0, 1]}, '校医院西': {'A': [0, 1, 0, 0, 1, 0, 0, 1, 1, 1], 'B': [1, 1, 1, 1, 1, 0, 0, 1, 1, 1], 'C': [0, 1, 1, 0, 1, 0, 1, 1, 0, 1], 'D': [1, 1, 1, 0, 1, 1, 0, 0, 1, 1], 'E': [1, 0, 1, 1, 1, 1, 1, 0, 1, 1], 'F': [0, 0, 1, 1, 0, 1, 1, 1, 1, 1], 'G': [0, 0, 1, 0, 0, 1, 0, 0, 0, 0], 'H': [0, 0, 0, 0, 0, 0, 0, 0, 0, 0], 'I': [0, 0, 0, 0, 0, 0, 0, 0, 0, 0]}}
623798	2024-07-13 14:03:00.479000+08:00	2024-07-13 14:03:00.479000+08:00	{'东门北侧': {'A': [1, 1, 1, 1, 1, 1, 1, 0, 1, 1], 'B': [1, 1, 1, 1, 1, 1, 1, 1, 1, 1], 'C': [0, 1, 1, 0, 1, 1, 1, 1, 1, 0], 'D': [1, 1, 1, 1, 1, 0, 1, 1, 1, 0], 'E': [1, 1, 1, 1, 1, 1, 1, 1, 1, 1], 'F': [1, 1, 1, 1, 1, 1, 1, 1, 0, 1], 'G': [1, 1, 1, 1, 1, 1, 1, 1, 0, 0], 'H': [1, 1, 1, 1, 1, 1, 1, 1, 0, 0], 'I': [1, 0, 1, 1, 1, 1, 0, 1, 0, 1], 'J': [1, 1, 0, 0, 0, 1, 1, 1, 1, 1], 'K': [0, 0, 1, 1, 1, 1, 1, 1, 1, 1]}, '东门南侧': {'A': [0, 0, 0, 0, 0, 0, 1, 0, 0, 0], 'B': [0, 0, 0, 0, 0, 0, 0, 0, 0, 0]}, '西门北侧': {'A': [1, 1, 1, 1, 1, 1, 1, 0, 1, 1], 'B': [1, 1, 1, 1, 0, 1, 1, 0, 1, 0], 'C': [1, 1, 1, 1, 1, 1, 1, 1, 1, 0]}, '西门南侧': {'A': [1, 1, 1, 1, 1, 0, 0, 1, 1, 1], 'B': [1, 1, 1, 1, 1, 1, 1, 1, 1, 1], 'C': [1, 1, 0, 1, 0, 0, 1, 1, 1, 0]}, '南门西侧': {'A': [1, 1, 1, 1, 1, 1, 1, 1, 1, 1], 'B': [0, 0, 0, 0, 0, 0, 0, 0, 0, 0]}, '南门东侧': {'A': [1, 1, 1, 1, 1, 1, 1, 1, 0, 1], 'B': [0, 0, 1, 1, 1, 0, 1, 1, 1, 1]}, '北门东北侧': {'A': [1, 1, 1, 1, 1, 1, 1, 1, 1, 1], 'B': [0, 1, 1, 1, 1, 0, 0, 1, 0, 0], 'C': [0, 0, 1, 1, 1, 1, 0, 1, 1, 0], 'D': [0, 1, 1, 0, 1, 1, 1, 0, 1, 1]}, '北门东南侧': {'A': [0, 0, 1, 1, 1, 0, 1, 1, 1, 1], 'B': [0, 1, 0, 0, 0, 1, 1, 1, 1, 0], 'C': [1, 0, 0, 1, 0, 0, 0, 1, 1, 1], 'D': [0, 0, 1, 0, 0, 1, 0, 0, 0, 1], 'E': [0, 1, 0, 0, 0, 0, 0, 0, 0, 0], 'F': [1, 1, 1, 1, 1, 1, 1, 1, 0, 1]}, '橘园北侧南': {'A': [1, 0, 0, 0, 0, 1, 1, 0, 0, 1], 'B': [1, 1, 1, 1, 0, 1, 1, 0, 1, 1], 'C': [0, 1, 1, 1, 0, 1, 0, 0, 0, 0], 'D': [1, 0, 0, 1, 1, 1, 1, 0, 1, 0], 'E': [1, 1, 1, 1, 1, 1, 1, 0, 0, 1], 'F': [0, 0, 0, 1, 0, 1, 1, 0, 0, 0], 'G': [0, 0, 1, 1, 0, 1, 0, 0, 1, 0], 'H': [0, 1, 1, 1, 1, 0, 0, 0, 0, 1], 'I': [0, 0, 0, 0, 0, 0, 1, 0, 0, 0], 'J': [1, 0, 0, 0, 0, 0, 0, 0, 0, 1]}, '校医院西': {'A': [0, 1, 0, 0, 1, 0, 0, 1, 1, 1], 'B': [1, 1, 1, 1, 1, 0, 0, 1, 1, 1], 'C': [0, 1, 1, 0, 1, 0, 1, 1, 0, 1], 'D': [1, 1, 1, 0, 1, 1, 0, 0, 1, 1], 'E': [1, 0, 1, 1, 1, 1, 1, 0, 1, 1], 'F': [0, 0, 1, 1, 0, 1, 1, 1, 1, 1], 'G': [0, 0, 1, 0, 0, 1, 0, 0, 0, 0], 'H': [0, 0, 0, 0, 0, 0, 0, 0, 0, 0], 'I': [0, 0, 0, 0, 0, 0, 0, 0, 0, 0]}}
623799	2024-07-13 14:03:58.466000+08:00	2024-07-13 14:03:58.466000+08:00	{'东门北侧': {'A': [1, 1, 1, 1, 1, 1, 1, 0, 1, 1], 'B': [1, 1, 1, 1, 1, 1, 1, 1, 1, 1], 'C': [0, 1, 1, 0, 1, 1, 1, 1, 1, 0], 'D': [1, 1, 1, 1, 1, 0, 1, 1, 1, 0], 'E': [1, 1, 1, 1, 1, 1, 1, 1, 1, 1], 'F': [1, 1, 1, 1, 1, 1, 1, 1, 0, 1], 'G': [1, 1, 1, 1, 1, 1, 1, 1, 0, 0], 'H': [1, 1, 1, 1, 1, 1, 1, 1, 0, 0], 'I': [1, 0, 1, 1, 1, 1, 0, 1, 0, 1], 'J': [1, 1, 0, 0, 0, 1, 1, 1, 1, 1], 'K': [0, 0, 0, 1, 1, 1, 1, 1, 1, 1]}, '东门南侧': {'A': [0, 0, 0, 0, 0, 0, 1, 0, 0, 0], 'B': [0, 0, 0, 0, 0, 0, 0, 0, 0, 0]}, '西门北侧': {'A': [1, 1, 1, 1, 1, 1, 1, 0, 1, 1], 'B': [1, 1, 1, 1, 0, 1, 1, 0, 1, 0], 'C': [1, 1, 1, 1, 1, 1, 1, 1, 1, 0]}, '西门南侧': {'A': [1, 1, 1, 1, 1, 0, 0, 1, 1, 1], 'B': [1, 1, 1, 1, 1, 1, 1, 1, 1, 1], 'C': [1, 1, 0, 1, 0, 0, 1, 1, 1, 0]}, '南门西侧': {'A': [1, 1, 1, 1, 1, 1, 1, 1, 1, 1], 'B': [0, 0, 0, 0, 0, 0, 0, 0, 0, 0]}, '南门东侧': {'A': [1, 1, 1, 1, 1, 1, 1, 1, 0, 1], 'B': [0, 0, 1, 1, 1, 0, 1, 1, 1, 1]}, '北门东北侧': {'A': [1, 1, 1, 1, 1, 1, 1, 1, 1, 1], 'B': [0, 1, 1, 1, 1, 0, 0, 1, 0, 0], 'C': [0, 0, 1, 1, 1, 1, 0, 1, 1, 0], 'D': [0, 1, 1, 0, 1, 1, 1, 0, 1, 1]}, '北门东南侧': {'A': [0, 0, 1, 1, 1, 0, 1, 1, 1, 1], 'B': [0, 1, 0, 0, 0, 1, 1, 1, 1, 0], 'C': [1, 0, 0, 1, 0, 0, 0, 1, 1, 1], 'D': [0, 0, 1, 0, 0, 1, 0, 0, 0, 1], 'E': [0, 1, 0, 0, 0, 0, 0, 0, 0, 0], 'F': [1, 1, 1, 1, 1, 1, 1, 1, 0, 1]}, '橘园北侧南': {'A': [1, 0, 0, 0, 0, 1, 1, 0, 0, 1], 'B': [1, 1, 1, 1, 0, 1, 1, 0, 1, 1], 'C': [0, 1, 1, 1, 0, 1, 0, 0, 0, 0], 'D': [1, 0, 0, 1, 1, 1, 1, 0, 1, 0], 'E': [1, 1, 1, 1, 1, 1, 1, 0, 0, 1], 'F': [0, 0, 0, 1, 0, 1, 1, 0, 0, 0], 'G': [0, 0, 1, 1, 0, 1, 0, 0, 1, 0], 'H': [0, 1, 1, 1, 1, 0, 0, 0, 0, 1], 'I': [0, 1, 0, 0, 0, 0, 1, 0, 0, 0], 'J': [1, 0, 0, 0, 0, 0, 0, 0, 0, 1]}, '校医院西': {'A': [0, 1, 0, 0, 1, 0, 0, 1, 1, 1], 'B': [1, 1, 1, 1, 1, 0, 0, 1, 1, 1], 'C': [0, 1, 1, 0, 1, 0, 1, 1, 0, 1], 'D': [1, 1, 1, 0, 1, 1, 0, 0, 1, 1], 'E': [1, 0, 1, 1, 1, 1, 1, 0, 1, 1], 'F': [0, 0, 1, 1, 0, 1, 1, 1, 1, 1], 'G': [0, 0, 1, 0, 0, 1, 0, 0, 0, 0], 'H': [0, 0, 0, 0, 0, 0, 0, 0, 0, 0], 'I': [0, 0, 0, 0, 0, 0, 0, 0, 0, 0]}}
623800	2024-07-13 14:05:00.489000+08:00	2024-07-13 14:05:00.489000+08:00	{'东门北侧': {'A': [1, 1, 1, 1, 1, 0, 1, 0, 1, 1], 'B': [1, 1, 1, 1, 1, 1, 1, 1, 1, 1], 'C': [0, 1, 1, 0, 1, 1, 1, 1, 1, 0], 'D': [1, 1, 1, 1, 1, 0, 1, 1, 1, 0], 'E': [1, 1, 1, 1, 1, 1, 1, 1, 1, 1], 'F': [1, 1, 1, 1, 1, 1, 1, 1, 0, 1], 'G': [1, 1, 1, 1, 1, 1, 1, 1, 0, 0], 'H': [1, 1, 1, 1, 1, 1, 1, 1, 0, 0], 'I': [1, 0, 1, 1, 1, 1, 0, 1, 0, 1], 'J': [1, 1, 0, 0, 0, 1, 1, 1, 1, 1], 'K': [0, 0, 0, 1, 1, 1, 1, 1, 1, 1]}, '东门南侧': {'A': [0, 0, 0, 0, 0, 0, 1, 0, 0, 0], 'B': [0, 0, 0, 0, 0, 0, 0, 0, 0, 0]}, '西门北侧': {'A': [1, 1, 1, 1, 1, 1, 1, 0, 1, 1], 'B': [1, 1, 1, 1, 0, 1, 1, 0, 1, 0], 'C': [1, 1, 1, 1, 1, 1, 1, 1, 1, 0]}, '西门南侧': {'A': [1, 1, 1, 1, 1, 0, 0, 1, 1, 1], 'B': [1, 1, 1, 1, 1, 1, 1, 1, 1, 1], 'C': [1, 1, 0, 1, 0, 0, 1, 1, 1, 0]}, '南门西侧': {'A': [1, 1, 1, 1, 1, 1, 1, 1, 1, 1], 'B': [0, 0, 0, 0, 0, 0, 0, 0, 0, 0]}, '南门东侧': {'A': [1, 1, 1, 1, 1, 1, 1, 1, 0, 1], 'B': [0, 0, 1, 1, 1, 0, 1, 1, 1, 1]}, '北门东北侧': {'A': [1, 1, 1, 1, 1, 1, 1, 1, 1, 1], 'B': [0, 1, 1, 1, 1, 0, 0, 1, 0, 0], 'C': [0, 0, 1, 1, 1, 1, 0, 1, 1, 0], 'D': [0, 1, 1, 0, 1, 1, 1, 0, 1, 1]}, '北门东南侧': {'A': [0, 0, 1, 1, 1, 0, 1, 1, 1, 1], 'B': [0, 1, 0, 0, 0, 1, 1, 1, 1, 0], 'C': [1, 0, 0, 1, 0, 0, 0, 1, 1, 1], 'D': [0, 0, 1, 0, 0, 1, 0, 0, 0, 1], 'E': [0, 1, 0, 0, 0, 0, 0, 0, 0, 0], 'F': [1, 1, 1, 1, 1, 1, 1, 1, 0, 1]}, '橘园北侧南': {'A': [1, 0, 0, 0, 0, 1, 1, 0, 0, 1], 'B': [1, 1, 1, 1, 0, 1, 1, 0, 1, 1], 'C': [0, 1, 1, 1, 0, 1, 0, 0, 0, 0], 'D': [1, 0, 0, 1, 1, 1, 1, 0, 1, 0], 'E': [1, 1, 1, 1, 1, 1, 1, 0, 0, 1], 'F': [0, 0, 0, 1, 0, 1, 1, 0, 0, 0], 'G': [0, 0, 1, 1, 0, 1, 0, 0, 1, 0], 'H': [0, 1, 1, 1, 1, 0, 0, 0, 0, 1], 'I': [0, 1, 0, 0, 0, 0, 1, 0, 0, 0], 'J': [1, 0, 0, 0, 0, 0, 0, 0, 0, 1]}, '校医院西': {'A': [0, 1, 0, 0, 1, 0, 0, 1, 1, 1], 'B': [1, 1, 1, 1, 1, 0, 0, 1, 1, 1], 'C': [0, 1, 1, 0, 1, 0, 1, 1, 0, 1], 'D': [1, 1, 1, 0, 1, 1, 0, 0, 1, 1], 'E': [1, 0, 1, 1, 1, 1, 1, 0, 1, 1], 'F': [0, 0, 1, 1, 0, 1, 1, 1, 1, 1], 'G': [0, 0, 1, 0, 0, 1, 0, 0, 0, 0], 'H': [0, 0, 0, 0, 0, 0, 0, 0, 0, 0], 'I': [0, 0, 0, 0, 0, 0, 0, 0, 0, 0]}}
623801	2024-07-13 14:05:59.486000+08:00	2024-07-13 14:05:59.486000+08:00	{'东门北侧': {'A': [1, 1, 1, 1, 1, 0, 1, 0, 1, 1], 'B': [1, 1, 1, 1, 1, 1, 1, 1, 1, 1], 'C': [0, 1, 1, 0, 1, 1, 1, 1, 1, 0], 'D': [1, 1, 1, 1, 1, 0, 1, 1, 1, 0], 'E': [1, 1, 1, 1, 1, 1, 1, 1, 1, 1], 'F': [1, 1, 1, 1, 1, 1, 1, 1, 0, 1], 'G': [1, 1, 1, 1, 1, 1, 1, 1, 0, 0], 'H': [1, 1, 1, 1, 1, 1, 1, 1, 0, 0], 'I': [1, 0, 1, 1, 1, 1, 0, 1, 0, 1], 'J': [1, 1, 0, 0, 0, 1, 1, 1, 1, 1], 'K': [0, 0, 0, 1, 1, 1, 1, 1, 1, 1]}, '东门南侧': {'A': [0, 0, 0, 0, 0, 0, 1, 0, 0, 0], 'B': [0, 0, 0, 0, 0, 0, 0, 0, 0, 0]}, '西门北侧': {'A': [1, 1, 1, 1, 1, 1, 1, 0, 1, 1], 'B': [1, 1, 1, 1, 0, 1, 1, 0, 1, 0], 'C': [1, 1, 1, 1, 1, 1, 1, 1, 1, 0]}, '西门南侧': {'A': [1, 1, 1, 1, 1, 0, 0, 1, 1, 1], 'B': [1, 1, 1, 1, 1, 1, 1, 1, 1, 1], 'C': [1, 1, 0, 1, 0, 0, 1, 1, 1, 0]}, '南门西侧': {'A': [1, 1, 1, 1, 1, 1, 1, 1, 1, 1], 'B': [0, 0, 0, 0, 0, 0, 0, 0, 0, 0]}, '南门东侧': {'A': [1, 1, 1, 1, 1, 1, 1, 1, 0, 1], 'B': [0, 0, 1, 1, 1, 0, 1, 1, 1, 1]}, '北门东北侧': {'A': [1, 1, 1, 1, 1, 1, 1, 1, 1, 1], 'B': [0, 1, 1, 1, 1, 0, 0, 1, 0, 0], 'C': [0, 0, 1, 1, 1, 1, 0, 1, 1, 0], 'D': [0, 1, 1, 0, 1, 1, 1, 0, 1, 1]}, '北门东南侧': {'A': [0, 0, 1, 1, 1, 0, 1, 1, 1, 1], 'B': [0, 1, 0, 0, 0, 1, 1, 1, 1, 0], 'C': [1, 0, 0, 1, 0, 0, 0, 1, 1, 1], 'D': [0, 0, 1, 0, 0, 1, 0, 0, 0, 1], 'E': [0, 1, 0, 0, 0, 0, 0, 0, 0, 0], 'F': [1, 1, 1, 1, 1, 1, 1, 1, 0, 1]}, '橘园北侧南': {'A': [1, 0, 0, 0, 0, 1, 1, 0, 0, 1], 'B': [1, 1, 1, 1, 0, 1, 1, 0, 1, 1], 'C': [0, 1, 1, 1, 0, 1, 0, 0, 0, 0], 'D': [1, 0, 0, 1, 1, 1, 1, 0, 1, 0], 'E': [1, 1, 1, 1, 1, 1, 1, 0, 0, 1], 'F': [0, 0, 0, 1, 0, 1, 1, 0, 0, 0], 'G': [0, 0, 1, 1, 0, 1, 0, 0, 1, 0], 'H': [0, 1, 1, 1, 1, 0, 0, 0, 0, 1], 'I': [0, 1, 0, 0, 0, 0, 1, 0, 0, 0], 'J': [1, 0, 0, 0, 0, 0, 0, 0, 0, 1]}, '校医院西': {'A': [0, 1, 0, 0, 1, 0, 0, 1, 1, 1], 'B': [1, 1, 1, 1, 1, 0, 0, 1, 1, 1], 'C': [0, 1, 1, 0, 1, 0, 1, 1, 0, 1], 'D': [1, 1, 1, 0, 1, 1, 0, 0, 1, 1], 'E': [1, 0, 1, 1, 1, 1, 1, 0, 1, 1], 'F': [0, 0, 1, 1, 0, 1, 1, 1, 1, 1], 'G': [0, 0, 1, 0, 0, 1, 0, 0, 0, 0], 'H': [0, 0, 0, 0, 0, 0, 0, 0, 0, 0], 'I': [0, 0, 0, 0, 0, 0, 0, 0, 0, 0]}}
623802	2024-07-13 14:07:01.019000+08:00	2024-07-13 14:07:01.019000+08:00	{'东门北侧': {'A': [1, 1, 1, 1, 1, 0, 1, 0, 1, 1], 'B': [1, 1, 1, 1, 1, 1, 1, 1, 1, 1], 'C': [0, 1, 1, 0, 1, 1, 1, 1, 1, 0], 'D': [1, 1, 1, 1, 1, 0, 1, 1, 1, 0], 'E': [1, 1, 1, 1, 1, 1, 1, 1, 1, 1], 'F': [1, 1, 1, 1, 1, 1, 1, 1, 0, 1], 'G': [1, 1, 1, 1, 1, 1, 1, 1, 0, 0], 'H': [1, 1, 1, 1, 1, 1, 1, 1, 0, 0], 'I': [1, 0, 1, 1, 1, 1, 0, 1, 0, 1], 'J': [1, 1, 0, 0, 0, 1, 1, 1, 1, 1], 'K': [0, 0, 0, 1, 1, 1, 1, 1, 1, 1]}, '东门南侧': {'A': [0, 0, 0, 0, 0, 0, 1, 0, 0, 0], 'B': [0, 0, 0, 0, 0, 0, 0, 0, 0, 0]}, '西门北侧': {'A': [1, 1, 1, 1, 1, 1, 1, 0, 1, 1], 'B': [1, 1, 1, 1, 0, 1, 1, 0, 1, 0], 'C': [1, 1, 1, 1, 1, 1, 1, 1, 1, 0]}, '西门南侧': {'A': [1, 1, 1, 1, 1, 0, 0, 1, 1, 1], 'B': [1, 1, 1, 1, 1, 1, 1, 1, 1, 1], 'C': [1, 1, 0, 1, 0, 0, 1, 1, 1, 0]}, '南门西侧': {'A': [1, 1, 1, 1, 1, 1, 1, 1, 1, 1], 'B': [0, 0, 0, 0, 0, 0, 0, 0, 0, 0]}, '南门东侧': {'A': [1, 1, 1, 1, 1, 1, 1, 1, 0, 1], 'B': [0, 0, 1, 1, 1, 0, 1, 1, 1, 1]}, '北门东北侧': {'A': [1, 1, 1, 1, 1, 1, 1, 1, 1, 1], 'B': [0, 1, 1, 1, 1, 0, 0, 1, 0, 0], 'C': [0, 0, 1, 1, 1, 1, 0, 1, 1, 0], 'D': [0, 1, 1, 0, 1, 1, 1, 0, 1, 1]}, '北门东南侧': {'A': [0, 0, 1, 1, 1, 0, 1, 1, 1, 1], 'B': [0, 1, 0, 0, 0, 1, 1, 1, 1, 0], 'C': [1, 0, 0, 1, 0, 0, 0, 1, 1, 1], 'D': [0, 0, 1, 0, 0, 1, 0, 0, 0, 1], 'E': [0, 1, 0, 0, 0, 0, 0, 0, 0, 0], 'F': [1, 1, 1, 1, 1, 1, 1, 1, 0, 1]}, '橘园北侧南': {'A': [1, 0, 0, 0, 0, 1, 1, 0, 0, 1], 'B': [1, 1, 1, 1, 0, 1, 1, 0, 1, 1], 'C': [0, 1, 1, 1, 0, 1, 0, 0, 0, 0], 'D': [1, 0, 0, 1, 1, 1, 1, 0, 1, 0], 'E': [1, 1, 1, 1, 1, 1, 1, 0, 0, 1], 'F': [0, 0, 0, 1, 0, 1, 1, 0, 0, 0], 'G': [0, 0, 1, 1, 0, 1, 0, 0, 1, 0], 'H': [0, 1, 1, 1, 1, 0, 0, 0, 0, 1], 'I': [0, 1, 0, 0, 0, 0, 1, 0, 0, 0], 'J': [1, 0, 0, 0, 0, 0, 0, 0, 0, 1]}, '校医院西': {'A': [0, 1, 0, 0, 1, 0, 0, 1, 1, 1], 'B': [1, 1, 1, 1, 1, 0, 0, 1, 1, 1], 'C': [0, 1, 1, 0, 1, 0, 1, 1, 0, 1], 'D': [1, 1, 1, 0, 1, 1, 0, 0, 1, 1], 'E': [1, 0, 1, 1, 1, 1, 1, 0, 1, 1], 'F': [0, 0, 1, 1, 0, 1, 1, 1, 1, 1], 'G': [0, 0, 1, 0, 0, 1, 0, 0, 0, 0], 'H': [0, 0, 0, 0, 0, 0, 0, 0, 0, 0], 'I': [0, 0, 0, 0, 0, 0, 0, 0, 0, 0]}}
623803	2024-07-13 14:08:00.570000+08:00	2024-07-13 14:08:00.570000+08:00	{'东门北侧': {'A': [1, 1, 1, 1, 1, 0, 1, 0, 1, 1], 'B': [1, 1, 1, 1, 1, 1, 1, 1, 1, 1], 'C': [0, 1, 1, 0, 1, 1, 1, 1, 1, 0], 'D': [1, 1, 1, 1, 1, 0, 1, 1, 1, 0], 'E': [1, 1, 1, 1, 1, 1, 1, 1, 1, 1], 'F': [1, 1, 1, 1, 1, 1, 1, 1, 0, 1], 'G': [1, 1, 1, 1, 1, 1, 1, 1, 0, 0], 'H': [1, 1, 1, 1, 1, 1, 1, 1, 0, 0], 'I': [1, 0, 1, 1, 1, 1, 0, 1, 0, 1], 'J': [1, 1, 0, 0, 0, 1, 1, 1, 1, 1], 'K': [0, 0, 0, 1, 1, 1, 1, 1, 1, 1]}, '东门南侧': {'A': [0, 0, 0, 0, 0, 0, 1, 0, 0, 0], 'B': [0, 0, 0, 0, 0, 0, 0, 0, 0, 0]}, '西门北侧': {'A': [1, 1, 1, 1, 1, 1, 1, 0, 1, 1], 'B': [1, 1, 1, 1, 0, 1, 1, 0, 1, 0], 'C': [1, 1, 1, 1, 1, 1, 1, 1, 1, 0]}, '西门南侧': {'A': [1, 1, 1, 1, 1, 0, 0, 1, 1, 1], 'B': [1, 1, 1, 1, 1, 1, 1, 1, 1, 1], 'C': [1, 1, 0, 1, 0, 0, 1, 1, 1, 0]}, '南门西侧': {'A': [1, 1, 1, 1, 1, 1, 1, 1, 1, 1], 'B': [0, 0, 0, 0, 0, 0, 0, 0, 0, 0]}, '南门东侧': {'A': [1, 1, 1, 1, 1, 1, 1, 1, 0, 1], 'B': [0, 0, 1, 1, 1, 0, 1, 1, 1, 1]}, '北门东北侧': {'A': [1, 1, 1, 1, 1, 1, 1, 1, 1, 1], 'B': [0, 1, 1, 1, 1, 0, 0, 1, 0, 0], 'C': [0, 0, 1, 1, 1, 1, 0, 1, 1, 0], 'D': [0, 1, 1, 0, 1, 1, 1, 0, 1, 1]}, '北门东南侧': {'A': [0, 0, 1, 1, 1, 0, 1, 1, 1, 1], 'B': [0, 1, 0, 0, 0, 1, 1, 1, 1, 0], 'C': [1, 0, 0, 1, 0, 0, 0, 1, 1, 1], 'D': [0, 0, 1, 0, 0, 1, 0, 0, 0, 1], 'E': [0, 1, 0, 0, 0, 0, 0, 0, 0, 0], 'F': [1, 1, 1, 1, 1, 1, 1, 1, 0, 1]}, '橘园北侧南': {'A': [1, 0, 0, 0, 0, 1, 1, 0, 0, 1], 'B': [1, 1, 1, 1, 0, 1, 1, 0, 1, 1], 'C': [0, 1, 1, 1, 0, 1, 0, 0, 0, 0], 'D': [1, 0, 0, 1, 1, 1, 1, 0, 1, 0], 'E': [1, 1, 1, 1, 1, 1, 1, 0, 0, 1], 'F': [0, 0, 0, 1, 0, 1, 1, 0, 0, 0], 'G': [0, 0, 1, 1, 0, 1, 0, 0, 1, 0], 'H': [0, 1, 1, 1, 1, 0, 0, 0, 0, 1], 'I': [0, 1, 0, 0, 0, 0, 1, 0, 0, 0], 'J': [1, 0, 0, 0, 0, 0, 0, 0, 0, 1]}, '校医院西': {'A': [0, 1, 0, 0, 1, 0, 0, 1, 1, 1], 'B': [1, 1, 1, 1, 1, 0, 0, 1, 1, 1], 'C': [0, 1, 1, 0, 1, 0, 1, 1, 0, 1], 'D': [1, 1, 1, 0, 1, 1, 0, 0, 1, 1], 'E': [1, 0, 1, 1, 1, 1, 1, 0, 1, 1], 'F': [0, 0, 1, 1, 0, 1, 1, 1, 1, 1], 'G': [0, 0, 1, 0, 0, 1, 0, 0, 0, 0], 'H': [0, 0, 0, 0, 0, 0, 0, 0, 0, 0], 'I': [0, 0, 0, 0, 0, 0, 0, 0, 0, 0]}}
623804	2024-07-13 14:09:00.518000+08:00	2024-07-13 14:09:00.518000+08:00	{'东门北侧': {'A': [1, 1, 1, 1, 1, 0, 1, 0, 1, 1], 'B': [1, 1, 1, 1, 1, 1, 1, 1, 1, 1], 'C': [0, 1, 1, 0, 1, 1, 1, 1, 1, 0], 'D': [1, 1, 1, 1, 1, 0, 1, 1, 1, 0], 'E': [1, 1, 1, 1, 1, 1, 1, 1, 1, 1], 'F': [1, 1, 1, 1, 1, 1, 1, 1, 0, 1], 'G': [1, 1, 1, 1, 1, 1, 1, 1, 0, 0], 'H': [1, 1, 1, 1, 1, 1, 1, 1, 0, 0], 'I': [1, 0, 1, 1, 1, 1, 0, 1, 0, 1], 'J': [1, 1, 0, 0, 0, 1, 1, 1, 1, 1], 'K': [0, 0, 0, 1, 1, 1, 1, 1, 1, 1]}, '东门南侧': {'A': [0, 0, 0, 0, 0, 0, 1, 0, 0, 0], 'B': [0, 0, 0, 0, 0, 0, 0, 0, 0, 0]}, '西门北侧': {'A': [1, 1, 1, 1, 1, 1, 1, 0, 1, 1], 'B': [1, 1, 1, 1, 0, 1, 1, 0, 1, 0], 'C': [1, 1, 1, 1, 1, 1, 1, 1, 1, 0]}, '西门南侧': {'A': [1, 1, 1, 1, 1, 0, 0, 1, 1, 1], 'B': [1, 1, 1, 1, 1, 1, 1, 1, 1, 1], 'C': [1, 1, 0, 1, 0, 0, 1, 1, 1, 0]}, '南门西侧': {'A': [1, 1, 1, 1, 1, 1, 1, 1, 1, 1], 'B': [0, 0, 0, 0, 0, 0, 0, 0, 0, 0]}, '南门东侧': {'A': [1, 1, 1, 1, 1, 1, 1, 1, 0, 1], 'B': [0, 0, 1, 1, 1, 0, 1, 1, 1, 1]}, '北门东北侧': {'A': [1, 1, 1, 1, 1, 1, 1, 1, 1, 1], 'B': [0, 1, 1, 1, 1, 0, 0, 1, 0, 0], 'C': [0, 0, 1, 1, 1, 1, 0, 1, 1, 0], 'D': [0, 1, 1, 0, 1, 1, 1, 0, 1, 1]}, '北门东南侧': {'A': [0, 0, 1, 1, 1, 0, 1, 1, 1, 1], 'B': [0, 1, 0, 0, 0, 1, 1, 1, 1, 0], 'C': [1, 0, 0, 1, 0, 0, 0, 1, 1, 1], 'D': [0, 0, 1, 0, 0, 1, 0, 0, 0, 1], 'E': [0, 1, 0, 0, 0, 0, 0, 0, 0, 0], 'F': [1, 1, 1, 1, 1, 1, 1, 1, 0, 1]}, '橘园北侧南': {'A': [1, 0, 0, 0, 0, 1, 1, 0, 0, 1], 'B': [1, 1, 1, 1, 0, 1, 1, 0, 1, 1], 'C': [0, 1, 1, 1, 0, 1, 0, 0, 0, 0], 'D': [1, 0, 0, 1, 1, 1, 1, 0, 1, 0], 'E': [1, 1, 1, 1, 1, 1, 1, 0, 0, 1], 'F': [0, 0, 0, 1, 0, 1, 1, 0, 0, 0], 'G': [0, 0, 1, 1, 0, 1, 0, 0, 1, 0], 'H': [0, 1, 1, 1, 1, 0, 0, 0, 0, 1], 'I': [0, 1, 0, 0, 0, 0, 1, 0, 0, 0], 'J': [1, 0, 0, 0, 0, 0, 0, 0, 0, 1]}, '校医院西': {'A': [0, 1, 0, 0, 1, 0, 0, 1, 0, 1], 'B': [1, 1, 1, 1, 1, 0, 0, 1, 1, 1], 'C': [0, 1, 1, 0, 1, 0, 1, 1, 0, 1], 'D': [1, 1, 1, 0, 1, 1, 0, 0, 1, 1], 'E': [1, 0, 1, 1, 1, 1, 1, 0, 1, 1], 'F': [0, 0, 1, 1, 0, 1, 1, 1, 1, 1], 'G': [0, 0, 1, 0, 0, 1, 0, 0, 0, 0], 'H': [0, 0, 0, 0, 0, 0, 0, 0, 0, 0], 'I': [0, 0, 0, 0, 0, 0, 0, 0, 0, 0]}}
623805	2024-07-13 14:09:58.490000+08:00	2024-07-13 14:09:58.490000+08:00	{'东门北侧': {'A': [1, 1, 1, 1, 1, 0, 1, 0, 1, 1], 'B': [1, 1, 1, 1, 1, 1, 1, 1, 1, 1], 'C': [0, 1, 1, 0, 1, 1, 1, 1, 1, 0], 'D': [1, 1, 1, 1, 1, 0, 1, 1, 1, 0], 'E': [1, 1, 1, 1, 1, 1, 1, 1, 1, 1], 'F': [1, 1, 1, 1, 1, 1, 1, 1, 0, 1], 'G': [1, 1, 1, 1, 1, 1, 1, 1, 0, 0], 'H': [1, 1, 1, 1, 1, 1, 1, 1, 0, 0], 'I': [1, 0, 1, 1, 1, 1, 0, 1, 0, 1], 'J': [1, 1, 0, 0, 0, 1, 1, 1, 1, 1], 'K': [0, 0, 0, 1, 1, 1, 1, 1, 1, 1]}, '东门南侧': {'A': [0, 0, 0, 0, 0, 0, 1, 0, 0, 0], 'B': [0, 0, 0, 0, 0, 0, 0, 0, 0, 0]}, '西门北侧': {'A': [1, 1, 1, 1, 1, 1, 1, 0, 1, 1], 'B': [1, 1, 1, 1, 0, 1, 1, 0, 1, 0], 'C': [1, 1, 1, 1, 1, 1, 1, 1, 1, 0]}, '西门南侧': {'A': [1, 1, 1, 1, 1, 0, 0, 1, 1, 1], 'B': [1, 1, 1, 1, 1, 1, 1, 1, 1, 1], 'C': [1, 1, 0, 1, 0, 0, 1, 1, 1, 0]}, '南门西侧': {'A': [1, 1, 1, 1, 1, 1, 1, 1, 1, 1], 'B': [0, 0, 0, 0, 0, 0, 0, 0, 0, 0]}, '南门东侧': {'A': [1, 1, 1, 1, 1, 1, 1, 1, 0, 1], 'B': [0, 0, 1, 1, 1, 0, 1, 1, 1, 1]}, '北门东北侧': {'A': [1, 1, 1, 1, 1, 1, 1, 1, 1, 1], 'B': [0, 1, 1, 1, 1, 0, 0, 1, 0, 0], 'C': [0, 0, 1, 1, 1, 1, 0, 1, 1, 0], 'D': [0, 1, 1, 0, 1, 1, 1, 0, 1, 1]}, '北门东南侧': {'A': [0, 0, 1, 1, 1, 0, 1, 1, 1, 1], 'B': [0, 1, 0, 0, 0, 1, 1, 1, 1, 0], 'C': [1, 0, 0, 1, 0, 0, 0, 1, 1, 1], 'D': [0, 0, 1, 0, 0, 1, 0, 0, 0, 1], 'E': [0, 1, 0, 0, 0, 0, 0, 0, 0, 0], 'F': [1, 1, 1, 1, 1, 1, 1, 1, 0, 1]}, '橘园北侧南': {'A': [1, 0, 0, 0, 0, 1, 1, 0, 0, 1], 'B': [1, 1, 1, 1, 0, 1, 1, 0, 1, 1], 'C': [0, 1, 1, 1, 0, 1, 0, 0, 0, 0], 'D': [1, 0, 0, 1, 1, 1, 1, 0, 1, 0], 'E': [1, 1, 1, 1, 1, 1, 1, 0, 0, 1], 'F': [0, 0, 0, 1, 0, 1, 1, 0, 0, 0], 'G': [0, 0, 1, 1, 0, 1, 0, 0, 1, 0], 'H': [0, 1, 1, 1, 1, 0, 0, 0, 0, 1], 'I': [0, 1, 0, 0, 0, 0, 1, 0, 0, 0], 'J': [1, 0, 0, 0, 0, 0, 0, 0, 0, 1]}, '校医院西': {'A': [0, 1, 0, 0, 1, 0, 0, 1, 0, 1], 'B': [1, 1, 1, 1, 1, 0, 0, 1, 1, 1], 'C': [0, 1, 1, 0, 1, 0, 1, 1, 0, 1], 'D': [1, 1, 1, 0, 1, 1, 0, 0, 1, 1], 'E': [1, 0, 1, 1, 1, 1, 1, 0, 1, 1], 'F': [0, 0, 1, 1, 0, 1, 1, 1, 1, 1], 'G': [0, 0, 1, 0, 0, 1, 0, 0, 0, 0], 'H': [0, 0, 0, 0, 0, 0, 0, 0, 0, 0], 'I': [0, 0, 0, 0, 0, 0, 0, 0, 0, 0]}}
623806	2024-07-13 14:11:01.698000+08:00	2024-07-13 14:11:01.698000+08:00	{'东门北侧': {'A': [1, 1, 1, 1, 1, 0, 1, 0, 1, 1], 'B': [1, 1, 1, 1, 1, 1, 1, 1, 1, 1], 'C': [0, 1, 1, 0, 1, 1, 1, 1, 1, 0], 'D': [1, 1, 1, 1, 1, 0, 1, 1, 1, 0], 'E': [1, 1, 1, 1, 1, 1, 1, 1, 1, 1], 'F': [1, 1, 1, 1, 1, 1, 1, 1, 0, 1], 'G': [1, 1, 1, 1, 1, 1, 1, 1, 0, 0], 'H': [1, 1, 1, 1, 1, 1, 1, 1, 0, 0], 'I': [1, 0, 1, 1, 1, 1, 0, 1, 0, 1], 'J': [1, 1, 0, 0, 0, 1, 1, 1, 1, 1], 'K': [0, 0, 0, 1, 1, 1, 1, 1, 1, 1]}, '东门南侧': {'A': [0, 0, 0, 0, 0, 0, 1, 0, 0, 0], 'B': [0, 0, 0, 0, 0, 0, 0, 0, 0, 0]}, '西门北侧': {'A': [1, 1, 1, 1, 1, 1, 1, 0, 1, 1], 'B': [1, 1, 1, 1, 0, 1, 1, 0, 1, 0], 'C': [1, 1, 1, 1, 1, 1, 1, 1, 1, 0]}, '西门南侧': {'A': [1, 1, 1, 1, 1, 0, 0, 1, 1, 1], 'B': [1, 1, 1, 1, 1, 1, 1, 1, 1, 1], 'C': [1, 1, 0, 1, 0, 0, 1, 1, 1, 0]}, '南门西侧': {'A': [1, 1, 1, 1, 1, 1, 1, 1, 1, 1], 'B': [0, 0, 0, 0, 0, 0, 0, 0, 0, 0]}, '南门东侧': {'A': [1, 1, 1, 1, 1, 1, 1, 1, 0, 1], 'B': [0, 0, 1, 1, 1, 0, 1, 1, 1, 1]}, '北门东北侧': {'A': [1, 1, 1, 1, 1, 1, 1, 1, 1, 1], 'B': [0, 1, 1, 1, 1, 0, 0, 1, 0, 0], 'C': [0, 0, 1, 1, 1, 1, 0, 1, 1, 0], 'D': [0, 1, 1, 0, 1, 1, 1, 0, 1, 1]}, '北门东南侧': {'A': [0, 0, 1, 1, 1, 0, 1, 1, 1, 1], 'B': [0, 1, 0, 0, 0, 1, 1, 1, 1, 0], 'C': [1, 0, 0, 1, 0, 0, 0, 1, 1, 1], 'D': [0, 0, 1, 0, 0, 1, 0, 0, 0, 1], 'E': [0, 1, 0, 0, 0, 0, 0, 0, 0, 0], 'F': [1, 1, 1, 1, 1, 1, 1, 1, 0, 1]}, '橘园北侧南': {'A': [1, 0, 0, 0, 0, 1, 1, 0, 0, 1], 'B': [1, 1, 1, 1, 0, 1, 1, 0, 1, 1], 'C': [0, 1, 1, 1, 0, 1, 0, 0, 0, 0], 'D': [1, 0, 0, 1, 1, 1, 1, 0, 1, 0], 'E': [1, 1, 1, 1, 1, 1, 1, 0, 0, 1], 'F': [0, 0, 0, 1, 0, 1, 1, 0, 0, 0], 'G': [0, 0, 1, 1, 0, 1, 0, 0, 1, 0], 'H': [0, 1, 1, 1, 1, 0, 0, 0, 0, 1], 'I': [0, 1, 0, 0, 0, 0, 1, 0, 0, 0], 'J': [1, 0, 0, 0, 0, 0, 0, 0, 0, 1]}, '校医院西': {'A': [0, 1, 0, 0, 1, 0, 0, 1, 0, 1], 'B': [1, 1, 1, 1, 1, 0, 0, 1, 1, 1], 'C': [0, 1, 1, 0, 1, 0, 1, 1, 0, 1], 'D': [1, 1, 1, 0, 1, 1, 0, 0, 1, 1], 'E': [1, 0, 1, 1, 1, 1, 1, 0, 1, 1], 'F': [0, 0, 1, 1, 0, 1, 1, 1, 1, 1], 'G': [0, 0, 1, 0, 0, 1, 0, 0, 0, 0], 'H': [0, 0, 0, 0, 0, 0, 0, 0, 0, 0], 'I': [0, 0, 0, 0, 0, 0, 0, 0, 0, 0]}}
623807	2024-07-13 14:12:01.433000+08:00	2024-07-13 14:12:01.433000+08:00	{'东门北侧': {'A': [1, 1, 1, 1, 1, 0, 1, 0, 1, 1], 'B': [1, 1, 1, 1, 1, 1, 1, 1, 1, 1], 'C': [0, 1, 1, 0, 1, 1, 1, 1, 1, 0], 'D': [1, 1, 1, 1, 1, 0, 1, 1, 1, 0], 'E': [1, 1, 1, 1, 1, 1, 1, 1, 1, 1], 'F': [1, 1, 1, 1, 1, 1, 1, 1, 0, 1], 'G': [1, 1, 1, 1, 1, 1, 1, 1, 0, 0], 'H': [1, 1, 1, 1, 1, 1, 1, 1, 0, 0], 'I': [1, 0, 1, 1, 1, 1, 0, 1, 0, 1], 'J': [1, 1, 0, 0, 0, 1, 1, 1, 1, 1], 'K': [0, 0, 0, 1, 1, 1, 1, 1, 1, 1]}, '东门南侧': {'A': [0, 0, 0, 0, 0, 0, 1, 0, 0, 0], 'B': [0, 0, 0, 0, 0, 0, 0, 0, 0, 0]}, '西门北侧': {'A': [1, 1, 1, 1, 1, 1, 1, 0, 1, 1], 'B': [1, 1, 1, 1, 0, 1, 1, 0, 1, 0], 'C': [1, 1, 1, 1, 1, 1, 1, 1, 1, 0]}, '西门南侧': {'A': [1, 1, 1, 1, 1, 0, 0, 1, 1, 1], 'B': [1, 1, 1, 1, 1, 1, 1, 1, 1, 1], 'C': [1, 1, 0, 1, 0, 0, 1, 1, 1, 0]}, '南门西侧': {'A': [1, 1, 1, 1, 1, 1, 1, 1, 1, 1], 'B': [0, 0, 0, 0, 0, 0, 0, 0, 0, 0]}, '南门东侧': {'A': [1, 1, 1, 1, 1, 1, 1, 1, 0, 1], 'B': [0, 0, 1, 1, 1, 0, 1, 1, 1, 1]}, '北门东北侧': {'A': [1, 1, 1, 1, 1, 1, 1, 1, 1, 1], 'B': [0, 1, 1, 1, 1, 0, 0, 1, 0, 0], 'C': [0, 0, 1, 1, 1, 1, 0, 1, 1, 0], 'D': [0, 1, 1, 0, 1, 1, 1, 0, 1, 1]}, '北门东南侧': {'A': [0, 0, 1, 1, 1, 0, 1, 1, 1, 1], 'B': [0, 1, 0, 0, 0, 1, 1, 1, 1, 0], 'C': [1, 0, 0, 1, 0, 0, 0, 1, 1, 1], 'D': [0, 0, 1, 0, 0, 1, 0, 0, 0, 1], 'E': [0, 1, 0, 0, 0, 0, 0, 0, 0, 0], 'F': [1, 1, 1, 1, 1, 1, 1, 1, 0, 1]}, '橘园北侧南': {'A': [1, 0, 0, 0, 0, 1, 1, 0, 0, 1], 'B': [1, 1, 1, 1, 0, 1, 1, 0, 1, 1], 'C': [0, 1, 1, 1, 0, 1, 0, 0, 0, 0], 'D': [1, 0, 0, 1, 1, 1, 1, 0, 1, 0], 'E': [1, 1, 1, 1, 1, 1, 1, 0, 0, 1], 'F': [0, 0, 0, 1, 0, 1, 1, 0, 0, 0], 'G': [0, 0, 1, 1, 0, 1, 0, 0, 1, 0], 'H': [0, 1, 1, 1, 1, 0, 0, 0, 0, 1], 'I': [0, 1, 0, 0, 0, 0, 1, 0, 0, 0], 'J': [1, 0, 0, 0, 0, 0, 0, 0, 0, 1]}, '校医院西': {'A': [0, 1, 0, 0, 1, 0, 0, 1, 0, 1], 'B': [1, 1, 1, 1, 1, 0, 0, 1, 1, 1], 'C': [0, 1, 1, 0, 1, 0, 1, 1, 0, 1], 'D': [1, 1, 1, 0, 1, 1, 0, 0, 1, 1], 'E': [1, 0, 1, 1, 1, 1, 1, 0, 1, 1], 'F': [0, 0, 1, 1, 0, 1, 1, 1, 1, 1], 'G': [0, 0, 1, 0, 0, 1, 0, 0, 0, 0], 'H': [0, 0, 0, 0, 0, 0, 0, 0, 0, 0], 'I': [0, 0, 0, 0, 0, 0, 0, 0, 0, 0]}}
623808	2024-07-13 14:12:59.640000+08:00	2024-07-13 14:12:59.640000+08:00	{'东门北侧': {'A': [1, 1, 1, 1, 1, 0, 1, 0, 1, 1], 'B': [1, 1, 1, 1, 1, 1, 1, 1, 1, 1], 'C': [0, 1, 1, 0, 1, 1, 1, 1, 1, 0], 'D': [1, 1, 1, 1, 1, 0, 1, 1, 1, 0], 'E': [1, 1, 1, 1, 1, 1, 1, 1, 1, 1], 'F': [1, 1, 1, 1, 1, 1, 1, 1, 0, 1], 'G': [1, 1, 1, 1, 1, 1, 1, 1, 0, 0], 'H': [1, 1, 1, 1, 1, 1, 1, 1, 0, 0], 'I': [1, 0, 1, 1, 1, 1, 0, 1, 0, 1], 'J': [1, 1, 0, 0, 0, 1, 1, 1, 1, 1], 'K': [0, 0, 0, 1, 1, 1, 1, 1, 1, 1]}, '东门南侧': {'A': [0, 0, 0, 0, 0, 0, 1, 0, 0, 0], 'B': [0, 0, 0, 0, 0, 0, 0, 0, 0, 0]}, '西门北侧': {'A': [1, 1, 1, 1, 1, 1, 1, 0, 1, 1], 'B': [1, 1, 1, 1, 0, 1, 1, 0, 1, 0], 'C': [1, 1, 1, 1, 1, 1, 1, 1, 1, 0]}, '西门南侧': {'A': [1, 1, 1, 1, 1, 0, 0, 1, 1, 1], 'B': [1, 1, 1, 1, 1, 1, 1, 1, 1, 1], 'C': [1, 1, 0, 1, 0, 0, 1, 1, 1, 0]}, '南门西侧': {'A': [1, 1, 1, 1, 1, 1, 1, 1, 1, 1], 'B': [0, 0, 0, 0, 0, 0, 0, 0, 0, 0]}, '南门东侧': {'A': [1, 1, 1, 1, 1, 1, 1, 1, 0, 1], 'B': [0, 0, 1, 1, 1, 0, 1, 1, 1, 1]}, '北门东北侧': {'A': [1, 1, 1, 1, 1, 1, 1, 1, 1, 1], 'B': [0, 1, 1, 1, 1, 0, 0, 1, 0, 0], 'C': [0, 0, 1, 1, 1, 1, 0, 1, 1, 0], 'D': [0, 1, 1, 0, 1, 1, 1, 0, 1, 1]}, '北门东南侧': {'A': [0, 0, 1, 1, 1, 0, 1, 1, 1, 1], 'B': [0, 1, 0, 0, 0, 1, 1, 1, 1, 0], 'C': [1, 0, 0, 1, 0, 0, 0, 1, 1, 1], 'D': [0, 0, 1, 0, 0, 1, 0, 0, 0, 1], 'E': [0, 1, 0, 0, 0, 0, 0, 0, 0, 0], 'F': [1, 1, 1, 1, 1, 1, 1, 1, 0, 1]}, '橘园北侧南': {'A': [1, 0, 0, 0, 0, 1, 1, 0, 0, 1], 'B': [1, 1, 1, 1, 0, 1, 1, 0, 1, 1], 'C': [0, 1, 1, 1, 0, 1, 0, 0, 0, 0], 'D': [1, 0, 0, 1, 1, 1, 1, 0, 1, 0], 'E': [1, 1, 1, 1, 1, 1, 1, 0, 0, 1], 'F': [0, 0, 0, 1, 0, 1, 1, 0, 0, 0], 'G': [0, 0, 1, 1, 0, 1, 0, 0, 1, 0], 'H': [0, 1, 1, 1, 1, 0, 0, 0, 0, 1], 'I': [0, 1, 0, 0, 0, 0, 1, 0, 0, 0], 'J': [1, 0, 0, 0, 0, 0, 0, 0, 0, 1]}, '校医院西': {'A': [0, 1, 0, 0, 1, 0, 0, 1, 0, 1], 'B': [1, 1, 1, 1, 1, 0, 0, 1, 1, 1], 'C': [0, 1, 1, 0, 1, 0, 1, 1, 0, 1], 'D': [1, 1, 1, 0, 1, 1, 0, 0, 1, 1], 'E': [1, 0, 1, 1, 1, 1, 1, 0, 1, 1], 'F': [0, 0, 1, 1, 0, 1, 1, 1, 1, 1], 'G': [0, 0, 1, 0, 0, 1, 0, 0, 0, 0], 'H': [0, 0, 0, 0, 0, 0, 0, 0, 0, 0], 'I': [0, 0, 0, 0, 0, 0, 0, 0, 0, 0]}}
623809	2024-07-13 14:14:00.529000+08:00	2024-07-13 14:14:00.529000+08:00	{'东门北侧': {'A': [1, 1, 1, 1, 1, 0, 1, 0, 1, 1], 'B': [1, 1, 1, 1, 1, 1, 1, 1, 1, 1], 'C': [0, 1, 1, 0, 1, 1, 1, 1, 1, 0], 'D': [1, 1, 1, 1, 1, 0, 1, 1, 1, 0], 'E': [1, 1, 1, 1, 1, 1, 1, 1, 1, 1], 'F': [1, 1, 1, 1, 1, 1, 1, 1, 0, 1], 'G': [1, 1, 1, 1, 1, 1, 1, 1, 0, 0], 'H': [1, 1, 1, 1, 1, 1, 1, 1, 0, 0], 'I': [1, 0, 1, 1, 1, 1, 0, 1, 0, 1], 'J': [1, 1, 0, 0, 0, 1, 1, 1, 1, 1], 'K': [0, 0, 0, 1, 1, 1, 1, 1, 1, 1]}, '东门南侧': {'A': [0, 0, 0, 0, 0, 0, 1, 0, 0, 0], 'B': [0, 0, 0, 0, 0, 0, 0, 0, 0, 0]}, '西门北侧': {'A': [1, 1, 1, 1, 1, 1, 1, 0, 1, 1], 'B': [1, 1, 1, 1, 0, 1, 1, 0, 1, 0], 'C': [1, 1, 1, 1, 1, 1, 1, 1, 1, 0]}, '西门南侧': {'A': [1, 1, 1, 1, 1, 0, 0, 1, 1, 1], 'B': [1, 1, 1, 1, 1, 1, 1, 1, 1, 1], 'C': [1, 1, 0, 1, 0, 0, 1, 1, 1, 0]}, '南门西侧': {'A': [1, 1, 1, 1, 1, 1, 1, 1, 1, 1], 'B': [0, 0, 0, 0, 0, 0, 0, 0, 0, 0]}, '南门东侧': {'A': [1, 1, 1, 1, 1, 1, 1, 1, 0, 1], 'B': [0, 0, 1, 1, 1, 0, 1, 1, 1, 1]}, '北门东北侧': {'A': [1, 1, 1, 1, 1, 1, 1, 1, 1, 1], 'B': [0, 1, 1, 1, 1, 0, 0, 1, 0, 0], 'C': [0, 0, 1, 1, 1, 1, 0, 1, 1, 0], 'D': [0, 1, 1, 0, 1, 1, 1, 0, 1, 1]}, '北门东南侧': {'A': [0, 0, 1, 1, 1, 0, 1, 1, 1, 1], 'B': [0, 1, 0, 0, 0, 1, 1, 1, 1, 0], 'C': [1, 0, 0, 1, 0, 0, 0, 1, 1, 1], 'D': [0, 0, 1, 0, 0, 1, 0, 0, 0, 1], 'E': [0, 1, 0, 0, 0, 0, 0, 0, 0, 0], 'F': [1, 1, 1, 1, 1, 1, 1, 1, 0, 1]}, '橘园北侧南': {'A': [1, 0, 0, 0, 0, 1, 1, 0, 0, 1], 'B': [1, 1, 1, 1, 0, 1, 1, 0, 1, 1], 'C': [0, 1, 1, 1, 0, 1, 0, 0, 0, 0], 'D': [1, 0, 0, 1, 1, 1, 1, 0, 1, 0], 'E': [1, 1, 1, 1, 1, 1, 1, 0, 0, 1], 'F': [0, 0, 0, 1, 0, 1, 1, 0, 0, 0], 'G': [0, 0, 1, 1, 0, 1, 0, 0, 1, 0], 'H': [0, 1, 1, 1, 1, 0, 0, 0, 0, 1], 'I': [0, 1, 0, 0, 0, 0, 1, 0, 0, 0], 'J': [1, 0, 0, 0, 0, 0, 0, 0, 0, 1]}, '校医院西': {'A': [0, 1, 0, 0, 1, 0, 0, 1, 0, 1], 'B': [1, 1, 1, 1, 1, 0, 0, 1, 1, 1], 'C': [0, 1, 1, 0, 1, 0, 1, 1, 0, 1], 'D': [1, 1, 1, 0, 1, 1, 0, 0, 1, 1], 'E': [1, 0, 1, 1, 1, 1, 1, 0, 1, 1], 'F': [0, 0, 1, 1, 0, 1, 1, 1, 1, 1], 'G': [0, 0, 1, 0, 0, 1, 0, 0, 0, 0], 'H': [0, 0, 0, 0, 0, 0, 0, 0, 0, 0], 'I': [0, 0, 0, 0, 0, 0, 0, 0, 0, 0]}}
623810	2024-07-13 14:15:02.674000+08:00	2024-07-13 14:15:02.674000+08:00	{'东门北侧': {'A': [1, 1, 1, 1, 1, 0, 1, 0, 1, 1], 'B': [1, 1, 1, 1, 1, 1, 1, 1, 1, 1], 'C': [0, 1, 1, 0, 1, 1, 1, 1, 1, 0], 'D': [1, 1, 1, 1, 1, 0, 1, 1, 1, 0], 'E': [1, 1, 1, 1, 1, 1, 1, 1, 1, 1], 'F': [1, 1, 1, 1, 1, 1, 1, 1, 0, 1], 'G': [1, 1, 1, 1, 1, 1, 1, 1, 0, 0], 'H': [1, 1, 1, 1, 1, 1, 1, 1, 0, 0], 'I': [1, 0, 1, 1, 1, 1, 0, 1, 0, 1], 'J': [1, 1, 0, 0, 0, 1, 1, 1, 1, 1], 'K': [0, 0, 0, 1, 1, 1, 1, 1, 1, 1]}, '东门南侧': {'A': [0, 0, 0, 0, 0, 0, 1, 0, 0, 0], 'B': [0, 0, 0, 0, 0, 0, 0, 0, 0, 0]}, '西门北侧': {'A': [1, 1, 1, 1, 1, 1, 1, 0, 1, 1], 'B': [1, 1, 1, 1, 0, 1, 1, 0, 1, 0], 'C': [1, 1, 1, 1, 1, 1, 1, 1, 1, 0]}, '西门南侧': {'A': [1, 1, 1, 1, 1, 0, 0, 1, 1, 1], 'B': [1, 1, 1, 1, 1, 1, 1, 1, 1, 1], 'C': [1, 1, 0, 1, 0, 0, 1, 1, 1, 0]}, '南门西侧': {'A': [1, 1, 1, 1, 1, 1, 1, 1, 1, 1], 'B': [0, 0, 0, 0, 0, 0, 0, 0, 0, 0]}, '南门东侧': {'A': [1, 1, 1, 1, 1, 1, 1, 1, 0, 1], 'B': [0, 0, 1, 1, 1, 0, 1, 1, 1, 1]}, '北门东北侧': {'A': [1, 1, 1, 1, 1, 1, 1, 1, 1, 1], 'B': [0, 1, 1, 1, 1, 0, 0, 1, 0, 0], 'C': [0, 0, 1, 1, 1, 1, 0, 1, 1, 0], 'D': [0, 1, 1, 0, 1, 1, 1, 0, 1, 1]}, '北门东南侧': {'A': [0, 0, 1, 1, 1, 0, 1, 1, 1, 1], 'B': [0, 1, 1, 0, 0, 1, 1, 1, 1, 0], 'C': [1, 0, 0, 1, 0, 0, 0, 1, 1, 1], 'D': [0, 0, 1, 0, 0, 1, 0, 0, 0, 1], 'E': [0, 1, 0, 0, 0, 0, 0, 0, 0, 0], 'F': [1, 1, 1, 1, 1, 1, 1, 1, 0, 1]}, '橘园北侧南': {'A': [1, 0, 0, 0, 0, 1, 1, 0, 0, 1], 'B': [1, 1, 1, 1, 0, 1, 1, 1, 1, 1], 'C': [0, 1, 1, 1, 0, 1, 0, 0, 0, 0], 'D': [1, 0, 0, 1, 1, 1, 1, 0, 1, 0], 'E': [1, 1, 1, 1, 1, 1, 1, 0, 0, 1], 'F': [0, 0, 0, 1, 0, 1, 1, 0, 0, 0], 'G': [0, 0, 1, 1, 0, 1, 0, 0, 1, 0], 'H': [0, 1, 1, 1, 1, 0, 0, 0, 0, 1], 'I': [0, 1, 0, 0, 0, 0, 1, 0, 0, 0], 'J': [1, 0, 0, 0, 0, 0, 0, 0, 0, 1]}, '校医院西': {'A': [0, 1, 0, 0, 1, 0, 0, 1, 0, 1], 'B': [1, 1, 1, 0, 1, 0, 0, 1, 1, 1], 'C': [0, 1, 1, 0, 1, 0, 1, 1, 0, 1], 'D': [1, 1, 1, 0, 1, 1, 0, 0, 1, 1], 'E': [1, 0, 1, 1, 1, 1, 1, 0, 1, 1], 'F': [0, 0, 1, 1, 0, 1, 1, 1, 1, 1], 'G': [0, 0, 1, 0, 0, 1, 0, 0, 0, 0], 'H': [0, 0, 0, 0, 0, 0, 0, 0, 0, 0], 'I': [0, 0, 0, 0, 0, 0, 0, 0, 0, 0]}}
623811	2024-07-13 14:15:59.662000+08:00	2024-07-13 14:15:59.662000+08:00	{'东门北侧': {'A': [1, 1, 1, 1, 1, 0, 1, 0, 1, 1], 'B': [1, 1, 1, 1, 1, 1, 1, 1, 1, 1], 'C': [0, 1, 1, 0, 1, 1, 1, 1, 1, 0], 'D': [1, 1, 1, 1, 1, 0, 1, 1, 1, 0], 'E': [1, 1, 1, 1, 1, 1, 1, 1, 1, 1], 'F': [1, 1, 1, 1, 1, 1, 1, 1, 0, 1], 'G': [1, 1, 1, 1, 1, 1, 1, 1, 0, 0], 'H': [1, 1, 1, 1, 1, 1, 1, 1, 0, 0], 'I': [1, 0, 1, 1, 1, 1, 0, 1, 0, 1], 'J': [1, 1, 0, 0, 0, 1, 1, 1, 1, 1], 'K': [0, 0, 0, 1, 1, 1, 1, 1, 1, 1]}, '东门南侧': {'A': [0, 0, 0, 0, 0, 0, 1, 0, 0, 0], 'B': [0, 0, 0, 0, 0, 0, 0, 0, 0, 0]}, '西门北侧': {'A': [1, 1, 1, 1, 1, 1, 1, 0, 1, 1], 'B': [1, 1, 1, 1, 0, 1, 1, 0, 1, 0], 'C': [1, 1, 1, 1, 1, 1, 1, 1, 1, 0]}, '西门南侧': {'A': [1, 1, 1, 1, 1, 0, 0, 1, 1, 1], 'B': [1, 1, 1, 1, 1, 1, 1, 1, 1, 1], 'C': [1, 1, 0, 1, 0, 0, 1, 1, 1, 0]}, '南门西侧': {'A': [1, 1, 1, 1, 1, 1, 1, 1, 1, 1], 'B': [0, 0, 0, 0, 0, 0, 0, 0, 0, 0]}, '南门东侧': {'A': [1, 1, 1, 1, 1, 1, 1, 1, 0, 1], 'B': [0, 0, 1, 1, 1, 0, 1, 1, 1, 1]}, '北门东北侧': {'A': [1, 1, 1, 1, 1, 1, 1, 1, 1, 1], 'B': [0, 1, 1, 1, 1, 0, 0, 1, 0, 0], 'C': [0, 0, 1, 1, 1, 1, 0, 1, 1, 0], 'D': [0, 1, 1, 0, 1, 1, 1, 0, 1, 1]}, '北门东南侧': {'A': [0, 0, 1, 1, 1, 0, 1, 1, 1, 1], 'B': [0, 1, 1, 0, 0, 1, 1, 1, 1, 0], 'C': [1, 0, 0, 1, 0, 0, 0, 1, 1, 1], 'D': [0, 0, 1, 0, 0, 1, 0, 0, 0, 1], 'E': [0, 1, 0, 0, 0, 0, 0, 0, 0, 0], 'F': [1, 1, 1, 1, 1, 1, 1, 1, 0, 1]}, '橘园北侧南': {'A': [1, 0, 0, 0, 0, 1, 1, 0, 0, 1], 'B': [1, 1, 1, 1, 0, 1, 1, 1, 1, 1], 'C': [0, 1, 1, 1, 0, 1, 0, 0, 0, 0], 'D': [1, 0, 0, 1, 1, 1, 1, 0, 1, 0], 'E': [1, 1, 1, 1, 1, 1, 1, 0, 0, 1], 'F': [0, 0, 0, 1, 0, 1, 1, 0, 0, 0], 'G': [0, 0, 1, 1, 0, 1, 0, 0, 1, 0], 'H': [0, 1, 1, 1, 1, 0, 0, 0, 0, 1], 'I': [0, 1, 0, 0, 0, 0, 1, 0, 0, 0], 'J': [1, 0, 0, 0, 0, 0, 0, 0, 0, 1]}, '校医院西': {'A': [0, 1, 0, 0, 1, 0, 0, 1, 0, 1], 'B': [1, 1, 1, 0, 1, 0, 0, 1, 1, 1], 'C': [0, 1, 1, 0, 1, 0, 1, 1, 0, 1], 'D': [1, 1, 1, 0, 1, 1, 0, 0, 1, 1], 'E': [1, 0, 1, 1, 1, 1, 1, 0, 1, 1], 'F': [0, 0, 1, 1, 0, 1, 1, 1, 1, 1], 'G': [0, 0, 1, 0, 0, 1, 0, 0, 0, 0], 'H': [0, 0, 0, 0, 0, 0, 0, 0, 0, 0], 'I': [0, 0, 0, 0, 0, 0, 0, 0, 0, 0]}}
623812	2024-07-13 14:16:58.780000+08:00	2024-07-13 14:16:58.780000+08:00	{'东门北侧': {'A': [1, 1, 1, 1, 1, 0, 1, 0, 1, 1], 'B': [1, 1, 1, 1, 1, 1, 1, 1, 1, 1], 'C': [0, 1, 1, 0, 1, 1, 1, 1, 1, 0], 'D': [1, 1, 1, 1, 1, 0, 1, 1, 1, 0], 'E': [1, 1, 1, 1, 1, 1, 1, 1, 1, 1], 'F': [1, 1, 1, 1, 1, 1, 1, 1, 0, 1], 'G': [1, 1, 1, 1, 1, 1, 1, 1, 0, 0], 'H': [1, 1, 1, 1, 1, 1, 1, 1, 0, 0], 'I': [1, 0, 1, 1, 1, 1, 0, 1, 0, 1], 'J': [1, 1, 0, 0, 0, 1, 1, 1, 1, 1], 'K': [0, 0, 0, 1, 1, 1, 1, 1, 1, 1]}, '东门南侧': {'A': [0, 0, 0, 0, 0, 0, 1, 0, 0, 0], 'B': [0, 0, 0, 0, 0, 0, 0, 0, 0, 0]}, '西门北侧': {'A': [1, 1, 1, 1, 1, 1, 1, 0, 1, 1], 'B': [1, 1, 1, 1, 0, 1, 1, 0, 1, 0], 'C': [1, 1, 1, 1, 1, 1, 1, 1, 1, 0]}, '西门南侧': {'A': [1, 1, 1, 1, 1, 0, 0, 1, 1, 1], 'B': [1, 1, 1, 1, 1, 1, 1, 1, 1, 1], 'C': [1, 1, 0, 1, 0, 0, 1, 1, 1, 0]}, '南门西侧': {'A': [1, 1, 1, 1, 1, 1, 1, 1, 1, 1], 'B': [0, 0, 0, 0, 0, 0, 0, 0, 0, 0]}, '南门东侧': {'A': [1, 1, 1, 1, 1, 1, 1, 1, 0, 1], 'B': [0, 0, 1, 1, 1, 0, 1, 1, 1, 1]}, '北门东北侧': {'A': [1, 1, 1, 1, 1, 1, 1, 1, 1, 1], 'B': [0, 1, 1, 1, 1, 0, 0, 1, 0, 0], 'C': [0, 0, 1, 1, 1, 1, 0, 1, 1, 0], 'D': [0, 1, 1, 0, 1, 1, 1, 0, 1, 1]}, '北门东南侧': {'A': [0, 0, 1, 1, 1, 0, 1, 1, 1, 1], 'B': [0, 1, 1, 0, 0, 1, 1, 1, 1, 0], 'C': [1, 0, 0, 1, 0, 0, 0, 1, 1, 1], 'D': [0, 0, 1, 0, 0, 1, 0, 0, 0, 1], 'E': [0, 1, 0, 0, 0, 0, 0, 0, 0, 0], 'F': [1, 1, 1, 1, 1, 1, 1, 1, 0, 1]}, '橘园北侧南': {'A': [1, 0, 0, 0, 0, 1, 1, 0, 0, 1], 'B': [1, 1, 1, 1, 0, 1, 1, 1, 1, 1], 'C': [0, 1, 1, 1, 0, 1, 1, 0, 0, 0], 'D': [1, 0, 0, 1, 1, 1, 1, 0, 1, 0], 'E': [1, 1, 1, 1, 1, 1, 1, 0, 0, 1], 'F': [0, 0, 0, 1, 0, 1, 1, 0, 0, 0], 'G': [0, 0, 1, 1, 0, 1, 0, 0, 1, 0], 'H': [0, 1, 1, 1, 1, 0, 0, 0, 0, 1], 'I': [0, 1, 0, 0, 0, 0, 1, 0, 0, 0], 'J': [1, 0, 0, 0, 0, 0, 0, 0, 0, 1]}, '校医院西': {'A': [0, 1, 0, 0, 1, 0, 0, 1, 0, 1], 'B': [1, 1, 1, 0, 1, 0, 0, 1, 1, 1], 'C': [0, 1, 1, 0, 1, 0, 1, 1, 0, 1], 'D': [1, 1, 1, 0, 1, 1, 0, 0, 1, 1], 'E': [1, 0, 1, 1, 1, 1, 1, 0, 1, 1], 'F': [0, 0, 1, 1, 0, 1, 1, 1, 1, 1], 'G': [0, 0, 0, 0, 0, 1, 0, 0, 0, 0], 'H': [0, 0, 0, 0, 0, 0, 0, 0, 0, 0], 'I': [0, 0, 0, 0, 0, 0, 0, 0, 0, 0]}}
623813	2024-07-13 14:18:02.928000+08:00	2024-07-13 14:18:02.928000+08:00	{'东门北侧': {'A': [1, 1, 1, 1, 1, 0, 1, 0, 1, 1], 'B': [1, 1, 1, 1, 1, 1, 1, 1, 1, 1], 'C': [0, 1, 1, 0, 1, 1, 1, 1, 1, 0], 'D': [1, 1, 1, 1, 1, 0, 1, 1, 1, 0], 'E': [1, 1, 1, 1, 1, 1, 1, 1, 1, 1], 'F': [1, 1, 1, 1, 1, 1, 1, 1, 0, 1], 'G': [1, 1, 1, 1, 1, 1, 1, 1, 0, 0], 'H': [1, 1, 1, 1, 1, 1, 1, 1, 0, 0], 'I': [1, 0, 1, 1, 1, 1, 0, 1, 0, 1], 'J': [1, 1, 0, 0, 0, 1, 1, 1, 1, 1], 'K': [0, 0, 0, 1, 1, 1, 1, 1, 1, 1]}, '东门南侧': {'A': [0, 0, 0, 0, 0, 0, 1, 0, 0, 0], 'B': [0, 0, 0, 0, 0, 0, 0, 0, 0, 0]}, '西门北侧': {'A': [1, 1, 1, 1, 1, 1, 1, 0, 1, 1], 'B': [1, 1, 1, 1, 0, 1, 1, 0, 1, 0], 'C': [1, 1, 1, 1, 1, 1, 1, 1, 1, 0]}, '西门南侧': {'A': [1, 1, 1, 1, 1, 0, 0, 1, 1, 1], 'B': [1, 1, 1, 1, 1, 1, 1, 1, 1, 1], 'C': [1, 1, 0, 1, 0, 0, 1, 1, 1, 0]}, '南门西侧': {'A': [1, 1, 1, 1, 1, 1, 1, 1, 1, 1], 'B': [0, 0, 0, 0, 0, 0, 0, 0, 0, 0]}, '南门东侧': {'A': [1, 1, 1, 1, 1, 1, 1, 1, 0, 1], 'B': [0, 0, 1, 1, 1, 0, 1, 1, 1, 1]}, '北门东北侧': {'A': [1, 1, 1, 1, 1, 1, 1, 1, 1, 1], 'B': [0, 1, 1, 1, 1, 0, 0, 1, 0, 0], 'C': [0, 0, 1, 1, 1, 1, 0, 1, 1, 0], 'D': [0, 1, 1, 0, 1, 1, 1, 0, 1, 1]}, '北门东南侧': {'A': [0, 0, 1, 1, 1, 0, 1, 1, 1, 1], 'B': [0, 1, 1, 0, 0, 1, 1, 1, 1, 0], 'C': [1, 0, 0, 1, 0, 0, 0, 1, 1, 1], 'D': [0, 0, 1, 0, 0, 1, 0, 0, 0, 1], 'E': [0, 1, 0, 0, 0, 0, 0, 0, 0, 0], 'F': [1, 1, 1, 1, 1, 1, 1, 1, 0, 1]}, '橘园北侧南': {'A': [1, 0, 0, 0, 0, 1, 1, 0, 0, 1], 'B': [1, 1, 1, 1, 0, 1, 1, 1, 1, 1], 'C': [0, 1, 1, 1, 0, 1, 1, 0, 0, 0], 'D': [1, 0, 0, 1, 1, 1, 1, 0, 1, 0], 'E': [1, 1, 1, 1, 1, 1, 1, 0, 0, 1], 'F': [0, 0, 0, 1, 0, 1, 1, 0, 0, 0], 'G': [0, 0, 1, 1, 0, 1, 1, 0, 1, 0], 'H': [0, 1, 1, 1, 1, 0, 0, 0, 0, 1], 'I': [0, 1, 0, 0, 0, 0, 1, 0, 0, 0], 'J': [1, 0, 0, 0, 0, 0, 0, 0, 0, 1]}, '校医院西': {'A': [0, 1, 0, 0, 1, 0, 0, 1, 0, 1], 'B': [1, 1, 1, 0, 1, 0, 0, 1, 1, 1], 'C': [0, 1, 1, 0, 1, 0, 1, 1, 0, 1], 'D': [1, 1, 1, 0, 1, 1, 0, 0, 1, 1], 'E': [1, 0, 1, 1, 1, 1, 1, 0, 1, 1], 'F': [0, 0, 1, 1, 0, 1, 1, 1, 1, 1], 'G': [0, 0, 0, 0, 0, 1, 0, 0, 0, 0], 'H': [0, 0, 0, 0, 0, 0, 0, 0, 0, 0], 'I': [0, 0, 0, 0, 0, 0, 0, 0, 0, 0]}}
623814	2024-07-13 14:18:58.741000+08:00	2024-07-13 14:18:58.741000+08:00	{'东门北侧': {'A': [1, 1, 1, 1, 1, 0, 1, 0, 1, 1], 'B': [1, 1, 1, 1, 1, 1, 1, 1, 1, 1], 'C': [0, 1, 1, 0, 1, 1, 1, 1, 1, 0], 'D': [1, 1, 1, 1, 1, 0, 1, 1, 1, 0], 'E': [1, 1, 1, 1, 1, 1, 1, 1, 1, 1], 'F': [1, 1, 1, 1, 1, 1, 1, 1, 0, 1], 'G': [1, 1, 1, 1, 1, 1, 1, 1, 0, 0], 'H': [1, 1, 1, 1, 1, 1, 1, 1, 0, 0], 'I': [1, 0, 1, 1, 1, 1, 0, 1, 0, 1], 'J': [1, 1, 0, 0, 0, 1, 1, 1, 1, 1], 'K': [0, 0, 0, 1, 1, 1, 1, 1, 1, 1]}, '东门南侧': {'A': [0, 0, 0, 0, 0, 0, 1, 0, 0, 0], 'B': [0, 0, 0, 0, 0, 0, 0, 0, 0, 0]}, '西门北侧': {'A': [1, 1, 1, 1, 1, 1, 1, 0, 1, 1], 'B': [1, 1, 1, 1, 0, 1, 1, 0, 1, 0], 'C': [1, 1, 1, 1, 1, 1, 1, 1, 1, 0]}, '西门南侧': {'A': [1, 1, 1, 1, 1, 0, 0, 1, 1, 1], 'B': [1, 1, 1, 1, 1, 1, 1, 1, 1, 1], 'C': [1, 1, 0, 1, 0, 0, 1, 1, 1, 0]}, '南门西侧': {'A': [1, 1, 1, 1, 1, 1, 1, 1, 1, 1], 'B': [0, 0, 0, 0, 0, 0, 0, 0, 0, 0]}, '南门东侧': {'A': [1, 1, 1, 1, 1, 1, 1, 1, 0, 1], 'B': [0, 0, 1, 1, 1, 0, 1, 1, 1, 1]}, '北门东北侧': {'A': [1, 1, 1, 1, 1, 1, 1, 1, 1, 1], 'B': [0, 1, 1, 1, 1, 0, 0, 1, 0, 0], 'C': [0, 0, 1, 1, 1, 1, 0, 1, 1, 0], 'D': [0, 1, 1, 0, 1, 1, 1, 0, 1, 1]}, '北门东南侧': {'A': [0, 0, 1, 1, 1, 0, 1, 1, 1, 1], 'B': [0, 1, 1, 0, 0, 1, 1, 1, 1, 0], 'C': [1, 0, 0, 1, 0, 0, 0, 1, 1, 1], 'D': [0, 0, 1, 0, 0, 1, 0, 0, 0, 1], 'E': [0, 1, 0, 0, 0, 0, 0, 0, 0, 0], 'F': [1, 1, 1, 1, 1, 1, 1, 1, 0, 1]}, '橘园北侧南': {'A': [1, 0, 0, 0, 0, 1, 1, 0, 0, 1], 'B': [1, 1, 1, 1, 0, 1, 1, 1, 1, 1], 'C': [0, 1, 1, 1, 0, 1, 1, 0, 0, 0], 'D': [1, 0, 0, 1, 1, 1, 1, 0, 1, 0], 'E': [1, 1, 1, 1, 1, 1, 1, 0, 0, 1], 'F': [0, 0, 0, 1, 0, 0, 1, 0, 0, 0], 'G': [0, 0, 1, 1, 0, 1, 1, 0, 1, 0], 'H': [0, 1, 1, 1, 1, 0, 0, 0, 0, 1], 'I': [0, 1, 0, 0, 0, 0, 1, 0, 0, 0], 'J': [0, 0, 0, 0, 0, 0, 0, 0, 0, 1]}, '校医院西': {'A': [0, 1, 0, 0, 1, 0, 0, 1, 0, 1], 'B': [1, 1, 1, 0, 1, 0, 0, 1, 1, 1], 'C': [0, 1, 1, 0, 1, 0, 1, 1, 0, 1], 'D': [1, 1, 1, 0, 1, 1, 0, 0, 1, 1], 'E': [1, 0, 1, 1, 1, 1, 1, 0, 1, 1], 'F': [0, 0, 1, 1, 0, 1, 1, 1, 1, 1], 'G': [0, 0, 0, 0, 0, 1, 0, 0, 0, 0], 'H': [0, 0, 0, 0, 0, 0, 0, 0, 0, 0], 'I': [0, 0, 0, 0, 0, 0, 0, 0, 0, 0]}}
623815	2024-07-13 14:19:58.730000+08:00	2024-07-13 14:19:58.730000+08:00	{'东门北侧': {'A': [1, 1, 1, 1, 1, 0, 1, 0, 1, 1], 'B': [1, 1, 1, 1, 1, 1, 1, 1, 1, 1], 'C': [0, 1, 1, 0, 1, 1, 1, 1, 1, 0], 'D': [1, 1, 1, 1, 1, 0, 1, 1, 1, 0], 'E': [1, 1, 1, 1, 1, 1, 1, 1, 1, 1], 'F': [1, 1, 1, 1, 1, 1, 1, 1, 0, 1], 'G': [1, 1, 1, 1, 1, 1, 1, 1, 0, 0], 'H': [1, 1, 1, 1, 1, 1, 1, 1, 0, 0], 'I': [1, 0, 1, 1, 1, 1, 0, 1, 0, 1], 'J': [1, 1, 0, 0, 0, 1, 1, 1, 1, 1], 'K': [0, 0, 0, 1, 1, 1, 1, 1, 1, 1]}, '东门南侧': {'A': [0, 0, 0, 0, 0, 0, 1, 0, 0, 0], 'B': [0, 0, 0, 0, 0, 0, 0, 0, 0, 0]}, '西门北侧': {'A': [1, 1, 1, 1, 1, 1, 1, 0, 1, 1], 'B': [1, 1, 1, 1, 0, 1, 1, 0, 1, 0], 'C': [1, 1, 1, 1, 1, 1, 1, 1, 1, 0]}, '西门南侧': {'A': [1, 1, 1, 1, 1, 0, 0, 1, 1, 1], 'B': [1, 1, 1, 1, 1, 1, 1, 1, 1, 1], 'C': [1, 1, 0, 1, 0, 0, 1, 1, 1, 0]}, '南门西侧': {'A': [1, 1, 1, 1, 1, 1, 1, 1, 1, 1], 'B': [0, 0, 0, 0, 0, 0, 0, 0, 0, 0]}, '南门东侧': {'A': [1, 1, 1, 1, 1, 1, 1, 1, 0, 1], 'B': [0, 0, 1, 1, 1, 0, 1, 1, 1, 1]}, '北门东北侧': {'A': [1, 1, 1, 1, 1, 1, 1, 1, 1, 1], 'B': [0, 1, 1, 1, 1, 0, 0, 1, 0, 0], 'C': [0, 0, 1, 1, 1, 1, 0, 1, 1, 0], 'D': [0, 1, 1, 0, 1, 1, 1, 0, 1, 1]}, '北门东南侧': {'A': [0, 0, 1, 1, 1, 0, 1, 1, 1, 1], 'B': [0, 1, 1, 0, 0, 1, 1, 1, 1, 0], 'C': [1, 0, 0, 1, 0, 0, 0, 1, 1, 1], 'D': [0, 0, 1, 0, 0, 1, 0, 0, 0, 1], 'E': [0, 1, 0, 0, 0, 0, 0, 0, 0, 0], 'F': [1, 1, 1, 1, 1, 1, 1, 1, 0, 1]}, '橘园北侧南': {'A': [1, 0, 0, 0, 0, 1, 1, 0, 0, 1], 'B': [1, 1, 1, 1, 0, 1, 1, 1, 1, 1], 'C': [0, 1, 1, 1, 0, 1, 1, 0, 0, 0], 'D': [1, 0, 0, 1, 1, 1, 1, 0, 1, 0], 'E': [1, 1, 1, 1, 1, 1, 1, 0, 0, 1], 'F': [0, 0, 0, 1, 0, 0, 1, 0, 0, 0], 'G': [0, 0, 1, 1, 0, 1, 1, 0, 1, 0], 'H': [0, 1, 1, 1, 1, 0, 0, 0, 0, 1], 'I': [0, 1, 0, 0, 0, 0, 1, 0, 0, 0], 'J': [0, 0, 0, 0, 0, 0, 0, 0, 0, 1]}, '校医院西': {'A': [0, 1, 0, 0, 1, 0, 0, 1, 0, 1], 'B': [1, 1, 1, 0, 1, 0, 0, 1, 1, 1], 'C': [0, 1, 1, 0, 1, 0, 1, 1, 0, 1], 'D': [1, 1, 1, 0, 1, 1, 0, 0, 1, 1], 'E': [1, 0, 1, 1, 1, 1, 1, 0, 1, 1], 'F': [0, 0, 1, 1, 0, 1, 1, 1, 1, 1], 'G': [0, 0, 0, 0, 0, 1, 0, 0, 0, 0], 'H': [0, 0, 0, 0, 0, 0, 0, 0, 0, 0], 'I': [0, 0, 0, 0, 0, 0, 0, 0, 0, 0]}}
623816	2024-07-13 14:20:58.836000+08:00	2024-07-13 14:20:58.836000+08:00	{'东门北侧': {'A': [1, 1, 1, 1, 1, 0, 1, 0, 1, 1], 'B': [1, 1, 1, 1, 1, 1, 1, 1, 1, 1], 'C': [0, 1, 1, 0, 1, 1, 1, 1, 1, 0], 'D': [1, 1, 1, 1, 1, 0, 1, 1, 1, 0], 'E': [1, 1, 1, 1, 1, 1, 1, 1, 1, 1], 'F': [1, 1, 1, 1, 1, 1, 1, 1, 0, 1], 'G': [1, 1, 1, 1, 1, 1, 1, 1, 0, 0], 'H': [1, 1, 1, 1, 1, 1, 1, 1, 0, 0], 'I': [1, 0, 1, 1, 1, 1, 0, 1, 0, 1], 'J': [1, 1, 0, 0, 0, 1, 1, 1, 1, 1], 'K': [0, 0, 0, 1, 1, 1, 1, 1, 1, 1]}, '东门南侧': {'A': [0, 0, 0, 0, 0, 0, 1, 0, 0, 0], 'B': [0, 0, 0, 0, 0, 0, 0, 0, 0, 0]}, '西门北侧': {'A': [1, 1, 1, 1, 1, 1, 1, 0, 1, 1], 'B': [1, 1, 1, 1, 0, 1, 1, 0, 1, 0], 'C': [1, 1, 1, 1, 1, 1, 1, 1, 1, 0]}, '西门南侧': {'A': [1, 1, 1, 1, 1, 0, 0, 1, 1, 1], 'B': [1, 1, 1, 1, 1, 1, 1, 1, 1, 1], 'C': [1, 1, 0, 1, 0, 0, 1, 1, 1, 0]}, '南门西侧': {'A': [1, 1, 1, 1, 1, 1, 1, 1, 1, 1], 'B': [0, 0, 0, 0, 0, 0, 0, 0, 0, 0]}, '南门东侧': {'A': [1, 1, 1, 1, 1, 1, 1, 1, 0, 1], 'B': [0, 0, 1, 1, 1, 0, 1, 1, 1, 1]}, '北门东北侧': {'A': [1, 1, 1, 1, 1, 1, 1, 1, 1, 1], 'B': [0, 1, 1, 1, 1, 0, 0, 1, 0, 0], 'C': [0, 0, 1, 1, 1, 1, 0, 1, 1, 0], 'D': [0, 1, 1, 0, 1, 1, 1, 0, 1, 1]}, '北门东南侧': {'A': [0, 0, 1, 1, 1, 0, 1, 1, 1, 1], 'B': [0, 1, 1, 0, 0, 1, 1, 1, 1, 0], 'C': [1, 0, 0, 1, 0, 0, 0, 1, 1, 1], 'D': [0, 0, 1, 0, 0, 1, 0, 0, 0, 1], 'E': [0, 1, 0, 0, 0, 0, 0, 0, 0, 0], 'F': [1, 1, 1, 1, 1, 1, 1, 1, 0, 1]}, '橘园北侧南': {'A': [1, 0, 0, 0, 0, 1, 1, 0, 0, 1], 'B': [1, 1, 1, 1, 0, 1, 1, 1, 1, 1], 'C': [0, 1, 1, 1, 0, 1, 1, 0, 0, 0], 'D': [1, 0, 0, 1, 1, 1, 1, 0, 1, 0], 'E': [1, 1, 1, 1, 1, 1, 1, 0, 0, 1], 'F': [0, 0, 0, 1, 0, 0, 1, 0, 0, 0], 'G': [0, 0, 1, 1, 0, 1, 1, 0, 1, 0], 'H': [0, 1, 1, 1, 1, 0, 0, 0, 0, 1], 'I': [0, 1, 0, 0, 0, 0, 1, 0, 0, 0], 'J': [0, 0, 0, 0, 0, 0, 0, 0, 0, 1]}, '校医院西': {'A': [0, 1, 0, 0, 1, 0, 0, 1, 0, 1], 'B': [1, 1, 1, 0, 1, 0, 0, 1, 1, 1], 'C': [0, 1, 1, 0, 1, 0, 1, 1, 0, 1], 'D': [1, 1, 1, 0, 1, 1, 0, 0, 1, 1], 'E': [1, 0, 1, 1, 1, 1, 1, 0, 1, 1], 'F': [0, 0, 1, 1, 0, 1, 1, 1, 1, 1], 'G': [0, 0, 0, 0, 0, 1, 0, 0, 0, 0], 'H': [0, 0, 0, 0, 0, 0, 0, 0, 0, 0], 'I': [0, 0, 0, 0, 0, 0, 0, 0, 0, 0]}}
623817	2024-07-13 14:22:01.899000+08:00	2024-07-13 14:22:01.899000+08:00	{'东门北侧': {'A': [1, 1, 1, 1, 1, 0, 1, 0, 1, 1], 'B': [1, 1, 1, 1, 1, 1, 1, 1, 1, 1], 'C': [0, 1, 1, 0, 1, 1, 1, 1, 1, 0], 'D': [1, 1, 1, 1, 1, 0, 1, 1, 1, 0], 'E': [1, 1, 1, 1, 1, 1, 1, 1, 1, 1], 'F': [1, 1, 1, 1, 1, 1, 1, 1, 0, 1], 'G': [1, 1, 1, 1, 1, 1, 1, 1, 0, 0], 'H': [1, 1, 1, 1, 1, 1, 1, 1, 0, 0], 'I': [1, 0, 1, 1, 1, 1, 0, 1, 0, 1], 'J': [1, 1, 0, 0, 0, 1, 1, 1, 1, 1], 'K': [0, 0, 0, 1, 1, 1, 1, 1, 1, 1]}, '东门南侧': {'A': [0, 0, 0, 0, 0, 0, 1, 0, 0, 0], 'B': [0, 0, 0, 0, 0, 0, 0, 0, 0, 0]}, '西门北侧': {'A': [1, 1, 1, 1, 1, 1, 1, 0, 1, 1], 'B': [1, 1, 1, 1, 0, 1, 1, 0, 1, 0], 'C': [1, 1, 1, 1, 1, 1, 1, 1, 1, 0]}, '西门南侧': {'A': [1, 1, 1, 1, 1, 0, 0, 1, 1, 1], 'B': [1, 1, 1, 1, 1, 1, 1, 1, 1, 1], 'C': [1, 1, 0, 1, 0, 0, 1, 1, 1, 0]}, '南门西侧': {'A': [1, 1, 1, 1, 1, 1, 1, 1, 1, 1], 'B': [0, 0, 0, 0, 0, 0, 0, 0, 0, 0]}, '南门东侧': {'A': [1, 1, 1, 1, 1, 1, 1, 1, 0, 1], 'B': [0, 0, 1, 1, 1, 0, 1, 1, 1, 1]}, '北门东北侧': {'A': [1, 1, 1, 1, 1, 1, 1, 1, 1, 1], 'B': [0, 1, 1, 1, 1, 0, 0, 1, 0, 0], 'C': [0, 0, 1, 1, 1, 1, 0, 1, 1, 0], 'D': [0, 1, 1, 0, 1, 1, 1, 0, 1, 1]}, '北门东南侧': {'A': [0, 0, 1, 1, 1, 0, 1, 1, 1, 1], 'B': [0, 1, 1, 0, 0, 1, 1, 1, 1, 0], 'C': [1, 0, 0, 1, 0, 0, 0, 1, 1, 1], 'D': [0, 0, 1, 0, 0, 1, 0, 0, 0, 1], 'E': [0, 1, 0, 0, 0, 0, 0, 0, 0, 0], 'F': [1, 1, 1, 1, 1, 1, 1, 1, 0, 1]}, '橘园北侧南': {'A': [0, 0, 0, 0, 0, 1, 1, 0, 0, 1], 'B': [1, 1, 1, 1, 0, 1, 1, 1, 1, 1], 'C': [0, 1, 1, 1, 0, 1, 1, 0, 0, 0], 'D': [1, 0, 0, 1, 1, 1, 1, 0, 1, 0], 'E': [1, 1, 1, 1, 1, 1, 1, 0, 0, 1], 'F': [1, 0, 0, 1, 0, 1, 1, 0, 0, 0], 'G': [0, 0, 1, 1, 0, 1, 1, 0, 1, 0], 'H': [0, 1, 1, 1, 1, 0, 0, 0, 0, 1], 'I': [0, 1, 0, 0, 0, 0, 1, 0, 0, 0], 'J': [0, 0, 0, 0, 0, 0, 0, 0, 0, 1]}, '校医院西': {'A': [0, 1, 0, 0, 1, 0, 0, 1, 0, 1], 'B': [1, 1, 1, 0, 1, 0, 0, 1, 0, 1], 'C': [0, 1, 1, 0, 1, 0, 1, 1, 0, 1], 'D': [1, 1, 1, 0, 1, 1, 0, 0, 1, 1], 'E': [1, 0, 1, 1, 1, 1, 1, 0, 1, 1], 'F': [0, 0, 1, 1, 0, 1, 1, 1, 1, 1], 'G': [0, 0, 0, 0, 0, 1, 0, 0, 0, 0], 'H': [0, 0, 0, 0, 0, 0, 0, 0, 0, 0], 'I': [0, 0, 0, 0, 0, 0, 0, 0, 0, 0]}}
623818	2024-07-13 14:22:58.499000+08:00	2024-07-13 14:22:58.499000+08:00	{'东门北侧': {'A': [1, 1, 1, 1, 1, 0, 1, 0, 1, 1], 'B': [1, 1, 1, 1, 1, 1, 1, 1, 1, 1], 'C': [0, 1, 1, 0, 1, 1, 1, 1, 1, 0], 'D': [1, 1, 1, 1, 1, 0, 1, 1, 1, 0], 'E': [1, 1, 1, 1, 1, 1, 1, 1, 1, 1], 'F': [1, 1, 1, 1, 1, 1, 1, 1, 0, 1], 'G': [1, 1, 1, 1, 1, 1, 1, 1, 0, 0], 'H': [1, 1, 1, 1, 1, 1, 1, 1, 0, 0], 'I': [1, 0, 1, 1, 1, 1, 0, 1, 0, 1], 'J': [1, 1, 0, 0, 0, 1, 1, 1, 1, 1], 'K': [0, 0, 0, 1, 1, 1, 1, 1, 1, 1]}, '东门南侧': {'A': [0, 0, 0, 0, 0, 0, 1, 0, 0, 0], 'B': [0, 0, 0, 0, 0, 0, 0, 0, 0, 0]}, '西门北侧': {'A': [1, 1, 1, 1, 1, 1, 1, 0, 1, 1], 'B': [1, 1, 1, 1, 0, 1, 1, 0, 1, 0], 'C': [1, 1, 1, 1, 1, 1, 1, 1, 1, 0]}, '西门南侧': {'A': [1, 1, 1, 1, 1, 0, 0, 1, 1, 1], 'B': [1, 1, 1, 1, 1, 1, 1, 1, 1, 1], 'C': [1, 1, 0, 1, 0, 0, 1, 1, 1, 0]}, '南门西侧': {'A': [1, 1, 1, 1, 1, 1, 1, 1, 1, 1], 'B': [0, 0, 0, 0, 0, 0, 0, 0, 0, 0]}, '南门东侧': {'A': [1, 1, 1, 1, 1, 1, 1, 1, 0, 1], 'B': [0, 0, 1, 1, 1, 0, 1, 1, 1, 1]}, '北门东北侧': {'A': [1, 1, 1, 1, 1, 1, 1, 1, 1, 1], 'B': [0, 1, 1, 1, 1, 0, 0, 1, 0, 0], 'C': [0, 0, 1, 1, 1, 1, 0, 1, 1, 0], 'D': [0, 1, 1, 0, 1, 1, 1, 0, 1, 1]}, '北门东南侧': {'A': [0, 0, 1, 1, 1, 0, 1, 1, 1, 1], 'B': [0, 1, 1, 0, 0, 1, 1, 1, 1, 0], 'C': [1, 0, 0, 1, 0, 0, 0, 1, 1, 1], 'D': [0, 0, 1, 0, 0, 1, 0, 0, 0, 1], 'E': [0, 1, 0, 0, 0, 0, 0, 0, 0, 0], 'F': [1, 1, 1, 1, 1, 1, 1, 1, 0, 1]}, '橘园北侧南': {'A': [0, 0, 0, 0, 0, 1, 1, 0, 0, 1], 'B': [1, 1, 1, 1, 0, 1, 1, 1, 1, 1], 'C': [0, 1, 1, 1, 0, 1, 1, 0, 0, 0], 'D': [1, 0, 0, 1, 1, 1, 1, 0, 1, 0], 'E': [1, 1, 1, 1, 1, 1, 1, 0, 0, 1], 'F': [1, 0, 0, 1, 0, 0, 1, 0, 0, 0], 'G': [0, 0, 1, 1, 0, 1, 1, 0, 1, 0], 'H': [0, 1, 1, 1, 1, 0, 0, 0, 0, 1], 'I': [0, 1, 0, 0, 0, 0, 1, 0, 0, 0], 'J': [0, 0, 0, 0, 0, 0, 0, 0, 0, 1]}, '校医院西': {'A': [0, 1, 0, 0, 1, 0, 0, 1, 0, 1], 'B': [1, 1, 1, 0, 1, 0, 0, 1, 0, 1], 'C': [0, 1, 1, 0, 1, 0, 1, 1, 0, 1], 'D': [1, 1, 1, 0, 1, 1, 0, 0, 1, 1], 'E': [1, 0, 1, 1, 1, 1, 1, 0, 1, 1], 'F': [0, 0, 1, 1, 0, 1, 1, 1, 1, 1], 'G': [0, 0, 0, 0, 0, 1, 0, 0, 0, 0], 'H': [0, 0, 0, 0, 0, 0, 0, 0, 0, 0], 'I': [0, 0, 0, 0, 0, 0, 0, 0, 0, 0]}}
623819	2024-07-13 14:24:01.529000+08:00	2024-07-13 14:24:01.529000+08:00	{'东门北侧': {'A': [1, 1, 1, 1, 1, 0, 1, 0, 1, 1], 'B': [1, 1, 1, 1, 1, 1, 1, 1, 1, 1], 'C': [0, 1, 1, 0, 1, 1, 1, 1, 1, 0], 'D': [1, 1, 1, 1, 1, 0, 1, 1, 1, 0], 'E': [1, 1, 1, 1, 1, 1, 1, 1, 1, 1], 'F': [1, 1, 1, 1, 1, 1, 1, 1, 0, 1], 'G': [1, 1, 1, 1, 1, 1, 1, 1, 0, 0], 'H': [1, 1, 1, 1, 1, 1, 1, 1, 0, 0], 'I': [1, 0, 1, 1, 1, 1, 0, 1, 0, 1], 'J': [1, 1, 0, 0, 0, 1, 1, 1, 1, 1], 'K': [0, 0, 0, 1, 1, 1, 1, 1, 1, 1]}, '东门南侧': {'A': [0, 0, 0, 0, 0, 0, 1, 0, 0, 0], 'B': [0, 0, 0, 0, 0, 0, 0, 0, 0, 0]}, '西门北侧': {'A': [1, 1, 1, 1, 1, 1, 1, 0, 1, 1], 'B': [1, 1, 1, 1, 0, 1, 1, 0, 1, 0], 'C': [1, 1, 1, 1, 1, 1, 1, 1, 1, 0]}, '西门南侧': {'A': [1, 1, 1, 1, 1, 0, 0, 1, 1, 1], 'B': [1, 1, 1, 1, 1, 1, 1, 1, 1, 1], 'C': [1, 1, 0, 1, 0, 0, 1, 1, 1, 0]}, '南门西侧': {'A': [1, 1, 1, 1, 1, 1, 1, 1, 1, 1], 'B': [0, 0, 0, 0, 0, 0, 0, 0, 0, 0]}, '南门东侧': {'A': [1, 1, 1, 1, 1, 1, 1, 1, 0, 1], 'B': [0, 0, 1, 1, 1, 0, 1, 1, 1, 1]}, '北门东北侧': {'A': [1, 1, 1, 1, 1, 1, 1, 1, 1, 1], 'B': [0, 1, 1, 1, 1, 0, 0, 1, 0, 0], 'C': [0, 0, 1, 1, 1, 1, 0, 1, 1, 0], 'D': [0, 1, 1, 0, 1, 1, 1, 0, 1, 1]}, '北门东南侧': {'A': [0, 0, 1, 1, 1, 0, 1, 1, 1, 1], 'B': [0, 1, 1, 0, 0, 1, 1, 1, 1, 0], 'C': [1, 0, 0, 1, 0, 0, 0, 1, 1, 1], 'D': [0, 0, 1, 0, 0, 1, 0, 0, 0, 1], 'E': [0, 1, 0, 0, 0, 0, 0, 0, 0, 0], 'F': [1, 1, 1, 1, 1, 1, 1, 1, 0, 1]}, '橘园北侧南': {'A': [0, 0, 0, 0, 0, 1, 1, 0, 0, 1], 'B': [1, 1, 1, 1, 0, 1, 1, 1, 1, 1], 'C': [0, 1, 1, 1, 0, 1, 1, 0, 0, 0], 'D': [1, 0, 0, 1, 1, 1, 1, 0, 1, 0], 'E': [1, 1, 1, 1, 1, 1, 1, 0, 0, 1], 'F': [1, 0, 0, 1, 0, 0, 1, 0, 0, 0], 'G': [0, 0, 1, 1, 0, 1, 1, 0, 1, 0], 'H': [0, 1, 1, 1, 1, 0, 0, 0, 0, 1], 'I': [0, 1, 0, 0, 0, 0, 1, 0, 0, 0], 'J': [0, 0, 0, 0, 0, 0, 0, 0, 0, 1]}, '校医院西': {'A': [0, 1, 0, 0, 1, 0, 0, 1, 0, 1], 'B': [1, 1, 1, 0, 1, 0, 0, 1, 0, 1], 'C': [0, 1, 1, 0, 1, 0, 1, 1, 0, 1], 'D': [1, 1, 1, 0, 1, 1, 0, 0, 1, 1], 'E': [1, 0, 1, 1, 1, 1, 1, 0, 1, 1], 'F': [0, 0, 1, 1, 0, 1, 1, 1, 1, 1], 'G': [0, 0, 0, 0, 0, 1, 0, 0, 0, 0], 'H': [0, 0, 0, 0, 0, 0, 0, 0, 0, 0], 'I': [0, 0, 0, 0, 0, 0, 0, 0, 0, 0]}}
623820	2024-07-13 14:25:01.689000+08:00	2024-07-13 14:25:01.689000+08:00	{'东门北侧': {'A': [1, 1, 1, 1, 1, 0, 1, 0, 1, 1], 'B': [1, 1, 1, 1, 1, 1, 1, 1, 1, 1], 'C': [0, 1, 1, 0, 1, 1, 1, 1, 1, 0], 'D': [1, 1, 1, 1, 1, 0, 1, 1, 1, 0], 'E': [1, 1, 1, 1, 1, 1, 1, 1, 1, 1], 'F': [1, 1, 1, 1, 1, 1, 1, 1, 0, 1], 'G': [1, 1, 1, 1, 1, 1, 1, 1, 0, 0], 'H': [1, 1, 1, 1, 1, 1, 1, 1, 0, 0], 'I': [1, 0, 1, 1, 1, 1, 0, 1, 0, 1], 'J': [1, 1, 0, 0, 0, 1, 1, 1, 1, 1], 'K': [0, 0, 0, 1, 1, 1, 1, 1, 1, 1]}, '东门南侧': {'A': [0, 0, 0, 0, 0, 0, 1, 0, 0, 0], 'B': [0, 0, 0, 0, 0, 0, 0, 0, 0, 0]}, '西门北侧': {'A': [1, 1, 1, 1, 1, 1, 1, 0, 1, 1], 'B': [1, 1, 1, 1, 0, 1, 1, 0, 1, 0], 'C': [1, 1, 1, 1, 1, 1, 1, 1, 1, 0]}, '西门南侧': {'A': [1, 1, 1, 1, 1, 0, 0, 1, 1, 1], 'B': [1, 1, 1, 1, 1, 1, 1, 1, 1, 1], 'C': [1, 1, 0, 1, 0, 0, 1, 1, 1, 0]}, '南门西侧': {'A': [1, 1, 1, 1, 1, 1, 1, 1, 1, 1], 'B': [0, 0, 0, 0, 0, 0, 0, 0, 0, 0]}, '南门东侧': {'A': [1, 1, 1, 1, 1, 1, 1, 1, 0, 1], 'B': [0, 0, 1, 1, 1, 0, 1, 1, 1, 1]}, '北门东北侧': {'A': [1, 1, 1, 1, 1, 1, 1, 1, 1, 1], 'B': [0, 1, 1, 1, 1, 0, 0, 1, 0, 0], 'C': [0, 0, 1, 1, 1, 1, 0, 1, 1, 0], 'D': [0, 1, 1, 0, 1, 1, 1, 0, 1, 1]}, '北门东南侧': {'A': [0, 0, 1, 1, 1, 0, 1, 1, 1, 1], 'B': [0, 1, 1, 0, 0, 1, 1, 1, 1, 0], 'C': [1, 0, 0, 1, 0, 0, 0, 1, 1, 1], 'D': [0, 0, 1, 0, 0, 1, 0, 0, 0, 1], 'E': [0, 1, 0, 0, 0, 0, 0, 0, 0, 0], 'F': [1, 1, 1, 1, 1, 1, 1, 1, 0, 1]}, '橘园北侧南': {'A': [0, 0, 0, 0, 0, 1, 1, 0, 0, 1], 'B': [1, 1, 1, 1, 0, 1, 1, 1, 1, 1], 'C': [0, 1, 1, 1, 0, 1, 1, 0, 0, 1], 'D': [1, 0, 0, 1, 1, 1, 1, 0, 1, 0], 'E': [1, 1, 1, 1, 1, 1, 1, 0, 0, 1], 'F': [1, 0, 0, 1, 0, 0, 1, 0, 0, 0], 'G': [0, 0, 1, 1, 0, 1, 1, 0, 1, 0], 'H': [0, 1, 1, 1, 1, 0, 0, 0, 0, 1], 'I': [0, 1, 0, 0, 0, 0, 1, 0, 0, 0], 'J': [0, 0, 0, 0, 0, 0, 0, 0, 0, 1]}, '校医院西': {'A': [0, 1, 0, 0, 1, 0, 0, 1, 0, 1], 'B': [1, 1, 1, 0, 1, 0, 0, 1, 0, 1], 'C': [0, 1, 1, 0, 1, 0, 1, 1, 0, 1], 'D': [1, 1, 1, 0, 1, 1, 0, 0, 1, 1], 'E': [1, 0, 1, 1, 1, 1, 1, 0, 1, 1], 'F': [0, 0, 1, 1, 0, 1, 1, 1, 1, 1], 'G': [0, 0, 0, 0, 0, 1, 0, 0, 0, 0], 'H': [0, 0, 0, 0, 0, 0, 0, 0, 0, 0], 'I': [0, 0, 0, 0, 0, 0, 0, 0, 0, 0]}}
623821	2024-07-13 14:26:01.683000+08:00	2024-07-13 14:26:01.683000+08:00	{'东门北侧': {'A': [1, 1, 1, 1, 1, 0, 1, 0, 1, 1], 'B': [1, 1, 1, 1, 1, 1, 1, 1, 1, 1], 'C': [0, 1, 1, 0, 1, 1, 1, 1, 1, 0], 'D': [1, 1, 1, 1, 1, 0, 1, 1, 1, 0], 'E': [1, 1, 1, 1, 1, 1, 1, 1, 1, 1], 'F': [1, 1, 1, 1, 1, 1, 1, 1, 0, 1], 'G': [1, 1, 1, 1, 1, 1, 1, 1, 0, 0], 'H': [1, 1, 1, 1, 1, 1, 1, 1, 0, 0], 'I': [1, 0, 1, 1, 1, 1, 0, 1, 0, 1], 'J': [1, 1, 0, 0, 0, 1, 1, 1, 1, 1], 'K': [0, 0, 0, 1, 1, 1, 1, 1, 1, 1]}, '东门南侧': {'A': [0, 0, 0, 0, 0, 0, 1, 0, 0, 0], 'B': [0, 0, 0, 0, 0, 0, 0, 0, 0, 0]}, '西门北侧': {'A': [1, 1, 1, 1, 1, 1, 1, 0, 1, 1], 'B': [1, 1, 1, 1, 0, 1, 1, 0, 1, 0], 'C': [1, 1, 1, 1, 1, 1, 1, 1, 1, 0]}, '西门南侧': {'A': [1, 1, 1, 1, 1, 0, 0, 1, 1, 1], 'B': [1, 1, 1, 1, 1, 1, 1, 1, 1, 1], 'C': [1, 1, 0, 1, 0, 0, 1, 1, 1, 0]}, '南门西侧': {'A': [1, 1, 1, 1, 1, 1, 1, 1, 1, 1], 'B': [0, 0, 0, 0, 0, 0, 0, 0, 0, 0]}, '南门东侧': {'A': [1, 1, 1, 1, 1, 1, 1, 1, 0, 1], 'B': [0, 0, 1, 1, 1, 0, 1, 1, 1, 1]}, '北门东北侧': {'A': [1, 1, 1, 1, 1, 1, 1, 1, 1, 1], 'B': [0, 1, 1, 1, 1, 0, 0, 1, 0, 0], 'C': [0, 0, 1, 1, 1, 1, 0, 1, 1, 0], 'D': [0, 1, 1, 0, 1, 1, 1, 0, 1, 1]}, '北门东南侧': {'A': [0, 0, 1, 1, 1, 0, 1, 1, 1, 1], 'B': [0, 1, 1, 0, 0, 1, 1, 1, 1, 0], 'C': [1, 0, 0, 1, 0, 0, 0, 1, 1, 1], 'D': [0, 0, 1, 0, 0, 1, 0, 0, 0, 1], 'E': [0, 1, 0, 0, 0, 0, 0, 0, 0, 0], 'F': [1, 1, 1, 1, 1, 1, 1, 1, 0, 1]}, '橘园北侧南': {'A': [0, 0, 0, 0, 0, 1, 1, 0, 0, 1], 'B': [1, 1, 1, 1, 0, 1, 1, 1, 1, 1], 'C': [0, 1, 1, 1, 0, 1, 1, 0, 0, 1], 'D': [1, 0, 0, 1, 1, 1, 1, 0, 1, 0], 'E': [1, 1, 1, 1, 1, 1, 1, 0, 0, 1], 'F': [1, 0, 0, 1, 0, 1, 1, 0, 0, 0], 'G': [0, 0, 1, 1, 0, 1, 1, 0, 1, 0], 'H': [0, 1, 1, 1, 1, 0, 0, 0, 0, 1], 'I': [0, 1, 0, 0, 0, 0, 1, 0, 0, 0], 'J': [0, 0, 0, 0, 0, 0, 0, 0, 0, 1]}, '校医院西': {'A': [0, 1, 0, 0, 1, 0, 0, 1, 0, 1], 'B': [1, 1, 1, 0, 1, 0, 0, 1, 0, 1], 'C': [0, 1, 1, 0, 1, 0, 1, 1, 0, 1], 'D': [1, 1, 1, 0, 1, 1, 0, 0, 1, 1], 'E': [1, 0, 1, 1, 1, 1, 1, 0, 1, 1], 'F': [0, 0, 1, 1, 1, 1, 1, 1, 1, 1], 'G': [0, 0, 0, 0, 0, 1, 0, 0, 0, 0], 'H': [0, 0, 0, 0, 0, 0, 0, 0, 0, 0], 'I': [0, 0, 0, 0, 0, 0, 0, 0, 0, 0]}}
623822	2024-07-13 14:27:02.039000+08:00	2024-07-13 14:27:02.039000+08:00	{'东门北侧': {'A': [1, 1, 1, 1, 1, 0, 1, 0, 1, 1], 'B': [1, 1, 1, 1, 1, 1, 1, 1, 1, 1], 'C': [0, 1, 1, 0, 1, 1, 1, 1, 1, 0], 'D': [1, 1, 1, 1, 1, 0, 1, 1, 1, 0], 'E': [1, 1, 1, 1, 1, 1, 1, 1, 1, 1], 'F': [1, 1, 1, 1, 1, 1, 1, 1, 0, 1], 'G': [1, 1, 1, 1, 1, 1, 1, 1, 0, 0], 'H': [1, 1, 1, 1, 1, 1, 1, 1, 0, 0], 'I': [1, 0, 1, 1, 1, 1, 0, 1, 0, 1], 'J': [1, 1, 0, 0, 0, 1, 1, 1, 1, 1], 'K': [0, 0, 0, 1, 1, 1, 1, 1, 1, 1]}, '东门南侧': {'A': [0, 0, 0, 0, 0, 0, 1, 0, 0, 0], 'B': [0, 0, 0, 0, 0, 0, 0, 0, 0, 0]}, '西门北侧': {'A': [1, 1, 1, 1, 1, 1, 1, 0, 1, 1], 'B': [1, 1, 1, 1, 0, 1, 1, 0, 1, 0], 'C': [1, 1, 1, 1, 1, 1, 1, 1, 1, 0]}, '西门南侧': {'A': [1, 1, 1, 1, 1, 0, 0, 1, 1, 1], 'B': [1, 1, 1, 1, 1, 1, 1, 1, 1, 1], 'C': [1, 1, 0, 1, 0, 0, 1, 1, 1, 0]}, '南门西侧': {'A': [1, 1, 1, 1, 1, 1, 1, 1, 1, 1], 'B': [0, 0, 0, 0, 0, 0, 0, 0, 0, 0]}, '南门东侧': {'A': [1, 1, 1, 1, 1, 1, 1, 1, 0, 1], 'B': [0, 0, 1, 1, 1, 0, 1, 1, 1, 1]}, '北门东北侧': {'A': [1, 1, 1, 1, 1, 1, 1, 1, 1, 1], 'B': [0, 1, 1, 1, 1, 0, 0, 1, 0, 0], 'C': [0, 0, 1, 1, 1, 1, 0, 1, 1, 0], 'D': [0, 1, 1, 0, 1, 1, 1, 0, 1, 1]}, '北门东南侧': {'A': [0, 0, 1, 1, 1, 0, 1, 1, 1, 1], 'B': [0, 1, 1, 0, 0, 1, 1, 1, 1, 0], 'C': [1, 0, 0, 1, 0, 0, 0, 1, 1, 1], 'D': [0, 0, 1, 0, 0, 1, 0, 0, 0, 1], 'E': [0, 1, 0, 0, 0, 0, 0, 0, 0, 0], 'F': [1, 1, 1, 1, 1, 1, 1, 1, 0, 1]}, '橘园北侧南': {'A': [0, 0, 0, 0, 0, 1, 1, 0, 0, 1], 'B': [1, 1, 1, 1, 0, 1, 1, 1, 1, 1], 'C': [0, 1, 1, 1, 0, 1, 1, 0, 0, 1], 'D': [1, 0, 0, 1, 1, 1, 1, 0, 1, 0], 'E': [1, 1, 1, 1, 1, 1, 1, 0, 0, 1], 'F': [1, 0, 0, 1, 0, 1, 1, 0, 0, 0], 'G': [0, 0, 1, 1, 0, 1, 1, 0, 1, 0], 'H': [0, 1, 1, 1, 1, 0, 0, 0, 0, 1], 'I': [0, 1, 0, 0, 0, 0, 1, 0, 0, 0], 'J': [0, 0, 0, 0, 0, 0, 0, 0, 0, 1]}, '校医院西': {'A': [0, 1, 0, 0, 1, 0, 0, 1, 0, 1], 'B': [1, 1, 1, 0, 1, 0, 0, 1, 0, 1], 'C': [0, 1, 1, 0, 1, 0, 1, 1, 0, 1], 'D': [1, 1, 1, 0, 1, 1, 0, 0, 1, 1], 'E': [1, 0, 1, 1, 1, 1, 1, 0, 1, 1], 'F': [0, 0, 1, 1, 1, 1, 1, 1, 1, 1], 'G': [0, 0, 0, 0, 0, 1, 0, 0, 0, 0], 'H': [0, 0, 0, 0, 0, 0, 0, 0, 0, 0], 'I': [0, 0, 0, 0, 0, 0, 0, 0, 0, 0]}}
623823	2024-07-13 14:28:00.674000+08:00	2024-07-13 14:28:00.674000+08:00	{'东门北侧': {'A': [1, 1, 1, 1, 1, 0, 1, 0, 1, 1], 'B': [1, 1, 1, 1, 1, 1, 1, 1, 1, 1], 'C': [0, 1, 1, 0, 1, 1, 1, 1, 1, 0], 'D': [1, 1, 1, 1, 1, 0, 1, 1, 1, 0], 'E': [1, 1, 1, 1, 1, 1, 1, 1, 1, 1], 'F': [1, 1, 1, 1, 1, 1, 1, 1, 0, 1], 'G': [1, 1, 1, 1, 1, 1, 1, 1, 0, 0], 'H': [1, 1, 1, 1, 1, 1, 1, 1, 0, 0], 'I': [1, 0, 1, 1, 1, 1, 0, 1, 0, 1], 'J': [1, 1, 0, 0, 0, 1, 1, 1, 1, 1], 'K': [0, 0, 0, 1, 1, 1, 1, 1, 1, 1]}, '东门南侧': {'A': [0, 0, 0, 0, 0, 0, 1, 0, 0, 0], 'B': [0, 0, 0, 0, 0, 0, 0, 0, 0, 0]}, '西门北侧': {'A': [1, 1, 1, 1, 1, 1, 1, 0, 1, 1], 'B': [1, 1, 1, 1, 0, 1, 1, 0, 1, 0], 'C': [1, 1, 1, 1, 1, 1, 1, 1, 1, 0]}, '西门南侧': {'A': [1, 1, 1, 1, 1, 0, 0, 1, 1, 1], 'B': [1, 1, 1, 1, 1, 1, 1, 1, 1, 1], 'C': [1, 1, 0, 1, 0, 0, 1, 1, 1, 0]}, '南门西侧': {'A': [1, 1, 1, 1, 1, 1, 1, 1, 1, 1], 'B': [0, 0, 0, 0, 0, 0, 0, 0, 0, 0]}, '南门东侧': {'A': [1, 1, 1, 1, 1, 1, 1, 1, 0, 1], 'B': [0, 0, 1, 1, 1, 0, 1, 1, 1, 1]}, '北门东北侧': {'A': [1, 1, 1, 1, 1, 1, 1, 1, 1, 1], 'B': [0, 1, 1, 1, 1, 0, 0, 1, 0, 0], 'C': [0, 0, 1, 1, 1, 1, 0, 1, 1, 0], 'D': [0, 1, 1, 0, 1, 1, 1, 0, 1, 1]}, '北门东南侧': {'A': [0, 0, 1, 1, 1, 0, 1, 1, 1, 1], 'B': [0, 1, 1, 0, 0, 1, 1, 1, 1, 0], 'C': [1, 0, 0, 1, 0, 0, 0, 1, 1, 1], 'D': [0, 0, 1, 0, 0, 1, 0, 0, 0, 1], 'E': [0, 1, 0, 0, 0, 0, 0, 0, 0, 0], 'F': [1, 1, 1, 1, 1, 1, 1, 1, 0, 1]}, '橘园北侧南': {'A': [0, 0, 0, 0, 0, 1, 1, 0, 0, 1], 'B': [1, 1, 1, 1, 0, 1, 1, 1, 1, 1], 'C': [0, 1, 1, 1, 0, 1, 1, 0, 0, 1], 'D': [1, 0, 0, 1, 1, 1, 1, 0, 1, 0], 'E': [1, 1, 1, 1, 1, 1, 1, 0, 0, 1], 'F': [1, 0, 0, 1, 0, 1, 1, 0, 0, 0], 'G': [0, 0, 1, 1, 0, 1, 1, 0, 0, 0], 'H': [0, 1, 1, 1, 1, 0, 0, 0, 0, 1], 'I': [0, 1, 0, 0, 0, 0, 1, 0, 0, 0], 'J': [0, 0, 0, 0, 0, 0, 0, 0, 0, 1]}, '校医院西': {'A': [0, 1, 0, 0, 1, 0, 0, 1, 0, 1], 'B': [1, 1, 1, 0, 1, 0, 0, 1, 0, 1], 'C': [0, 1, 1, 0, 1, 0, 1, 1, 0, 1], 'D': [1, 1, 1, 0, 1, 1, 0, 0, 1, 1], 'E': [1, 0, 1, 1, 1, 1, 1, 0, 1, 1], 'F': [0, 0, 1, 1, 1, 1, 1, 1, 1, 1], 'G': [0, 0, 0, 0, 0, 1, 0, 0, 0, 1], 'H': [0, 0, 0, 0, 0, 0, 0, 0, 0, 0], 'I': [0, 0, 0, 0, 0, 0, 0, 0, 0, 0]}}
623824	2024-07-13 14:29:02.463000+08:00	2024-07-13 14:29:02.463000+08:00	{'东门北侧': {'A': [1, 1, 1, 1, 1, 0, 1, 0, 1, 1], 'B': [1, 1, 1, 1, 1, 1, 1, 1, 1, 1], 'C': [0, 1, 1, 0, 1, 1, 1, 1, 1, 0], 'D': [1, 1, 1, 1, 1, 0, 1, 1, 1, 0], 'E': [1, 1, 1, 1, 1, 1, 1, 1, 1, 1], 'F': [1, 1, 1, 1, 1, 1, 1, 1, 0, 1], 'G': [1, 1, 1, 1, 1, 1, 1, 1, 0, 0], 'H': [1, 1, 1, 1, 1, 1, 1, 1, 0, 0], 'I': [1, 0, 1, 1, 1, 1, 0, 1, 0, 1], 'J': [1, 1, 0, 0, 0, 1, 1, 1, 1, 1], 'K': [0, 0, 0, 1, 1, 1, 1, 1, 1, 1]}, '东门南侧': {'A': [0, 0, 0, 0, 0, 0, 1, 0, 0, 0], 'B': [0, 0, 0, 0, 0, 0, 0, 0, 0, 0]}, '西门北侧': {'A': [1, 1, 1, 1, 1, 1, 1, 0, 1, 1], 'B': [1, 1, 1, 1, 0, 1, 1, 0, 1, 0], 'C': [1, 1, 1, 1, 1, 1, 1, 1, 1, 0]}, '西门南侧': {'A': [1, 1, 1, 1, 1, 0, 0, 1, 1, 1], 'B': [1, 1, 1, 1, 1, 1, 1, 1, 1, 1], 'C': [1, 1, 0, 1, 0, 0, 1, 1, 1, 0]}, '南门西侧': {'A': [1, 1, 1, 1, 1, 1, 1, 1, 1, 1], 'B': [0, 0, 0, 0, 0, 0, 0, 0, 0, 0]}, '南门东侧': {'A': [1, 1, 1, 1, 1, 1, 1, 1, 0, 1], 'B': [0, 0, 1, 1, 1, 0, 1, 1, 1, 1]}, '北门东北侧': {'A': [1, 1, 1, 1, 1, 1, 1, 1, 1, 1], 'B': [0, 1, 1, 1, 1, 0, 0, 1, 0, 0], 'C': [0, 0, 1, 1, 1, 1, 0, 1, 1, 0], 'D': [0, 1, 1, 0, 1, 1, 1, 0, 1, 1]}, '北门东南侧': {'A': [0, 0, 1, 1, 1, 0, 1, 1, 1, 1], 'B': [0, 1, 1, 0, 0, 1, 1, 1, 1, 0], 'C': [1, 0, 0, 1, 0, 0, 0, 1, 1, 1], 'D': [0, 0, 1, 0, 0, 1, 0, 0, 0, 1], 'E': [0, 1, 0, 0, 0, 0, 0, 0, 0, 0], 'F': [1, 1, 1, 1, 1, 1, 1, 1, 0, 1]}, '橘园北侧南': {'A': [0, 0, 0, 0, 0, 1, 1, 0, 0, 1], 'B': [1, 1, 1, 1, 0, 1, 1, 1, 1, 1], 'C': [0, 1, 1, 1, 0, 1, 1, 0, 0, 1], 'D': [1, 0, 0, 1, 1, 1, 1, 0, 1, 0], 'E': [1, 1, 1, 1, 1, 1, 1, 0, 0, 1], 'F': [1, 0, 0, 1, 0, 1, 1, 0, 0, 0], 'G': [0, 0, 1, 1, 0, 1, 1, 0, 0, 0], 'H': [0, 1, 1, 1, 1, 0, 0, 0, 0, 1], 'I': [0, 1, 0, 0, 0, 0, 1, 0, 0, 0], 'J': [0, 0, 0, 0, 0, 0, 0, 0, 0, 1]}, '校医院西': {'A': [0, 1, 0, 0, 1, 0, 0, 1, 0, 1], 'B': [1, 1, 1, 0, 1, 0, 0, 1, 0, 1], 'C': [0, 1, 1, 0, 1, 0, 1, 1, 0, 1], 'D': [1, 1, 1, 0, 1, 1, 0, 0, 1, 1], 'E': [1, 0, 1, 1, 1, 1, 1, 0, 1, 1], 'F': [0, 0, 1, 1, 1, 1, 1, 1, 1, 1], 'G': [0, 0, 0, 0, 0, 1, 0, 0, 0, 1], 'H': [0, 1, 0, 0, 0, 0, 0, 0, 0, 0], 'I': [0, 0, 0, 0, 0, 0, 0, 0, 0, 0]}}
623825	2024-07-13 14:29:59.655000+08:00	2024-07-13 14:29:59.655000+08:00	{'东门北侧': {'A': [1, 1, 1, 1, 1, 0, 1, 0, 1, 1], 'B': [1, 1, 1, 1, 1, 1, 1, 1, 1, 1], 'C': [0, 1, 1, 0, 1, 1, 1, 1, 1, 0], 'D': [1, 1, 1, 1, 1, 0, 1, 1, 1, 0], 'E': [1, 1, 1, 1, 1, 1, 1, 1, 1, 1], 'F': [1, 1, 1, 1, 1, 1, 1, 1, 0, 1], 'G': [1, 1, 1, 1, 1, 1, 1, 1, 0, 0], 'H': [1, 1, 1, 1, 1, 1, 1, 1, 0, 0], 'I': [1, 0, 1, 1, 1, 1, 0, 1, 0, 1], 'J': [1, 1, 1, 0, 0, 1, 1, 1, 1, 1], 'K': [0, 0, 0, 1, 1, 1, 1, 1, 1, 1]}, '东门南侧': {'A': [0, 0, 0, 0, 0, 0, 1, 0, 0, 0], 'B': [0, 0, 0, 0, 0, 0, 0, 0, 0, 0]}, '西门北侧': {'A': [1, 1, 1, 1, 1, 1, 1, 0, 1, 1], 'B': [1, 1, 1, 1, 0, 1, 1, 0, 1, 0], 'C': [1, 1, 1, 1, 1, 1, 1, 1, 1, 0]}, '西门南侧': {'A': [1, 1, 1, 1, 1, 0, 0, 1, 1, 1], 'B': [1, 1, 1, 1, 1, 1, 1, 1, 1, 1], 'C': [1, 1, 0, 1, 0, 0, 1, 1, 1, 0]}, '南门西侧': {'A': [1, 1, 1, 1, 1, 1, 1, 1, 1, 1], 'B': [0, 0, 0, 0, 0, 0, 0, 0, 0, 0]}, '南门东侧': {'A': [1, 1, 1, 1, 1, 1, 1, 1, 0, 1], 'B': [0, 0, 1, 1, 1, 0, 1, 1, 1, 1]}, '北门东北侧': {'A': [1, 1, 1, 1, 1, 1, 1, 1, 1, 1], 'B': [0, 1, 1, 1, 1, 0, 0, 1, 0, 0], 'C': [0, 0, 1, 1, 1, 1, 0, 1, 1, 0], 'D': [0, 1, 1, 0, 1, 1, 1, 0, 1, 1]}, '北门东南侧': {'A': [0, 0, 1, 1, 1, 0, 1, 1, 1, 1], 'B': [0, 1, 1, 0, 0, 1, 1, 1, 1, 0], 'C': [1, 0, 0, 1, 0, 0, 0, 1, 1, 1], 'D': [0, 0, 1, 0, 0, 1, 0, 0, 0, 1], 'E': [0, 1, 0, 0, 0, 0, 0, 0, 0, 0], 'F': [1, 1, 1, 1, 1, 1, 1, 1, 0, 1]}, '橘园北侧南': {'A': [0, 0, 0, 0, 0, 1, 1, 0, 0, 1], 'B': [1, 1, 1, 1, 0, 1, 0, 1, 1, 1], 'C': [0, 1, 1, 1, 0, 1, 1, 0, 0, 1], 'D': [1, 0, 0, 1, 1, 1, 1, 0, 1, 0], 'E': [1, 1, 1, 1, 1, 1, 1, 0, 0, 1], 'F': [1, 0, 0, 1, 0, 1, 1, 0, 0, 0], 'G': [0, 0, 1, 1, 0, 1, 1, 0, 0, 0], 'H': [0, 1, 1, 1, 1, 0, 0, 0, 0, 1], 'I': [0, 1, 0, 0, 0, 0, 1, 0, 0, 0], 'J': [0, 0, 0, 0, 0, 0, 0, 0, 0, 1]}, '校医院西': {'A': [0, 1, 0, 0, 1, 0, 0, 1, 0, 1], 'B': [1, 1, 1, 0, 1, 0, 0, 1, 0, 1], 'C': [0, 1, 1, 0, 1, 0, 1, 1, 0, 1], 'D': [1, 1, 1, 0, 1, 1, 0, 0, 1, 1], 'E': [1, 0, 1, 1, 1, 1, 1, 0, 1, 1], 'F': [0, 0, 1, 1, 1, 1, 1, 1, 1, 1], 'G': [0, 0, 0, 0, 0, 1, 0, 0, 0, 1], 'H': [0, 1, 0, 0, 0, 0, 0, 0, 0, 0], 'I': [0, 0, 0, 0, 0, 0, 0, 0, 0, 0]}}
623826	2024-07-13 14:31:00.762000+08:00	2024-07-13 14:31:00.762000+08:00	{'东门北侧': {'A': [1, 1, 1, 1, 1, 0, 1, 0, 1, 1], 'B': [1, 1, 1, 1, 1, 1, 1, 1, 1, 1], 'C': [0, 1, 1, 0, 1, 1, 1, 1, 1, 0], 'D': [1, 1, 1, 1, 1, 0, 1, 1, 1, 0], 'E': [1, 1, 1, 1, 1, 1, 1, 1, 1, 1], 'F': [1, 1, 1, 1, 1, 1, 1, 1, 0, 1], 'G': [1, 1, 1, 1, 1, 1, 1, 1, 0, 0], 'H': [1, 1, 1, 1, 1, 1, 1, 1, 0, 0], 'I': [1, 0, 1, 1, 1, 1, 0, 1, 0, 1], 'J': [1, 1, 1, 0, 0, 1, 1, 1, 1, 1], 'K': [0, 0, 0, 1, 1, 1, 1, 1, 1, 1]}, '东门南侧': {'A': [0, 0, 0, 0, 0, 0, 1, 0, 0, 0], 'B': [0, 0, 0, 0, 0, 0, 0, 0, 0, 0]}, '西门北侧': {'A': [1, 1, 1, 1, 1, 1, 1, 0, 1, 1], 'B': [1, 1, 1, 1, 0, 1, 1, 0, 1, 0], 'C': [1, 1, 1, 1, 1, 1, 1, 1, 1, 0]}, '西门南侧': {'A': [1, 1, 1, 1, 1, 0, 0, 1, 1, 1], 'B': [1, 1, 1, 1, 1, 1, 1, 1, 1, 1], 'C': [1, 1, 0, 1, 0, 0, 1, 1, 1, 0]}, '南门西侧': {'A': [1, 1, 1, 1, 1, 1, 1, 1, 1, 1], 'B': [0, 0, 0, 0, 0, 0, 0, 0, 0, 0]}, '南门东侧': {'A': [1, 1, 1, 1, 1, 1, 1, 1, 0, 1], 'B': [0, 0, 1, 1, 1, 0, 1, 1, 1, 1]}, '北门东北侧': {'A': [1, 1, 1, 1, 1, 1, 1, 1, 1, 1], 'B': [0, 1, 1, 1, 1, 0, 0, 1, 0, 0], 'C': [0, 0, 1, 1, 1, 1, 0, 1, 1, 0], 'D': [0, 1, 1, 0, 1, 1, 1, 0, 1, 1]}, '北门东南侧': {'A': [0, 0, 1, 1, 1, 0, 1, 1, 1, 1], 'B': [0, 1, 1, 0, 0, 1, 1, 1, 1, 0], 'C': [1, 0, 0, 1, 0, 0, 0, 1, 1, 1], 'D': [0, 0, 1, 0, 0, 1, 0, 0, 0, 1], 'E': [0, 1, 0, 0, 0, 0, 0, 0, 0, 0], 'F': [1, 1, 1, 1, 1, 1, 1, 1, 0, 1]}, '橘园北侧南': {'A': [0, 0, 0, 0, 0, 1, 1, 0, 0, 1], 'B': [1, 1, 1, 1, 0, 1, 0, 1, 1, 1], 'C': [0, 1, 1, 1, 0, 1, 1, 0, 0, 1], 'D': [1, 0, 0, 1, 1, 1, 1, 0, 1, 0], 'E': [1, 1, 1, 1, 1, 1, 1, 0, 0, 1], 'F': [1, 0, 0, 1, 0, 0, 1, 0, 0, 0], 'G': [0, 0, 1, 1, 0, 1, 1, 0, 0, 0], 'H': [0, 1, 1, 1, 1, 0, 0, 0, 0, 1], 'I': [0, 1, 0, 0, 0, 0, 1, 0, 0, 0], 'J': [0, 0, 0, 0, 0, 0, 0, 0, 0, 1]}, '校医院西': {'A': [0, 1, 0, 0, 1, 0, 0, 1, 0, 1], 'B': [1, 1, 1, 0, 1, 0, 0, 1, 0, 1], 'C': [0, 1, 1, 0, 1, 0, 1, 1, 0, 1], 'D': [1, 1, 1, 0, 1, 1, 0, 0, 1, 1], 'E': [1, 0, 1, 1, 1, 1, 1, 0, 1, 1], 'F': [0, 0, 1, 1, 1, 1, 1, 1, 1, 1], 'G': [0, 0, 0, 0, 0, 1, 0, 0, 0, 1], 'H': [0, 1, 0, 0, 0, 0, 0, 0, 0, 0], 'I': [0, 0, 0, 0, 0, 0, 0, 0, 0, 0]}}
623827	2024-07-13 14:31:59.613000+08:00	2024-07-13 14:31:59.613000+08:00	{'东门北侧': {'A': [1, 1, 1, 1, 1, 0, 1, 0, 1, 1], 'B': [1, 1, 1, 1, 1, 1, 1, 1, 1, 1], 'C': [0, 1, 1, 0, 1, 1, 1, 1, 1, 0], 'D': [1, 1, 1, 1, 1, 0, 1, 1, 1, 0], 'E': [1, 1, 1, 1, 1, 1, 1, 1, 1, 1], 'F': [1, 1, 1, 1, 1, 1, 1, 1, 0, 1], 'G': [1, 1, 1, 1, 1, 1, 1, 1, 0, 0], 'H': [1, 1, 1, 1, 1, 1, 1, 1, 0, 0], 'I': [1, 0, 1, 1, 1, 1, 0, 1, 0, 1], 'J': [1, 1, 1, 0, 0, 1, 1, 1, 1, 1], 'K': [0, 0, 0, 1, 1, 1, 1, 1, 1, 1]}, '东门南侧': {'A': [0, 0, 0, 0, 0, 0, 1, 0, 0, 0], 'B': [0, 0, 0, 0, 0, 0, 0, 0, 0, 0]}, '西门北侧': {'A': [1, 1, 1, 1, 1, 1, 1, 0, 1, 1], 'B': [1, 1, 1, 1, 0, 1, 1, 0, 1, 0], 'C': [1, 1, 1, 1, 1, 1, 1, 1, 1, 0]}, '西门南侧': {'A': [1, 1, 1, 1, 1, 0, 0, 1, 1, 1], 'B': [1, 1, 1, 1, 1, 1, 1, 1, 1, 1], 'C': [1, 1, 0, 1, 0, 0, 1, 1, 1, 0]}, '南门西侧': {'A': [1, 1, 1, 1, 1, 1, 1, 1, 1, 1], 'B': [0, 0, 0, 0, 0, 0, 0, 0, 0, 0]}, '南门东侧': {'A': [1, 1, 1, 1, 1, 1, 1, 1, 0, 1], 'B': [0, 0, 1, 1, 1, 0, 1, 1, 1, 1]}, '北门东北侧': {'A': [1, 1, 1, 1, 1, 1, 1, 1, 1, 1], 'B': [0, 1, 1, 1, 1, 0, 0, 1, 0, 0], 'C': [0, 0, 1, 1, 1, 1, 0, 1, 1, 0], 'D': [0, 1, 1, 0, 1, 1, 1, 0, 1, 1]}, '北门东南侧': {'A': [0, 0, 1, 1, 1, 0, 1, 1, 1, 1], 'B': [0, 1, 1, 0, 0, 0, 1, 0, 1, 0], 'C': [1, 0, 0, 1, 0, 0, 0, 1, 1, 1], 'D': [0, 0, 1, 0, 0, 1, 0, 0, 0, 1], 'E': [0, 1, 0, 0, 0, 0, 0, 0, 0, 0], 'F': [1, 1, 1, 1, 1, 1, 1, 1, 0, 1]}, '橘园北侧南': {'A': [0, 0, 0, 0, 0, 1, 1, 0, 0, 1], 'B': [1, 1, 1, 1, 0, 1, 0, 1, 1, 1], 'C': [0, 1, 1, 1, 0, 1, 1, 0, 0, 1], 'D': [1, 0, 0, 1, 1, 1, 1, 0, 1, 0], 'E': [1, 1, 1, 1, 1, 1, 1, 0, 0, 1], 'F': [1, 0, 0, 1, 0, 0, 1, 0, 0, 0], 'G': [0, 0, 1, 1, 0, 1, 1, 0, 0, 0], 'H': [0, 1, 1, 1, 1, 0, 0, 0, 0, 1], 'I': [0, 1, 0, 0, 0, 0, 1, 0, 0, 0], 'J': [0, 0, 0, 0, 0, 0, 0, 0, 0, 1]}, '校医院西': {'A': [0, 1, 0, 0, 1, 0, 0, 1, 0, 1], 'B': [1, 1, 1, 0, 1, 0, 0, 1, 0, 1], 'C': [0, 1, 1, 0, 1, 0, 1, 1, 0, 1], 'D': [1, 1, 1, 0, 1, 1, 0, 0, 1, 1], 'E': [1, 0, 1, 1, 1, 1, 1, 0, 1, 1], 'F': [0, 0, 1, 1, 1, 1, 1, 1, 1, 1], 'G': [0, 0, 0, 0, 0, 1, 0, 0, 0, 1], 'H': [0, 1, 0, 0, 0, 0, 0, 0, 0, 0], 'I': [0, 0, 0, 0, 0, 0, 0, 0, 0, 0]}}
623828	2024-07-13 14:33:00.591000+08:00	2024-07-13 14:33:00.591000+08:00	{'东门北侧': {'A': [1, 1, 1, 1, 1, 0, 1, 0, 1, 1], 'B': [1, 1, 1, 1, 1, 1, 1, 1, 1, 1], 'C': [0, 1, 1, 0, 1, 1, 1, 1, 1, 0], 'D': [1, 1, 1, 1, 1, 0, 1, 1, 1, 0], 'E': [1, 1, 1, 1, 1, 1, 1, 1, 1, 1], 'F': [1, 1, 1, 1, 1, 1, 1, 1, 0, 1], 'G': [1, 1, 1, 1, 1, 1, 1, 1, 0, 0], 'H': [1, 1, 1, 1, 1, 1, 1, 1, 0, 0], 'I': [1, 0, 1, 1, 1, 1, 0, 1, 0, 1], 'J': [1, 1, 1, 0, 0, 1, 1, 1, 1, 1], 'K': [0, 0, 0, 1, 1, 1, 1, 1, 1, 1]}, '东门南侧': {'A': [0, 0, 0, 0, 0, 0, 1, 0, 0, 0], 'B': [0, 0, 0, 0, 0, 0, 0, 0, 0, 0]}, '西门北侧': {'A': [1, 1, 1, 1, 1, 1, 1, 0, 1, 1], 'B': [1, 1, 1, 1, 0, 1, 1, 0, 1, 0], 'C': [1, 1, 1, 1, 1, 1, 1, 1, 1, 0]}, '西门南侧': {'A': [1, 1, 1, 1, 1, 0, 0, 1, 1, 1], 'B': [1, 1, 1, 1, 1, 1, 1, 1, 1, 1], 'C': [1, 1, 0, 1, 0, 0, 1, 1, 1, 0]}, '南门西侧': {'A': [1, 1, 1, 1, 1, 1, 1, 1, 1, 1], 'B': [0, 0, 0, 0, 0, 0, 0, 0, 0, 0]}, '南门东侧': {'A': [1, 1, 1, 1, 1, 1, 1, 1, 0, 1], 'B': [0, 0, 1, 1, 1, 0, 1, 1, 1, 1]}, '北门东北侧': {'A': [1, 1, 1, 1, 1, 1, 1, 1, 1, 1], 'B': [0, 1, 1, 1, 1, 0, 0, 1, 0, 0], 'C': [0, 0, 1, 1, 1, 1, 0, 1, 1, 0], 'D': [0, 1, 1, 0, 1, 1, 1, 0, 1, 1]}, '北门东南侧': {'A': [0, 0, 1, 1, 1, 0, 1, 1, 1, 1], 'B': [0, 1, 1, 0, 0, 0, 1, 0, 1, 0], 'C': [1, 0, 0, 1, 0, 0, 0, 1, 1, 1], 'D': [0, 0, 1, 0, 0, 1, 0, 0, 0, 1], 'E': [0, 1, 0, 0, 0, 0, 0, 0, 0, 0], 'F': [1, 1, 1, 1, 1, 1, 1, 1, 0, 1]}, '橘园北侧南': {'A': [0, 0, 0, 0, 0, 1, 1, 0, 0, 1], 'B': [1, 1, 1, 1, 0, 1, 0, 1, 1, 1], 'C': [0, 1, 1, 1, 0, 1, 1, 0, 0, 1], 'D': [1, 0, 0, 1, 1, 1, 1, 0, 1, 0], 'E': [1, 1, 1, 1, 1, 1, 1, 0, 0, 1], 'F': [1, 0, 0, 1, 0, 0, 1, 0, 0, 0], 'G': [0, 0, 1, 1, 0, 1, 1, 0, 0, 0], 'H': [0, 1, 1, 1, 1, 0, 0, 0, 0, 1], 'I': [0, 1, 0, 0, 0, 0, 1, 0, 0, 0], 'J': [0, 0, 0, 0, 0, 0, 0, 0, 0, 1]}, '校医院西': {'A': [0, 1, 0, 0, 1, 0, 0, 1, 0, 1], 'B': [1, 1, 1, 0, 1, 0, 0, 1, 0, 1], 'C': [0, 1, 1, 0, 1, 0, 1, 1, 0, 1], 'D': [1, 1, 1, 0, 1, 1, 0, 0, 1, 1], 'E': [1, 0, 1, 1, 1, 1, 1, 0, 1, 1], 'F': [0, 0, 1, 1, 1, 1, 1, 1, 1, 1], 'G': [0, 0, 0, 0, 0, 1, 0, 0, 0, 1], 'H': [0, 1, 0, 0, 0, 0, 0, 0, 0, 0], 'I': [0, 0, 0, 0, 0, 0, 0, 0, 0, 0]}}
623829	2024-07-13 14:33:59.425000+08:00	2024-07-13 14:33:59.425000+08:00	{'东门北侧': {'A': [1, 1, 1, 1, 1, 0, 1, 0, 1, 1], 'B': [1, 1, 1, 1, 1, 1, 1, 1, 1, 1], 'C': [0, 1, 1, 0, 1, 1, 1, 1, 1, 0], 'D': [1, 1, 1, 1, 1, 0, 1, 1, 0, 0], 'E': [1, 1, 1, 1, 1, 1, 1, 1, 1, 1], 'F': [1, 1, 1, 1, 1, 1, 1, 1, 0, 1], 'G': [1, 1, 1, 1, 1, 1, 1, 1, 0, 0], 'H': [1, 1, 1, 1, 1, 1, 1, 1, 0, 0], 'I': [1, 0, 1, 1, 1, 1, 0, 1, 0, 1], 'J': [1, 1, 1, 0, 0, 1, 1, 1, 1, 1], 'K': [0, 0, 0, 1, 1, 1, 1, 1, 1, 1]}, '东门南侧': {'A': [0, 0, 0, 0, 0, 0, 1, 0, 0, 0], 'B': [0, 0, 0, 0, 0, 0, 0, 0, 0, 0]}, '西门北侧': {'A': [1, 1, 1, 1, 1, 1, 1, 0, 1, 1], 'B': [1, 1, 1, 1, 0, 1, 1, 0, 1, 0], 'C': [1, 1, 1, 1, 1, 1, 1, 1, 1, 0]}, '西门南侧': {'A': [1, 1, 1, 1, 1, 0, 0, 1, 1, 1], 'B': [1, 1, 1, 1, 1, 1, 1, 1, 1, 1], 'C': [1, 1, 0, 1, 0, 0, 1, 1, 1, 0]}, '南门西侧': {'A': [1, 1, 1, 1, 1, 1, 1, 1, 1, 1], 'B': [0, 0, 0, 0, 0, 0, 0, 0, 0, 0]}, '南门东侧': {'A': [1, 1, 1, 1, 1, 1, 1, 1, 0, 1], 'B': [0, 0, 1, 1, 1, 0, 1, 1, 1, 1]}, '北门东北侧': {'A': [1, 1, 1, 1, 1, 1, 1, 1, 1, 1], 'B': [0, 1, 1, 1, 1, 0, 0, 1, 0, 0], 'C': [0, 0, 1, 1, 1, 1, 0, 1, 1, 0], 'D': [0, 1, 1, 0, 1, 1, 1, 0, 1, 1]}, '北门东南侧': {'A': [0, 0, 1, 1, 1, 0, 1, 1, 1, 1], 'B': [0, 1, 1, 0, 0, 0, 1, 0, 1, 0], 'C': [1, 0, 0, 1, 0, 0, 0, 1, 1, 1], 'D': [0, 0, 1, 0, 0, 1, 0, 0, 0, 1], 'E': [0, 1, 0, 0, 0, 0, 0, 0, 0, 0], 'F': [1, 1, 1, 1, 1, 1, 1, 1, 0, 1]}, '橘园北侧南': {'A': [0, 0, 0, 0, 0, 1, 1, 0, 0, 1], 'B': [1, 1, 1, 1, 0, 1, 0, 1, 1, 1], 'C': [0, 1, 1, 1, 0, 1, 1, 0, 0, 1], 'D': [1, 0, 0, 1, 1, 1, 1, 0, 1, 0], 'E': [1, 1, 1, 1, 1, 1, 1, 0, 0, 1], 'F': [1, 0, 0, 1, 0, 0, 1, 0, 0, 0], 'G': [0, 0, 1, 1, 0, 1, 1, 0, 0, 0], 'H': [0, 1, 1, 1, 1, 0, 0, 0, 0, 1], 'I': [0, 1, 0, 0, 0, 0, 1, 0, 0, 0], 'J': [0, 0, 0, 0, 0, 0, 0, 0, 0, 1]}, '校医院西': {'A': [0, 1, 0, 0, 1, 0, 0, 1, 0, 1], 'B': [1, 1, 1, 0, 1, 0, 0, 1, 0, 1], 'C': [0, 1, 1, 0, 1, 0, 1, 1, 0, 1], 'D': [1, 1, 1, 0, 1, 1, 0, 0, 1, 1], 'E': [1, 0, 1, 1, 1, 1, 1, 0, 1, 1], 'F': [0, 0, 1, 1, 1, 1, 1, 1, 1, 1], 'G': [0, 0, 0, 0, 0, 1, 0, 0, 0, 1], 'H': [0, 1, 0, 0, 0, 0, 0, 0, 0, 0], 'I': [0, 0, 0, 0, 0, 0, 0, 0, 0, 0]}}
623830	2024-07-13 14:35:01.864000+08:00	2024-07-13 14:35:01.864000+08:00	{'东门北侧': {'A': [1, 1, 1, 1, 1, 0, 1, 0, 1, 1], 'B': [1, 1, 1, 1, 1, 1, 1, 1, 1, 1], 'C': [0, 1, 1, 0, 1, 1, 1, 1, 1, 0], 'D': [1, 1, 1, 1, 1, 0, 1, 1, 0, 0], 'E': [1, 1, 1, 1, 1, 1, 1, 1, 1, 1], 'F': [1, 1, 1, 1, 1, 1, 1, 1, 0, 1], 'G': [1, 1, 1, 1, 1, 1, 1, 1, 0, 0], 'H': [1, 1, 1, 1, 1, 1, 1, 1, 0, 0], 'I': [1, 0, 1, 1, 1, 1, 0, 1, 0, 1], 'J': [1, 1, 1, 0, 0, 1, 1, 1, 1, 1], 'K': [0, 0, 0, 1, 1, 1, 1, 1, 1, 1]}, '东门南侧': {'A': [0, 0, 0, 0, 0, 0, 1, 0, 0, 0], 'B': [0, 0, 0, 0, 0, 0, 0, 0, 0, 0]}, '西门北侧': {'A': [1, 1, 1, 1, 1, 1, 1, 0, 1, 1], 'B': [1, 1, 1, 1, 0, 1, 1, 0, 1, 0], 'C': [1, 1, 1, 1, 1, 1, 1, 1, 1, 0]}, '西门南侧': {'A': [1, 1, 1, 1, 1, 0, 0, 1, 1, 1], 'B': [1, 1, 1, 1, 1, 1, 1, 1, 1, 1], 'C': [1, 1, 0, 1, 0, 0, 1, 1, 1, 0]}, '南门西侧': {'A': [1, 1, 1, 1, 1, 1, 1, 1, 1, 1], 'B': [0, 0, 0, 0, 0, 0, 0, 0, 0, 0]}, '南门东侧': {'A': [1, 1, 1, 1, 1, 1, 1, 1, 0, 1], 'B': [0, 0, 1, 1, 1, 0, 1, 1, 1, 1]}, '北门东北侧': {'A': [1, 1, 1, 1, 1, 1, 1, 1, 1, 1], 'B': [0, 1, 1, 1, 1, 0, 0, 1, 0, 0], 'C': [0, 0, 1, 1, 1, 1, 0, 1, 1, 0], 'D': [0, 1, 1, 0, 1, 1, 1, 0, 1, 1]}, '北门东南侧': {'A': [0, 0, 1, 1, 1, 0, 1, 1, 1, 1], 'B': [0, 1, 1, 0, 0, 0, 1, 0, 1, 0], 'C': [1, 0, 0, 1, 0, 0, 0, 1, 1, 1], 'D': [0, 0, 1, 0, 0, 1, 0, 0, 0, 1], 'E': [0, 1, 0, 0, 0, 0, 0, 0, 0, 0], 'F': [1, 1, 1, 1, 1, 1, 1, 1, 0, 1]}, '橘园北侧南': {'A': [0, 0, 0, 0, 0, 1, 1, 0, 0, 1], 'B': [1, 1, 1, 1, 0, 1, 0, 1, 1, 1], 'C': [0, 1, 1, 1, 0, 1, 1, 0, 0, 1], 'D': [1, 0, 0, 1, 1, 1, 1, 0, 1, 0], 'E': [1, 1, 1, 1, 1, 1, 1, 0, 0, 1], 'F': [1, 0, 0, 1, 0, 0, 0, 0, 0, 0], 'G': [0, 0, 1, 1, 0, 1, 1, 0, 0, 0], 'H': [0, 1, 1, 1, 1, 0, 0, 0, 0, 1], 'I': [0, 1, 0, 0, 0, 0, 1, 0, 0, 0], 'J': [0, 0, 0, 0, 0, 0, 0, 0, 0, 1]}, '校医院西': {'A': [0, 1, 0, 0, 1, 0, 0, 1, 0, 1], 'B': [1, 1, 1, 0, 1, 0, 0, 1, 0, 1], 'C': [0, 1, 1, 0, 1, 0, 1, 1, 0, 1], 'D': [1, 1, 1, 0, 1, 1, 0, 0, 1, 1], 'E': [1, 0, 1, 1, 1, 1, 1, 0, 1, 1], 'F': [0, 0, 1, 1, 1, 1, 1, 1, 1, 1], 'G': [0, 0, 0, 0, 0, 1, 0, 0, 0, 1], 'H': [0, 0, 0, 0, 0, 0, 0, 0, 0, 0], 'I': [0, 0, 0, 0, 0, 0, 0, 0, 0, 0]}}
623831	2024-07-13 14:35:58.867000+08:00	2024-07-13 14:35:58.867000+08:00	{'东门北侧': {'A': [1, 1, 1, 1, 1, 0, 1, 0, 1, 1], 'B': [1, 1, 1, 1, 1, 1, 1, 1, 1, 1], 'C': [0, 1, 1, 0, 1, 1, 1, 1, 1, 0], 'D': [1, 1, 1, 1, 1, 0, 1, 1, 0, 0], 'E': [1, 1, 1, 1, 1, 1, 1, 1, 1, 1], 'F': [1, 1, 1, 1, 1, 1, 1, 1, 0, 1], 'G': [1, 1, 1, 1, 1, 1, 1, 1, 0, 0], 'H': [1, 1, 1, 1, 1, 1, 1, 1, 0, 0], 'I': [1, 0, 1, 1, 1, 1, 0, 1, 0, 1], 'J': [1, 1, 1, 0, 0, 1, 1, 1, 1, 1], 'K': [0, 0, 0, 1, 1, 1, 1, 1, 1, 1]}, '东门南侧': {'A': [0, 0, 0, 0, 0, 0, 1, 0, 0, 0], 'B': [0, 0, 0, 0, 0, 0, 0, 0, 0, 0]}, '西门北侧': {'A': [1, 1, 1, 1, 1, 1, 1, 0, 1, 1], 'B': [1, 1, 1, 1, 0, 1, 1, 0, 1, 0], 'C': [1, 1, 1, 1, 1, 1, 1, 1, 1, 0]}, '西门南侧': {'A': [1, 1, 1, 1, 1, 0, 0, 1, 1, 1], 'B': [1, 1, 1, 1, 1, 1, 1, 1, 1, 1], 'C': [1, 1, 0, 1, 0, 0, 1, 1, 1, 0]}, '南门西侧': {'A': [1, 1, 1, 1, 1, 1, 1, 1, 1, 1], 'B': [0, 0, 0, 0, 0, 0, 0, 0, 0, 0]}, '南门东侧': {'A': [1, 1, 1, 1, 1, 1, 1, 1, 0, 1], 'B': [0, 0, 1, 1, 1, 0, 1, 1, 1, 1]}, '北门东北侧': {'A': [1, 1, 1, 1, 1, 1, 1, 1, 1, 1], 'B': [0, 1, 1, 1, 1, 0, 0, 1, 0, 0], 'C': [0, 0, 1, 1, 1, 1, 0, 1, 1, 0], 'D': [0, 1, 1, 0, 1, 1, 1, 0, 1, 1]}, '北门东南侧': {'A': [0, 0, 1, 1, 1, 0, 1, 1, 1, 1], 'B': [0, 1, 1, 0, 0, 0, 1, 0, 1, 0], 'C': [1, 0, 0, 1, 0, 0, 0, 1, 1, 1], 'D': [0, 0, 1, 0, 0, 1, 0, 0, 0, 1], 'E': [0, 1, 0, 0, 0, 0, 0, 0, 0, 0], 'F': [1, 1, 1, 1, 1, 1, 1, 1, 0, 1]}, '橘园北侧南': {'A': [0, 0, 0, 0, 0, 1, 1, 0, 0, 1], 'B': [1, 1, 1, 1, 0, 1, 0, 1, 1, 1], 'C': [0, 1, 1, 1, 0, 1, 1, 0, 0, 1], 'D': [1, 0, 0, 1, 1, 1, 1, 0, 1, 0], 'E': [1, 1, 1, 1, 1, 1, 1, 0, 0, 1], 'F': [1, 0, 0, 1, 0, 0, 0, 0, 0, 0], 'G': [0, 0, 1, 1, 0, 1, 1, 0, 0, 0], 'H': [0, 1, 1, 1, 1, 0, 0, 0, 0, 1], 'I': [0, 1, 0, 0, 0, 0, 1, 0, 0, 0], 'J': [0, 0, 0, 0, 0, 0, 0, 0, 0, 1]}, '校医院西': {'A': [0, 1, 0, 0, 1, 0, 0, 1, 0, 1], 'B': [1, 1, 1, 0, 1, 0, 0, 1, 0, 1], 'C': [0, 1, 1, 0, 1, 0, 1, 1, 0, 1], 'D': [1, 1, 1, 0, 1, 1, 0, 0, 1, 1], 'E': [1, 0, 1, 1, 1, 1, 1, 0, 1, 1], 'F': [0, 0, 1, 1, 1, 1, 1, 1, 1, 1], 'G': [0, 0, 0, 0, 0, 1, 0, 0, 0, 1], 'H': [0, 0, 0, 0, 0, 0, 0, 0, 0, 0], 'I': [0, 0, 0, 0, 0, 0, 0, 0, 0, 0]}}
623832	2024-07-13 14:37:00.415000+08:00	2024-07-13 14:37:00.415000+08:00	{'东门北侧': {'A': [1, 1, 1, 1, 1, 0, 1, 0, 1, 1], 'B': [1, 1, 1, 1, 1, 1, 1, 1, 1, 1], 'C': [0, 1, 1, 0, 1, 1, 1, 1, 1, 0], 'D': [1, 1, 1, 1, 1, 0, 1, 1, 0, 0], 'E': [1, 1, 1, 1, 1, 1, 1, 1, 1, 1], 'F': [1, 1, 1, 1, 1, 1, 1, 1, 0, 1], 'G': [1, 1, 1, 1, 1, 1, 1, 1, 0, 0], 'H': [1, 1, 1, 1, 1, 1, 1, 1, 0, 0], 'I': [1, 0, 1, 1, 1, 1, 0, 1, 0, 1], 'J': [1, 1, 1, 0, 0, 1, 1, 1, 1, 1], 'K': [0, 0, 0, 1, 1, 1, 1, 1, 1, 1]}, '东门南侧': {'A': [0, 0, 0, 0, 0, 0, 1, 0, 0, 0], 'B': [0, 0, 0, 0, 0, 0, 0, 0, 0, 0]}, '西门北侧': {'A': [1, 1, 1, 1, 1, 1, 1, 0, 1, 1], 'B': [1, 1, 1, 1, 0, 1, 1, 0, 1, 0], 'C': [1, 1, 1, 1, 1, 1, 1, 1, 1, 0]}, '西门南侧': {'A': [1, 1, 1, 1, 1, 0, 0, 1, 1, 1], 'B': [1, 1, 1, 1, 1, 1, 1, 1, 1, 1], 'C': [1, 1, 0, 1, 0, 0, 1, 1, 1, 0]}, '南门西侧': {'A': [1, 1, 1, 1, 1, 1, 1, 1, 1, 1], 'B': [0, 0, 0, 0, 0, 0, 0, 0, 0, 0]}, '南门东侧': {'A': [1, 1, 1, 1, 1, 1, 1, 1, 0, 1], 'B': [0, 0, 1, 1, 1, 0, 1, 1, 1, 1]}, '北门东北侧': {'A': [1, 1, 1, 1, 1, 1, 1, 1, 1, 1], 'B': [0, 1, 1, 1, 1, 0, 0, 1, 0, 0], 'C': [0, 0, 1, 1, 1, 1, 0, 1, 1, 0], 'D': [0, 1, 1, 0, 1, 1, 1, 0, 1, 1]}, '北门东南侧': {'A': [0, 0, 1, 1, 1, 0, 1, 1, 1, 1], 'B': [0, 1, 1, 0, 0, 0, 1, 0, 1, 0], 'C': [1, 0, 0, 1, 0, 0, 0, 1, 1, 1], 'D': [0, 0, 1, 0, 0, 1, 0, 0, 0, 1], 'E': [0, 1, 0, 0, 0, 0, 0, 0, 0, 0], 'F': [1, 1, 1, 1, 1, 1, 1, 1, 0, 1]}, '橘园北侧南': {'A': [0, 0, 0, 0, 0, 1, 1, 0, 0, 1], 'B': [1, 1, 1, 1, 0, 1, 0, 1, 1, 1], 'C': [0, 1, 1, 1, 0, 1, 1, 1, 0, 1], 'D': [1, 0, 0, 1, 1, 1, 1, 0, 1, 0], 'E': [1, 1, 1, 1, 1, 1, 1, 0, 0, 1], 'F': [1, 0, 0, 1, 0, 0, 0, 0, 0, 0], 'G': [0, 0, 1, 1, 0, 1, 1, 0, 0, 0], 'H': [0, 1, 1, 1, 1, 0, 0, 0, 0, 1], 'I': [0, 1, 0, 0, 0, 0, 1, 0, 0, 0], 'J': [0, 0, 0, 0, 0, 0, 0, 0, 0, 1]}, '校医院西': {'A': [0, 1, 0, 0, 1, 0, 0, 1, 0, 1], 'B': [1, 1, 1, 0, 1, 0, 0, 1, 0, 1], 'C': [0, 1, 1, 0, 1, 0, 1, 1, 0, 1], 'D': [1, 1, 1, 0, 1, 1, 0, 0, 1, 1], 'E': [1, 0, 1, 1, 1, 1, 1, 0, 1, 1], 'F': [0, 0, 1, 1, 1, 1, 1, 1, 1, 1], 'G': [0, 0, 0, 0, 0, 1, 0, 0, 0, 0], 'H': [0, 0, 0, 0, 0, 0, 0, 0, 0, 0], 'I': [0, 0, 0, 0, 0, 0, 0, 0, 0, 0]}}
623833	2024-07-13 14:37:58.408000+08:00	2024-07-13 14:37:58.408000+08:00	{'东门北侧': {'A': [1, 1, 1, 1, 1, 0, 1, 0, 1, 1], 'B': [1, 1, 1, 1, 1, 1, 1, 1, 1, 1], 'C': [0, 1, 1, 0, 1, 1, 1, 1, 1, 0], 'D': [1, 1, 1, 1, 1, 0, 1, 1, 0, 0], 'E': [1, 1, 1, 1, 1, 1, 1, 1, 1, 1], 'F': [1, 1, 1, 1, 1, 1, 1, 1, 0, 1], 'G': [1, 1, 1, 1, 1, 1, 1, 1, 0, 0], 'H': [1, 1, 1, 1, 1, 1, 1, 1, 0, 0], 'I': [1, 0, 1, 1, 1, 1, 0, 1, 0, 1], 'J': [1, 1, 1, 1, 0, 1, 1, 1, 1, 1], 'K': [0, 0, 0, 1, 1, 1, 1, 1, 1, 1]}, '东门南侧': {'A': [0, 0, 0, 0, 0, 0, 1, 0, 0, 0], 'B': [0, 0, 0, 0, 0, 0, 0, 0, 0, 0]}, '西门北侧': {'A': [1, 1, 1, 1, 1, 1, 1, 0, 1, 1], 'B': [1, 1, 1, 1, 0, 1, 1, 0, 1, 0], 'C': [1, 1, 1, 1, 1, 1, 1, 1, 1, 0]}, '西门南侧': {'A': [1, 1, 1, 1, 1, 0, 0, 1, 1, 1], 'B': [1, 1, 1, 1, 1, 1, 1, 1, 1, 1], 'C': [1, 1, 0, 1, 0, 0, 1, 1, 1, 0]}, '南门西侧': {'A': [1, 1, 1, 1, 1, 1, 1, 1, 1, 1], 'B': [0, 0, 0, 0, 0, 0, 0, 0, 0, 0]}, '南门东侧': {'A': [1, 1, 1, 1, 1, 1, 1, 1, 0, 1], 'B': [0, 0, 1, 1, 1, 0, 1, 1, 1, 1]}, '北门东北侧': {'A': [1, 1, 1, 1, 1, 1, 1, 1, 1, 1], 'B': [0, 1, 1, 1, 1, 0, 0, 1, 0, 0], 'C': [0, 0, 1, 1, 1, 1, 0, 1, 1, 0], 'D': [0, 1, 1, 0, 1, 1, 1, 0, 1, 1]}, '北门东南侧': {'A': [0, 0, 1, 1, 1, 0, 1, 1, 1, 1], 'B': [0, 1, 1, 0, 0, 0, 1, 0, 1, 0], 'C': [1, 0, 0, 1, 0, 0, 0, 1, 1, 1], 'D': [0, 0, 1, 0, 0, 1, 0, 0, 0, 1], 'E': [0, 1, 0, 0, 0, 0, 0, 0, 0, 0], 'F': [1, 1, 1, 1, 1, 1, 1, 1, 0, 1]}, '橘园北侧南': {'A': [0, 0, 0, 0, 0, 1, 1, 0, 0, 1], 'B': [1, 1, 1, 1, 0, 1, 0, 1, 1, 1], 'C': [0, 1, 1, 1, 0, 1, 1, 1, 0, 1], 'D': [1, 0, 0, 1, 1, 1, 1, 0, 1, 0], 'E': [1, 1, 1, 1, 1, 1, 1, 0, 0, 1], 'F': [1, 0, 0, 1, 0, 0, 1, 0, 0, 0], 'G': [0, 0, 1, 1, 0, 1, 1, 0, 0, 0], 'H': [0, 1, 1, 1, 1, 0, 0, 0, 0, 1], 'I': [0, 1, 0, 0, 0, 0, 1, 0, 0, 0], 'J': [0, 0, 0, 0, 0, 0, 0, 0, 0, 1]}, '校医院西': {'A': [0, 1, 0, 0, 1, 0, 0, 1, 0, 1], 'B': [1, 1, 1, 0, 1, 0, 0, 1, 0, 1], 'C': [0, 1, 1, 0, 1, 0, 1, 1, 0, 1], 'D': [1, 1, 1, 0, 1, 1, 0, 0, 1, 1], 'E': [1, 0, 1, 1, 1, 1, 1, 0, 1, 1], 'F': [0, 0, 1, 1, 1, 1, 1, 1, 1, 1], 'G': [0, 0, 0, 0, 0, 1, 0, 0, 0, 0], 'H': [0, 0, 0, 0, 0, 0, 0, 0, 0, 0], 'I': [0, 0, 0, 0, 0, 0, 0, 0, 0, 0]}}
623834	2024-07-13 14:38:58.463000+08:00	2024-07-13 14:38:58.463000+08:00	{'东门北侧': {'A': [1, 1, 1, 1, 1, 0, 1, 0, 1, 1], 'B': [1, 1, 1, 1, 1, 1, 1, 1, 1, 1], 'C': [0, 1, 1, 0, 1, 1, 1, 1, 1, 0], 'D': [1, 1, 1, 1, 1, 0, 1, 1, 0, 0], 'E': [1, 1, 1, 1, 1, 1, 1, 1, 1, 1], 'F': [1, 1, 1, 1, 1, 1, 1, 1, 0, 1], 'G': [1, 1, 1, 1, 1, 1, 1, 1, 0, 0], 'H': [1, 1, 1, 1, 1, 1, 1, 1, 0, 0], 'I': [1, 0, 1, 1, 1, 1, 0, 1, 0, 1], 'J': [1, 1, 1, 1, 0, 1, 1, 1, 1, 1], 'K': [0, 0, 0, 1, 1, 1, 1, 1, 1, 1]}, '东门南侧': {'A': [0, 0, 0, 0, 0, 0, 1, 0, 0, 0], 'B': [0, 0, 0, 0, 0, 0, 0, 0, 0, 0]}, '西门北侧': {'A': [1, 1, 1, 1, 1, 1, 1, 0, 1, 1], 'B': [1, 1, 1, 1, 0, 1, 1, 0, 1, 0], 'C': [1, 1, 1, 1, 1, 1, 1, 1, 1, 0]}, '西门南侧': {'A': [1, 1, 1, 1, 1, 0, 0, 1, 1, 1], 'B': [1, 1, 1, 1, 1, 1, 1, 1, 1, 1], 'C': [1, 1, 0, 1, 0, 0, 1, 1, 1, 0]}, '南门西侧': {'A': [1, 1, 1, 1, 1, 1, 1, 1, 1, 1], 'B': [0, 0, 0, 0, 0, 0, 0, 0, 0, 0]}, '南门东侧': {'A': [1, 1, 0, 1, 1, 1, 1, 1, 0, 1], 'B': [0, 0, 1, 1, 1, 0, 1, 1, 1, 1]}, '北门东北侧': {'A': [1, 1, 1, 1, 1, 1, 1, 1, 1, 1], 'B': [0, 1, 1, 1, 1, 0, 0, 1, 0, 0], 'C': [0, 0, 1, 1, 1, 1, 0, 1, 1, 0], 'D': [0, 1, 1, 0, 1, 1, 1, 0, 1, 1]}, '北门东南侧': {'A': [0, 0, 1, 1, 1, 0, 1, 1, 1, 1], 'B': [0, 1, 1, 0, 0, 0, 1, 0, 1, 0], 'C': [1, 0, 0, 1, 0, 0, 0, 1, 1, 1], 'D': [0, 0, 1, 0, 0, 1, 0, 0, 0, 1], 'E': [0, 1, 0, 0, 0, 0, 0, 0, 0, 0], 'F': [1, 1, 1, 1, 1, 1, 1, 1, 0, 1]}, '橘园北侧南': {'A': [0, 0, 0, 0, 0, 1, 1, 0, 0, 1], 'B': [1, 1, 1, 1, 0, 1, 0, 1, 1, 1], 'C': [0, 1, 1, 1, 0, 1, 1, 1, 0, 1], 'D': [1, 0, 0, 1, 1, 1, 1, 0, 1, 0], 'E': [1, 1, 1, 1, 1, 1, 1, 0, 0, 1], 'F': [1, 0, 0, 1, 0, 0, 1, 0, 0, 0], 'G': [0, 0, 1, 1, 0, 1, 1, 0, 0, 0], 'H': [0, 1, 1, 1, 1, 0, 0, 0, 0, 1], 'I': [0, 1, 0, 0, 0, 0, 1, 0, 0, 0], 'J': [0, 0, 0, 0, 0, 0, 0, 0, 0, 1]}, '校医院西': {'A': [0, 1, 0, 0, 1, 0, 0, 1, 0, 1], 'B': [1, 1, 1, 0, 1, 0, 0, 1, 0, 1], 'C': [0, 1, 1, 0, 1, 0, 1, 1, 0, 1], 'D': [1, 1, 1, 0, 1, 1, 0, 0, 1, 1], 'E': [1, 0, 1, 1, 1, 1, 1, 0, 1, 1], 'F': [0, 0, 1, 1, 1, 1, 1, 1, 1, 1], 'G': [0, 0, 0, 0, 0, 1, 0, 0, 0, 0], 'H': [0, 0, 0, 0, 0, 0, 0, 0, 0, 0], 'I': [0, 0, 0, 0, 0, 0, 0, 0, 0, 0]}}
623835	2024-07-13 14:40:00.615000+08:00	2024-07-13 14:40:00.615000+08:00	{'东门北侧': {'A': [1, 1, 1, 1, 1, 0, 1, 0, 1, 1], 'B': [1, 1, 1, 1, 1, 1, 1, 1, 1, 1], 'C': [0, 1, 1, 0, 1, 1, 1, 1, 1, 0], 'D': [1, 1, 1, 1, 1, 0, 1, 1, 0, 0], 'E': [1, 1, 1, 1, 1, 1, 1, 1, 1, 1], 'F': [1, 1, 1, 1, 1, 1, 1, 1, 0, 1], 'G': [1, 1, 1, 1, 1, 1, 1, 1, 0, 0], 'H': [1, 1, 1, 1, 1, 1, 1, 1, 0, 0], 'I': [1, 0, 1, 1, 1, 1, 0, 1, 0, 1], 'J': [1, 1, 1, 1, 0, 1, 1, 1, 1, 1], 'K': [0, 0, 0, 1, 1, 1, 1, 1, 1, 1]}, '东门南侧': {'A': [0, 0, 0, 0, 0, 0, 1, 0, 0, 0], 'B': [0, 0, 0, 0, 0, 0, 0, 0, 0, 0]}, '西门北侧': {'A': [1, 1, 1, 1, 1, 1, 1, 0, 1, 1], 'B': [1, 1, 1, 1, 0, 1, 1, 0, 1, 0], 'C': [1, 1, 1, 1, 1, 1, 1, 1, 1, 0]}, '西门南侧': {'A': [1, 1, 1, 1, 1, 0, 0, 1, 1, 1], 'B': [1, 1, 1, 1, 1, 1, 1, 1, 1, 1], 'C': [1, 1, 0, 1, 0, 0, 1, 1, 1, 0]}, '南门西侧': {'A': [1, 1, 1, 1, 1, 1, 1, 1, 1, 1], 'B': [0, 0, 0, 0, 0, 0, 0, 0, 0, 0]}, '南门东侧': {'A': [1, 1, 0, 1, 1, 1, 1, 1, 0, 1], 'B': [0, 0, 1, 1, 1, 0, 1, 1, 1, 1]}, '北门东北侧': {'A': [1, 1, 1, 1, 1, 1, 1, 1, 1, 1], 'B': [0, 1, 1, 1, 1, 0, 0, 1, 0, 0], 'C': [0, 0, 1, 1, 1, 1, 0, 1, 1, 0], 'D': [0, 1, 1, 0, 1, 1, 1, 0, 1, 1]}, '北门东南侧': {'A': [0, 0, 1, 1, 1, 0, 1, 1, 1, 1], 'B': [0, 1, 1, 0, 0, 0, 1, 0, 1, 0], 'C': [1, 0, 0, 1, 0, 0, 0, 1, 1, 1], 'D': [0, 0, 1, 0, 0, 1, 0, 0, 0, 1], 'E': [0, 1, 0, 0, 0, 0, 0, 0, 0, 0], 'F': [1, 1, 1, 1, 1, 1, 1, 1, 0, 1]}, '橘园北侧南': {'A': [0, 0, 0, 0, 0, 1, 1, 0, 0, 1], 'B': [1, 1, 1, 1, 0, 1, 0, 1, 1, 1], 'C': [0, 1, 1, 1, 0, 1, 1, 1, 0, 1], 'D': [1, 0, 0, 1, 1, 1, 1, 0, 1, 0], 'E': [1, 1, 1, 1, 1, 1, 1, 0, 0, 1], 'F': [1, 0, 0, 1, 0, 0, 1, 0, 0, 0], 'G': [0, 0, 1, 1, 0, 1, 1, 0, 0, 0], 'H': [0, 1, 1, 1, 1, 0, 0, 0, 0, 1], 'I': [0, 1, 0, 0, 0, 0, 1, 0, 0, 0], 'J': [0, 0, 0, 0, 0, 0, 0, 0, 0, 1]}, '校医院西': {'A': [0, 1, 0, 0, 1, 0, 0, 1, 0, 1], 'B': [1, 1, 1, 0, 1, 0, 0, 1, 0, 1], 'C': [0, 1, 1, 0, 1, 0, 1, 1, 0, 1], 'D': [1, 1, 1, 0, 1, 1, 0, 0, 1, 1], 'E': [1, 0, 1, 1, 1, 1, 1, 0, 1, 1], 'F': [0, 0, 1, 1, 1, 1, 1, 1, 1, 1], 'G': [0, 0, 0, 0, 0, 1, 0, 0, 0, 0], 'H': [0, 0, 0, 0, 0, 0, 0, 0, 0, 0], 'I': [0, 0, 0, 0, 0, 0, 0, 0, 0, 0]}}
623836	2024-07-13 14:40:59.464000+08:00	2024-07-13 14:40:59.464000+08:00	{'东门北侧': {'A': [1, 1, 1, 1, 1, 0, 1, 0, 1, 1], 'B': [1, 1, 1, 1, 1, 1, 1, 1, 1, 1], 'C': [0, 1, 1, 0, 1, 1, 1, 1, 1, 0], 'D': [1, 1, 1, 1, 1, 0, 1, 1, 0, 0], 'E': [1, 1, 1, 1, 1, 1, 1, 1, 1, 1], 'F': [1, 1, 1, 1, 1, 1, 1, 1, 0, 1], 'G': [1, 1, 1, 1, 1, 1, 1, 1, 0, 0], 'H': [1, 1, 1, 1, 1, 1, 1, 1, 0, 0], 'I': [1, 0, 1, 1, 1, 1, 0, 1, 0, 1], 'J': [1, 1, 1, 1, 0, 1, 1, 1, 1, 1], 'K': [0, 0, 0, 1, 1, 1, 1, 1, 1, 1]}, '东门南侧': {'A': [0, 0, 0, 0, 0, 0, 1, 0, 0, 0], 'B': [0, 0, 0, 0, 0, 0, 0, 0, 0, 0]}, '西门北侧': {'A': [1, 1, 1, 1, 1, 1, 1, 0, 1, 1], 'B': [1, 1, 1, 1, 0, 1, 1, 0, 1, 0], 'C': [1, 1, 1, 1, 1, 1, 1, 1, 1, 0]}, '西门南侧': {'A': [1, 1, 1, 1, 1, 0, 0, 1, 1, 1], 'B': [1, 1, 1, 1, 1, 1, 1, 1, 1, 1], 'C': [1, 1, 0, 1, 0, 0, 1, 1, 1, 0]}, '南门西侧': {'A': [1, 1, 1, 1, 1, 1, 1, 1, 1, 1], 'B': [0, 0, 0, 0, 0, 0, 0, 0, 0, 0]}, '南门东侧': {'A': [1, 1, 0, 1, 1, 1, 1, 1, 0, 1], 'B': [0, 0, 1, 1, 1, 0, 1, 1, 1, 1]}, '北门东北侧': {'A': [1, 1, 1, 1, 1, 1, 1, 1, 1, 1], 'B': [0, 1, 1, 1, 1, 0, 0, 1, 0, 0], 'C': [0, 0, 1, 1, 1, 1, 0, 1, 1, 0], 'D': [0, 1, 1, 0, 1, 1, 1, 0, 1, 1]}, '北门东南侧': {'A': [0, 0, 1, 1, 1, 0, 1, 1, 1, 1], 'B': [0, 1, 1, 0, 0, 0, 1, 0, 1, 0], 'C': [1, 0, 0, 1, 0, 0, 0, 1, 1, 1], 'D': [0, 0, 1, 0, 0, 1, 0, 0, 0, 1], 'E': [0, 1, 0, 0, 0, 0, 0, 0, 0, 0], 'F': [1, 0, 1, 1, 1, 1, 1, 1, 0, 1]}, '橘园北侧南': {'A': [0, 0, 0, 0, 0, 1, 1, 0, 0, 1], 'B': [1, 1, 1, 1, 0, 1, 0, 1, 1, 1], 'C': [0, 1, 1, 1, 0, 1, 1, 1, 0, 1], 'D': [1, 0, 0, 1, 1, 1, 1, 0, 1, 0], 'E': [1, 1, 1, 0, 1, 1, 1, 0, 0, 1], 'F': [1, 0, 0, 1, 0, 0, 1, 0, 0, 0], 'G': [0, 0, 1, 1, 0, 1, 1, 0, 0, 0], 'H': [0, 1, 1, 1, 1, 0, 0, 0, 0, 1], 'I': [0, 1, 0, 0, 0, 0, 1, 0, 0, 0], 'J': [0, 0, 0, 0, 0, 0, 0, 0, 0, 1]}, '校医院西': {'A': [0, 1, 0, 0, 1, 0, 0, 1, 0, 1], 'B': [1, 1, 1, 0, 1, 0, 0, 1, 0, 1], 'C': [0, 1, 1, 0, 1, 0, 1, 1, 0, 1], 'D': [1, 1, 1, 0, 1, 1, 0, 0, 1, 1], 'E': [1, 0, 1, 1, 1, 1, 1, 0, 1, 1], 'F': [0, 0, 1, 1, 1, 1, 1, 1, 1, 1], 'G': [0, 0, 0, 0, 0, 1, 0, 0, 0, 0], 'H': [0, 0, 0, 0, 0, 0, 0, 0, 0, 0], 'I': [0, 0, 0, 0, 0, 0, 0, 0, 0, 0]}}
623837	2024-07-13 14:42:00.559000+08:00	2024-07-13 14:42:00.559000+08:00	{'东门北侧': {'A': [1, 1, 1, 1, 1, 0, 1, 0, 1, 1], 'B': [1, 1, 1, 1, 1, 1, 1, 1, 1, 1], 'C': [0, 1, 1, 0, 1, 1, 1, 1, 1, 0], 'D': [1, 1, 1, 1, 1, 0, 1, 1, 0, 0], 'E': [1, 1, 1, 1, 1, 1, 1, 1, 1, 1], 'F': [1, 1, 1, 1, 1, 1, 1, 1, 0, 1], 'G': [1, 1, 1, 1, 1, 1, 1, 1, 0, 0], 'H': [1, 1, 1, 1, 1, 1, 1, 1, 0, 0], 'I': [1, 0, 1, 1, 1, 1, 0, 1, 0, 1], 'J': [1, 1, 1, 1, 0, 1, 1, 1, 1, 1], 'K': [0, 0, 0, 1, 1, 1, 1, 1, 1, 1]}, '东门南侧': {'A': [0, 0, 0, 0, 0, 0, 1, 0, 0, 0], 'B': [0, 0, 0, 0, 0, 0, 0, 0, 0, 0]}, '西门北侧': {'A': [1, 1, 1, 1, 1, 1, 1, 0, 1, 1], 'B': [1, 1, 1, 1, 0, 1, 1, 0, 1, 0], 'C': [1, 1, 1, 1, 1, 1, 1, 1, 1, 0]}, '西门南侧': {'A': [1, 1, 1, 1, 1, 0, 0, 1, 1, 1], 'B': [1, 1, 1, 1, 1, 1, 1, 1, 1, 1], 'C': [1, 1, 0, 1, 0, 0, 1, 1, 1, 0]}, '南门西侧': {'A': [1, 1, 1, 1, 1, 1, 1, 1, 1, 1], 'B': [0, 0, 0, 0, 0, 0, 0, 0, 0, 0]}, '南门东侧': {'A': [1, 1, 0, 1, 1, 1, 1, 1, 0, 1], 'B': [0, 0, 1, 1, 1, 0, 1, 1, 1, 1]}, '北门东北侧': {'A': [1, 1, 1, 1, 1, 1, 1, 1, 1, 1], 'B': [0, 1, 1, 1, 1, 0, 0, 1, 0, 0], 'C': [0, 0, 1, 1, 1, 1, 0, 1, 1, 0], 'D': [0, 1, 1, 0, 1, 1, 1, 0, 1, 1]}, '北门东南侧': {'A': [0, 0, 1, 1, 1, 0, 1, 1, 1, 1], 'B': [0, 1, 1, 0, 0, 0, 1, 0, 1, 0], 'C': [1, 0, 0, 1, 0, 0, 0, 1, 1, 1], 'D': [0, 0, 1, 0, 0, 1, 0, 0, 0, 1], 'E': [0, 1, 0, 0, 0, 0, 0, 0, 0, 0], 'F': [1, 0, 1, 1, 1, 1, 1, 1, 0, 1]}, '橘园北侧南': {'A': [0, 0, 0, 0, 0, 1, 1, 0, 0, 1], 'B': [1, 1, 1, 1, 0, 1, 0, 1, 1, 1], 'C': [0, 1, 1, 1, 0, 1, 1, 1, 0, 1], 'D': [1, 0, 0, 1, 1, 1, 1, 0, 1, 0], 'E': [1, 1, 1, 0, 1, 1, 1, 0, 0, 1], 'F': [1, 0, 0, 1, 0, 0, 1, 0, 0, 0], 'G': [0, 0, 1, 1, 0, 1, 1, 0, 0, 0], 'H': [0, 1, 1, 1, 1, 0, 0, 0, 0, 1], 'I': [0, 1, 0, 0, 0, 0, 1, 0, 0, 0], 'J': [0, 0, 0, 0, 0, 0, 0, 0, 0, 1]}, '校医院西': {'A': [0, 1, 0, 0, 1, 0, 0, 1, 0, 1], 'B': [1, 1, 1, 0, 1, 0, 0, 1, 0, 1], 'C': [0, 1, 1, 0, 1, 0, 1, 1, 0, 1], 'D': [1, 1, 1, 0, 1, 1, 0, 0, 1, 1], 'E': [1, 0, 1, 1, 1, 1, 1, 0, 1, 1], 'F': [0, 0, 1, 1, 1, 1, 1, 1, 1, 1], 'G': [0, 0, 0, 0, 0, 1, 0, 0, 0, 0], 'H': [0, 0, 0, 0, 0, 0, 0, 0, 0, 0], 'I': [0, 0, 0, 0, 0, 0, 0, 0, 0, 0]}}
623838	2024-07-13 14:43:01.650000+08:00	2024-07-13 14:43:01.650000+08:00	{'东门北侧': {'A': [1, 1, 1, 1, 1, 0, 1, 0, 1, 1], 'B': [1, 1, 1, 1, 1, 1, 1, 1, 1, 1], 'C': [0, 1, 1, 0, 1, 0, 1, 1, 1, 0], 'D': [1, 1, 1, 1, 1, 0, 1, 1, 0, 0], 'E': [1, 1, 1, 1, 1, 1, 1, 1, 1, 1], 'F': [1, 1, 1, 1, 1, 1, 1, 1, 0, 1], 'G': [1, 1, 1, 1, 1, 1, 1, 1, 0, 0], 'H': [1, 1, 1, 1, 1, 1, 1, 1, 0, 0], 'I': [1, 0, 1, 1, 1, 1, 0, 1, 0, 1], 'J': [1, 1, 1, 1, 0, 1, 1, 1, 1, 1], 'K': [0, 0, 0, 1, 1, 1, 1, 1, 1, 1]}, '东门南侧': {'A': [0, 0, 0, 0, 0, 0, 1, 0, 0, 0], 'B': [0, 0, 0, 0, 0, 0, 0, 0, 0, 0]}, '西门北侧': {'A': [1, 1, 1, 1, 1, 1, 1, 0, 1, 1], 'B': [1, 1, 1, 1, 0, 1, 1, 0, 1, 0], 'C': [1, 1, 1, 1, 1, 1, 1, 1, 1, 0]}, '西门南侧': {'A': [1, 1, 1, 1, 1, 0, 0, 1, 1, 1], 'B': [1, 1, 1, 1, 1, 1, 1, 1, 1, 1], 'C': [1, 1, 0, 1, 0, 0, 1, 1, 1, 0]}, '南门西侧': {'A': [1, 1, 1, 1, 1, 1, 1, 1, 1, 1], 'B': [0, 0, 0, 0, 0, 0, 0, 0, 0, 0]}, '南门东侧': {'A': [1, 1, 0, 1, 1, 1, 1, 1, 0, 1], 'B': [0, 0, 1, 1, 1, 0, 1, 1, 1, 1]}, '北门东北侧': {'A': [1, 1, 1, 1, 1, 1, 1, 1, 1, 1], 'B': [0, 1, 1, 1, 1, 0, 0, 1, 0, 0], 'C': [0, 0, 1, 1, 1, 1, 0, 1, 1, 0], 'D': [0, 1, 1, 0, 1, 1, 1, 0, 1, 1]}, '北门东南侧': {'A': [0, 0, 1, 1, 1, 0, 1, 1, 1, 1], 'B': [0, 1, 1, 0, 0, 0, 1, 0, 1, 0], 'C': [1, 0, 0, 1, 0, 0, 0, 1, 1, 1], 'D': [0, 0, 1, 0, 0, 1, 0, 0, 0, 1], 'E': [0, 1, 0, 0, 0, 0, 0, 0, 0, 0], 'F': [1, 0, 1, 1, 1, 1, 1, 1, 0, 1]}, '橘园北侧南': {'A': [0, 0, 0, 0, 0, 1, 1, 0, 0, 1], 'B': [1, 1, 1, 1, 0, 1, 0, 1, 1, 1], 'C': [0, 1, 1, 1, 0, 1, 1, 1, 0, 1], 'D': [1, 0, 0, 1, 1, 1, 1, 0, 1, 0], 'E': [1, 1, 1, 0, 1, 1, 1, 0, 0, 1], 'F': [1, 0, 0, 1, 0, 0, 1, 0, 0, 0], 'G': [0, 0, 1, 1, 0, 1, 1, 0, 0, 0], 'H': [0, 1, 1, 1, 1, 0, 0, 0, 0, 1], 'I': [0, 1, 0, 0, 0, 0, 1, 0, 0, 0], 'J': [0, 0, 0, 0, 0, 0, 0, 0, 0, 1]}, '校医院西': {'A': [0, 1, 0, 0, 1, 0, 0, 1, 0, 1], 'B': [1, 1, 1, 0, 1, 0, 0, 1, 0, 1], 'C': [0, 1, 1, 0, 1, 0, 1, 1, 0, 1], 'D': [1, 1, 1, 0, 1, 1, 0, 0, 1, 1], 'E': [1, 0, 1, 1, 1, 1, 1, 0, 1, 1], 'F': [0, 0, 1, 1, 1, 1, 1, 1, 1, 1], 'G': [0, 0, 0, 0, 0, 1, 0, 0, 0, 0], 'H': [0, 0, 0, 0, 0, 0, 0, 0, 0, 0], 'I': [0, 0, 0, 0, 0, 0, 0, 0, 0, 0]}}
623839	2024-07-13 14:43:58.495000+08:00	2024-07-13 14:43:58.495000+08:00	{'东门北侧': {'A': [1, 1, 1, 1, 1, 0, 1, 0, 1, 1], 'B': [1, 1, 1, 1, 1, 1, 1, 1, 1, 1], 'C': [0, 1, 1, 0, 1, 0, 1, 1, 1, 0], 'D': [1, 1, 1, 1, 1, 0, 1, 1, 0, 0], 'E': [1, 1, 1, 1, 1, 1, 1, 1, 1, 1], 'F': [1, 1, 1, 1, 1, 1, 1, 1, 0, 1], 'G': [1, 1, 1, 1, 1, 1, 1, 1, 0, 0], 'H': [1, 1, 1, 1, 1, 1, 1, 1, 0, 0], 'I': [1, 0, 1, 1, 1, 1, 0, 1, 0, 1], 'J': [1, 1, 1, 1, 0, 1, 1, 1, 1, 1], 'K': [0, 0, 0, 1, 1, 1, 1, 1, 0, 1]}, '东门南侧': {'A': [0, 0, 0, 0, 0, 0, 1, 0, 0, 0], 'B': [0, 0, 0, 0, 0, 0, 0, 0, 0, 0]}, '西门北侧': {'A': [1, 1, 1, 1, 1, 1, 1, 0, 1, 1], 'B': [1, 1, 1, 1, 0, 1, 1, 0, 1, 0], 'C': [1, 1, 1, 1, 1, 1, 1, 1, 1, 0]}, '西门南侧': {'A': [1, 1, 1, 1, 1, 0, 0, 1, 1, 1], 'B': [1, 1, 1, 1, 1, 1, 1, 1, 1, 1], 'C': [1, 1, 0, 1, 0, 0, 1, 1, 1, 0]}, '南门西侧': {'A': [1, 1, 1, 1, 1, 1, 1, 1, 1, 1], 'B': [0, 0, 0, 0, 0, 0, 0, 0, 0, 0]}, '南门东侧': {'A': [1, 1, 0, 1, 1, 1, 1, 1, 0, 1], 'B': [0, 0, 1, 1, 1, 0, 1, 1, 1, 1]}, '北门东北侧': {'A': [1, 1, 1, 1, 1, 1, 1, 1, 1, 1], 'B': [0, 1, 1, 1, 1, 0, 0, 1, 0, 0], 'C': [0, 0, 1, 1, 1, 1, 0, 1, 1, 0], 'D': [0, 1, 1, 0, 1, 1, 1, 0, 1, 1]}, '北门东南侧': {'A': [0, 0, 1, 1, 1, 0, 1, 1, 1, 1], 'B': [0, 1, 1, 0, 0, 0, 1, 0, 1, 0], 'C': [1, 0, 0, 1, 0, 0, 0, 1, 1, 1], 'D': [0, 0, 1, 0, 0, 1, 0, 0, 0, 1], 'E': [0, 1, 0, 0, 0, 0, 0, 0, 0, 0], 'F': [1, 0, 1, 1, 1, 1, 1, 1, 0, 1]}, '橘园北侧南': {'A': [0, 0, 0, 0, 0, 1, 1, 0, 0, 1], 'B': [1, 1, 1, 1, 0, 1, 0, 1, 1, 1], 'C': [0, 1, 1, 1, 0, 1, 1, 1, 0, 1], 'D': [1, 0, 0, 1, 1, 1, 1, 0, 1, 0], 'E': [1, 1, 1, 0, 1, 1, 1, 0, 0, 1], 'F': [1, 0, 0, 1, 0, 0, 1, 0, 0, 0], 'G': [0, 0, 1, 1, 0, 1, 1, 0, 0, 0], 'H': [0, 1, 1, 1, 1, 0, 0, 0, 0, 1], 'I': [0, 1, 0, 0, 0, 0, 1, 0, 0, 0], 'J': [0, 0, 0, 0, 0, 0, 0, 0, 0, 1]}, '校医院西': {'A': [0, 1, 0, 0, 1, 0, 0, 1, 0, 1], 'B': [1, 1, 1, 0, 1, 0, 0, 1, 0, 1], 'C': [0, 1, 1, 0, 1, 0, 1, 1, 0, 1], 'D': [1, 1, 1, 0, 1, 1, 0, 0, 1, 1], 'E': [1, 0, 1, 1, 1, 1, 1, 0, 1, 1], 'F': [0, 0, 1, 1, 1, 1, 1, 1, 1, 1], 'G': [0, 0, 0, 0, 0, 1, 0, 0, 0, 0], 'H': [0, 0, 0, 0, 0, 0, 0, 0, 0, 0], 'I': [0, 0, 0, 0, 0, 0, 0, 0, 0, 0]}}
623840	2024-07-13 14:44:59.909000+08:00	2024-07-13 14:44:59.909000+08:00	{'东门北侧': {'A': [1, 1, 1, 1, 1, 0, 1, 0, 1, 1], 'B': [1, 1, 1, 1, 1, 1, 1, 1, 1, 1], 'C': [0, 1, 1, 0, 1, 0, 1, 1, 1, 0], 'D': [1, 1, 1, 1, 1, 0, 1, 1, 0, 0], 'E': [1, 1, 1, 1, 1, 1, 1, 1, 1, 1], 'F': [1, 1, 1, 1, 1, 1, 1, 1, 0, 1], 'G': [1, 1, 1, 1, 1, 1, 1, 1, 0, 0], 'H': [1, 1, 1, 1, 1, 1, 1, 1, 0, 0], 'I': [1, 0, 1, 1, 1, 1, 0, 1, 0, 1], 'J': [1, 1, 1, 1, 0, 1, 1, 1, 1, 1], 'K': [0, 0, 0, 1, 1, 1, 1, 1, 0, 1]}, '东门南侧': {'A': [0, 0, 0, 0, 0, 0, 1, 0, 0, 0], 'B': [0, 0, 0, 0, 0, 0, 0, 0, 0, 0]}, '西门北侧': {'A': [1, 1, 1, 1, 1, 1, 1, 0, 1, 1], 'B': [1, 1, 1, 1, 0, 1, 1, 0, 1, 0], 'C': [1, 1, 1, 1, 1, 1, 1, 1, 1, 0]}, '西门南侧': {'A': [1, 1, 1, 1, 1, 0, 0, 1, 1, 1], 'B': [1, 1, 1, 1, 1, 1, 1, 1, 1, 1], 'C': [1, 1, 0, 1, 0, 0, 1, 1, 1, 0]}, '南门西侧': {'A': [1, 1, 1, 1, 1, 1, 1, 1, 1, 1], 'B': [0, 0, 0, 0, 0, 0, 0, 0, 0, 0]}, '南门东侧': {'A': [1, 1, 0, 1, 1, 1, 1, 1, 0, 1], 'B': [0, 0, 1, 1, 1, 0, 1, 1, 1, 1]}, '北门东北侧': {'A': [1, 1, 1, 1, 1, 1, 1, 1, 1, 1], 'B': [0, 1, 1, 1, 1, 0, 0, 1, 0, 0], 'C': [0, 0, 1, 1, 1, 1, 0, 1, 1, 0], 'D': [0, 1, 1, 0, 1, 1, 1, 0, 1, 1]}, '北门东南侧': {'A': [0, 0, 1, 1, 1, 0, 1, 1, 1, 1], 'B': [0, 1, 1, 0, 0, 0, 1, 0, 1, 0], 'C': [1, 0, 0, 1, 0, 0, 0, 1, 1, 1], 'D': [0, 0, 1, 0, 0, 1, 0, 0, 0, 1], 'E': [0, 1, 0, 0, 0, 0, 0, 0, 0, 0], 'F': [1, 0, 1, 1, 1, 1, 1, 0, 0, 1]}, '橘园北侧南': {'A': [0, 0, 0, 0, 0, 1, 1, 0, 0, 1], 'B': [1, 1, 1, 1, 0, 1, 0, 1, 1, 1], 'C': [0, 1, 1, 1, 0, 1, 1, 1, 0, 1], 'D': [1, 0, 0, 1, 1, 1, 1, 0, 1, 0], 'E': [1, 1, 1, 0, 1, 1, 1, 0, 0, 1], 'F': [1, 0, 0, 1, 0, 0, 1, 0, 0, 0], 'G': [0, 0, 1, 1, 0, 1, 1, 0, 0, 0], 'H': [0, 1, 1, 1, 1, 0, 0, 0, 0, 1], 'I': [0, 1, 0, 0, 0, 0, 1, 0, 0, 0], 'J': [0, 0, 0, 0, 0, 0, 0, 0, 0, 1]}, '校医院西': {'A': [0, 1, 0, 0, 1, 0, 0, 1, 0, 1], 'B': [1, 1, 1, 0, 1, 0, 0, 1, 0, 1], 'C': [0, 1, 1, 0, 1, 0, 1, 1, 0, 1], 'D': [1, 1, 1, 0, 1, 1, 0, 0, 1, 1], 'E': [1, 0, 1, 1, 1, 1, 1, 0, 1, 1], 'F': [0, 0, 1, 1, 1, 1, 1, 1, 1, 1], 'G': [0, 0, 0, 0, 0, 1, 0, 0, 0, 0], 'H': [0, 0, 0, 0, 0, 0, 0, 0, 0, 0], 'I': [0, 0, 0, 0, 0, 0, 0, 0, 0, 0]}}
623841	2024-07-13 14:45:58.418000+08:00	2024-07-13 14:45:58.418000+08:00	{'东门北侧': {'A': [1, 1, 1, 1, 1, 0, 1, 0, 1, 1], 'B': [1, 1, 1, 1, 1, 1, 1, 1, 1, 1], 'C': [0, 1, 1, 0, 1, 0, 1, 1, 1, 0], 'D': [1, 1, 1, 1, 1, 0, 1, 1, 0, 0], 'E': [1, 1, 1, 1, 1, 1, 1, 1, 1, 1], 'F': [1, 1, 1, 1, 1, 1, 1, 1, 0, 1], 'G': [1, 1, 1, 1, 1, 1, 1, 1, 0, 0], 'H': [1, 1, 1, 1, 1, 1, 1, 1, 0, 0], 'I': [1, 0, 1, 1, 1, 1, 0, 1, 0, 1], 'J': [1, 1, 1, 1, 0, 1, 1, 1, 1, 1], 'K': [0, 0, 0, 1, 1, 1, 1, 1, 0, 1]}, '东门南侧': {'A': [0, 0, 0, 0, 0, 0, 1, 0, 0, 0], 'B': [0, 0, 0, 0, 0, 0, 0, 0, 0, 0]}, '西门北侧': {'A': [1, 1, 1, 1, 1, 1, 1, 0, 1, 1], 'B': [1, 1, 1, 1, 0, 1, 1, 0, 1, 0], 'C': [1, 1, 1, 1, 1, 1, 1, 1, 1, 0]}, '西门南侧': {'A': [1, 1, 1, 1, 1, 0, 0, 1, 1, 1], 'B': [1, 1, 1, 1, 1, 1, 1, 1, 1, 1], 'C': [1, 1, 0, 1, 0, 0, 1, 1, 1, 0]}, '南门西侧': {'A': [1, 1, 1, 1, 1, 1, 1, 1, 1, 1], 'B': [0, 0, 0, 0, 0, 0, 0, 0, 0, 0]}, '南门东侧': {'A': [1, 1, 0, 1, 1, 1, 1, 1, 0, 1], 'B': [0, 0, 1, 1, 1, 0, 1, 1, 1, 1]}, '北门东北侧': {'A': [1, 1, 1, 1, 1, 1, 1, 1, 1, 1], 'B': [0, 1, 1, 1, 1, 0, 0, 1, 0, 0], 'C': [0, 0, 1, 1, 1, 1, 0, 1, 1, 0], 'D': [0, 1, 1, 0, 1, 1, 1, 0, 1, 1]}, '北门东南侧': {'A': [0, 0, 1, 1, 1, 0, 1, 1, 1, 1], 'B': [0, 1, 1, 0, 0, 0, 1, 0, 1, 0], 'C': [1, 0, 0, 1, 0, 0, 0, 1, 1, 1], 'D': [0, 0, 1, 0, 0, 1, 0, 0, 0, 1], 'E': [0, 1, 0, 0, 0, 0, 0, 0, 0, 0], 'F': [1, 0, 1, 1, 1, 1, 1, 0, 0, 1]}, '橘园北侧南': {'A': [0, 0, 0, 0, 0, 1, 1, 0, 0, 1], 'B': [1, 1, 1, 1, 0, 1, 0, 1, 1, 1], 'C': [0, 1, 1, 1, 0, 1, 1, 1, 0, 1], 'D': [1, 0, 0, 1, 1, 1, 1, 0, 1, 0], 'E': [1, 1, 1, 0, 1, 1, 1, 0, 0, 1], 'F': [1, 0, 0, 1, 0, 0, 1, 0, 0, 0], 'G': [0, 0, 1, 1, 0, 1, 1, 0, 0, 0], 'H': [0, 1, 1, 1, 1, 0, 0, 0, 0, 1], 'I': [0, 1, 0, 0, 0, 0, 1, 0, 0, 0], 'J': [0, 0, 0, 0, 0, 0, 0, 0, 0, 1]}, '校医院西': {'A': [0, 1, 0, 0, 1, 0, 0, 1, 0, 1], 'B': [1, 1, 1, 0, 1, 0, 0, 1, 0, 1], 'C': [0, 1, 1, 0, 1, 0, 1, 1, 0, 1], 'D': [1, 1, 1, 0, 1, 1, 0, 0, 1, 1], 'E': [1, 0, 1, 1, 1, 1, 1, 0, 1, 1], 'F': [0, 0, 1, 1, 1, 1, 1, 1, 1, 1], 'G': [0, 0, 0, 0, 0, 1, 0, 0, 0, 0], 'H': [0, 0, 0, 0, 0, 0, 0, 0, 0, 0], 'I': [0, 0, 0, 0, 0, 0, 0, 0, 0, 0]}}
623842	2024-07-13 14:47:01.621000+08:00	2024-07-13 14:47:01.621000+08:00	{'东门北侧': {'A': [1, 1, 1, 1, 1, 0, 1, 0, 1, 1], 'B': [1, 1, 1, 1, 1, 1, 1, 1, 1, 1], 'C': [0, 1, 1, 0, 1, 0, 1, 1, 1, 0], 'D': [1, 1, 1, 1, 1, 0, 1, 1, 0, 0], 'E': [1, 1, 1, 1, 1, 1, 1, 1, 1, 1], 'F': [1, 1, 1, 1, 1, 1, 1, 1, 0, 1], 'G': [1, 1, 1, 1, 1, 1, 1, 1, 0, 0], 'H': [1, 1, 1, 1, 1, 1, 1, 1, 0, 0], 'I': [1, 0, 1, 1, 1, 1, 0, 1, 0, 1], 'J': [1, 1, 1, 1, 0, 1, 1, 1, 1, 1], 'K': [0, 0, 0, 1, 1, 1, 1, 1, 0, 1]}, '东门南侧': {'A': [0, 0, 0, 0, 0, 0, 1, 0, 0, 0], 'B': [0, 0, 0, 0, 0, 0, 0, 0, 0, 0]}, '西门北侧': {'A': [1, 1, 1, 1, 1, 1, 1, 0, 1, 1], 'B': [1, 1, 1, 1, 0, 1, 1, 0, 1, 0], 'C': [1, 1, 1, 1, 1, 1, 1, 1, 1, 0]}, '西门南侧': {'A': [1, 1, 1, 1, 1, 0, 0, 1, 1, 1], 'B': [1, 1, 1, 1, 1, 1, 1, 1, 1, 1], 'C': [1, 1, 0, 1, 0, 0, 1, 1, 1, 0]}, '南门西侧': {'A': [1, 1, 1, 1, 1, 1, 1, 1, 1, 1], 'B': [0, 0, 0, 0, 0, 0, 0, 0, 0, 0]}, '南门东侧': {'A': [1, 1, 0, 1, 1, 1, 1, 1, 0, 1], 'B': [0, 0, 1, 1, 1, 0, 1, 1, 1, 1]}, '北门东北侧': {'A': [1, 1, 1, 1, 1, 1, 1, 1, 1, 1], 'B': [0, 1, 1, 1, 1, 0, 0, 1, 0, 0], 'C': [0, 0, 1, 1, 1, 1, 0, 1, 1, 0], 'D': [0, 1, 1, 0, 1, 1, 1, 0, 1, 1]}, '北门东南侧': {'A': [0, 0, 1, 1, 1, 0, 1, 1, 1, 1], 'B': [0, 1, 1, 0, 0, 0, 1, 0, 1, 0], 'C': [1, 0, 0, 1, 0, 0, 0, 1, 1, 1], 'D': [0, 0, 1, 0, 0, 1, 0, 0, 0, 1], 'E': [0, 1, 0, 0, 0, 0, 0, 0, 0, 0], 'F': [1, 0, 1, 1, 1, 1, 1, 0, 0, 1]}, '橘园北侧南': {'A': [0, 0, 0, 0, 0, 1, 1, 0, 0, 1], 'B': [1, 1, 1, 1, 0, 1, 0, 1, 1, 1], 'C': [0, 1, 1, 1, 0, 1, 1, 1, 0, 1], 'D': [1, 0, 0, 1, 1, 1, 1, 0, 1, 0], 'E': [1, 1, 1, 0, 1, 1, 1, 0, 0, 1], 'F': [1, 0, 0, 1, 0, 0, 1, 0, 0, 0], 'G': [0, 0, 1, 1, 0, 1, 1, 0, 0, 0], 'H': [0, 1, 1, 1, 1, 0, 0, 0, 0, 1], 'I': [0, 1, 0, 0, 0, 0, 1, 0, 0, 0], 'J': [0, 0, 0, 0, 0, 0, 0, 0, 0, 1]}, '校医院西': {'A': [0, 1, 0, 0, 1, 0, 0, 1, 0, 1], 'B': [1, 1, 1, 0, 1, 0, 0, 1, 0, 1], 'C': [0, 1, 1, 0, 1, 0, 1, 1, 0, 1], 'D': [1, 1, 1, 0, 1, 1, 0, 0, 1, 1], 'E': [1, 0, 1, 1, 1, 1, 1, 0, 1, 1], 'F': [0, 0, 1, 1, 1, 1, 1, 1, 1, 1], 'G': [0, 0, 0, 0, 0, 1, 0, 0, 0, 0], 'H': [0, 0, 0, 0, 0, 0, 0, 0, 0, 0], 'I': [0, 0, 0, 0, 0, 0, 0, 0, 0, 1]}}
623843	2024-07-13 14:48:00.046000+08:00	2024-07-13 14:48:00.046000+08:00	{'东门北侧': {'A': [1, 1, 1, 1, 1, 0, 1, 0, 1, 1], 'B': [1, 1, 1, 1, 1, 1, 1, 1, 1, 1], 'C': [0, 1, 1, 0, 1, 0, 1, 1, 1, 0], 'D': [1, 1, 1, 1, 1, 0, 1, 1, 0, 0], 'E': [1, 1, 1, 1, 1, 1, 1, 1, 1, 1], 'F': [1, 1, 1, 1, 1, 1, 1, 1, 0, 1], 'G': [1, 1, 1, 1, 1, 1, 1, 1, 0, 0], 'H': [1, 1, 1, 1, 1, 1, 1, 1, 0, 0], 'I': [1, 0, 1, 1, 1, 1, 0, 1, 0, 1], 'J': [1, 1, 1, 1, 0, 1, 1, 1, 1, 1], 'K': [0, 0, 0, 1, 1, 1, 1, 1, 0, 1]}, '东门南侧': {'A': [0, 0, 0, 0, 0, 0, 1, 0, 0, 0], 'B': [0, 0, 0, 0, 0, 0, 0, 0, 0, 0]}, '西门北侧': {'A': [1, 1, 1, 1, 1, 1, 1, 0, 1, 1], 'B': [1, 1, 1, 1, 0, 1, 1, 0, 1, 0], 'C': [1, 1, 1, 1, 1, 1, 1, 1, 1, 0]}, '西门南侧': {'A': [1, 1, 1, 1, 1, 0, 0, 1, 1, 1], 'B': [1, 1, 1, 1, 1, 1, 1, 1, 1, 1], 'C': [1, 1, 0, 1, 0, 0, 1, 1, 1, 0]}, '南门西侧': {'A': [1, 1, 1, 1, 1, 1, 1, 1, 1, 1], 'B': [0, 0, 0, 0, 0, 0, 0, 0, 0, 0]}, '南门东侧': {'A': [1, 1, 0, 1, 1, 1, 1, 1, 0, 1], 'B': [0, 0, 1, 1, 1, 0, 1, 1, 1, 1]}, '北门东北侧': {'A': [1, 1, 1, 1, 1, 1, 1, 1, 1, 1], 'B': [0, 1, 1, 1, 1, 0, 0, 1, 0, 0], 'C': [0, 0, 1, 1, 1, 1, 0, 1, 1, 0], 'D': [0, 1, 1, 0, 1, 1, 1, 0, 1, 1]}, '北门东南侧': {'A': [0, 0, 1, 1, 1, 0, 1, 1, 1, 1], 'B': [0, 1, 1, 0, 0, 0, 1, 0, 1, 0], 'C': [1, 0, 0, 1, 0, 0, 0, 1, 1, 1], 'D': [0, 0, 1, 0, 0, 1, 0, 0, 0, 1], 'E': [0, 1, 0, 0, 0, 0, 0, 0, 0, 0], 'F': [1, 0, 1, 1, 1, 1, 1, 0, 0, 1]}, '橘园北侧南': {'A': [0, 0, 0, 0, 0, 1, 1, 0, 0, 1], 'B': [1, 1, 1, 1, 0, 1, 0, 1, 1, 1], 'C': [0, 1, 1, 1, 0, 1, 1, 1, 0, 1], 'D': [1, 0, 0, 1, 1, 1, 1, 0, 1, 0], 'E': [1, 1, 1, 0, 1, 1, 1, 0, 0, 1], 'F': [1, 0, 0, 1, 0, 0, 1, 0, 0, 0], 'G': [0, 0, 1, 1, 0, 1, 1, 0, 0, 0], 'H': [0, 1, 1, 1, 1, 0, 0, 0, 0, 1], 'I': [0, 1, 0, 0, 0, 0, 1, 0, 0, 0], 'J': [0, 0, 0, 0, 0, 0, 0, 0, 0, 1]}, '校医院西': {'A': [0, 1, 0, 0, 1, 0, 0, 1, 0, 1], 'B': [1, 1, 1, 0, 1, 0, 0, 1, 0, 1], 'C': [0, 1, 1, 0, 1, 0, 1, 1, 0, 1], 'D': [1, 1, 1, 0, 1, 1, 0, 0, 1, 1], 'E': [1, 0, 1, 1, 1, 1, 1, 0, 1, 1], 'F': [0, 0, 1, 1, 1, 1, 1, 1, 1, 1], 'G': [0, 0, 0, 0, 0, 1, 0, 0, 0, 0], 'H': [0, 0, 0, 0, 0, 0, 0, 0, 0, 0], 'I': [0, 0, 0, 0, 0, 0, 0, 0, 0, 1]}}
623844	2024-07-13 14:49:01.785000+08:00	2024-07-13 14:49:01.785000+08:00	{'东门北侧': {'A': [1, 1, 1, 1, 1, 0, 1, 0, 1, 1], 'B': [1, 1, 1, 1, 1, 1, 1, 1, 1, 1], 'C': [0, 1, 1, 0, 1, 0, 1, 1, 1, 0], 'D': [1, 1, 1, 1, 1, 0, 1, 1, 0, 0], 'E': [1, 1, 1, 1, 1, 1, 1, 1, 1, 1], 'F': [1, 1, 1, 1, 1, 1, 1, 1, 0, 1], 'G': [1, 1, 1, 1, 1, 1, 1, 1, 0, 0], 'H': [1, 1, 1, 1, 1, 1, 1, 1, 0, 0], 'I': [1, 0, 1, 1, 1, 1, 0, 1, 0, 1], 'J': [1, 1, 1, 1, 0, 1, 1, 1, 1, 1], 'K': [0, 0, 0, 1, 1, 1, 1, 1, 0, 1]}, '东门南侧': {'A': [0, 0, 0, 0, 0, 0, 1, 0, 0, 0], 'B': [0, 0, 0, 0, 0, 0, 0, 0, 0, 0]}, '西门北侧': {'A': [1, 1, 1, 1, 1, 1, 1, 0, 1, 1], 'B': [1, 1, 1, 1, 0, 1, 1, 0, 1, 0], 'C': [1, 1, 1, 1, 1, 1, 1, 1, 1, 0]}, '西门南侧': {'A': [1, 1, 1, 1, 1, 0, 0, 1, 1, 1], 'B': [1, 1, 1, 1, 1, 1, 1, 1, 1, 1], 'C': [1, 1, 0, 1, 0, 0, 1, 1, 1, 0]}, '南门西侧': {'A': [1, 1, 1, 1, 1, 1, 1, 1, 1, 1], 'B': [0, 0, 0, 0, 0, 0, 0, 0, 0, 0]}, '南门东侧': {'A': [1, 1, 0, 1, 1, 1, 1, 1, 0, 1], 'B': [0, 0, 1, 1, 1, 0, 1, 1, 1, 1]}, '北门东北侧': {'A': [1, 1, 1, 1, 1, 1, 1, 1, 1, 1], 'B': [0, 1, 1, 1, 1, 0, 0, 1, 0, 0], 'C': [0, 0, 1, 1, 1, 1, 0, 1, 1, 0], 'D': [0, 1, 1, 0, 1, 1, 1, 0, 1, 1]}, '北门东南侧': {'A': [0, 0, 1, 1, 1, 0, 1, 1, 1, 1], 'B': [0, 1, 1, 0, 0, 0, 1, 0, 1, 0], 'C': [1, 0, 0, 1, 0, 0, 0, 1, 1, 1], 'D': [0, 0, 1, 0, 0, 1, 0, 0, 0, 1], 'E': [0, 1, 0, 0, 0, 0, 0, 0, 0, 0], 'F': [1, 0, 1, 1, 1, 1, 1, 0, 0, 1]}, '橘园北侧南': {'A': [0, 0, 0, 0, 0, 1, 1, 0, 0, 1], 'B': [1, 1, 1, 1, 0, 1, 0, 1, 1, 1], 'C': [0, 1, 1, 1, 0, 1, 1, 1, 0, 1], 'D': [1, 0, 0, 1, 1, 1, 1, 0, 1, 0], 'E': [1, 1, 1, 0, 1, 1, 1, 0, 0, 1], 'F': [1, 0, 0, 1, 0, 0, 1, 0, 0, 0], 'G': [0, 0, 1, 1, 0, 1, 1, 0, 0, 0], 'H': [0, 1, 1, 1, 1, 0, 0, 0, 0, 1], 'I': [0, 1, 0, 0, 0, 0, 1, 0, 0, 0], 'J': [0, 0, 0, 0, 0, 0, 0, 0, 0, 1]}, '校医院西': {'A': [0, 1, 0, 0, 1, 0, 0, 1, 0, 1], 'B': [1, 1, 1, 0, 1, 0, 0, 1, 0, 1], 'C': [0, 1, 1, 0, 1, 0, 1, 1, 0, 1], 'D': [1, 1, 1, 0, 1, 0, 0, 0, 1, 1], 'E': [1, 0, 1, 1, 1, 1, 1, 0, 1, 1], 'F': [0, 0, 1, 1, 1, 1, 1, 1, 1, 1], 'G': [0, 0, 0, 0, 0, 1, 0, 0, 0, 0], 'H': [0, 0, 0, 0, 0, 0, 0, 0, 0, 0], 'I': [0, 0, 0, 0, 0, 0, 0, 0, 0, 1]}}
623845	2024-07-13 14:49:59.280000+08:00	2024-07-13 14:49:59.280000+08:00	{'东门北侧': {'A': [1, 1, 1, 1, 1, 0, 1, 0, 1, 1], 'B': [1, 1, 1, 1, 1, 1, 1, 1, 1, 1], 'C': [0, 1, 1, 0, 1, 0, 1, 1, 1, 0], 'D': [1, 1, 1, 1, 1, 0, 1, 1, 0, 0], 'E': [1, 1, 1, 1, 1, 1, 1, 1, 1, 1], 'F': [1, 1, 1, 1, 1, 1, 1, 1, 0, 1], 'G': [1, 1, 1, 1, 1, 1, 1, 1, 0, 0], 'H': [1, 1, 1, 1, 1, 1, 1, 1, 0, 0], 'I': [1, 0, 1, 1, 1, 1, 0, 1, 0, 1], 'J': [1, 1, 1, 1, 0, 1, 1, 1, 1, 1], 'K': [0, 0, 0, 1, 1, 1, 1, 1, 0, 1]}, '东门南侧': {'A': [0, 0, 0, 0, 0, 0, 1, 0, 0, 0], 'B': [0, 0, 0, 0, 0, 0, 0, 0, 0, 0]}, '西门北侧': {'A': [1, 1, 1, 1, 1, 1, 1, 0, 1, 1], 'B': [1, 1, 1, 1, 0, 1, 1, 0, 1, 0], 'C': [1, 1, 1, 1, 1, 1, 1, 1, 1, 0]}, '西门南侧': {'A': [1, 1, 1, 1, 1, 0, 0, 1, 1, 1], 'B': [1, 1, 1, 1, 1, 1, 1, 1, 1, 1], 'C': [1, 1, 0, 1, 0, 0, 1, 1, 1, 0]}, '南门西侧': {'A': [1, 1, 1, 1, 1, 1, 1, 1, 1, 1], 'B': [0, 0, 0, 0, 0, 0, 0, 0, 0, 0]}, '南门东侧': {'A': [1, 1, 0, 1, 1, 1, 1, 1, 0, 1], 'B': [0, 0, 1, 1, 1, 0, 1, 1, 1, 1]}, '北门东北侧': {'A': [1, 1, 1, 1, 1, 1, 1, 1, 1, 1], 'B': [0, 1, 1, 1, 1, 0, 0, 1, 0, 0], 'C': [0, 0, 1, 1, 1, 1, 0, 1, 1, 0], 'D': [0, 1, 1, 0, 1, 1, 1, 0, 1, 1]}, '北门东南侧': {'A': [0, 0, 1, 1, 1, 0, 1, 1, 1, 1], 'B': [0, 1, 1, 0, 0, 0, 1, 0, 1, 0], 'C': [1, 0, 0, 1, 0, 0, 0, 1, 1, 1], 'D': [0, 0, 1, 0, 0, 1, 0, 0, 0, 1], 'E': [0, 1, 0, 0, 0, 0, 0, 0, 0, 0], 'F': [1, 0, 1, 1, 1, 1, 1, 0, 0, 1]}, '橘园北侧南': {'A': [0, 0, 0, 0, 0, 1, 1, 0, 0, 1], 'B': [1, 1, 1, 1, 0, 1, 0, 1, 1, 1], 'C': [0, 1, 1, 1, 0, 1, 1, 1, 0, 1], 'D': [1, 0, 0, 1, 1, 1, 1, 0, 1, 0], 'E': [1, 1, 1, 0, 1, 1, 1, 0, 0, 1], 'F': [1, 0, 0, 1, 0, 0, 1, 0, 0, 0], 'G': [0, 0, 1, 1, 0, 1, 1, 0, 0, 0], 'H': [0, 1, 1, 1, 1, 0, 0, 0, 0, 1], 'I': [0, 1, 0, 0, 0, 0, 1, 0, 0, 0], 'J': [0, 0, 0, 0, 0, 0, 0, 0, 0, 1]}, '校医院西': {'A': [0, 1, 0, 0, 1, 0, 0, 1, 0, 1], 'B': [1, 1, 1, 0, 1, 0, 0, 1, 0, 1], 'C': [0, 1, 1, 0, 1, 0, 1, 1, 0, 1], 'D': [1, 1, 1, 0, 1, 0, 0, 0, 1, 1], 'E': [1, 0, 1, 1, 1, 1, 1, 0, 1, 1], 'F': [0, 0, 1, 1, 1, 1, 1, 1, 1, 1], 'G': [0, 0, 0, 0, 0, 1, 0, 0, 0, 0], 'H': [0, 0, 0, 0, 0, 0, 0, 0, 0, 0], 'I': [0, 0, 0, 0, 0, 0, 0, 0, 0, 1]}}
623846	2024-07-13 14:50:58.783000+08:00	2024-07-13 14:50:58.783000+08:00	{'东门北侧': {'A': [1, 1, 1, 1, 1, 0, 1, 0, 1, 1], 'B': [1, 1, 1, 1, 1, 1, 1, 1, 1, 1], 'C': [0, 1, 1, 0, 1, 0, 1, 1, 1, 0], 'D': [1, 1, 1, 1, 1, 0, 1, 1, 0, 0], 'E': [1, 1, 1, 1, 1, 1, 1, 1, 1, 1], 'F': [1, 1, 1, 1, 1, 1, 1, 1, 0, 1], 'G': [1, 1, 1, 1, 1, 1, 1, 1, 0, 0], 'H': [1, 1, 1, 1, 1, 1, 1, 1, 0, 0], 'I': [1, 0, 1, 1, 1, 1, 0, 1, 0, 1], 'J': [1, 1, 1, 1, 0, 1, 1, 1, 1, 1], 'K': [0, 0, 0, 1, 1, 1, 1, 1, 0, 1]}, '东门南侧': {'A': [0, 0, 0, 0, 0, 0, 1, 0, 0, 0], 'B': [0, 0, 0, 0, 0, 0, 0, 0, 0, 0]}, '西门北侧': {'A': [1, 1, 1, 1, 1, 1, 1, 0, 1, 1], 'B': [1, 1, 1, 1, 0, 1, 1, 0, 1, 0], 'C': [1, 1, 1, 1, 1, 1, 1, 1, 1, 0]}, '西门南侧': {'A': [1, 1, 1, 1, 1, 0, 0, 1, 1, 1], 'B': [1, 1, 1, 1, 1, 1, 1, 1, 1, 1], 'C': [1, 1, 0, 1, 0, 0, 1, 1, 1, 0]}, '南门西侧': {'A': [1, 1, 1, 1, 1, 1, 1, 1, 1, 1], 'B': [0, 0, 0, 0, 0, 0, 0, 0, 0, 0]}, '南门东侧': {'A': [1, 1, 0, 1, 1, 1, 1, 1, 0, 1], 'B': [0, 0, 1, 1, 1, 0, 1, 1, 1, 1]}, '北门东北侧': {'A': [1, 1, 1, 1, 1, 1, 1, 1, 1, 1], 'B': [0, 1, 1, 1, 1, 0, 0, 1, 0, 0], 'C': [0, 0, 1, 1, 1, 1, 0, 1, 1, 0], 'D': [0, 1, 1, 0, 1, 1, 1, 0, 1, 1]}, '北门东南侧': {'A': [0, 0, 1, 1, 1, 0, 1, 1, 1, 1], 'B': [0, 1, 1, 0, 0, 0, 1, 0, 1, 0], 'C': [1, 0, 0, 1, 0, 0, 0, 1, 1, 1], 'D': [0, 0, 1, 0, 0, 1, 0, 0, 0, 1], 'E': [0, 1, 0, 0, 0, 0, 0, 0, 0, 0], 'F': [1, 0, 1, 1, 1, 1, 1, 0, 0, 1]}, '橘园北侧南': {'A': [0, 0, 0, 0, 0, 1, 1, 0, 0, 1], 'B': [1, 1, 1, 1, 0, 1, 0, 1, 1, 1], 'C': [0, 1, 1, 1, 0, 1, 1, 1, 0, 1], 'D': [1, 0, 0, 1, 1, 1, 1, 0, 1, 0], 'E': [1, 1, 1, 0, 1, 1, 1, 0, 0, 1], 'F': [1, 0, 0, 1, 0, 0, 1, 0, 0, 0], 'G': [0, 0, 1, 1, 0, 1, 1, 0, 0, 0], 'H': [0, 1, 1, 1, 1, 0, 0, 0, 0, 1], 'I': [0, 1, 0, 0, 0, 0, 1, 0, 0, 0], 'J': [0, 0, 0, 0, 0, 0, 0, 0, 0, 1]}, '校医院西': {'A': [0, 1, 0, 0, 1, 0, 0, 1, 0, 1], 'B': [1, 1, 1, 0, 1, 0, 0, 1, 0, 1], 'C': [0, 1, 1, 0, 1, 0, 1, 1, 0, 1], 'D': [1, 1, 1, 0, 1, 0, 0, 0, 1, 1], 'E': [1, 0, 1, 1, 1, 1, 1, 0, 1, 1], 'F': [0, 0, 1, 1, 1, 1, 1, 1, 1, 1], 'G': [0, 0, 0, 0, 0, 1, 0, 0, 0, 0], 'H': [0, 0, 0, 0, 0, 0, 0, 0, 0, 0], 'I': [0, 0, 0, 0, 0, 0, 0, 0, 0, 1]}}
623847	2024-07-13 14:52:01.358000+08:00	2024-07-13 14:52:01.358000+08:00	{'东门北侧': {'A': [1, 1, 1, 1, 1, 0, 1, 0, 1, 1], 'B': [1, 1, 1, 1, 1, 1, 1, 1, 1, 1], 'C': [0, 1, 1, 0, 1, 0, 1, 1, 1, 0], 'D': [1, 1, 1, 1, 1, 0, 1, 1, 0, 0], 'E': [1, 1, 1, 1, 1, 1, 1, 1, 1, 1], 'F': [1, 1, 1, 1, 1, 1, 1, 1, 0, 1], 'G': [1, 1, 1, 1, 1, 1, 1, 1, 0, 0], 'H': [1, 1, 1, 1, 1, 1, 1, 1, 0, 0], 'I': [1, 0, 1, 1, 1, 1, 0, 1, 0, 1], 'J': [1, 1, 1, 1, 0, 1, 1, 1, 1, 1], 'K': [0, 0, 0, 1, 1, 1, 1, 1, 0, 1]}, '东门南侧': {'A': [0, 0, 0, 0, 0, 0, 1, 0, 0, 0], 'B': [0, 0, 0, 0, 0, 0, 0, 0, 0, 0]}, '西门北侧': {'A': [1, 1, 1, 1, 1, 1, 1, 0, 1, 1], 'B': [1, 1, 1, 1, 0, 1, 1, 0, 1, 0], 'C': [1, 1, 1, 1, 1, 1, 1, 1, 1, 0]}, '西门南侧': {'A': [1, 1, 1, 1, 1, 0, 0, 1, 1, 1], 'B': [1, 1, 1, 1, 1, 1, 1, 1, 1, 1], 'C': [1, 1, 0, 1, 0, 0, 1, 1, 1, 0]}, '南门西侧': {'A': [1, 1, 1, 1, 1, 1, 1, 1, 1, 1], 'B': [0, 0, 0, 0, 0, 0, 0, 0, 0, 0]}, '南门东侧': {'A': [1, 1, 0, 1, 1, 1, 1, 1, 0, 1], 'B': [0, 0, 1, 1, 1, 0, 1, 1, 1, 1]}, '北门东北侧': {'A': [1, 1, 1, 1, 1, 1, 1, 1, 1, 1], 'B': [0, 1, 1, 1, 1, 0, 0, 1, 0, 0], 'C': [0, 0, 1, 1, 1, 1, 0, 1, 1, 0], 'D': [0, 1, 1, 0, 1, 1, 1, 0, 1, 1]}, '北门东南侧': {'A': [0, 0, 1, 1, 1, 0, 1, 1, 1, 1], 'B': [0, 1, 1, 0, 0, 0, 1, 0, 1, 0], 'C': [1, 0, 0, 1, 0, 0, 0, 1, 1, 1], 'D': [0, 0, 1, 0, 0, 1, 0, 0, 0, 1], 'E': [0, 1, 0, 0, 0, 0, 0, 0, 0, 0], 'F': [1, 0, 1, 1, 1, 1, 1, 0, 0, 1]}, '橘园北侧南': {'A': [0, 0, 0, 0, 0, 1, 1, 0, 0, 1], 'B': [1, 1, 1, 1, 0, 1, 0, 1, 1, 1], 'C': [0, 1, 1, 1, 0, 1, 1, 1, 0, 1], 'D': [1, 0, 0, 1, 1, 1, 1, 0, 1, 0], 'E': [1, 1, 1, 0, 1, 1, 1, 0, 0, 1], 'F': [1, 0, 0, 1, 0, 0, 1, 0, 0, 0], 'G': [0, 0, 1, 1, 0, 1, 1, 0, 0, 0], 'H': [0, 1, 1, 1, 1, 0, 0, 0, 0, 1], 'I': [0, 1, 0, 0, 0, 0, 1, 0, 0, 0], 'J': [0, 0, 0, 0, 0, 0, 0, 0, 0, 1]}, '校医院西': {'A': [0, 1, 0, 0, 1, 0, 0, 1, 0, 1], 'B': [1, 1, 1, 0, 1, 0, 0, 1, 0, 1], 'C': [0, 1, 1, 0, 1, 0, 1, 1, 0, 1], 'D': [1, 1, 1, 0, 1, 0, 0, 0, 1, 1], 'E': [1, 0, 1, 1, 1, 1, 1, 0, 1, 1], 'F': [0, 0, 1, 1, 1, 1, 1, 1, 1, 1], 'G': [0, 0, 0, 0, 0, 1, 0, 0, 0, 0], 'H': [0, 0, 0, 0, 0, 0, 0, 0, 0, 0], 'I': [0, 0, 0, 0, 0, 0, 0, 0, 0, 1]}}
623848	2024-07-13 14:53:03.107000+08:00	2024-07-13 14:53:03.107000+08:00	{'东门北侧': {'A': [1, 1, 1, 1, 1, 0, 1, 0, 1, 1], 'B': [1, 1, 1, 1, 1, 1, 1, 1, 1, 1], 'C': [0, 1, 1, 0, 1, 0, 1, 1, 1, 0], 'D': [1, 1, 1, 1, 1, 0, 1, 1, 0, 0], 'E': [1, 1, 1, 1, 1, 1, 1, 1, 1, 1], 'F': [1, 1, 1, 1, 1, 1, 1, 1, 0, 1], 'G': [1, 1, 1, 1, 1, 1, 1, 1, 0, 0], 'H': [1, 1, 1, 1, 1, 1, 1, 1, 0, 0], 'I': [1, 0, 1, 1, 1, 1, 0, 1, 0, 1], 'J': [1, 1, 1, 1, 0, 1, 1, 1, 1, 1], 'K': [0, 0, 0, 1, 1, 1, 1, 1, 0, 1]}, '东门南侧': {'A': [0, 0, 0, 0, 0, 0, 1, 0, 0, 0], 'B': [0, 0, 0, 0, 0, 0, 0, 0, 0, 0]}, '西门北侧': {'A': [1, 1, 1, 1, 1, 1, 1, 0, 1, 1], 'B': [1, 1, 1, 1, 0, 1, 1, 0, 1, 0], 'C': [1, 1, 1, 1, 1, 1, 1, 1, 1, 0]}, '西门南侧': {'A': [1, 1, 1, 1, 1, 0, 0, 1, 1, 1], 'B': [1, 1, 1, 1, 1, 1, 1, 1, 1, 1], 'C': [1, 1, 0, 1, 0, 0, 1, 1, 1, 0]}, '南门西侧': {'A': [1, 1, 1, 1, 1, 1, 1, 1, 1, 1], 'B': [0, 0, 0, 0, 0, 0, 0, 0, 0, 0]}, '南门东侧': {'A': [1, 1, 0, 1, 1, 1, 1, 1, 0, 1], 'B': [0, 0, 1, 1, 1, 0, 1, 1, 1, 1]}, '北门东北侧': {'A': [1, 1, 1, 1, 1, 1, 1, 1, 1, 1], 'B': [0, 1, 1, 1, 1, 0, 0, 1, 0, 0], 'C': [0, 0, 1, 1, 1, 1, 0, 1, 1, 0], 'D': [0, 1, 1, 0, 1, 1, 1, 0, 1, 1]}, '北门东南侧': {'A': [0, 0, 1, 1, 1, 0, 1, 1, 1, 1], 'B': [0, 1, 1, 0, 0, 0, 1, 0, 1, 0], 'C': [1, 0, 0, 1, 0, 0, 0, 1, 1, 1], 'D': [0, 0, 1, 0, 0, 1, 0, 0, 0, 1], 'E': [0, 1, 0, 0, 0, 0, 0, 0, 0, 0], 'F': [1, 0, 1, 1, 1, 1, 1, 0, 0, 1]}, '橘园北侧南': {'A': [0, 0, 0, 0, 0, 1, 1, 0, 0, 1], 'B': [1, 1, 1, 1, 0, 1, 0, 1, 1, 1], 'C': [0, 1, 1, 1, 0, 1, 1, 1, 0, 1], 'D': [1, 0, 0, 1, 1, 1, 1, 0, 1, 0], 'E': [1, 1, 1, 0, 1, 1, 1, 0, 0, 1], 'F': [1, 0, 0, 1, 0, 0, 1, 0, 0, 0], 'G': [0, 0, 1, 1, 0, 1, 1, 0, 0, 0], 'H': [0, 1, 1, 1, 1, 0, 0, 0, 0, 1], 'I': [0, 1, 0, 0, 0, 0, 1, 0, 0, 0], 'J': [0, 0, 0, 0, 0, 0, 0, 0, 0, 1]}, '校医院西': {'A': [0, 1, 0, 0, 1, 0, 0, 1, 0, 1], 'B': [1, 1, 1, 0, 1, 0, 0, 1, 0, 1], 'C': [0, 1, 1, 0, 1, 0, 1, 1, 0, 1], 'D': [1, 1, 1, 0, 1, 0, 0, 0, 1, 1], 'E': [1, 0, 1, 1, 1, 1, 1, 0, 1, 1], 'F': [0, 0, 1, 1, 1, 1, 1, 1, 1, 1], 'G': [0, 0, 0, 0, 0, 1, 0, 0, 0, 0], 'H': [0, 0, 0, 0, 0, 0, 0, 0, 0, 0], 'I': [0, 0, 0, 0, 0, 0, 0, 0, 0, 1]}}
623849	2024-07-13 14:54:01.769000+08:00	2024-07-13 14:54:01.769000+08:00	{'东门北侧': {'A': [1, 1, 1, 1, 1, 0, 1, 0, 1, 1], 'B': [1, 1, 1, 1, 1, 1, 1, 1, 1, 1], 'C': [0, 1, 1, 0, 1, 0, 1, 1, 1, 0], 'D': [1, 1, 1, 1, 1, 0, 1, 1, 0, 0], 'E': [1, 1, 1, 1, 1, 1, 1, 1, 1, 1], 'F': [1, 1, 1, 1, 1, 1, 1, 1, 0, 1], 'G': [1, 1, 1, 1, 1, 1, 1, 1, 0, 0], 'H': [1, 1, 1, 1, 1, 1, 1, 1, 0, 0], 'I': [1, 0, 1, 1, 1, 1, 0, 1, 0, 1], 'J': [1, 1, 1, 1, 0, 1, 1, 1, 1, 1], 'K': [0, 0, 0, 1, 1, 1, 1, 1, 0, 1]}, '东门南侧': {'A': [0, 0, 0, 0, 0, 0, 1, 0, 0, 0], 'B': [0, 0, 0, 0, 0, 0, 0, 0, 0, 0]}, '西门北侧': {'A': [1, 1, 1, 1, 1, 1, 1, 0, 1, 1], 'B': [1, 1, 1, 1, 0, 1, 1, 0, 1, 0], 'C': [1, 1, 1, 1, 1, 1, 1, 1, 1, 0]}, '西门南侧': {'A': [1, 1, 1, 1, 1, 0, 0, 1, 1, 1], 'B': [1, 1, 1, 1, 1, 1, 1, 1, 1, 1], 'C': [1, 1, 0, 1, 0, 0, 1, 1, 1, 0]}, '南门西侧': {'A': [1, 1, 1, 1, 1, 1, 1, 1, 1, 1], 'B': [0, 0, 0, 0, 0, 0, 0, 0, 0, 0]}, '南门东侧': {'A': [1, 1, 0, 1, 1, 1, 1, 1, 0, 1], 'B': [0, 0, 1, 1, 1, 0, 1, 1, 1, 1]}, '北门东北侧': {'A': [1, 1, 1, 1, 1, 1, 1, 1, 1, 1], 'B': [0, 1, 1, 1, 1, 0, 0, 1, 0, 0], 'C': [0, 0, 1, 1, 1, 1, 0, 1, 1, 0], 'D': [0, 1, 1, 0, 1, 1, 1, 0, 1, 1]}, '北门东南侧': {'A': [0, 0, 1, 1, 1, 0, 1, 1, 1, 1], 'B': [0, 1, 1, 0, 0, 0, 1, 0, 1, 0], 'C': [1, 0, 0, 1, 0, 0, 0, 1, 1, 1], 'D': [0, 0, 1, 0, 0, 1, 0, 0, 0, 1], 'E': [0, 1, 0, 0, 0, 0, 0, 0, 0, 0], 'F': [1, 0, 1, 1, 1, 1, 1, 0, 0, 1]}, '橘园北侧南': {'A': [0, 0, 0, 0, 0, 1, 1, 0, 0, 1], 'B': [1, 1, 1, 1, 0, 1, 0, 1, 1, 1], 'C': [0, 1, 1, 1, 0, 1, 1, 1, 0, 1], 'D': [1, 0, 0, 1, 1, 1, 1, 0, 1, 0], 'E': [1, 1, 1, 0, 1, 1, 1, 0, 0, 1], 'F': [1, 0, 0, 0, 0, 0, 1, 0, 0, 0], 'G': [0, 0, 1, 1, 0, 1, 1, 0, 0, 0], 'H': [0, 1, 1, 1, 1, 0, 0, 0, 0, 1], 'I': [0, 1, 0, 0, 0, 0, 1, 0, 0, 0], 'J': [0, 0, 0, 0, 0, 0, 0, 0, 0, 1]}, '校医院西': {'A': [0, 1, 0, 0, 1, 0, 0, 1, 0, 1], 'B': [1, 1, 1, 0, 1, 0, 0, 1, 0, 1], 'C': [0, 1, 1, 0, 1, 0, 1, 1, 0, 1], 'D': [1, 1, 1, 0, 1, 0, 0, 0, 1, 1], 'E': [1, 0, 1, 1, 1, 1, 1, 0, 1, 1], 'F': [0, 0, 1, 1, 1, 1, 1, 1, 1, 1], 'G': [0, 0, 0, 0, 0, 1, 0, 0, 0, 0], 'H': [0, 0, 0, 0, 0, 0, 0, 0, 0, 0], 'I': [0, 0, 0, 0, 0, 0, 0, 0, 1, 1]}}
623850	2024-07-13 14:55:01.260000+08:00	2024-07-13 14:55:01.260000+08:00	{'东门北侧': {'A': [1, 1, 1, 1, 1, 0, 1, 0, 1, 1], 'B': [1, 1, 1, 1, 1, 1, 1, 1, 1, 1], 'C': [0, 1, 1, 0, 1, 0, 1, 1, 1, 0], 'D': [1, 1, 1, 1, 1, 0, 1, 1, 0, 0], 'E': [1, 1, 1, 1, 1, 1, 1, 1, 1, 1], 'F': [1, 1, 1, 1, 1, 1, 1, 1, 0, 1], 'G': [1, 1, 1, 1, 1, 1, 1, 1, 0, 0], 'H': [1, 1, 1, 1, 1, 1, 1, 1, 0, 0], 'I': [1, 0, 1, 1, 1, 1, 0, 1, 0, 1], 'J': [1, 1, 1, 1, 0, 1, 1, 1, 1, 1], 'K': [0, 0, 0, 1, 1, 1, 1, 1, 0, 1]}, '东门南侧': {'A': [0, 0, 0, 0, 0, 0, 1, 0, 0, 0], 'B': [0, 0, 0, 0, 0, 0, 0, 0, 0, 0]}, '西门北侧': {'A': [1, 1, 1, 1, 1, 1, 1, 0, 1, 1], 'B': [1, 1, 1, 1, 0, 1, 1, 0, 1, 0], 'C': [1, 1, 1, 1, 1, 1, 1, 1, 1, 0]}, '西门南侧': {'A': [1, 1, 1, 1, 1, 0, 0, 1, 1, 1], 'B': [1, 1, 1, 1, 1, 1, 1, 1, 1, 1], 'C': [1, 1, 0, 1, 0, 0, 1, 1, 1, 0]}, '南门西侧': {'A': [1, 1, 1, 1, 1, 1, 1, 1, 1, 1], 'B': [0, 0, 0, 0, 0, 0, 0, 0, 0, 0]}, '南门东侧': {'A': [1, 1, 0, 1, 1, 1, 1, 1, 0, 1], 'B': [0, 0, 1, 1, 1, 0, 1, 1, 1, 1]}, '北门东北侧': {'A': [1, 1, 1, 1, 1, 1, 1, 1, 1, 1], 'B': [0, 1, 1, 1, 1, 0, 0, 1, 0, 0], 'C': [0, 0, 1, 1, 1, 1, 0, 1, 1, 0], 'D': [0, 1, 1, 0, 1, 1, 1, 0, 1, 1]}, '北门东南侧': {'A': [0, 0, 1, 1, 1, 0, 1, 1, 1, 1], 'B': [0, 1, 1, 0, 0, 0, 1, 0, 1, 0], 'C': [1, 0, 0, 1, 0, 0, 0, 1, 1, 1], 'D': [0, 0, 1, 0, 0, 1, 0, 0, 0, 1], 'E': [0, 1, 0, 0, 0, 0, 0, 0, 0, 0], 'F': [1, 0, 1, 1, 1, 1, 1, 0, 0, 1]}, '橘园北侧南': {'A': [0, 0, 0, 0, 0, 1, 1, 0, 0, 1], 'B': [1, 1, 1, 1, 0, 1, 0, 1, 1, 1], 'C': [0, 1, 1, 1, 0, 1, 1, 1, 0, 1], 'D': [1, 1, 0, 1, 1, 1, 1, 0, 1, 0], 'E': [1, 1, 1, 0, 1, 1, 1, 0, 0, 1], 'F': [1, 0, 0, 0, 0, 0, 1, 0, 0, 0], 'G': [0, 0, 1, 1, 0, 1, 1, 0, 0, 0], 'H': [0, 1, 1, 1, 1, 0, 0, 0, 0, 1], 'I': [0, 1, 0, 0, 0, 0, 1, 0, 0, 0], 'J': [0, 0, 0, 0, 0, 0, 0, 0, 0, 1]}, '校医院西': {'A': [0, 1, 0, 0, 1, 0, 0, 1, 0, 1], 'B': [1, 1, 1, 0, 1, 0, 0, 1, 0, 1], 'C': [0, 1, 1, 0, 1, 0, 1, 1, 0, 1], 'D': [1, 1, 1, 0, 1, 0, 0, 0, 1, 1], 'E': [1, 0, 1, 1, 1, 1, 1, 0, 1, 1], 'F': [0, 0, 1, 1, 1, 1, 1, 1, 1, 1], 'G': [0, 0, 0, 0, 0, 1, 0, 0, 0, 0], 'H': [0, 0, 0, 0, 0, 0, 0, 0, 0, 0], 'I': [0, 0, 0, 0, 0, 0, 0, 0, 1, 1]}}
623851	2024-07-13 14:56:00.472000+08:00	2024-07-13 14:56:00.472000+08:00	{'东门北侧': {'A': [1, 1, 1, 1, 1, 0, 1, 0, 1, 1], 'B': [1, 1, 1, 1, 1, 1, 1, 1, 1, 1], 'C': [0, 1, 1, 0, 1, 0, 1, 1, 1, 0], 'D': [1, 1, 1, 1, 1, 0, 1, 1, 0, 0], 'E': [1, 1, 1, 1, 1, 1, 1, 1, 1, 1], 'F': [1, 1, 1, 1, 1, 1, 1, 1, 0, 1], 'G': [1, 1, 1, 1, 1, 1, 1, 1, 0, 0], 'H': [1, 1, 1, 1, 1, 1, 1, 1, 0, 0], 'I': [1, 0, 1, 1, 1, 1, 0, 1, 0, 1], 'J': [1, 1, 1, 1, 0, 1, 1, 1, 1, 1], 'K': [0, 0, 0, 1, 1, 1, 1, 1, 0, 1]}, '东门南侧': {'A': [0, 0, 0, 0, 0, 0, 1, 0, 0, 0], 'B': [0, 0, 0, 0, 0, 0, 0, 0, 0, 0]}, '西门北侧': {'A': [1, 1, 1, 1, 1, 1, 1, 0, 1, 1], 'B': [1, 1, 1, 1, 0, 1, 1, 0, 1, 0], 'C': [1, 1, 1, 1, 1, 1, 1, 1, 1, 0]}, '西门南侧': {'A': [1, 1, 1, 1, 1, 0, 0, 1, 1, 1], 'B': [1, 1, 1, 1, 1, 1, 1, 1, 1, 1], 'C': [1, 1, 0, 1, 0, 0, 1, 1, 1, 0]}, '南门西侧': {'A': [1, 1, 1, 1, 1, 1, 1, 1, 1, 1], 'B': [0, 0, 0, 0, 0, 0, 0, 0, 0, 0]}, '南门东侧': {'A': [1, 1, 0, 1, 1, 1, 1, 1, 0, 1], 'B': [0, 0, 1, 1, 1, 0, 1, 1, 1, 1]}, '北门东北侧': {'A': [1, 1, 1, 1, 1, 1, 1, 1, 1, 1], 'B': [0, 1, 1, 1, 1, 0, 0, 1, 0, 0], 'C': [0, 0, 1, 1, 1, 1, 0, 1, 1, 0], 'D': [0, 1, 1, 0, 1, 1, 1, 0, 1, 1]}, '北门东南侧': {'A': [0, 0, 1, 1, 1, 0, 1, 1, 1, 1], 'B': [0, 1, 1, 0, 0, 0, 1, 0, 1, 0], 'C': [1, 0, 0, 1, 0, 0, 0, 1, 1, 1], 'D': [0, 0, 1, 0, 0, 1, 0, 0, 0, 1], 'E': [0, 1, 0, 0, 0, 0, 0, 0, 0, 0], 'F': [1, 0, 1, 1, 1, 1, 1, 0, 0, 1]}, '橘园北侧南': {'A': [0, 0, 0, 0, 0, 1, 1, 0, 0, 1], 'B': [1, 1, 1, 1, 0, 1, 0, 1, 1, 1], 'C': [0, 1, 1, 1, 0, 1, 1, 1, 0, 1], 'D': [1, 1, 0, 1, 1, 1, 1, 0, 1, 0], 'E': [1, 1, 1, 0, 1, 1, 1, 0, 0, 1], 'F': [1, 0, 0, 0, 0, 0, 1, 0, 0, 0], 'G': [0, 0, 1, 1, 0, 1, 1, 0, 0, 0], 'H': [0, 1, 1, 1, 1, 0, 1, 0, 0, 1], 'I': [0, 1, 0, 0, 0, 0, 1, 0, 0, 0], 'J': [0, 0, 0, 0, 0, 0, 0, 0, 0, 1]}, '校医院西': {'A': [0, 1, 0, 0, 1, 0, 0, 1, 0, 1], 'B': [1, 1, 1, 0, 1, 0, 0, 1, 0, 1], 'C': [0, 1, 1, 0, 1, 0, 1, 1, 0, 1], 'D': [1, 1, 1, 0, 1, 0, 0, 0, 1, 1], 'E': [1, 0, 1, 1, 1, 1, 1, 0, 1, 1], 'F': [0, 0, 1, 1, 1, 1, 1, 1, 1, 1], 'G': [0, 0, 0, 0, 0, 1, 0, 0, 0, 0], 'H': [0, 0, 0, 0, 0, 0, 0, 0, 0, 0], 'I': [0, 0, 0, 0, 0, 0, 0, 0, 1, 1]}}
623852	2024-07-13 14:57:01.389000+08:00	2024-07-13 14:57:01.389000+08:00	{'东门北侧': {'A': [1, 1, 1, 1, 1, 0, 1, 0, 1, 1], 'B': [1, 1, 1, 1, 1, 1, 1, 1, 1, 1], 'C': [0, 1, 1, 0, 1, 0, 1, 1, 1, 0], 'D': [1, 1, 1, 1, 1, 0, 1, 1, 0, 0], 'E': [1, 1, 1, 1, 1, 1, 1, 1, 1, 1], 'F': [1, 1, 1, 1, 1, 1, 1, 1, 0, 1], 'G': [1, 1, 1, 1, 1, 1, 1, 1, 0, 0], 'H': [1, 1, 1, 1, 1, 1, 1, 1, 0, 0], 'I': [1, 0, 1, 1, 1, 1, 0, 1, 0, 1], 'J': [1, 1, 1, 1, 0, 1, 1, 1, 1, 1], 'K': [0, 0, 0, 1, 1, 1, 1, 1, 0, 1]}, '东门南侧': {'A': [0, 0, 0, 0, 0, 0, 1, 0, 0, 0], 'B': [0, 0, 0, 0, 0, 0, 0, 0, 0, 0]}, '西门北侧': {'A': [1, 1, 1, 1, 1, 1, 1, 0, 1, 1], 'B': [1, 1, 1, 1, 0, 1, 1, 0, 1, 0], 'C': [1, 1, 1, 1, 1, 1, 1, 1, 1, 0]}, '西门南侧': {'A': [1, 1, 1, 1, 1, 0, 0, 1, 1, 1], 'B': [1, 1, 1, 1, 1, 1, 1, 1, 1, 1], 'C': [1, 1, 0, 1, 0, 0, 1, 1, 1, 0]}, '南门西侧': {'A': [1, 1, 1, 1, 1, 1, 1, 1, 1, 1], 'B': [0, 0, 0, 0, 0, 0, 0, 0, 0, 0]}, '南门东侧': {'A': [1, 1, 0, 1, 1, 1, 1, 1, 0, 1], 'B': [0, 0, 1, 1, 1, 0, 1, 1, 1, 1]}, '北门东北侧': {'A': [1, 1, 1, 1, 1, 1, 1, 1, 1, 1], 'B': [0, 1, 1, 1, 1, 0, 0, 1, 0, 0], 'C': [0, 0, 1, 1, 1, 1, 0, 1, 1, 0], 'D': [0, 1, 1, 0, 1, 1, 1, 0, 1, 1]}, '北门东南侧': {'A': [0, 0, 1, 1, 1, 0, 1, 1, 1, 1], 'B': [0, 1, 1, 0, 0, 0, 1, 0, 1, 0], 'C': [1, 0, 0, 1, 0, 0, 0, 1, 1, 1], 'D': [0, 0, 1, 0, 0, 1, 0, 0, 0, 1], 'E': [0, 1, 0, 0, 0, 0, 0, 0, 0, 0], 'F': [1, 0, 1, 1, 1, 1, 1, 0, 0, 1]}, '橘园北侧南': {'A': [0, 0, 0, 0, 0, 1, 1, 0, 0, 1], 'B': [1, 1, 1, 1, 0, 1, 0, 1, 1, 1], 'C': [0, 1, 1, 1, 0, 1, 1, 1, 0, 1], 'D': [1, 1, 0, 1, 1, 1, 1, 0, 1, 0], 'E': [1, 1, 1, 0, 1, 1, 1, 0, 0, 1], 'F': [1, 0, 0, 0, 0, 0, 1, 0, 0, 0], 'G': [0, 0, 1, 1, 0, 1, 1, 0, 0, 0], 'H': [0, 1, 1, 1, 1, 0, 1, 0, 0, 1], 'I': [0, 1, 0, 0, 0, 0, 1, 0, 0, 0], 'J': [0, 0, 0, 0, 0, 0, 0, 0, 0, 1]}, '校医院西': {'A': [0, 1, 0, 0, 1, 0, 0, 1, 0, 1], 'B': [1, 1, 1, 0, 1, 0, 0, 1, 0, 1], 'C': [0, 1, 1, 0, 1, 0, 1, 1, 0, 1], 'D': [1, 1, 1, 0, 1, 0, 0, 0, 1, 1], 'E': [1, 0, 1, 1, 1, 1, 1, 0, 1, 1], 'F': [0, 0, 1, 1, 1, 1, 1, 1, 1, 1], 'G': [0, 0, 0, 0, 0, 1, 0, 0, 0, 0], 'H': [0, 0, 0, 0, 0, 0, 0, 0, 0, 0], 'I': [0, 0, 0, 0, 0, 0, 0, 0, 1, 1]}}
623853	2024-07-13 14:58:01.557000+08:00	2024-07-13 14:58:01.557000+08:00	{'东门北侧': {'A': [1, 1, 1, 1, 1, 0, 1, 0, 1, 1], 'B': [1, 1, 1, 1, 1, 1, 1, 1, 1, 1], 'C': [0, 1, 1, 0, 1, 0, 1, 1, 1, 0], 'D': [1, 1, 1, 1, 1, 0, 1, 1, 0, 0], 'E': [1, 1, 1, 1, 1, 1, 1, 1, 1, 1], 'F': [1, 1, 1, 1, 1, 1, 1, 1, 0, 1], 'G': [1, 1, 1, 1, 1, 1, 1, 1, 0, 0], 'H': [1, 1, 1, 1, 1, 1, 1, 1, 0, 0], 'I': [1, 0, 1, 1, 1, 1, 0, 1, 0, 1], 'J': [1, 1, 1, 1, 0, 1, 1, 1, 1, 1], 'K': [0, 0, 0, 1, 1, 1, 1, 1, 0, 1]}, '东门南侧': {'A': [0, 0, 0, 0, 0, 0, 1, 0, 0, 0], 'B': [0, 0, 0, 0, 0, 0, 0, 0, 0, 0]}, '西门北侧': {'A': [1, 1, 1, 1, 1, 1, 1, 0, 1, 1], 'B': [1, 1, 1, 1, 0, 1, 1, 0, 1, 0], 'C': [1, 1, 1, 1, 1, 1, 1, 1, 1, 0]}, '西门南侧': {'A': [1, 1, 1, 1, 1, 0, 0, 1, 1, 1], 'B': [1, 1, 1, 1, 1, 1, 1, 1, 1, 1], 'C': [1, 1, 0, 1, 0, 0, 1, 1, 1, 0]}, '南门西侧': {'A': [1, 1, 1, 1, 1, 1, 1, 1, 1, 1], 'B': [0, 0, 0, 0, 0, 0, 0, 0, 0, 0]}, '南门东侧': {'A': [1, 1, 0, 1, 1, 1, 1, 1, 0, 1], 'B': [0, 0, 1, 1, 1, 0, 1, 1, 1, 1]}, '北门东北侧': {'A': [1, 1, 1, 1, 1, 1, 1, 1, 1, 1], 'B': [0, 1, 1, 1, 1, 0, 0, 1, 0, 0], 'C': [0, 0, 1, 1, 1, 1, 0, 1, 1, 0], 'D': [0, 1, 1, 0, 1, 1, 1, 0, 1, 1]}, '北门东南侧': {'A': [0, 0, 1, 1, 1, 0, 1, 1, 1, 1], 'B': [0, 1, 1, 0, 0, 0, 1, 0, 1, 0], 'C': [1, 0, 0, 1, 0, 0, 0, 1, 1, 1], 'D': [0, 0, 1, 0, 0, 1, 0, 0, 0, 1], 'E': [0, 1, 0, 0, 0, 0, 0, 0, 0, 0], 'F': [1, 0, 1, 1, 1, 1, 1, 0, 0, 1]}, '橘园北侧南': {'A': [0, 0, 0, 0, 0, 1, 1, 0, 0, 1], 'B': [1, 1, 1, 1, 0, 1, 0, 1, 1, 1], 'C': [0, 1, 1, 1, 0, 1, 1, 1, 0, 1], 'D': [1, 1, 0, 1, 1, 1, 1, 0, 1, 0], 'E': [1, 1, 1, 0, 1, 1, 1, 0, 0, 1], 'F': [1, 0, 0, 0, 0, 0, 1, 0, 0, 0], 'G': [0, 0, 1, 1, 0, 1, 1, 0, 0, 0], 'H': [0, 1, 1, 1, 1, 0, 1, 0, 0, 1], 'I': [0, 1, 0, 0, 0, 0, 1, 0, 0, 0], 'J': [0, 0, 0, 0, 0, 0, 0, 0, 0, 1]}, '校医院西': {'A': [0, 1, 0, 1, 1, 0, 0, 1, 0, 1], 'B': [1, 1, 1, 0, 1, 0, 0, 1, 0, 1], 'C': [0, 1, 1, 0, 1, 0, 1, 1, 0, 1], 'D': [1, 1, 1, 0, 1, 0, 0, 0, 1, 1], 'E': [1, 0, 1, 1, 1, 1, 1, 0, 1, 1], 'F': [0, 0, 1, 1, 1, 1, 1, 1, 1, 1], 'G': [0, 0, 0, 0, 0, 1, 0, 0, 0, 0], 'H': [0, 0, 0, 0, 0, 0, 0, 0, 0, 0], 'I': [0, 0, 0, 0, 0, 0, 0, 0, 1, 1]}}
623854	2024-07-13 14:59:01.501000+08:00	2024-07-13 14:59:01.501000+08:00	{'东门北侧': {'A': [1, 1, 1, 1, 1, 0, 1, 0, 1, 1], 'B': [1, 1, 1, 1, 1, 1, 1, 1, 1, 1], 'C': [0, 1, 1, 0, 1, 0, 1, 1, 1, 0], 'D': [1, 1, 1, 1, 1, 0, 1, 1, 0, 0], 'E': [1, 1, 1, 1, 1, 1, 1, 1, 1, 1], 'F': [1, 1, 1, 1, 1, 1, 1, 1, 0, 1], 'G': [1, 1, 1, 1, 1, 1, 1, 1, 0, 0], 'H': [1, 1, 1, 1, 1, 1, 1, 1, 0, 0], 'I': [1, 0, 1, 1, 1, 1, 0, 1, 0, 1], 'J': [1, 1, 1, 1, 0, 1, 1, 1, 1, 1], 'K': [0, 0, 0, 1, 1, 1, 1, 1, 0, 1]}, '东门南侧': {'A': [0, 0, 0, 0, 0, 0, 1, 0, 0, 0], 'B': [0, 0, 0, 0, 0, 0, 0, 0, 0, 0]}, '西门北侧': {'A': [1, 1, 1, 1, 1, 1, 1, 0, 1, 1], 'B': [1, 1, 1, 1, 0, 1, 1, 0, 1, 0], 'C': [1, 1, 1, 1, 1, 1, 1, 1, 1, 0]}, '西门南侧': {'A': [1, 1, 1, 1, 1, 0, 0, 1, 1, 1], 'B': [1, 1, 1, 1, 1, 1, 1, 1, 1, 1], 'C': [1, 1, 0, 1, 0, 0, 1, 1, 1, 0]}, '南门西侧': {'A': [1, 1, 1, 1, 1, 1, 1, 1, 1, 1], 'B': [0, 0, 0, 0, 0, 0, 0, 0, 0, 0]}, '南门东侧': {'A': [1, 1, 0, 1, 1, 1, 1, 1, 0, 1], 'B': [0, 0, 1, 1, 1, 0, 1, 1, 1, 1]}, '北门东北侧': {'A': [1, 1, 1, 1, 1, 1, 1, 1, 1, 1], 'B': [0, 1, 1, 1, 1, 0, 0, 1, 0, 0], 'C': [0, 0, 1, 1, 1, 1, 0, 1, 1, 0], 'D': [0, 1, 1, 0, 1, 1, 1, 0, 1, 1]}, '北门东南侧': {'A': [0, 0, 1, 1, 1, 0, 1, 1, 1, 1], 'B': [0, 1, 1, 0, 0, 0, 1, 0, 1, 0], 'C': [1, 0, 0, 1, 0, 0, 0, 1, 1, 1], 'D': [0, 0, 1, 0, 0, 1, 0, 0, 0, 1], 'E': [0, 1, 0, 0, 0, 0, 0, 0, 0, 0], 'F': [1, 0, 1, 1, 1, 1, 1, 0, 0, 1]}, '橘园北侧南': {'A': [0, 0, 0, 0, 0, 1, 1, 0, 0, 1], 'B': [1, 1, 1, 1, 0, 1, 0, 1, 1, 1], 'C': [0, 1, 1, 1, 0, 1, 1, 1, 0, 1], 'D': [1, 1, 0, 1, 1, 1, 1, 0, 1, 0], 'E': [1, 1, 1, 0, 1, 1, 1, 0, 0, 1], 'F': [1, 0, 0, 0, 0, 0, 1, 0, 0, 0], 'G': [0, 0, 1, 1, 0, 1, 1, 0, 0, 0], 'H': [0, 1, 1, 1, 1, 0, 1, 0, 0, 1], 'I': [0, 1, 0, 0, 0, 0, 1, 0, 0, 0], 'J': [0, 0, 0, 0, 0, 0, 0, 0, 0, 1]}, '校医院西': {'A': [0, 1, 0, 1, 1, 0, 0, 1, 0, 1], 'B': [1, 1, 1, 0, 1, 0, 0, 1, 0, 1], 'C': [0, 1, 1, 0, 1, 0, 1, 1, 0, 1], 'D': [1, 1, 1, 0, 1, 0, 0, 0, 1, 1], 'E': [1, 0, 1, 1, 1, 1, 1, 0, 1, 1], 'F': [0, 0, 1, 1, 1, 1, 1, 1, 1, 1], 'G': [0, 0, 0, 0, 0, 1, 0, 0, 0, 0], 'H': [0, 0, 0, 0, 0, 0, 0, 0, 0, 0], 'I': [0, 0, 0, 0, 0, 0, 0, 0, 1, 1]}}
623855	2024-07-13 14:59:59.477000+08:00	2024-07-13 14:59:59.477000+08:00	{'东门北侧': {'A': [1, 1, 1, 1, 1, 0, 1, 0, 1, 1], 'B': [1, 1, 1, 1, 1, 1, 1, 1, 1, 1], 'C': [0, 1, 1, 0, 1, 0, 1, 1, 1, 0], 'D': [1, 1, 1, 1, 1, 0, 1, 1, 0, 0], 'E': [1, 1, 1, 1, 1, 1, 1, 1, 1, 1], 'F': [1, 1, 1, 1, 1, 1, 1, 1, 0, 1], 'G': [1, 1, 1, 1, 1, 1, 1, 1, 0, 0], 'H': [1, 1, 1, 1, 1, 1, 1, 1, 0, 0], 'I': [1, 0, 1, 1, 1, 1, 0, 1, 0, 1], 'J': [1, 1, 1, 1, 0, 1, 1, 1, 1, 1], 'K': [0, 0, 0, 1, 1, 1, 1, 1, 0, 1]}, '东门南侧': {'A': [0, 0, 0, 0, 0, 0, 1, 0, 0, 0], 'B': [0, 0, 0, 0, 0, 0, 0, 0, 0, 0]}, '西门北侧': {'A': [1, 1, 1, 1, 1, 1, 1, 0, 1, 1], 'B': [1, 1, 1, 1, 0, 1, 1, 0, 1, 0], 'C': [1, 1, 1, 1, 1, 1, 1, 1, 1, 0]}, '西门南侧': {'A': [1, 1, 1, 1, 1, 0, 0, 1, 1, 1], 'B': [1, 1, 1, 1, 1, 1, 1, 1, 1, 1], 'C': [1, 1, 0, 1, 0, 0, 1, 1, 1, 0]}, '南门西侧': {'A': [1, 1, 1, 1, 1, 1, 1, 1, 1, 1], 'B': [0, 0, 0, 0, 0, 0, 0, 0, 0, 0]}, '南门东侧': {'A': [1, 1, 0, 1, 1, 1, 1, 1, 0, 1], 'B': [0, 0, 1, 1, 1, 0, 1, 1, 1, 1]}, '北门东北侧': {'A': [1, 1, 1, 1, 1, 1, 1, 1, 1, 1], 'B': [0, 1, 1, 1, 1, 0, 0, 1, 0, 0], 'C': [0, 0, 1, 1, 1, 1, 0, 1, 1, 0], 'D': [0, 1, 1, 0, 1, 1, 1, 0, 1, 1]}, '北门东南侧': {'A': [0, 0, 1, 1, 1, 0, 1, 1, 1, 1], 'B': [0, 1, 1, 0, 0, 0, 1, 0, 1, 0], 'C': [1, 0, 0, 1, 0, 0, 0, 1, 1, 1], 'D': [0, 0, 1, 0, 0, 1, 0, 0, 0, 1], 'E': [0, 1, 0, 0, 0, 0, 0, 0, 0, 0], 'F': [1, 0, 1, 1, 1, 1, 1, 0, 0, 1]}, '橘园北侧南': {'A': [0, 0, 0, 0, 0, 1, 1, 0, 0, 1], 'B': [1, 1, 1, 1, 0, 1, 0, 1, 1, 1], 'C': [0, 1, 1, 1, 0, 1, 1, 1, 0, 1], 'D': [1, 1, 0, 1, 1, 1, 1, 0, 1, 0], 'E': [1, 1, 1, 0, 1, 1, 1, 0, 0, 1], 'F': [1, 0, 0, 0, 0, 0, 1, 0, 0, 0], 'G': [0, 0, 1, 1, 0, 1, 1, 0, 0, 0], 'H': [0, 1, 1, 1, 1, 0, 1, 0, 0, 1], 'I': [0, 1, 0, 0, 0, 0, 1, 0, 0, 0], 'J': [0, 0, 0, 0, 0, 0, 0, 0, 0, 1]}, '校医院西': {'A': [0, 1, 0, 1, 1, 0, 0, 1, 0, 1], 'B': [1, 1, 1, 0, 1, 0, 0, 1, 0, 1], 'C': [0, 1, 1, 0, 1, 0, 1, 1, 0, 1], 'D': [1, 1, 1, 0, 1, 0, 0, 0, 1, 1], 'E': [1, 0, 1, 1, 1, 1, 1, 0, 1, 1], 'F': [0, 0, 1, 1, 1, 1, 1, 1, 1, 1], 'G': [0, 0, 0, 0, 0, 1, 0, 0, 0, 0], 'H': [0, 0, 0, 0, 0, 0, 0, 0, 0, 0], 'I': [0, 0, 0, 0, 1, 0, 0, 0, 1, 1]}}
623856	2024-07-13 15:00:58.521000+08:00	2024-07-13 15:00:58.521000+08:00	{'东门北侧': {'A': [1, 1, 1, 1, 1, 0, 1, 0, 1, 1], 'B': [1, 1, 1, 1, 1, 1, 1, 1, 1, 1], 'C': [0, 1, 1, 0, 1, 0, 1, 1, 1, 0], 'D': [1, 1, 1, 1, 1, 0, 1, 1, 0, 0], 'E': [1, 1, 1, 1, 1, 1, 1, 1, 1, 1], 'F': [1, 1, 1, 1, 1, 1, 1, 1, 0, 1], 'G': [1, 1, 1, 1, 1, 1, 1, 1, 0, 0], 'H': [1, 1, 1, 1, 1, 1, 1, 1, 0, 0], 'I': [1, 0, 1, 1, 1, 1, 0, 1, 0, 1], 'J': [1, 1, 1, 1, 0, 1, 1, 1, 1, 1], 'K': [0, 0, 0, 1, 1, 1, 1, 1, 0, 1]}, '东门南侧': {'A': [0, 0, 0, 0, 0, 0, 1, 0, 0, 0], 'B': [0, 0, 0, 0, 0, 0, 0, 0, 0, 0]}, '西门北侧': {'A': [1, 1, 1, 1, 1, 1, 1, 0, 1, 1], 'B': [1, 1, 1, 1, 0, 1, 1, 0, 1, 0], 'C': [1, 1, 1, 1, 1, 1, 1, 1, 1, 0]}, '西门南侧': {'A': [1, 1, 1, 1, 1, 0, 0, 1, 1, 1], 'B': [1, 1, 1, 1, 1, 1, 1, 1, 1, 1], 'C': [1, 1, 0, 1, 0, 0, 1, 1, 1, 0]}, '南门西侧': {'A': [1, 1, 1, 1, 1, 1, 1, 1, 1, 1], 'B': [0, 0, 0, 0, 0, 0, 0, 0, 0, 0]}, '南门东侧': {'A': [1, 1, 0, 1, 1, 1, 1, 1, 0, 1], 'B': [0, 0, 1, 1, 1, 0, 1, 1, 1, 1]}, '北门东北侧': {'A': [1, 1, 1, 1, 1, 1, 1, 1, 1, 1], 'B': [0, 1, 1, 1, 1, 0, 0, 1, 0, 0], 'C': [0, 0, 1, 1, 1, 1, 0, 1, 1, 0], 'D': [0, 1, 1, 0, 1, 1, 1, 0, 0, 1]}, '北门东南侧': {'A': [0, 0, 1, 1, 1, 0, 1, 1, 1, 1], 'B': [0, 1, 1, 0, 0, 0, 1, 0, 1, 0], 'C': [1, 0, 0, 1, 0, 0, 0, 0, 1, 1], 'D': [0, 0, 1, 0, 0, 1, 0, 0, 0, 1], 'E': [0, 1, 0, 0, 0, 0, 0, 0, 0, 0], 'F': [1, 0, 1, 1, 1, 1, 1, 0, 0, 1]}, '橘园北侧南': {'A': [0, 0, 0, 0, 0, 1, 1, 0, 0, 1], 'B': [1, 1, 1, 1, 0, 1, 0, 1, 1, 1], 'C': [0, 1, 1, 1, 0, 1, 1, 1, 0, 1], 'D': [1, 1, 0, 1, 1, 1, 1, 0, 1, 0], 'E': [1, 1, 1, 0, 1, 1, 1, 0, 0, 1], 'F': [1, 0, 0, 0, 0, 0, 1, 0, 0, 0], 'G': [0, 0, 1, 1, 0, 1, 1, 0, 0, 0], 'H': [0, 1, 1, 1, 1, 0, 1, 0, 0, 1], 'I': [0, 1, 0, 0, 0, 0, 1, 0, 0, 0], 'J': [0, 0, 0, 0, 0, 0, 0, 0, 0, 1]}, '校医院西': {'A': [0, 1, 0, 1, 1, 0, 0, 1, 0, 1], 'B': [1, 1, 1, 0, 1, 0, 0, 1, 0, 1], 'C': [0, 1, 1, 0, 1, 0, 1, 1, 0, 1], 'D': [1, 1, 1, 0, 1, 0, 0, 0, 1, 1], 'E': [1, 0, 1, 1, 1, 1, 1, 0, 1, 1], 'F': [0, 0, 1, 1, 1, 1, 1, 1, 1, 1], 'G': [0, 0, 0, 0, 0, 1, 0, 0, 0, 0], 'H': [0, 0, 0, 0, 0, 0, 0, 0, 0, 0], 'I': [0, 0, 0, 0, 1, 0, 0, 0, 1, 1]}}
623857	2024-07-13 15:02:00.505000+08:00	2024-07-13 15:02:00.505000+08:00	{'东门北侧': {'A': [1, 1, 1, 1, 1, 0, 1, 0, 1, 1], 'B': [1, 1, 1, 1, 1, 1, 1, 1, 1, 1], 'C': [0, 1, 1, 0, 1, 0, 1, 1, 1, 0], 'D': [1, 1, 1, 1, 1, 0, 1, 1, 0, 0], 'E': [1, 1, 1, 1, 1, 1, 1, 1, 1, 1], 'F': [1, 1, 1, 1, 1, 1, 1, 1, 0, 1], 'G': [1, 1, 1, 1, 1, 1, 1, 1, 0, 0], 'H': [1, 1, 1, 1, 1, 1, 1, 1, 0, 0], 'I': [1, 0, 1, 1, 1, 1, 0, 1, 0, 1], 'J': [1, 1, 1, 1, 0, 1, 1, 1, 1, 1], 'K': [0, 0, 0, 1, 1, 1, 1, 1, 0, 1]}, '东门南侧': {'A': [0, 0, 0, 0, 0, 0, 1, 0, 0, 0], 'B': [0, 0, 0, 0, 0, 0, 0, 0, 0, 0]}, '西门北侧': {'A': [1, 1, 1, 1, 1, 1, 1, 0, 1, 1], 'B': [1, 1, 1, 1, 0, 1, 1, 0, 1, 0], 'C': [1, 1, 1, 1, 1, 1, 1, 1, 1, 0]}, '西门南侧': {'A': [1, 1, 1, 1, 1, 0, 0, 1, 1, 1], 'B': [1, 1, 1, 1, 1, 1, 1, 1, 1, 1], 'C': [1, 1, 0, 1, 0, 0, 1, 1, 1, 0]}, '南门西侧': {'A': [1, 1, 1, 1, 1, 1, 1, 1, 1, 1], 'B': [0, 0, 0, 0, 0, 0, 0, 0, 0, 0]}, '南门东侧': {'A': [1, 1, 0, 1, 1, 1, 1, 1, 0, 1], 'B': [0, 0, 1, 1, 1, 0, 1, 1, 1, 1]}, '北门东北侧': {'A': [1, 1, 1, 1, 1, 1, 1, 1, 1, 1], 'B': [0, 1, 1, 1, 1, 0, 0, 1, 0, 0], 'C': [0, 0, 1, 1, 1, 1, 0, 1, 1, 0], 'D': [0, 1, 1, 0, 1, 1, 1, 0, 0, 1]}, '北门东南侧': {'A': [0, 0, 1, 1, 1, 0, 1, 1, 1, 1], 'B': [0, 1, 1, 0, 0, 0, 1, 0, 1, 0], 'C': [1, 0, 0, 1, 0, 0, 0, 0, 1, 1], 'D': [0, 0, 1, 0, 0, 1, 0, 0, 0, 1], 'E': [0, 1, 0, 0, 0, 0, 0, 0, 0, 0], 'F': [1, 0, 1, 1, 1, 1, 1, 0, 0, 1]}, '橘园北侧南': {'A': [0, 0, 0, 0, 0, 1, 1, 0, 0, 1], 'B': [1, 1, 1, 1, 0, 1, 0, 1, 1, 1], 'C': [0, 1, 1, 1, 0, 1, 1, 1, 0, 1], 'D': [1, 1, 0, 1, 1, 1, 1, 0, 1, 0], 'E': [1, 1, 1, 0, 1, 1, 1, 0, 0, 1], 'F': [1, 0, 0, 0, 0, 0, 1, 0, 0, 0], 'G': [0, 0, 1, 1, 0, 1, 1, 0, 0, 0], 'H': [0, 1, 1, 1, 1, 0, 1, 0, 0, 1], 'I': [0, 1, 0, 0, 0, 0, 1, 0, 0, 0], 'J': [0, 0, 0, 0, 0, 0, 0, 0, 0, 1]}, '校医院西': {'A': [0, 1, 0, 1, 1, 0, 0, 1, 0, 1], 'B': [1, 1, 1, 0, 1, 0, 0, 1, 0, 1], 'C': [0, 1, 1, 0, 1, 0, 1, 1, 0, 1], 'D': [1, 1, 1, 0, 1, 0, 0, 0, 1, 1], 'E': [1, 0, 1, 1, 1, 1, 1, 0, 1, 1], 'F': [0, 0, 1, 1, 1, 1, 1, 1, 1, 1], 'G': [0, 0, 0, 0, 0, 1, 0, 0, 0, 0], 'H': [0, 0, 0, 0, 0, 0, 0, 0, 0, 0], 'I': [0, 0, 0, 0, 1, 0, 0, 0, 1, 1]}}
623858	2024-07-13 15:02:58.553000+08:00	2024-07-13 15:02:58.553000+08:00	{'东门北侧': {'A': [1, 1, 1, 1, 1, 0, 1, 0, 1, 1], 'B': [1, 1, 1, 1, 1, 1, 1, 1, 1, 1], 'C': [0, 1, 1, 0, 1, 0, 1, 1, 1, 0], 'D': [1, 1, 1, 1, 1, 0, 1, 1, 0, 0], 'E': [1, 1, 1, 1, 1, 1, 1, 1, 1, 1], 'F': [1, 1, 1, 1, 1, 1, 1, 1, 0, 1], 'G': [1, 1, 1, 1, 1, 1, 1, 1, 0, 0], 'H': [1, 1, 1, 1, 1, 1, 1, 1, 0, 0], 'I': [1, 0, 1, 1, 1, 1, 0, 1, 0, 1], 'J': [1, 1, 1, 1, 0, 1, 1, 1, 1, 1], 'K': [0, 0, 0, 1, 1, 1, 1, 1, 0, 1]}, '东门南侧': {'A': [0, 0, 0, 0, 0, 0, 1, 0, 0, 0], 'B': [0, 0, 0, 0, 0, 0, 0, 0, 0, 0]}, '西门北侧': {'A': [1, 1, 1, 1, 1, 1, 1, 0, 1, 1], 'B': [1, 1, 1, 1, 0, 1, 1, 0, 1, 0], 'C': [1, 1, 1, 1, 1, 1, 1, 1, 1, 0]}, '西门南侧': {'A': [1, 1, 1, 1, 1, 0, 0, 1, 1, 1], 'B': [1, 1, 1, 1, 1, 1, 1, 1, 1, 1], 'C': [1, 1, 0, 1, 0, 0, 1, 1, 1, 0]}, '南门西侧': {'A': [1, 1, 1, 1, 1, 1, 1, 1, 1, 1], 'B': [0, 0, 0, 0, 0, 0, 0, 0, 0, 0]}, '南门东侧': {'A': [1, 1, 0, 1, 1, 1, 1, 1, 0, 1], 'B': [0, 0, 1, 1, 1, 0, 1, 1, 1, 1]}, '北门东北侧': {'A': [1, 1, 1, 1, 1, 1, 1, 1, 1, 1], 'B': [0, 1, 1, 1, 1, 0, 0, 1, 0, 0], 'C': [0, 0, 1, 1, 1, 1, 0, 1, 1, 0], 'D': [0, 1, 1, 0, 1, 1, 1, 0, 0, 1]}, '北门东南侧': {'A': [0, 0, 1, 1, 1, 0, 1, 1, 1, 1], 'B': [0, 1, 1, 0, 0, 0, 1, 0, 1, 0], 'C': [1, 0, 0, 1, 0, 0, 0, 0, 1, 1], 'D': [0, 0, 1, 0, 0, 1, 0, 0, 0, 1], 'E': [0, 1, 0, 0, 0, 0, 0, 0, 0, 0], 'F': [1, 0, 1, 1, 1, 1, 1, 0, 0, 1]}, '橘园北侧南': {'A': [0, 0, 0, 0, 0, 1, 1, 0, 0, 1], 'B': [1, 1, 1, 1, 0, 1, 0, 1, 1, 1], 'C': [0, 1, 1, 1, 0, 1, 1, 1, 0, 1], 'D': [1, 1, 0, 1, 1, 1, 1, 0, 1, 0], 'E': [1, 1, 1, 0, 1, 1, 1, 0, 0, 1], 'F': [1, 0, 0, 0, 0, 0, 1, 0, 0, 0], 'G': [0, 0, 1, 1, 0, 1, 1, 0, 0, 0], 'H': [0, 1, 1, 1, 1, 0, 1, 0, 0, 1], 'I': [0, 1, 0, 0, 0, 0, 1, 0, 0, 0], 'J': [0, 0, 0, 0, 0, 0, 0, 0, 0, 1]}, '校医院西': {'A': [0, 1, 0, 1, 1, 0, 0, 1, 0, 1], 'B': [1, 1, 1, 0, 1, 0, 0, 1, 0, 1], 'C': [0, 1, 1, 0, 1, 0, 1, 1, 0, 1], 'D': [1, 1, 1, 0, 1, 0, 0, 0, 1, 1], 'E': [1, 0, 1, 1, 1, 1, 1, 0, 1, 1], 'F': [0, 0, 1, 1, 1, 1, 1, 1, 1, 1], 'G': [0, 0, 0, 0, 0, 1, 0, 0, 0, 0], 'H': [0, 0, 0, 0, 0, 0, 0, 0, 0, 0], 'I': [0, 0, 0, 0, 1, 0, 0, 0, 1, 1]}}
623859	2024-07-13 15:04:01.507000+08:00	2024-07-13 15:04:01.507000+08:00	{'东门北侧': {'A': [1, 1, 1, 1, 1, 0, 1, 0, 1, 1], 'B': [1, 1, 1, 1, 1, 1, 1, 1, 1, 1], 'C': [0, 1, 1, 0, 1, 0, 1, 1, 1, 0], 'D': [1, 1, 1, 1, 1, 0, 1, 1, 0, 0], 'E': [1, 1, 1, 1, 1, 1, 1, 1, 1, 1], 'F': [1, 1, 1, 1, 1, 1, 1, 1, 0, 1], 'G': [1, 1, 1, 1, 1, 1, 1, 1, 0, 0], 'H': [1, 1, 1, 1, 1, 1, 1, 1, 0, 0], 'I': [1, 0, 1, 1, 1, 1, 0, 1, 0, 1], 'J': [1, 1, 1, 1, 0, 1, 1, 1, 1, 1], 'K': [0, 0, 0, 1, 1, 1, 1, 1, 0, 1]}, '东门南侧': {'A': [0, 0, 0, 0, 0, 0, 1, 0, 0, 0], 'B': [0, 0, 0, 0, 0, 0, 0, 0, 0, 0]}, '西门北侧': {'A': [1, 1, 1, 1, 1, 1, 1, 0, 1, 1], 'B': [1, 1, 1, 1, 0, 1, 1, 0, 1, 0], 'C': [1, 1, 1, 1, 1, 1, 1, 1, 1, 0]}, '西门南侧': {'A': [1, 1, 1, 1, 1, 0, 0, 1, 1, 1], 'B': [1, 1, 1, 1, 1, 1, 1, 1, 1, 1], 'C': [1, 1, 0, 1, 0, 0, 1, 1, 1, 0]}, '南门西侧': {'A': [1, 1, 1, 1, 1, 1, 1, 1, 1, 1], 'B': [0, 0, 0, 0, 0, 0, 0, 0, 0, 0]}, '南门东侧': {'A': [1, 1, 0, 1, 1, 1, 1, 1, 0, 1], 'B': [0, 0, 1, 1, 1, 0, 1, 1, 1, 1]}, '北门东北侧': {'A': [1, 1, 1, 1, 1, 1, 1, 1, 1, 1], 'B': [0, 1, 1, 1, 1, 0, 0, 1, 0, 0], 'C': [0, 0, 1, 1, 1, 1, 0, 1, 1, 0], 'D': [0, 1, 1, 0, 1, 1, 1, 0, 0, 1]}, '北门东南侧': {'A': [0, 0, 1, 1, 1, 0, 1, 1, 1, 1], 'B': [0, 1, 1, 0, 0, 0, 1, 0, 1, 0], 'C': [1, 0, 0, 1, 0, 0, 0, 0, 1, 1], 'D': [0, 0, 1, 0, 0, 1, 0, 0, 0, 1], 'E': [0, 1, 0, 0, 0, 0, 0, 0, 0, 0], 'F': [1, 0, 1, 1, 1, 1, 1, 0, 0, 1]}, '橘园北侧南': {'A': [0, 0, 0, 0, 0, 1, 1, 0, 0, 1], 'B': [1, 1, 1, 1, 0, 1, 0, 1, 1, 1], 'C': [0, 1, 1, 1, 0, 1, 1, 1, 0, 1], 'D': [1, 1, 0, 1, 1, 1, 1, 0, 1, 0], 'E': [1, 1, 1, 0, 1, 1, 1, 0, 0, 1], 'F': [1, 0, 0, 0, 0, 0, 1, 0, 0, 0], 'G': [0, 0, 1, 1, 0, 1, 1, 0, 0, 0], 'H': [0, 1, 1, 1, 1, 0, 1, 0, 0, 1], 'I': [0, 1, 0, 0, 0, 0, 1, 0, 0, 0], 'J': [0, 0, 0, 0, 0, 0, 0, 0, 0, 1]}, '校医院西': {'A': [0, 1, 0, 1, 1, 0, 0, 1, 0, 1], 'B': [1, 1, 1, 0, 1, 0, 0, 1, 0, 1], 'C': [0, 1, 1, 0, 1, 0, 1, 1, 0, 1], 'D': [1, 1, 1, 0, 1, 0, 0, 0, 1, 1], 'E': [1, 0, 1, 1, 1, 1, 1, 0, 1, 1], 'F': [0, 0, 1, 1, 1, 1, 1, 1, 1, 1], 'G': [0, 0, 0, 0, 0, 1, 0, 0, 0, 0], 'H': [0, 0, 0, 0, 0, 0, 0, 0, 0, 0], 'I': [0, 0, 0, 0, 1, 0, 0, 0, 1, 1]}}
623860	2024-07-13 15:05:01.053000+08:00	2024-07-13 15:05:01.053000+08:00	{'东门北侧': {'A': [1, 1, 1, 1, 1, 0, 1, 0, 1, 1], 'B': [1, 1, 1, 1, 1, 1, 1, 1, 1, 1], 'C': [0, 1, 1, 0, 1, 0, 1, 0, 1, 0], 'D': [1, 1, 1, 1, 1, 0, 1, 1, 0, 0], 'E': [1, 1, 1, 1, 1, 1, 1, 1, 1, 1], 'F': [1, 1, 1, 1, 1, 1, 1, 1, 0, 1], 'G': [1, 1, 1, 1, 1, 1, 1, 1, 0, 0], 'H': [1, 1, 1, 1, 1, 1, 1, 1, 0, 0], 'I': [1, 0, 1, 1, 1, 1, 0, 1, 0, 1], 'J': [1, 1, 1, 1, 0, 1, 1, 1, 1, 1], 'K': [0, 0, 0, 1, 1, 1, 1, 1, 0, 1]}, '东门南侧': {'A': [0, 0, 0, 0, 0, 0, 1, 0, 0, 0], 'B': [0, 0, 0, 0, 0, 0, 0, 0, 0, 0]}, '西门北侧': {'A': [1, 1, 1, 1, 1, 1, 1, 0, 1, 1], 'B': [1, 1, 1, 1, 0, 1, 1, 0, 1, 0], 'C': [1, 1, 1, 1, 1, 1, 1, 1, 1, 0]}, '西门南侧': {'A': [1, 1, 1, 1, 1, 0, 0, 1, 1, 1], 'B': [1, 1, 1, 1, 1, 1, 1, 1, 1, 1], 'C': [1, 1, 0, 1, 0, 0, 1, 1, 1, 0]}, '南门西侧': {'A': [1, 1, 1, 1, 1, 1, 1, 1, 1, 1], 'B': [0, 0, 0, 0, 0, 0, 0, 0, 0, 0]}, '南门东侧': {'A': [1, 1, 0, 1, 1, 1, 1, 1, 0, 1], 'B': [0, 0, 1, 1, 1, 0, 1, 1, 1, 1]}, '北门东北侧': {'A': [1, 1, 1, 1, 1, 1, 1, 1, 1, 1], 'B': [0, 1, 1, 1, 1, 0, 0, 1, 0, 0], 'C': [0, 0, 1, 1, 1, 1, 0, 1, 1, 0], 'D': [0, 1, 1, 0, 1, 1, 1, 0, 0, 1]}, '北门东南侧': {'A': [0, 0, 1, 1, 1, 0, 1, 1, 1, 1], 'B': [0, 1, 1, 0, 0, 0, 1, 0, 1, 0], 'C': [1, 0, 0, 1, 0, 0, 0, 0, 1, 1], 'D': [0, 0, 1, 0, 0, 1, 0, 0, 0, 1], 'E': [0, 1, 0, 0, 0, 0, 0, 0, 0, 0], 'F': [1, 0, 1, 1, 1, 1, 1, 0, 0, 1]}, '橘园北侧南': {'A': [0, 0, 0, 0, 0, 1, 1, 0, 0, 1], 'B': [1, 1, 1, 1, 0, 1, 0, 1, 1, 1], 'C': [0, 1, 1, 1, 0, 1, 1, 1, 0, 1], 'D': [1, 1, 0, 1, 1, 1, 1, 0, 1, 0], 'E': [1, 1, 1, 0, 1, 1, 1, 0, 0, 1], 'F': [1, 0, 0, 0, 0, 0, 1, 0, 0, 0], 'G': [0, 0, 1, 1, 0, 1, 1, 0, 0, 0], 'H': [0, 1, 1, 1, 1, 0, 1, 0, 0, 1], 'I': [0, 1, 0, 0, 0, 0, 1, 0, 0, 0], 'J': [0, 0, 0, 0, 0, 0, 0, 0, 0, 1]}, '校医院西': {'A': [0, 1, 0, 1, 1, 0, 0, 1, 0, 1], 'B': [1, 1, 1, 0, 1, 0, 0, 1, 0, 1], 'C': [0, 1, 1, 0, 1, 0, 1, 1, 0, 1], 'D': [1, 1, 1, 0, 1, 0, 0, 0, 1, 1], 'E': [1, 0, 1, 1, 1, 1, 1, 0, 1, 1], 'F': [0, 0, 1, 1, 1, 1, 1, 1, 1, 1], 'G': [0, 0, 0, 0, 0, 1, 0, 0, 0, 0], 'H': [0, 0, 0, 0, 0, 0, 0, 0, 0, 0], 'I': [0, 0, 0, 0, 1, 0, 0, 0, 1, 1]}}
623861	2024-07-13 15:05:59.787000+08:00	2024-07-13 15:05:59.787000+08:00	{'东门北侧': {'A': [1, 1, 1, 1, 1, 0, 1, 0, 1, 1], 'B': [1, 1, 1, 1, 1, 1, 1, 1, 1, 1], 'C': [0, 1, 1, 0, 1, 0, 1, 0, 1, 0], 'D': [1, 1, 1, 1, 1, 0, 1, 1, 0, 0], 'E': [1, 1, 1, 1, 1, 1, 1, 1, 1, 1], 'F': [1, 1, 1, 1, 1, 1, 1, 1, 0, 1], 'G': [1, 1, 1, 1, 1, 1, 1, 1, 0, 0], 'H': [1, 1, 1, 1, 1, 1, 1, 1, 0, 0], 'I': [1, 0, 1, 1, 1, 1, 0, 1, 0, 1], 'J': [1, 1, 1, 1, 0, 1, 1, 1, 1, 1], 'K': [0, 0, 0, 1, 1, 1, 1, 1, 0, 1]}, '东门南侧': {'A': [0, 0, 0, 0, 0, 0, 1, 0, 0, 0], 'B': [0, 0, 0, 0, 0, 0, 0, 0, 0, 0]}, '西门北侧': {'A': [1, 1, 1, 1, 1, 1, 1, 0, 1, 1], 'B': [1, 1, 1, 1, 0, 1, 1, 0, 1, 0], 'C': [1, 1, 1, 1, 1, 1, 1, 1, 1, 0]}, '西门南侧': {'A': [1, 1, 1, 1, 1, 0, 0, 1, 1, 1], 'B': [1, 1, 1, 1, 1, 1, 1, 1, 1, 1], 'C': [1, 1, 0, 1, 0, 0, 1, 1, 1, 0]}, '南门西侧': {'A': [1, 1, 1, 1, 1, 1, 1, 1, 1, 1], 'B': [0, 0, 0, 0, 0, 0, 0, 0, 0, 0]}, '南门东侧': {'A': [1, 1, 0, 1, 1, 1, 1, 1, 0, 1], 'B': [0, 0, 1, 1, 1, 0, 1, 1, 1, 1]}, '北门东北侧': {'A': [1, 1, 1, 1, 1, 1, 1, 1, 1, 1], 'B': [0, 1, 1, 1, 1, 0, 0, 1, 0, 0], 'C': [0, 0, 1, 1, 1, 1, 0, 1, 1, 0], 'D': [0, 1, 1, 0, 1, 1, 1, 0, 0, 1]}, '北门东南侧': {'A': [0, 0, 1, 1, 1, 0, 1, 1, 1, 1], 'B': [0, 1, 1, 0, 0, 0, 1, 0, 1, 0], 'C': [1, 0, 0, 1, 0, 0, 0, 0, 1, 1], 'D': [0, 0, 1, 0, 0, 1, 0, 0, 0, 1], 'E': [0, 1, 0, 0, 0, 0, 0, 0, 0, 0], 'F': [1, 0, 1, 1, 1, 1, 1, 0, 0, 1]}, '橘园北侧南': {'A': [0, 0, 0, 0, 0, 1, 1, 0, 0, 1], 'B': [1, 1, 1, 1, 0, 1, 0, 1, 1, 1], 'C': [0, 1, 1, 1, 0, 1, 1, 1, 0, 1], 'D': [1, 1, 0, 1, 1, 1, 1, 0, 1, 0], 'E': [1, 1, 1, 0, 1, 1, 1, 0, 0, 1], 'F': [1, 0, 0, 0, 0, 0, 1, 0, 0, 0], 'G': [0, 0, 1, 1, 0, 1, 1, 0, 0, 0], 'H': [0, 1, 1, 1, 1, 0, 1, 0, 0, 1], 'I': [0, 1, 0, 0, 0, 0, 1, 0, 0, 0], 'J': [0, 0, 0, 0, 0, 0, 0, 0, 0, 1]}, '校医院西': {'A': [0, 1, 0, 1, 1, 0, 0, 1, 0, 1], 'B': [1, 1, 1, 0, 1, 0, 0, 1, 0, 1], 'C': [0, 1, 1, 0, 1, 0, 1, 1, 0, 1], 'D': [1, 1, 1, 0, 1, 0, 0, 0, 1, 1], 'E': [1, 0, 1, 1, 1, 1, 1, 0, 1, 1], 'F': [0, 0, 1, 1, 1, 1, 1, 1, 1, 1], 'G': [0, 0, 0, 0, 0, 1, 0, 0, 0, 0], 'H': [0, 0, 0, 0, 0, 0, 0, 0, 0, 0], 'I': [0, 0, 0, 0, 1, 0, 0, 0, 1, 1]}}
623862	2024-07-13 15:07:01.621000+08:00	2024-07-13 15:07:01.621000+08:00	{'东门北侧': {'A': [1, 1, 1, 1, 1, 0, 1, 0, 1, 1], 'B': [1, 1, 1, 1, 1, 1, 1, 1, 1, 1], 'C': [0, 1, 1, 0, 1, 0, 1, 0, 1, 0], 'D': [1, 1, 1, 1, 1, 0, 1, 1, 0, 0], 'E': [1, 1, 1, 1, 1, 1, 1, 1, 1, 1], 'F': [1, 1, 1, 1, 1, 1, 1, 1, 0, 1], 'G': [1, 1, 1, 1, 1, 1, 1, 1, 0, 0], 'H': [1, 1, 1, 1, 1, 1, 1, 1, 0, 0], 'I': [1, 0, 1, 1, 1, 1, 0, 1, 0, 1], 'J': [1, 1, 1, 1, 0, 1, 1, 1, 1, 1], 'K': [0, 0, 0, 1, 1, 1, 1, 1, 0, 1]}, '东门南侧': {'A': [0, 0, 0, 0, 0, 0, 1, 0, 0, 0], 'B': [0, 0, 0, 0, 0, 0, 0, 0, 0, 0]}, '西门北侧': {'A': [1, 1, 1, 1, 1, 1, 1, 0, 1, 1], 'B': [1, 1, 1, 1, 0, 1, 1, 0, 1, 0], 'C': [1, 1, 1, 1, 1, 1, 1, 1, 1, 0]}, '西门南侧': {'A': [1, 1, 1, 1, 1, 0, 0, 1, 1, 1], 'B': [1, 1, 1, 1, 1, 1, 1, 1, 1, 1], 'C': [1, 1, 0, 1, 0, 0, 1, 1, 1, 0]}, '南门西侧': {'A': [1, 1, 1, 1, 1, 1, 1, 1, 1, 1], 'B': [0, 0, 0, 0, 0, 0, 0, 0, 0, 0]}, '南门东侧': {'A': [1, 1, 0, 1, 1, 1, 1, 1, 0, 1], 'B': [0, 0, 1, 1, 1, 0, 1, 1, 1, 1]}, '北门东北侧': {'A': [1, 1, 1, 1, 1, 1, 1, 1, 1, 1], 'B': [0, 1, 1, 1, 1, 0, 0, 1, 0, 0], 'C': [0, 0, 1, 1, 1, 1, 0, 1, 1, 0], 'D': [0, 1, 1, 0, 1, 1, 1, 0, 0, 1]}, '北门东南侧': {'A': [0, 0, 1, 1, 1, 0, 1, 1, 1, 1], 'B': [0, 1, 1, 0, 0, 0, 1, 0, 1, 0], 'C': [1, 0, 0, 1, 0, 0, 0, 0, 1, 1], 'D': [0, 0, 1, 0, 0, 1, 0, 0, 0, 1], 'E': [0, 1, 0, 0, 0, 0, 0, 0, 0, 0], 'F': [1, 0, 1, 1, 1, 1, 1, 0, 0, 1]}, '橘园北侧南': {'A': [0, 0, 0, 0, 0, 1, 1, 0, 0, 1], 'B': [1, 1, 1, 1, 0, 1, 0, 1, 1, 1], 'C': [0, 1, 1, 1, 0, 1, 1, 1, 0, 1], 'D': [1, 1, 0, 1, 1, 1, 1, 0, 1, 0], 'E': [1, 1, 1, 0, 1, 1, 1, 0, 0, 1], 'F': [1, 0, 0, 0, 0, 0, 1, 0, 0, 0], 'G': [0, 0, 1, 1, 0, 1, 1, 0, 0, 0], 'H': [0, 1, 1, 1, 1, 0, 1, 0, 0, 1], 'I': [0, 1, 0, 0, 0, 0, 1, 0, 0, 0], 'J': [0, 0, 0, 0, 0, 0, 0, 0, 0, 1]}, '校医院西': {'A': [0, 1, 0, 1, 1, 0, 0, 1, 0, 1], 'B': [1, 1, 1, 0, 1, 0, 0, 1, 0, 1], 'C': [0, 1, 1, 0, 1, 0, 1, 1, 0, 1], 'D': [1, 1, 1, 0, 1, 0, 0, 0, 1, 1], 'E': [1, 0, 1, 1, 1, 1, 1, 0, 1, 1], 'F': [0, 0, 1, 1, 1, 1, 1, 1, 1, 1], 'G': [0, 0, 0, 1, 0, 1, 0, 0, 0, 0], 'H': [0, 0, 0, 0, 0, 0, 0, 0, 0, 0], 'I': [0, 0, 0, 0, 1, 0, 0, 0, 1, 1]}}
623863	2024-07-13 15:08:02.492000+08:00	2024-07-13 15:08:02.492000+08:00	{'东门北侧': {'A': [1, 1, 1, 1, 1, 0, 1, 0, 1, 1], 'B': [1, 1, 1, 1, 1, 1, 1, 1, 1, 1], 'C': [0, 1, 1, 0, 1, 0, 1, 0, 1, 0], 'D': [1, 1, 1, 1, 1, 0, 1, 1, 0, 0], 'E': [1, 1, 1, 1, 1, 1, 1, 1, 1, 1], 'F': [1, 1, 1, 1, 1, 1, 1, 1, 0, 1], 'G': [1, 1, 1, 1, 1, 1, 1, 1, 0, 0], 'H': [1, 1, 1, 1, 1, 1, 1, 1, 0, 0], 'I': [1, 0, 1, 1, 1, 1, 0, 1, 0, 1], 'J': [1, 1, 1, 1, 0, 1, 1, 1, 1, 1], 'K': [0, 0, 0, 1, 1, 1, 1, 1, 0, 1]}, '东门南侧': {'A': [0, 0, 0, 0, 0, 0, 1, 0, 0, 0], 'B': [0, 0, 0, 0, 0, 0, 0, 0, 0, 0]}, '西门北侧': {'A': [1, 1, 1, 1, 1, 1, 1, 0, 1, 1], 'B': [1, 1, 1, 1, 0, 1, 1, 0, 1, 0], 'C': [1, 1, 1, 1, 1, 1, 1, 1, 1, 0]}, '西门南侧': {'A': [1, 1, 1, 1, 1, 0, 0, 1, 1, 1], 'B': [1, 1, 1, 1, 1, 1, 1, 1, 1, 1], 'C': [1, 1, 0, 1, 0, 0, 1, 1, 1, 0]}, '南门西侧': {'A': [1, 1, 1, 1, 1, 1, 1, 1, 1, 1], 'B': [0, 0, 0, 0, 0, 0, 0, 0, 0, 0]}, '南门东侧': {'A': [1, 1, 0, 1, 1, 1, 1, 1, 0, 1], 'B': [0, 0, 1, 1, 1, 0, 1, 1, 1, 1]}, '北门东北侧': {'A': [1, 1, 1, 1, 1, 1, 1, 1, 1, 1], 'B': [0, 1, 1, 1, 1, 0, 0, 1, 0, 0], 'C': [0, 0, 1, 1, 1, 1, 0, 1, 1, 0], 'D': [0, 1, 1, 0, 1, 1, 1, 0, 0, 1]}, '北门东南侧': {'A': [0, 0, 1, 1, 1, 0, 1, 1, 1, 1], 'B': [0, 1, 1, 0, 0, 0, 1, 0, 1, 0], 'C': [1, 0, 0, 1, 0, 0, 0, 0, 1, 1], 'D': [0, 0, 1, 0, 0, 1, 0, 0, 0, 1], 'E': [0, 1, 0, 0, 0, 0, 0, 0, 0, 0], 'F': [1, 0, 1, 1, 1, 1, 1, 0, 0, 1]}, '橘园北侧南': {'A': [0, 0, 0, 0, 0, 1, 1, 0, 0, 1], 'B': [1, 1, 1, 1, 0, 1, 0, 1, 1, 1], 'C': [0, 1, 1, 1, 0, 1, 1, 1, 0, 1], 'D': [1, 1, 0, 1, 1, 1, 1, 0, 1, 0], 'E': [1, 1, 1, 0, 1, 1, 1, 0, 0, 1], 'F': [1, 0, 0, 0, 0, 0, 1, 0, 0, 0], 'G': [0, 0, 1, 1, 0, 1, 1, 0, 0, 0], 'H': [0, 1, 1, 1, 1, 0, 0, 0, 0, 1], 'I': [0, 1, 0, 0, 0, 0, 1, 0, 0, 0], 'J': [0, 0, 0, 0, 0, 0, 0, 0, 0, 1]}, '校医院西': {'A': [0, 1, 0, 1, 1, 0, 0, 1, 0, 1], 'B': [1, 1, 1, 0, 1, 0, 0, 1, 0, 1], 'C': [0, 1, 1, 0, 1, 0, 1, 1, 0, 1], 'D': [1, 1, 1, 0, 1, 0, 0, 0, 1, 1], 'E': [1, 0, 1, 1, 1, 1, 1, 0, 1, 1], 'F': [0, 0, 1, 1, 1, 1, 1, 1, 1, 1], 'G': [0, 0, 0, 1, 0, 1, 0, 0, 0, 0], 'H': [0, 0, 0, 0, 0, 0, 0, 0, 0, 0], 'I': [0, 0, 0, 0, 1, 0, 0, 0, 1, 1]}}
623864	2024-07-13 15:09:02.672000+08:00	2024-07-13 15:09:02.672000+08:00	{'东门北侧': {'A': [1, 1, 1, 1, 1, 0, 1, 0, 1, 1], 'B': [1, 1, 1, 1, 1, 1, 1, 1, 1, 1], 'C': [0, 1, 1, 0, 1, 0, 1, 0, 1, 0], 'D': [1, 1, 1, 1, 1, 0, 1, 1, 0, 0], 'E': [1, 1, 1, 1, 1, 1, 1, 1, 1, 1], 'F': [1, 1, 1, 1, 1, 1, 1, 1, 0, 1], 'G': [1, 1, 1, 1, 1, 1, 1, 1, 0, 0], 'H': [1, 1, 1, 1, 1, 1, 1, 1, 0, 0], 'I': [1, 0, 1, 1, 1, 1, 0, 1, 0, 1], 'J': [1, 1, 1, 1, 0, 1, 1, 1, 1, 1], 'K': [0, 0, 0, 1, 1, 1, 1, 1, 0, 1]}, '东门南侧': {'A': [0, 0, 0, 0, 0, 0, 1, 0, 0, 0], 'B': [0, 0, 0, 0, 0, 0, 0, 0, 0, 0]}, '西门北侧': {'A': [1, 1, 1, 1, 1, 1, 1, 0, 1, 1], 'B': [1, 1, 1, 1, 0, 1, 1, 0, 1, 0], 'C': [1, 1, 1, 1, 1, 1, 1, 1, 1, 0]}, '西门南侧': {'A': [1, 1, 1, 1, 1, 0, 0, 1, 1, 1], 'B': [1, 1, 1, 1, 1, 1, 1, 1, 1, 1], 'C': [1, 1, 0, 1, 0, 0, 1, 1, 1, 0]}, '南门西侧': {'A': [1, 1, 1, 1, 1, 1, 1, 1, 1, 1], 'B': [0, 0, 0, 0, 0, 0, 0, 0, 0, 0]}, '南门东侧': {'A': [1, 1, 0, 1, 1, 1, 1, 1, 0, 1], 'B': [0, 0, 1, 1, 1, 0, 1, 1, 1, 1]}, '北门东北侧': {'A': [1, 1, 1, 1, 1, 1, 1, 1, 1, 1], 'B': [0, 1, 1, 1, 1, 0, 0, 1, 0, 0], 'C': [0, 0, 1, 1, 1, 1, 0, 1, 1, 0], 'D': [0, 1, 1, 0, 1, 1, 1, 0, 0, 1]}, '北门东南侧': {'A': [0, 0, 1, 1, 1, 0, 1, 1, 1, 1], 'B': [0, 1, 1, 0, 0, 0, 1, 0, 1, 0], 'C': [1, 0, 0, 1, 0, 0, 0, 0, 1, 1], 'D': [0, 0, 1, 0, 0, 1, 0, 0, 0, 1], 'E': [0, 1, 0, 0, 0, 0, 0, 0, 0, 0], 'F': [1, 0, 1, 1, 1, 1, 1, 0, 0, 1]}, '橘园北侧南': {'A': [0, 0, 0, 0, 0, 1, 1, 0, 0, 1], 'B': [1, 1, 1, 1, 0, 1, 0, 1, 1, 1], 'C': [0, 1, 1, 1, 0, 1, 1, 1, 0, 1], 'D': [1, 1, 0, 1, 1, 1, 1, 0, 1, 0], 'E': [1, 1, 1, 0, 1, 1, 1, 0, 0, 1], 'F': [1, 0, 0, 0, 0, 0, 1, 0, 0, 0], 'G': [0, 0, 1, 1, 0, 1, 1, 0, 0, 0], 'H': [0, 1, 1, 1, 1, 0, 0, 0, 0, 1], 'I': [0, 1, 0, 0, 0, 0, 1, 0, 0, 0], 'J': [0, 0, 0, 0, 0, 0, 0, 0, 0, 1]}, '校医院西': {'A': [0, 1, 0, 1, 1, 0, 0, 1, 0, 1], 'B': [1, 1, 1, 0, 1, 0, 0, 1, 0, 1], 'C': [0, 1, 1, 0, 1, 0, 1, 1, 0, 1], 'D': [1, 1, 1, 0, 1, 0, 0, 0, 1, 1], 'E': [1, 0, 1, 1, 1, 1, 1, 0, 1, 1], 'F': [0, 0, 1, 1, 1, 1, 1, 1, 1, 1], 'G': [0, 0, 0, 1, 0, 1, 0, 0, 0, 0], 'H': [0, 0, 0, 0, 0, 0, 0, 0, 0, 0], 'I': [0, 0, 0, 0, 0, 0, 0, 0, 1, 1]}}
623865	2024-07-13 15:10:00.659000+08:00	2024-07-13 15:10:00.659000+08:00	{'东门北侧': {'A': [1, 1, 1, 1, 1, 0, 1, 0, 1, 1], 'B': [1, 1, 1, 1, 1, 1, 1, 1, 1, 1], 'C': [0, 1, 1, 0, 1, 0, 1, 0, 1, 0], 'D': [1, 1, 1, 1, 1, 0, 1, 1, 0, 0], 'E': [1, 1, 1, 1, 1, 1, 1, 1, 1, 1], 'F': [1, 1, 1, 1, 1, 1, 1, 1, 0, 1], 'G': [1, 1, 1, 1, 1, 1, 1, 1, 0, 0], 'H': [1, 1, 1, 1, 1, 1, 1, 1, 0, 0], 'I': [1, 0, 1, 1, 1, 1, 0, 1, 0, 1], 'J': [1, 1, 1, 1, 0, 1, 1, 1, 1, 1], 'K': [0, 0, 0, 1, 1, 1, 1, 1, 0, 1]}, '东门南侧': {'A': [0, 0, 0, 0, 0, 0, 1, 0, 0, 0], 'B': [0, 0, 0, 0, 0, 0, 0, 0, 0, 0]}, '西门北侧': {'A': [1, 1, 1, 1, 1, 1, 1, 0, 1, 1], 'B': [1, 1, 1, 1, 0, 1, 1, 0, 1, 0], 'C': [1, 1, 1, 1, 1, 1, 1, 1, 1, 0]}, '西门南侧': {'A': [1, 1, 1, 1, 1, 0, 0, 1, 1, 1], 'B': [1, 1, 1, 1, 1, 1, 1, 1, 1, 1], 'C': [1, 1, 0, 1, 0, 0, 1, 1, 1, 0]}, '南门西侧': {'A': [1, 1, 1, 1, 1, 1, 1, 1, 1, 1], 'B': [0, 0, 0, 0, 0, 0, 0, 0, 0, 0]}, '南门东侧': {'A': [1, 1, 0, 1, 1, 1, 1, 1, 0, 1], 'B': [0, 0, 1, 1, 1, 0, 1, 1, 1, 1]}, '北门东北侧': {'A': [1, 1, 1, 1, 1, 1, 1, 1, 1, 1], 'B': [0, 1, 1, 1, 1, 0, 0, 1, 0, 0], 'C': [0, 0, 1, 1, 1, 1, 0, 1, 1, 0], 'D': [0, 1, 1, 0, 1, 1, 1, 0, 0, 1]}, '北门东南侧': {'A': [0, 0, 1, 1, 1, 0, 1, 1, 1, 1], 'B': [0, 1, 1, 0, 0, 0, 1, 0, 1, 0], 'C': [1, 0, 0, 1, 0, 0, 0, 0, 1, 1], 'D': [0, 0, 1, 0, 0, 1, 0, 0, 0, 1], 'E': [0, 1, 0, 0, 0, 0, 0, 0, 0, 0], 'F': [1, 0, 1, 1, 1, 1, 1, 0, 0, 1]}, '橘园北侧南': {'A': [0, 0, 0, 0, 0, 1, 1, 0, 0, 1], 'B': [1, 1, 1, 1, 0, 1, 0, 1, 1, 1], 'C': [0, 1, 1, 1, 0, 1, 1, 1, 0, 1], 'D': [1, 1, 0, 1, 1, 1, 1, 0, 1, 0], 'E': [1, 1, 1, 0, 1, 1, 1, 0, 0, 1], 'F': [1, 0, 0, 0, 0, 0, 1, 0, 0, 0], 'G': [0, 0, 1, 1, 0, 1, 1, 0, 0, 0], 'H': [0, 1, 1, 1, 1, 0, 0, 0, 0, 1], 'I': [0, 1, 0, 0, 0, 0, 1, 0, 0, 0], 'J': [0, 0, 0, 0, 0, 0, 0, 0, 0, 1]}, '校医院西': {'A': [0, 1, 0, 1, 1, 0, 0, 1, 0, 1], 'B': [1, 1, 1, 0, 1, 0, 0, 1, 0, 1], 'C': [0, 1, 1, 0, 1, 0, 1, 1, 0, 1], 'D': [1, 1, 1, 0, 1, 0, 0, 0, 1, 1], 'E': [1, 0, 1, 1, 1, 1, 1, 0, 1, 1], 'F': [0, 0, 1, 1, 1, 1, 1, 1, 1, 1], 'G': [0, 0, 0, 1, 0, 1, 0, 0, 0, 0], 'H': [0, 0, 0, 0, 0, 0, 0, 0, 0, 0], 'I': [0, 0, 0, 0, 0, 0, 0, 0, 1, 1]}}
623866	2024-07-13 15:11:01.820000+08:00	2024-07-13 15:11:01.820000+08:00	{'东门北侧': {'A': [1, 1, 1, 1, 1, 0, 1, 0, 1, 1], 'B': [1, 1, 1, 1, 1, 1, 1, 1, 1, 1], 'C': [0, 1, 1, 0, 1, 0, 1, 0, 1, 0], 'D': [1, 1, 1, 1, 1, 0, 1, 1, 0, 0], 'E': [1, 1, 1, 1, 1, 1, 1, 1, 1, 1], 'F': [1, 1, 1, 1, 1, 1, 1, 1, 0, 1], 'G': [1, 1, 1, 1, 1, 1, 1, 1, 0, 0], 'H': [1, 1, 1, 1, 1, 1, 1, 1, 0, 0], 'I': [1, 0, 1, 1, 1, 1, 0, 1, 0, 1], 'J': [1, 1, 1, 1, 0, 1, 1, 1, 1, 1], 'K': [0, 0, 0, 1, 1, 1, 1, 1, 0, 1]}, '东门南侧': {'A': [0, 0, 0, 0, 0, 0, 1, 0, 0, 0], 'B': [0, 0, 0, 0, 0, 0, 0, 0, 0, 0]}, '西门北侧': {'A': [1, 1, 1, 1, 1, 1, 1, 0, 1, 1], 'B': [1, 1, 1, 1, 0, 1, 1, 0, 1, 0], 'C': [1, 1, 1, 1, 1, 1, 1, 1, 1, 0]}, '西门南侧': {'A': [1, 1, 1, 1, 1, 0, 0, 1, 1, 1], 'B': [1, 1, 1, 1, 1, 1, 1, 1, 1, 1], 'C': [1, 1, 0, 1, 0, 0, 1, 1, 1, 0]}, '南门西侧': {'A': [1, 1, 1, 1, 1, 1, 1, 1, 1, 1], 'B': [0, 0, 0, 0, 0, 0, 0, 0, 0, 0]}, '南门东侧': {'A': [1, 1, 0, 1, 1, 1, 1, 1, 0, 1], 'B': [0, 0, 1, 1, 1, 0, 1, 1, 1, 1]}, '北门东北侧': {'A': [1, 1, 1, 1, 1, 1, 1, 1, 1, 1], 'B': [0, 1, 1, 1, 1, 0, 0, 1, 0, 0], 'C': [0, 0, 1, 1, 1, 1, 0, 1, 1, 0], 'D': [0, 1, 1, 1, 1, 1, 1, 0, 0, 1]}, '北门东南侧': {'A': [0, 0, 1, 1, 1, 0, 1, 1, 1, 1], 'B': [0, 1, 1, 0, 0, 0, 1, 0, 1, 0], 'C': [1, 1, 0, 1, 0, 0, 0, 0, 1, 1], 'D': [0, 0, 1, 0, 0, 1, 0, 0, 0, 1], 'E': [0, 1, 0, 0, 0, 0, 0, 0, 0, 0], 'F': [1, 0, 1, 1, 1, 1, 1, 0, 0, 1]}, '橘园北侧南': {'A': [0, 0, 0, 0, 0, 1, 1, 0, 0, 1], 'B': [1, 1, 1, 1, 0, 1, 0, 1, 1, 1], 'C': [0, 1, 1, 1, 0, 1, 1, 1, 0, 1], 'D': [1, 1, 0, 1, 1, 1, 1, 0, 1, 0], 'E': [1, 1, 1, 0, 1, 1, 1, 0, 0, 1], 'F': [1, 0, 0, 0, 0, 0, 1, 0, 0, 0], 'G': [0, 0, 1, 1, 0, 1, 1, 0, 0, 0], 'H': [0, 1, 1, 1, 1, 0, 0, 0, 0, 1], 'I': [0, 1, 0, 0, 0, 0, 1, 0, 0, 0], 'J': [0, 0, 0, 0, 0, 0, 0, 0, 0, 1]}, '校医院西': {'A': [0, 1, 0, 1, 1, 0, 0, 1, 0, 1], 'B': [1, 1, 1, 0, 1, 0, 0, 1, 0, 1], 'C': [0, 1, 1, 0, 1, 0, 1, 1, 0, 1], 'D': [1, 1, 1, 0, 1, 0, 0, 0, 1, 1], 'E': [1, 0, 1, 1, 1, 1, 1, 0, 1, 1], 'F': [0, 0, 1, 1, 1, 1, 1, 1, 1, 1], 'G': [0, 0, 0, 1, 0, 1, 0, 0, 0, 0], 'H': [0, 0, 0, 0, 0, 0, 0, 0, 0, 0], 'I': [0, 0, 0, 0, 0, 0, 0, 0, 1, 1]}}
623867	2024-07-13 15:12:01.613000+08:00	2024-07-13 15:12:01.613000+08:00	{'东门北侧': {'A': [1, 1, 1, 1, 1, 0, 1, 0, 1, 1], 'B': [1, 1, 1, 1, 1, 1, 1, 1, 1, 1], 'C': [0, 1, 1, 0, 1, 0, 1, 0, 1, 0], 'D': [1, 1, 1, 1, 1, 0, 1, 1, 0, 0], 'E': [1, 1, 1, 1, 1, 1, 1, 1, 1, 1], 'F': [1, 1, 1, 1, 1, 1, 1, 1, 0, 1], 'G': [1, 1, 1, 1, 1, 1, 1, 1, 0, 0], 'H': [1, 1, 1, 1, 1, 1, 1, 1, 0, 0], 'I': [1, 0, 1, 1, 1, 1, 0, 1, 0, 1], 'J': [1, 1, 1, 1, 0, 1, 1, 1, 1, 1], 'K': [0, 0, 0, 1, 1, 1, 1, 1, 0, 1]}, '东门南侧': {'A': [0, 0, 0, 0, 0, 0, 1, 0, 0, 0], 'B': [0, 0, 0, 0, 0, 0, 0, 0, 0, 0]}, '西门北侧': {'A': [1, 1, 1, 1, 1, 1, 1, 0, 1, 1], 'B': [1, 1, 1, 1, 0, 1, 1, 0, 1, 0], 'C': [1, 1, 1, 1, 1, 1, 1, 1, 1, 0]}, '西门南侧': {'A': [1, 1, 1, 1, 1, 0, 0, 1, 1, 1], 'B': [1, 1, 1, 1, 1, 1, 1, 1, 1, 1], 'C': [1, 1, 0, 1, 0, 0, 1, 1, 1, 0]}, '南门西侧': {'A': [1, 1, 1, 1, 1, 1, 1, 1, 1, 1], 'B': [0, 0, 0, 0, 0, 0, 0, 0, 0, 0]}, '南门东侧': {'A': [1, 1, 0, 1, 1, 1, 1, 1, 0, 1], 'B': [0, 0, 1, 1, 1, 0, 1, 1, 1, 1]}, '北门东北侧': {'A': [1, 1, 1, 1, 1, 1, 1, 1, 1, 1], 'B': [0, 1, 1, 1, 1, 0, 0, 1, 0, 0], 'C': [0, 0, 1, 1, 1, 1, 0, 1, 1, 0], 'D': [0, 1, 1, 1, 1, 1, 1, 0, 0, 1]}, '北门东南侧': {'A': [0, 0, 1, 1, 1, 0, 1, 1, 1, 1], 'B': [0, 1, 1, 0, 0, 0, 1, 0, 1, 0], 'C': [1, 1, 0, 1, 0, 0, 0, 0, 1, 1], 'D': [0, 0, 1, 0, 0, 1, 0, 0, 0, 1], 'E': [0, 1, 0, 0, 0, 0, 0, 0, 0, 0], 'F': [1, 0, 1, 1, 1, 1, 1, 0, 0, 1]}, '橘园北侧南': {'A': [0, 0, 0, 0, 0, 1, 1, 0, 0, 1], 'B': [1, 1, 1, 1, 0, 1, 0, 1, 1, 1], 'C': [0, 1, 1, 1, 0, 1, 1, 1, 0, 1], 'D': [1, 1, 0, 1, 1, 1, 1, 0, 1, 0], 'E': [1, 1, 1, 0, 1, 1, 1, 1, 0, 1], 'F': [1, 0, 0, 0, 0, 0, 1, 0, 0, 0], 'G': [0, 0, 1, 1, 0, 1, 1, 0, 0, 0], 'H': [0, 1, 1, 1, 1, 0, 0, 0, 0, 1], 'I': [0, 1, 0, 0, 0, 0, 1, 0, 0, 0], 'J': [0, 0, 0, 0, 0, 0, 0, 0, 0, 1]}, '校医院西': {'A': [0, 1, 0, 1, 1, 0, 0, 1, 0, 1], 'B': [1, 1, 1, 0, 1, 0, 0, 1, 0, 1], 'C': [0, 1, 1, 0, 1, 0, 1, 1, 0, 1], 'D': [1, 1, 1, 0, 1, 0, 0, 0, 1, 1], 'E': [1, 0, 1, 1, 1, 1, 1, 0, 1, 1], 'F': [0, 0, 1, 1, 1, 1, 1, 1, 1, 1], 'G': [0, 0, 0, 1, 0, 1, 0, 0, 0, 0], 'H': [0, 0, 0, 0, 0, 0, 0, 0, 0, 0], 'I': [0, 0, 0, 0, 0, 0, 0, 0, 1, 1]}}
623868	2024-07-13 15:13:02.690000+08:00	2024-07-13 15:13:02.690000+08:00	{'东门北侧': {'A': [1, 1, 1, 1, 1, 0, 1, 0, 1, 1], 'B': [1, 1, 1, 1, 1, 1, 1, 1, 1, 1], 'C': [0, 1, 1, 0, 1, 0, 1, 0, 1, 0], 'D': [1, 1, 1, 1, 1, 0, 1, 1, 0, 0], 'E': [1, 1, 1, 1, 1, 1, 1, 1, 1, 1], 'F': [1, 1, 1, 1, 1, 1, 1, 1, 0, 1], 'G': [1, 1, 1, 1, 1, 1, 1, 1, 0, 0], 'H': [1, 1, 1, 1, 1, 1, 1, 1, 0, 0], 'I': [1, 0, 1, 1, 1, 1, 0, 1, 0, 1], 'J': [1, 1, 1, 1, 0, 1, 1, 1, 1, 1], 'K': [0, 0, 0, 1, 1, 1, 1, 1, 0, 1]}, '东门南侧': {'A': [0, 0, 0, 0, 0, 0, 1, 0, 0, 0], 'B': [0, 0, 0, 0, 0, 0, 0, 0, 0, 0]}, '西门北侧': {'A': [1, 1, 1, 1, 1, 1, 1, 0, 1, 1], 'B': [1, 1, 1, 1, 0, 1, 1, 0, 1, 0], 'C': [1, 1, 1, 1, 1, 1, 1, 1, 1, 0]}, '西门南侧': {'A': [1, 1, 1, 1, 1, 0, 0, 1, 1, 1], 'B': [1, 1, 1, 1, 1, 1, 1, 1, 1, 1], 'C': [1, 1, 0, 1, 0, 0, 1, 1, 1, 0]}, '南门西侧': {'A': [1, 1, 1, 1, 1, 1, 1, 1, 1, 1], 'B': [0, 0, 0, 0, 0, 0, 0, 0, 0, 0]}, '南门东侧': {'A': [1, 1, 0, 1, 1, 1, 1, 1, 0, 1], 'B': [0, 0, 1, 1, 1, 0, 1, 1, 1, 1]}, '北门东北侧': {'A': [1, 1, 1, 1, 1, 1, 1, 1, 1, 1], 'B': [0, 1, 1, 1, 1, 0, 0, 1, 0, 0], 'C': [0, 0, 1, 1, 1, 1, 0, 1, 1, 0], 'D': [0, 1, 1, 1, 1, 1, 1, 0, 0, 1]}, '北门东南侧': {'A': [0, 0, 1, 1, 1, 0, 1, 1, 1, 1], 'B': [0, 1, 1, 0, 0, 0, 1, 0, 1, 0], 'C': [1, 1, 0, 1, 0, 0, 0, 0, 1, 1], 'D': [0, 0, 1, 0, 0, 1, 0, 0, 0, 1], 'E': [0, 1, 0, 0, 0, 0, 0, 0, 0, 0], 'F': [1, 0, 1, 1, 1, 1, 1, 0, 0, 1]}, '橘园北侧南': {'A': [0, 0, 0, 0, 0, 1, 1, 0, 0, 1], 'B': [1, 1, 1, 1, 0, 1, 0, 1, 1, 1], 'C': [0, 1, 1, 1, 0, 1, 1, 1, 0, 1], 'D': [1, 1, 0, 1, 1, 1, 1, 0, 1, 0], 'E': [1, 1, 1, 0, 1, 1, 1, 1, 0, 1], 'F': [1, 0, 0, 0, 0, 0, 1, 0, 0, 0], 'G': [0, 0, 1, 1, 0, 1, 1, 0, 0, 0], 'H': [0, 1, 1, 1, 1, 0, 0, 0, 0, 1], 'I': [0, 1, 0, 0, 0, 0, 1, 0, 0, 0], 'J': [0, 0, 0, 0, 0, 0, 0, 0, 0, 1]}, '校医院西': {'A': [0, 1, 0, 1, 1, 0, 0, 1, 0, 1], 'B': [1, 1, 1, 0, 1, 0, 0, 1, 0, 1], 'C': [0, 1, 1, 0, 1, 0, 1, 1, 0, 1], 'D': [1, 1, 1, 0, 1, 0, 0, 0, 1, 1], 'E': [1, 0, 1, 1, 1, 1, 1, 0, 1, 1], 'F': [0, 0, 1, 1, 1, 1, 1, 1, 1, 1], 'G': [0, 0, 0, 1, 0, 1, 0, 0, 0, 0], 'H': [0, 0, 0, 0, 0, 0, 0, 0, 0, 0], 'I': [0, 0, 0, 0, 0, 0, 0, 0, 1, 1]}}
623869	2024-07-13 15:14:01.501000+08:00	2024-07-13 15:14:01.501000+08:00	{'东门北侧': {'A': [1, 1, 1, 1, 1, 0, 1, 0, 1, 1], 'B': [1, 1, 1, 1, 1, 1, 1, 1, 1, 1], 'C': [0, 1, 1, 0, 1, 0, 1, 0, 1, 0], 'D': [1, 1, 1, 1, 1, 0, 1, 1, 0, 0], 'E': [1, 1, 1, 1, 1, 1, 1, 1, 1, 1], 'F': [1, 1, 1, 1, 1, 1, 1, 1, 0, 1], 'G': [1, 1, 1, 1, 1, 1, 1, 1, 0, 0], 'H': [1, 1, 1, 1, 1, 1, 1, 1, 0, 0], 'I': [1, 0, 1, 1, 1, 1, 0, 1, 0, 1], 'J': [1, 1, 1, 1, 0, 1, 1, 1, 1, 1], 'K': [0, 0, 0, 1, 1, 1, 1, 1, 0, 1]}, '东门南侧': {'A': [0, 0, 0, 0, 0, 0, 1, 0, 0, 0], 'B': [0, 0, 0, 0, 0, 0, 0, 0, 0, 0]}, '西门北侧': {'A': [1, 1, 1, 1, 1, 1, 1, 0, 1, 1], 'B': [1, 1, 1, 1, 0, 1, 1, 0, 1, 0], 'C': [1, 1, 1, 1, 1, 1, 1, 1, 1, 0]}, '西门南侧': {'A': [1, 1, 1, 1, 1, 0, 0, 1, 1, 1], 'B': [1, 1, 1, 1, 1, 1, 1, 1, 1, 1], 'C': [1, 1, 0, 1, 0, 0, 1, 1, 1, 0]}, '南门西侧': {'A': [1, 1, 1, 1, 1, 1, 1, 1, 1, 1], 'B': [0, 0, 0, 0, 0, 0, 0, 0, 0, 0]}, '南门东侧': {'A': [1, 1, 0, 1, 1, 1, 1, 1, 0, 1], 'B': [0, 0, 1, 1, 1, 0, 1, 1, 1, 1]}, '北门东北侧': {'A': [1, 1, 1, 1, 1, 1, 1, 1, 1, 1], 'B': [0, 1, 1, 1, 1, 0, 0, 1, 0, 0], 'C': [0, 0, 1, 1, 1, 1, 0, 1, 1, 0], 'D': [0, 1, 1, 1, 1, 1, 1, 0, 0, 1]}, '北门东南侧': {'A': [0, 0, 1, 1, 1, 0, 1, 1, 1, 1], 'B': [0, 1, 1, 0, 0, 0, 1, 0, 1, 0], 'C': [1, 1, 0, 1, 0, 0, 0, 0, 1, 1], 'D': [0, 0, 1, 0, 0, 1, 0, 0, 0, 1], 'E': [0, 1, 0, 0, 0, 0, 0, 0, 0, 0], 'F': [1, 0, 1, 1, 1, 1, 1, 0, 0, 1]}, '橘园北侧南': {'A': [0, 0, 0, 0, 0, 1, 1, 0, 0, 1], 'B': [1, 1, 1, 1, 0, 1, 0, 1, 1, 1], 'C': [0, 1, 1, 1, 0, 1, 1, 1, 0, 1], 'D': [1, 1, 0, 1, 1, 1, 1, 0, 1, 0], 'E': [1, 1, 1, 0, 1, 1, 1, 1, 0, 1], 'F': [1, 0, 0, 0, 0, 0, 1, 0, 0, 0], 'G': [0, 0, 1, 1, 0, 1, 1, 0, 0, 0], 'H': [0, 1, 1, 1, 1, 0, 0, 0, 0, 1], 'I': [0, 1, 0, 0, 0, 0, 1, 0, 0, 0], 'J': [0, 0, 0, 0, 0, 0, 0, 0, 0, 1]}, '校医院西': {'A': [0, 1, 0, 1, 1, 0, 0, 1, 0, 1], 'B': [1, 1, 1, 0, 1, 0, 0, 1, 0, 1], 'C': [0, 1, 1, 0, 1, 0, 1, 1, 0, 1], 'D': [1, 1, 1, 0, 1, 0, 0, 0, 1, 1], 'E': [1, 0, 1, 1, 1, 1, 1, 0, 1, 1], 'F': [0, 0, 1, 1, 1, 1, 1, 1, 1, 1], 'G': [0, 0, 0, 1, 0, 1, 0, 0, 0, 0], 'H': [0, 0, 0, 0, 0, 0, 0, 0, 0, 0], 'I': [0, 0, 0, 0, 0, 0, 0, 0, 1, 1]}}
623870	2024-07-13 15:15:00.462000+08:00	2024-07-13 15:15:00.462000+08:00	{'东门北侧': {'A': [1, 1, 1, 1, 1, 0, 1, 0, 1, 1], 'B': [1, 1, 1, 1, 1, 1, 1, 1, 1, 1], 'C': [0, 1, 1, 0, 1, 0, 1, 0, 1, 0], 'D': [1, 1, 1, 1, 1, 0, 1, 1, 0, 0], 'E': [1, 1, 1, 1, 1, 1, 1, 1, 1, 1], 'F': [1, 1, 1, 1, 1, 1, 1, 1, 0, 1], 'G': [1, 1, 1, 1, 1, 1, 1, 1, 0, 0], 'H': [1, 1, 1, 1, 1, 1, 1, 1, 0, 0], 'I': [1, 0, 1, 1, 1, 1, 0, 1, 0, 1], 'J': [1, 1, 1, 1, 0, 1, 1, 1, 1, 1], 'K': [0, 0, 0, 1, 1, 1, 1, 1, 0, 1]}, '东门南侧': {'A': [0, 0, 0, 0, 0, 0, 1, 0, 0, 0], 'B': [0, 0, 0, 0, 0, 0, 0, 0, 0, 0]}, '西门北侧': {'A': [1, 1, 1, 1, 1, 1, 1, 0, 0, 1], 'B': [1, 1, 1, 1, 0, 1, 1, 0, 1, 0], 'C': [1, 1, 1, 1, 1, 1, 1, 1, 1, 0]}, '西门南侧': {'A': [1, 1, 1, 1, 1, 0, 0, 1, 1, 1], 'B': [1, 1, 1, 1, 1, 1, 1, 1, 1, 1], 'C': [1, 1, 0, 1, 0, 0, 1, 1, 1, 0]}, '南门西侧': {'A': [1, 1, 1, 1, 1, 1, 1, 1, 1, 1], 'B': [0, 0, 0, 0, 0, 0, 0, 0, 0, 0]}, '南门东侧': {'A': [1, 1, 0, 1, 1, 1, 1, 1, 0, 1], 'B': [0, 0, 1, 1, 1, 0, 1, 1, 1, 1]}, '北门东北侧': {'A': [1, 1, 1, 1, 1, 1, 1, 1, 1, 1], 'B': [0, 1, 1, 1, 1, 0, 0, 1, 0, 0], 'C': [0, 0, 1, 1, 1, 1, 0, 1, 1, 0], 'D': [0, 1, 1, 1, 1, 1, 1, 0, 0, 1]}, '北门东南侧': {'A': [0, 0, 1, 1, 1, 0, 1, 1, 1, 1], 'B': [0, 1, 1, 0, 0, 0, 1, 0, 1, 0], 'C': [1, 1, 0, 1, 0, 0, 0, 0, 0, 1], 'D': [0, 0, 1, 0, 0, 1, 0, 0, 0, 1], 'E': [0, 1, 0, 0, 0, 0, 0, 0, 0, 0], 'F': [1, 0, 1, 1, 1, 1, 1, 0, 0, 1]}, '橘园北侧南': {'A': [0, 0, 0, 0, 0, 1, 1, 0, 0, 1], 'B': [1, 1, 1, 1, 0, 1, 0, 1, 1, 1], 'C': [0, 1, 1, 1, 0, 1, 1, 1, 0, 1], 'D': [1, 1, 0, 1, 1, 1, 1, 0, 1, 0], 'E': [1, 1, 1, 0, 1, 1, 1, 1, 0, 1], 'F': [1, 0, 0, 0, 0, 0, 1, 0, 0, 0], 'G': [0, 0, 1, 1, 0, 1, 1, 0, 0, 0], 'H': [0, 1, 1, 1, 1, 0, 0, 0, 0, 1], 'I': [0, 1, 0, 0, 0, 0, 1, 0, 0, 0], 'J': [0, 0, 0, 0, 0, 0, 0, 0, 0, 1]}, '校医院西': {'A': [0, 1, 0, 1, 1, 0, 0, 1, 0, 1], 'B': [1, 1, 1, 0, 1, 0, 0, 1, 0, 1], 'C': [0, 1, 1, 0, 1, 0, 1, 1, 0, 1], 'D': [1, 1, 1, 0, 1, 0, 0, 0, 1, 1], 'E': [1, 0, 1, 1, 1, 1, 1, 0, 1, 1], 'F': [0, 0, 1, 1, 1, 1, 1, 1, 1, 1], 'G': [0, 0, 0, 1, 0, 1, 0, 0, 0, 0], 'H': [0, 0, 0, 0, 0, 0, 0, 0, 0, 0], 'I': [0, 0, 0, 0, 0, 0, 0, 0, 1, 1]}}
623871	2024-07-13 15:16:02.377000+08:00	2024-07-13 15:16:02.377000+08:00	{'东门北侧': {'A': [1, 1, 1, 1, 1, 0, 1, 0, 1, 1], 'B': [1, 1, 1, 1, 1, 1, 1, 1, 1, 1], 'C': [0, 1, 1, 0, 1, 0, 1, 0, 1, 0], 'D': [1, 1, 1, 1, 1, 0, 1, 1, 0, 0], 'E': [1, 1, 1, 1, 1, 1, 1, 1, 1, 1], 'F': [1, 1, 1, 1, 1, 1, 1, 1, 0, 1], 'G': [1, 1, 1, 1, 1, 1, 1, 1, 0, 0], 'H': [1, 1, 1, 1, 1, 1, 1, 1, 0, 0], 'I': [1, 0, 1, 1, 1, 1, 0, 1, 0, 1], 'J': [1, 1, 1, 1, 0, 1, 1, 1, 1, 1], 'K': [0, 0, 0, 1, 1, 1, 1, 1, 0, 1]}, '东门南侧': {'A': [0, 0, 0, 0, 0, 0, 1, 0, 0, 0], 'B': [0, 0, 0, 0, 0, 0, 0, 0, 0, 0]}, '西门北侧': {'A': [1, 1, 1, 1, 1, 1, 1, 0, 0, 1], 'B': [1, 1, 1, 1, 0, 1, 1, 0, 1, 0], 'C': [1, 1, 1, 1, 1, 1, 1, 1, 1, 0]}, '西门南侧': {'A': [1, 1, 1, 1, 1, 0, 0, 1, 1, 1], 'B': [1, 1, 1, 1, 1, 1, 1, 1, 1, 1], 'C': [1, 1, 0, 1, 0, 0, 1, 1, 1, 0]}, '南门西侧': {'A': [1, 1, 1, 1, 1, 1, 1, 1, 1, 1], 'B': [0, 0, 0, 0, 0, 0, 0, 0, 0, 0]}, '南门东侧': {'A': [1, 1, 0, 1, 1, 1, 1, 1, 0, 1], 'B': [0, 0, 1, 1, 1, 0, 1, 1, 1, 1]}, '北门东北侧': {'A': [1, 1, 1, 1, 1, 1, 1, 1, 1, 1], 'B': [0, 1, 1, 1, 1, 0, 0, 1, 0, 0], 'C': [0, 0, 1, 1, 1, 1, 0, 1, 1, 0], 'D': [0, 1, 1, 1, 1, 1, 1, 0, 0, 1]}, '北门东南侧': {'A': [0, 0, 1, 1, 1, 0, 1, 1, 1, 1], 'B': [0, 1, 1, 0, 0, 0, 1, 0, 1, 0], 'C': [1, 1, 0, 1, 0, 0, 0, 0, 0, 1], 'D': [0, 0, 1, 0, 0, 1, 0, 0, 0, 1], 'E': [0, 1, 0, 0, 0, 0, 0, 0, 0, 0], 'F': [1, 0, 1, 1, 1, 1, 1, 0, 0, 1]}, '橘园北侧南': {'A': [0, 0, 0, 0, 0, 1, 1, 0, 0, 1], 'B': [1, 1, 1, 1, 0, 1, 0, 1, 1, 1], 'C': [0, 1, 1, 1, 0, 1, 1, 1, 0, 1], 'D': [1, 1, 0, 1, 1, 1, 1, 0, 1, 0], 'E': [1, 1, 1, 0, 1, 1, 1, 1, 0, 1], 'F': [1, 0, 0, 0, 0, 0, 1, 0, 0, 0], 'G': [0, 0, 1, 1, 0, 1, 1, 0, 0, 0], 'H': [0, 1, 1, 1, 1, 0, 0, 0, 0, 1], 'I': [0, 1, 0, 0, 0, 0, 1, 0, 0, 0], 'J': [0, 0, 0, 0, 0, 0, 0, 0, 0, 1]}, '校医院西': {'A': [0, 1, 0, 1, 1, 0, 0, 1, 0, 1], 'B': [1, 1, 1, 0, 1, 0, 0, 1, 0, 1], 'C': [0, 1, 1, 0, 1, 0, 1, 1, 0, 1], 'D': [1, 1, 1, 0, 1, 0, 0, 0, 1, 1], 'E': [1, 0, 1, 1, 1, 1, 1, 0, 1, 1], 'F': [0, 0, 1, 1, 1, 1, 1, 1, 1, 1], 'G': [0, 0, 0, 1, 0, 1, 0, 0, 0, 0], 'H': [0, 0, 0, 0, 0, 0, 0, 0, 0, 0], 'I': [0, 0, 0, 0, 0, 0, 0, 0, 1, 1]}}
623872	2024-07-13 15:17:00.464000+08:00	2024-07-13 15:17:00.464000+08:00	{'东门北侧': {'A': [1, 1, 1, 1, 1, 0, 1, 0, 1, 1], 'B': [1, 1, 1, 1, 1, 1, 1, 1, 1, 1], 'C': [0, 1, 1, 0, 1, 0, 1, 0, 1, 0], 'D': [1, 1, 1, 1, 1, 0, 1, 1, 0, 0], 'E': [1, 1, 1, 1, 1, 1, 1, 1, 1, 1], 'F': [1, 1, 1, 1, 1, 1, 1, 1, 0, 1], 'G': [1, 1, 1, 1, 1, 1, 1, 1, 0, 0], 'H': [1, 1, 1, 1, 1, 1, 1, 1, 0, 0], 'I': [1, 0, 1, 1, 1, 1, 0, 1, 0, 1], 'J': [1, 1, 1, 1, 0, 1, 1, 1, 1, 1], 'K': [0, 0, 0, 1, 1, 1, 1, 1, 0, 1]}, '东门南侧': {'A': [0, 0, 0, 0, 0, 0, 1, 0, 0, 0], 'B': [0, 0, 0, 0, 0, 0, 0, 0, 0, 0]}, '西门北侧': {'A': [1, 1, 1, 1, 1, 1, 1, 0, 0, 1], 'B': [1, 1, 1, 1, 0, 1, 1, 0, 1, 0], 'C': [1, 1, 1, 1, 1, 1, 1, 1, 1, 0]}, '西门南侧': {'A': [1, 1, 1, 1, 1, 0, 0, 1, 1, 1], 'B': [1, 1, 1, 1, 1, 1, 1, 1, 1, 1], 'C': [1, 1, 0, 1, 0, 0, 1, 1, 1, 0]}, '南门西侧': {'A': [1, 1, 1, 1, 1, 1, 1, 1, 1, 1], 'B': [0, 0, 0, 0, 0, 0, 0, 0, 0, 0]}, '南门东侧': {'A': [1, 1, 0, 1, 1, 1, 1, 1, 0, 1], 'B': [0, 0, 1, 1, 1, 0, 1, 1, 1, 1]}, '北门东北侧': {'A': [1, 1, 1, 1, 1, 1, 1, 1, 1, 1], 'B': [0, 1, 1, 1, 1, 0, 0, 1, 0, 0], 'C': [0, 0, 1, 1, 1, 1, 0, 1, 1, 0], 'D': [0, 1, 1, 1, 1, 1, 1, 0, 0, 1]}, '北门东南侧': {'A': [0, 0, 1, 1, 1, 0, 1, 1, 1, 1], 'B': [0, 1, 1, 0, 0, 0, 1, 0, 1, 0], 'C': [1, 1, 0, 1, 0, 0, 0, 0, 0, 1], 'D': [0, 0, 1, 0, 0, 1, 0, 0, 0, 1], 'E': [0, 1, 0, 0, 0, 0, 0, 0, 0, 0], 'F': [1, 0, 1, 1, 1, 1, 1, 0, 0, 1]}, '橘园北侧南': {'A': [0, 0, 0, 0, 0, 1, 1, 0, 0, 1], 'B': [1, 1, 1, 1, 0, 1, 0, 1, 1, 1], 'C': [0, 1, 1, 1, 0, 1, 1, 1, 0, 1], 'D': [1, 1, 0, 1, 1, 1, 1, 0, 1, 0], 'E': [1, 1, 1, 0, 1, 1, 1, 1, 0, 1], 'F': [1, 0, 0, 0, 0, 0, 1, 0, 0, 0], 'G': [0, 0, 1, 1, 0, 1, 1, 0, 0, 0], 'H': [0, 1, 1, 1, 1, 0, 0, 0, 0, 1], 'I': [0, 1, 0, 0, 0, 0, 1, 0, 0, 0], 'J': [0, 0, 0, 0, 0, 0, 0, 0, 0, 1]}, '校医院西': {'A': [0, 1, 0, 1, 1, 0, 0, 1, 0, 1], 'B': [1, 1, 1, 0, 1, 0, 0, 1, 0, 1], 'C': [0, 1, 1, 0, 1, 0, 1, 1, 0, 1], 'D': [1, 1, 1, 0, 1, 0, 0, 0, 1, 1], 'E': [1, 0, 1, 1, 1, 1, 1, 0, 1, 1], 'F': [0, 0, 1, 1, 1, 1, 1, 1, 1, 1], 'G': [0, 0, 0, 1, 0, 1, 0, 0, 0, 0], 'H': [0, 0, 0, 0, 0, 0, 0, 0, 0, 0], 'I': [0, 0, 0, 0, 0, 0, 0, 0, 1, 1]}}
623873	2024-07-13 15:17:58.505000+08:00	2024-07-13 15:17:58.505000+08:00	{'东门北侧': {'A': [1, 1, 1, 1, 1, 0, 1, 0, 1, 1], 'B': [1, 1, 1, 1, 1, 1, 1, 1, 1, 1], 'C': [0, 1, 1, 0, 1, 0, 1, 0, 1, 0], 'D': [1, 1, 1, 1, 1, 0, 1, 1, 0, 0], 'E': [1, 1, 1, 1, 1, 1, 1, 1, 1, 1], 'F': [1, 1, 1, 1, 1, 1, 1, 1, 0, 1], 'G': [1, 1, 1, 1, 1, 1, 1, 1, 0, 0], 'H': [1, 1, 1, 1, 1, 1, 1, 1, 0, 0], 'I': [1, 0, 1, 1, 1, 1, 0, 1, 0, 1], 'J': [1, 1, 1, 1, 0, 1, 1, 1, 1, 1], 'K': [0, 0, 0, 1, 1, 1, 1, 1, 0, 1]}, '东门南侧': {'A': [0, 0, 0, 0, 0, 0, 1, 0, 0, 0], 'B': [0, 0, 0, 0, 0, 0, 0, 0, 0, 0]}, '西门北侧': {'A': [1, 1, 1, 1, 1, 1, 1, 0, 0, 1], 'B': [1, 1, 1, 1, 0, 1, 1, 0, 1, 0], 'C': [1, 1, 1, 1, 1, 1, 1, 1, 1, 0]}, '西门南侧': {'A': [1, 1, 1, 1, 1, 0, 0, 1, 1, 1], 'B': [1, 1, 1, 1, 1, 1, 1, 1, 1, 1], 'C': [1, 1, 0, 1, 0, 0, 1, 1, 1, 0]}, '南门西侧': {'A': [1, 1, 1, 1, 1, 1, 1, 1, 1, 1], 'B': [0, 0, 0, 0, 0, 0, 0, 0, 0, 0]}, '南门东侧': {'A': [1, 1, 0, 1, 1, 1, 1, 1, 0, 1], 'B': [0, 0, 1, 1, 1, 0, 1, 1, 1, 1]}, '北门东北侧': {'A': [1, 1, 1, 1, 1, 1, 1, 1, 1, 1], 'B': [0, 1, 1, 1, 1, 0, 0, 1, 0, 0], 'C': [0, 0, 1, 1, 1, 1, 0, 1, 1, 0], 'D': [0, 1, 1, 1, 1, 1, 1, 0, 0, 1]}, '北门东南侧': {'A': [0, 0, 1, 1, 1, 0, 1, 1, 1, 1], 'B': [0, 1, 1, 0, 0, 0, 1, 0, 1, 0], 'C': [1, 1, 0, 1, 0, 0, 0, 0, 0, 1], 'D': [0, 0, 1, 0, 0, 1, 0, 0, 0, 1], 'E': [0, 1, 0, 0, 0, 0, 0, 0, 0, 0], 'F': [1, 0, 1, 1, 1, 1, 1, 0, 0, 1]}, '橘园北侧南': {'A': [0, 0, 0, 0, 0, 1, 1, 0, 0, 1], 'B': [1, 1, 1, 1, 0, 1, 0, 1, 1, 1], 'C': [0, 1, 1, 1, 0, 1, 1, 1, 0, 1], 'D': [1, 1, 0, 1, 1, 1, 1, 0, 1, 0], 'E': [1, 1, 1, 0, 1, 1, 1, 1, 0, 1], 'F': [1, 0, 0, 0, 0, 0, 1, 0, 0, 0], 'G': [0, 0, 1, 1, 0, 1, 1, 0, 0, 0], 'H': [0, 1, 1, 1, 1, 0, 0, 0, 0, 1], 'I': [0, 1, 0, 0, 0, 0, 1, 0, 0, 0], 'J': [0, 0, 0, 0, 0, 0, 0, 0, 0, 1]}, '校医院西': {'A': [0, 1, 0, 1, 1, 0, 0, 1, 0, 1], 'B': [1, 1, 1, 0, 1, 0, 0, 1, 0, 1], 'C': [0, 1, 1, 0, 1, 0, 1, 1, 0, 1], 'D': [1, 1, 1, 0, 1, 0, 0, 0, 1, 1], 'E': [1, 0, 1, 1, 1, 1, 1, 0, 1, 1], 'F': [0, 0, 1, 1, 1, 1, 1, 1, 1, 1], 'G': [0, 0, 0, 1, 0, 1, 0, 0, 0, 0], 'H': [0, 0, 0, 0, 0, 0, 0, 0, 0, 0], 'I': [0, 0, 0, 0, 0, 0, 0, 0, 1, 1]}}
623874	2024-07-13 15:19:01.025000+08:00	2024-07-13 15:19:01.025000+08:00	{'东门北侧': {'A': [1, 1, 1, 1, 1, 0, 1, 0, 1, 1], 'B': [1, 1, 1, 1, 1, 1, 1, 1, 1, 1], 'C': [0, 1, 1, 0, 1, 0, 1, 0, 1, 0], 'D': [1, 1, 1, 1, 1, 0, 1, 1, 0, 0], 'E': [1, 1, 1, 1, 1, 1, 1, 1, 1, 1], 'F': [1, 1, 1, 1, 1, 1, 1, 1, 0, 1], 'G': [1, 1, 1, 1, 1, 1, 1, 1, 0, 0], 'H': [1, 1, 1, 1, 1, 1, 1, 1, 0, 0], 'I': [1, 0, 1, 1, 1, 1, 0, 1, 0, 1], 'J': [1, 1, 1, 1, 0, 1, 1, 1, 1, 1], 'K': [0, 0, 0, 1, 1, 1, 1, 1, 0, 1]}, '东门南侧': {'A': [0, 0, 0, 0, 0, 0, 1, 0, 0, 0], 'B': [0, 0, 0, 0, 0, 0, 0, 0, 0, 0]}, '西门北侧': {'A': [1, 1, 1, 1, 1, 1, 1, 0, 0, 1], 'B': [1, 1, 1, 1, 0, 1, 1, 0, 1, 0], 'C': [1, 1, 1, 1, 1, 1, 1, 1, 1, 0]}, '西门南侧': {'A': [1, 1, 1, 1, 1, 0, 0, 1, 1, 1], 'B': [1, 1, 1, 1, 1, 1, 1, 1, 1, 1], 'C': [1, 1, 0, 1, 0, 0, 1, 1, 1, 0]}, '南门西侧': {'A': [1, 1, 1, 1, 1, 1, 1, 1, 1, 1], 'B': [0, 0, 0, 0, 0, 0, 0, 0, 0, 0]}, '南门东侧': {'A': [1, 1, 0, 1, 1, 1, 1, 1, 0, 1], 'B': [0, 0, 1, 1, 1, 0, 1, 1, 1, 1]}, '北门东北侧': {'A': [1, 1, 1, 1, 1, 1, 1, 1, 1, 1], 'B': [0, 1, 1, 1, 1, 0, 0, 1, 0, 0], 'C': [0, 0, 1, 1, 1, 1, 0, 1, 1, 0], 'D': [0, 1, 1, 1, 1, 1, 1, 0, 0, 1]}, '北门东南侧': {'A': [0, 0, 1, 1, 1, 0, 1, 1, 1, 1], 'B': [0, 1, 1, 0, 0, 0, 1, 0, 1, 0], 'C': [1, 1, 0, 1, 0, 0, 0, 0, 0, 1], 'D': [0, 0, 1, 0, 0, 1, 0, 0, 0, 1], 'E': [0, 1, 0, 0, 0, 0, 0, 0, 0, 0], 'F': [1, 0, 1, 1, 1, 1, 1, 0, 0, 1]}, '橘园北侧南': {'A': [0, 0, 0, 0, 0, 1, 1, 0, 0, 1], 'B': [1, 1, 1, 1, 0, 1, 0, 1, 1, 1], 'C': [0, 1, 1, 1, 0, 1, 1, 1, 0, 1], 'D': [1, 1, 0, 1, 1, 1, 1, 0, 1, 0], 'E': [1, 1, 1, 0, 1, 1, 1, 1, 0, 1], 'F': [1, 0, 0, 0, 0, 0, 1, 0, 0, 0], 'G': [0, 0, 1, 1, 0, 1, 1, 0, 0, 0], 'H': [0, 1, 1, 1, 1, 1, 0, 0, 0, 1], 'I': [0, 1, 0, 0, 0, 0, 1, 0, 0, 0], 'J': [0, 0, 0, 0, 0, 0, 0, 0, 0, 1]}, '校医院西': {'A': [0, 1, 0, 1, 1, 0, 0, 1, 0, 1], 'B': [1, 1, 1, 0, 1, 0, 0, 1, 0, 1], 'C': [0, 1, 1, 0, 1, 0, 1, 1, 0, 1], 'D': [1, 1, 1, 0, 1, 0, 0, 0, 1, 1], 'E': [1, 0, 1, 1, 1, 1, 1, 0, 1, 1], 'F': [0, 0, 1, 1, 1, 1, 1, 1, 1, 1], 'G': [0, 0, 0, 1, 0, 1, 0, 0, 0, 0], 'H': [0, 0, 0, 0, 0, 0, 0, 0, 0, 0], 'I': [0, 0, 0, 0, 0, 0, 0, 0, 1, 1]}}
623875	2024-07-13 15:19:59.518000+08:00	2024-07-13 15:19:59.518000+08:00	{'东门北侧': {'A': [1, 1, 1, 1, 1, 0, 1, 0, 1, 1], 'B': [1, 1, 1, 1, 1, 1, 1, 1, 1, 1], 'C': [0, 1, 1, 0, 1, 0, 1, 0, 1, 0], 'D': [1, 1, 1, 1, 1, 0, 1, 1, 0, 0], 'E': [1, 1, 1, 1, 1, 1, 1, 1, 1, 1], 'F': [1, 1, 1, 1, 1, 1, 1, 1, 0, 1], 'G': [1, 1, 1, 1, 1, 1, 1, 1, 0, 0], 'H': [1, 1, 1, 1, 1, 1, 1, 1, 0, 0], 'I': [1, 0, 1, 1, 1, 1, 0, 1, 0, 1], 'J': [1, 1, 1, 1, 0, 1, 1, 1, 1, 1], 'K': [0, 0, 0, 1, 1, 1, 1, 1, 0, 1]}, '东门南侧': {'A': [0, 0, 0, 0, 0, 0, 1, 0, 0, 0], 'B': [0, 0, 0, 0, 0, 0, 0, 0, 0, 0]}, '西门北侧': {'A': [1, 1, 1, 1, 1, 1, 1, 0, 0, 1], 'B': [1, 1, 1, 1, 0, 1, 1, 0, 1, 0], 'C': [1, 1, 1, 1, 1, 1, 1, 1, 1, 0]}, '西门南侧': {'A': [1, 1, 1, 1, 1, 0, 0, 1, 1, 1], 'B': [1, 1, 1, 1, 1, 1, 1, 1, 1, 1], 'C': [1, 1, 0, 1, 0, 0, 1, 1, 1, 0]}, '南门西侧': {'A': [1, 1, 1, 1, 1, 1, 1, 1, 1, 1], 'B': [0, 0, 0, 0, 0, 0, 0, 0, 0, 0]}, '南门东侧': {'A': [1, 1, 0, 1, 1, 1, 1, 1, 0, 1], 'B': [0, 0, 1, 1, 1, 0, 1, 1, 1, 1]}, '北门东北侧': {'A': [1, 1, 1, 1, 1, 1, 1, 1, 1, 1], 'B': [0, 1, 1, 1, 1, 0, 0, 1, 0, 0], 'C': [0, 0, 1, 1, 1, 1, 0, 1, 1, 0], 'D': [0, 1, 1, 1, 1, 1, 1, 0, 0, 1]}, '北门东南侧': {'A': [0, 0, 1, 1, 1, 0, 1, 1, 1, 1], 'B': [0, 1, 1, 0, 0, 0, 1, 0, 1, 0], 'C': [1, 1, 0, 1, 0, 0, 0, 0, 0, 1], 'D': [0, 0, 1, 0, 0, 1, 0, 0, 0, 1], 'E': [0, 1, 0, 0, 0, 0, 0, 0, 0, 0], 'F': [1, 0, 1, 1, 1, 1, 1, 0, 0, 1]}, '橘园北侧南': {'A': [0, 0, 0, 0, 0, 1, 1, 0, 0, 1], 'B': [1, 1, 1, 1, 0, 1, 0, 1, 1, 1], 'C': [0, 1, 1, 1, 0, 1, 1, 1, 0, 1], 'D': [1, 1, 0, 1, 1, 1, 1, 0, 1, 0], 'E': [1, 1, 1, 0, 1, 1, 1, 1, 0, 1], 'F': [1, 0, 0, 0, 0, 0, 1, 0, 0, 0], 'G': [0, 0, 1, 1, 0, 0, 1, 0, 0, 0], 'H': [0, 1, 1, 1, 1, 1, 0, 0, 0, 1], 'I': [0, 1, 0, 0, 0, 0, 1, 0, 0, 0], 'J': [0, 0, 0, 0, 0, 0, 0, 0, 0, 1]}, '校医院西': {'A': [0, 1, 0, 1, 1, 0, 0, 1, 0, 1], 'B': [1, 1, 1, 0, 1, 0, 0, 1, 0, 1], 'C': [0, 1, 1, 0, 1, 0, 1, 1, 0, 1], 'D': [1, 1, 1, 0, 1, 0, 0, 0, 1, 1], 'E': [1, 0, 1, 1, 1, 1, 1, 0, 1, 1], 'F': [0, 0, 1, 1, 1, 1, 1, 1, 1, 1], 'G': [0, 0, 0, 1, 0, 1, 0, 0, 0, 0], 'H': [0, 0, 0, 0, 0, 0, 0, 0, 0, 0], 'I': [0, 0, 0, 0, 0, 0, 0, 0, 1, 1]}}
623876	2024-07-13 15:21:01.518000+08:00	2024-07-13 15:21:01.518000+08:00	{'东门北侧': {'A': [1, 1, 1, 1, 1, 0, 1, 0, 1, 1], 'B': [1, 1, 1, 1, 1, 1, 1, 1, 1, 1], 'C': [0, 1, 1, 0, 1, 0, 1, 0, 1, 0], 'D': [1, 1, 1, 1, 1, 0, 1, 1, 0, 0], 'E': [1, 1, 1, 1, 1, 1, 1, 1, 1, 1], 'F': [1, 1, 1, 1, 1, 1, 1, 1, 0, 1], 'G': [1, 1, 1, 1, 1, 1, 1, 1, 0, 0], 'H': [1, 1, 1, 1, 1, 1, 1, 1, 0, 0], 'I': [1, 0, 1, 1, 1, 1, 0, 1, 0, 1], 'J': [1, 1, 1, 1, 0, 1, 1, 1, 1, 1], 'K': [0, 0, 0, 1, 1, 1, 1, 1, 0, 1]}, '东门南侧': {'A': [0, 0, 0, 0, 0, 0, 1, 0, 0, 0], 'B': [0, 0, 0, 0, 0, 0, 0, 0, 0, 0]}, '西门北侧': {'A': [1, 1, 1, 1, 1, 1, 1, 0, 0, 1], 'B': [1, 1, 1, 1, 0, 1, 1, 0, 1, 0], 'C': [1, 1, 1, 1, 1, 1, 1, 1, 1, 0]}, '西门南侧': {'A': [1, 1, 1, 1, 1, 0, 0, 1, 1, 1], 'B': [1, 1, 1, 1, 1, 1, 1, 1, 1, 1], 'C': [1, 1, 0, 1, 0, 0, 1, 1, 1, 0]}, '南门西侧': {'A': [1, 1, 1, 1, 1, 1, 1, 1, 1, 1], 'B': [0, 0, 0, 0, 0, 0, 0, 0, 0, 0]}, '南门东侧': {'A': [1, 1, 0, 1, 1, 1, 1, 1, 0, 1], 'B': [0, 0, 1, 1, 1, 0, 1, 1, 1, 1]}, '北门东北侧': {'A': [1, 1, 1, 1, 1, 1, 1, 1, 1, 1], 'B': [0, 1, 1, 1, 1, 0, 0, 1, 0, 0], 'C': [0, 0, 1, 1, 1, 1, 0, 1, 1, 0], 'D': [0, 1, 1, 1, 1, 1, 1, 0, 0, 1]}, '北门东南侧': {'A': [0, 0, 1, 1, 1, 0, 1, 1, 1, 1], 'B': [0, 1, 1, 0, 0, 0, 1, 0, 1, 0], 'C': [1, 1, 0, 1, 0, 0, 0, 0, 0, 1], 'D': [0, 0, 1, 0, 0, 1, 0, 0, 0, 1], 'E': [0, 1, 0, 0, 0, 0, 0, 0, 0, 0], 'F': [1, 0, 1, 1, 1, 1, 1, 0, 0, 1]}, '橘园北侧南': {'A': [0, 0, 0, 0, 0, 1, 1, 0, 0, 1], 'B': [1, 1, 1, 1, 0, 1, 0, 1, 1, 1], 'C': [0, 1, 1, 1, 0, 1, 1, 1, 0, 1], 'D': [1, 1, 0, 1, 1, 1, 1, 0, 1, 0], 'E': [1, 1, 1, 0, 1, 1, 1, 1, 0, 1], 'F': [1, 0, 0, 0, 0, 0, 1, 0, 0, 0], 'G': [0, 0, 1, 1, 0, 0, 1, 0, 0, 0], 'H': [0, 1, 1, 1, 1, 1, 0, 0, 0, 1], 'I': [0, 1, 0, 0, 0, 0, 1, 0, 0, 0], 'J': [0, 0, 0, 0, 0, 0, 0, 0, 0, 1]}, '校医院西': {'A': [0, 1, 0, 1, 1, 0, 0, 1, 0, 1], 'B': [1, 1, 1, 0, 1, 0, 0, 1, 0, 1], 'C': [0, 1, 1, 0, 1, 0, 1, 1, 0, 1], 'D': [1, 1, 1, 0, 1, 0, 0, 0, 1, 1], 'E': [1, 0, 1, 1, 1, 1, 1, 0, 1, 1], 'F': [0, 0, 1, 1, 1, 1, 1, 1, 1, 1], 'G': [0, 0, 0, 1, 0, 1, 0, 0, 0, 0], 'H': [0, 0, 0, 0, 0, 0, 0, 0, 0, 0], 'I': [0, 0, 0, 0, 0, 0, 0, 0, 1, 1]}}
623877	2024-07-13 15:22:00.700000+08:00	2024-07-13 15:22:00.700000+08:00	{'东门北侧': {'A': [1, 1, 1, 1, 1, 0, 1, 0, 1, 1], 'B': [1, 1, 1, 1, 1, 1, 1, 1, 1, 1], 'C': [0, 1, 1, 0, 1, 0, 1, 0, 1, 0], 'D': [1, 1, 1, 1, 1, 0, 1, 1, 0, 0], 'E': [1, 1, 1, 1, 1, 1, 1, 1, 1, 1], 'F': [1, 1, 1, 1, 1, 1, 1, 1, 0, 1], 'G': [1, 1, 1, 1, 1, 1, 1, 1, 0, 0], 'H': [1, 1, 1, 1, 1, 1, 1, 1, 0, 0], 'I': [1, 0, 1, 1, 1, 1, 0, 1, 0, 1], 'J': [1, 1, 1, 1, 0, 1, 1, 1, 1, 1], 'K': [0, 0, 0, 1, 1, 1, 1, 1, 0, 1]}, '东门南侧': {'A': [0, 0, 0, 0, 0, 0, 1, 0, 0, 0], 'B': [0, 0, 0, 0, 0, 0, 0, 0, 0, 0]}, '西门北侧': {'A': [1, 1, 1, 1, 1, 1, 1, 0, 0, 1], 'B': [1, 1, 1, 1, 0, 1, 1, 0, 1, 0], 'C': [1, 1, 1, 1, 1, 1, 1, 1, 1, 0]}, '西门南侧': {'A': [1, 1, 1, 1, 1, 0, 0, 1, 1, 1], 'B': [1, 1, 1, 1, 1, 1, 1, 1, 1, 1], 'C': [1, 1, 0, 1, 0, 0, 1, 1, 1, 0]}, '南门西侧': {'A': [1, 1, 1, 1, 1, 1, 1, 1, 1, 1], 'B': [0, 0, 0, 0, 0, 0, 0, 0, 0, 0]}, '南门东侧': {'A': [1, 1, 0, 1, 1, 1, 1, 1, 1, 1], 'B': [0, 0, 1, 1, 1, 0, 1, 1, 1, 1]}, '北门东北侧': {'A': [1, 1, 1, 1, 1, 1, 1, 1, 1, 1], 'B': [0, 1, 1, 1, 1, 0, 0, 1, 0, 0], 'C': [0, 0, 1, 1, 1, 1, 0, 1, 1, 0], 'D': [0, 1, 1, 1, 1, 1, 1, 0, 0, 1]}, '北门东南侧': {'A': [0, 0, 1, 1, 1, 0, 1, 1, 1, 1], 'B': [0, 1, 1, 0, 0, 0, 1, 0, 1, 0], 'C': [1, 1, 0, 1, 0, 0, 0, 0, 0, 1], 'D': [0, 0, 1, 0, 0, 1, 0, 0, 0, 1], 'E': [0, 1, 0, 0, 0, 0, 0, 0, 0, 0], 'F': [1, 0, 1, 1, 1, 1, 1, 0, 0, 1]}, '橘园北侧南': {'A': [0, 0, 0, 0, 0, 1, 1, 0, 0, 1], 'B': [1, 1, 1, 1, 0, 1, 0, 1, 1, 1], 'C': [0, 1, 1, 1, 0, 1, 1, 1, 0, 1], 'D': [1, 1, 0, 1, 1, 1, 1, 0, 1, 0], 'E': [1, 1, 1, 0, 1, 1, 1, 1, 0, 1], 'F': [1, 0, 0, 0, 0, 0, 1, 0, 0, 0], 'G': [0, 0, 1, 1, 0, 0, 1, 0, 0, 0], 'H': [0, 1, 1, 1, 1, 1, 0, 0, 0, 1], 'I': [0, 1, 0, 0, 0, 0, 1, 0, 0, 0], 'J': [0, 0, 0, 0, 0, 0, 0, 0, 0, 1]}, '校医院西': {'A': [0, 1, 0, 1, 1, 0, 0, 1, 0, 1], 'B': [1, 1, 1, 0, 1, 0, 0, 1, 0, 1], 'C': [0, 1, 1, 0, 1, 0, 1, 1, 0, 1], 'D': [1, 1, 1, 0, 1, 0, 0, 0, 1, 1], 'E': [1, 0, 1, 1, 1, 1, 1, 0, 1, 1], 'F': [0, 0, 1, 1, 1, 1, 1, 1, 1, 1], 'G': [0, 0, 0, 1, 0, 1, 0, 0, 0, 0], 'H': [0, 0, 0, 0, 0, 0, 0, 0, 0, 0], 'I': [0, 0, 0, 0, 0, 0, 0, 0, 1, 0]}}
623878	2024-07-13 15:23:00.491000+08:00	2024-07-13 15:23:00.491000+08:00	{'东门北侧': {'A': [1, 1, 1, 1, 1, 0, 1, 0, 1, 1], 'B': [1, 1, 1, 1, 1, 1, 1, 1, 1, 1], 'C': [0, 1, 1, 0, 1, 0, 1, 0, 1, 0], 'D': [1, 1, 1, 1, 1, 0, 1, 1, 0, 0], 'E': [1, 1, 1, 1, 1, 1, 1, 1, 1, 1], 'F': [1, 1, 1, 1, 1, 1, 1, 1, 0, 1], 'G': [1, 1, 1, 1, 1, 1, 1, 1, 0, 0], 'H': [1, 1, 1, 1, 1, 1, 1, 1, 0, 0], 'I': [1, 0, 1, 1, 1, 1, 0, 1, 0, 1], 'J': [1, 1, 1, 1, 0, 1, 1, 1, 1, 1], 'K': [0, 0, 0, 1, 1, 1, 1, 1, 0, 1]}, '东门南侧': {'A': [0, 0, 0, 0, 0, 0, 1, 0, 0, 0], 'B': [0, 0, 0, 0, 0, 0, 0, 0, 0, 0]}, '西门北侧': {'A': [1, 1, 1, 1, 1, 1, 1, 0, 0, 1], 'B': [1, 1, 1, 1, 0, 1, 1, 0, 1, 0], 'C': [1, 1, 1, 1, 1, 1, 1, 1, 1, 0]}, '西门南侧': {'A': [1, 1, 1, 1, 1, 0, 0, 1, 1, 1], 'B': [1, 1, 1, 1, 1, 1, 1, 1, 1, 1], 'C': [1, 1, 0, 1, 0, 0, 1, 1, 1, 1]}, '南门西侧': {'A': [1, 1, 1, 1, 1, 1, 1, 1, 1, 1], 'B': [0, 0, 0, 0, 0, 0, 0, 0, 0, 0]}, '南门东侧': {'A': [1, 1, 0, 1, 1, 1, 1, 1, 1, 1], 'B': [0, 0, 1, 1, 1, 0, 1, 1, 1, 1]}, '北门东北侧': {'A': [1, 1, 1, 1, 1, 1, 1, 1, 1, 1], 'B': [0, 1, 1, 1, 1, 0, 0, 1, 0, 0], 'C': [0, 0, 1, 1, 1, 1, 0, 1, 1, 0], 'D': [0, 1, 1, 1, 1, 1, 1, 0, 0, 1]}, '北门东南侧': {'A': [0, 0, 1, 1, 1, 0, 1, 1, 1, 1], 'B': [0, 1, 1, 0, 0, 0, 1, 0, 1, 0], 'C': [1, 1, 0, 1, 0, 0, 0, 0, 0, 1], 'D': [0, 0, 1, 0, 0, 1, 0, 0, 0, 1], 'E': [0, 1, 0, 0, 0, 0, 0, 0, 0, 0], 'F': [1, 0, 1, 1, 1, 1, 1, 0, 0, 1]}, '橘园北侧南': {'A': [0, 0, 0, 0, 0, 1, 1, 0, 0, 1], 'B': [1, 1, 1, 1, 0, 1, 0, 1, 1, 1], 'C': [0, 1, 1, 1, 0, 1, 1, 1, 0, 1], 'D': [1, 1, 0, 1, 1, 1, 1, 0, 1, 0], 'E': [1, 1, 1, 0, 1, 1, 1, 1, 0, 1], 'F': [1, 0, 0, 0, 0, 0, 1, 0, 0, 0], 'G': [0, 0, 1, 1, 0, 0, 1, 0, 0, 0], 'H': [0, 1, 1, 1, 1, 1, 0, 0, 0, 1], 'I': [0, 1, 0, 0, 0, 0, 1, 0, 0, 0], 'J': [0, 0, 0, 0, 0, 0, 0, 0, 0, 1]}, '校医院西': {'A': [0, 1, 0, 1, 1, 0, 0, 1, 0, 1], 'B': [1, 1, 1, 0, 1, 0, 0, 1, 0, 1], 'C': [0, 1, 1, 0, 1, 0, 1, 1, 0, 1], 'D': [1, 1, 1, 0, 1, 0, 0, 0, 1, 1], 'E': [1, 0, 1, 1, 1, 1, 1, 0, 1, 1], 'F': [0, 0, 1, 1, 1, 1, 1, 1, 1, 1], 'G': [0, 0, 0, 1, 0, 1, 0, 0, 0, 0], 'H': [0, 0, 0, 0, 0, 0, 0, 0, 0, 0], 'I': [0, 0, 0, 0, 0, 0, 0, 0, 1, 0]}}
623879	2024-07-13 15:23:59.517000+08:00	2024-07-13 15:23:59.517000+08:00	{'东门北侧': {'A': [1, 1, 1, 1, 1, 0, 1, 0, 1, 1], 'B': [1, 1, 1, 1, 1, 1, 1, 1, 1, 1], 'C': [0, 1, 1, 0, 1, 0, 1, 0, 1, 0], 'D': [1, 1, 1, 1, 1, 0, 1, 1, 0, 0], 'E': [1, 1, 1, 1, 1, 1, 1, 1, 1, 1], 'F': [1, 1, 1, 1, 1, 1, 1, 1, 0, 1], 'G': [1, 1, 1, 1, 1, 1, 1, 1, 0, 0], 'H': [1, 1, 1, 1, 1, 1, 1, 1, 0, 0], 'I': [1, 0, 1, 1, 1, 1, 0, 1, 0, 1], 'J': [1, 1, 1, 1, 0, 1, 1, 1, 1, 1], 'K': [0, 0, 0, 1, 1, 1, 1, 1, 0, 1]}, '东门南侧': {'A': [0, 0, 0, 0, 0, 0, 1, 0, 0, 0], 'B': [0, 0, 0, 0, 0, 0, 0, 0, 0, 0]}, '西门北侧': {'A': [1, 1, 1, 1, 1, 1, 1, 0, 0, 1], 'B': [1, 1, 1, 1, 0, 1, 1, 0, 1, 0], 'C': [1, 1, 1, 1, 1, 1, 1, 1, 1, 0]}, '西门南侧': {'A': [1, 1, 1, 1, 1, 0, 0, 1, 1, 1], 'B': [1, 1, 1, 1, 1, 1, 1, 1, 1, 1], 'C': [1, 1, 0, 1, 0, 0, 1, 1, 1, 1]}, '南门西侧': {'A': [1, 1, 1, 1, 1, 1, 1, 1, 1, 1], 'B': [0, 0, 0, 0, 0, 0, 0, 0, 0, 0]}, '南门东侧': {'A': [1, 1, 0, 1, 1, 1, 1, 1, 1, 1], 'B': [0, 0, 1, 1, 1, 0, 1, 1, 1, 1]}, '北门东北侧': {'A': [1, 1, 1, 1, 1, 1, 1, 1, 1, 1], 'B': [0, 1, 1, 1, 1, 0, 0, 1, 0, 0], 'C': [0, 0, 1, 1, 1, 1, 0, 1, 1, 0], 'D': [0, 1, 1, 1, 1, 1, 1, 0, 0, 1]}, '北门东南侧': {'A': [0, 0, 1, 1, 1, 0, 1, 1, 1, 1], 'B': [0, 1, 1, 0, 0, 0, 1, 0, 1, 0], 'C': [1, 1, 0, 1, 0, 0, 0, 0, 0, 1], 'D': [0, 0, 1, 0, 0, 1, 0, 0, 0, 1], 'E': [0, 1, 0, 0, 0, 0, 0, 0, 0, 0], 'F': [1, 0, 1, 1, 1, 1, 1, 0, 0, 1]}, '橘园北侧南': {'A': [0, 0, 0, 0, 0, 1, 1, 0, 0, 1], 'B': [1, 1, 1, 1, 0, 1, 0, 1, 1, 1], 'C': [0, 1, 1, 1, 0, 1, 1, 1, 0, 1], 'D': [1, 1, 0, 1, 1, 1, 1, 0, 1, 0], 'E': [1, 1, 1, 0, 1, 1, 1, 1, 0, 1], 'F': [1, 0, 0, 0, 0, 0, 1, 0, 0, 0], 'G': [0, 0, 1, 1, 0, 0, 1, 0, 0, 0], 'H': [0, 1, 1, 1, 1, 1, 0, 0, 0, 1], 'I': [0, 1, 0, 0, 0, 0, 1, 0, 0, 0], 'J': [0, 0, 0, 0, 0, 0, 0, 0, 0, 1]}, '校医院西': {'A': [0, 1, 0, 1, 1, 0, 0, 1, 0, 1], 'B': [1, 1, 1, 0, 1, 0, 0, 1, 0, 1], 'C': [0, 1, 1, 0, 1, 0, 1, 1, 0, 1], 'D': [1, 1, 1, 0, 1, 0, 0, 0, 1, 1], 'E': [1, 0, 1, 1, 1, 1, 1, 0, 1, 1], 'F': [0, 0, 1, 1, 1, 1, 1, 1, 1, 1], 'G': [0, 0, 0, 1, 0, 1, 0, 0, 0, 0], 'H': [0, 0, 0, 0, 0, 0, 0, 0, 0, 0], 'I': [0, 0, 0, 0, 0, 0, 0, 0, 1, 0]}}
623880	2024-07-13 15:25:00.728000+08:00	2024-07-13 15:25:00.728000+08:00	{'东门北侧': {'A': [1, 1, 1, 1, 1, 0, 1, 0, 1, 1], 'B': [1, 1, 1, 1, 1, 1, 1, 1, 1, 1], 'C': [0, 1, 1, 0, 1, 0, 1, 0, 1, 0], 'D': [1, 1, 1, 1, 1, 0, 1, 1, 0, 0], 'E': [1, 1, 1, 1, 1, 1, 1, 1, 1, 1], 'F': [1, 1, 1, 1, 1, 1, 1, 1, 0, 1], 'G': [1, 1, 1, 1, 1, 1, 1, 1, 0, 0], 'H': [1, 1, 1, 1, 1, 1, 1, 1, 0, 0], 'I': [1, 0, 1, 1, 1, 1, 0, 1, 0, 1], 'J': [1, 1, 1, 1, 0, 1, 1, 1, 1, 1], 'K': [0, 0, 0, 1, 1, 1, 1, 1, 0, 1]}, '东门南侧': {'A': [0, 0, 0, 0, 0, 0, 1, 0, 0, 0], 'B': [0, 0, 0, 0, 0, 0, 0, 0, 0, 0]}, '西门北侧': {'A': [1, 1, 1, 1, 1, 1, 1, 0, 0, 1], 'B': [1, 1, 1, 1, 0, 1, 1, 0, 1, 0], 'C': [1, 1, 1, 1, 1, 1, 1, 1, 1, 0]}, '西门南侧': {'A': [1, 1, 1, 1, 1, 0, 0, 1, 1, 1], 'B': [1, 1, 1, 1, 1, 1, 1, 1, 1, 1], 'C': [1, 1, 0, 1, 0, 0, 1, 1, 1, 1]}, '南门西侧': {'A': [1, 1, 1, 1, 1, 1, 1, 1, 1, 1], 'B': [0, 0, 0, 0, 0, 0, 0, 0, 0, 0]}, '南门东侧': {'A': [1, 1, 0, 1, 1, 1, 1, 1, 1, 1], 'B': [0, 0, 1, 1, 1, 0, 1, 1, 1, 1]}, '北门东北侧': {'A': [1, 1, 1, 1, 1, 1, 1, 1, 1, 1], 'B': [0, 1, 1, 1, 1, 0, 0, 1, 0, 0], 'C': [0, 0, 1, 1, 1, 1, 0, 1, 1, 0], 'D': [0, 1, 1, 1, 1, 1, 1, 0, 0, 1]}, '北门东南侧': {'A': [0, 0, 1, 1, 1, 0, 1, 1, 1, 1], 'B': [0, 1, 1, 0, 0, 0, 1, 0, 1, 0], 'C': [1, 1, 0, 1, 0, 0, 0, 0, 0, 1], 'D': [0, 0, 1, 0, 0, 1, 0, 0, 0, 1], 'E': [0, 1, 0, 0, 0, 0, 0, 0, 0, 0], 'F': [1, 0, 1, 1, 1, 1, 1, 0, 0, 1]}, '橘园北侧南': {'A': [0, 0, 0, 0, 0, 1, 1, 0, 0, 1], 'B': [1, 1, 1, 1, 0, 1, 0, 1, 1, 1], 'C': [0, 1, 1, 1, 0, 1, 1, 1, 0, 1], 'D': [1, 1, 0, 1, 1, 1, 1, 0, 1, 0], 'E': [1, 1, 1, 0, 1, 1, 1, 1, 0, 1], 'F': [1, 0, 0, 0, 0, 0, 1, 0, 0, 0], 'G': [0, 0, 1, 1, 0, 0, 1, 0, 0, 0], 'H': [0, 1, 1, 1, 1, 1, 0, 0, 0, 1], 'I': [0, 1, 0, 0, 0, 0, 1, 0, 0, 0], 'J': [0, 0, 0, 0, 0, 0, 0, 0, 0, 1]}, '校医院西': {'A': [0, 1, 0, 1, 1, 0, 0, 1, 0, 1], 'B': [1, 1, 1, 0, 1, 0, 0, 1, 0, 1], 'C': [0, 1, 1, 0, 1, 0, 1, 1, 0, 1], 'D': [1, 1, 1, 0, 1, 0, 0, 0, 1, 1], 'E': [1, 0, 1, 1, 1, 1, 1, 0, 1, 1], 'F': [0, 0, 1, 1, 1, 1, 1, 1, 1, 1], 'G': [0, 0, 0, 1, 0, 1, 0, 0, 0, 0], 'H': [0, 0, 0, 0, 0, 0, 0, 0, 0, 0], 'I': [0, 0, 0, 0, 0, 0, 0, 0, 1, 0]}}
623881	2024-07-13 15:26:00.865000+08:00	2024-07-13 15:26:00.865000+08:00	{'东门北侧': {'A': [1, 1, 1, 1, 1, 0, 1, 0, 1, 1], 'B': [1, 1, 1, 1, 1, 1, 1, 1, 1, 1], 'C': [0, 1, 1, 0, 1, 0, 1, 0, 1, 0], 'D': [1, 1, 1, 1, 1, 0, 1, 1, 0, 0], 'E': [1, 1, 1, 1, 1, 1, 1, 1, 1, 1], 'F': [1, 1, 1, 1, 1, 1, 1, 1, 0, 1], 'G': [1, 1, 1, 1, 1, 1, 1, 1, 0, 0], 'H': [1, 1, 1, 1, 1, 1, 1, 1, 0, 0], 'I': [1, 0, 1, 1, 1, 1, 0, 1, 0, 1], 'J': [1, 1, 1, 1, 0, 1, 1, 1, 1, 1], 'K': [0, 0, 0, 1, 1, 1, 1, 1, 0, 1]}, '东门南侧': {'A': [0, 0, 0, 0, 0, 0, 1, 1, 0, 0], 'B': [0, 0, 0, 0, 0, 0, 0, 0, 0, 0]}, '西门北侧': {'A': [1, 1, 1, 1, 1, 1, 1, 0, 0, 1], 'B': [1, 1, 1, 1, 0, 1, 1, 0, 1, 0], 'C': [1, 1, 1, 1, 1, 1, 1, 1, 1, 0]}, '西门南侧': {'A': [1, 1, 1, 1, 1, 0, 0, 1, 1, 1], 'B': [1, 1, 1, 1, 1, 1, 1, 1, 1, 1], 'C': [1, 1, 0, 1, 0, 0, 1, 1, 1, 1]}, '南门西侧': {'A': [1, 1, 1, 1, 1, 1, 1, 1, 1, 1], 'B': [0, 0, 0, 0, 0, 0, 0, 0, 0, 0]}, '南门东侧': {'A': [1, 1, 0, 1, 1, 1, 1, 1, 1, 1], 'B': [0, 0, 1, 1, 1, 0, 1, 1, 1, 1]}, '北门东北侧': {'A': [1, 1, 1, 1, 1, 1, 1, 1, 1, 1], 'B': [0, 1, 1, 1, 1, 0, 0, 1, 0, 0], 'C': [0, 0, 1, 1, 1, 1, 0, 1, 1, 0], 'D': [0, 1, 1, 1, 1, 1, 1, 0, 0, 1]}, '北门东南侧': {'A': [0, 0, 1, 1, 1, 0, 1, 1, 1, 1], 'B': [0, 1, 1, 0, 0, 0, 1, 0, 1, 0], 'C': [1, 1, 0, 1, 0, 0, 0, 0, 0, 1], 'D': [0, 0, 1, 0, 0, 1, 0, 0, 0, 1], 'E': [0, 1, 0, 0, 0, 0, 0, 0, 0, 0], 'F': [1, 0, 1, 1, 1, 1, 1, 0, 0, 1]}, '橘园北侧南': {'A': [0, 0, 0, 0, 0, 1, 1, 0, 0, 1], 'B': [1, 1, 1, 1, 0, 1, 0, 1, 1, 1], 'C': [0, 1, 1, 1, 0, 1, 1, 1, 0, 1], 'D': [1, 1, 0, 1, 1, 1, 1, 0, 1, 0], 'E': [1, 1, 1, 0, 1, 1, 1, 1, 0, 1], 'F': [1, 0, 0, 0, 0, 0, 1, 0, 0, 0], 'G': [0, 0, 1, 1, 0, 0, 1, 0, 0, 0], 'H': [0, 1, 1, 1, 1, 1, 0, 0, 0, 1], 'I': [0, 1, 0, 0, 0, 0, 1, 0, 0, 0], 'J': [0, 0, 0, 0, 0, 0, 0, 0, 0, 1]}, '校医院西': {'A': [0, 1, 0, 1, 1, 0, 0, 1, 0, 1], 'B': [1, 1, 1, 0, 1, 0, 0, 1, 0, 1], 'C': [0, 1, 1, 0, 1, 0, 1, 1, 0, 1], 'D': [1, 1, 1, 0, 1, 0, 0, 0, 1, 1], 'E': [1, 0, 1, 1, 1, 1, 1, 0, 1, 1], 'F': [0, 0, 1, 1, 1, 1, 1, 1, 1, 1], 'G': [0, 0, 0, 1, 0, 1, 0, 0, 0, 0], 'H': [0, 0, 0, 0, 0, 0, 0, 0, 0, 0], 'I': [0, 0, 0, 0, 0, 0, 0, 0, 1, 0]}}
623882	2024-07-13 15:26:58.925000+08:00	2024-07-13 15:26:58.925000+08:00	{'东门北侧': {'A': [1, 1, 1, 1, 1, 0, 1, 0, 1, 1], 'B': [1, 1, 1, 1, 1, 1, 1, 1, 1, 1], 'C': [0, 1, 1, 0, 1, 0, 1, 0, 1, 0], 'D': [1, 1, 1, 1, 1, 0, 1, 1, 0, 0], 'E': [1, 1, 1, 1, 1, 1, 1, 1, 1, 1], 'F': [1, 1, 1, 1, 1, 1, 1, 1, 0, 1], 'G': [1, 1, 1, 1, 1, 1, 1, 1, 0, 0], 'H': [1, 1, 1, 1, 1, 1, 1, 1, 0, 0], 'I': [1, 0, 1, 1, 1, 1, 0, 1, 0, 1], 'J': [1, 1, 1, 1, 0, 1, 1, 1, 1, 1], 'K': [0, 0, 0, 1, 1, 1, 1, 1, 0, 1]}, '东门南侧': {'A': [0, 0, 0, 0, 0, 0, 1, 1, 0, 0], 'B': [0, 0, 0, 0, 0, 0, 0, 0, 0, 0]}, '西门北侧': {'A': [1, 1, 1, 1, 1, 1, 1, 0, 0, 1], 'B': [1, 1, 1, 1, 0, 1, 1, 0, 1, 0], 'C': [1, 1, 1, 1, 1, 1, 1, 1, 1, 0]}, '西门南侧': {'A': [1, 1, 1, 1, 1, 0, 0, 1, 1, 1], 'B': [1, 1, 1, 1, 1, 1, 1, 1, 1, 1], 'C': [1, 1, 0, 1, 0, 0, 1, 1, 1, 1]}, '南门西侧': {'A': [1, 1, 1, 1, 1, 1, 1, 1, 1, 1], 'B': [0, 0, 0, 0, 0, 0, 0, 0, 0, 0]}, '南门东侧': {'A': [1, 1, 0, 1, 1, 1, 1, 1, 1, 1], 'B': [0, 0, 1, 1, 1, 0, 1, 1, 1, 1]}, '北门东北侧': {'A': [1, 1, 1, 1, 1, 1, 1, 1, 1, 1], 'B': [0, 1, 1, 1, 1, 0, 0, 1, 0, 0], 'C': [0, 0, 1, 1, 1, 1, 0, 1, 1, 0], 'D': [0, 1, 1, 1, 1, 1, 1, 0, 0, 1]}, '北门东南侧': {'A': [0, 0, 1, 1, 1, 0, 1, 1, 1, 1], 'B': [0, 1, 1, 0, 0, 0, 1, 0, 1, 0], 'C': [1, 1, 0, 1, 0, 0, 0, 0, 0, 1], 'D': [0, 0, 1, 0, 0, 1, 0, 0, 0, 1], 'E': [0, 1, 0, 0, 0, 0, 0, 0, 0, 0], 'F': [1, 0, 1, 1, 1, 1, 1, 0, 0, 1]}, '橘园北侧南': {'A': [0, 0, 0, 0, 0, 1, 1, 0, 0, 1], 'B': [1, 1, 1, 1, 0, 1, 0, 1, 1, 1], 'C': [0, 1, 1, 1, 0, 1, 1, 1, 0, 1], 'D': [1, 1, 0, 1, 1, 1, 1, 0, 1, 0], 'E': [1, 1, 1, 0, 1, 1, 1, 1, 0, 1], 'F': [1, 0, 0, 0, 0, 0, 1, 0, 0, 0], 'G': [0, 0, 1, 1, 0, 0, 1, 0, 0, 0], 'H': [0, 1, 1, 1, 1, 1, 0, 0, 0, 1], 'I': [0, 1, 0, 0, 0, 0, 1, 0, 0, 0], 'J': [0, 0, 0, 0, 0, 0, 0, 0, 0, 1]}, '校医院西': {'A': [0, 1, 0, 1, 1, 0, 0, 1, 0, 1], 'B': [1, 1, 1, 0, 1, 0, 0, 1, 0, 1], 'C': [0, 1, 1, 0, 1, 0, 1, 1, 0, 1], 'D': [1, 1, 1, 0, 1, 0, 0, 0, 1, 1], 'E': [1, 0, 1, 1, 1, 1, 1, 0, 1, 1], 'F': [0, 0, 1, 1, 1, 1, 1, 1, 1, 1], 'G': [0, 0, 0, 1, 0, 1, 0, 0, 0, 0], 'H': [0, 0, 0, 0, 0, 0, 0, 0, 0, 0], 'I': [0, 0, 0, 0, 0, 0, 0, 0, 1, 0]}}
623883	2024-07-13 15:27:59.494000+08:00	2024-07-13 15:27:59.494000+08:00	{'东门北侧': {'A': [1, 1, 1, 1, 1, 0, 1, 0, 1, 1], 'B': [1, 1, 1, 1, 1, 1, 1, 1, 1, 1], 'C': [0, 1, 1, 0, 1, 0, 1, 0, 1, 0], 'D': [1, 1, 1, 1, 1, 0, 1, 1, 0, 0], 'E': [1, 1, 1, 1, 1, 1, 1, 1, 1, 1], 'F': [1, 1, 1, 1, 1, 1, 1, 1, 0, 1], 'G': [1, 1, 1, 1, 1, 1, 1, 1, 0, 0], 'H': [1, 1, 1, 1, 1, 1, 1, 1, 0, 0], 'I': [1, 0, 1, 1, 1, 1, 0, 1, 0, 1], 'J': [1, 1, 1, 1, 0, 1, 1, 1, 1, 1], 'K': [0, 0, 0, 1, 1, 1, 1, 1, 0, 1]}, '东门南侧': {'A': [0, 0, 0, 0, 0, 0, 1, 1, 0, 0], 'B': [0, 0, 0, 0, 0, 0, 0, 0, 0, 0]}, '西门北侧': {'A': [1, 1, 1, 1, 1, 1, 1, 0, 0, 1], 'B': [1, 1, 1, 1, 0, 1, 1, 0, 1, 0], 'C': [1, 1, 1, 1, 1, 1, 1, 1, 1, 0]}, '西门南侧': {'A': [1, 1, 1, 1, 1, 0, 0, 1, 1, 1], 'B': [1, 1, 1, 1, 1, 1, 1, 1, 1, 1], 'C': [1, 1, 0, 1, 0, 0, 1, 1, 1, 1]}, '南门西侧': {'A': [1, 1, 1, 1, 1, 1, 1, 1, 1, 1], 'B': [0, 0, 0, 0, 0, 0, 0, 0, 0, 0]}, '南门东侧': {'A': [1, 1, 0, 1, 1, 1, 1, 1, 1, 1], 'B': [0, 0, 1, 1, 1, 0, 1, 1, 1, 1]}, '北门东北侧': {'A': [1, 1, 1, 1, 1, 1, 1, 1, 1, 1], 'B': [0, 1, 1, 1, 1, 0, 0, 1, 0, 0], 'C': [0, 0, 1, 1, 1, 1, 0, 1, 1, 0], 'D': [0, 1, 1, 1, 1, 1, 1, 0, 0, 1]}, '北门东南侧': {'A': [0, 0, 1, 1, 1, 0, 1, 1, 1, 1], 'B': [0, 1, 1, 0, 0, 0, 1, 0, 1, 0], 'C': [1, 1, 0, 1, 0, 0, 0, 0, 0, 0], 'D': [0, 0, 1, 0, 0, 1, 0, 0, 0, 1], 'E': [0, 1, 0, 0, 0, 0, 0, 0, 0, 0], 'F': [1, 0, 1, 1, 1, 1, 1, 0, 0, 1]}, '橘园北侧南': {'A': [0, 0, 0, 0, 0, 1, 1, 0, 0, 1], 'B': [1, 1, 1, 1, 0, 1, 0, 1, 1, 1], 'C': [0, 1, 1, 1, 0, 1, 1, 1, 0, 1], 'D': [1, 1, 0, 1, 1, 1, 1, 0, 1, 0], 'E': [1, 1, 1, 0, 1, 1, 1, 1, 0, 1], 'F': [0, 0, 0, 0, 0, 0, 1, 0, 0, 0], 'G': [0, 0, 1, 1, 0, 0, 1, 0, 0, 0], 'H': [0, 1, 1, 1, 1, 1, 0, 0, 0, 1], 'I': [0, 1, 0, 0, 0, 0, 1, 0, 0, 0], 'J': [0, 0, 0, 0, 0, 0, 0, 0, 0, 1]}, '校医院西': {'A': [0, 1, 0, 1, 1, 0, 0, 1, 0, 1], 'B': [1, 1, 1, 0, 1, 0, 0, 1, 0, 1], 'C': [0, 1, 1, 0, 1, 0, 1, 1, 0, 1], 'D': [1, 1, 1, 0, 1, 0, 0, 0, 1, 1], 'E': [1, 0, 1, 1, 1, 1, 1, 0, 1, 1], 'F': [0, 0, 1, 1, 1, 1, 1, 1, 1, 1], 'G': [0, 0, 0, 1, 0, 1, 0, 0, 0, 0], 'H': [0, 0, 0, 0, 0, 0, 0, 0, 0, 0], 'I': [0, 0, 0, 0, 0, 0, 0, 0, 1, 0]}}
623884	2024-07-13 15:28:59.867000+08:00	2024-07-13 15:28:59.867000+08:00	{'东门北侧': {'A': [1, 1, 1, 1, 1, 0, 1, 0, 1, 1], 'B': [1, 1, 1, 1, 1, 1, 1, 1, 1, 1], 'C': [0, 1, 1, 0, 1, 0, 1, 0, 1, 0], 'D': [1, 1, 1, 1, 1, 0, 1, 1, 0, 0], 'E': [1, 1, 1, 1, 1, 1, 1, 1, 1, 1], 'F': [1, 1, 1, 1, 1, 1, 1, 1, 0, 1], 'G': [1, 1, 1, 1, 1, 1, 1, 1, 0, 0], 'H': [1, 1, 1, 1, 1, 1, 1, 1, 0, 0], 'I': [1, 0, 1, 1, 1, 1, 0, 1, 0, 1], 'J': [1, 1, 1, 1, 0, 1, 1, 1, 1, 1], 'K': [0, 0, 0, 1, 1, 1, 1, 1, 0, 1]}, '东门南侧': {'A': [0, 0, 0, 0, 0, 0, 1, 1, 0, 0], 'B': [0, 0, 0, 0, 0, 0, 0, 0, 0, 0]}, '西门北侧': {'A': [1, 1, 1, 1, 1, 1, 1, 0, 0, 1], 'B': [1, 1, 1, 1, 0, 1, 1, 0, 1, 0], 'C': [1, 1, 1, 1, 1, 1, 1, 1, 1, 0]}, '西门南侧': {'A': [1, 1, 1, 1, 1, 0, 0, 1, 1, 1], 'B': [1, 1, 1, 1, 1, 1, 1, 1, 1, 1], 'C': [1, 1, 0, 1, 0, 0, 1, 1, 1, 1]}, '南门西侧': {'A': [1, 1, 1, 1, 1, 1, 1, 1, 1, 1], 'B': [0, 0, 0, 0, 0, 0, 0, 0, 0, 0]}, '南门东侧': {'A': [1, 1, 0, 1, 1, 1, 1, 1, 1, 1], 'B': [0, 0, 1, 1, 1, 0, 1, 1, 1, 1]}, '北门东北侧': {'A': [1, 1, 1, 1, 1, 1, 1, 1, 1, 1], 'B': [0, 1, 1, 1, 1, 0, 0, 1, 0, 0], 'C': [0, 0, 1, 1, 1, 1, 0, 1, 1, 0], 'D': [0, 1, 1, 1, 1, 1, 1, 0, 0, 1]}, '北门东南侧': {'A': [0, 0, 1, 1, 1, 0, 1, 1, 1, 1], 'B': [0, 1, 1, 0, 0, 0, 1, 0, 1, 0], 'C': [1, 1, 0, 1, 0, 0, 0, 0, 0, 0], 'D': [0, 0, 1, 0, 0, 1, 0, 0, 0, 1], 'E': [0, 1, 0, 0, 0, 0, 0, 0, 0, 0], 'F': [1, 0, 1, 1, 1, 1, 1, 0, 0, 1]}, '橘园北侧南': {'A': [0, 0, 0, 0, 0, 1, 1, 0, 0, 1], 'B': [1, 1, 1, 1, 0, 1, 0, 1, 1, 1], 'C': [0, 1, 1, 1, 0, 1, 1, 1, 0, 1], 'D': [1, 1, 0, 1, 1, 1, 1, 0, 1, 0], 'E': [1, 1, 1, 0, 1, 1, 1, 1, 0, 1], 'F': [0, 0, 0, 0, 0, 0, 1, 0, 0, 0], 'G': [0, 0, 1, 1, 0, 0, 1, 0, 0, 0], 'H': [0, 1, 1, 1, 1, 1, 0, 0, 0, 1], 'I': [0, 1, 0, 0, 0, 0, 1, 0, 0, 0], 'J': [0, 0, 0, 0, 0, 0, 0, 0, 0, 1]}, '校医院西': {'A': [0, 1, 0, 1, 1, 0, 0, 1, 0, 1], 'B': [1, 1, 1, 0, 1, 0, 0, 1, 0, 1], 'C': [0, 1, 1, 0, 1, 0, 1, 1, 0, 1], 'D': [1, 1, 1, 0, 1, 0, 0, 0, 1, 1], 'E': [1, 0, 1, 1, 1, 1, 1, 0, 1, 1], 'F': [0, 0, 1, 1, 1, 1, 1, 1, 1, 1], 'G': [0, 0, 0, 1, 0, 1, 0, 0, 0, 0], 'H': [0, 0, 0, 0, 0, 0, 0, 0, 0, 0], 'I': [0, 0, 0, 0, 0, 0, 0, 0, 1, 0]}}
623885	2024-07-13 15:29:59.275000+08:00	2024-07-13 15:29:59.275000+08:00	{'东门北侧': {'A': [1, 1, 1, 1, 1, 0, 1, 0, 1, 1], 'B': [1, 1, 1, 1, 1, 1, 1, 1, 1, 1], 'C': [0, 1, 1, 0, 1, 0, 1, 0, 1, 0], 'D': [1, 1, 1, 1, 1, 0, 1, 1, 0, 0], 'E': [1, 1, 1, 1, 1, 1, 1, 1, 1, 1], 'F': [1, 1, 1, 1, 1, 1, 1, 1, 0, 1], 'G': [1, 1, 1, 1, 1, 1, 1, 1, 0, 0], 'H': [1, 1, 1, 1, 1, 1, 1, 1, 0, 0], 'I': [1, 0, 1, 1, 1, 1, 0, 1, 0, 1], 'J': [1, 1, 1, 1, 0, 1, 1, 1, 1, 1], 'K': [0, 0, 0, 1, 1, 1, 1, 1, 0, 1]}, '东门南侧': {'A': [0, 0, 0, 0, 0, 0, 1, 1, 0, 0], 'B': [0, 0, 0, 0, 0, 0, 0, 0, 0, 0]}, '西门北侧': {'A': [1, 1, 1, 1, 1, 1, 1, 0, 0, 1], 'B': [1, 1, 1, 1, 0, 1, 1, 0, 1, 0], 'C': [1, 1, 1, 1, 1, 1, 1, 1, 1, 0]}, '西门南侧': {'A': [1, 1, 1, 1, 1, 0, 0, 1, 1, 1], 'B': [1, 1, 1, 1, 1, 1, 1, 1, 1, 1], 'C': [1, 1, 0, 1, 0, 0, 1, 1, 1, 1]}, '南门西侧': {'A': [1, 1, 1, 1, 1, 1, 1, 1, 1, 1], 'B': [0, 0, 0, 0, 0, 0, 0, 0, 0, 0]}, '南门东侧': {'A': [1, 1, 0, 1, 1, 1, 1, 1, 1, 1], 'B': [0, 0, 1, 1, 1, 0, 1, 1, 1, 1]}, '北门东北侧': {'A': [1, 1, 1, 1, 1, 1, 1, 1, 1, 1], 'B': [0, 1, 1, 1, 1, 0, 0, 1, 0, 0], 'C': [0, 0, 1, 1, 1, 1, 0, 1, 1, 0], 'D': [0, 1, 1, 1, 1, 0, 1, 0, 0, 1]}, '北门东南侧': {'A': [0, 0, 1, 1, 1, 0, 1, 1, 1, 0], 'B': [0, 1, 1, 0, 0, 0, 1, 0, 1, 0], 'C': [1, 1, 0, 1, 0, 0, 0, 0, 0, 0], 'D': [0, 0, 1, 0, 0, 1, 0, 0, 0, 1], 'E': [0, 1, 0, 0, 0, 0, 0, 0, 0, 0], 'F': [1, 0, 1, 1, 1, 1, 1, 0, 0, 1]}, '橘园北侧南': {'A': [0, 0, 0, 0, 0, 1, 1, 0, 0, 1], 'B': [1, 1, 1, 1, 0, 1, 0, 1, 1, 1], 'C': [0, 1, 1, 1, 0, 1, 1, 1, 0, 1], 'D': [1, 1, 0, 1, 1, 1, 1, 0, 1, 0], 'E': [1, 1, 1, 0, 1, 1, 1, 1, 0, 1], 'F': [0, 0, 0, 0, 0, 0, 1, 0, 0, 0], 'G': [0, 0, 1, 1, 0, 0, 1, 0, 0, 0], 'H': [0, 1, 1, 1, 1, 1, 0, 0, 0, 1], 'I': [0, 1, 0, 0, 0, 0, 1, 0, 0, 0], 'J': [0, 0, 0, 0, 0, 0, 0, 0, 0, 1]}, '校医院西': {'A': [0, 1, 0, 1, 1, 0, 0, 1, 0, 1], 'B': [1, 1, 1, 0, 1, 0, 0, 1, 0, 1], 'C': [0, 1, 1, 0, 1, 0, 1, 1, 0, 1], 'D': [1, 1, 1, 0, 1, 0, 0, 0, 1, 1], 'E': [1, 0, 1, 1, 1, 1, 1, 0, 1, 1], 'F': [0, 0, 1, 1, 1, 1, 1, 1, 1, 1], 'G': [0, 0, 0, 1, 0, 1, 0, 0, 0, 0], 'H': [0, 0, 0, 0, 0, 0, 0, 0, 0, 0], 'I': [0, 0, 0, 0, 0, 0, 0, 0, 1, 0]}}
623886	2024-07-13 15:30:59.615000+08:00	2024-07-13 15:30:59.615000+08:00	{'东门北侧': {'A': [1, 1, 1, 1, 1, 0, 1, 0, 1, 1], 'B': [1, 1, 1, 1, 1, 1, 1, 1, 1, 1], 'C': [0, 1, 1, 0, 1, 0, 1, 0, 1, 0], 'D': [1, 1, 1, 1, 1, 0, 1, 1, 0, 0], 'E': [1, 1, 1, 1, 1, 1, 1, 1, 1, 1], 'F': [1, 1, 1, 1, 1, 1, 1, 1, 0, 1], 'G': [1, 1, 1, 1, 1, 1, 1, 1, 0, 0], 'H': [1, 1, 1, 1, 1, 1, 1, 1, 0, 0], 'I': [1, 0, 1, 1, 1, 1, 0, 1, 0, 1], 'J': [1, 1, 1, 1, 0, 1, 1, 1, 1, 1], 'K': [0, 0, 0, 1, 1, 1, 1, 1, 0, 1]}, '东门南侧': {'A': [0, 0, 0, 0, 0, 0, 1, 1, 0, 0], 'B': [0, 0, 0, 0, 0, 0, 0, 0, 0, 0]}, '西门北侧': {'A': [1, 1, 1, 1, 1, 1, 1, 0, 0, 1], 'B': [1, 1, 1, 1, 0, 1, 1, 0, 1, 0], 'C': [1, 1, 1, 1, 1, 1, 1, 1, 1, 0]}, '西门南侧': {'A': [1, 1, 1, 1, 1, 0, 0, 1, 1, 1], 'B': [1, 1, 1, 1, 1, 1, 1, 1, 1, 1], 'C': [1, 1, 0, 1, 0, 0, 1, 1, 1, 1]}, '南门西侧': {'A': [1, 1, 1, 1, 1, 1, 1, 1, 1, 1], 'B': [0, 0, 0, 0, 0, 0, 0, 0, 0, 0]}, '南门东侧': {'A': [1, 1, 0, 1, 1, 1, 1, 1, 1, 1], 'B': [0, 0, 1, 1, 1, 0, 1, 1, 1, 1]}, '北门东北侧': {'A': [1, 1, 1, 1, 1, 1, 1, 1, 1, 1], 'B': [0, 1, 1, 1, 1, 0, 0, 1, 0, 0], 'C': [0, 0, 1, 1, 1, 1, 0, 1, 1, 0], 'D': [0, 1, 1, 1, 1, 0, 1, 0, 0, 1]}, '北门东南侧': {'A': [0, 0, 1, 1, 1, 0, 1, 1, 1, 0], 'B': [0, 1, 1, 0, 0, 0, 1, 0, 1, 0], 'C': [1, 1, 0, 1, 0, 0, 0, 0, 0, 0], 'D': [0, 0, 0, 0, 0, 1, 0, 0, 0, 1], 'E': [0, 1, 0, 0, 0, 0, 0, 0, 0, 0], 'F': [1, 0, 1, 1, 1, 1, 1, 0, 0, 1]}, '橘园北侧南': {'A': [0, 0, 0, 0, 0, 1, 1, 0, 0, 1], 'B': [1, 1, 1, 1, 0, 1, 0, 1, 1, 1], 'C': [0, 1, 1, 1, 0, 1, 1, 1, 0, 1], 'D': [1, 1, 0, 1, 1, 1, 1, 0, 1, 0], 'E': [1, 1, 1, 0, 1, 1, 1, 1, 0, 1], 'F': [0, 0, 0, 0, 0, 0, 1, 0, 0, 0], 'G': [0, 0, 1, 1, 0, 0, 1, 0, 0, 0], 'H': [0, 1, 1, 1, 1, 1, 0, 0, 0, 1], 'I': [0, 1, 0, 0, 0, 0, 1, 0, 0, 0], 'J': [0, 0, 0, 0, 0, 0, 0, 0, 0, 1]}, '校医院西': {'A': [0, 1, 0, 1, 1, 0, 0, 1, 0, 1], 'B': [1, 1, 1, 0, 1, 0, 0, 1, 0, 1], 'C': [0, 1, 1, 0, 1, 0, 1, 1, 0, 1], 'D': [1, 1, 1, 0, 1, 0, 0, 0, 1, 1], 'E': [1, 0, 1, 1, 1, 1, 1, 0, 1, 1], 'F': [0, 0, 1, 1, 1, 1, 1, 1, 1, 1], 'G': [0, 0, 0, 1, 0, 1, 0, 0, 0, 0], 'H': [0, 0, 0, 0, 0, 0, 0, 0, 0, 0], 'I': [0, 0, 0, 0, 0, 0, 0, 0, 1, 0]}}
623887	2024-07-13 15:31:58.423000+08:00	2024-07-13 15:31:58.423000+08:00	{'东门北侧': {'A': [1, 1, 1, 1, 1, 0, 1, 0, 1, 1], 'B': [1, 1, 1, 1, 1, 1, 1, 1, 1, 1], 'C': [0, 1, 1, 0, 1, 0, 1, 0, 1, 0], 'D': [1, 1, 1, 1, 1, 0, 1, 1, 0, 0], 'E': [1, 1, 1, 1, 1, 1, 1, 1, 1, 1], 'F': [1, 1, 1, 1, 1, 1, 1, 1, 0, 1], 'G': [1, 1, 1, 1, 1, 1, 1, 1, 0, 0], 'H': [1, 1, 1, 1, 1, 1, 1, 1, 0, 0], 'I': [1, 0, 1, 1, 1, 1, 0, 1, 0, 1], 'J': [1, 1, 1, 1, 0, 1, 1, 1, 1, 1], 'K': [0, 0, 0, 1, 1, 1, 1, 1, 0, 1]}, '东门南侧': {'A': [0, 0, 0, 0, 0, 0, 1, 1, 0, 0], 'B': [0, 0, 0, 0, 0, 0, 0, 0, 0, 0]}, '西门北侧': {'A': [1, 1, 1, 1, 1, 1, 1, 0, 0, 1], 'B': [1, 1, 1, 1, 0, 1, 1, 0, 1, 0], 'C': [1, 1, 1, 1, 1, 1, 1, 1, 1, 0]}, '西门南侧': {'A': [1, 1, 1, 1, 1, 0, 0, 1, 1, 1], 'B': [1, 1, 1, 1, 1, 1, 1, 1, 1, 1], 'C': [1, 1, 0, 1, 0, 0, 1, 1, 1, 1]}, '南门西侧': {'A': [1, 1, 1, 1, 1, 1, 1, 1, 1, 1], 'B': [0, 0, 0, 0, 0, 0, 0, 0, 0, 0]}, '南门东侧': {'A': [1, 1, 0, 1, 1, 1, 1, 1, 1, 1], 'B': [0, 0, 1, 1, 1, 0, 1, 1, 1, 1]}, '北门东北侧': {'A': [1, 1, 1, 1, 1, 1, 1, 1, 1, 1], 'B': [0, 1, 1, 1, 1, 0, 0, 1, 0, 0], 'C': [0, 0, 1, 1, 1, 1, 0, 1, 1, 0], 'D': [0, 1, 1, 1, 1, 0, 1, 0, 0, 1]}, '北门东南侧': {'A': [0, 0, 1, 1, 1, 0, 1, 1, 1, 0], 'B': [0, 1, 1, 0, 0, 0, 1, 0, 1, 0], 'C': [1, 1, 0, 1, 0, 0, 0, 0, 0, 0], 'D': [0, 0, 0, 0, 0, 1, 0, 0, 0, 1], 'E': [0, 1, 0, 0, 0, 0, 0, 0, 0, 0], 'F': [1, 0, 1, 1, 1, 1, 1, 0, 0, 1]}, '橘园北侧南': {'A': [0, 0, 0, 0, 0, 1, 1, 0, 0, 1], 'B': [1, 1, 1, 1, 0, 1, 0, 1, 1, 1], 'C': [0, 1, 1, 1, 0, 1, 1, 1, 0, 1], 'D': [1, 1, 0, 1, 1, 1, 1, 0, 1, 0], 'E': [1, 1, 1, 0, 1, 1, 1, 1, 0, 1], 'F': [0, 0, 0, 0, 0, 0, 1, 0, 0, 0], 'G': [0, 0, 1, 1, 0, 0, 1, 0, 0, 0], 'H': [0, 1, 1, 1, 1, 1, 0, 0, 0, 0], 'I': [0, 1, 0, 0, 0, 0, 1, 0, 0, 0], 'J': [0, 0, 0, 0, 0, 0, 0, 0, 0, 1]}, '校医院西': {'A': [0, 1, 0, 1, 1, 0, 0, 1, 0, 1], 'B': [1, 1, 1, 0, 1, 0, 0, 1, 0, 1], 'C': [0, 1, 1, 0, 1, 0, 1, 1, 0, 1], 'D': [1, 1, 1, 0, 1, 0, 0, 0, 1, 1], 'E': [1, 0, 1, 1, 1, 1, 1, 0, 1, 1], 'F': [0, 0, 1, 1, 1, 1, 1, 1, 1, 1], 'G': [0, 0, 0, 1, 0, 1, 0, 0, 0, 0], 'H': [0, 0, 0, 0, 0, 0, 0, 0, 0, 0], 'I': [0, 0, 0, 0, 0, 0, 0, 0, 1, 0]}}
623888	2024-07-13 15:33:01.755000+08:00	2024-07-13 15:33:01.755000+08:00	{'东门北侧': {'A': [1, 1, 1, 1, 1, 0, 1, 0, 1, 1], 'B': [1, 1, 1, 1, 1, 1, 1, 1, 1, 1], 'C': [0, 1, 1, 0, 1, 0, 1, 0, 1, 0], 'D': [1, 1, 1, 1, 1, 0, 1, 1, 0, 0], 'E': [1, 1, 1, 1, 1, 1, 1, 1, 1, 1], 'F': [1, 1, 1, 1, 1, 1, 1, 1, 0, 1], 'G': [1, 1, 1, 1, 1, 1, 1, 1, 0, 0], 'H': [1, 1, 1, 1, 1, 1, 1, 1, 0, 0], 'I': [1, 0, 1, 1, 1, 1, 0, 1, 0, 1], 'J': [1, 1, 1, 1, 0, 1, 1, 1, 1, 1], 'K': [0, 0, 0, 1, 1, 1, 1, 1, 0, 1]}, '东门南侧': {'A': [0, 0, 0, 0, 0, 0, 1, 1, 0, 0], 'B': [0, 0, 0, 0, 0, 0, 0, 0, 0, 0]}, '西门北侧': {'A': [1, 1, 1, 1, 1, 1, 1, 0, 0, 1], 'B': [1, 1, 1, 1, 0, 1, 1, 0, 1, 0], 'C': [1, 1, 1, 1, 1, 1, 1, 1, 1, 0]}, '西门南侧': {'A': [1, 1, 1, 1, 1, 0, 0, 1, 1, 1], 'B': [1, 1, 1, 1, 1, 1, 1, 1, 1, 1], 'C': [1, 1, 0, 1, 0, 0, 1, 1, 1, 1]}, '南门西侧': {'A': [1, 1, 1, 1, 1, 1, 1, 1, 1, 1], 'B': [0, 0, 0, 0, 0, 0, 0, 0, 0, 0]}, '南门东侧': {'A': [1, 1, 0, 1, 1, 1, 1, 1, 1, 1], 'B': [0, 0, 1, 1, 1, 0, 1, 1, 1, 1]}, '北门东北侧': {'A': [1, 1, 1, 1, 1, 1, 1, 1, 1, 1], 'B': [0, 1, 1, 1, 1, 0, 0, 1, 0, 0], 'C': [0, 0, 1, 1, 1, 1, 0, 1, 1, 0], 'D': [0, 1, 1, 1, 1, 0, 1, 0, 0, 1]}, '北门东南侧': {'A': [0, 0, 1, 1, 1, 0, 1, 1, 1, 0], 'B': [0, 1, 1, 0, 0, 0, 1, 0, 1, 0], 'C': [1, 1, 0, 1, 0, 0, 0, 0, 0, 0], 'D': [0, 0, 0, 0, 0, 1, 0, 0, 0, 1], 'E': [0, 1, 0, 0, 0, 0, 0, 0, 0, 0], 'F': [1, 0, 1, 1, 1, 1, 1, 0, 0, 1]}, '橘园北侧南': {'A': [0, 0, 0, 0, 0, 1, 1, 0, 0, 1], 'B': [1, 1, 1, 1, 0, 1, 0, 1, 1, 1], 'C': [0, 1, 1, 1, 0, 1, 1, 1, 0, 1], 'D': [1, 1, 0, 1, 1, 1, 1, 0, 1, 0], 'E': [1, 1, 1, 0, 1, 1, 1, 1, 0, 1], 'F': [0, 0, 0, 0, 0, 0, 0, 0, 0, 0], 'G': [0, 0, 1, 1, 0, 0, 1, 0, 0, 0], 'H': [0, 1, 1, 1, 1, 1, 0, 0, 0, 0], 'I': [0, 1, 0, 0, 0, 0, 1, 0, 0, 0], 'J': [0, 0, 0, 0, 0, 0, 0, 0, 0, 1]}, '校医院西': {'A': [0, 1, 0, 1, 1, 0, 0, 1, 0, 1], 'B': [1, 1, 1, 0, 1, 0, 0, 1, 0, 1], 'C': [0, 1, 1, 0, 1, 0, 1, 1, 0, 1], 'D': [1, 1, 1, 0, 1, 0, 0, 0, 1, 1], 'E': [1, 0, 1, 1, 1, 1, 1, 0, 1, 1], 'F': [0, 0, 1, 1, 1, 1, 1, 1, 1, 1], 'G': [0, 0, 0, 1, 0, 1, 0, 0, 0, 0], 'H': [0, 0, 0, 0, 0, 0, 0, 0, 0, 0], 'I': [0, 0, 0, 0, 0, 0, 0, 0, 1, 0]}}
623889	2024-07-13 15:34:00.487000+08:00	2024-07-13 15:34:00.487000+08:00	{'东门北侧': {'A': [1, 1, 1, 1, 1, 0, 1, 0, 1, 1], 'B': [1, 1, 1, 1, 1, 1, 1, 1, 1, 1], 'C': [0, 1, 1, 0, 1, 0, 1, 0, 1, 0], 'D': [1, 1, 1, 1, 1, 0, 1, 1, 0, 0], 'E': [1, 1, 1, 1, 1, 1, 1, 1, 1, 1], 'F': [1, 1, 1, 1, 1, 1, 1, 1, 0, 1], 'G': [1, 1, 1, 1, 1, 1, 1, 1, 0, 0], 'H': [1, 1, 1, 1, 1, 1, 1, 1, 0, 0], 'I': [1, 0, 1, 1, 1, 1, 0, 1, 0, 1], 'J': [1, 1, 1, 1, 0, 1, 1, 1, 1, 1], 'K': [0, 0, 0, 1, 1, 1, 1, 1, 0, 1]}, '东门南侧': {'A': [0, 0, 0, 0, 0, 0, 1, 1, 0, 0], 'B': [0, 0, 0, 0, 0, 0, 0, 0, 0, 0]}, '西门北侧': {'A': [1, 1, 1, 1, 1, 1, 1, 0, 0, 1], 'B': [1, 1, 1, 1, 0, 1, 1, 0, 1, 0], 'C': [1, 1, 1, 1, 1, 1, 1, 1, 1, 0]}, '西门南侧': {'A': [1, 1, 1, 1, 1, 0, 0, 1, 1, 1], 'B': [1, 1, 1, 1, 1, 1, 1, 1, 1, 1], 'C': [1, 1, 0, 1, 0, 0, 1, 1, 1, 1]}, '南门西侧': {'A': [1, 1, 1, 1, 1, 1, 1, 1, 1, 1], 'B': [0, 0, 0, 0, 0, 0, 0, 0, 0, 0]}, '南门东侧': {'A': [1, 1, 0, 1, 1, 1, 1, 1, 1, 1], 'B': [0, 0, 1, 1, 1, 0, 1, 1, 1, 1]}, '北门东北侧': {'A': [1, 1, 1, 1, 1, 1, 1, 1, 1, 1], 'B': [0, 1, 1, 1, 1, 0, 0, 1, 0, 0], 'C': [0, 0, 1, 1, 1, 1, 0, 1, 1, 0], 'D': [0, 1, 1, 1, 1, 0, 1, 0, 0, 1]}, '北门东南侧': {'A': [0, 0, 1, 1, 1, 0, 1, 1, 1, 0], 'B': [0, 1, 1, 0, 0, 0, 1, 0, 1, 0], 'C': [1, 1, 0, 1, 0, 0, 0, 0, 0, 0], 'D': [0, 0, 0, 0, 0, 1, 0, 0, 0, 1], 'E': [0, 1, 1, 0, 0, 0, 0, 0, 0, 0], 'F': [1, 0, 1, 1, 1, 1, 1, 0, 0, 1]}, '橘园北侧南': {'A': [0, 0, 0, 0, 0, 1, 1, 0, 0, 1], 'B': [1, 1, 1, 1, 0, 1, 0, 1, 1, 1], 'C': [0, 1, 1, 1, 0, 1, 1, 1, 0, 1], 'D': [1, 1, 0, 1, 1, 1, 1, 0, 1, 0], 'E': [1, 1, 1, 0, 1, 1, 1, 1, 0, 1], 'F': [0, 0, 0, 0, 0, 0, 0, 0, 0, 0], 'G': [0, 0, 1, 1, 0, 0, 1, 0, 0, 0], 'H': [0, 1, 1, 1, 1, 1, 0, 0, 0, 0], 'I': [0, 1, 0, 0, 0, 0, 1, 0, 0, 0], 'J': [0, 0, 0, 0, 0, 0, 0, 0, 0, 1]}, '校医院西': {'A': [0, 1, 0, 1, 1, 0, 0, 1, 0, 1], 'B': [1, 1, 1, 0, 1, 0, 0, 1, 0, 1], 'C': [0, 1, 1, 0, 1, 0, 1, 1, 0, 1], 'D': [1, 1, 1, 0, 1, 0, 0, 0, 1, 1], 'E': [1, 0, 1, 1, 1, 1, 1, 0, 1, 1], 'F': [0, 0, 1, 1, 1, 1, 1, 1, 1, 1], 'G': [0, 0, 0, 1, 0, 1, 0, 0, 0, 0], 'H': [0, 0, 0, 0, 0, 0, 0, 0, 0, 0], 'I': [0, 0, 0, 0, 0, 0, 0, 0, 1, 0]}}
623890	2024-07-13 15:35:01.684000+08:00	2024-07-13 15:35:01.684000+08:00	{'东门北侧': {'A': [1, 1, 1, 1, 1, 0, 1, 0, 1, 1], 'B': [1, 1, 1, 1, 1, 1, 1, 1, 1, 1], 'C': [0, 1, 1, 0, 1, 0, 1, 0, 1, 0], 'D': [1, 1, 1, 1, 1, 0, 1, 1, 0, 0], 'E': [1, 1, 1, 1, 1, 1, 1, 1, 1, 1], 'F': [1, 1, 1, 1, 1, 1, 1, 1, 0, 1], 'G': [1, 1, 1, 1, 1, 1, 1, 1, 0, 0], 'H': [1, 1, 1, 1, 1, 1, 1, 1, 0, 0], 'I': [1, 0, 1, 1, 1, 1, 0, 1, 0, 1], 'J': [1, 1, 1, 1, 0, 1, 1, 1, 1, 1], 'K': [0, 0, 0, 1, 1, 1, 1, 1, 0, 1]}, '东门南侧': {'A': [0, 0, 0, 0, 0, 0, 1, 1, 0, 0], 'B': [0, 0, 0, 0, 0, 0, 0, 0, 0, 0]}, '西门北侧': {'A': [1, 1, 1, 1, 1, 1, 1, 0, 0, 1], 'B': [1, 1, 1, 1, 0, 1, 1, 0, 1, 0], 'C': [1, 1, 1, 1, 1, 1, 1, 1, 1, 0]}, '西门南侧': {'A': [1, 1, 1, 1, 1, 0, 0, 1, 1, 1], 'B': [1, 1, 1, 1, 1, 1, 1, 1, 1, 1], 'C': [1, 1, 0, 1, 0, 0, 1, 1, 1, 1]}, '南门西侧': {'A': [1, 1, 1, 1, 1, 1, 1, 1, 1, 1], 'B': [0, 0, 0, 0, 0, 0, 0, 0, 0, 0]}, '南门东侧': {'A': [1, 1, 0, 1, 1, 1, 1, 1, 1, 1], 'B': [0, 0, 1, 1, 1, 0, 1, 1, 1, 1]}, '北门东北侧': {'A': [1, 1, 1, 1, 1, 1, 1, 1, 1, 1], 'B': [0, 1, 0, 1, 1, 0, 0, 1, 0, 0], 'C': [0, 0, 1, 1, 1, 1, 0, 1, 1, 0], 'D': [0, 1, 1, 1, 1, 0, 1, 0, 0, 1]}, '北门东南侧': {'A': [0, 0, 1, 1, 1, 0, 1, 1, 1, 0], 'B': [0, 1, 1, 0, 0, 0, 1, 0, 1, 0], 'C': [1, 1, 0, 1, 0, 0, 0, 0, 0, 0], 'D': [0, 0, 0, 0, 0, 1, 0, 0, 0, 1], 'E': [0, 1, 1, 0, 0, 0, 0, 0, 0, 0], 'F': [1, 0, 1, 1, 1, 1, 1, 0, 0, 1]}, '橘园北侧南': {'A': [0, 0, 0, 0, 0, 1, 1, 0, 0, 1], 'B': [1, 1, 1, 1, 0, 1, 0, 1, 1, 1], 'C': [0, 1, 1, 1, 0, 1, 1, 1, 0, 1], 'D': [1, 1, 0, 1, 1, 1, 1, 0, 1, 0], 'E': [1, 1, 1, 0, 1, 1, 1, 1, 0, 1], 'F': [0, 0, 0, 0, 0, 0, 0, 0, 0, 0], 'G': [0, 0, 1, 1, 0, 0, 1, 0, 0, 0], 'H': [0, 1, 1, 1, 1, 1, 0, 0, 0, 0], 'I': [0, 1, 0, 0, 0, 0, 1, 0, 0, 0], 'J': [0, 0, 0, 0, 0, 0, 0, 0, 0, 1]}, '校医院西': {'A': [0, 1, 0, 1, 1, 0, 0, 1, 0, 1], 'B': [1, 1, 1, 0, 1, 0, 0, 1, 0, 1], 'C': [0, 1, 1, 0, 1, 0, 1, 1, 0, 1], 'D': [1, 1, 1, 0, 1, 0, 0, 0, 1, 1], 'E': [1, 0, 1, 1, 1, 1, 1, 0, 1, 1], 'F': [0, 0, 1, 1, 1, 1, 1, 1, 1, 1], 'G': [0, 0, 0, 1, 0, 1, 0, 0, 0, 0], 'H': [0, 0, 0, 0, 0, 0, 0, 0, 0, 0], 'I': [0, 0, 0, 0, 0, 0, 0, 0, 1, 0]}}
623891	2024-07-13 15:36:00.598000+08:00	2024-07-13 15:36:00.598000+08:00	{'东门北侧': {'A': [1, 1, 1, 1, 1, 0, 1, 0, 1, 1], 'B': [1, 1, 1, 1, 1, 1, 1, 1, 1, 1], 'C': [0, 1, 1, 0, 1, 0, 1, 0, 1, 0], 'D': [1, 1, 1, 1, 1, 0, 1, 1, 0, 0], 'E': [1, 1, 1, 1, 1, 1, 1, 1, 1, 1], 'F': [1, 1, 1, 1, 1, 1, 1, 1, 0, 1], 'G': [1, 1, 1, 1, 1, 1, 1, 1, 0, 0], 'H': [1, 1, 1, 1, 1, 1, 1, 1, 0, 0], 'I': [1, 0, 1, 1, 1, 1, 0, 1, 0, 1], 'J': [1, 1, 1, 1, 0, 1, 1, 1, 1, 1], 'K': [0, 0, 0, 1, 1, 1, 1, 1, 0, 1]}, '东门南侧': {'A': [0, 0, 0, 0, 0, 0, 1, 1, 1, 0], 'B': [0, 0, 0, 0, 0, 0, 0, 0, 0, 0]}, '西门北侧': {'A': [1, 1, 1, 1, 1, 1, 1, 0, 0, 1], 'B': [1, 1, 1, 1, 0, 1, 1, 0, 1, 0], 'C': [1, 1, 1, 1, 1, 1, 1, 1, 1, 0]}, '西门南侧': {'A': [1, 1, 1, 1, 1, 0, 0, 1, 1, 1], 'B': [1, 1, 1, 1, 1, 1, 1, 1, 1, 1], 'C': [1, 1, 0, 1, 0, 0, 1, 1, 1, 1]}, '南门西侧': {'A': [1, 1, 1, 1, 1, 1, 1, 1, 1, 1], 'B': [0, 0, 0, 0, 0, 0, 0, 0, 0, 0]}, '南门东侧': {'A': [1, 1, 0, 1, 1, 1, 1, 1, 1, 1], 'B': [0, 0, 1, 1, 1, 0, 1, 1, 1, 1]}, '北门东北侧': {'A': [1, 1, 1, 1, 1, 1, 1, 1, 1, 1], 'B': [0, 1, 0, 1, 1, 0, 0, 1, 0, 0], 'C': [0, 0, 1, 1, 1, 1, 0, 1, 1, 0], 'D': [0, 1, 1, 1, 1, 0, 1, 0, 0, 1]}, '北门东南侧': {'A': [0, 0, 1, 1, 1, 0, 1, 1, 1, 0], 'B': [0, 1, 1, 0, 0, 0, 1, 0, 1, 0], 'C': [1, 1, 0, 1, 0, 0, 0, 0, 0, 0], 'D': [0, 0, 0, 0, 0, 1, 0, 0, 0, 1], 'E': [0, 1, 1, 0, 0, 0, 0, 0, 0, 0], 'F': [1, 0, 1, 1, 1, 1, 1, 0, 0, 1]}, '橘园北侧南': {'A': [0, 0, 0, 0, 0, 1, 1, 0, 0, 1], 'B': [1, 1, 1, 1, 0, 1, 0, 1, 1, 1], 'C': [0, 1, 1, 1, 0, 1, 1, 1, 0, 1], 'D': [1, 1, 0, 1, 1, 1, 1, 0, 1, 0], 'E': [1, 1, 1, 0, 1, 1, 1, 1, 0, 1], 'F': [0, 0, 1, 0, 0, 0, 0, 0, 0, 0], 'G': [0, 0, 1, 1, 0, 0, 1, 0, 0, 0], 'H': [0, 1, 1, 1, 1, 1, 0, 0, 0, 0], 'I': [0, 1, 0, 0, 0, 0, 1, 0, 0, 0], 'J': [0, 0, 0, 0, 0, 0, 0, 0, 0, 1]}, '校医院西': {'A': [0, 1, 0, 1, 1, 0, 0, 1, 0, 1], 'B': [1, 1, 1, 0, 1, 0, 0, 1, 0, 1], 'C': [0, 1, 1, 0, 1, 0, 1, 1, 0, 1], 'D': [1, 1, 1, 0, 1, 0, 0, 0, 1, 1], 'E': [1, 0, 1, 1, 1, 1, 1, 0, 1, 1], 'F': [0, 0, 1, 1, 1, 1, 1, 1, 1, 1], 'G': [0, 0, 0, 1, 0, 1, 0, 0, 0, 0], 'H': [0, 0, 0, 0, 0, 0, 0, 0, 0, 0], 'I': [0, 0, 0, 0, 0, 0, 0, 0, 1, 0]}}
623892	2024-07-13 15:37:00.604000+08:00	2024-07-13 15:37:00.604000+08:00	{'东门北侧': {'A': [1, 1, 1, 1, 1, 0, 1, 0, 1, 1], 'B': [1, 1, 1, 1, 1, 1, 1, 1, 1, 1], 'C': [0, 1, 1, 0, 1, 0, 1, 0, 1, 0], 'D': [1, 1, 1, 1, 1, 0, 1, 1, 0, 0], 'E': [1, 1, 1, 1, 1, 1, 1, 1, 1, 1], 'F': [1, 1, 1, 1, 1, 1, 1, 1, 0, 1], 'G': [1, 1, 1, 1, 1, 1, 1, 1, 0, 0], 'H': [1, 1, 1, 1, 1, 1, 1, 1, 0, 0], 'I': [1, 0, 1, 1, 1, 1, 0, 1, 0, 1], 'J': [1, 1, 1, 1, 0, 1, 1, 1, 1, 1], 'K': [0, 0, 0, 1, 1, 1, 1, 1, 0, 1]}, '东门南侧': {'A': [0, 0, 0, 0, 0, 0, 1, 1, 1, 0], 'B': [0, 0, 0, 0, 0, 0, 0, 0, 0, 0]}, '西门北侧': {'A': [1, 1, 1, 1, 1, 1, 1, 0, 0, 1], 'B': [1, 1, 1, 1, 0, 1, 1, 0, 1, 0], 'C': [1, 1, 1, 1, 1, 1, 1, 1, 1, 0]}, '西门南侧': {'A': [1, 1, 1, 1, 1, 0, 0, 1, 1, 1], 'B': [1, 1, 1, 1, 1, 1, 1, 1, 1, 1], 'C': [1, 1, 0, 1, 0, 0, 1, 1, 1, 1]}, '南门西侧': {'A': [1, 1, 1, 1, 1, 1, 1, 1, 1, 1], 'B': [0, 0, 0, 0, 0, 0, 0, 0, 0, 0]}, '南门东侧': {'A': [1, 1, 0, 1, 1, 1, 1, 1, 1, 1], 'B': [0, 0, 1, 1, 1, 0, 1, 1, 1, 1]}, '北门东北侧': {'A': [1, 1, 1, 1, 1, 1, 1, 1, 1, 1], 'B': [0, 1, 0, 1, 1, 0, 0, 1, 0, 0], 'C': [0, 0, 1, 1, 1, 1, 0, 1, 1, 0], 'D': [0, 1, 1, 1, 1, 0, 1, 0, 0, 1]}, '北门东南侧': {'A': [0, 0, 1, 1, 1, 0, 1, 1, 1, 0], 'B': [0, 1, 1, 0, 0, 0, 1, 0, 1, 0], 'C': [1, 1, 0, 1, 0, 0, 0, 0, 0, 0], 'D': [0, 0, 0, 0, 0, 1, 0, 0, 0, 1], 'E': [0, 1, 1, 0, 0, 0, 0, 0, 0, 0], 'F': [1, 0, 1, 1, 1, 1, 1, 0, 0, 1]}, '橘园北侧南': {'A': [0, 0, 0, 0, 0, 1, 1, 0, 0, 1], 'B': [1, 1, 1, 1, 0, 1, 0, 1, 1, 1], 'C': [0, 1, 1, 1, 0, 1, 1, 1, 0, 1], 'D': [1, 1, 0, 1, 1, 1, 1, 0, 1, 0], 'E': [1, 1, 1, 0, 1, 1, 1, 1, 0, 1], 'F': [0, 0, 1, 0, 0, 0, 0, 0, 0, 0], 'G': [0, 0, 1, 1, 0, 0, 1, 0, 0, 0], 'H': [0, 1, 1, 1, 1, 1, 0, 0, 0, 0], 'I': [0, 1, 0, 0, 0, 0, 1, 0, 0, 0], 'J': [0, 0, 0, 0, 0, 0, 0, 0, 0, 1]}, '校医院西': {'A': [0, 1, 0, 1, 1, 0, 0, 1, 0, 1], 'B': [1, 1, 1, 0, 1, 0, 0, 1, 0, 1], 'C': [0, 1, 1, 0, 1, 0, 1, 1, 0, 1], 'D': [1, 1, 1, 0, 1, 0, 0, 0, 1, 1], 'E': [1, 0, 1, 1, 1, 1, 1, 0, 1, 1], 'F': [0, 0, 1, 1, 1, 1, 1, 1, 1, 1], 'G': [0, 0, 0, 1, 0, 1, 0, 0, 0, 0], 'H': [0, 0, 0, 0, 0, 0, 0, 0, 0, 0], 'I': [0, 0, 0, 0, 0, 0, 0, 0, 1, 0]}}
623893	2024-07-13 15:38:00.998000+08:00	2024-07-13 15:38:00.998000+08:00	{'东门北侧': {'A': [1, 1, 1, 1, 1, 0, 1, 0, 1, 1], 'B': [1, 1, 1, 1, 1, 1, 1, 1, 1, 1], 'C': [0, 1, 1, 0, 1, 0, 1, 0, 1, 0], 'D': [1, 1, 1, 1, 1, 0, 1, 1, 0, 0], 'E': [1, 1, 1, 1, 1, 1, 1, 1, 1, 1], 'F': [1, 1, 1, 1, 1, 1, 1, 1, 0, 1], 'G': [1, 1, 1, 1, 1, 1, 1, 1, 0, 0], 'H': [1, 1, 1, 1, 1, 1, 1, 1, 0, 0], 'I': [1, 0, 1, 1, 1, 1, 0, 1, 0, 1], 'J': [1, 1, 1, 1, 0, 1, 1, 1, 1, 1], 'K': [0, 0, 0, 1, 1, 1, 1, 1, 0, 1]}, '东门南侧': {'A': [0, 0, 0, 0, 0, 0, 1, 1, 1, 0], 'B': [0, 0, 0, 0, 0, 0, 0, 0, 0, 0]}, '西门北侧': {'A': [1, 1, 1, 1, 1, 1, 1, 0, 0, 1], 'B': [1, 1, 1, 1, 0, 1, 1, 0, 1, 0], 'C': [1, 1, 1, 1, 1, 1, 1, 1, 1, 0]}, '西门南侧': {'A': [1, 1, 1, 1, 1, 0, 0, 1, 1, 1], 'B': [1, 1, 1, 1, 1, 1, 1, 1, 1, 1], 'C': [1, 1, 0, 1, 0, 0, 1, 1, 1, 1]}, '南门西侧': {'A': [1, 1, 1, 1, 1, 1, 1, 1, 1, 1], 'B': [0, 0, 0, 0, 0, 0, 0, 0, 0, 0]}, '南门东侧': {'A': [1, 1, 0, 1, 1, 1, 1, 1, 1, 1], 'B': [0, 0, 1, 1, 1, 0, 1, 1, 1, 1]}, '北门东北侧': {'A': [1, 1, 1, 1, 1, 1, 1, 1, 1, 1], 'B': [0, 1, 0, 1, 1, 0, 0, 1, 0, 0], 'C': [0, 0, 1, 1, 1, 1, 0, 1, 1, 0], 'D': [0, 1, 1, 1, 1, 0, 1, 0, 0, 1]}, '北门东南侧': {'A': [0, 0, 1, 1, 1, 0, 1, 1, 1, 0], 'B': [0, 1, 1, 0, 0, 0, 1, 0, 1, 0], 'C': [1, 1, 0, 1, 0, 0, 0, 0, 0, 0], 'D': [0, 0, 0, 0, 0, 1, 0, 0, 0, 1], 'E': [0, 1, 1, 0, 0, 0, 0, 1, 0, 0], 'F': [1, 0, 1, 1, 1, 1, 1, 0, 0, 1]}, '橘园北侧南': {'A': [0, 0, 0, 0, 0, 1, 1, 0, 0, 1], 'B': [1, 1, 1, 1, 0, 1, 0, 1, 1, 1], 'C': [0, 1, 1, 1, 0, 1, 1, 1, 0, 1], 'D': [1, 1, 0, 1, 1, 1, 1, 0, 1, 0], 'E': [1, 1, 1, 0, 1, 1, 1, 1, 0, 1], 'F': [0, 0, 1, 0, 0, 0, 0, 0, 0, 0], 'G': [0, 0, 1, 1, 0, 0, 1, 0, 0, 0], 'H': [0, 1, 1, 1, 1, 1, 0, 0, 0, 0], 'I': [0, 1, 0, 0, 0, 0, 1, 0, 0, 0], 'J': [0, 0, 0, 0, 0, 0, 0, 0, 0, 1]}, '校医院西': {'A': [0, 1, 0, 1, 1, 0, 0, 1, 0, 1], 'B': [1, 1, 1, 0, 1, 0, 0, 1, 0, 1], 'C': [0, 1, 1, 0, 1, 0, 1, 1, 0, 1], 'D': [1, 1, 1, 0, 1, 0, 0, 0, 1, 1], 'E': [1, 0, 1, 1, 1, 1, 1, 0, 1, 1], 'F': [0, 0, 1, 1, 1, 1, 1, 1, 1, 1], 'G': [0, 0, 0, 1, 0, 1, 0, 0, 0, 0], 'H': [0, 0, 0, 0, 0, 0, 0, 0, 0, 0], 'I': [0, 0, 0, 0, 0, 0, 0, 0, 1, 0]}}
623894	2024-07-13 15:39:01.724000+08:00	2024-07-13 15:39:01.724000+08:00	{'东门北侧': {'A': [1, 1, 1, 1, 1, 0, 1, 0, 1, 1], 'B': [1, 1, 1, 1, 1, 1, 1, 1, 1, 1], 'C': [0, 1, 1, 0, 1, 0, 1, 0, 1, 0], 'D': [1, 1, 1, 1, 1, 0, 1, 1, 0, 0], 'E': [1, 1, 1, 1, 1, 1, 1, 1, 1, 1], 'F': [1, 1, 1, 1, 1, 1, 1, 1, 0, 1], 'G': [1, 1, 1, 1, 1, 1, 1, 1, 0, 0], 'H': [1, 1, 1, 1, 1, 0, 1, 1, 0, 0], 'I': [1, 0, 1, 1, 1, 1, 0, 1, 0, 1], 'J': [1, 1, 1, 1, 0, 1, 1, 1, 1, 1], 'K': [0, 0, 0, 1, 1, 1, 1, 1, 0, 1]}, '东门南侧': {'A': [0, 0, 0, 0, 0, 0, 1, 1, 1, 0], 'B': [0, 0, 0, 0, 0, 0, 0, 0, 0, 0]}, '西门北侧': {'A': [1, 1, 1, 1, 1, 1, 1, 0, 0, 1], 'B': [1, 1, 1, 1, 0, 1, 1, 0, 1, 0], 'C': [1, 1, 1, 1, 1, 1, 1, 1, 1, 0]}, '西门南侧': {'A': [1, 1, 1, 1, 1, 0, 0, 1, 1, 1], 'B': [1, 1, 1, 1, 1, 1, 1, 1, 1, 1], 'C': [1, 1, 0, 1, 0, 0, 1, 1, 1, 1]}, '南门西侧': {'A': [1, 1, 1, 1, 1, 1, 1, 1, 1, 1], 'B': [0, 0, 0, 0, 0, 0, 0, 0, 0, 0]}, '南门东侧': {'A': [1, 1, 0, 1, 1, 1, 1, 1, 1, 1], 'B': [0, 0, 1, 1, 1, 0, 1, 1, 1, 1]}, '北门东北侧': {'A': [1, 1, 1, 1, 1, 1, 1, 1, 1, 1], 'B': [0, 1, 0, 1, 1, 0, 0, 1, 0, 0], 'C': [0, 0, 1, 1, 1, 1, 0, 1, 1, 0], 'D': [0, 1, 1, 1, 1, 0, 1, 0, 0, 1]}, '北门东南侧': {'A': [0, 0, 1, 1, 1, 0, 1, 1, 1, 0], 'B': [0, 1, 1, 0, 0, 0, 1, 0, 1, 0], 'C': [1, 1, 0, 1, 0, 0, 0, 0, 0, 0], 'D': [0, 0, 0, 0, 0, 1, 0, 0, 0, 1], 'E': [0, 1, 1, 0, 0, 0, 0, 1, 0, 0], 'F': [1, 0, 1, 1, 1, 1, 1, 0, 0, 1]}, '橘园北侧南': {'A': [0, 0, 0, 0, 0, 1, 1, 0, 0, 1], 'B': [1, 1, 1, 1, 0, 1, 0, 1, 1, 1], 'C': [0, 1, 1, 1, 0, 1, 1, 1, 0, 1], 'D': [1, 1, 0, 1, 1, 1, 1, 0, 1, 0], 'E': [1, 1, 1, 0, 1, 1, 1, 1, 0, 1], 'F': [0, 0, 1, 0, 0, 0, 0, 0, 0, 0], 'G': [0, 0, 1, 1, 0, 0, 1, 0, 0, 0], 'H': [0, 1, 1, 1, 1, 1, 0, 0, 0, 0], 'I': [0, 1, 0, 0, 0, 0, 1, 0, 0, 0], 'J': [0, 0, 0, 0, 0, 0, 0, 0, 0, 1]}, '校医院西': {'A': [0, 1, 0, 1, 1, 0, 0, 1, 0, 1], 'B': [1, 1, 1, 0, 1, 0, 0, 1, 0, 1], 'C': [0, 1, 1, 0, 1, 0, 1, 1, 0, 1], 'D': [1, 1, 1, 0, 1, 0, 0, 0, 1, 1], 'E': [1, 0, 1, 1, 1, 1, 1, 0, 1, 1], 'F': [0, 0, 1, 1, 1, 1, 1, 1, 1, 1], 'G': [0, 0, 0, 0, 0, 1, 0, 0, 0, 0], 'H': [0, 0, 0, 0, 0, 0, 0, 0, 0, 0], 'I': [0, 0, 0, 0, 0, 0, 0, 0, 1, 0]}}
623895	2024-07-13 15:40:00.594000+08:00	2024-07-13 15:40:00.594000+08:00	{'东门北侧': {'A': [1, 1, 1, 1, 1, 0, 1, 0, 1, 1], 'B': [1, 1, 1, 1, 1, 1, 1, 1, 1, 1], 'C': [0, 1, 1, 0, 1, 0, 1, 0, 1, 0], 'D': [1, 1, 1, 1, 1, 0, 1, 1, 0, 0], 'E': [1, 1, 1, 1, 1, 1, 1, 1, 1, 1], 'F': [1, 1, 1, 1, 1, 1, 1, 1, 0, 1], 'G': [1, 1, 1, 1, 1, 1, 1, 1, 0, 0], 'H': [1, 1, 1, 1, 1, 0, 1, 1, 0, 0], 'I': [1, 0, 1, 1, 1, 1, 0, 1, 0, 1], 'J': [1, 1, 1, 1, 0, 1, 1, 1, 1, 1], 'K': [0, 0, 0, 1, 1, 1, 1, 1, 0, 1]}, '东门南侧': {'A': [0, 0, 0, 0, 0, 0, 1, 1, 1, 0], 'B': [0, 0, 0, 0, 0, 0, 0, 0, 0, 0]}, '西门北侧': {'A': [1, 1, 1, 1, 1, 1, 1, 0, 0, 1], 'B': [1, 1, 1, 1, 0, 1, 1, 0, 1, 0], 'C': [1, 1, 1, 1, 1, 1, 1, 1, 1, 0]}, '西门南侧': {'A': [1, 1, 1, 1, 1, 0, 0, 1, 1, 1], 'B': [1, 1, 1, 1, 1, 1, 1, 1, 1, 1], 'C': [1, 1, 0, 1, 0, 0, 1, 1, 1, 1]}, '南门西侧': {'A': [1, 1, 1, 1, 1, 1, 1, 1, 1, 1], 'B': [0, 0, 0, 0, 0, 0, 0, 0, 0, 0]}, '南门东侧': {'A': [1, 1, 0, 1, 1, 1, 1, 1, 1, 1], 'B': [0, 0, 1, 1, 1, 0, 1, 1, 1, 1]}, '北门东北侧': {'A': [1, 1, 1, 1, 1, 1, 1, 1, 1, 1], 'B': [0, 1, 0, 1, 1, 0, 0, 1, 0, 0], 'C': [0, 0, 1, 1, 1, 1, 0, 1, 1, 0], 'D': [0, 1, 1, 1, 1, 0, 1, 0, 0, 1]}, '北门东南侧': {'A': [0, 0, 1, 1, 1, 0, 1, 1, 1, 0], 'B': [0, 1, 1, 0, 0, 0, 1, 0, 1, 0], 'C': [1, 1, 0, 1, 0, 0, 0, 0, 0, 0], 'D': [0, 0, 0, 0, 0, 1, 0, 0, 0, 1], 'E': [0, 1, 1, 0, 0, 0, 0, 1, 0, 0], 'F': [1, 0, 1, 1, 1, 1, 1, 0, 0, 1]}, '橘园北侧南': {'A': [0, 0, 0, 0, 0, 1, 1, 0, 0, 1], 'B': [1, 1, 1, 1, 0, 1, 0, 1, 1, 1], 'C': [0, 1, 1, 1, 0, 1, 1, 1, 0, 1], 'D': [1, 1, 0, 1, 1, 1, 1, 0, 1, 0], 'E': [1, 1, 1, 0, 1, 1, 1, 1, 0, 1], 'F': [0, 0, 1, 0, 0, 0, 0, 0, 0, 0], 'G': [0, 0, 1, 1, 0, 0, 1, 0, 0, 0], 'H': [0, 1, 1, 1, 1, 1, 0, 0, 0, 0], 'I': [0, 1, 0, 0, 0, 0, 1, 0, 0, 0], 'J': [0, 0, 0, 0, 0, 0, 0, 0, 0, 1]}, '校医院西': {'A': [0, 1, 0, 1, 1, 0, 0, 1, 0, 1], 'B': [1, 1, 1, 0, 1, 0, 0, 1, 0, 1], 'C': [0, 1, 1, 0, 1, 0, 1, 1, 0, 1], 'D': [1, 1, 1, 0, 1, 0, 0, 0, 1, 1], 'E': [1, 0, 1, 1, 1, 1, 1, 0, 1, 1], 'F': [0, 0, 1, 1, 1, 1, 1, 1, 1, 1], 'G': [0, 0, 0, 0, 0, 1, 0, 0, 0, 0], 'H': [0, 0, 0, 0, 0, 0, 0, 0, 0, 0], 'I': [0, 0, 0, 0, 0, 0, 0, 0, 1, 0]}}
623896	2024-07-13 15:40:59.345000+08:00	2024-07-13 15:40:59.345000+08:00	{'东门北侧': {'A': [1, 1, 1, 1, 1, 0, 1, 0, 1, 1], 'B': [1, 1, 1, 1, 1, 1, 1, 1, 1, 1], 'C': [0, 1, 1, 0, 1, 0, 1, 0, 1, 0], 'D': [1, 1, 1, 1, 1, 0, 1, 1, 0, 0], 'E': [1, 1, 1, 1, 1, 1, 1, 1, 1, 1], 'F': [1, 1, 1, 1, 1, 1, 1, 1, 0, 1], 'G': [1, 1, 1, 1, 1, 1, 1, 1, 0, 0], 'H': [1, 1, 1, 1, 1, 0, 1, 1, 0, 0], 'I': [1, 0, 1, 1, 1, 1, 0, 1, 0, 1], 'J': [1, 1, 1, 1, 0, 1, 1, 1, 1, 1], 'K': [0, 0, 0, 1, 1, 1, 1, 1, 0, 1]}, '东门南侧': {'A': [0, 0, 0, 0, 0, 0, 1, 1, 1, 0], 'B': [0, 0, 0, 0, 0, 0, 0, 0, 0, 0]}, '西门北侧': {'A': [1, 1, 1, 1, 1, 1, 1, 0, 0, 1], 'B': [1, 1, 1, 1, 0, 1, 1, 0, 1, 0], 'C': [1, 1, 1, 1, 1, 1, 1, 1, 1, 0]}, '西门南侧': {'A': [1, 1, 1, 1, 1, 0, 0, 1, 1, 1], 'B': [1, 1, 1, 1, 1, 1, 1, 1, 1, 1], 'C': [1, 1, 0, 1, 0, 0, 1, 1, 1, 1]}, '南门西侧': {'A': [1, 1, 1, 1, 1, 1, 1, 1, 1, 1], 'B': [0, 0, 0, 0, 0, 0, 0, 0, 0, 0]}, '南门东侧': {'A': [1, 1, 0, 1, 1, 1, 1, 1, 1, 1], 'B': [0, 0, 1, 1, 1, 0, 1, 1, 1, 1]}, '北门东北侧': {'A': [1, 1, 1, 1, 1, 1, 1, 1, 1, 1], 'B': [0, 1, 0, 1, 1, 0, 0, 1, 0, 0], 'C': [0, 0, 1, 1, 1, 1, 0, 1, 1, 0], 'D': [0, 1, 1, 1, 1, 0, 1, 0, 0, 1]}, '北门东南侧': {'A': [0, 0, 1, 1, 1, 0, 1, 1, 1, 0], 'B': [0, 1, 1, 0, 0, 0, 1, 0, 1, 0], 'C': [1, 1, 0, 1, 0, 0, 0, 0, 0, 0], 'D': [0, 0, 0, 0, 0, 1, 0, 0, 0, 1], 'E': [0, 1, 1, 0, 0, 0, 0, 1, 0, 1], 'F': [1, 0, 1, 1, 1, 1, 1, 0, 0, 1]}, '橘园北侧南': {'A': [0, 0, 0, 0, 0, 1, 1, 0, 0, 1], 'B': [1, 1, 1, 1, 0, 1, 0, 1, 1, 1], 'C': [0, 1, 1, 1, 0, 1, 1, 1, 0, 1], 'D': [1, 1, 0, 1, 1, 1, 1, 0, 1, 0], 'E': [1, 1, 1, 0, 1, 1, 1, 1, 0, 1], 'F': [0, 0, 1, 0, 0, 0, 0, 0, 0, 0], 'G': [0, 0, 1, 1, 0, 0, 1, 0, 0, 0], 'H': [0, 1, 1, 1, 1, 1, 0, 0, 0, 0], 'I': [0, 1, 0, 0, 0, 0, 1, 0, 0, 0], 'J': [0, 0, 0, 0, 0, 0, 0, 0, 0, 1]}, '校医院西': {'A': [0, 1, 0, 1, 1, 0, 0, 1, 0, 1], 'B': [1, 1, 1, 0, 1, 0, 0, 1, 0, 1], 'C': [0, 1, 1, 0, 1, 0, 1, 1, 0, 1], 'D': [1, 1, 1, 0, 1, 0, 0, 0, 1, 1], 'E': [1, 0, 1, 1, 1, 1, 1, 0, 1, 1], 'F': [0, 0, 1, 1, 1, 1, 1, 1, 1, 1], 'G': [0, 0, 0, 0, 0, 1, 0, 0, 0, 0], 'H': [0, 0, 0, 0, 0, 0, 0, 0, 0, 0], 'I': [0, 0, 0, 0, 0, 0, 0, 0, 1, 0]}}
623897	2024-07-13 15:42:01.569000+08:00	2024-07-13 15:42:01.569000+08:00	{'东门北侧': {'A': [1, 1, 1, 1, 1, 0, 1, 0, 1, 1], 'B': [1, 1, 1, 1, 1, 1, 1, 1, 1, 1], 'C': [0, 1, 1, 0, 1, 0, 1, 0, 1, 0], 'D': [1, 1, 1, 1, 1, 0, 1, 1, 0, 0], 'E': [1, 1, 1, 1, 1, 1, 1, 1, 1, 1], 'F': [1, 1, 1, 1, 1, 1, 1, 1, 0, 1], 'G': [1, 1, 1, 1, 1, 1, 1, 1, 0, 0], 'H': [1, 1, 1, 1, 1, 0, 1, 1, 0, 0], 'I': [1, 0, 1, 1, 1, 1, 0, 1, 0, 1], 'J': [1, 1, 1, 1, 0, 1, 1, 1, 1, 1], 'K': [0, 0, 0, 1, 1, 1, 1, 1, 0, 1]}, '东门南侧': {'A': [0, 0, 0, 0, 0, 0, 1, 1, 1, 0], 'B': [0, 0, 0, 0, 0, 0, 0, 0, 0, 0]}, '西门北侧': {'A': [1, 1, 1, 1, 1, 1, 1, 0, 0, 1], 'B': [1, 1, 1, 1, 0, 1, 1, 0, 1, 0], 'C': [1, 1, 1, 1, 1, 1, 1, 1, 1, 0]}, '西门南侧': {'A': [1, 1, 1, 1, 1, 0, 0, 1, 1, 1], 'B': [1, 1, 1, 1, 1, 1, 1, 1, 1, 1], 'C': [1, 1, 0, 1, 0, 0, 1, 1, 1, 1]}, '南门西侧': {'A': [1, 1, 1, 1, 1, 1, 1, 1, 1, 1], 'B': [0, 0, 0, 0, 0, 0, 0, 0, 0, 0]}, '南门东侧': {'A': [1, 1, 0, 1, 1, 1, 1, 1, 1, 1], 'B': [0, 0, 1, 1, 1, 0, 1, 1, 1, 1]}, '北门东北侧': {'A': [1, 1, 1, 1, 1, 1, 1, 1, 1, 1], 'B': [0, 1, 0, 1, 1, 0, 0, 1, 0, 0], 'C': [0, 0, 1, 1, 1, 1, 0, 1, 1, 0], 'D': [0, 1, 1, 1, 1, 0, 1, 0, 0, 1]}, '北门东南侧': {'A': [0, 0, 1, 1, 1, 0, 1, 1, 1, 0], 'B': [0, 1, 1, 0, 0, 0, 1, 0, 1, 0], 'C': [1, 1, 0, 1, 0, 0, 0, 0, 0, 0], 'D': [0, 0, 0, 0, 0, 1, 0, 0, 0, 1], 'E': [0, 1, 1, 0, 0, 0, 0, 1, 0, 1], 'F': [1, 0, 1, 1, 1, 1, 1, 0, 0, 1]}, '橘园北侧南': {'A': [0, 0, 0, 0, 0, 1, 1, 0, 0, 1], 'B': [1, 1, 1, 1, 0, 1, 0, 1, 1, 1], 'C': [0, 1, 1, 1, 0, 1, 1, 1, 0, 1], 'D': [1, 1, 0, 1, 1, 1, 1, 0, 1, 0], 'E': [1, 1, 1, 0, 1, 1, 1, 1, 0, 1], 'F': [0, 0, 1, 0, 0, 0, 0, 0, 0, 0], 'G': [0, 0, 1, 1, 0, 0, 1, 0, 0, 0], 'H': [0, 1, 1, 1, 1, 1, 0, 0, 0, 0], 'I': [0, 1, 0, 0, 0, 0, 1, 0, 0, 0], 'J': [0, 0, 0, 0, 0, 0, 0, 0, 0, 1]}, '校医院西': {'A': [0, 1, 0, 1, 1, 0, 0, 1, 0, 1], 'B': [1, 1, 1, 0, 1, 0, 0, 1, 0, 1], 'C': [0, 1, 1, 0, 1, 0, 1, 1, 0, 1], 'D': [1, 1, 1, 1, 1, 0, 0, 0, 1, 1], 'E': [1, 0, 1, 1, 1, 1, 1, 0, 1, 1], 'F': [0, 0, 1, 1, 1, 1, 1, 1, 1, 1], 'G': [0, 0, 0, 0, 0, 1, 0, 0, 0, 0], 'H': [0, 0, 0, 0, 0, 0, 0, 0, 0, 0], 'I': [0, 0, 0, 0, 0, 0, 0, 0, 1, 0]}}
623898	2024-07-13 15:42:58.707000+08:00	2024-07-13 15:42:58.707000+08:00	{'东门北侧': {'A': [1, 1, 1, 1, 1, 0, 1, 0, 1, 1], 'B': [1, 1, 1, 1, 1, 1, 1, 1, 1, 1], 'C': [0, 1, 1, 0, 1, 0, 1, 0, 1, 0], 'D': [1, 1, 1, 1, 1, 0, 1, 1, 0, 0], 'E': [1, 1, 1, 1, 1, 1, 1, 1, 1, 1], 'F': [1, 1, 1, 1, 1, 1, 1, 1, 0, 1], 'G': [1, 1, 1, 1, 1, 1, 1, 1, 0, 0], 'H': [1, 1, 1, 1, 1, 0, 1, 1, 0, 0], 'I': [1, 0, 1, 1, 1, 1, 0, 1, 0, 1], 'J': [1, 1, 1, 1, 0, 1, 1, 1, 1, 1], 'K': [0, 0, 0, 1, 1, 1, 1, 1, 0, 1]}, '东门南侧': {'A': [0, 0, 0, 0, 0, 0, 1, 1, 1, 0], 'B': [0, 0, 0, 0, 0, 0, 0, 0, 0, 0]}, '西门北侧': {'A': [1, 1, 1, 1, 1, 1, 1, 0, 0, 1], 'B': [1, 1, 1, 1, 0, 1, 1, 0, 1, 0], 'C': [1, 1, 1, 1, 1, 1, 1, 1, 1, 0]}, '西门南侧': {'A': [1, 1, 1, 1, 1, 0, 0, 1, 1, 1], 'B': [1, 1, 1, 1, 1, 1, 1, 1, 1, 1], 'C': [1, 1, 0, 1, 0, 0, 1, 1, 1, 1]}, '南门西侧': {'A': [1, 1, 1, 1, 1, 1, 1, 1, 1, 1], 'B': [0, 0, 0, 0, 0, 0, 0, 0, 0, 0]}, '南门东侧': {'A': [1, 1, 0, 1, 1, 1, 1, 1, 1, 1], 'B': [0, 0, 1, 1, 1, 0, 1, 1, 1, 1]}, '北门东北侧': {'A': [1, 1, 1, 1, 1, 1, 1, 1, 1, 1], 'B': [0, 1, 0, 1, 1, 0, 0, 1, 0, 0], 'C': [0, 0, 1, 1, 1, 1, 0, 1, 1, 0], 'D': [0, 1, 1, 1, 1, 0, 1, 0, 0, 1]}, '北门东南侧': {'A': [0, 0, 1, 1, 1, 0, 1, 1, 1, 0], 'B': [0, 1, 1, 0, 0, 0, 1, 0, 1, 0], 'C': [1, 1, 0, 1, 0, 0, 0, 0, 0, 0], 'D': [0, 0, 0, 0, 0, 1, 0, 0, 0, 1], 'E': [0, 1, 1, 0, 0, 0, 0, 1, 0, 1], 'F': [1, 0, 1, 1, 1, 1, 1, 0, 0, 1]}, '橘园北侧南': {'A': [0, 0, 0, 0, 0, 1, 1, 0, 0, 1], 'B': [1, 1, 1, 1, 0, 1, 0, 1, 1, 1], 'C': [0, 1, 1, 1, 0, 1, 1, 1, 0, 1], 'D': [1, 1, 0, 1, 1, 1, 1, 0, 1, 0], 'E': [1, 1, 1, 0, 1, 1, 1, 1, 0, 1], 'F': [0, 0, 1, 0, 0, 0, 0, 0, 0, 0], 'G': [0, 0, 1, 1, 0, 0, 1, 0, 0, 0], 'H': [0, 1, 1, 1, 1, 1, 0, 0, 0, 0], 'I': [0, 1, 0, 0, 0, 0, 1, 0, 0, 0], 'J': [0, 0, 0, 0, 0, 0, 0, 0, 0, 1]}, '校医院西': {'A': [0, 1, 0, 1, 1, 0, 0, 1, 0, 1], 'B': [1, 1, 1, 0, 1, 0, 0, 1, 0, 1], 'C': [0, 1, 1, 0, 1, 0, 1, 1, 0, 1], 'D': [1, 1, 1, 1, 1, 0, 0, 0, 1, 1], 'E': [1, 0, 1, 1, 1, 1, 1, 0, 1, 1], 'F': [0, 0, 1, 1, 1, 1, 1, 1, 1, 1], 'G': [0, 0, 0, 0, 0, 1, 0, 0, 0, 0], 'H': [0, 0, 0, 0, 0, 0, 0, 0, 0, 0], 'I': [0, 0, 0, 0, 0, 0, 0, 1, 1, 0]}}
623899	2024-07-13 15:44:00.652000+08:00	2024-07-13 15:44:00.652000+08:00	{'东门北侧': {'A': [1, 1, 1, 1, 1, 0, 1, 0, 1, 1], 'B': [1, 1, 1, 1, 1, 1, 1, 1, 1, 1], 'C': [0, 1, 1, 0, 1, 0, 1, 0, 1, 0], 'D': [1, 1, 1, 1, 1, 0, 1, 1, 0, 0], 'E': [1, 1, 1, 1, 1, 1, 1, 1, 1, 1], 'F': [1, 1, 1, 1, 1, 1, 1, 1, 0, 1], 'G': [1, 1, 1, 1, 1, 1, 1, 1, 0, 0], 'H': [1, 1, 1, 1, 1, 0, 1, 1, 0, 0], 'I': [1, 0, 1, 1, 1, 1, 0, 1, 0, 1], 'J': [1, 1, 1, 1, 0, 1, 1, 1, 1, 1], 'K': [0, 0, 0, 1, 1, 1, 1, 1, 0, 1]}, '东门南侧': {'A': [0, 0, 0, 0, 0, 0, 1, 1, 1, 0], 'B': [0, 0, 0, 0, 0, 0, 0, 0, 0, 0]}, '西门北侧': {'A': [1, 1, 1, 1, 1, 1, 1, 0, 0, 1], 'B': [1, 1, 1, 1, 0, 1, 1, 0, 1, 0], 'C': [1, 1, 1, 1, 1, 1, 1, 1, 1, 0]}, '西门南侧': {'A': [1, 1, 1, 1, 1, 0, 0, 1, 1, 1], 'B': [1, 1, 1, 1, 1, 1, 1, 1, 1, 1], 'C': [1, 1, 0, 1, 0, 0, 1, 1, 1, 1]}, '南门西侧': {'A': [1, 1, 1, 1, 1, 1, 1, 1, 1, 1], 'B': [0, 0, 0, 0, 0, 0, 0, 0, 0, 0]}, '南门东侧': {'A': [1, 1, 0, 1, 1, 1, 1, 1, 1, 1], 'B': [0, 0, 1, 1, 1, 0, 1, 1, 1, 1]}, '北门东北侧': {'A': [1, 1, 1, 1, 1, 1, 1, 1, 1, 1], 'B': [0, 1, 0, 1, 1, 0, 0, 1, 0, 0], 'C': [0, 0, 1, 1, 1, 1, 0, 1, 1, 0], 'D': [0, 1, 1, 1, 1, 0, 1, 0, 0, 1]}, '北门东南侧': {'A': [0, 0, 1, 1, 1, 0, 1, 1, 1, 0], 'B': [0, 1, 1, 0, 0, 0, 1, 0, 1, 0], 'C': [1, 1, 0, 1, 0, 0, 0, 0, 0, 0], 'D': [0, 0, 0, 0, 0, 1, 0, 0, 0, 1], 'E': [0, 1, 0, 0, 0, 0, 0, 1, 0, 1], 'F': [1, 0, 1, 1, 1, 1, 1, 0, 0, 1]}, '橘园北侧南': {'A': [0, 0, 0, 0, 0, 1, 1, 0, 0, 1], 'B': [1, 1, 1, 1, 0, 1, 0, 1, 1, 1], 'C': [0, 1, 1, 1, 0, 1, 1, 1, 0, 1], 'D': [1, 1, 0, 1, 1, 1, 1, 0, 1, 0], 'E': [1, 1, 1, 0, 1, 1, 1, 1, 0, 1], 'F': [0, 0, 1, 0, 0, 0, 0, 0, 0, 0], 'G': [0, 0, 1, 1, 0, 0, 1, 0, 0, 0], 'H': [0, 1, 1, 1, 1, 1, 0, 0, 0, 0], 'I': [0, 1, 0, 0, 0, 0, 1, 0, 0, 0], 'J': [0, 0, 0, 0, 0, 0, 0, 0, 0, 1]}, '校医院西': {'A': [0, 1, 0, 1, 1, 0, 0, 1, 0, 1], 'B': [1, 1, 1, 0, 1, 0, 0, 1, 0, 1], 'C': [0, 1, 1, 0, 1, 0, 1, 1, 0, 1], 'D': [1, 1, 1, 1, 1, 0, 0, 0, 1, 1], 'E': [1, 0, 1, 1, 1, 1, 1, 0, 1, 1], 'F': [0, 0, 1, 1, 1, 1, 1, 1, 1, 1], 'G': [0, 0, 0, 0, 0, 1, 0, 0, 0, 0], 'H': [0, 0, 0, 0, 0, 0, 0, 0, 0, 0], 'I': [0, 0, 0, 0, 0, 0, 0, 1, 1, 0]}}
623900	2024-07-13 15:44:58.664000+08:00	2024-07-13 15:44:58.664000+08:00	{'东门北侧': {'A': [1, 1, 1, 1, 1, 0, 1, 0, 1, 1], 'B': [1, 1, 1, 1, 1, 1, 1, 1, 1, 1], 'C': [0, 1, 1, 0, 1, 0, 1, 0, 1, 0], 'D': [1, 1, 1, 1, 1, 0, 1, 1, 0, 0], 'E': [1, 1, 1, 1, 1, 1, 1, 1, 1, 1], 'F': [1, 1, 1, 1, 1, 1, 1, 1, 0, 1], 'G': [1, 1, 1, 1, 1, 1, 1, 1, 0, 0], 'H': [1, 1, 1, 1, 1, 0, 1, 1, 0, 0], 'I': [1, 0, 1, 1, 1, 1, 0, 1, 0, 1], 'J': [1, 1, 1, 1, 0, 1, 1, 1, 1, 1], 'K': [0, 0, 0, 1, 1, 1, 1, 1, 0, 1]}, '东门南侧': {'A': [0, 0, 0, 0, 0, 0, 1, 1, 1, 0], 'B': [0, 0, 0, 0, 0, 0, 0, 0, 0, 0]}, '西门北侧': {'A': [1, 1, 1, 1, 1, 1, 1, 0, 0, 1], 'B': [1, 1, 1, 1, 0, 1, 1, 0, 1, 0], 'C': [1, 1, 1, 1, 1, 1, 1, 1, 1, 0]}, '西门南侧': {'A': [1, 1, 1, 1, 1, 0, 0, 1, 1, 1], 'B': [1, 1, 1, 1, 1, 1, 1, 1, 1, 1], 'C': [1, 1, 0, 1, 0, 0, 1, 1, 1, 1]}, '南门西侧': {'A': [1, 1, 1, 1, 1, 1, 1, 1, 1, 1], 'B': [0, 0, 0, 0, 0, 0, 0, 0, 0, 0]}, '南门东侧': {'A': [1, 1, 0, 1, 1, 1, 1, 1, 1, 1], 'B': [0, 0, 1, 1, 1, 0, 1, 1, 1, 1]}, '北门东北侧': {'A': [1, 1, 1, 1, 1, 1, 1, 1, 1, 1], 'B': [0, 1, 0, 1, 1, 0, 0, 1, 0, 0], 'C': [0, 0, 1, 1, 1, 1, 0, 1, 1, 0], 'D': [0, 1, 1, 1, 1, 0, 1, 0, 0, 1]}, '北门东南侧': {'A': [0, 0, 1, 1, 1, 0, 1, 1, 1, 0], 'B': [0, 1, 1, 0, 0, 0, 1, 0, 1, 0], 'C': [1, 1, 0, 1, 0, 0, 0, 0, 0, 0], 'D': [0, 0, 0, 0, 0, 1, 0, 0, 0, 0], 'E': [0, 1, 0, 0, 0, 0, 0, 1, 0, 1], 'F': [1, 0, 1, 1, 1, 1, 1, 0, 0, 1]}, '橘园北侧南': {'A': [0, 0, 0, 0, 0, 1, 1, 0, 0, 1], 'B': [1, 1, 1, 1, 0, 1, 0, 1, 1, 1], 'C': [0, 1, 1, 1, 0, 1, 1, 1, 0, 1], 'D': [1, 1, 1, 1, 1, 1, 1, 0, 1, 0], 'E': [1, 1, 1, 0, 1, 1, 1, 1, 0, 1], 'F': [0, 0, 1, 0, 0, 0, 0, 0, 0, 0], 'G': [0, 0, 1, 1, 0, 0, 1, 0, 0, 0], 'H': [0, 1, 1, 1, 1, 1, 0, 0, 0, 0], 'I': [0, 1, 0, 0, 0, 0, 1, 0, 0, 0], 'J': [0, 0, 0, 0, 0, 0, 0, 0, 0, 1]}, '校医院西': {'A': [0, 1, 0, 1, 1, 0, 0, 1, 0, 1], 'B': [1, 1, 1, 0, 1, 0, 0, 1, 0, 1], 'C': [0, 1, 1, 0, 1, 0, 1, 1, 0, 1], 'D': [1, 1, 1, 1, 1, 0, 0, 0, 1, 1], 'E': [1, 0, 1, 1, 1, 1, 1, 0, 1, 1], 'F': [0, 0, 1, 1, 1, 1, 1, 1, 1, 1], 'G': [0, 0, 0, 0, 0, 1, 0, 0, 0, 0], 'H': [0, 0, 0, 0, 0, 0, 0, 0, 0, 0], 'I': [0, 0, 0, 0, 0, 0, 0, 1, 1, 0]}}
623901	2024-07-13 15:45:58.682000+08:00	2024-07-13 15:45:58.682000+08:00	{'东门北侧': {'A': [1, 1, 1, 1, 1, 0, 1, 0, 1, 1], 'B': [1, 1, 1, 1, 1, 1, 1, 1, 1, 1], 'C': [0, 1, 1, 0, 1, 0, 1, 0, 1, 0], 'D': [1, 1, 1, 1, 1, 0, 1, 1, 0, 0], 'E': [1, 1, 1, 1, 1, 1, 1, 1, 1, 1], 'F': [1, 1, 1, 1, 1, 1, 1, 1, 0, 1], 'G': [1, 1, 1, 1, 1, 1, 1, 1, 0, 0], 'H': [1, 1, 1, 1, 1, 0, 1, 1, 0, 0], 'I': [1, 0, 1, 1, 1, 1, 0, 1, 0, 1], 'J': [1, 1, 1, 1, 0, 1, 1, 1, 1, 1], 'K': [0, 0, 0, 1, 1, 1, 1, 1, 0, 1]}, '东门南侧': {'A': [0, 0, 0, 0, 0, 0, 1, 1, 1, 0], 'B': [0, 0, 0, 0, 0, 0, 0, 0, 0, 0]}, '西门北侧': {'A': [1, 1, 1, 1, 1, 1, 1, 0, 0, 1], 'B': [1, 1, 1, 1, 0, 1, 1, 0, 1, 0], 'C': [1, 1, 1, 1, 1, 1, 1, 1, 1, 0]}, '西门南侧': {'A': [1, 1, 1, 1, 1, 0, 0, 1, 1, 1], 'B': [1, 1, 1, 1, 1, 1, 1, 1, 1, 1], 'C': [1, 1, 0, 1, 0, 0, 1, 1, 1, 1]}, '南门西侧': {'A': [1, 1, 1, 1, 1, 1, 1, 1, 1, 1], 'B': [0, 0, 0, 0, 0, 0, 0, 0, 0, 0]}, '南门东侧': {'A': [1, 1, 0, 1, 1, 1, 1, 1, 1, 1], 'B': [0, 0, 1, 1, 1, 0, 1, 1, 1, 1]}, '北门东北侧': {'A': [1, 1, 1, 1, 1, 1, 1, 1, 1, 1], 'B': [0, 1, 0, 1, 1, 0, 0, 1, 0, 0], 'C': [0, 0, 0, 1, 1, 1, 0, 1, 1, 0], 'D': [0, 1, 1, 1, 1, 0, 1, 0, 0, 1]}, '北门东南侧': {'A': [0, 0, 1, 1, 1, 0, 1, 1, 1, 0], 'B': [0, 1, 1, 0, 0, 0, 1, 0, 1, 0], 'C': [1, 1, 0, 1, 0, 0, 0, 0, 0, 0], 'D': [0, 0, 0, 0, 0, 1, 0, 0, 0, 0], 'E': [0, 1, 0, 0, 0, 0, 0, 1, 0, 1], 'F': [1, 0, 1, 1, 1, 1, 1, 0, 0, 1]}, '橘园北侧南': {'A': [0, 0, 0, 0, 0, 1, 1, 0, 0, 1], 'B': [1, 1, 1, 1, 0, 1, 0, 1, 1, 1], 'C': [0, 1, 1, 1, 0, 1, 1, 1, 0, 1], 'D': [1, 1, 1, 1, 1, 1, 1, 0, 1, 0], 'E': [1, 1, 1, 0, 1, 1, 1, 1, 0, 1], 'F': [0, 0, 1, 0, 0, 0, 0, 0, 0, 0], 'G': [0, 0, 1, 1, 0, 0, 1, 0, 0, 0], 'H': [0, 1, 1, 1, 1, 1, 0, 0, 0, 0], 'I': [0, 1, 0, 0, 0, 0, 1, 0, 0, 0], 'J': [0, 0, 0, 0, 0, 0, 0, 0, 0, 1]}, '校医院西': {'A': [0, 1, 0, 1, 1, 0, 0, 1, 0, 1], 'B': [1, 1, 1, 0, 1, 0, 0, 1, 0, 1], 'C': [0, 1, 1, 0, 1, 0, 1, 1, 0, 1], 'D': [1, 1, 1, 1, 1, 0, 0, 0, 1, 1], 'E': [1, 0, 1, 1, 1, 1, 1, 0, 1, 1], 'F': [0, 0, 1, 1, 1, 1, 1, 1, 1, 1], 'G': [0, 0, 0, 0, 0, 1, 0, 0, 0, 0], 'H': [0, 0, 0, 0, 0, 0, 0, 0, 0, 0], 'I': [0, 0, 0, 0, 0, 0, 0, 1, 1, 0]}}
623902	2024-07-13 15:46:59.626000+08:00	2024-07-13 15:46:59.626000+08:00	{'东门北侧': {'A': [1, 1, 1, 1, 1, 0, 1, 0, 1, 1], 'B': [1, 1, 1, 1, 1, 1, 1, 1, 1, 1], 'C': [0, 1, 1, 0, 1, 0, 1, 0, 1, 0], 'D': [1, 1, 1, 1, 1, 0, 1, 1, 0, 0], 'E': [1, 1, 1, 1, 1, 1, 1, 1, 1, 1], 'F': [1, 1, 1, 1, 1, 1, 1, 1, 0, 1], 'G': [1, 1, 1, 1, 1, 1, 1, 1, 0, 0], 'H': [1, 1, 1, 1, 1, 0, 1, 1, 0, 0], 'I': [1, 0, 1, 1, 1, 1, 0, 1, 0, 1], 'J': [1, 1, 1, 1, 0, 1, 1, 1, 1, 1], 'K': [0, 0, 0, 1, 1, 1, 1, 1, 0, 1]}, '东门南侧': {'A': [0, 0, 0, 0, 0, 0, 1, 1, 1, 0], 'B': [0, 0, 0, 0, 0, 0, 0, 0, 0, 0]}, '西门北侧': {'A': [1, 1, 1, 1, 1, 1, 1, 0, 0, 1], 'B': [1, 1, 1, 1, 0, 1, 1, 0, 1, 0], 'C': [1, 1, 1, 1, 1, 1, 1, 1, 1, 0]}, '西门南侧': {'A': [1, 1, 1, 1, 1, 0, 0, 1, 1, 1], 'B': [1, 1, 1, 1, 1, 1, 1, 1, 1, 1], 'C': [1, 1, 0, 1, 0, 0, 1, 1, 1, 1]}, '南门西侧': {'A': [1, 1, 1, 1, 1, 1, 1, 1, 1, 1], 'B': [0, 0, 0, 0, 0, 0, 0, 0, 0, 0]}, '南门东侧': {'A': [1, 1, 0, 1, 1, 1, 1, 1, 1, 1], 'B': [0, 0, 1, 1, 1, 0, 1, 1, 1, 1]}, '北门东北侧': {'A': [1, 1, 1, 1, 1, 1, 1, 1, 1, 1], 'B': [0, 1, 0, 1, 1, 0, 0, 1, 0, 0], 'C': [0, 0, 0, 1, 1, 1, 0, 1, 1, 0], 'D': [0, 1, 1, 1, 1, 0, 1, 0, 0, 1]}, '北门东南侧': {'A': [0, 0, 1, 1, 1, 0, 1, 1, 1, 0], 'B': [0, 1, 1, 0, 0, 0, 1, 0, 1, 0], 'C': [1, 1, 0, 1, 0, 0, 0, 0, 0, 0], 'D': [0, 0, 0, 0, 0, 1, 0, 0, 0, 0], 'E': [0, 1, 0, 0, 0, 0, 0, 1, 0, 1], 'F': [1, 0, 1, 1, 1, 1, 1, 0, 0, 1]}, '橘园北侧南': {'A': [0, 0, 0, 0, 0, 1, 1, 0, 0, 1], 'B': [1, 1, 1, 1, 0, 1, 0, 1, 1, 1], 'C': [0, 1, 1, 1, 0, 1, 1, 0, 0, 1], 'D': [1, 1, 1, 1, 1, 1, 1, 0, 1, 0], 'E': [1, 1, 1, 0, 1, 1, 1, 1, 0, 1], 'F': [0, 0, 1, 0, 0, 0, 0, 0, 0, 0], 'G': [0, 0, 1, 1, 0, 0, 1, 0, 0, 0], 'H': [0, 1, 1, 1, 1, 1, 0, 0, 0, 0], 'I': [0, 1, 0, 0, 0, 0, 1, 0, 0, 0], 'J': [0, 0, 0, 0, 0, 0, 0, 0, 0, 1]}, '校医院西': {'A': [0, 1, 0, 1, 1, 0, 0, 1, 0, 1], 'B': [1, 1, 1, 0, 1, 0, 0, 1, 0, 1], 'C': [0, 1, 1, 0, 1, 0, 1, 1, 0, 1], 'D': [1, 1, 1, 1, 1, 0, 0, 0, 1, 1], 'E': [1, 1, 1, 1, 1, 1, 1, 0, 1, 1], 'F': [0, 0, 1, 1, 1, 1, 1, 1, 1, 1], 'G': [0, 0, 0, 0, 0, 1, 0, 0, 0, 0], 'H': [0, 0, 0, 0, 0, 0, 0, 0, 0, 0], 'I': [0, 0, 0, 0, 0, 0, 0, 1, 1, 0]}}
623903	2024-07-13 15:47:58.799000+08:00	2024-07-13 15:47:58.799000+08:00	{'东门北侧': {'A': [1, 1, 1, 1, 1, 0, 1, 0, 1, 1], 'B': [1, 1, 1, 1, 1, 1, 1, 1, 1, 1], 'C': [0, 1, 1, 0, 1, 0, 1, 0, 1, 0], 'D': [1, 1, 1, 1, 1, 0, 1, 1, 0, 0], 'E': [1, 1, 1, 1, 1, 1, 1, 1, 1, 1], 'F': [1, 1, 1, 1, 1, 1, 1, 1, 0, 1], 'G': [1, 1, 1, 1, 1, 1, 1, 1, 0, 0], 'H': [1, 1, 1, 1, 1, 0, 1, 1, 0, 0], 'I': [1, 0, 1, 1, 1, 1, 0, 1, 0, 1], 'J': [1, 1, 1, 1, 0, 1, 1, 1, 1, 1], 'K': [0, 0, 0, 1, 1, 1, 1, 1, 0, 1]}, '东门南侧': {'A': [0, 0, 0, 0, 0, 0, 1, 1, 1, 0], 'B': [0, 0, 0, 0, 0, 0, 0, 0, 0, 0]}, '西门北侧': {'A': [1, 1, 1, 1, 1, 1, 1, 0, 0, 1], 'B': [1, 1, 1, 1, 0, 1, 1, 0, 1, 0], 'C': [1, 1, 1, 1, 1, 1, 1, 1, 1, 0]}, '西门南侧': {'A': [1, 1, 1, 1, 1, 0, 0, 1, 1, 1], 'B': [1, 1, 1, 1, 1, 1, 1, 1, 1, 1], 'C': [1, 1, 0, 1, 0, 0, 1, 1, 1, 1]}, '南门西侧': {'A': [1, 1, 1, 1, 1, 1, 1, 1, 1, 1], 'B': [0, 0, 0, 0, 0, 0, 0, 0, 0, 0]}, '南门东侧': {'A': [1, 1, 0, 1, 1, 1, 1, 1, 1, 1], 'B': [0, 0, 1, 1, 1, 0, 1, 1, 1, 1]}, '北门东北侧': {'A': [1, 1, 1, 1, 1, 1, 1, 1, 1, 1], 'B': [0, 1, 0, 1, 1, 0, 0, 1, 0, 0], 'C': [0, 0, 0, 1, 1, 1, 0, 1, 1, 0], 'D': [0, 1, 1, 1, 1, 0, 1, 0, 0, 1]}, '北门东南侧': {'A': [0, 0, 1, 1, 1, 0, 1, 1, 1, 0], 'B': [0, 1, 1, 0, 0, 0, 1, 0, 1, 0], 'C': [1, 1, 0, 1, 0, 0, 0, 0, 0, 0], 'D': [0, 0, 0, 0, 0, 1, 0, 0, 0, 0], 'E': [0, 1, 0, 0, 0, 0, 0, 1, 0, 1], 'F': [1, 0, 1, 1, 1, 1, 1, 0, 0, 1]}, '橘园北侧南': {'A': [0, 0, 0, 0, 1, 1, 1, 0, 0, 1], 'B': [1, 1, 1, 1, 0, 1, 0, 1, 1, 1], 'C': [0, 1, 1, 1, 0, 1, 1, 0, 0, 1], 'D': [1, 1, 1, 1, 1, 1, 1, 0, 1, 0], 'E': [1, 1, 1, 0, 1, 1, 1, 1, 0, 1], 'F': [0, 0, 1, 0, 0, 0, 0, 0, 0, 0], 'G': [0, 0, 1, 1, 0, 0, 1, 0, 0, 0], 'H': [0, 1, 1, 1, 1, 1, 0, 0, 0, 0], 'I': [0, 1, 0, 0, 0, 0, 1, 0, 0, 0], 'J': [0, 0, 0, 0, 0, 0, 0, 0, 0, 1]}, '校医院西': {'A': [0, 1, 0, 1, 1, 0, 0, 1, 0, 1], 'B': [1, 1, 1, 0, 1, 0, 0, 1, 0, 1], 'C': [0, 1, 1, 0, 1, 0, 1, 1, 0, 1], 'D': [1, 1, 1, 1, 1, 0, 0, 0, 1, 1], 'E': [1, 1, 1, 1, 1, 1, 1, 0, 1, 1], 'F': [0, 0, 1, 1, 1, 1, 1, 1, 1, 1], 'G': [0, 0, 0, 0, 0, 1, 0, 0, 0, 0], 'H': [0, 0, 0, 0, 0, 0, 0, 0, 0, 0], 'I': [0, 0, 0, 0, 0, 0, 0, 1, 1, 0]}}
623904	2024-07-13 15:49:01.677000+08:00	2024-07-13 15:49:01.677000+08:00	{'东门北侧': {'A': [1, 1, 1, 1, 1, 0, 1, 0, 1, 1], 'B': [1, 1, 1, 1, 1, 1, 1, 1, 1, 1], 'C': [0, 1, 1, 0, 1, 0, 1, 0, 1, 0], 'D': [1, 1, 1, 1, 1, 0, 1, 1, 0, 0], 'E': [1, 1, 1, 1, 1, 1, 1, 1, 1, 1], 'F': [1, 1, 1, 1, 1, 1, 1, 1, 0, 1], 'G': [1, 1, 1, 1, 1, 1, 1, 1, 0, 0], 'H': [1, 1, 1, 1, 1, 0, 1, 1, 0, 0], 'I': [1, 0, 1, 1, 1, 1, 0, 1, 0, 1], 'J': [1, 1, 1, 1, 0, 1, 1, 1, 1, 1], 'K': [0, 0, 0, 1, 1, 1, 1, 1, 0, 1]}, '东门南侧': {'A': [0, 0, 0, 0, 0, 0, 1, 1, 1, 0], 'B': [0, 0, 0, 0, 0, 0, 0, 0, 0, 0]}, '西门北侧': {'A': [1, 1, 1, 1, 1, 1, 1, 0, 0, 1], 'B': [1, 1, 1, 1, 0, 1, 1, 0, 1, 0], 'C': [1, 1, 1, 1, 1, 1, 1, 1, 1, 0]}, '西门南侧': {'A': [1, 1, 1, 1, 1, 0, 0, 1, 1, 1], 'B': [1, 1, 1, 1, 1, 1, 1, 1, 1, 1], 'C': [1, 1, 0, 1, 0, 0, 1, 1, 0, 1]}, '南门西侧': {'A': [1, 1, 1, 1, 1, 1, 1, 1, 1, 1], 'B': [0, 0, 0, 0, 0, 0, 0, 0, 0, 0]}, '南门东侧': {'A': [1, 1, 0, 1, 1, 1, 1, 1, 1, 1], 'B': [0, 0, 1, 1, 1, 0, 1, 1, 1, 1]}, '北门东北侧': {'A': [1, 1, 1, 1, 1, 1, 1, 1, 1, 1], 'B': [0, 1, 0, 1, 1, 0, 0, 1, 0, 0], 'C': [0, 0, 0, 1, 1, 1, 0, 1, 1, 0], 'D': [0, 1, 0, 1, 1, 0, 1, 0, 0, 1]}, '北门东南侧': {'A': [0, 0, 1, 1, 1, 0, 1, 1, 1, 0], 'B': [0, 1, 1, 0, 0, 0, 1, 0, 1, 0], 'C': [1, 1, 0, 1, 0, 0, 0, 0, 0, 0], 'D': [0, 0, 0, 0, 0, 1, 0, 0, 0, 0], 'E': [0, 1, 0, 0, 0, 0, 0, 1, 0, 1], 'F': [1, 0, 1, 1, 1, 1, 1, 0, 0, 1]}, '橘园北侧南': {'A': [0, 0, 0, 0, 1, 1, 1, 0, 0, 1], 'B': [1, 1, 1, 1, 0, 1, 0, 1, 1, 1], 'C': [0, 1, 1, 1, 0, 1, 1, 0, 0, 1], 'D': [1, 1, 1, 1, 1, 1, 1, 0, 1, 0], 'E': [1, 1, 1, 0, 1, 1, 1, 1, 0, 1], 'F': [0, 0, 1, 0, 0, 0, 0, 0, 0, 0], 'G': [0, 0, 1, 1, 0, 0, 1, 0, 0, 0], 'H': [0, 1, 1, 1, 1, 1, 0, 0, 0, 0], 'I': [0, 1, 0, 0, 0, 0, 1, 0, 0, 0], 'J': [0, 0, 0, 0, 0, 0, 0, 0, 0, 1]}, '校医院西': {'A': [0, 1, 0, 1, 1, 0, 0, 1, 0, 1], 'B': [1, 1, 1, 0, 1, 0, 0, 1, 0, 1], 'C': [0, 1, 1, 0, 1, 0, 1, 1, 0, 1], 'D': [1, 1, 1, 1, 1, 0, 0, 0, 1, 1], 'E': [1, 1, 1, 1, 1, 1, 1, 0, 1, 1], 'F': [0, 0, 1, 1, 1, 1, 1, 1, 1, 1], 'G': [0, 0, 0, 0, 0, 1, 0, 0, 0, 0], 'H': [0, 0, 0, 0, 0, 0, 0, 0, 0, 0], 'I': [0, 0, 0, 0, 0, 0, 0, 1, 1, 0]}}
623905	2024-07-13 15:49:58.668000+08:00	2024-07-13 15:49:58.668000+08:00	{'东门北侧': {'A': [1, 1, 1, 1, 1, 0, 1, 0, 1, 1], 'B': [1, 1, 1, 1, 1, 1, 1, 1, 1, 1], 'C': [0, 1, 1, 0, 1, 0, 1, 0, 1, 0], 'D': [1, 1, 1, 1, 1, 0, 1, 1, 0, 0], 'E': [1, 1, 1, 1, 1, 1, 1, 1, 1, 1], 'F': [1, 1, 1, 1, 1, 1, 1, 1, 0, 1], 'G': [1, 1, 1, 1, 1, 1, 1, 1, 0, 0], 'H': [1, 1, 1, 1, 1, 0, 1, 1, 0, 0], 'I': [1, 0, 1, 1, 1, 1, 0, 1, 0, 1], 'J': [1, 1, 1, 1, 0, 1, 1, 1, 1, 1], 'K': [0, 0, 0, 1, 1, 1, 1, 1, 0, 1]}, '东门南侧': {'A': [0, 0, 0, 0, 0, 0, 1, 1, 1, 0], 'B': [0, 0, 0, 0, 0, 0, 0, 0, 0, 0]}, '西门北侧': {'A': [1, 1, 1, 1, 1, 1, 1, 0, 0, 1], 'B': [1, 1, 1, 1, 0, 1, 1, 0, 1, 0], 'C': [1, 1, 1, 1, 1, 1, 1, 1, 1, 0]}, '西门南侧': {'A': [1, 1, 1, 1, 1, 0, 0, 1, 1, 1], 'B': [1, 1, 1, 1, 1, 1, 1, 1, 1, 1], 'C': [1, 1, 0, 1, 0, 0, 1, 1, 0, 1]}, '南门西侧': {'A': [1, 1, 1, 1, 1, 1, 1, 1, 1, 1], 'B': [0, 0, 0, 0, 0, 0, 0, 0, 0, 0]}, '南门东侧': {'A': [1, 1, 0, 1, 1, 1, 1, 1, 1, 1], 'B': [0, 0, 1, 1, 1, 0, 1, 1, 1, 1]}, '北门东北侧': {'A': [1, 1, 1, 1, 1, 1, 1, 1, 1, 1], 'B': [0, 1, 0, 1, 1, 0, 0, 1, 0, 0], 'C': [0, 0, 0, 1, 1, 1, 0, 1, 1, 0], 'D': [0, 1, 0, 1, 1, 0, 1, 0, 0, 1]}, '北门东南侧': {'A': [0, 0, 1, 1, 1, 0, 1, 1, 1, 0], 'B': [0, 1, 1, 0, 0, 0, 1, 0, 1, 0], 'C': [1, 1, 0, 1, 0, 0, 0, 0, 0, 0], 'D': [0, 0, 0, 0, 0, 1, 0, 0, 0, 0], 'E': [0, 1, 0, 0, 0, 0, 0, 1, 0, 1], 'F': [1, 0, 1, 1, 1, 1, 1, 0, 0, 1]}, '橘园北侧南': {'A': [0, 0, 0, 0, 1, 1, 1, 0, 0, 1], 'B': [1, 1, 1, 1, 0, 1, 0, 1, 1, 1], 'C': [0, 1, 1, 1, 0, 1, 1, 0, 0, 1], 'D': [1, 1, 1, 1, 1, 1, 1, 0, 1, 0], 'E': [1, 1, 1, 0, 1, 1, 1, 1, 0, 1], 'F': [0, 0, 1, 0, 0, 0, 0, 0, 0, 0], 'G': [0, 0, 1, 1, 0, 0, 1, 0, 0, 0], 'H': [0, 1, 1, 1, 1, 1, 0, 0, 0, 0], 'I': [0, 1, 0, 0, 0, 0, 1, 0, 0, 0], 'J': [0, 0, 0, 0, 0, 0, 0, 0, 0, 1]}, '校医院西': {'A': [0, 1, 0, 1, 1, 0, 0, 1, 0, 1], 'B': [1, 1, 1, 0, 1, 0, 0, 1, 0, 1], 'C': [0, 1, 1, 0, 1, 0, 1, 1, 0, 1], 'D': [1, 1, 1, 1, 1, 0, 0, 0, 1, 1], 'E': [1, 1, 1, 1, 1, 1, 1, 0, 1, 1], 'F': [0, 0, 1, 1, 1, 1, 1, 1, 1, 1], 'G': [0, 0, 0, 0, 0, 1, 0, 0, 0, 0], 'H': [0, 0, 0, 0, 0, 0, 0, 0, 0, 0], 'I': [0, 0, 0, 0, 0, 0, 0, 1, 1, 0]}}
623906	2024-07-13 15:51:00.619000+08:00	2024-07-13 15:51:00.619000+08:00	{'东门北侧': {'A': [1, 1, 1, 1, 1, 0, 1, 0, 1, 1], 'B': [1, 1, 1, 1, 1, 1, 1, 1, 1, 1], 'C': [0, 1, 1, 0, 1, 0, 1, 0, 1, 0], 'D': [1, 1, 1, 1, 1, 0, 1, 1, 0, 0], 'E': [1, 1, 1, 1, 1, 1, 1, 1, 1, 1], 'F': [1, 1, 1, 1, 1, 1, 1, 1, 0, 1], 'G': [1, 1, 1, 1, 1, 1, 1, 1, 0, 0], 'H': [1, 1, 1, 1, 1, 0, 1, 1, 0, 0], 'I': [1, 0, 1, 1, 1, 1, 0, 1, 0, 1], 'J': [1, 1, 1, 1, 0, 1, 1, 1, 1, 1], 'K': [0, 0, 0, 1, 1, 1, 1, 1, 0, 1]}, '东门南侧': {'A': [0, 0, 0, 0, 0, 0, 1, 1, 1, 0], 'B': [0, 0, 0, 0, 0, 0, 0, 0, 0, 0]}, '西门北侧': {'A': [1, 1, 1, 1, 1, 1, 1, 0, 0, 1], 'B': [1, 1, 1, 1, 0, 1, 1, 0, 1, 0], 'C': [1, 1, 1, 1, 1, 1, 1, 1, 1, 0]}, '西门南侧': {'A': [1, 1, 1, 1, 1, 0, 0, 1, 1, 1], 'B': [1, 1, 1, 1, 1, 1, 1, 1, 1, 1], 'C': [1, 1, 0, 1, 0, 0, 1, 1, 0, 1]}, '南门西侧': {'A': [1, 1, 1, 1, 1, 1, 1, 1, 1, 1], 'B': [0, 0, 0, 0, 0, 0, 0, 0, 0, 0]}, '南门东侧': {'A': [1, 1, 0, 1, 1, 1, 1, 1, 1, 1], 'B': [0, 0, 1, 1, 1, 0, 1, 1, 1, 1]}, '北门东北侧': {'A': [1, 1, 1, 1, 1, 1, 1, 1, 1, 1], 'B': [0, 1, 0, 1, 1, 0, 0, 1, 0, 0], 'C': [0, 0, 0, 1, 1, 1, 0, 1, 1, 0], 'D': [0, 1, 0, 1, 1, 0, 1, 0, 0, 1]}, '北门东南侧': {'A': [0, 0, 1, 1, 1, 0, 1, 1, 1, 0], 'B': [0, 1, 1, 0, 0, 0, 1, 0, 1, 0], 'C': [1, 1, 0, 1, 0, 0, 0, 0, 0, 0], 'D': [0, 0, 0, 1, 0, 1, 0, 0, 0, 0], 'E': [0, 1, 0, 0, 0, 0, 0, 1, 0, 1], 'F': [1, 0, 1, 1, 1, 1, 1, 0, 0, 1]}, '橘园北侧南': {'A': [0, 0, 0, 0, 1, 1, 1, 0, 0, 1], 'B': [1, 1, 1, 1, 0, 1, 0, 1, 1, 1], 'C': [0, 1, 1, 1, 0, 1, 1, 0, 0, 1], 'D': [1, 1, 1, 1, 1, 1, 1, 0, 1, 0], 'E': [1, 1, 1, 0, 1, 1, 1, 1, 0, 1], 'F': [0, 0, 1, 0, 0, 0, 0, 0, 0, 0], 'G': [0, 0, 1, 1, 0, 0, 1, 0, 0, 0], 'H': [0, 1, 1, 1, 1, 1, 0, 0, 0, 0], 'I': [0, 1, 0, 0, 0, 0, 1, 0, 0, 0], 'J': [0, 0, 0, 0, 0, 0, 0, 0, 0, 1]}, '校医院西': {'A': [0, 1, 0, 1, 1, 0, 0, 1, 0, 1], 'B': [1, 1, 1, 0, 1, 0, 0, 1, 0, 1], 'C': [0, 1, 1, 0, 1, 0, 1, 1, 0, 1], 'D': [1, 1, 1, 1, 1, 0, 0, 0, 1, 1], 'E': [1, 1, 1, 1, 1, 1, 1, 0, 1, 1], 'F': [0, 0, 1, 1, 1, 1, 1, 1, 1, 1], 'G': [0, 0, 0, 0, 0, 1, 0, 0, 0, 0], 'H': [0, 0, 0, 0, 0, 0, 0, 0, 0, 0], 'I': [0, 0, 0, 0, 0, 0, 0, 1, 1, 0]}}
623907	2024-07-13 15:51:59.500000+08:00	2024-07-13 15:51:59.500000+08:00	{'东门北侧': {'A': [1, 1, 1, 1, 1, 0, 1, 0, 1, 1], 'B': [1, 1, 1, 1, 1, 1, 1, 1, 1, 1], 'C': [0, 1, 1, 0, 1, 0, 1, 0, 1, 0], 'D': [1, 1, 1, 1, 1, 0, 1, 1, 0, 0], 'E': [1, 1, 1, 1, 1, 1, 1, 1, 1, 1], 'F': [1, 1, 1, 1, 1, 1, 1, 1, 0, 1], 'G': [1, 1, 1, 1, 1, 1, 1, 1, 0, 0], 'H': [1, 1, 1, 1, 1, 0, 1, 1, 0, 0], 'I': [1, 0, 1, 1, 1, 1, 0, 1, 0, 1], 'J': [1, 1, 1, 1, 0, 1, 1, 1, 1, 1], 'K': [0, 0, 0, 1, 1, 1, 1, 1, 0, 1]}, '东门南侧': {'A': [0, 0, 0, 0, 0, 0, 1, 1, 1, 0], 'B': [0, 0, 0, 0, 0, 0, 0, 0, 0, 0]}, '西门北侧': {'A': [1, 1, 1, 1, 1, 1, 1, 0, 0, 1], 'B': [1, 1, 1, 1, 0, 1, 1, 0, 1, 0], 'C': [1, 1, 1, 1, 1, 1, 1, 1, 1, 0]}, '西门南侧': {'A': [1, 1, 1, 1, 1, 0, 0, 1, 1, 1], 'B': [1, 1, 1, 1, 1, 1, 1, 1, 1, 1], 'C': [1, 1, 0, 1, 0, 0, 1, 1, 0, 1]}, '南门西侧': {'A': [1, 1, 1, 1, 1, 1, 1, 1, 1, 1], 'B': [0, 0, 0, 0, 0, 0, 0, 0, 0, 0]}, '南门东侧': {'A': [1, 1, 0, 1, 1, 1, 1, 1, 1, 1], 'B': [0, 0, 1, 1, 1, 0, 1, 1, 1, 1]}, '北门东北侧': {'A': [1, 1, 1, 1, 1, 1, 1, 1, 1, 1], 'B': [0, 1, 0, 1, 1, 0, 0, 1, 0, 0], 'C': [0, 0, 0, 1, 1, 1, 0, 1, 1, 0], 'D': [0, 1, 0, 1, 1, 0, 1, 0, 0, 1]}, '北门东南侧': {'A': [0, 0, 1, 1, 1, 0, 1, 1, 1, 0], 'B': [0, 1, 1, 0, 0, 0, 1, 0, 1, 0], 'C': [1, 1, 0, 1, 0, 0, 0, 0, 0, 0], 'D': [0, 0, 0, 1, 0, 1, 0, 0, 0, 0], 'E': [0, 1, 0, 0, 0, 0, 0, 1, 0, 1], 'F': [1, 0, 1, 1, 1, 1, 1, 0, 0, 1]}, '橘园北侧南': {'A': [0, 0, 0, 0, 1, 1, 1, 0, 0, 1], 'B': [1, 1, 1, 1, 0, 1, 0, 1, 1, 1], 'C': [0, 1, 1, 1, 0, 1, 1, 0, 0, 1], 'D': [1, 1, 1, 1, 1, 1, 1, 0, 1, 0], 'E': [1, 1, 1, 0, 1, 1, 1, 1, 0, 1], 'F': [0, 0, 1, 0, 0, 0, 0, 0, 0, 0], 'G': [0, 0, 1, 1, 0, 0, 1, 0, 0, 0], 'H': [0, 1, 1, 1, 1, 1, 0, 0, 0, 0], 'I': [0, 1, 0, 0, 0, 0, 1, 0, 0, 0], 'J': [0, 0, 0, 0, 0, 0, 0, 0, 0, 1]}, '校医院西': {'A': [0, 1, 0, 1, 1, 0, 0, 1, 0, 1], 'B': [1, 1, 1, 0, 1, 0, 0, 1, 0, 1], 'C': [0, 1, 1, 0, 1, 0, 1, 1, 0, 1], 'D': [1, 1, 1, 1, 1, 0, 0, 0, 1, 1], 'E': [1, 1, 1, 1, 1, 1, 1, 0, 1, 1], 'F': [0, 0, 1, 1, 1, 1, 1, 1, 1, 1], 'G': [0, 0, 0, 0, 0, 1, 0, 0, 0, 0], 'H': [0, 0, 0, 0, 0, 0, 0, 0, 0, 0], 'I': [0, 0, 0, 0, 0, 0, 0, 1, 1, 0]}}
623908	2024-07-13 15:53:01.554000+08:00	2024-07-13 15:53:01.554000+08:00	{'东门北侧': {'A': [1, 1, 1, 1, 1, 0, 1, 0, 1, 1], 'B': [1, 1, 1, 1, 1, 1, 1, 1, 1, 1], 'C': [0, 1, 1, 0, 1, 0, 1, 0, 1, 0], 'D': [1, 1, 1, 1, 1, 0, 1, 1, 0, 0], 'E': [1, 1, 1, 1, 1, 1, 1, 1, 1, 1], 'F': [1, 1, 1, 1, 1, 1, 1, 1, 0, 1], 'G': [1, 1, 1, 1, 1, 1, 1, 1, 0, 0], 'H': [1, 1, 1, 1, 1, 0, 1, 1, 0, 0], 'I': [1, 0, 1, 1, 1, 1, 0, 1, 0, 1], 'J': [1, 1, 1, 1, 0, 1, 1, 1, 1, 1], 'K': [0, 0, 0, 1, 1, 1, 1, 1, 0, 1]}, '东门南侧': {'A': [0, 0, 0, 0, 0, 0, 1, 1, 1, 0], 'B': [0, 0, 0, 0, 0, 0, 0, 0, 0, 0]}, '西门北侧': {'A': [1, 1, 1, 1, 1, 1, 1, 0, 0, 1], 'B': [1, 1, 1, 1, 0, 1, 1, 0, 1, 0], 'C': [1, 1, 1, 1, 1, 1, 1, 1, 1, 0]}, '西门南侧': {'A': [1, 1, 1, 1, 1, 0, 0, 1, 1, 1], 'B': [1, 1, 1, 1, 1, 1, 1, 1, 1, 1], 'C': [1, 1, 0, 1, 0, 0, 1, 1, 0, 1]}, '南门西侧': {'A': [1, 1, 1, 1, 1, 1, 1, 1, 1, 1], 'B': [0, 0, 0, 0, 0, 0, 0, 0, 0, 0]}, '南门东侧': {'A': [1, 1, 0, 1, 1, 1, 1, 1, 1, 1], 'B': [0, 0, 1, 1, 1, 0, 1, 1, 1, 1]}, '北门东北侧': {'A': [1, 1, 1, 1, 1, 1, 1, 1, 1, 1], 'B': [0, 1, 0, 1, 1, 0, 0, 1, 0, 0], 'C': [0, 0, 0, 1, 1, 0, 0, 1, 1, 0], 'D': [0, 1, 0, 1, 1, 0, 1, 0, 0, 1]}, '北门东南侧': {'A': [0, 0, 1, 1, 1, 0, 1, 1, 1, 0], 'B': [0, 1, 1, 0, 0, 0, 1, 0, 1, 0], 'C': [1, 1, 0, 1, 0, 0, 0, 0, 0, 0], 'D': [0, 0, 0, 1, 0, 1, 0, 0, 0, 0], 'E': [0, 1, 0, 0, 0, 0, 0, 1, 0, 1], 'F': [1, 0, 1, 1, 1, 1, 1, 0, 0, 1]}, '橘园北侧南': {'A': [0, 0, 0, 0, 1, 1, 1, 0, 0, 1], 'B': [1, 1, 1, 1, 0, 1, 0, 1, 1, 1], 'C': [0, 1, 1, 1, 0, 1, 1, 0, 0, 1], 'D': [1, 1, 1, 1, 1, 1, 1, 0, 1, 0], 'E': [1, 1, 1, 0, 1, 1, 1, 1, 0, 1], 'F': [0, 0, 1, 0, 0, 0, 0, 0, 0, 0], 'G': [0, 0, 1, 1, 0, 0, 1, 0, 0, 0], 'H': [0, 1, 1, 1, 1, 1, 0, 0, 0, 0], 'I': [0, 1, 0, 0, 0, 0, 1, 0, 0, 0], 'J': [0, 0, 0, 0, 0, 0, 0, 0, 0, 1]}, '校医院西': {'A': [0, 1, 0, 1, 1, 0, 0, 1, 0, 1], 'B': [1, 1, 1, 0, 1, 0, 0, 1, 0, 1], 'C': [0, 1, 1, 0, 1, 0, 1, 1, 0, 1], 'D': [1, 1, 1, 1, 1, 0, 0, 0, 1, 1], 'E': [1, 1, 1, 1, 1, 1, 1, 0, 1, 1], 'F': [0, 0, 1, 1, 1, 1, 1, 1, 1, 1], 'G': [0, 0, 0, 0, 0, 1, 0, 0, 0, 0], 'H': [0, 0, 0, 0, 0, 0, 0, 0, 0, 0], 'I': [0, 0, 0, 0, 0, 0, 0, 1, 1, 0]}}
623909	2024-07-13 15:54:00.541000+08:00	2024-07-13 15:54:00.541000+08:00	{'东门北侧': {'A': [1, 1, 1, 1, 1, 0, 1, 0, 1, 1], 'B': [1, 1, 1, 1, 1, 1, 1, 1, 1, 1], 'C': [0, 1, 1, 0, 1, 0, 1, 0, 1, 0], 'D': [1, 1, 1, 1, 1, 0, 1, 1, 0, 0], 'E': [1, 1, 1, 1, 1, 1, 1, 1, 1, 1], 'F': [1, 1, 1, 1, 1, 1, 1, 1, 0, 1], 'G': [1, 1, 1, 1, 1, 1, 1, 1, 0, 0], 'H': [1, 1, 1, 1, 1, 0, 1, 1, 0, 0], 'I': [1, 0, 1, 1, 1, 1, 0, 1, 0, 1], 'J': [1, 1, 1, 1, 0, 1, 1, 1, 1, 1], 'K': [0, 0, 0, 1, 1, 1, 1, 1, 0, 1]}, '东门南侧': {'A': [0, 0, 0, 0, 0, 0, 1, 1, 1, 0], 'B': [0, 0, 0, 0, 0, 0, 0, 0, 0, 0]}, '西门北侧': {'A': [1, 1, 1, 1, 1, 1, 1, 0, 0, 1], 'B': [1, 1, 1, 1, 0, 1, 1, 0, 1, 0], 'C': [1, 1, 1, 1, 1, 1, 1, 1, 1, 0]}, '西门南侧': {'A': [1, 1, 1, 1, 1, 0, 0, 1, 1, 1], 'B': [1, 1, 1, 1, 1, 1, 1, 1, 1, 1], 'C': [1, 1, 0, 1, 0, 0, 1, 1, 0, 1]}, '南门西侧': {'A': [1, 1, 1, 1, 1, 1, 1, 1, 1, 1], 'B': [0, 0, 0, 0, 0, 0, 0, 0, 0, 0]}, '南门东侧': {'A': [1, 1, 0, 1, 1, 1, 1, 1, 1, 1], 'B': [0, 0, 1, 1, 1, 0, 1, 1, 1, 1]}, '北门东北侧': {'A': [1, 1, 1, 1, 1, 1, 1, 1, 1, 1], 'B': [0, 1, 0, 1, 1, 0, 0, 1, 0, 0], 'C': [0, 0, 0, 1, 1, 0, 0, 1, 1, 0], 'D': [0, 1, 0, 0, 1, 0, 1, 0, 0, 1]}, '北门东南侧': {'A': [0, 0, 1, 1, 1, 0, 1, 1, 1, 0], 'B': [0, 1, 1, 0, 0, 0, 1, 0, 1, 0], 'C': [1, 1, 0, 1, 0, 0, 0, 0, 0, 0], 'D': [0, 0, 0, 1, 0, 1, 0, 0, 0, 0], 'E': [0, 1, 0, 0, 0, 0, 0, 1, 0, 1], 'F': [1, 0, 1, 1, 1, 1, 1, 0, 0, 1]}, '橘园北侧南': {'A': [0, 0, 0, 0, 1, 1, 1, 0, 0, 1], 'B': [1, 1, 1, 1, 0, 1, 0, 1, 1, 1], 'C': [0, 1, 1, 1, 0, 1, 1, 0, 0, 1], 'D': [1, 1, 1, 1, 1, 1, 1, 0, 1, 0], 'E': [1, 1, 1, 0, 1, 1, 1, 1, 0, 1], 'F': [0, 0, 1, 0, 0, 0, 0, 0, 0, 0], 'G': [0, 0, 1, 1, 0, 0, 1, 0, 0, 0], 'H': [0, 1, 1, 1, 1, 1, 0, 0, 0, 0], 'I': [0, 1, 0, 0, 0, 0, 1, 0, 0, 0], 'J': [0, 0, 0, 0, 0, 0, 0, 0, 0, 1]}, '校医院西': {'A': [0, 1, 0, 1, 1, 0, 0, 1, 0, 1], 'B': [1, 1, 1, 0, 1, 0, 0, 1, 0, 1], 'C': [0, 1, 1, 0, 1, 0, 1, 1, 0, 1], 'D': [1, 1, 1, 1, 1, 0, 0, 0, 1, 1], 'E': [1, 1, 1, 1, 1, 1, 1, 0, 1, 1], 'F': [0, 0, 1, 1, 1, 1, 1, 1, 1, 1], 'G': [0, 0, 0, 0, 0, 1, 0, 0, 0, 0], 'H': [0, 0, 0, 0, 0, 0, 0, 0, 0, 0], 'I': [0, 0, 0, 0, 0, 0, 0, 1, 1, 0]}}
623910	2024-07-13 15:54:58.648000+08:00	2024-07-13 15:54:58.648000+08:00	{'东门北侧': {'A': [1, 1, 1, 1, 1, 0, 1, 0, 1, 1], 'B': [1, 1, 1, 1, 1, 1, 1, 1, 1, 1], 'C': [0, 1, 1, 0, 1, 0, 1, 0, 1, 0], 'D': [1, 1, 1, 1, 1, 0, 1, 1, 0, 0], 'E': [1, 1, 1, 1, 1, 1, 1, 1, 1, 1], 'F': [1, 1, 1, 1, 1, 1, 1, 1, 0, 1], 'G': [1, 1, 1, 1, 1, 1, 1, 1, 0, 0], 'H': [1, 1, 1, 1, 1, 0, 1, 1, 0, 0], 'I': [1, 0, 1, 1, 1, 1, 0, 1, 0, 1], 'J': [1, 1, 0, 1, 0, 1, 1, 1, 1, 1], 'K': [0, 0, 0, 1, 1, 1, 1, 1, 0, 1]}, '东门南侧': {'A': [0, 0, 0, 0, 0, 0, 1, 1, 1, 0], 'B': [0, 0, 0, 0, 0, 0, 0, 0, 0, 0]}, '西门北侧': {'A': [1, 1, 1, 1, 1, 1, 1, 0, 0, 1], 'B': [1, 1, 1, 1, 0, 1, 1, 0, 1, 0], 'C': [1, 1, 1, 1, 1, 1, 1, 1, 1, 0]}, '西门南侧': {'A': [1, 1, 1, 1, 1, 0, 0, 1, 1, 1], 'B': [1, 1, 1, 1, 1, 1, 1, 1, 1, 1], 'C': [1, 1, 0, 1, 0, 0, 1, 1, 0, 1]}, '南门西侧': {'A': [1, 1, 1, 1, 1, 1, 1, 1, 1, 1], 'B': [0, 0, 0, 0, 0, 0, 0, 0, 0, 0]}, '南门东侧': {'A': [1, 1, 0, 1, 1, 1, 1, 1, 1, 1], 'B': [0, 0, 1, 1, 1, 0, 1, 1, 1, 1]}, '北门东北侧': {'A': [1, 1, 1, 1, 1, 1, 1, 1, 1, 1], 'B': [0, 1, 0, 1, 1, 0, 0, 1, 0, 0], 'C': [0, 0, 0, 1, 1, 0, 0, 1, 1, 0], 'D': [0, 1, 0, 1, 1, 0, 1, 0, 0, 1]}, '北门东南侧': {'A': [0, 0, 1, 1, 1, 0, 1, 1, 1, 0], 'B': [0, 1, 1, 0, 0, 0, 1, 0, 1, 0], 'C': [1, 1, 0, 1, 0, 0, 0, 0, 0, 0], 'D': [0, 0, 0, 1, 0, 1, 0, 0, 0, 0], 'E': [0, 1, 0, 0, 0, 0, 0, 1, 0, 1], 'F': [1, 0, 1, 1, 1, 1, 1, 0, 0, 1]}, '橘园北侧南': {'A': [0, 0, 0, 0, 1, 1, 1, 0, 0, 1], 'B': [1, 1, 1, 1, 0, 1, 0, 1, 1, 1], 'C': [0, 1, 1, 1, 0, 1, 1, 0, 0, 1], 'D': [1, 1, 1, 1, 1, 1, 1, 0, 1, 0], 'E': [1, 1, 1, 0, 1, 1, 1, 1, 0, 1], 'F': [0, 0, 1, 0, 0, 0, 0, 0, 0, 0], 'G': [0, 0, 1, 1, 0, 0, 1, 0, 0, 0], 'H': [0, 1, 1, 1, 1, 1, 0, 0, 0, 0], 'I': [0, 1, 0, 0, 0, 0, 1, 0, 0, 0], 'J': [0, 0, 0, 0, 0, 0, 0, 0, 0, 1]}, '校医院西': {'A': [0, 1, 0, 1, 1, 0, 0, 1, 0, 1], 'B': [1, 1, 1, 0, 1, 0, 0, 1, 0, 1], 'C': [0, 1, 1, 0, 1, 0, 1, 1, 0, 1], 'D': [1, 1, 1, 1, 1, 0, 0, 0, 1, 1], 'E': [1, 1, 1, 1, 1, 1, 1, 0, 1, 1], 'F': [0, 0, 1, 1, 1, 1, 1, 1, 1, 1], 'G': [0, 0, 0, 0, 0, 1, 0, 0, 0, 0], 'H': [0, 0, 0, 0, 0, 0, 0, 0, 0, 0], 'I': [0, 0, 0, 0, 0, 0, 0, 1, 1, 0]}}
623911	2024-07-13 15:55:59.653000+08:00	2024-07-13 15:55:59.653000+08:00	{'东门北侧': {'A': [1, 1, 1, 1, 1, 0, 1, 0, 1, 1], 'B': [1, 1, 1, 1, 1, 1, 1, 1, 1, 1], 'C': [0, 1, 1, 0, 1, 0, 1, 0, 1, 0], 'D': [1, 1, 1, 1, 1, 0, 1, 1, 0, 0], 'E': [1, 1, 1, 1, 1, 1, 1, 1, 1, 1], 'F': [1, 1, 1, 1, 1, 1, 1, 1, 0, 1], 'G': [1, 1, 1, 1, 1, 1, 1, 1, 0, 0], 'H': [1, 1, 1, 1, 1, 0, 1, 1, 0, 0], 'I': [1, 0, 1, 1, 1, 1, 0, 1, 0, 1], 'J': [1, 1, 0, 1, 0, 1, 1, 1, 1, 1], 'K': [0, 0, 0, 1, 1, 1, 1, 1, 0, 1]}, '东门南侧': {'A': [0, 0, 0, 0, 0, 0, 1, 1, 1, 0], 'B': [0, 0, 0, 0, 0, 0, 0, 0, 0, 0]}, '西门北侧': {'A': [1, 1, 1, 1, 1, 1, 1, 0, 0, 1], 'B': [1, 1, 1, 1, 0, 1, 1, 0, 1, 0], 'C': [1, 1, 1, 1, 1, 1, 1, 1, 1, 0]}, '西门南侧': {'A': [1, 1, 1, 1, 1, 0, 0, 1, 1, 1], 'B': [1, 1, 1, 1, 1, 1, 1, 1, 1, 1], 'C': [1, 1, 0, 1, 0, 0, 1, 1, 0, 1]}, '南门西侧': {'A': [1, 1, 1, 1, 1, 1, 1, 1, 1, 1], 'B': [0, 0, 0, 0, 0, 0, 0, 0, 0, 0]}, '南门东侧': {'A': [1, 1, 0, 1, 1, 1, 1, 1, 1, 1], 'B': [0, 0, 1, 1, 1, 0, 1, 1, 1, 1]}, '北门东北侧': {'A': [1, 1, 1, 1, 1, 1, 1, 1, 1, 1], 'B': [0, 1, 0, 1, 1, 0, 0, 1, 0, 0], 'C': [0, 0, 0, 1, 1, 0, 0, 1, 1, 0], 'D': [0, 1, 0, 1, 1, 0, 1, 0, 0, 1]}, '北门东南侧': {'A': [0, 0, 1, 1, 1, 0, 1, 1, 1, 0], 'B': [0, 1, 1, 0, 0, 0, 1, 0, 1, 0], 'C': [1, 1, 0, 1, 0, 0, 0, 0, 0, 0], 'D': [0, 0, 0, 1, 0, 1, 0, 0, 0, 0], 'E': [1, 1, 0, 0, 0, 0, 0, 1, 0, 1], 'F': [1, 0, 1, 1, 1, 1, 1, 0, 0, 1]}, '橘园北侧南': {'A': [0, 0, 0, 0, 0, 1, 1, 0, 0, 1], 'B': [1, 1, 1, 1, 0, 1, 0, 1, 1, 1], 'C': [0, 1, 1, 1, 0, 1, 1, 0, 0, 1], 'D': [1, 1, 1, 1, 1, 1, 1, 0, 1, 0], 'E': [1, 1, 1, 0, 1, 1, 1, 1, 0, 1], 'F': [0, 0, 1, 0, 0, 0, 0, 0, 0, 0], 'G': [0, 0, 1, 1, 0, 0, 1, 0, 0, 0], 'H': [0, 1, 1, 1, 1, 1, 0, 0, 0, 0], 'I': [0, 1, 0, 0, 0, 0, 1, 0, 0, 0], 'J': [0, 0, 0, 0, 0, 0, 0, 0, 0, 1]}, '校医院西': {'A': [0, 1, 0, 1, 1, 0, 0, 1, 0, 1], 'B': [1, 1, 1, 0, 1, 0, 0, 1, 0, 1], 'C': [0, 1, 1, 0, 1, 0, 1, 1, 0, 1], 'D': [1, 1, 1, 1, 1, 0, 0, 0, 1, 1], 'E': [1, 1, 1, 1, 1, 1, 1, 0, 1, 1], 'F': [0, 0, 1, 1, 1, 1, 1, 1, 1, 1], 'G': [0, 0, 0, 0, 0, 1, 0, 0, 0, 0], 'H': [0, 0, 0, 0, 0, 0, 0, 0, 0, 0], 'I': [0, 0, 0, 0, 0, 0, 0, 1, 1, 0]}}
623912	2024-07-13 15:57:01.831000+08:00	2024-07-13 15:57:01.831000+08:00	{'东门北侧': {'A': [1, 1, 1, 1, 1, 0, 1, 0, 1, 1], 'B': [1, 1, 1, 1, 1, 1, 1, 1, 1, 1], 'C': [0, 1, 1, 0, 1, 0, 1, 0, 1, 0], 'D': [1, 1, 1, 1, 1, 0, 1, 1, 0, 0], 'E': [1, 1, 1, 1, 1, 1, 1, 1, 1, 1], 'F': [1, 1, 1, 1, 1, 1, 1, 1, 0, 1], 'G': [1, 1, 1, 1, 1, 1, 1, 1, 0, 0], 'H': [1, 1, 1, 1, 1, 0, 1, 1, 0, 0], 'I': [1, 0, 1, 1, 1, 1, 0, 1, 0, 1], 'J': [1, 1, 0, 1, 0, 1, 1, 1, 1, 1], 'K': [0, 0, 0, 1, 1, 1, 1, 1, 0, 1]}, '东门南侧': {'A': [0, 0, 0, 0, 0, 0, 1, 1, 1, 0], 'B': [0, 0, 0, 0, 0, 0, 0, 0, 0, 0]}, '西门北侧': {'A': [1, 1, 1, 1, 1, 1, 1, 0, 0, 1], 'B': [1, 1, 1, 1, 0, 1, 1, 0, 1, 0], 'C': [1, 1, 1, 1, 1, 1, 1, 1, 1, 0]}, '西门南侧': {'A': [1, 1, 1, 1, 1, 0, 0, 1, 1, 1], 'B': [1, 1, 1, 1, 1, 1, 1, 1, 1, 1], 'C': [1, 1, 0, 1, 0, 0, 1, 1, 0, 1]}, '南门西侧': {'A': [1, 1, 1, 1, 1, 1, 1, 1, 1, 1], 'B': [0, 0, 0, 0, 0, 0, 0, 0, 0, 0]}, '南门东侧': {'A': [1, 1, 0, 1, 1, 1, 1, 1, 1, 1], 'B': [0, 0, 1, 1, 1, 0, 1, 1, 1, 1]}, '北门东北侧': {'A': [1, 1, 1, 1, 1, 1, 1, 1, 1, 1], 'B': [0, 1, 0, 1, 1, 0, 0, 1, 0, 0], 'C': [0, 0, 0, 1, 1, 0, 0, 1, 1, 0], 'D': [0, 1, 0, 1, 1, 0, 1, 0, 0, 1]}, '北门东南侧': {'A': [0, 0, 1, 1, 1, 0, 1, 1, 1, 0], 'B': [0, 1, 1, 0, 0, 0, 1, 0, 1, 0], 'C': [1, 1, 0, 1, 0, 0, 0, 0, 0, 0], 'D': [0, 0, 0, 1, 0, 1, 0, 0, 0, 0], 'E': [1, 1, 0, 0, 0, 0, 0, 1, 0, 1], 'F': [1, 0, 1, 1, 1, 1, 1, 0, 0, 1]}, '橘园北侧南': {'A': [0, 0, 0, 0, 0, 1, 1, 0, 0, 1], 'B': [1, 1, 1, 1, 0, 1, 0, 1, 1, 1], 'C': [0, 1, 1, 1, 0, 1, 1, 0, 0, 1], 'D': [1, 1, 1, 1, 1, 1, 1, 0, 1, 0], 'E': [1, 1, 1, 0, 1, 1, 1, 1, 0, 1], 'F': [0, 0, 1, 0, 0, 0, 0, 0, 0, 0], 'G': [0, 0, 1, 1, 0, 0, 1, 0, 0, 0], 'H': [0, 1, 1, 1, 1, 1, 0, 0, 0, 0], 'I': [0, 1, 0, 0, 0, 0, 1, 0, 0, 0], 'J': [0, 0, 0, 0, 0, 0, 0, 0, 0, 1]}, '校医院西': {'A': [0, 1, 0, 1, 1, 0, 0, 1, 0, 1], 'B': [1, 1, 1, 0, 1, 0, 0, 1, 0, 1], 'C': [0, 1, 1, 0, 1, 0, 1, 1, 0, 1], 'D': [1, 1, 1, 1, 1, 0, 0, 0, 1, 1], 'E': [1, 1, 1, 1, 1, 1, 1, 0, 1, 1], 'F': [0, 0, 1, 1, 1, 1, 1, 1, 1, 1], 'G': [0, 0, 0, 0, 0, 1, 0, 0, 0, 0], 'H': [0, 0, 0, 0, 0, 0, 0, 0, 0, 0], 'I': [0, 0, 0, 0, 0, 0, 0, 1, 1, 0]}}
623913	2024-07-13 15:58:01.656000+08:00	2024-07-13 15:58:01.656000+08:00	{'东门北侧': {'A': [1, 1, 1, 1, 1, 0, 1, 0, 1, 1], 'B': [1, 1, 1, 1, 1, 1, 1, 1, 1, 1], 'C': [0, 1, 1, 0, 1, 0, 1, 0, 1, 0], 'D': [1, 1, 1, 1, 1, 0, 1, 1, 0, 0], 'E': [1, 1, 1, 1, 1, 1, 1, 1, 1, 1], 'F': [1, 1, 1, 1, 1, 1, 1, 1, 0, 1], 'G': [1, 1, 1, 1, 1, 1, 1, 1, 0, 0], 'H': [1, 1, 1, 1, 1, 0, 1, 1, 0, 0], 'I': [1, 0, 1, 1, 1, 1, 0, 1, 0, 1], 'J': [1, 1, 0, 1, 0, 1, 1, 1, 1, 1], 'K': [0, 0, 0, 1, 1, 1, 1, 1, 0, 1]}, '东门南侧': {'A': [0, 0, 0, 0, 0, 0, 1, 1, 1, 0], 'B': [0, 0, 0, 0, 0, 0, 0, 0, 0, 0]}, '西门北侧': {'A': [1, 1, 1, 1, 1, 1, 1, 0, 0, 1], 'B': [1, 1, 1, 1, 0, 1, 1, 0, 1, 0], 'C': [1, 1, 1, 1, 1, 1, 1, 1, 1, 0]}, '西门南侧': {'A': [1, 1, 1, 1, 1, 0, 0, 1, 1, 1], 'B': [1, 1, 1, 1, 1, 1, 1, 1, 1, 1], 'C': [1, 1, 0, 1, 0, 0, 1, 1, 0, 1]}, '南门西侧': {'A': [1, 1, 1, 1, 1, 1, 1, 1, 1, 1], 'B': [0, 0, 0, 0, 0, 0, 0, 0, 0, 0]}, '南门东侧': {'A': [1, 1, 0, 1, 1, 1, 1, 1, 1, 1], 'B': [0, 0, 1, 1, 1, 0, 1, 1, 1, 1]}, '北门东北侧': {'A': [1, 1, 1, 1, 1, 1, 1, 1, 1, 1], 'B': [0, 1, 0, 1, 1, 0, 0, 1, 0, 0], 'C': [0, 0, 0, 1, 1, 0, 0, 1, 1, 0], 'D': [0, 1, 0, 1, 1, 0, 1, 0, 0, 1]}, '北门东南侧': {'A': [0, 0, 1, 1, 1, 0, 1, 1, 1, 0], 'B': [0, 1, 1, 0, 0, 0, 1, 0, 1, 0], 'C': [1, 1, 0, 1, 0, 0, 0, 0, 0, 0], 'D': [0, 0, 0, 1, 0, 1, 0, 0, 0, 0], 'E': [1, 1, 0, 0, 0, 0, 0, 1, 0, 1], 'F': [1, 0, 1, 1, 1, 1, 1, 0, 0, 1]}, '橘园北侧南': {'A': [0, 0, 0, 0, 0, 1, 1, 0, 0, 1], 'B': [1, 1, 1, 1, 0, 1, 0, 1, 1, 1], 'C': [0, 1, 1, 1, 0, 1, 1, 0, 0, 1], 'D': [1, 1, 1, 1, 1, 1, 1, 0, 1, 0], 'E': [1, 1, 1, 0, 1, 1, 1, 1, 0, 1], 'F': [0, 0, 1, 0, 0, 0, 0, 0, 0, 0], 'G': [0, 0, 1, 1, 0, 0, 1, 0, 0, 0], 'H': [0, 1, 1, 1, 1, 1, 0, 0, 0, 0], 'I': [0, 1, 0, 0, 0, 0, 1, 0, 0, 0], 'J': [0, 0, 0, 0, 0, 0, 0, 0, 0, 1]}, '校医院西': {'A': [0, 1, 0, 1, 1, 0, 0, 1, 0, 1], 'B': [1, 1, 1, 0, 1, 0, 0, 1, 0, 1], 'C': [0, 1, 1, 0, 1, 0, 1, 1, 0, 1], 'D': [1, 1, 1, 1, 1, 0, 0, 0, 1, 1], 'E': [1, 1, 1, 1, 1, 1, 1, 0, 1, 1], 'F': [0, 0, 1, 1, 1, 1, 1, 1, 1, 1], 'G': [0, 0, 0, 0, 0, 1, 0, 0, 0, 0], 'H': [0, 0, 0, 0, 0, 0, 0, 0, 0, 0], 'I': [0, 0, 0, 0, 0, 0, 0, 1, 1, 0]}}
623914	2024-07-13 15:58:58.560000+08:00	2024-07-13 15:58:58.560000+08:00	{'东门北侧': {'A': [1, 1, 1, 1, 1, 0, 1, 0, 1, 1], 'B': [1, 1, 1, 1, 1, 1, 1, 1, 1, 1], 'C': [0, 1, 1, 0, 1, 0, 1, 0, 1, 0], 'D': [1, 1, 1, 1, 1, 0, 1, 1, 0, 0], 'E': [1, 1, 1, 1, 1, 1, 1, 1, 1, 1], 'F': [1, 1, 1, 1, 1, 1, 1, 1, 0, 1], 'G': [1, 1, 1, 1, 1, 1, 1, 1, 0, 0], 'H': [1, 1, 1, 1, 1, 0, 1, 1, 0, 0], 'I': [1, 0, 1, 1, 1, 1, 0, 1, 0, 1], 'J': [1, 1, 0, 1, 0, 1, 1, 1, 1, 1], 'K': [0, 0, 0, 1, 1, 1, 1, 1, 0, 1]}, '东门南侧': {'A': [0, 0, 0, 0, 0, 0, 1, 1, 1, 0], 'B': [0, 0, 0, 0, 0, 0, 0, 0, 0, 0]}, '西门北侧': {'A': [1, 1, 1, 1, 1, 1, 1, 0, 0, 1], 'B': [1, 1, 1, 1, 0, 1, 1, 0, 1, 0], 'C': [1, 1, 1, 1, 1, 1, 1, 1, 1, 0]}, '西门南侧': {'A': [1, 1, 1, 1, 1, 0, 0, 1, 1, 1], 'B': [1, 1, 1, 1, 1, 1, 1, 1, 1, 1], 'C': [1, 1, 0, 1, 0, 0, 1, 1, 0, 1]}, '南门西侧': {'A': [1, 1, 1, 1, 1, 1, 1, 1, 1, 1], 'B': [0, 0, 0, 0, 0, 0, 0, 0, 0, 0]}, '南门东侧': {'A': [1, 1, 0, 1, 1, 1, 1, 1, 1, 1], 'B': [0, 0, 1, 1, 1, 0, 1, 1, 1, 1]}, '北门东北侧': {'A': [1, 1, 1, 1, 1, 1, 1, 1, 1, 1], 'B': [0, 1, 0, 1, 1, 0, 0, 1, 0, 0], 'C': [0, 0, 0, 1, 1, 0, 0, 1, 1, 0], 'D': [0, 1, 0, 1, 1, 0, 1, 0, 0, 1]}, '北门东南侧': {'A': [0, 0, 1, 1, 1, 0, 1, 1, 1, 0], 'B': [0, 1, 1, 0, 0, 0, 1, 0, 1, 0], 'C': [1, 1, 0, 1, 0, 0, 0, 0, 0, 0], 'D': [0, 0, 0, 1, 0, 1, 0, 0, 0, 0], 'E': [1, 1, 0, 0, 0, 0, 0, 1, 0, 1], 'F': [1, 0, 1, 1, 1, 1, 1, 0, 0, 1]}, '橘园北侧南': {'A': [0, 0, 0, 0, 0, 1, 1, 0, 0, 1], 'B': [1, 1, 1, 1, 0, 1, 0, 1, 1, 1], 'C': [0, 1, 1, 1, 0, 1, 1, 0, 0, 1], 'D': [1, 1, 1, 1, 1, 1, 1, 0, 1, 0], 'E': [1, 1, 1, 0, 1, 1, 1, 1, 0, 1], 'F': [0, 0, 1, 0, 0, 0, 0, 0, 0, 0], 'G': [0, 0, 1, 1, 0, 0, 1, 0, 0, 0], 'H': [0, 1, 1, 1, 1, 1, 0, 0, 0, 0], 'I': [0, 1, 0, 0, 0, 0, 1, 0, 0, 0], 'J': [0, 0, 0, 0, 0, 0, 0, 0, 0, 1]}, '校医院西': {'A': [0, 1, 0, 1, 1, 0, 0, 1, 0, 1], 'B': [1, 1, 1, 0, 1, 0, 0, 1, 0, 1], 'C': [0, 1, 1, 0, 1, 0, 1, 1, 0, 1], 'D': [1, 1, 1, 1, 1, 0, 0, 0, 1, 1], 'E': [1, 1, 1, 1, 1, 1, 1, 0, 1, 1], 'F': [0, 0, 1, 1, 1, 1, 1, 1, 1, 1], 'G': [0, 0, 0, 0, 0, 1, 0, 0, 0, 0], 'H': [0, 0, 0, 0, 0, 0, 0, 0, 0, 0], 'I': [0, 0, 0, 0, 0, 0, 0, 1, 1, 0]}}
623915	2024-07-13 15:59:58.448000+08:00	2024-07-13 15:59:58.448000+08:00	{'东门北侧': {'A': [1, 1, 1, 1, 1, 0, 1, 0, 1, 1], 'B': [1, 1, 1, 1, 1, 1, 1, 1, 1, 1], 'C': [0, 1, 1, 0, 1, 0, 1, 0, 1, 0], 'D': [1, 1, 1, 1, 1, 0, 1, 1, 0, 0], 'E': [1, 1, 1, 1, 1, 1, 1, 1, 1, 1], 'F': [1, 1, 1, 1, 1, 1, 1, 1, 0, 1], 'G': [1, 1, 1, 1, 1, 1, 1, 1, 0, 0], 'H': [1, 1, 1, 1, 1, 0, 1, 1, 0, 0], 'I': [1, 0, 1, 1, 1, 1, 0, 1, 0, 1], 'J': [1, 1, 0, 1, 0, 1, 1, 1, 1, 1], 'K': [0, 0, 0, 1, 1, 1, 1, 1, 0, 1]}, '东门南侧': {'A': [0, 0, 0, 0, 0, 0, 1, 1, 1, 0], 'B': [0, 0, 0, 0, 0, 0, 0, 0, 0, 0]}, '西门北侧': {'A': [1, 1, 1, 1, 1, 1, 1, 0, 0, 1], 'B': [1, 1, 1, 1, 0, 1, 1, 0, 1, 0], 'C': [1, 1, 1, 1, 1, 1, 1, 1, 1, 0]}, '西门南侧': {'A': [1, 1, 1, 1, 1, 0, 0, 1, 1, 1], 'B': [1, 1, 1, 1, 1, 1, 1, 1, 1, 1], 'C': [1, 1, 0, 1, 0, 0, 1, 1, 0, 1]}, '南门西侧': {'A': [1, 1, 1, 1, 1, 1, 1, 1, 1, 1], 'B': [0, 0, 0, 0, 0, 0, 0, 0, 0, 0]}, '南门东侧': {'A': [1, 1, 0, 1, 1, 1, 1, 1, 1, 1], 'B': [0, 0, 1, 1, 1, 0, 1, 1, 1, 1]}, '北门东北侧': {'A': [1, 1, 1, 1, 1, 1, 1, 1, 1, 1], 'B': [0, 1, 0, 1, 1, 0, 0, 1, 0, 0], 'C': [0, 0, 0, 1, 1, 0, 0, 1, 1, 0], 'D': [0, 1, 0, 1, 1, 0, 1, 0, 0, 1]}, '北门东南侧': {'A': [0, 0, 1, 1, 1, 0, 1, 1, 1, 0], 'B': [0, 1, 1, 0, 0, 0, 1, 0, 1, 0], 'C': [1, 1, 0, 1, 0, 0, 0, 0, 0, 0], 'D': [0, 0, 0, 1, 0, 1, 0, 0, 0, 0], 'E': [1, 1, 0, 0, 0, 0, 0, 1, 0, 1], 'F': [1, 0, 1, 1, 1, 1, 1, 0, 0, 1]}, '橘园北侧南': {'A': [0, 0, 0, 0, 0, 1, 1, 0, 0, 1], 'B': [1, 1, 1, 1, 0, 1, 0, 1, 1, 1], 'C': [0, 1, 1, 1, 0, 1, 1, 0, 0, 1], 'D': [1, 1, 1, 1, 1, 1, 1, 0, 1, 0], 'E': [1, 1, 1, 0, 1, 1, 1, 1, 0, 1], 'F': [0, 0, 1, 0, 0, 0, 0, 0, 0, 0], 'G': [0, 0, 1, 1, 0, 0, 1, 0, 0, 0], 'H': [0, 1, 1, 1, 1, 1, 0, 0, 0, 0], 'I': [0, 1, 0, 0, 0, 0, 1, 0, 0, 0], 'J': [0, 0, 0, 0, 0, 0, 0, 0, 0, 1]}, '校医院西': {'A': [0, 1, 0, 1, 1, 0, 0, 1, 0, 1], 'B': [1, 1, 1, 0, 1, 0, 0, 1, 0, 1], 'C': [0, 1, 1, 0, 1, 0, 1, 1, 0, 1], 'D': [1, 1, 1, 1, 1, 0, 0, 0, 1, 1], 'E': [1, 1, 1, 1, 1, 1, 1, 0, 1, 1], 'F': [0, 0, 1, 1, 1, 1, 1, 1, 1, 1], 'G': [0, 0, 0, 0, 0, 1, 0, 0, 0, 0], 'H': [0, 0, 0, 0, 0, 0, 0, 0, 0, 0], 'I': [0, 0, 0, 0, 0, 0, 0, 0, 1, 0]}}
623916	2024-07-13 16:01:00.664000+08:00	2024-07-13 16:01:00.664000+08:00	{'东门北侧': {'A': [1, 1, 1, 1, 1, 0, 1, 0, 1, 1], 'B': [1, 1, 1, 1, 1, 1, 1, 1, 1, 1], 'C': [0, 1, 1, 0, 1, 0, 1, 0, 1, 0], 'D': [1, 1, 1, 1, 1, 0, 1, 1, 0, 0], 'E': [1, 1, 1, 1, 1, 1, 1, 1, 1, 1], 'F': [1, 1, 1, 1, 1, 1, 1, 1, 0, 1], 'G': [1, 1, 1, 1, 1, 1, 1, 1, 0, 0], 'H': [1, 1, 1, 1, 1, 0, 1, 1, 0, 0], 'I': [1, 0, 1, 1, 1, 1, 0, 1, 0, 1], 'J': [1, 1, 0, 1, 0, 1, 1, 1, 1, 1], 'K': [0, 0, 0, 1, 1, 1, 1, 1, 0, 1]}, '东门南侧': {'A': [0, 0, 0, 0, 0, 0, 1, 1, 1, 0], 'B': [0, 0, 0, 0, 0, 0, 0, 0, 0, 0]}, '西门北侧': {'A': [1, 1, 1, 1, 1, 1, 1, 0, 0, 1], 'B': [1, 1, 1, 1, 0, 1, 1, 0, 1, 0], 'C': [1, 1, 1, 1, 1, 1, 1, 1, 1, 0]}, '西门南侧': {'A': [1, 1, 1, 1, 1, 0, 0, 1, 1, 1], 'B': [1, 1, 1, 1, 1, 1, 1, 1, 1, 1], 'C': [1, 1, 0, 1, 0, 0, 1, 1, 0, 1]}, '南门西侧': {'A': [1, 1, 1, 1, 1, 1, 1, 1, 1, 1], 'B': [0, 0, 0, 0, 0, 0, 0, 0, 0, 0]}, '南门东侧': {'A': [1, 1, 0, 1, 1, 1, 1, 1, 1, 1], 'B': [0, 0, 1, 1, 1, 0, 1, 1, 1, 1]}, '北门东北侧': {'A': [1, 1, 1, 1, 1, 1, 1, 1, 1, 1], 'B': [0, 1, 0, 1, 1, 0, 0, 1, 0, 0], 'C': [0, 0, 0, 1, 1, 0, 0, 1, 1, 0], 'D': [0, 1, 0, 1, 1, 0, 1, 0, 0, 1]}, '北门东南侧': {'A': [0, 0, 1, 1, 1, 0, 1, 1, 1, 0], 'B': [0, 1, 1, 0, 0, 0, 1, 0, 1, 0], 'C': [1, 1, 0, 1, 0, 0, 0, 0, 0, 0], 'D': [0, 0, 0, 1, 0, 1, 0, 0, 0, 0], 'E': [1, 1, 0, 0, 0, 0, 0, 1, 0, 1], 'F': [1, 0, 1, 1, 1, 1, 1, 0, 0, 1]}, '橘园北侧南': {'A': [0, 0, 0, 0, 0, 1, 1, 0, 0, 1], 'B': [1, 1, 1, 1, 0, 1, 0, 1, 1, 1], 'C': [0, 1, 1, 1, 0, 1, 1, 0, 0, 1], 'D': [1, 1, 1, 1, 1, 1, 1, 0, 1, 0], 'E': [1, 1, 1, 0, 1, 1, 1, 1, 0, 1], 'F': [0, 0, 1, 0, 1, 0, 0, 0, 0, 0], 'G': [0, 0, 1, 1, 0, 0, 1, 1, 0, 0], 'H': [0, 1, 1, 1, 1, 1, 0, 0, 0, 0], 'I': [0, 1, 0, 0, 0, 0, 1, 0, 0, 0], 'J': [0, 0, 0, 0, 0, 0, 0, 0, 0, 1]}, '校医院西': {'A': [0, 1, 0, 1, 1, 0, 0, 1, 0, 1], 'B': [1, 1, 1, 0, 1, 0, 0, 1, 0, 1], 'C': [0, 1, 1, 0, 1, 0, 1, 1, 0, 1], 'D': [1, 1, 1, 1, 1, 0, 0, 0, 1, 1], 'E': [1, 1, 1, 1, 1, 1, 1, 0, 1, 1], 'F': [0, 0, 1, 1, 1, 1, 1, 1, 1, 1], 'G': [0, 0, 0, 0, 0, 1, 0, 0, 0, 0], 'H': [0, 0, 0, 0, 0, 0, 0, 0, 0, 0], 'I': [0, 0, 0, 0, 0, 0, 0, 0, 1, 0]}}
623917	2024-07-13 16:02:02.640000+08:00	2024-07-13 16:02:02.640000+08:00	{'东门北侧': {'A': [1, 1, 1, 1, 1, 0, 1, 0, 1, 1], 'B': [1, 1, 1, 1, 1, 1, 1, 1, 1, 1], 'C': [0, 1, 1, 0, 1, 0, 1, 0, 1, 0], 'D': [1, 1, 1, 1, 1, 0, 1, 1, 0, 0], 'E': [1, 1, 1, 1, 1, 1, 1, 1, 1, 1], 'F': [1, 1, 1, 1, 1, 1, 1, 1, 0, 1], 'G': [1, 1, 1, 1, 1, 1, 1, 1, 0, 0], 'H': [1, 1, 1, 1, 1, 0, 1, 1, 0, 0], 'I': [1, 0, 1, 1, 1, 1, 0, 1, 0, 1], 'J': [1, 1, 0, 1, 0, 1, 1, 1, 1, 1], 'K': [0, 0, 0, 1, 1, 1, 1, 1, 0, 1]}, '东门南侧': {'A': [0, 0, 0, 0, 0, 0, 1, 1, 1, 0], 'B': [0, 0, 0, 0, 0, 0, 0, 0, 0, 0]}, '西门北侧': {'A': [1, 1, 1, 1, 1, 1, 1, 0, 0, 1], 'B': [1, 1, 1, 1, 0, 1, 1, 0, 1, 0], 'C': [1, 1, 1, 1, 1, 1, 1, 1, 1, 0]}, '西门南侧': {'A': [1, 1, 1, 1, 1, 0, 0, 1, 1, 1], 'B': [1, 1, 1, 1, 1, 1, 1, 1, 1, 1], 'C': [1, 1, 0, 1, 0, 0, 1, 1, 0, 1]}, '南门西侧': {'A': [1, 1, 1, 1, 1, 1, 1, 1, 1, 1], 'B': [0, 0, 0, 0, 0, 0, 0, 0, 0, 0]}, '南门东侧': {'A': [1, 1, 0, 1, 1, 1, 1, 1, 1, 1], 'B': [0, 0, 1, 1, 1, 0, 1, 1, 1, 1]}, '北门东北侧': {'A': [1, 1, 1, 1, 1, 1, 1, 1, 1, 1], 'B': [0, 1, 0, 1, 1, 0, 0, 1, 0, 0], 'C': [0, 0, 0, 1, 1, 0, 0, 1, 1, 0], 'D': [0, 1, 0, 1, 1, 0, 1, 0, 0, 1]}, '北门东南侧': {'A': [0, 0, 1, 1, 1, 0, 1, 1, 1, 0], 'B': [0, 1, 1, 0, 0, 0, 1, 0, 1, 0], 'C': [1, 1, 0, 1, 0, 0, 0, 0, 0, 0], 'D': [0, 0, 0, 1, 0, 1, 0, 0, 0, 0], 'E': [1, 1, 0, 0, 0, 0, 0, 1, 0, 1], 'F': [1, 0, 1, 1, 1, 1, 1, 0, 0, 1]}, '橘园北侧南': {'A': [0, 0, 0, 0, 0, 1, 1, 0, 0, 1], 'B': [1, 1, 1, 1, 0, 1, 0, 1, 1, 1], 'C': [0, 1, 1, 1, 0, 1, 1, 0, 0, 1], 'D': [1, 1, 1, 1, 1, 1, 1, 0, 1, 0], 'E': [1, 1, 1, 0, 1, 1, 1, 1, 0, 1], 'F': [0, 0, 1, 0, 1, 0, 0, 0, 0, 0], 'G': [0, 0, 1, 1, 0, 0, 1, 1, 0, 0], 'H': [0, 1, 1, 1, 1, 1, 0, 0, 0, 0], 'I': [0, 1, 0, 0, 0, 0, 1, 0, 0, 0], 'J': [0, 0, 0, 0, 0, 0, 0, 0, 0, 1]}, '校医院西': {'A': [0, 1, 0, 1, 1, 0, 0, 1, 0, 1], 'B': [1, 1, 1, 0, 1, 0, 0, 1, 0, 1], 'C': [0, 1, 1, 0, 1, 0, 1, 1, 0, 1], 'D': [1, 1, 1, 1, 1, 0, 0, 0, 1, 1], 'E': [1, 1, 1, 1, 1, 1, 1, 0, 1, 1], 'F': [0, 0, 1, 1, 1, 1, 1, 1, 1, 1], 'G': [0, 0, 0, 0, 0, 1, 0, 0, 0, 0], 'H': [0, 0, 0, 0, 0, 0, 0, 0, 0, 0], 'I': [0, 0, 0, 0, 0, 0, 0, 0, 1, 0]}}
623918	2024-07-13 16:02:59.464000+08:00	2024-07-13 16:02:59.464000+08:00	{'东门北侧': {'A': [1, 1, 1, 1, 1, 0, 1, 0, 1, 1], 'B': [1, 1, 1, 1, 1, 1, 1, 1, 1, 1], 'C': [0, 1, 1, 0, 1, 0, 1, 0, 1, 0], 'D': [1, 1, 1, 1, 1, 0, 1, 1, 0, 0], 'E': [1, 1, 1, 1, 1, 1, 1, 1, 1, 1], 'F': [1, 1, 1, 1, 1, 1, 1, 1, 0, 1], 'G': [1, 1, 1, 1, 1, 1, 1, 1, 0, 0], 'H': [1, 1, 1, 1, 1, 0, 1, 1, 0, 0], 'I': [1, 0, 1, 1, 1, 1, 0, 1, 0, 1], 'J': [1, 1, 0, 1, 0, 1, 1, 1, 1, 1], 'K': [0, 0, 0, 1, 1, 1, 1, 1, 0, 1]}, '东门南侧': {'A': [0, 0, 0, 0, 0, 0, 1, 1, 1, 0], 'B': [0, 0, 0, 0, 0, 0, 0, 0, 0, 0]}, '西门北侧': {'A': [1, 1, 1, 1, 1, 1, 1, 0, 0, 1], 'B': [1, 1, 1, 1, 0, 1, 1, 0, 1, 0], 'C': [1, 1, 1, 1, 1, 1, 1, 1, 1, 0]}, '西门南侧': {'A': [1, 1, 1, 1, 1, 0, 0, 1, 1, 1], 'B': [1, 1, 1, 1, 1, 1, 1, 1, 1, 1], 'C': [1, 1, 0, 1, 0, 0, 1, 1, 0, 1]}, '南门西侧': {'A': [1, 1, 1, 1, 1, 1, 1, 1, 1, 1], 'B': [0, 0, 0, 0, 0, 0, 0, 0, 0, 0]}, '南门东侧': {'A': [1, 1, 0, 1, 1, 1, 1, 1, 1, 1], 'B': [0, 0, 1, 1, 1, 0, 1, 1, 1, 1]}, '北门东北侧': {'A': [1, 1, 1, 1, 1, 1, 1, 1, 1, 1], 'B': [0, 1, 0, 1, 1, 0, 0, 1, 0, 0], 'C': [0, 0, 0, 1, 1, 0, 0, 1, 1, 0], 'D': [0, 1, 0, 1, 1, 0, 1, 0, 0, 1]}, '北门东南侧': {'A': [0, 0, 1, 1, 1, 0, 1, 1, 1, 0], 'B': [0, 1, 1, 0, 0, 0, 1, 0, 1, 0], 'C': [1, 1, 0, 1, 0, 0, 0, 0, 0, 0], 'D': [0, 0, 0, 1, 0, 1, 0, 0, 0, 0], 'E': [1, 1, 0, 0, 0, 0, 0, 1, 0, 1], 'F': [1, 0, 1, 1, 1, 1, 1, 0, 0, 1]}, '橘园北侧南': {'A': [0, 0, 0, 0, 0, 1, 1, 0, 0, 1], 'B': [1, 1, 1, 1, 0, 1, 0, 1, 1, 1], 'C': [0, 1, 1, 1, 0, 1, 1, 0, 0, 1], 'D': [1, 1, 1, 1, 1, 1, 1, 0, 1, 0], 'E': [1, 1, 1, 0, 1, 1, 1, 1, 0, 1], 'F': [0, 0, 1, 0, 1, 0, 0, 0, 0, 0], 'G': [0, 0, 1, 1, 0, 0, 1, 1, 0, 0], 'H': [0, 1, 1, 1, 1, 1, 0, 0, 0, 0], 'I': [0, 1, 0, 0, 0, 0, 1, 0, 0, 0], 'J': [0, 0, 0, 0, 0, 0, 0, 0, 0, 1]}, '校医院西': {'A': [0, 1, 0, 1, 1, 0, 0, 1, 0, 1], 'B': [1, 1, 1, 0, 1, 0, 0, 1, 0, 1], 'C': [0, 1, 1, 0, 1, 0, 1, 1, 0, 1], 'D': [1, 1, 1, 1, 1, 0, 0, 0, 1, 1], 'E': [1, 1, 1, 1, 1, 1, 1, 0, 1, 1], 'F': [0, 0, 1, 1, 1, 1, 1, 1, 1, 1], 'G': [0, 0, 0, 0, 0, 1, 0, 0, 0, 0], 'H': [0, 0, 0, 0, 0, 0, 0, 0, 0, 0], 'I': [0, 0, 0, 0, 0, 0, 0, 0, 1, 0]}}
623919	2024-07-13 16:03:58.647000+08:00	2024-07-13 16:03:58.647000+08:00	{'东门北侧': {'A': [1, 1, 1, 1, 1, 0, 1, 0, 1, 1], 'B': [1, 1, 1, 1, 1, 1, 1, 1, 1, 1], 'C': [0, 1, 1, 0, 1, 0, 1, 0, 1, 0], 'D': [1, 1, 1, 1, 1, 0, 1, 1, 0, 0], 'E': [1, 1, 1, 1, 1, 1, 1, 1, 1, 1], 'F': [1, 1, 1, 1, 1, 1, 1, 1, 0, 1], 'G': [1, 1, 1, 1, 1, 1, 1, 1, 0, 0], 'H': [1, 1, 1, 1, 1, 0, 1, 1, 0, 0], 'I': [1, 0, 1, 1, 1, 1, 0, 1, 0, 1], 'J': [1, 1, 0, 1, 0, 1, 1, 1, 1, 1], 'K': [0, 0, 0, 1, 1, 1, 1, 1, 0, 1]}, '东门南侧': {'A': [0, 0, 0, 0, 0, 0, 1, 1, 1, 0], 'B': [0, 0, 0, 0, 0, 0, 0, 0, 0, 0]}, '西门北侧': {'A': [1, 1, 1, 1, 1, 1, 1, 0, 0, 0], 'B': [1, 1, 1, 1, 0, 1, 1, 0, 1, 0], 'C': [1, 1, 1, 1, 1, 1, 1, 1, 1, 0]}, '西门南侧': {'A': [1, 1, 1, 1, 1, 0, 0, 1, 1, 1], 'B': [1, 1, 1, 1, 1, 1, 1, 1, 1, 1], 'C': [1, 1, 0, 1, 0, 0, 1, 1, 0, 1]}, '南门西侧': {'A': [1, 1, 1, 1, 1, 1, 1, 1, 1, 1], 'B': [0, 0, 0, 0, 0, 0, 0, 0, 0, 0]}, '南门东侧': {'A': [1, 1, 0, 1, 1, 1, 1, 1, 1, 1], 'B': [0, 0, 1, 1, 1, 0, 1, 1, 1, 1]}, '北门东北侧': {'A': [1, 1, 1, 1, 1, 1, 1, 1, 1, 1], 'B': [0, 1, 0, 1, 1, 0, 0, 1, 0, 0], 'C': [0, 0, 0, 1, 1, 0, 0, 1, 1, 0], 'D': [0, 1, 0, 1, 1, 0, 1, 0, 0, 1]}, '北门东南侧': {'A': [0, 0, 1, 1, 1, 0, 1, 1, 1, 0], 'B': [0, 1, 1, 0, 0, 0, 1, 0, 1, 0], 'C': [1, 1, 0, 1, 0, 0, 0, 0, 0, 0], 'D': [0, 0, 0, 1, 0, 1, 0, 0, 0, 0], 'E': [1, 1, 0, 0, 0, 0, 0, 1, 0, 1], 'F': [1, 0, 1, 1, 1, 1, 1, 0, 0, 1]}, '橘园北侧南': {'A': [0, 0, 0, 0, 0, 1, 1, 0, 0, 1], 'B': [1, 1, 1, 1, 0, 1, 0, 1, 1, 1], 'C': [0, 1, 1, 1, 0, 1, 1, 0, 0, 1], 'D': [1, 1, 1, 1, 1, 1, 1, 0, 1, 0], 'E': [1, 1, 1, 0, 1, 1, 1, 1, 0, 1], 'F': [0, 0, 1, 0, 1, 0, 0, 0, 0, 0], 'G': [0, 0, 1, 1, 0, 0, 1, 1, 0, 0], 'H': [0, 1, 1, 1, 1, 1, 0, 0, 0, 0], 'I': [0, 1, 0, 0, 0, 0, 1, 0, 0, 0], 'J': [0, 0, 0, 0, 0, 0, 0, 0, 0, 1]}, '校医院西': {'A': [0, 1, 0, 1, 1, 0, 0, 1, 0, 1], 'B': [1, 1, 1, 0, 1, 0, 0, 1, 0, 1], 'C': [0, 1, 1, 0, 1, 0, 1, 1, 0, 1], 'D': [1, 1, 1, 1, 1, 0, 0, 0, 1, 1], 'E': [1, 1, 1, 1, 1, 1, 1, 0, 1, 1], 'F': [0, 0, 1, 1, 1, 1, 1, 1, 1, 1], 'G': [0, 0, 0, 0, 0, 1, 0, 0, 0, 0], 'H': [0, 0, 0, 0, 0, 0, 0, 0, 0, 0], 'I': [0, 0, 0, 0, 0, 0, 0, 0, 1, 0]}}
623920	2024-07-13 16:05:01.442000+08:00	2024-07-13 16:05:01.442000+08:00	{'东门北侧': {'A': [1, 1, 1, 1, 1, 0, 1, 0, 1, 1], 'B': [1, 1, 1, 1, 1, 1, 1, 1, 1, 1], 'C': [0, 1, 1, 0, 1, 0, 1, 0, 1, 0], 'D': [1, 1, 1, 1, 1, 0, 1, 1, 0, 0], 'E': [1, 1, 1, 1, 1, 1, 1, 1, 1, 1], 'F': [1, 1, 1, 1, 1, 1, 1, 1, 0, 1], 'G': [1, 1, 1, 1, 1, 1, 1, 1, 0, 0], 'H': [1, 1, 1, 1, 1, 0, 1, 1, 0, 0], 'I': [1, 0, 1, 1, 1, 1, 0, 1, 0, 1], 'J': [1, 1, 0, 1, 0, 1, 1, 1, 1, 1], 'K': [0, 0, 0, 1, 1, 1, 1, 1, 0, 1]}, '东门南侧': {'A': [0, 0, 0, 0, 0, 0, 1, 1, 1, 0], 'B': [0, 0, 0, 0, 0, 0, 0, 0, 0, 0]}, '西门北侧': {'A': [1, 1, 1, 1, 1, 1, 1, 0, 0, 0], 'B': [1, 1, 1, 1, 0, 1, 1, 0, 1, 0], 'C': [1, 1, 1, 1, 1, 1, 1, 1, 1, 0]}, '西门南侧': {'A': [1, 1, 1, 1, 1, 0, 0, 1, 1, 1], 'B': [1, 1, 1, 1, 1, 1, 1, 1, 1, 1], 'C': [1, 1, 0, 1, 0, 0, 1, 1, 0, 1]}, '南门西侧': {'A': [1, 1, 1, 1, 1, 1, 1, 1, 1, 1], 'B': [0, 0, 0, 0, 0, 0, 0, 0, 0, 0]}, '南门东侧': {'A': [1, 1, 0, 1, 1, 1, 1, 1, 1, 1], 'B': [0, 0, 1, 1, 1, 0, 1, 1, 1, 1]}, '北门东北侧': {'A': [1, 1, 1, 1, 1, 1, 1, 1, 1, 1], 'B': [0, 1, 0, 1, 1, 0, 0, 1, 0, 0], 'C': [0, 0, 0, 1, 1, 0, 0, 1, 1, 0], 'D': [0, 1, 0, 1, 1, 0, 1, 0, 0, 1]}, '北门东南侧': {'A': [0, 0, 1, 1, 1, 0, 1, 1, 1, 0], 'B': [0, 1, 1, 0, 0, 0, 1, 0, 1, 0], 'C': [1, 1, 0, 1, 0, 0, 0, 0, 0, 0], 'D': [0, 0, 0, 1, 0, 1, 0, 0, 0, 0], 'E': [1, 1, 0, 0, 0, 0, 0, 1, 0, 1], 'F': [1, 0, 1, 1, 1, 1, 1, 0, 0, 1]}, '橘园北侧南': {'A': [0, 0, 0, 0, 0, 1, 1, 0, 0, 1], 'B': [1, 1, 1, 1, 0, 1, 0, 1, 1, 1], 'C': [0, 1, 1, 1, 0, 1, 1, 0, 0, 1], 'D': [1, 1, 1, 1, 1, 1, 1, 0, 1, 0], 'E': [1, 1, 1, 0, 1, 1, 1, 1, 0, 1], 'F': [0, 0, 1, 0, 1, 0, 0, 0, 0, 0], 'G': [0, 0, 1, 1, 0, 0, 1, 1, 0, 0], 'H': [0, 1, 1, 1, 1, 1, 0, 0, 0, 0], 'I': [0, 1, 0, 0, 0, 0, 1, 0, 0, 0], 'J': [0, 0, 0, 0, 0, 0, 0, 0, 0, 1]}, '校医院西': {'A': [0, 1, 0, 1, 1, 0, 0, 1, 0, 1], 'B': [1, 1, 1, 0, 1, 0, 0, 1, 0, 1], 'C': [0, 1, 1, 0, 1, 0, 1, 1, 0, 1], 'D': [1, 1, 1, 1, 1, 0, 0, 0, 1, 1], 'E': [1, 1, 1, 1, 1, 1, 1, 0, 1, 1], 'F': [0, 0, 1, 1, 1, 1, 1, 1, 1, 1], 'G': [0, 0, 0, 0, 0, 1, 0, 0, 0, 0], 'H': [0, 0, 0, 0, 0, 0, 0, 0, 0, 0], 'I': [0, 0, 0, 0, 0, 0, 0, 0, 1, 0]}}
623921	2024-07-13 16:06:00.475000+08:00	2024-07-13 16:06:00.475000+08:00	{'东门北侧': {'A': [1, 1, 1, 1, 1, 0, 1, 0, 1, 1], 'B': [1, 1, 1, 1, 1, 1, 1, 1, 1, 1], 'C': [0, 1, 1, 0, 1, 0, 1, 0, 1, 0], 'D': [1, 1, 1, 1, 1, 0, 1, 1, 0, 0], 'E': [1, 1, 1, 1, 1, 1, 1, 1, 1, 1], 'F': [1, 1, 1, 1, 1, 1, 1, 1, 0, 1], 'G': [1, 1, 1, 1, 1, 1, 1, 1, 0, 0], 'H': [1, 1, 1, 1, 1, 0, 1, 1, 0, 0], 'I': [1, 0, 1, 1, 1, 1, 0, 1, 0, 1], 'J': [1, 1, 0, 1, 0, 1, 1, 1, 1, 1], 'K': [0, 0, 0, 1, 1, 1, 1, 1, 0, 1]}, '东门南侧': {'A': [0, 0, 0, 0, 0, 0, 1, 1, 1, 0], 'B': [0, 0, 0, 0, 0, 0, 0, 0, 0, 0]}, '西门北侧': {'A': [1, 1, 1, 1, 1, 1, 1, 0, 0, 0], 'B': [1, 1, 1, 1, 0, 1, 1, 0, 1, 0], 'C': [1, 1, 1, 1, 1, 1, 1, 1, 1, 0]}, '西门南侧': {'A': [1, 1, 1, 1, 1, 0, 0, 1, 1, 1], 'B': [1, 1, 1, 1, 1, 1, 1, 1, 1, 1], 'C': [1, 1, 0, 1, 0, 0, 1, 1, 0, 1]}, '南门西侧': {'A': [1, 1, 1, 1, 1, 1, 1, 1, 1, 1], 'B': [0, 0, 0, 0, 0, 0, 0, 0, 0, 0]}, '南门东侧': {'A': [1, 1, 0, 1, 1, 1, 1, 1, 1, 1], 'B': [0, 0, 1, 1, 1, 0, 1, 1, 1, 1]}, '北门东北侧': {'A': [1, 1, 1, 1, 1, 1, 1, 1, 1, 1], 'B': [0, 1, 0, 1, 1, 0, 0, 1, 0, 0], 'C': [0, 0, 0, 1, 1, 0, 0, 1, 1, 0], 'D': [0, 1, 0, 1, 1, 0, 1, 0, 0, 1]}, '北门东南侧': {'A': [0, 0, 1, 1, 1, 0, 1, 1, 1, 0], 'B': [0, 1, 1, 0, 0, 0, 1, 0, 1, 0], 'C': [1, 1, 0, 1, 0, 0, 0, 0, 0, 0], 'D': [0, 0, 0, 1, 0, 1, 0, 0, 0, 0], 'E': [1, 1, 0, 0, 0, 0, 0, 1, 0, 0], 'F': [1, 0, 1, 1, 1, 1, 1, 0, 0, 1]}, '橘园北侧南': {'A': [0, 0, 0, 0, 0, 1, 1, 0, 0, 1], 'B': [1, 1, 1, 1, 0, 1, 0, 1, 1, 1], 'C': [0, 1, 1, 1, 0, 1, 1, 0, 0, 1], 'D': [1, 1, 1, 1, 1, 1, 1, 0, 1, 0], 'E': [1, 1, 1, 0, 1, 1, 1, 1, 0, 1], 'F': [0, 0, 1, 0, 1, 0, 0, 0, 0, 0], 'G': [0, 0, 1, 1, 0, 0, 1, 1, 0, 0], 'H': [0, 1, 1, 1, 1, 1, 0, 0, 0, 0], 'I': [0, 1, 0, 0, 0, 0, 1, 0, 0, 0], 'J': [0, 0, 0, 0, 0, 0, 0, 0, 0, 1]}, '校医院西': {'A': [0, 1, 0, 1, 1, 0, 0, 1, 0, 1], 'B': [1, 1, 1, 0, 1, 0, 0, 1, 0, 1], 'C': [0, 1, 1, 0, 1, 0, 1, 1, 0, 1], 'D': [1, 1, 1, 1, 1, 0, 0, 0, 1, 1], 'E': [1, 1, 1, 1, 1, 1, 1, 0, 1, 1], 'F': [0, 0, 1, 1, 1, 1, 1, 1, 1, 1], 'G': [0, 0, 0, 0, 0, 1, 0, 0, 0, 0], 'H': [0, 0, 0, 0, 0, 0, 0, 0, 0, 0], 'I': [0, 0, 0, 0, 0, 0, 0, 0, 1, 0]}}
623922	2024-07-13 16:06:59.578000+08:00	2024-07-13 16:06:59.578000+08:00	{'东门北侧': {'A': [1, 1, 1, 1, 1, 0, 1, 0, 1, 1], 'B': [1, 1, 1, 1, 1, 1, 1, 1, 1, 1], 'C': [0, 1, 1, 0, 1, 0, 1, 0, 1, 0], 'D': [1, 1, 1, 1, 1, 0, 1, 1, 0, 0], 'E': [1, 1, 1, 1, 1, 1, 1, 1, 1, 1], 'F': [1, 1, 1, 1, 1, 1, 1, 1, 0, 1], 'G': [1, 1, 1, 1, 1, 1, 1, 1, 0, 0], 'H': [1, 1, 1, 1, 1, 0, 1, 1, 0, 0], 'I': [1, 0, 1, 1, 1, 1, 0, 1, 0, 1], 'J': [1, 1, 0, 1, 0, 1, 1, 1, 1, 1], 'K': [0, 0, 0, 1, 1, 1, 1, 1, 0, 1]}, '东门南侧': {'A': [0, 0, 0, 0, 0, 0, 1, 1, 1, 0], 'B': [0, 0, 0, 0, 0, 0, 0, 0, 0, 0]}, '西门北侧': {'A': [1, 1, 1, 1, 1, 1, 1, 0, 0, 0], 'B': [1, 1, 1, 1, 0, 1, 1, 0, 1, 0], 'C': [1, 1, 1, 1, 1, 1, 1, 1, 1, 0]}, '西门南侧': {'A': [1, 1, 1, 1, 1, 0, 0, 1, 1, 1], 'B': [1, 1, 1, 1, 1, 1, 1, 1, 1, 1], 'C': [1, 1, 0, 1, 0, 0, 1, 1, 0, 1]}, '南门西侧': {'A': [1, 1, 1, 1, 1, 1, 1, 1, 1, 1], 'B': [0, 0, 0, 0, 0, 0, 0, 0, 0, 0]}, '南门东侧': {'A': [1, 1, 0, 1, 1, 1, 1, 1, 1, 1], 'B': [0, 0, 1, 1, 1, 0, 1, 1, 1, 1]}, '北门东北侧': {'A': [1, 1, 1, 1, 1, 1, 1, 1, 1, 1], 'B': [0, 1, 0, 1, 1, 0, 0, 1, 0, 0], 'C': [0, 0, 0, 1, 1, 0, 0, 1, 1, 0], 'D': [0, 1, 0, 1, 1, 0, 1, 0, 0, 1]}, '北门东南侧': {'A': [0, 0, 1, 1, 1, 0, 1, 1, 1, 0], 'B': [0, 1, 1, 0, 0, 0, 1, 0, 1, 0], 'C': [1, 1, 0, 1, 0, 0, 0, 0, 0, 0], 'D': [0, 0, 0, 1, 0, 1, 0, 0, 0, 0], 'E': [1, 1, 0, 0, 0, 0, 0, 1, 0, 0], 'F': [1, 0, 1, 1, 1, 1, 1, 0, 0, 1]}, '橘园北侧南': {'A': [0, 0, 0, 0, 0, 1, 1, 0, 0, 1], 'B': [1, 1, 1, 1, 0, 1, 0, 1, 1, 1], 'C': [0, 1, 1, 1, 0, 1, 1, 0, 0, 1], 'D': [1, 1, 1, 1, 1, 1, 1, 0, 1, 0], 'E': [1, 1, 1, 0, 1, 1, 1, 1, 0, 1], 'F': [0, 0, 1, 0, 1, 0, 0, 0, 0, 0], 'G': [0, 0, 1, 1, 0, 0, 1, 1, 0, 0], 'H': [0, 1, 1, 1, 1, 1, 0, 0, 0, 0], 'I': [0, 1, 0, 0, 0, 0, 1, 0, 0, 0], 'J': [0, 0, 0, 0, 0, 0, 0, 0, 0, 1]}, '校医院西': {'A': [0, 1, 0, 1, 1, 0, 0, 1, 0, 1], 'B': [1, 1, 1, 0, 1, 0, 0, 1, 0, 1], 'C': [0, 1, 1, 0, 1, 0, 1, 1, 0, 1], 'D': [1, 1, 1, 1, 1, 0, 0, 0, 1, 1], 'E': [1, 1, 1, 1, 1, 1, 1, 0, 1, 1], 'F': [0, 0, 1, 1, 1, 1, 1, 1, 1, 1], 'G': [0, 0, 0, 0, 0, 1, 0, 0, 0, 0], 'H': [0, 0, 0, 0, 0, 0, 0, 0, 0, 0], 'I': [0, 0, 0, 0, 0, 0, 0, 0, 1, 0]}}
623923	2024-07-13 16:07:59.634000+08:00	2024-07-13 16:07:59.634000+08:00	{'东门北侧': {'A': [1, 1, 1, 1, 1, 0, 1, 0, 1, 1], 'B': [1, 1, 1, 1, 1, 1, 1, 1, 1, 1], 'C': [0, 1, 1, 0, 1, 0, 1, 0, 1, 0], 'D': [1, 1, 1, 1, 1, 0, 1, 1, 0, 0], 'E': [1, 1, 1, 1, 1, 1, 1, 1, 1, 1], 'F': [1, 1, 1, 1, 1, 1, 1, 1, 0, 1], 'G': [1, 1, 1, 1, 1, 1, 1, 1, 0, 0], 'H': [1, 1, 1, 1, 1, 0, 1, 1, 0, 0], 'I': [1, 0, 1, 1, 1, 1, 0, 1, 0, 1], 'J': [1, 1, 0, 1, 0, 1, 1, 1, 1, 1], 'K': [0, 0, 0, 1, 1, 1, 1, 1, 0, 1]}, '东门南侧': {'A': [0, 0, 0, 0, 0, 0, 1, 1, 1, 0], 'B': [0, 0, 0, 0, 0, 0, 0, 0, 0, 0]}, '西门北侧': {'A': [1, 1, 1, 1, 1, 1, 1, 0, 0, 0], 'B': [1, 1, 1, 1, 0, 1, 1, 0, 1, 0], 'C': [1, 1, 1, 1, 1, 1, 1, 1, 1, 0]}, '西门南侧': {'A': [1, 1, 1, 1, 1, 0, 0, 1, 1, 1], 'B': [1, 1, 1, 1, 1, 1, 1, 1, 1, 1], 'C': [1, 1, 0, 1, 0, 0, 1, 1, 0, 1]}, '南门西侧': {'A': [1, 1, 1, 1, 1, 1, 1, 1, 1, 1], 'B': [0, 0, 0, 0, 0, 0, 0, 0, 0, 0]}, '南门东侧': {'A': [1, 1, 0, 1, 1, 1, 1, 1, 1, 1], 'B': [0, 0, 1, 1, 1, 0, 1, 1, 1, 1]}, '北门东北侧': {'A': [1, 1, 1, 1, 1, 1, 1, 1, 1, 1], 'B': [0, 1, 0, 1, 1, 0, 0, 1, 0, 0], 'C': [0, 0, 0, 1, 1, 0, 0, 1, 1, 0], 'D': [0, 1, 0, 1, 1, 0, 1, 0, 0, 1]}, '北门东南侧': {'A': [0, 0, 1, 1, 1, 0, 1, 1, 1, 0], 'B': [0, 1, 1, 0, 0, 0, 1, 0, 1, 0], 'C': [1, 1, 0, 1, 0, 0, 0, 0, 0, 0], 'D': [0, 0, 0, 1, 0, 1, 0, 0, 0, 0], 'E': [1, 1, 0, 0, 0, 0, 0, 1, 0, 0], 'F': [1, 0, 1, 1, 1, 1, 1, 0, 0, 1]}, '橘园北侧南': {'A': [0, 0, 0, 0, 0, 1, 1, 0, 0, 1], 'B': [1, 1, 1, 1, 0, 1, 0, 1, 1, 1], 'C': [0, 1, 1, 1, 0, 1, 1, 0, 0, 1], 'D': [1, 1, 1, 1, 1, 1, 1, 0, 1, 0], 'E': [1, 1, 1, 0, 1, 1, 1, 1, 0, 1], 'F': [0, 0, 1, 0, 1, 0, 0, 0, 0, 0], 'G': [0, 0, 1, 1, 0, 0, 1, 1, 0, 0], 'H': [0, 1, 1, 1, 1, 1, 0, 0, 0, 0], 'I': [0, 1, 0, 0, 0, 0, 1, 0, 0, 0], 'J': [0, 0, 0, 0, 0, 0, 0, 0, 0, 1]}, '校医院西': {'A': [0, 1, 0, 1, 1, 0, 0, 1, 0, 1], 'B': [1, 1, 1, 0, 1, 0, 0, 1, 0, 1], 'C': [0, 1, 1, 0, 1, 0, 1, 1, 0, 1], 'D': [1, 1, 1, 1, 1, 0, 0, 0, 1, 1], 'E': [1, 1, 1, 1, 1, 1, 1, 0, 1, 1], 'F': [0, 0, 1, 1, 1, 1, 1, 1, 1, 1], 'G': [0, 0, 0, 0, 0, 1, 0, 0, 0, 0], 'H': [0, 0, 0, 0, 0, 0, 0, 0, 0, 0], 'I': [0, 0, 0, 0, 0, 0, 0, 0, 1, 0]}}
623924	2024-07-13 16:09:01.478000+08:00	2024-07-13 16:09:01.478000+08:00	{'东门北侧': {'A': [1, 1, 1, 1, 1, 0, 1, 0, 1, 1], 'B': [1, 1, 1, 1, 1, 1, 1, 1, 1, 1], 'C': [0, 1, 1, 0, 1, 0, 1, 0, 1, 0], 'D': [1, 1, 1, 1, 1, 0, 1, 1, 0, 0], 'E': [1, 1, 1, 1, 1, 1, 1, 1, 1, 1], 'F': [1, 1, 1, 1, 1, 1, 1, 1, 0, 1], 'G': [1, 1, 1, 1, 1, 1, 1, 1, 0, 0], 'H': [1, 1, 1, 1, 1, 0, 1, 1, 0, 0], 'I': [1, 0, 1, 1, 1, 1, 0, 1, 0, 1], 'J': [1, 1, 0, 1, 0, 1, 1, 1, 1, 1], 'K': [0, 0, 0, 1, 1, 1, 1, 1, 0, 1]}, '东门南侧': {'A': [0, 0, 0, 0, 0, 0, 1, 1, 1, 0], 'B': [0, 0, 0, 0, 0, 0, 0, 0, 0, 0]}, '西门北侧': {'A': [1, 1, 1, 1, 1, 1, 1, 0, 0, 0], 'B': [1, 1, 1, 1, 0, 1, 1, 0, 1, 0], 'C': [1, 1, 1, 1, 1, 1, 1, 1, 1, 0]}, '西门南侧': {'A': [1, 1, 1, 1, 1, 0, 0, 1, 1, 1], 'B': [1, 1, 1, 1, 1, 1, 1, 1, 1, 1], 'C': [1, 1, 0, 1, 0, 0, 1, 1, 0, 1]}, '南门西侧': {'A': [1, 1, 1, 1, 1, 1, 1, 1, 1, 1], 'B': [0, 0, 0, 0, 0, 0, 0, 0, 0, 0]}, '南门东侧': {'A': [1, 1, 0, 1, 1, 1, 1, 1, 1, 1], 'B': [0, 0, 1, 1, 1, 0, 1, 1, 1, 1]}, '北门东北侧': {'A': [1, 1, 1, 1, 1, 1, 1, 1, 1, 1], 'B': [0, 1, 0, 1, 1, 0, 0, 1, 0, 0], 'C': [0, 0, 0, 1, 1, 0, 0, 1, 1, 0], 'D': [0, 1, 0, 1, 1, 0, 1, 0, 0, 1]}, '北门东南侧': {'A': [0, 0, 1, 1, 1, 0, 1, 1, 1, 0], 'B': [0, 1, 1, 0, 0, 0, 1, 0, 1, 0], 'C': [1, 1, 0, 1, 0, 0, 0, 0, 0, 0], 'D': [0, 0, 0, 1, 0, 1, 0, 0, 0, 0], 'E': [1, 1, 0, 0, 0, 0, 0, 1, 0, 0], 'F': [1, 0, 1, 1, 1, 1, 1, 0, 0, 1]}, '橘园北侧南': {'A': [0, 0, 0, 0, 0, 1, 1, 0, 0, 1], 'B': [1, 1, 1, 1, 0, 1, 0, 1, 1, 1], 'C': [0, 1, 1, 1, 0, 1, 1, 0, 0, 1], 'D': [1, 1, 1, 1, 1, 1, 1, 0, 1, 0], 'E': [1, 1, 1, 0, 1, 1, 1, 1, 0, 1], 'F': [0, 0, 1, 0, 1, 0, 0, 0, 0, 0], 'G': [0, 0, 1, 1, 0, 0, 1, 1, 0, 0], 'H': [0, 1, 1, 1, 1, 1, 0, 0, 0, 0], 'I': [0, 1, 0, 0, 0, 0, 1, 0, 0, 0], 'J': [0, 0, 0, 0, 0, 0, 0, 0, 0, 1]}, '校医院西': {'A': [0, 1, 0, 1, 1, 0, 0, 1, 0, 1], 'B': [1, 1, 1, 0, 1, 0, 0, 1, 0, 1], 'C': [0, 1, 1, 0, 1, 0, 1, 1, 0, 1], 'D': [1, 1, 1, 1, 1, 0, 0, 0, 1, 1], 'E': [1, 1, 1, 1, 1, 1, 1, 0, 1, 1], 'F': [0, 0, 1, 1, 1, 1, 1, 1, 1, 1], 'G': [0, 0, 0, 0, 0, 1, 0, 0, 0, 0], 'H': [0, 0, 0, 0, 0, 0, 0, 0, 0, 0], 'I': [0, 0, 0, 0, 0, 0, 0, 0, 1, 0]}}
623925	2024-07-13 16:09:58.645000+08:00	2024-07-13 16:09:58.645000+08:00	{'东门北侧': {'A': [1, 1, 1, 1, 1, 0, 1, 0, 1, 1], 'B': [1, 1, 1, 1, 1, 1, 1, 1, 1, 1], 'C': [0, 1, 1, 0, 1, 0, 1, 0, 1, 0], 'D': [1, 1, 1, 1, 1, 0, 1, 1, 0, 0], 'E': [1, 1, 1, 1, 1, 1, 1, 1, 1, 1], 'F': [1, 1, 1, 1, 1, 1, 1, 1, 0, 1], 'G': [1, 1, 1, 1, 1, 1, 1, 1, 0, 0], 'H': [1, 1, 1, 1, 1, 0, 1, 1, 0, 0], 'I': [1, 0, 1, 1, 1, 1, 0, 1, 0, 1], 'J': [1, 1, 0, 1, 0, 1, 1, 1, 1, 1], 'K': [0, 0, 0, 1, 1, 1, 1, 1, 0, 1]}, '东门南侧': {'A': [0, 0, 0, 0, 0, 0, 1, 1, 1, 0], 'B': [0, 0, 0, 0, 0, 0, 0, 0, 0, 0]}, '西门北侧': {'A': [1, 1, 1, 1, 1, 1, 1, 0, 0, 0], 'B': [1, 1, 1, 1, 0, 1, 1, 0, 1, 0], 'C': [1, 1, 1, 1, 1, 1, 1, 1, 1, 0]}, '西门南侧': {'A': [1, 1, 1, 1, 1, 0, 1, 1, 1, 1], 'B': [1, 1, 1, 1, 1, 1, 1, 1, 1, 1], 'C': [1, 1, 0, 1, 0, 0, 1, 1, 0, 1]}, '南门西侧': {'A': [1, 1, 1, 1, 1, 1, 1, 1, 1, 1], 'B': [0, 0, 0, 0, 0, 0, 0, 0, 0, 0]}, '南门东侧': {'A': [1, 1, 0, 1, 1, 1, 1, 1, 1, 1], 'B': [0, 0, 1, 1, 1, 0, 1, 1, 1, 1]}, '北门东北侧': {'A': [1, 1, 1, 1, 1, 1, 1, 1, 1, 1], 'B': [0, 1, 0, 1, 1, 0, 0, 1, 0, 0], 'C': [0, 0, 0, 1, 1, 0, 0, 1, 1, 0], 'D': [0, 1, 0, 1, 1, 0, 1, 0, 0, 1]}, '北门东南侧': {'A': [0, 0, 1, 1, 1, 0, 1, 1, 1, 0], 'B': [0, 1, 1, 0, 0, 0, 1, 0, 1, 0], 'C': [1, 1, 0, 1, 0, 0, 0, 0, 0, 0], 'D': [0, 0, 0, 1, 0, 1, 0, 0, 0, 0], 'E': [1, 1, 0, 0, 0, 0, 0, 1, 0, 0], 'F': [1, 0, 1, 1, 1, 1, 1, 0, 0, 1]}, '橘园北侧南': {'A': [0, 0, 0, 0, 0, 1, 1, 0, 0, 1], 'B': [1, 1, 1, 1, 0, 1, 0, 1, 1, 1], 'C': [0, 1, 1, 1, 0, 1, 1, 0, 0, 1], 'D': [1, 1, 1, 1, 1, 1, 1, 0, 1, 0], 'E': [1, 1, 1, 0, 1, 1, 1, 1, 0, 1], 'F': [0, 0, 1, 0, 1, 0, 0, 0, 0, 0], 'G': [0, 0, 1, 1, 0, 0, 1, 1, 0, 0], 'H': [0, 1, 1, 1, 1, 1, 0, 0, 0, 0], 'I': [0, 1, 0, 1, 0, 0, 1, 0, 0, 0], 'J': [0, 0, 0, 0, 0, 0, 0, 0, 0, 1]}, '校医院西': {'A': [0, 1, 0, 1, 1, 0, 0, 1, 0, 1], 'B': [1, 1, 1, 0, 1, 0, 0, 1, 0, 1], 'C': [0, 1, 1, 0, 1, 0, 1, 1, 0, 1], 'D': [1, 1, 1, 1, 1, 0, 0, 0, 1, 1], 'E': [1, 1, 1, 1, 1, 1, 1, 0, 1, 1], 'F': [0, 0, 1, 1, 1, 1, 1, 1, 1, 1], 'G': [0, 0, 0, 0, 0, 1, 0, 0, 0, 0], 'H': [0, 0, 0, 0, 0, 0, 0, 0, 0, 0], 'I': [0, 0, 0, 0, 0, 0, 0, 0, 1, 0]}}
623926	2024-07-13 16:11:00.674000+08:00	2024-07-13 16:11:00.674000+08:00	{'东门北侧': {'A': [1, 1, 1, 1, 1, 0, 1, 0, 1, 1], 'B': [1, 1, 1, 1, 1, 1, 1, 1, 1, 1], 'C': [0, 1, 1, 0, 1, 0, 1, 0, 1, 0], 'D': [1, 1, 1, 1, 1, 0, 1, 1, 0, 0], 'E': [1, 1, 1, 1, 1, 1, 1, 1, 1, 1], 'F': [1, 1, 1, 1, 1, 1, 1, 1, 0, 1], 'G': [1, 1, 1, 1, 1, 1, 1, 1, 0, 0], 'H': [1, 1, 1, 1, 1, 0, 1, 1, 0, 0], 'I': [1, 0, 1, 1, 1, 1, 0, 1, 0, 1], 'J': [1, 1, 0, 1, 0, 1, 1, 1, 1, 1], 'K': [0, 0, 0, 1, 1, 1, 1, 1, 0, 1]}, '东门南侧': {'A': [0, 0, 0, 0, 0, 0, 1, 1, 1, 0], 'B': [0, 0, 0, 0, 0, 0, 0, 0, 0, 0]}, '西门北侧': {'A': [1, 1, 1, 1, 1, 1, 1, 0, 0, 0], 'B': [1, 1, 1, 1, 0, 1, 1, 0, 1, 0], 'C': [1, 1, 1, 1, 1, 1, 1, 1, 1, 0]}, '西门南侧': {'A': [1, 1, 1, 1, 1, 0, 1, 1, 1, 1], 'B': [1, 1, 1, 1, 1, 1, 1, 1, 1, 1], 'C': [1, 1, 0, 1, 0, 0, 1, 1, 0, 1]}, '南门西侧': {'A': [1, 1, 1, 1, 1, 1, 1, 1, 1, 1], 'B': [0, 0, 0, 0, 0, 0, 0, 0, 0, 0]}, '南门东侧': {'A': [1, 1, 0, 1, 1, 1, 1, 1, 1, 1], 'B': [0, 0, 1, 1, 1, 0, 1, 1, 1, 1]}, '北门东北侧': {'A': [1, 1, 1, 1, 1, 1, 1, 1, 1, 1], 'B': [0, 1, 0, 1, 1, 0, 0, 1, 0, 0], 'C': [0, 0, 0, 1, 1, 0, 0, 1, 1, 0], 'D': [0, 1, 0, 1, 1, 0, 1, 0, 0, 1]}, '北门东南侧': {'A': [0, 0, 1, 1, 1, 0, 1, 1, 1, 0], 'B': [0, 1, 1, 0, 0, 0, 1, 0, 1, 0], 'C': [1, 1, 0, 1, 0, 0, 0, 0, 0, 0], 'D': [0, 0, 0, 1, 0, 1, 0, 0, 0, 0], 'E': [1, 1, 0, 0, 0, 0, 0, 1, 0, 0], 'F': [1, 0, 1, 1, 1, 1, 1, 0, 0, 1]}, '橘园北侧南': {'A': [0, 0, 0, 0, 0, 1, 1, 0, 0, 1], 'B': [1, 1, 1, 1, 0, 1, 0, 1, 1, 1], 'C': [0, 1, 1, 1, 0, 1, 1, 0, 0, 1], 'D': [1, 1, 1, 1, 1, 1, 1, 0, 1, 0], 'E': [1, 1, 1, 0, 1, 1, 1, 1, 0, 1], 'F': [0, 0, 1, 0, 1, 0, 0, 0, 0, 0], 'G': [0, 0, 1, 1, 0, 0, 1, 1, 0, 0], 'H': [0, 1, 1, 1, 1, 1, 0, 0, 0, 0], 'I': [0, 1, 0, 1, 0, 0, 1, 0, 0, 0], 'J': [0, 0, 0, 0, 0, 0, 0, 0, 0, 1]}, '校医院西': {'A': [0, 1, 0, 1, 1, 0, 0, 1, 0, 1], 'B': [1, 1, 1, 0, 1, 0, 0, 1, 0, 1], 'C': [0, 1, 1, 0, 1, 0, 1, 1, 0, 1], 'D': [1, 1, 1, 1, 1, 0, 0, 0, 1, 1], 'E': [1, 1, 1, 1, 1, 1, 1, 0, 1, 1], 'F': [0, 0, 1, 1, 1, 1, 1, 1, 1, 1], 'G': [0, 0, 0, 0, 0, 1, 0, 0, 0, 0], 'H': [0, 0, 0, 0, 0, 0, 0, 0, 0, 0], 'I': [0, 0, 0, 0, 0, 0, 0, 0, 1, 0]}}
623927	2024-07-13 16:12:01.452000+08:00	2024-07-13 16:12:01.452000+08:00	{'东门北侧': {'A': [1, 1, 1, 1, 1, 0, 1, 0, 1, 1], 'B': [1, 1, 1, 1, 1, 1, 1, 1, 1, 1], 'C': [0, 1, 1, 0, 1, 0, 1, 0, 1, 0], 'D': [1, 1, 1, 1, 1, 0, 1, 1, 0, 0], 'E': [1, 1, 1, 1, 1, 1, 1, 1, 1, 1], 'F': [1, 1, 1, 1, 1, 1, 1, 1, 0, 1], 'G': [1, 1, 1, 1, 1, 1, 1, 1, 0, 0], 'H': [1, 1, 1, 1, 1, 0, 1, 1, 0, 0], 'I': [1, 0, 1, 1, 1, 1, 0, 1, 0, 1], 'J': [1, 1, 0, 1, 0, 1, 1, 1, 1, 1], 'K': [0, 0, 0, 1, 1, 1, 1, 1, 0, 1]}, '东门南侧': {'A': [0, 0, 0, 0, 0, 0, 1, 1, 1, 0], 'B': [0, 0, 0, 0, 0, 0, 0, 0, 0, 0]}, '西门北侧': {'A': [1, 1, 1, 1, 1, 1, 1, 0, 0, 0], 'B': [1, 1, 1, 1, 0, 1, 1, 0, 1, 0], 'C': [1, 1, 1, 1, 1, 1, 1, 1, 1, 0]}, '西门南侧': {'A': [1, 1, 1, 1, 1, 0, 1, 1, 1, 1], 'B': [1, 1, 1, 1, 1, 1, 1, 1, 1, 1], 'C': [1, 1, 0, 1, 0, 0, 1, 1, 0, 1]}, '南门西侧': {'A': [1, 1, 1, 1, 1, 1, 1, 1, 1, 1], 'B': [0, 0, 0, 0, 0, 0, 0, 0, 0, 0]}, '南门东侧': {'A': [1, 1, 0, 1, 1, 1, 1, 1, 1, 1], 'B': [0, 0, 1, 1, 1, 0, 1, 1, 1, 1]}, '北门东北侧': {'A': [1, 1, 1, 1, 1, 1, 1, 1, 1, 1], 'B': [0, 1, 0, 1, 1, 0, 0, 1, 0, 0], 'C': [0, 0, 0, 1, 1, 0, 0, 1, 1, 0], 'D': [0, 1, 0, 1, 1, 0, 1, 0, 0, 1]}, '北门东南侧': {'A': [0, 0, 1, 1, 1, 0, 1, 1, 1, 0], 'B': [0, 1, 1, 0, 0, 0, 1, 0, 1, 0], 'C': [1, 1, 0, 1, 0, 0, 0, 0, 0, 0], 'D': [0, 0, 0, 1, 0, 1, 0, 0, 0, 0], 'E': [0, 1, 0, 0, 0, 0, 0, 1, 0, 0], 'F': [1, 0, 1, 1, 1, 1, 1, 0, 0, 1]}, '橘园北侧南': {'A': [0, 0, 0, 0, 0, 1, 1, 0, 0, 1], 'B': [1, 1, 1, 1, 0, 1, 0, 1, 1, 1], 'C': [0, 1, 1, 1, 0, 1, 1, 0, 0, 1], 'D': [1, 1, 1, 1, 1, 1, 1, 0, 1, 0], 'E': [1, 1, 1, 0, 1, 1, 1, 1, 0, 1], 'F': [0, 0, 1, 0, 1, 0, 0, 0, 0, 0], 'G': [0, 0, 1, 1, 0, 0, 1, 1, 0, 0], 'H': [0, 1, 1, 1, 1, 1, 0, 0, 0, 0], 'I': [0, 1, 0, 1, 0, 0, 1, 0, 0, 0], 'J': [0, 0, 0, 0, 0, 0, 0, 0, 0, 1]}, '校医院西': {'A': [0, 1, 0, 1, 1, 0, 0, 1, 0, 1], 'B': [1, 1, 1, 0, 1, 0, 0, 1, 0, 1], 'C': [0, 1, 1, 0, 1, 0, 1, 1, 0, 1], 'D': [1, 1, 1, 1, 1, 0, 0, 0, 1, 1], 'E': [1, 1, 1, 1, 1, 1, 1, 0, 1, 1], 'F': [0, 0, 1, 1, 1, 1, 1, 1, 1, 1], 'G': [0, 0, 0, 0, 0, 1, 0, 0, 0, 0], 'H': [0, 0, 0, 0, 0, 0, 0, 0, 0, 0], 'I': [0, 0, 0, 0, 0, 0, 0, 0, 0, 0]}}
623928	2024-07-13 16:12:59.511000+08:00	2024-07-13 16:12:59.511000+08:00	{'东门北侧': {'A': [1, 1, 1, 1, 1, 0, 1, 0, 1, 1], 'B': [1, 1, 1, 1, 1, 1, 1, 1, 1, 1], 'C': [0, 1, 1, 0, 1, 0, 1, 0, 1, 0], 'D': [1, 1, 1, 1, 1, 0, 1, 1, 0, 0], 'E': [1, 1, 1, 1, 1, 1, 1, 1, 1, 1], 'F': [1, 1, 1, 1, 1, 1, 1, 1, 0, 1], 'G': [1, 1, 1, 1, 1, 1, 1, 1, 0, 0], 'H': [1, 1, 1, 1, 1, 0, 1, 1, 0, 0], 'I': [1, 0, 1, 1, 1, 1, 0, 1, 0, 1], 'J': [1, 1, 0, 1, 0, 1, 1, 1, 1, 1], 'K': [0, 0, 0, 1, 1, 1, 1, 1, 0, 1]}, '东门南侧': {'A': [0, 0, 0, 0, 0, 0, 1, 1, 1, 0], 'B': [0, 0, 0, 0, 0, 0, 0, 0, 0, 0]}, '西门北侧': {'A': [1, 1, 1, 1, 1, 1, 1, 0, 0, 0], 'B': [1, 1, 1, 1, 0, 1, 1, 0, 1, 0], 'C': [1, 1, 1, 1, 1, 1, 1, 1, 1, 0]}, '西门南侧': {'A': [1, 1, 1, 1, 1, 0, 1, 1, 1, 1], 'B': [1, 1, 1, 1, 1, 1, 1, 1, 1, 1], 'C': [1, 1, 0, 1, 0, 0, 1, 1, 0, 1]}, '南门西侧': {'A': [1, 1, 1, 1, 1, 1, 1, 1, 1, 1], 'B': [0, 0, 0, 0, 0, 0, 0, 0, 0, 0]}, '南门东侧': {'A': [1, 1, 0, 1, 1, 1, 1, 1, 1, 1], 'B': [0, 0, 1, 1, 1, 0, 1, 1, 1, 1]}, '北门东北侧': {'A': [1, 1, 1, 1, 1, 1, 1, 1, 1, 1], 'B': [0, 1, 0, 1, 1, 0, 0, 1, 0, 0], 'C': [0, 0, 0, 1, 1, 0, 0, 1, 1, 0], 'D': [0, 1, 0, 1, 1, 0, 1, 0, 0, 1]}, '北门东南侧': {'A': [0, 0, 1, 1, 1, 0, 1, 1, 1, 0], 'B': [0, 1, 1, 0, 0, 0, 1, 0, 1, 0], 'C': [1, 1, 0, 1, 0, 0, 0, 0, 0, 0], 'D': [0, 0, 0, 1, 0, 1, 0, 0, 0, 0], 'E': [0, 1, 0, 0, 0, 0, 0, 1, 0, 0], 'F': [1, 0, 1, 1, 1, 1, 1, 0, 0, 1]}, '橘园北侧南': {'A': [0, 0, 0, 0, 0, 1, 1, 0, 0, 1], 'B': [1, 1, 1, 1, 0, 1, 0, 1, 1, 1], 'C': [0, 1, 1, 1, 0, 1, 1, 0, 0, 1], 'D': [1, 1, 1, 1, 1, 1, 1, 0, 1, 0], 'E': [1, 1, 1, 0, 1, 1, 1, 1, 0, 1], 'F': [0, 0, 1, 0, 1, 0, 0, 0, 0, 0], 'G': [0, 0, 1, 1, 0, 0, 1, 1, 0, 0], 'H': [0, 1, 1, 1, 1, 1, 0, 0, 0, 0], 'I': [0, 1, 0, 1, 0, 0, 1, 0, 0, 0], 'J': [0, 0, 0, 0, 0, 0, 0, 0, 0, 1]}, '校医院西': {'A': [0, 1, 0, 1, 1, 0, 0, 1, 0, 1], 'B': [1, 1, 1, 0, 1, 0, 0, 1, 0, 1], 'C': [0, 1, 1, 0, 1, 0, 1, 1, 0, 1], 'D': [1, 1, 1, 1, 1, 0, 0, 0, 1, 1], 'E': [1, 1, 1, 1, 1, 1, 1, 0, 1, 1], 'F': [0, 0, 1, 1, 1, 1, 1, 1, 1, 1], 'G': [0, 0, 0, 0, 0, 1, 0, 0, 0, 0], 'H': [0, 0, 0, 0, 0, 0, 0, 0, 0, 0], 'I': [0, 0, 0, 0, 0, 0, 0, 0, 0, 0]}}
623929	2024-07-13 16:14:02.438000+08:00	2024-07-13 16:14:02.438000+08:00	{'东门北侧': {'A': [1, 1, 1, 1, 1, 0, 1, 0, 1, 1], 'B': [1, 1, 1, 1, 1, 1, 1, 1, 1, 1], 'C': [0, 1, 1, 0, 1, 0, 1, 0, 1, 0], 'D': [1, 1, 1, 1, 1, 0, 1, 1, 0, 0], 'E': [1, 1, 1, 1, 1, 1, 1, 1, 1, 1], 'F': [1, 1, 1, 1, 1, 1, 1, 1, 0, 1], 'G': [1, 1, 1, 1, 1, 1, 1, 1, 0, 0], 'H': [1, 1, 1, 1, 1, 0, 1, 1, 0, 0], 'I': [1, 0, 1, 1, 1, 1, 0, 1, 0, 1], 'J': [1, 1, 0, 1, 0, 1, 1, 1, 1, 1], 'K': [0, 0, 0, 1, 1, 1, 1, 1, 0, 1]}, '东门南侧': {'A': [0, 0, 0, 0, 0, 0, 1, 1, 1, 0], 'B': [0, 0, 0, 0, 0, 0, 0, 0, 0, 0]}, '西门北侧': {'A': [1, 1, 1, 1, 1, 1, 1, 0, 0, 0], 'B': [1, 1, 1, 1, 0, 1, 1, 0, 1, 0], 'C': [1, 1, 1, 1, 1, 1, 1, 1, 1, 0]}, '西门南侧': {'A': [1, 1, 1, 1, 1, 0, 1, 1, 1, 1], 'B': [1, 1, 1, 1, 1, 1, 1, 1, 1, 1], 'C': [1, 1, 0, 1, 0, 0, 1, 1, 0, 1]}, '南门西侧': {'A': [1, 1, 1, 1, 1, 1, 1, 1, 1, 1], 'B': [0, 0, 0, 0, 0, 0, 0, 0, 0, 0]}, '南门东侧': {'A': [1, 1, 0, 1, 1, 1, 1, 1, 1, 1], 'B': [0, 0, 1, 1, 1, 0, 1, 1, 1, 1]}, '北门东北侧': {'A': [1, 1, 1, 1, 1, 1, 1, 1, 1, 1], 'B': [0, 1, 0, 1, 1, 0, 0, 1, 0, 0], 'C': [0, 0, 0, 1, 1, 0, 0, 1, 1, 0], 'D': [0, 1, 0, 1, 1, 0, 1, 0, 0, 1]}, '北门东南侧': {'A': [0, 0, 1, 1, 1, 0, 1, 1, 1, 0], 'B': [0, 1, 1, 0, 0, 0, 1, 0, 1, 0], 'C': [1, 1, 0, 1, 0, 0, 0, 0, 0, 0], 'D': [0, 0, 0, 1, 0, 1, 0, 0, 0, 0], 'E': [0, 1, 0, 0, 0, 0, 0, 1, 0, 0], 'F': [1, 0, 1, 1, 1, 1, 1, 0, 0, 1]}, '橘园北侧南': {'A': [0, 0, 0, 0, 0, 1, 1, 0, 0, 1], 'B': [1, 1, 1, 1, 0, 1, 0, 1, 1, 1], 'C': [0, 1, 1, 1, 0, 1, 1, 0, 0, 1], 'D': [1, 1, 1, 1, 1, 1, 1, 0, 1, 0], 'E': [1, 1, 1, 0, 1, 1, 1, 1, 0, 1], 'F': [0, 0, 1, 0, 1, 0, 0, 0, 0, 0], 'G': [0, 0, 1, 1, 0, 0, 1, 1, 0, 0], 'H': [0, 1, 1, 1, 1, 1, 0, 0, 0, 0], 'I': [0, 1, 0, 1, 0, 0, 1, 0, 0, 0], 'J': [0, 0, 0, 0, 0, 0, 0, 0, 0, 1]}, '校医院西': {'A': [0, 1, 0, 1, 1, 0, 0, 1, 0, 1], 'B': [1, 1, 1, 0, 1, 0, 0, 1, 0, 1], 'C': [0, 1, 1, 0, 1, 0, 1, 1, 0, 1], 'D': [1, 1, 1, 1, 1, 0, 0, 0, 1, 1], 'E': [1, 1, 1, 1, 1, 1, 1, 0, 1, 1], 'F': [0, 0, 1, 1, 1, 1, 1, 1, 1, 1], 'G': [0, 0, 0, 0, 0, 1, 0, 0, 0, 0], 'H': [0, 0, 0, 0, 0, 0, 0, 0, 0, 0], 'I': [0, 0, 0, 0, 0, 0, 0, 0, 0, 0]}}
623930	2024-07-13 16:15:01.549000+08:00	2024-07-13 16:15:01.549000+08:00	{'东门北侧': {'A': [1, 1, 1, 1, 1, 0, 1, 0, 1, 1], 'B': [1, 1, 1, 1, 1, 1, 1, 1, 1, 1], 'C': [0, 1, 1, 0, 1, 0, 1, 0, 1, 0], 'D': [1, 1, 1, 1, 1, 0, 1, 1, 0, 0], 'E': [1, 1, 1, 1, 1, 1, 1, 1, 1, 1], 'F': [1, 1, 1, 1, 1, 1, 1, 1, 0, 1], 'G': [1, 1, 1, 1, 1, 1, 1, 1, 0, 0], 'H': [1, 1, 1, 1, 1, 0, 1, 1, 0, 0], 'I': [1, 0, 1, 1, 1, 1, 0, 1, 0, 1], 'J': [1, 1, 0, 1, 0, 1, 1, 1, 1, 1], 'K': [0, 0, 0, 1, 1, 1, 1, 1, 0, 1]}, '东门南侧': {'A': [0, 0, 0, 0, 0, 0, 1, 1, 1, 0], 'B': [0, 0, 0, 0, 0, 0, 0, 0, 0, 0]}, '西门北侧': {'A': [1, 1, 1, 1, 1, 1, 1, 0, 0, 0], 'B': [1, 1, 1, 1, 0, 1, 1, 0, 1, 0], 'C': [1, 1, 1, 1, 1, 1, 1, 1, 1, 0]}, '西门南侧': {'A': [1, 1, 1, 1, 1, 0, 1, 1, 1, 1], 'B': [1, 1, 1, 1, 1, 1, 1, 1, 1, 1], 'C': [1, 1, 0, 1, 0, 0, 1, 1, 0, 1]}, '南门西侧': {'A': [1, 1, 1, 1, 1, 1, 1, 1, 1, 1], 'B': [0, 0, 0, 0, 0, 0, 0, 0, 0, 0]}, '南门东侧': {'A': [1, 1, 0, 1, 1, 1, 1, 1, 1, 1], 'B': [0, 0, 1, 1, 1, 0, 1, 1, 1, 1]}, '北门东北侧': {'A': [1, 1, 1, 1, 1, 1, 1, 1, 1, 1], 'B': [0, 1, 0, 1, 1, 0, 0, 1, 0, 0], 'C': [0, 0, 0, 1, 1, 0, 0, 1, 1, 0], 'D': [0, 1, 0, 1, 1, 0, 1, 0, 0, 1]}, '北门东南侧': {'A': [0, 0, 1, 1, 1, 0, 1, 1, 1, 0], 'B': [0, 1, 1, 0, 0, 0, 1, 0, 1, 0], 'C': [1, 1, 0, 1, 0, 0, 0, 0, 0, 0], 'D': [0, 0, 0, 1, 0, 1, 0, 0, 0, 0], 'E': [0, 1, 0, 0, 0, 0, 0, 1, 0, 0], 'F': [1, 0, 1, 1, 1, 1, 1, 0, 0, 1]}, '橘园北侧南': {'A': [0, 0, 0, 0, 0, 1, 1, 0, 0, 1], 'B': [1, 1, 1, 1, 0, 1, 0, 1, 1, 1], 'C': [0, 1, 1, 1, 0, 1, 1, 0, 0, 1], 'D': [1, 1, 1, 1, 1, 1, 1, 0, 1, 0], 'E': [1, 1, 1, 0, 1, 1, 1, 1, 0, 1], 'F': [0, 0, 1, 0, 1, 0, 0, 0, 0, 0], 'G': [0, 0, 1, 1, 0, 0, 1, 1, 0, 0], 'H': [0, 1, 1, 1, 1, 1, 0, 0, 0, 0], 'I': [0, 1, 0, 1, 0, 0, 1, 0, 0, 1], 'J': [0, 0, 0, 0, 0, 0, 0, 0, 0, 1]}, '校医院西': {'A': [0, 1, 0, 1, 1, 0, 0, 1, 0, 1], 'B': [1, 1, 1, 0, 1, 0, 0, 1, 0, 1], 'C': [0, 1, 1, 0, 1, 0, 1, 1, 0, 1], 'D': [1, 1, 1, 1, 1, 0, 0, 0, 1, 1], 'E': [1, 1, 1, 1, 1, 1, 1, 0, 1, 1], 'F': [0, 0, 1, 1, 1, 1, 1, 1, 1, 1], 'G': [0, 0, 0, 0, 0, 1, 0, 0, 0, 0], 'H': [0, 0, 0, 0, 0, 0, 0, 0, 0, 0], 'I': [0, 0, 0, 0, 0, 0, 0, 0, 0, 0]}}
623931	2024-07-13 16:15:59.522000+08:00	2024-07-13 16:15:59.522000+08:00	{'东门北侧': {'A': [1, 1, 1, 1, 1, 0, 1, 0, 1, 1], 'B': [1, 1, 1, 1, 1, 1, 1, 1, 1, 1], 'C': [0, 1, 1, 0, 1, 0, 1, 0, 1, 0], 'D': [1, 1, 1, 1, 1, 0, 1, 1, 0, 0], 'E': [1, 1, 1, 1, 1, 1, 1, 1, 1, 1], 'F': [1, 1, 1, 1, 1, 1, 1, 1, 0, 1], 'G': [1, 1, 1, 1, 1, 1, 1, 1, 0, 0], 'H': [1, 1, 1, 1, 1, 0, 1, 1, 0, 0], 'I': [1, 0, 1, 1, 1, 1, 0, 1, 0, 1], 'J': [1, 1, 0, 1, 0, 1, 1, 1, 1, 1], 'K': [0, 0, 0, 1, 1, 1, 1, 1, 0, 1]}, '东门南侧': {'A': [0, 0, 0, 0, 0, 0, 1, 1, 1, 0], 'B': [0, 0, 0, 0, 0, 0, 0, 0, 0, 0]}, '西门北侧': {'A': [1, 1, 1, 1, 1, 1, 1, 0, 0, 0], 'B': [1, 1, 1, 1, 0, 1, 1, 0, 1, 0], 'C': [1, 1, 1, 1, 1, 1, 1, 1, 1, 0]}, '西门南侧': {'A': [1, 1, 1, 1, 1, 0, 1, 1, 1, 1], 'B': [1, 1, 1, 1, 1, 1, 1, 1, 1, 1], 'C': [1, 1, 0, 1, 0, 0, 1, 1, 0, 1]}, '南门西侧': {'A': [1, 1, 1, 1, 1, 1, 1, 1, 1, 1], 'B': [0, 0, 0, 1, 0, 0, 0, 0, 0, 0]}, '南门东侧': {'A': [1, 1, 0, 1, 1, 1, 1, 1, 1, 1], 'B': [0, 0, 1, 1, 1, 0, 1, 1, 1, 1]}, '北门东北侧': {'A': [1, 1, 1, 1, 1, 1, 1, 1, 1, 1], 'B': [0, 1, 0, 1, 1, 0, 0, 1, 0, 0], 'C': [0, 0, 0, 1, 1, 0, 0, 1, 1, 0], 'D': [0, 1, 0, 1, 1, 0, 1, 0, 0, 1]}, '北门东南侧': {'A': [0, 0, 1, 1, 1, 0, 1, 1, 1, 0], 'B': [0, 1, 1, 0, 0, 0, 1, 0, 1, 0], 'C': [1, 1, 0, 1, 0, 0, 0, 0, 0, 0], 'D': [0, 0, 0, 1, 0, 1, 0, 0, 0, 0], 'E': [0, 1, 0, 0, 0, 0, 0, 1, 0, 0], 'F': [1, 0, 1, 1, 1, 1, 1, 0, 0, 1]}, '橘园北侧南': {'A': [0, 0, 0, 0, 0, 1, 1, 0, 0, 1], 'B': [1, 1, 1, 1, 0, 1, 0, 1, 1, 1], 'C': [0, 1, 1, 1, 0, 1, 1, 0, 0, 1], 'D': [1, 1, 1, 1, 1, 1, 1, 0, 1, 0], 'E': [1, 1, 1, 0, 1, 1, 1, 1, 0, 1], 'F': [0, 0, 1, 0, 1, 0, 0, 0, 0, 0], 'G': [0, 0, 1, 1, 0, 0, 1, 1, 0, 0], 'H': [0, 1, 1, 1, 1, 1, 0, 0, 0, 0], 'I': [0, 1, 0, 1, 0, 0, 1, 0, 0, 1], 'J': [0, 0, 0, 0, 0, 0, 0, 0, 0, 1]}, '校医院西': {'A': [0, 1, 0, 1, 1, 0, 0, 1, 0, 1], 'B': [1, 1, 1, 0, 1, 0, 0, 1, 0, 1], 'C': [0, 1, 1, 0, 1, 0, 1, 1, 0, 1], 'D': [1, 1, 1, 1, 1, 0, 0, 0, 1, 1], 'E': [1, 1, 1, 1, 1, 1, 1, 0, 1, 1], 'F': [0, 0, 1, 1, 1, 1, 1, 1, 1, 1], 'G': [0, 0, 0, 0, 0, 1, 0, 0, 0, 0], 'H': [0, 0, 0, 0, 0, 0, 0, 0, 0, 0], 'I': [0, 0, 0, 0, 0, 0, 0, 0, 0, 0]}}
623932	2024-07-13 16:17:00.425000+08:00	2024-07-13 16:17:00.425000+08:00	{'东门北侧': {'A': [1, 1, 1, 1, 1, 0, 1, 0, 1, 1], 'B': [1, 1, 1, 1, 1, 1, 1, 1, 1, 1], 'C': [0, 1, 1, 0, 1, 0, 1, 0, 1, 0], 'D': [1, 1, 1, 1, 1, 0, 1, 1, 0, 0], 'E': [1, 1, 1, 1, 1, 1, 1, 1, 1, 1], 'F': [1, 1, 1, 1, 1, 1, 1, 1, 0, 1], 'G': [1, 1, 1, 1, 1, 1, 1, 1, 0, 0], 'H': [1, 1, 1, 1, 1, 0, 1, 1, 0, 0], 'I': [1, 0, 1, 1, 1, 1, 0, 1, 0, 1], 'J': [1, 1, 0, 1, 0, 1, 1, 1, 1, 1], 'K': [0, 0, 0, 1, 1, 1, 1, 1, 0, 1]}, '东门南侧': {'A': [0, 0, 0, 0, 0, 0, 1, 1, 1, 0], 'B': [0, 0, 0, 0, 0, 0, 0, 0, 0, 0]}, '西门北侧': {'A': [1, 1, 1, 1, 1, 1, 1, 0, 0, 0], 'B': [1, 1, 1, 1, 0, 1, 1, 0, 1, 0], 'C': [1, 1, 1, 1, 1, 1, 1, 1, 1, 0]}, '西门南侧': {'A': [1, 1, 1, 1, 1, 0, 1, 1, 1, 1], 'B': [1, 1, 1, 1, 1, 1, 1, 1, 1, 1], 'C': [1, 1, 0, 1, 0, 0, 1, 1, 0, 1]}, '南门西侧': {'A': [1, 1, 1, 1, 1, 1, 1, 1, 1, 1], 'B': [0, 0, 0, 1, 0, 0, 0, 0, 0, 0]}, '南门东侧': {'A': [1, 1, 0, 1, 1, 1, 1, 1, 1, 1], 'B': [0, 0, 1, 1, 1, 0, 1, 1, 1, 1]}, '北门东北侧': {'A': [1, 1, 1, 1, 1, 1, 1, 1, 1, 1], 'B': [0, 1, 0, 1, 1, 0, 0, 1, 0, 0], 'C': [0, 0, 0, 1, 1, 0, 0, 1, 1, 0], 'D': [0, 1, 0, 1, 1, 0, 1, 0, 0, 1]}, '北门东南侧': {'A': [0, 0, 1, 1, 1, 0, 1, 1, 1, 0], 'B': [0, 1, 1, 0, 0, 0, 1, 0, 1, 0], 'C': [1, 1, 0, 1, 0, 0, 0, 0, 0, 0], 'D': [0, 0, 0, 1, 0, 1, 0, 0, 0, 0], 'E': [0, 1, 0, 0, 0, 0, 0, 1, 0, 0], 'F': [1, 0, 1, 1, 1, 1, 1, 0, 0, 1]}, '橘园北侧南': {'A': [0, 0, 0, 0, 0, 1, 1, 0, 0, 1], 'B': [1, 1, 1, 1, 0, 1, 0, 1, 1, 1], 'C': [0, 1, 1, 1, 0, 1, 1, 0, 0, 1], 'D': [1, 1, 1, 1, 1, 1, 1, 0, 1, 0], 'E': [1, 1, 1, 0, 1, 1, 1, 1, 0, 1], 'F': [0, 0, 1, 0, 1, 0, 0, 0, 0, 0], 'G': [0, 0, 1, 1, 0, 0, 1, 1, 0, 0], 'H': [0, 1, 1, 1, 1, 1, 0, 0, 0, 0], 'I': [0, 1, 0, 1, 0, 0, 1, 0, 0, 1], 'J': [0, 0, 0, 0, 0, 0, 0, 0, 0, 1]}, '校医院西': {'A': [0, 1, 0, 1, 1, 0, 0, 1, 0, 1], 'B': [1, 1, 1, 0, 1, 0, 0, 1, 0, 1], 'C': [0, 1, 1, 0, 1, 0, 1, 1, 0, 1], 'D': [1, 1, 1, 1, 1, 0, 0, 0, 1, 1], 'E': [1, 1, 1, 1, 1, 1, 1, 0, 1, 1], 'F': [0, 0, 1, 1, 1, 1, 1, 1, 1, 1], 'G': [0, 0, 0, 0, 0, 1, 0, 0, 0, 0], 'H': [0, 0, 0, 0, 0, 0, 0, 0, 0, 0], 'I': [0, 0, 0, 0, 0, 0, 0, 0, 0, 0]}}
623933	2024-07-13 16:17:58.572000+08:00	2024-07-13 16:17:58.572000+08:00	{'东门北侧': {'A': [1, 1, 1, 1, 1, 0, 1, 0, 1, 1], 'B': [1, 1, 1, 1, 1, 1, 1, 1, 1, 1], 'C': [0, 1, 1, 0, 1, 0, 1, 0, 1, 0], 'D': [1, 1, 1, 1, 1, 0, 1, 1, 0, 0], 'E': [1, 1, 1, 1, 1, 1, 1, 1, 1, 1], 'F': [1, 1, 1, 1, 1, 1, 1, 1, 0, 1], 'G': [1, 1, 1, 1, 1, 1, 1, 1, 0, 0], 'H': [1, 1, 1, 1, 1, 0, 1, 1, 0, 0], 'I': [1, 0, 1, 1, 1, 1, 0, 1, 0, 1], 'J': [1, 1, 0, 1, 0, 1, 1, 1, 1, 1], 'K': [0, 0, 0, 1, 1, 1, 1, 1, 0, 1]}, '东门南侧': {'A': [0, 0, 0, 0, 0, 0, 1, 1, 1, 0], 'B': [0, 0, 0, 0, 0, 0, 0, 0, 0, 0]}, '西门北侧': {'A': [1, 1, 1, 1, 1, 1, 1, 0, 0, 0], 'B': [1, 1, 1, 1, 0, 1, 1, 0, 1, 0], 'C': [1, 1, 1, 1, 1, 1, 1, 1, 1, 0]}, '西门南侧': {'A': [1, 1, 1, 1, 1, 0, 1, 1, 1, 1], 'B': [1, 1, 1, 1, 1, 1, 1, 1, 1, 1], 'C': [1, 1, 0, 1, 0, 0, 1, 1, 0, 1]}, '南门西侧': {'A': [1, 1, 1, 1, 1, 1, 1, 1, 1, 1], 'B': [0, 0, 0, 1, 0, 0, 0, 0, 0, 0]}, '南门东侧': {'A': [1, 1, 0, 1, 1, 1, 1, 1, 1, 1], 'B': [0, 0, 1, 1, 1, 0, 1, 1, 1, 1]}, '北门东北侧': {'A': [1, 1, 1, 1, 1, 1, 1, 1, 1, 1], 'B': [0, 1, 0, 1, 1, 0, 0, 1, 0, 0], 'C': [0, 0, 0, 1, 1, 0, 0, 1, 1, 0], 'D': [0, 1, 0, 1, 1, 0, 1, 0, 0, 1]}, '北门东南侧': {'A': [0, 0, 1, 1, 1, 0, 1, 1, 1, 0], 'B': [0, 1, 1, 0, 0, 0, 1, 0, 1, 0], 'C': [1, 1, 0, 1, 0, 0, 0, 0, 0, 0], 'D': [0, 0, 0, 1, 0, 1, 0, 0, 0, 0], 'E': [0, 1, 0, 0, 0, 0, 0, 1, 0, 0], 'F': [1, 0, 1, 1, 1, 1, 1, 0, 0, 1]}, '橘园北侧南': {'A': [0, 0, 0, 0, 0, 1, 1, 0, 0, 1], 'B': [1, 1, 1, 1, 0, 1, 0, 1, 1, 1], 'C': [0, 1, 1, 1, 0, 1, 1, 0, 0, 1], 'D': [1, 1, 1, 1, 1, 1, 1, 0, 1, 0], 'E': [1, 1, 1, 0, 1, 1, 1, 1, 0, 1], 'F': [0, 0, 1, 0, 1, 0, 0, 0, 0, 0], 'G': [0, 0, 1, 1, 0, 0, 1, 1, 0, 0], 'H': [0, 1, 1, 1, 1, 1, 0, 0, 0, 0], 'I': [0, 1, 0, 1, 0, 0, 1, 0, 0, 1], 'J': [0, 0, 0, 0, 0, 0, 0, 0, 0, 1]}, '校医院西': {'A': [0, 1, 0, 1, 1, 0, 0, 1, 0, 1], 'B': [1, 1, 1, 0, 1, 0, 0, 1, 0, 1], 'C': [0, 1, 1, 0, 1, 0, 1, 1, 0, 1], 'D': [1, 1, 1, 1, 1, 0, 0, 0, 1, 1], 'E': [1, 1, 1, 1, 1, 1, 1, 0, 1, 1], 'F': [0, 0, 1, 1, 1, 1, 1, 1, 1, 1], 'G': [0, 0, 0, 0, 0, 1, 0, 0, 0, 0], 'H': [0, 0, 0, 0, 0, 0, 0, 0, 0, 0], 'I': [0, 0, 0, 0, 0, 0, 0, 0, 0, 0]}}
623934	2024-07-13 16:19:01.436000+08:00	2024-07-13 16:19:01.436000+08:00	{'东门北侧': {'A': [1, 1, 1, 1, 1, 0, 1, 0, 1, 1], 'B': [1, 1, 1, 1, 1, 1, 1, 1, 1, 1], 'C': [0, 1, 1, 0, 1, 0, 1, 0, 1, 0], 'D': [1, 1, 1, 1, 1, 0, 1, 1, 0, 0], 'E': [1, 1, 1, 1, 1, 1, 1, 1, 1, 1], 'F': [1, 1, 1, 1, 1, 1, 1, 1, 0, 1], 'G': [1, 1, 1, 1, 1, 1, 1, 1, 0, 0], 'H': [1, 1, 1, 1, 1, 0, 1, 1, 0, 0], 'I': [1, 0, 1, 1, 1, 1, 0, 1, 0, 1], 'J': [1, 1, 0, 1, 0, 1, 1, 1, 1, 1], 'K': [0, 0, 0, 1, 1, 1, 1, 1, 0, 1]}, '东门南侧': {'A': [0, 0, 0, 0, 0, 0, 1, 1, 1, 0], 'B': [0, 0, 0, 0, 0, 0, 0, 0, 0, 0]}, '西门北侧': {'A': [1, 1, 1, 1, 1, 1, 1, 0, 0, 0], 'B': [1, 1, 1, 1, 0, 1, 1, 0, 1, 0], 'C': [1, 1, 1, 1, 1, 1, 1, 1, 1, 0]}, '西门南侧': {'A': [1, 1, 1, 1, 1, 0, 1, 1, 1, 1], 'B': [1, 1, 1, 1, 1, 1, 1, 1, 1, 1], 'C': [1, 1, 0, 1, 0, 0, 1, 1, 0, 1]}, '南门西侧': {'A': [1, 1, 1, 1, 1, 1, 1, 1, 1, 1], 'B': [0, 0, 0, 1, 0, 0, 0, 0, 0, 0]}, '南门东侧': {'A': [1, 1, 0, 1, 1, 1, 1, 1, 1, 1], 'B': [0, 0, 1, 1, 1, 0, 1, 1, 1, 1]}, '北门东北侧': {'A': [1, 1, 1, 1, 1, 1, 1, 1, 1, 1], 'B': [0, 1, 0, 1, 1, 0, 0, 1, 0, 0], 'C': [0, 0, 0, 1, 1, 0, 0, 1, 1, 0], 'D': [0, 1, 0, 1, 1, 0, 1, 0, 0, 1]}, '北门东南侧': {'A': [0, 0, 1, 1, 1, 0, 1, 1, 1, 0], 'B': [0, 1, 1, 0, 0, 0, 1, 0, 1, 0], 'C': [1, 1, 0, 1, 0, 0, 0, 0, 0, 0], 'D': [0, 0, 0, 1, 0, 1, 0, 0, 0, 0], 'E': [0, 1, 0, 0, 0, 0, 0, 1, 0, 0], 'F': [1, 0, 1, 1, 1, 1, 1, 0, 0, 1]}, '橘园北侧南': {'A': [0, 0, 0, 0, 0, 1, 1, 0, 0, 1], 'B': [1, 1, 1, 1, 0, 1, 0, 1, 1, 1], 'C': [0, 1, 1, 1, 0, 1, 1, 0, 0, 1], 'D': [1, 1, 1, 1, 1, 1, 1, 0, 1, 0], 'E': [1, 1, 1, 0, 1, 1, 1, 1, 0, 1], 'F': [0, 0, 1, 0, 0, 0, 0, 0, 0, 0], 'G': [0, 0, 1, 1, 0, 0, 1, 1, 0, 0], 'H': [0, 1, 1, 1, 1, 1, 0, 0, 0, 0], 'I': [0, 1, 0, 1, 0, 0, 1, 0, 0, 0], 'J': [0, 0, 0, 0, 0, 0, 0, 0, 0, 1]}, '校医院西': {'A': [0, 1, 0, 1, 1, 0, 0, 1, 0, 1], 'B': [1, 1, 1, 0, 1, 0, 0, 1, 0, 1], 'C': [0, 1, 1, 0, 1, 0, 1, 1, 0, 1], 'D': [1, 1, 1, 1, 1, 0, 0, 0, 1, 1], 'E': [1, 1, 1, 1, 1, 1, 1, 0, 1, 1], 'F': [0, 0, 1, 1, 1, 1, 1, 1, 1, 1], 'G': [0, 0, 0, 0, 0, 1, 0, 0, 0, 0], 'H': [0, 0, 0, 0, 0, 0, 0, 0, 0, 0], 'I': [0, 0, 0, 0, 0, 0, 0, 0, 0, 0]}}
623935	2024-07-13 16:20:01.163000+08:00	2024-07-13 16:20:01.163000+08:00	{'东门北侧': {'A': [1, 1, 1, 1, 1, 0, 1, 0, 1, 1], 'B': [1, 1, 1, 1, 1, 1, 1, 1, 1, 1], 'C': [0, 1, 1, 0, 1, 0, 1, 0, 1, 0], 'D': [1, 1, 1, 1, 1, 0, 1, 1, 0, 0], 'E': [1, 1, 1, 1, 1, 1, 1, 1, 1, 1], 'F': [1, 1, 1, 1, 1, 1, 1, 1, 0, 1], 'G': [1, 1, 1, 1, 1, 1, 1, 1, 0, 0], 'H': [1, 1, 1, 1, 1, 0, 1, 1, 0, 0], 'I': [1, 0, 1, 1, 1, 1, 0, 1, 0, 1], 'J': [1, 1, 0, 1, 0, 1, 1, 1, 1, 1], 'K': [0, 0, 0, 1, 1, 1, 1, 1, 0, 1]}, '东门南侧': {'A': [0, 0, 0, 0, 0, 0, 1, 1, 1, 0], 'B': [0, 0, 0, 0, 0, 0, 0, 0, 0, 0]}, '西门北侧': {'A': [1, 1, 1, 1, 1, 1, 1, 0, 0, 0], 'B': [1, 1, 1, 1, 0, 1, 1, 0, 1, 0], 'C': [1, 1, 1, 1, 1, 1, 1, 1, 1, 0]}, '西门南侧': {'A': [1, 1, 1, 1, 1, 0, 1, 1, 1, 1], 'B': [1, 1, 1, 1, 1, 1, 1, 1, 1, 1], 'C': [1, 1, 0, 1, 0, 0, 1, 1, 0, 1]}, '南门西侧': {'A': [1, 1, 1, 1, 1, 1, 1, 1, 1, 1], 'B': [0, 0, 0, 1, 0, 0, 0, 0, 0, 0]}, '南门东侧': {'A': [1, 1, 0, 1, 1, 1, 1, 1, 1, 1], 'B': [0, 0, 1, 1, 1, 0, 1, 1, 1, 1]}, '北门东北侧': {'A': [1, 1, 1, 1, 1, 1, 1, 1, 1, 1], 'B': [0, 1, 0, 1, 1, 0, 0, 1, 0, 0], 'C': [0, 0, 0, 1, 1, 0, 0, 1, 1, 0], 'D': [0, 1, 0, 1, 1, 0, 1, 0, 0, 1]}, '北门东南侧': {'A': [0, 0, 1, 1, 1, 0, 1, 1, 1, 0], 'B': [0, 1, 1, 0, 0, 0, 1, 0, 1, 0], 'C': [1, 1, 0, 1, 0, 0, 0, 0, 0, 0], 'D': [0, 0, 0, 1, 0, 1, 0, 0, 0, 0], 'E': [0, 1, 0, 0, 0, 0, 0, 1, 0, 0], 'F': [1, 0, 1, 1, 1, 1, 1, 0, 0, 1]}, '橘园北侧南': {'A': [0, 0, 0, 0, 0, 1, 1, 0, 0, 1], 'B': [1, 1, 1, 1, 0, 1, 0, 1, 1, 1], 'C': [0, 1, 1, 1, 0, 1, 1, 0, 0, 1], 'D': [1, 1, 1, 1, 1, 1, 1, 0, 1, 0], 'E': [1, 1, 1, 0, 1, 1, 1, 1, 0, 1], 'F': [0, 0, 1, 0, 0, 0, 0, 0, 0, 0], 'G': [0, 0, 1, 1, 0, 0, 1, 1, 0, 0], 'H': [0, 1, 1, 1, 1, 1, 0, 0, 0, 0], 'I': [0, 1, 0, 1, 0, 0, 1, 0, 0, 0], 'J': [0, 0, 0, 0, 0, 0, 0, 0, 0, 1]}, '校医院西': {'A': [0, 1, 0, 0, 1, 0, 0, 1, 0, 1], 'B': [1, 1, 1, 0, 1, 0, 0, 1, 0, 1], 'C': [0, 1, 1, 0, 1, 0, 1, 1, 0, 1], 'D': [1, 1, 1, 1, 1, 0, 0, 0, 1, 1], 'E': [1, 1, 1, 1, 1, 1, 1, 0, 1, 1], 'F': [0, 0, 1, 1, 1, 1, 1, 1, 1, 1], 'G': [0, 0, 0, 0, 0, 1, 0, 0, 0, 0], 'H': [0, 0, 0, 0, 0, 0, 0, 0, 0, 0], 'I': [0, 0, 0, 0, 0, 0, 0, 0, 0, 0]}}
623936	2024-07-13 16:21:00.902000+08:00	2024-07-13 16:21:00.902000+08:00	{'东门北侧': {'A': [1, 1, 1, 1, 1, 0, 1, 0, 1, 1], 'B': [1, 1, 1, 1, 1, 1, 1, 1, 1, 1], 'C': [0, 1, 1, 0, 1, 0, 1, 0, 1, 0], 'D': [1, 1, 1, 1, 1, 0, 1, 1, 0, 0], 'E': [1, 1, 1, 1, 1, 1, 1, 1, 1, 1], 'F': [1, 1, 1, 1, 1, 1, 1, 1, 0, 1], 'G': [1, 1, 1, 1, 1, 1, 1, 1, 0, 0], 'H': [1, 1, 1, 1, 1, 0, 1, 1, 0, 0], 'I': [1, 0, 1, 1, 1, 1, 0, 1, 0, 1], 'J': [1, 1, 0, 1, 0, 1, 1, 1, 1, 1], 'K': [0, 0, 0, 1, 1, 1, 1, 1, 0, 1]}, '东门南侧': {'A': [0, 0, 0, 0, 0, 0, 1, 1, 1, 0], 'B': [0, 0, 0, 0, 0, 0, 0, 0, 0, 0]}, '西门北侧': {'A': [1, 1, 1, 1, 1, 1, 1, 0, 0, 0], 'B': [1, 1, 1, 1, 0, 1, 1, 0, 1, 0], 'C': [1, 1, 1, 1, 1, 1, 1, 1, 1, 0]}, '西门南侧': {'A': [1, 1, 1, 1, 1, 0, 1, 1, 1, 1], 'B': [1, 1, 1, 1, 1, 1, 1, 1, 1, 1], 'C': [1, 1, 0, 1, 0, 0, 1, 1, 0, 1]}, '南门西侧': {'A': [1, 1, 1, 1, 1, 1, 1, 1, 1, 1], 'B': [0, 0, 0, 1, 0, 0, 0, 0, 0, 0]}, '南门东侧': {'A': [1, 1, 0, 1, 1, 1, 1, 1, 1, 1], 'B': [0, 0, 1, 1, 1, 0, 1, 1, 1, 1]}, '北门东北侧': {'A': [1, 1, 1, 1, 1, 1, 1, 1, 1, 1], 'B': [0, 1, 0, 1, 1, 0, 0, 1, 0, 0], 'C': [0, 0, 0, 1, 1, 0, 0, 1, 1, 0], 'D': [0, 1, 0, 1, 1, 0, 1, 0, 0, 1]}, '北门东南侧': {'A': [0, 0, 1, 1, 1, 0, 1, 1, 1, 0], 'B': [0, 1, 1, 0, 0, 0, 1, 0, 1, 0], 'C': [1, 1, 0, 1, 0, 0, 0, 0, 0, 0], 'D': [0, 0, 0, 1, 0, 1, 0, 0, 0, 0], 'E': [0, 1, 0, 0, 0, 0, 0, 1, 0, 0], 'F': [1, 0, 1, 1, 1, 1, 1, 0, 0, 1]}, '橘园北侧南': {'A': [0, 0, 0, 0, 0, 1, 1, 0, 0, 1], 'B': [1, 1, 1, 1, 0, 1, 0, 1, 1, 1], 'C': [0, 1, 1, 1, 0, 1, 1, 0, 0, 1], 'D': [1, 1, 1, 1, 1, 1, 1, 0, 1, 0], 'E': [1, 1, 1, 0, 1, 1, 1, 1, 0, 1], 'F': [0, 0, 1, 0, 0, 0, 0, 0, 0, 0], 'G': [0, 0, 1, 1, 0, 0, 1, 1, 0, 0], 'H': [0, 1, 1, 1, 1, 1, 0, 0, 0, 0], 'I': [0, 1, 0, 1, 0, 0, 1, 0, 0, 0], 'J': [0, 0, 0, 0, 0, 0, 0, 0, 0, 1]}, '校医院西': {'A': [0, 1, 0, 0, 1, 0, 0, 1, 0, 1], 'B': [1, 1, 1, 0, 1, 0, 0, 1, 0, 1], 'C': [0, 1, 1, 0, 1, 0, 1, 1, 0, 1], 'D': [1, 1, 1, 1, 1, 0, 0, 0, 1, 1], 'E': [1, 1, 1, 1, 1, 1, 1, 0, 1, 1], 'F': [0, 0, 1, 1, 1, 1, 1, 1, 1, 1], 'G': [0, 0, 0, 0, 0, 1, 0, 0, 0, 0], 'H': [0, 0, 0, 0, 0, 0, 0, 0, 0, 0], 'I': [0, 0, 0, 0, 0, 0, 0, 0, 0, 0]}}
623937	2024-07-13 16:21:58.510000+08:00	2024-07-13 16:21:58.510000+08:00	{'东门北侧': {'A': [1, 1, 1, 1, 1, 0, 1, 0, 1, 1], 'B': [1, 1, 1, 1, 1, 1, 1, 1, 1, 1], 'C': [0, 1, 1, 0, 1, 0, 1, 0, 1, 0], 'D': [1, 1, 1, 1, 1, 0, 1, 1, 0, 0], 'E': [1, 1, 1, 1, 1, 1, 1, 1, 1, 1], 'F': [1, 1, 1, 1, 1, 1, 1, 1, 0, 1], 'G': [1, 1, 1, 1, 1, 1, 1, 1, 0, 0], 'H': [1, 1, 1, 1, 1, 0, 1, 1, 0, 0], 'I': [1, 0, 1, 1, 1, 1, 0, 1, 0, 1], 'J': [1, 1, 0, 1, 0, 1, 1, 1, 1, 1], 'K': [0, 0, 0, 1, 1, 1, 1, 1, 0, 1]}, '东门南侧': {'A': [0, 0, 0, 0, 0, 0, 1, 1, 1, 0], 'B': [0, 0, 0, 0, 0, 0, 0, 0, 0, 0]}, '西门北侧': {'A': [1, 1, 1, 1, 1, 1, 1, 0, 0, 0], 'B': [1, 1, 1, 1, 0, 1, 1, 0, 1, 0], 'C': [1, 1, 1, 1, 1, 1, 1, 1, 1, 0]}, '西门南侧': {'A': [1, 1, 1, 1, 1, 0, 1, 1, 1, 1], 'B': [1, 1, 1, 1, 1, 1, 1, 1, 1, 1], 'C': [1, 1, 0, 1, 0, 0, 1, 1, 0, 1]}, '南门西侧': {'A': [1, 1, 1, 1, 1, 1, 1, 1, 1, 1], 'B': [0, 0, 0, 1, 0, 0, 0, 0, 0, 0]}, '南门东侧': {'A': [1, 1, 0, 1, 1, 1, 1, 1, 1, 1], 'B': [0, 0, 1, 1, 1, 0, 1, 1, 1, 1]}, '北门东北侧': {'A': [1, 1, 1, 1, 1, 1, 1, 1, 1, 1], 'B': [0, 1, 0, 1, 1, 0, 0, 1, 0, 0], 'C': [0, 0, 0, 1, 1, 0, 0, 1, 1, 0], 'D': [0, 1, 0, 1, 1, 0, 1, 0, 0, 1]}, '北门东南侧': {'A': [0, 0, 1, 1, 1, 0, 1, 1, 1, 0], 'B': [0, 1, 1, 0, 0, 0, 1, 0, 1, 0], 'C': [1, 1, 0, 1, 0, 0, 0, 0, 0, 0], 'D': [0, 0, 0, 1, 0, 1, 0, 0, 0, 0], 'E': [0, 1, 0, 0, 0, 0, 0, 1, 0, 0], 'F': [1, 0, 1, 1, 1, 1, 1, 0, 0, 1]}, '橘园北侧南': {'A': [0, 0, 0, 0, 0, 1, 1, 0, 0, 1], 'B': [1, 1, 1, 1, 0, 1, 0, 1, 1, 1], 'C': [0, 1, 1, 1, 0, 1, 1, 0, 0, 1], 'D': [1, 1, 1, 1, 1, 1, 1, 0, 1, 0], 'E': [1, 1, 1, 0, 1, 1, 0, 1, 0, 1], 'F': [0, 0, 1, 0, 0, 0, 0, 0, 0, 0], 'G': [0, 0, 1, 1, 0, 0, 1, 1, 0, 0], 'H': [0, 1, 1, 1, 1, 1, 0, 0, 0, 0], 'I': [0, 1, 0, 1, 0, 0, 1, 0, 0, 0], 'J': [0, 0, 0, 0, 0, 0, 0, 0, 0, 1]}, '校医院西': {'A': [0, 1, 0, 0, 1, 0, 0, 1, 0, 1], 'B': [1, 1, 1, 0, 1, 0, 0, 1, 0, 1], 'C': [0, 1, 1, 0, 1, 0, 1, 1, 0, 1], 'D': [1, 1, 1, 1, 1, 0, 0, 0, 1, 1], 'E': [1, 1, 1, 1, 1, 1, 1, 0, 1, 1], 'F': [0, 0, 1, 1, 1, 1, 1, 1, 1, 1], 'G': [0, 0, 0, 0, 0, 1, 0, 0, 0, 0], 'H': [0, 0, 0, 0, 0, 0, 0, 0, 0, 0], 'I': [0, 0, 0, 0, 0, 0, 0, 0, 0, 0]}}
623938	2024-07-13 16:23:00.497000+08:00	2024-07-13 16:23:00.497000+08:00	{'东门北侧': {'A': [1, 1, 1, 1, 1, 0, 1, 0, 1, 1], 'B': [1, 1, 1, 1, 1, 1, 1, 1, 1, 1], 'C': [0, 1, 1, 0, 1, 0, 1, 0, 1, 0], 'D': [1, 1, 1, 1, 1, 0, 1, 1, 0, 0], 'E': [1, 1, 1, 1, 1, 1, 1, 1, 1, 1], 'F': [1, 1, 1, 1, 1, 1, 1, 1, 0, 1], 'G': [1, 1, 1, 1, 1, 1, 1, 1, 0, 0], 'H': [1, 1, 1, 1, 1, 0, 1, 1, 0, 0], 'I': [1, 0, 1, 1, 1, 1, 0, 1, 0, 1], 'J': [1, 1, 0, 1, 0, 1, 1, 1, 1, 1], 'K': [0, 0, 0, 1, 1, 1, 1, 1, 0, 1]}, '东门南侧': {'A': [0, 0, 0, 0, 0, 0, 1, 1, 1, 0], 'B': [0, 0, 0, 0, 0, 0, 0, 0, 0, 0]}, '西门北侧': {'A': [1, 1, 1, 1, 1, 1, 1, 0, 0, 0], 'B': [1, 1, 1, 1, 0, 1, 1, 0, 1, 0], 'C': [1, 1, 1, 1, 1, 1, 1, 1, 1, 0]}, '西门南侧': {'A': [1, 1, 1, 1, 1, 0, 1, 1, 1, 1], 'B': [1, 1, 1, 1, 1, 1, 1, 1, 1, 1], 'C': [1, 1, 0, 1, 0, 0, 1, 1, 0, 1]}, '南门西侧': {'A': [1, 1, 1, 1, 1, 1, 1, 1, 1, 1], 'B': [0, 0, 0, 1, 0, 0, 0, 0, 0, 0]}, '南门东侧': {'A': [1, 1, 0, 1, 1, 1, 1, 1, 1, 1], 'B': [0, 0, 1, 1, 1, 0, 1, 1, 1, 1]}, '北门东北侧': {'A': [1, 1, 1, 1, 1, 1, 1, 1, 1, 1], 'B': [0, 1, 0, 1, 1, 0, 0, 1, 0, 0], 'C': [0, 0, 0, 1, 1, 0, 0, 1, 1, 0], 'D': [0, 1, 0, 1, 1, 0, 1, 0, 0, 1]}, '北门东南侧': {'A': [0, 0, 1, 1, 1, 0, 1, 1, 1, 0], 'B': [0, 1, 1, 0, 0, 0, 1, 0, 1, 0], 'C': [1, 1, 0, 1, 0, 0, 0, 0, 0, 0], 'D': [0, 0, 0, 1, 0, 1, 0, 0, 0, 0], 'E': [0, 1, 0, 0, 0, 0, 0, 1, 0, 0], 'F': [1, 0, 1, 1, 1, 1, 1, 0, 0, 1]}, '橘园北侧南': {'A': [0, 0, 0, 0, 0, 1, 1, 0, 0, 1], 'B': [1, 1, 1, 1, 0, 1, 0, 1, 1, 1], 'C': [0, 1, 1, 1, 0, 1, 1, 0, 0, 1], 'D': [1, 1, 1, 1, 1, 1, 1, 0, 1, 0], 'E': [1, 1, 1, 0, 1, 1, 0, 1, 0, 1], 'F': [0, 0, 1, 0, 0, 0, 0, 0, 0, 0], 'G': [0, 0, 1, 1, 0, 0, 1, 1, 0, 0], 'H': [0, 1, 1, 1, 1, 1, 0, 0, 0, 0], 'I': [0, 1, 0, 1, 0, 0, 1, 0, 0, 0], 'J': [0, 0, 0, 0, 0, 0, 0, 0, 0, 1]}, '校医院西': {'A': [0, 1, 0, 0, 1, 0, 0, 1, 0, 1], 'B': [1, 1, 1, 0, 1, 0, 0, 1, 0, 1], 'C': [0, 1, 1, 0, 1, 0, 1, 1, 0, 1], 'D': [1, 1, 1, 1, 1, 0, 0, 0, 1, 1], 'E': [1, 1, 1, 1, 1, 1, 1, 0, 1, 1], 'F': [0, 0, 1, 1, 1, 1, 1, 1, 1, 1], 'G': [0, 0, 0, 0, 0, 1, 0, 0, 0, 0], 'H': [0, 0, 0, 0, 0, 0, 0, 0, 0, 0], 'I': [0, 0, 0, 0, 0, 0, 0, 0, 0, 0]}}
623939	2024-07-13 16:23:58.483000+08:00	2024-07-13 16:23:58.483000+08:00	{'东门北侧': {'A': [1, 1, 1, 1, 1, 0, 1, 0, 1, 1], 'B': [1, 1, 1, 1, 1, 1, 1, 1, 1, 1], 'C': [0, 1, 1, 0, 1, 0, 1, 0, 1, 0], 'D': [1, 1, 1, 1, 1, 0, 1, 1, 0, 0], 'E': [1, 1, 1, 1, 1, 0, 1, 1, 1, 1], 'F': [1, 1, 1, 1, 1, 1, 1, 1, 0, 1], 'G': [1, 1, 1, 1, 1, 1, 1, 1, 0, 0], 'H': [1, 1, 1, 1, 1, 0, 1, 1, 0, 0], 'I': [1, 0, 1, 1, 1, 1, 0, 1, 0, 1], 'J': [1, 1, 0, 1, 0, 1, 1, 1, 1, 1], 'K': [0, 0, 0, 1, 1, 1, 1, 1, 0, 1]}, '东门南侧': {'A': [0, 0, 0, 0, 0, 0, 1, 1, 1, 0], 'B': [0, 0, 0, 0, 0, 0, 0, 0, 0, 0]}, '西门北侧': {'A': [1, 1, 1, 1, 1, 1, 1, 0, 0, 0], 'B': [1, 1, 1, 1, 0, 1, 1, 0, 1, 0], 'C': [1, 1, 1, 1, 1, 1, 1, 1, 1, 0]}, '西门南侧': {'A': [1, 1, 1, 1, 1, 0, 1, 1, 1, 1], 'B': [1, 1, 1, 1, 1, 1, 1, 1, 1, 1], 'C': [1, 1, 0, 1, 0, 0, 1, 1, 0, 1]}, '南门西侧': {'A': [1, 1, 1, 1, 1, 1, 1, 1, 1, 1], 'B': [0, 0, 0, 1, 0, 0, 0, 0, 0, 0]}, '南门东侧': {'A': [1, 1, 0, 1, 1, 1, 1, 1, 1, 1], 'B': [0, 0, 1, 1, 1, 0, 1, 1, 1, 1]}, '北门东北侧': {'A': [1, 1, 1, 1, 1, 1, 1, 1, 1, 1], 'B': [0, 1, 0, 1, 1, 0, 0, 1, 0, 0], 'C': [0, 0, 0, 1, 1, 0, 0, 1, 1, 0], 'D': [0, 1, 0, 1, 1, 0, 1, 0, 0, 1]}, '北门东南侧': {'A': [0, 0, 1, 1, 1, 0, 1, 1, 1, 0], 'B': [0, 1, 1, 0, 0, 0, 1, 0, 1, 0], 'C': [1, 1, 0, 1, 0, 0, 0, 0, 0, 0], 'D': [0, 0, 0, 1, 0, 1, 0, 0, 0, 0], 'E': [0, 1, 0, 0, 0, 0, 0, 1, 0, 0], 'F': [1, 0, 1, 1, 1, 1, 1, 0, 0, 1]}, '橘园北侧南': {'A': [0, 0, 0, 0, 0, 1, 1, 0, 0, 1], 'B': [1, 1, 1, 1, 0, 1, 0, 1, 1, 1], 'C': [0, 1, 1, 1, 0, 1, 1, 0, 0, 1], 'D': [1, 1, 1, 1, 1, 1, 1, 0, 1, 0], 'E': [1, 1, 1, 0, 1, 1, 0, 1, 0, 1], 'F': [0, 0, 1, 0, 0, 0, 0, 0, 0, 0], 'G': [0, 0, 1, 1, 0, 0, 1, 1, 0, 0], 'H': [0, 1, 1, 1, 1, 1, 0, 0, 0, 0], 'I': [0, 1, 0, 1, 0, 0, 1, 0, 0, 0], 'J': [0, 0, 0, 0, 0, 0, 0, 0, 0, 1]}, '校医院西': {'A': [0, 1, 0, 0, 1, 0, 0, 1, 0, 1], 'B': [1, 1, 1, 0, 1, 0, 0, 1, 0, 1], 'C': [0, 1, 1, 0, 1, 0, 1, 1, 0, 1], 'D': [1, 1, 1, 1, 1, 0, 0, 0, 1, 1], 'E': [1, 1, 1, 1, 1, 1, 1, 0, 1, 1], 'F': [0, 0, 1, 1, 1, 1, 1, 1, 1, 1], 'G': [0, 0, 0, 0, 0, 1, 0, 0, 0, 0], 'H': [0, 0, 0, 0, 0, 0, 0, 0, 0, 0], 'I': [0, 0, 0, 0, 0, 0, 0, 0, 0, 0]}}
623940	2024-07-13 16:25:02.200000+08:00	2024-07-13 16:25:02.200000+08:00	{'东门北侧': {'A': [1, 1, 1, 1, 1, 0, 1, 0, 1, 1], 'B': [1, 1, 1, 1, 1, 1, 1, 1, 1, 1], 'C': [0, 1, 1, 0, 1, 0, 1, 0, 1, 0], 'D': [1, 1, 1, 1, 1, 0, 1, 1, 0, 0], 'E': [1, 1, 1, 1, 1, 0, 1, 1, 1, 1], 'F': [1, 1, 1, 1, 1, 1, 1, 1, 0, 1], 'G': [1, 1, 1, 1, 1, 1, 1, 1, 0, 0], 'H': [1, 1, 1, 1, 1, 0, 1, 1, 0, 0], 'I': [1, 0, 1, 1, 1, 1, 0, 1, 0, 1], 'J': [1, 1, 0, 1, 0, 1, 1, 1, 1, 1], 'K': [0, 0, 0, 1, 1, 1, 1, 1, 0, 1]}, '东门南侧': {'A': [0, 0, 0, 0, 0, 0, 1, 1, 1, 0], 'B': [0, 0, 0, 0, 0, 0, 0, 0, 0, 0]}, '西门北侧': {'A': [1, 1, 1, 1, 1, 1, 1, 0, 0, 0], 'B': [1, 1, 1, 1, 0, 1, 1, 0, 1, 0], 'C': [1, 1, 1, 1, 1, 1, 1, 1, 1, 0]}, '西门南侧': {'A': [1, 1, 1, 1, 1, 0, 1, 1, 1, 1], 'B': [1, 1, 1, 1, 1, 1, 1, 1, 1, 1], 'C': [1, 1, 0, 1, 0, 0, 1, 1, 0, 1]}, '南门西侧': {'A': [1, 1, 1, 1, 1, 1, 1, 1, 1, 1], 'B': [0, 0, 0, 1, 0, 0, 0, 0, 0, 0]}, '南门东侧': {'A': [1, 1, 0, 1, 1, 1, 1, 1, 1, 1], 'B': [0, 0, 1, 1, 1, 0, 1, 1, 1, 1]}, '北门东北侧': {'A': [1, 1, 1, 1, 1, 1, 1, 1, 1, 1], 'B': [0, 1, 0, 1, 1, 0, 0, 1, 0, 0], 'C': [0, 0, 0, 1, 1, 0, 0, 1, 1, 0], 'D': [0, 1, 0, 1, 1, 0, 1, 0, 0, 1]}, '北门东南侧': {'A': [0, 0, 1, 1, 1, 0, 1, 1, 1, 0], 'B': [0, 1, 1, 0, 0, 0, 1, 0, 1, 0], 'C': [1, 1, 0, 1, 0, 0, 0, 0, 0, 0], 'D': [0, 0, 0, 1, 0, 1, 0, 0, 0, 0], 'E': [0, 1, 0, 0, 0, 0, 0, 1, 0, 0], 'F': [1, 0, 1, 1, 1, 1, 1, 0, 0, 1]}, '橘园北侧南': {'A': [0, 0, 0, 0, 0, 1, 1, 0, 0, 1], 'B': [1, 1, 1, 1, 0, 1, 0, 1, 1, 1], 'C': [0, 1, 1, 1, 0, 1, 1, 0, 0, 1], 'D': [1, 1, 1, 1, 1, 1, 1, 0, 1, 0], 'E': [1, 1, 1, 0, 1, 1, 0, 1, 0, 1], 'F': [0, 0, 1, 0, 0, 0, 0, 0, 0, 0], 'G': [0, 0, 1, 1, 0, 0, 1, 1, 0, 0], 'H': [0, 1, 1, 1, 1, 1, 0, 0, 0, 0], 'I': [0, 1, 0, 1, 0, 0, 1, 0, 0, 0], 'J': [0, 0, 0, 0, 0, 0, 0, 0, 0, 1]}, '校医院西': {'A': [0, 1, 0, 0, 1, 0, 0, 1, 0, 1], 'B': [1, 1, 1, 0, 1, 0, 0, 1, 0, 1], 'C': [0, 1, 1, 0, 1, 0, 1, 1, 0, 1], 'D': [1, 1, 1, 1, 1, 0, 0, 0, 1, 1], 'E': [1, 1, 1, 1, 1, 1, 1, 0, 1, 1], 'F': [0, 0, 1, 1, 1, 1, 1, 1, 1, 1], 'G': [0, 0, 0, 0, 0, 1, 0, 0, 0, 0], 'H': [0, 0, 0, 0, 0, 0, 0, 0, 0, 0], 'I': [0, 0, 0, 0, 0, 0, 0, 0, 0, 0]}}
623941	2024-07-13 16:25:58.706000+08:00	2024-07-13 16:25:58.706000+08:00	{'东门北侧': {'A': [1, 1, 1, 1, 1, 0, 1, 0, 1, 1], 'B': [1, 1, 1, 1, 1, 1, 1, 1, 1, 1], 'C': [0, 1, 1, 0, 1, 0, 1, 0, 1, 0], 'D': [1, 1, 1, 1, 1, 0, 1, 1, 0, 0], 'E': [1, 1, 1, 1, 1, 0, 1, 1, 1, 1], 'F': [1, 1, 1, 1, 1, 1, 1, 1, 0, 1], 'G': [1, 1, 1, 1, 1, 1, 1, 1, 0, 0], 'H': [1, 1, 1, 1, 1, 0, 1, 1, 0, 0], 'I': [1, 0, 1, 1, 1, 1, 0, 1, 0, 1], 'J': [1, 1, 0, 1, 0, 1, 1, 1, 1, 1], 'K': [0, 0, 0, 1, 1, 1, 1, 1, 0, 1]}, '东门南侧': {'A': [0, 0, 0, 0, 0, 0, 1, 1, 1, 0], 'B': [0, 0, 0, 0, 0, 0, 0, 0, 0, 0]}, '西门北侧': {'A': [1, 1, 1, 1, 1, 1, 1, 0, 0, 0], 'B': [1, 1, 1, 1, 0, 1, 1, 0, 1, 0], 'C': [1, 1, 1, 1, 1, 1, 1, 1, 1, 0]}, '西门南侧': {'A': [1, 1, 1, 1, 1, 0, 1, 1, 1, 1], 'B': [1, 1, 1, 1, 1, 1, 1, 1, 1, 1], 'C': [1, 1, 0, 1, 0, 0, 1, 1, 0, 1]}, '南门西侧': {'A': [1, 1, 1, 1, 1, 1, 1, 1, 1, 1], 'B': [0, 0, 0, 1, 0, 0, 0, 0, 0, 0]}, '南门东侧': {'A': [1, 1, 0, 1, 1, 1, 1, 1, 1, 1], 'B': [0, 0, 1, 1, 1, 0, 1, 1, 1, 1]}, '北门东北侧': {'A': [1, 1, 1, 1, 1, 1, 1, 1, 1, 1], 'B': [0, 1, 0, 1, 1, 0, 0, 1, 0, 0], 'C': [0, 0, 0, 1, 1, 0, 0, 1, 1, 0], 'D': [0, 1, 0, 1, 1, 0, 1, 0, 0, 1]}, '北门东南侧': {'A': [0, 0, 1, 1, 1, 0, 1, 1, 1, 0], 'B': [0, 1, 1, 0, 0, 0, 1, 0, 1, 0], 'C': [1, 1, 0, 1, 0, 0, 0, 0, 0, 0], 'D': [0, 0, 0, 1, 0, 1, 0, 0, 0, 0], 'E': [0, 1, 0, 0, 0, 0, 0, 1, 0, 0], 'F': [1, 0, 1, 1, 1, 1, 1, 0, 0, 1]}, '橘园北侧南': {'A': [0, 0, 0, 0, 0, 1, 1, 0, 0, 1], 'B': [1, 1, 1, 1, 0, 1, 0, 1, 1, 1], 'C': [0, 1, 1, 1, 0, 1, 1, 0, 0, 1], 'D': [1, 1, 1, 1, 1, 1, 1, 0, 1, 0], 'E': [1, 1, 1, 0, 1, 1, 0, 1, 0, 1], 'F': [0, 0, 1, 0, 0, 0, 0, 0, 0, 0], 'G': [0, 0, 1, 1, 0, 0, 1, 1, 0, 0], 'H': [0, 1, 1, 1, 1, 1, 0, 0, 0, 0], 'I': [0, 1, 0, 1, 0, 0, 1, 0, 0, 0], 'J': [0, 0, 0, 0, 0, 0, 0, 0, 0, 1]}, '校医院西': {'A': [0, 1, 0, 0, 1, 0, 0, 1, 0, 1], 'B': [1, 1, 1, 0, 1, 0, 0, 1, 0, 1], 'C': [0, 1, 1, 0, 1, 0, 1, 1, 0, 1], 'D': [1, 1, 1, 1, 1, 0, 0, 0, 1, 1], 'E': [1, 1, 1, 1, 1, 1, 1, 0, 1, 1], 'F': [0, 0, 1, 1, 1, 1, 1, 1, 1, 1], 'G': [0, 0, 0, 0, 0, 1, 0, 0, 0, 0], 'H': [0, 0, 0, 0, 0, 0, 0, 0, 0, 0], 'I': [0, 0, 0, 0, 0, 0, 0, 0, 0, 0]}}
623942	2024-07-13 16:27:01.677000+08:00	2024-07-13 16:27:01.677000+08:00	{'东门北侧': {'A': [1, 1, 1, 1, 1, 0, 1, 0, 1, 1], 'B': [1, 1, 1, 1, 1, 1, 1, 1, 1, 1], 'C': [0, 1, 1, 0, 1, 0, 1, 0, 1, 0], 'D': [1, 1, 1, 1, 1, 0, 1, 1, 0, 0], 'E': [1, 1, 1, 1, 1, 0, 1, 1, 1, 1], 'F': [1, 1, 1, 1, 1, 1, 1, 1, 0, 1], 'G': [1, 1, 1, 1, 1, 1, 1, 1, 0, 0], 'H': [1, 1, 1, 1, 1, 0, 1, 1, 0, 0], 'I': [1, 0, 1, 1, 1, 1, 0, 1, 0, 1], 'J': [1, 1, 0, 1, 0, 1, 1, 1, 1, 1], 'K': [0, 0, 0, 1, 1, 1, 1, 1, 0, 1]}, '东门南侧': {'A': [0, 0, 0, 0, 0, 0, 1, 1, 1, 0], 'B': [0, 0, 0, 0, 0, 0, 0, 0, 0, 0]}, '西门北侧': {'A': [1, 1, 1, 1, 1, 1, 1, 0, 0, 0], 'B': [1, 1, 1, 1, 0, 1, 1, 0, 1, 0], 'C': [1, 1, 1, 1, 1, 1, 1, 1, 1, 0]}, '西门南侧': {'A': [1, 1, 1, 1, 1, 0, 1, 1, 1, 1], 'B': [1, 1, 1, 1, 1, 1, 1, 1, 1, 1], 'C': [1, 1, 0, 1, 0, 0, 1, 1, 0, 1]}, '南门西侧': {'A': [1, 1, 1, 1, 1, 1, 1, 1, 1, 1], 'B': [0, 0, 0, 1, 0, 0, 0, 0, 0, 0]}, '南门东侧': {'A': [1, 1, 0, 1, 1, 1, 1, 1, 1, 1], 'B': [0, 0, 1, 1, 1, 0, 1, 1, 1, 1]}, '北门东北侧': {'A': [1, 1, 1, 1, 1, 1, 1, 1, 1, 1], 'B': [0, 1, 0, 1, 1, 0, 0, 1, 0, 0], 'C': [0, 0, 0, 1, 1, 0, 0, 1, 1, 0], 'D': [0, 1, 0, 1, 1, 0, 1, 0, 0, 1]}, '北门东南侧': {'A': [0, 0, 1, 1, 1, 0, 1, 1, 1, 0], 'B': [0, 1, 0, 0, 0, 0, 1, 0, 1, 0], 'C': [1, 1, 0, 1, 0, 0, 0, 0, 0, 0], 'D': [0, 0, 0, 1, 0, 1, 0, 0, 0, 0], 'E': [0, 1, 0, 0, 0, 0, 0, 1, 0, 0], 'F': [1, 0, 1, 1, 1, 1, 1, 0, 0, 1]}, '橘园北侧南': {'A': [0, 0, 0, 0, 0, 1, 1, 0, 0, 1], 'B': [1, 1, 1, 1, 0, 1, 0, 1, 1, 1], 'C': [0, 1, 1, 1, 0, 1, 1, 0, 0, 1], 'D': [1, 1, 1, 1, 1, 1, 1, 0, 1, 0], 'E': [1, 1, 1, 0, 1, 1, 0, 1, 0, 1], 'F': [0, 0, 1, 0, 0, 0, 0, 0, 0, 0], 'G': [0, 0, 1, 1, 0, 0, 1, 1, 0, 0], 'H': [0, 1, 1, 1, 1, 1, 0, 0, 0, 0], 'I': [0, 1, 0, 1, 0, 0, 1, 0, 0, 0], 'J': [0, 0, 0, 0, 0, 0, 0, 0, 0, 1]}, '校医院西': {'A': [0, 1, 0, 0, 1, 0, 0, 1, 0, 1], 'B': [1, 1, 1, 0, 1, 0, 0, 1, 0, 1], 'C': [0, 1, 1, 0, 1, 0, 1, 1, 0, 1], 'D': [1, 1, 1, 1, 1, 0, 0, 0, 1, 1], 'E': [1, 1, 1, 1, 1, 1, 1, 0, 1, 1], 'F': [0, 0, 1, 1, 1, 1, 1, 1, 1, 1], 'G': [0, 0, 0, 0, 0, 1, 0, 0, 0, 0], 'H': [0, 0, 0, 0, 0, 0, 0, 0, 0, 0], 'I': [0, 0, 0, 0, 0, 0, 0, 0, 0, 0]}}
623943	2024-07-13 16:27:58.502000+08:00	2024-07-13 16:27:58.502000+08:00	{'东门北侧': {'A': [1, 1, 1, 1, 1, 0, 1, 0, 1, 1], 'B': [1, 1, 1, 1, 1, 1, 1, 1, 1, 1], 'C': [0, 1, 1, 0, 1, 0, 1, 0, 1, 0], 'D': [1, 1, 1, 1, 1, 0, 1, 1, 0, 0], 'E': [1, 1, 1, 1, 1, 0, 1, 1, 1, 1], 'F': [1, 1, 1, 1, 1, 1, 1, 1, 0, 1], 'G': [1, 1, 1, 1, 1, 1, 1, 1, 0, 0], 'H': [1, 1, 1, 1, 1, 0, 1, 1, 0, 1], 'I': [1, 0, 1, 1, 1, 1, 0, 1, 0, 1], 'J': [1, 1, 0, 1, 0, 1, 1, 1, 1, 1], 'K': [0, 0, 0, 1, 1, 1, 1, 1, 0, 1]}, '东门南侧': {'A': [0, 0, 0, 0, 0, 0, 1, 1, 1, 0], 'B': [0, 0, 0, 0, 0, 0, 0, 0, 0, 0]}, '西门北侧': {'A': [1, 1, 1, 1, 1, 1, 1, 0, 0, 0], 'B': [1, 1, 1, 1, 0, 1, 1, 0, 1, 0], 'C': [1, 1, 1, 1, 1, 1, 1, 1, 1, 0]}, '西门南侧': {'A': [1, 1, 1, 1, 1, 0, 1, 1, 1, 1], 'B': [1, 1, 1, 1, 1, 1, 1, 1, 1, 1], 'C': [1, 1, 0, 1, 0, 0, 1, 1, 0, 1]}, '南门西侧': {'A': [1, 1, 1, 1, 1, 1, 1, 1, 1, 1], 'B': [0, 0, 0, 1, 0, 0, 0, 0, 0, 0]}, '南门东侧': {'A': [1, 1, 0, 1, 1, 1, 1, 1, 1, 1], 'B': [0, 0, 1, 1, 1, 0, 1, 1, 1, 1]}, '北门东北侧': {'A': [1, 1, 1, 1, 1, 1, 1, 1, 1, 1], 'B': [0, 1, 0, 1, 1, 0, 0, 1, 0, 0], 'C': [0, 0, 0, 1, 1, 0, 0, 1, 1, 0], 'D': [0, 1, 0, 1, 1, 0, 1, 0, 0, 1]}, '北门东南侧': {'A': [0, 0, 1, 1, 1, 0, 1, 1, 1, 0], 'B': [0, 1, 0, 0, 0, 0, 1, 0, 1, 0], 'C': [1, 1, 0, 1, 0, 0, 0, 0, 0, 0], 'D': [0, 0, 0, 1, 0, 1, 0, 0, 0, 0], 'E': [0, 1, 0, 0, 0, 0, 0, 1, 0, 0], 'F': [1, 0, 1, 1, 1, 1, 1, 0, 0, 1]}, '橘园北侧南': {'A': [0, 0, 0, 0, 0, 1, 1, 0, 0, 1], 'B': [1, 1, 1, 1, 0, 1, 0, 1, 1, 1], 'C': [0, 1, 1, 1, 0, 1, 1, 0, 0, 1], 'D': [1, 1, 1, 1, 1, 1, 1, 0, 1, 0], 'E': [1, 1, 1, 0, 1, 1, 0, 1, 0, 1], 'F': [0, 0, 1, 0, 0, 0, 0, 0, 0, 0], 'G': [0, 0, 1, 1, 0, 0, 1, 1, 0, 0], 'H': [0, 1, 1, 1, 1, 1, 0, 0, 0, 0], 'I': [0, 1, 0, 1, 0, 0, 1, 0, 0, 0], 'J': [0, 0, 0, 0, 0, 0, 0, 0, 0, 1]}, '校医院西': {'A': [0, 1, 0, 0, 1, 0, 0, 1, 0, 1], 'B': [1, 1, 1, 0, 1, 0, 0, 1, 0, 1], 'C': [0, 1, 1, 0, 1, 0, 1, 1, 0, 1], 'D': [1, 1, 1, 1, 1, 0, 0, 0, 1, 1], 'E': [1, 1, 1, 1, 1, 1, 1, 0, 1, 1], 'F': [0, 0, 1, 1, 1, 1, 1, 1, 1, 1], 'G': [0, 0, 0, 0, 0, 1, 0, 0, 0, 0], 'H': [0, 0, 0, 0, 0, 0, 0, 0, 0, 0], 'I': [0, 0, 0, 0, 0, 0, 0, 0, 0, 0]}}
623944	2024-07-13 16:29:00.494000+08:00	2024-07-13 16:29:00.494000+08:00	{'东门北侧': {'A': [1, 1, 1, 1, 1, 0, 1, 0, 1, 1], 'B': [1, 1, 1, 1, 1, 1, 1, 1, 1, 1], 'C': [0, 1, 1, 0, 1, 0, 1, 0, 1, 0], 'D': [1, 1, 1, 1, 1, 0, 1, 1, 0, 0], 'E': [1, 1, 1, 1, 1, 0, 1, 1, 1, 1], 'F': [1, 1, 1, 1, 1, 1, 1, 1, 0, 1], 'G': [1, 1, 1, 1, 1, 1, 1, 1, 0, 0], 'H': [1, 1, 1, 1, 1, 0, 1, 1, 0, 1], 'I': [1, 0, 1, 1, 1, 1, 0, 1, 0, 1], 'J': [1, 1, 0, 1, 0, 1, 1, 1, 1, 1], 'K': [0, 0, 0, 1, 1, 1, 1, 1, 0, 1]}, '东门南侧': {'A': [0, 0, 0, 0, 0, 0, 1, 1, 1, 0], 'B': [0, 0, 0, 0, 0, 0, 0, 0, 0, 0]}, '西门北侧': {'A': [1, 1, 1, 1, 1, 1, 1, 0, 0, 0], 'B': [1, 1, 1, 1, 0, 1, 1, 0, 1, 0], 'C': [1, 1, 1, 1, 1, 1, 1, 1, 1, 0]}, '西门南侧': {'A': [1, 1, 1, 1, 1, 0, 1, 1, 1, 1], 'B': [1, 1, 1, 1, 1, 1, 1, 1, 1, 1], 'C': [1, 1, 0, 1, 0, 0, 1, 1, 0, 1]}, '南门西侧': {'A': [1, 1, 1, 1, 1, 1, 1, 1, 1, 1], 'B': [0, 0, 0, 1, 0, 0, 0, 0, 0, 0]}, '南门东侧': {'A': [1, 1, 0, 1, 1, 1, 1, 1, 1, 1], 'B': [0, 0, 1, 1, 1, 0, 1, 1, 1, 1]}, '北门东北侧': {'A': [1, 1, 1, 1, 1, 1, 1, 1, 1, 1], 'B': [0, 1, 0, 1, 1, 0, 0, 1, 0, 0], 'C': [0, 0, 0, 1, 1, 0, 0, 1, 1, 0], 'D': [0, 1, 0, 1, 1, 0, 1, 0, 0, 1]}, '北门东南侧': {'A': [0, 0, 1, 1, 1, 0, 1, 1, 1, 0], 'B': [0, 1, 0, 0, 0, 0, 1, 0, 1, 0], 'C': [1, 1, 0, 1, 0, 0, 0, 0, 0, 0], 'D': [0, 0, 0, 1, 0, 1, 0, 0, 0, 0], 'E': [0, 1, 0, 0, 0, 0, 0, 1, 0, 0], 'F': [1, 0, 1, 1, 1, 1, 1, 0, 0, 1]}, '橘园北侧南': {'A': [0, 0, 0, 0, 0, 1, 1, 0, 0, 1], 'B': [1, 1, 1, 1, 0, 1, 0, 1, 1, 1], 'C': [0, 1, 1, 1, 0, 1, 1, 0, 0, 1], 'D': [1, 1, 1, 1, 1, 1, 1, 0, 1, 0], 'E': [1, 1, 1, 0, 1, 1, 0, 1, 0, 1], 'F': [0, 0, 1, 0, 0, 0, 0, 0, 0, 0], 'G': [0, 0, 1, 1, 0, 0, 1, 1, 0, 0], 'H': [0, 1, 1, 1, 1, 1, 0, 0, 0, 0], 'I': [0, 1, 0, 1, 0, 0, 1, 0, 0, 0], 'J': [0, 0, 0, 0, 0, 0, 0, 0, 0, 1]}, '校医院西': {'A': [0, 1, 0, 0, 1, 0, 0, 1, 0, 1], 'B': [1, 1, 1, 0, 1, 0, 0, 1, 0, 1], 'C': [0, 1, 1, 0, 1, 0, 1, 1, 0, 1], 'D': [1, 1, 1, 1, 1, 0, 0, 0, 1, 1], 'E': [1, 1, 1, 1, 1, 1, 1, 0, 1, 1], 'F': [0, 0, 1, 1, 1, 1, 1, 1, 1, 1], 'G': [0, 0, 0, 0, 0, 1, 0, 0, 0, 0], 'H': [0, 0, 0, 0, 0, 0, 0, 0, 0, 0], 'I': [0, 0, 0, 0, 0, 0, 0, 0, 0, 0]}}
623945	2024-07-13 16:30:07.420000+08:00	2024-07-13 16:30:07.420000+08:00	{'东门北侧': {'A': [1, 1, 1, 1, 1, 0, 1, 0, 1, 1], 'B': [1, 1, 1, 1, 1, 1, 1, 1, 1, 1], 'C': [0, 1, 1, 0, 1, 0, 1, 0, 1, 0], 'D': [1, 1, 1, 1, 1, 0, 1, 1, 0, 0], 'E': [1, 1, 1, 1, 1, 0, 1, 1, 1, 1], 'F': [1, 1, 1, 1, 1, 1, 1, 1, 0, 1], 'G': [1, 1, 1, 1, 1, 1, 1, 1, 0, 0], 'H': [1, 1, 1, 1, 1, 0, 1, 1, 0, 1], 'I': [1, 0, 1, 1, 1, 1, 0, 1, 0, 1], 'J': [1, 1, 0, 1, 0, 1, 1, 1, 1, 1], 'K': [0, 0, 0, 1, 1, 1, 1, 1, 0, 1]}, '东门南侧': {'A': [0, 0, 0, 0, 0, 0, 1, 1, 1, 0], 'B': [0, 0, 0, 0, 0, 0, 0, 0, 0, 0]}, '西门北侧': {'A': [1, 1, 1, 1, 1, 1, 1, 0, 0, 0], 'B': [1, 1, 1, 1, 0, 1, 1, 0, 1, 0], 'C': [1, 1, 1, 1, 1, 1, 1, 1, 1, 0]}, '西门南侧': {'A': [1, 1, 1, 1, 1, 0, 1, 1, 1, 1], 'B': [1, 1, 1, 1, 1, 1, 1, 1, 1, 1], 'C': [1, 1, 0, 1, 0, 0, 1, 1, 0, 1]}, '南门西侧': {'A': [1, 1, 1, 1, 1, 1, 1, 1, 1, 1], 'B': [0, 0, 0, 1, 0, 0, 0, 0, 0, 0]}, '南门东侧': {'A': [1, 1, 0, 1, 1, 1, 1, 1, 1, 1], 'B': [0, 0, 1, 1, 1, 0, 1, 1, 1, 1]}, '北门东北侧': {'A': [1, 1, 1, 1, 1, 1, 1, 1, 1, 1], 'B': [0, 1, 0, 1, 1, 0, 0, 1, 0, 0], 'C': [0, 0, 0, 1, 1, 0, 0, 1, 1, 0], 'D': [0, 1, 0, 1, 1, 0, 1, 0, 0, 1]}, '北门东南侧': {'A': [0, 0, 1, 1, 1, 0, 1, 1, 1, 0], 'B': [0, 1, 0, 0, 0, 0, 1, 0, 1, 0], 'C': [1, 1, 0, 1, 0, 0, 0, 0, 0, 0], 'D': [0, 0, 0, 1, 0, 1, 0, 0, 0, 0], 'E': [0, 1, 0, 0, 0, 0, 0, 1, 0, 0], 'F': [1, 0, 1, 1, 1, 1, 1, 0, 0, 1]}, '橘园北侧南': {'A': [0, 0, 0, 0, 0, 1, 1, 0, 0, 1], 'B': [1, 1, 1, 1, 0, 1, 0, 1, 1, 1], 'C': [0, 1, 1, 1, 0, 1, 1, 0, 0, 1], 'D': [1, 1, 1, 1, 1, 1, 1, 0, 1, 0], 'E': [1, 1, 1, 0, 1, 1, 0, 1, 0, 1], 'F': [0, 0, 1, 0, 0, 0, 0, 0, 0, 0], 'G': [0, 0, 1, 1, 0, 0, 1, 1, 0, 0], 'H': [0, 1, 1, 1, 1, 1, 0, 0, 0, 0], 'I': [0, 1, 0, 1, 0, 0, 1, 0, 0, 0], 'J': [0, 0, 0, 0, 0, 0, 0, 0, 0, 1]}, '校医院西': {'A': [0, 1, 0, 0, 1, 0, 0, 1, 0, 1], 'B': [1, 1, 1, 0, 1, 0, 0, 1, 0, 1], 'C': [0, 1, 1, 0, 1, 0, 1, 1, 0, 1], 'D': [1, 1, 1, 1, 1, 0, 0, 0, 1, 1], 'E': [1, 1, 1, 1, 1, 1, 1, 0, 1, 1], 'F': [0, 0, 1, 1, 1, 1, 1, 1, 1, 1], 'G': [0, 0, 0, 0, 0, 1, 0, 0, 0, 0], 'H': [0, 0, 0, 0, 0, 0, 0, 0, 0, 0], 'I': [0, 0, 0, 0, 0, 0, 0, 0, 0, 0]}}
623946	2024-07-13 16:31:01.756000+08:00	2024-07-13 16:31:01.756000+08:00	{'东门北侧': {'A': [1, 1, 1, 1, 1, 0, 1, 0, 1, 1], 'B': [1, 1, 1, 1, 1, 1, 1, 1, 1, 1], 'C': [0, 1, 1, 0, 1, 0, 1, 0, 1, 0], 'D': [1, 1, 1, 1, 1, 0, 0, 1, 0, 0], 'E': [1, 1, 1, 1, 1, 0, 1, 1, 1, 1], 'F': [1, 1, 1, 1, 1, 1, 1, 1, 0, 1], 'G': [1, 1, 1, 1, 1, 1, 1, 1, 0, 0], 'H': [1, 1, 1, 1, 1, 0, 1, 1, 0, 1], 'I': [1, 0, 1, 1, 1, 1, 0, 1, 0, 1], 'J': [1, 1, 0, 1, 0, 1, 1, 1, 1, 1], 'K': [0, 0, 0, 1, 1, 1, 1, 1, 0, 1]}, '东门南侧': {'A': [0, 0, 0, 0, 0, 0, 1, 1, 1, 0], 'B': [0, 0, 0, 0, 0, 0, 0, 0, 0, 0]}, '西门北侧': {'A': [1, 1, 1, 1, 1, 1, 1, 0, 0, 0], 'B': [1, 1, 1, 1, 0, 1, 1, 0, 1, 0], 'C': [1, 1, 1, 1, 1, 1, 1, 1, 1, 0]}, '西门南侧': {'A': [1, 1, 1, 1, 1, 0, 1, 1, 1, 1], 'B': [1, 1, 1, 1, 1, 1, 1, 1, 1, 1], 'C': [1, 1, 0, 1, 0, 0, 1, 1, 0, 1]}, '南门西侧': {'A': [1, 1, 1, 1, 1, 1, 1, 1, 1, 1], 'B': [0, 0, 0, 1, 0, 0, 0, 0, 0, 0]}, '南门东侧': {'A': [1, 1, 0, 1, 1, 1, 1, 1, 1, 1], 'B': [0, 0, 1, 1, 1, 0, 1, 1, 1, 1]}, '北门东北侧': {'A': [1, 1, 1, 1, 1, 1, 1, 1, 1, 1], 'B': [0, 1, 0, 1, 1, 0, 0, 1, 0, 0], 'C': [0, 0, 0, 1, 1, 0, 0, 1, 1, 0], 'D': [0, 1, 0, 1, 1, 0, 1, 0, 0, 1]}, '北门东南侧': {'A': [0, 0, 1, 1, 1, 0, 1, 1, 1, 0], 'B': [0, 1, 0, 0, 0, 0, 1, 0, 1, 0], 'C': [1, 1, 0, 1, 0, 0, 0, 0, 0, 0], 'D': [0, 0, 0, 1, 0, 1, 0, 0, 0, 0], 'E': [0, 1, 0, 0, 0, 0, 0, 1, 0, 0], 'F': [1, 0, 1, 1, 1, 1, 1, 0, 0, 1]}, '橘园北侧南': {'A': [0, 0, 0, 0, 0, 1, 1, 0, 0, 1], 'B': [1, 1, 1, 1, 0, 1, 0, 1, 1, 1], 'C': [0, 1, 1, 1, 0, 1, 1, 0, 0, 1], 'D': [1, 1, 1, 1, 1, 1, 1, 0, 1, 0], 'E': [1, 1, 1, 0, 1, 1, 0, 1, 0, 1], 'F': [0, 0, 1, 0, 0, 0, 0, 0, 0, 0], 'G': [0, 0, 1, 1, 0, 0, 1, 1, 0, 0], 'H': [0, 1, 1, 1, 1, 1, 0, 0, 0, 0], 'I': [0, 1, 0, 1, 0, 0, 1, 0, 0, 0], 'J': [0, 0, 0, 0, 0, 0, 0, 0, 0, 1]}, '校医院西': {'A': [0, 1, 0, 0, 1, 0, 0, 1, 0, 1], 'B': [1, 1, 1, 0, 1, 0, 0, 1, 0, 1], 'C': [0, 1, 1, 0, 1, 0, 1, 1, 0, 1], 'D': [1, 1, 1, 1, 1, 0, 0, 0, 1, 1], 'E': [1, 1, 1, 1, 1, 1, 1, 0, 1, 1], 'F': [0, 0, 1, 1, 1, 1, 1, 1, 1, 1], 'G': [0, 0, 0, 0, 0, 1, 0, 0, 0, 0], 'H': [0, 0, 0, 0, 0, 0, 0, 0, 0, 0], 'I': [0, 0, 0, 0, 0, 0, 0, 0, 0, 0]}}
623947	2024-07-13 16:32:00.476000+08:00	2024-07-13 16:32:00.476000+08:00	{'东门北侧': {'A': [1, 1, 1, 1, 1, 0, 1, 0, 1, 1], 'B': [1, 1, 1, 1, 1, 1, 1, 1, 1, 1], 'C': [0, 1, 1, 0, 1, 0, 1, 0, 1, 0], 'D': [1, 1, 1, 1, 1, 0, 0, 1, 0, 0], 'E': [1, 1, 1, 1, 1, 0, 1, 1, 1, 1], 'F': [1, 1, 1, 1, 1, 1, 1, 1, 0, 1], 'G': [1, 1, 1, 1, 1, 1, 1, 1, 0, 0], 'H': [1, 1, 1, 1, 1, 0, 1, 1, 0, 1], 'I': [1, 0, 1, 1, 1, 1, 0, 1, 0, 1], 'J': [1, 1, 0, 1, 0, 1, 1, 1, 1, 1], 'K': [0, 0, 0, 1, 1, 1, 1, 1, 0, 1]}, '东门南侧': {'A': [0, 0, 0, 0, 0, 0, 1, 1, 1, 0], 'B': [0, 0, 0, 0, 0, 0, 0, 0, 0, 0]}, '西门北侧': {'A': [1, 1, 1, 1, 1, 1, 1, 0, 0, 0], 'B': [1, 1, 1, 1, 0, 1, 1, 0, 1, 0], 'C': [1, 1, 1, 1, 1, 1, 1, 1, 1, 0]}, '西门南侧': {'A': [1, 1, 1, 1, 1, 0, 1, 1, 1, 1], 'B': [1, 1, 1, 1, 1, 1, 1, 1, 1, 1], 'C': [1, 1, 0, 1, 0, 0, 1, 1, 0, 1]}, '南门西侧': {'A': [1, 1, 1, 1, 1, 1, 1, 1, 1, 1], 'B': [0, 0, 0, 1, 0, 0, 0, 0, 0, 0]}, '南门东侧': {'A': [1, 1, 0, 1, 1, 1, 1, 1, 1, 1], 'B': [0, 0, 1, 1, 1, 0, 1, 1, 1, 1]}, '北门东北侧': {'A': [1, 1, 1, 1, 1, 1, 1, 1, 1, 1], 'B': [0, 1, 0, 1, 1, 0, 0, 1, 0, 0], 'C': [0, 0, 0, 1, 1, 0, 0, 1, 1, 0], 'D': [0, 1, 0, 1, 1, 0, 1, 0, 0, 1]}, '北门东南侧': {'A': [0, 0, 1, 1, 1, 0, 1, 1, 1, 0], 'B': [0, 1, 0, 0, 0, 0, 1, 0, 1, 0], 'C': [1, 1, 0, 1, 0, 0, 0, 0, 0, 0], 'D': [0, 0, 0, 1, 0, 1, 0, 0, 0, 0], 'E': [0, 1, 0, 0, 0, 0, 0, 1, 0, 0], 'F': [1, 0, 1, 1, 1, 1, 1, 0, 0, 1]}, '橘园北侧南': {'A': [0, 0, 0, 0, 0, 1, 1, 0, 0, 1], 'B': [1, 1, 1, 1, 0, 1, 0, 1, 1, 1], 'C': [0, 1, 1, 1, 0, 1, 1, 0, 0, 1], 'D': [1, 1, 1, 1, 1, 1, 1, 1, 1, 0], 'E': [1, 1, 1, 0, 1, 1, 0, 1, 0, 1], 'F': [0, 0, 1, 0, 0, 0, 0, 0, 0, 0], 'G': [0, 0, 1, 1, 0, 0, 1, 1, 0, 0], 'H': [0, 1, 1, 1, 1, 1, 0, 0, 0, 0], 'I': [0, 1, 0, 1, 0, 0, 1, 0, 0, 0], 'J': [0, 0, 0, 0, 0, 0, 0, 0, 0, 1]}, '校医院西': {'A': [0, 1, 0, 0, 1, 0, 0, 1, 0, 1], 'B': [1, 1, 1, 0, 1, 0, 0, 1, 0, 1], 'C': [0, 1, 1, 0, 1, 0, 1, 1, 0, 1], 'D': [1, 1, 1, 1, 1, 0, 0, 0, 1, 1], 'E': [1, 1, 1, 1, 1, 1, 1, 0, 1, 1], 'F': [0, 0, 1, 1, 1, 1, 1, 1, 1, 1], 'G': [0, 0, 0, 0, 0, 1, 0, 0, 0, 0], 'H': [0, 0, 0, 0, 0, 0, 0, 0, 0, 0], 'I': [0, 0, 0, 0, 0, 0, 0, 0, 0, 0]}}
623948	2024-07-13 16:32:58.701000+08:00	2024-07-13 16:32:58.701000+08:00	{'东门北侧': {'A': [1, 1, 1, 1, 1, 0, 1, 0, 1, 1], 'B': [1, 1, 1, 1, 1, 1, 1, 1, 1, 1], 'C': [0, 1, 1, 0, 1, 0, 1, 0, 1, 0], 'D': [1, 1, 1, 1, 1, 0, 0, 1, 0, 0], 'E': [1, 1, 1, 1, 1, 0, 1, 1, 1, 1], 'F': [1, 1, 1, 1, 1, 1, 1, 1, 0, 1], 'G': [1, 1, 1, 1, 1, 1, 1, 1, 0, 0], 'H': [1, 1, 1, 1, 1, 0, 1, 1, 0, 1], 'I': [1, 0, 1, 1, 1, 1, 0, 1, 0, 1], 'J': [1, 1, 0, 1, 0, 1, 1, 1, 1, 1], 'K': [0, 0, 0, 1, 1, 1, 1, 1, 0, 1]}, '东门南侧': {'A': [0, 0, 0, 0, 0, 0, 1, 1, 1, 0], 'B': [0, 0, 0, 0, 0, 0, 0, 0, 0, 0]}, '西门北侧': {'A': [1, 1, 1, 1, 1, 1, 1, 0, 0, 0], 'B': [1, 1, 1, 1, 0, 1, 1, 0, 1, 0], 'C': [1, 1, 1, 1, 1, 1, 1, 1, 1, 0]}, '西门南侧': {'A': [1, 1, 1, 1, 1, 0, 1, 1, 1, 1], 'B': [1, 1, 1, 1, 1, 1, 1, 1, 1, 1], 'C': [1, 1, 0, 1, 0, 0, 1, 1, 0, 1]}, '南门西侧': {'A': [1, 1, 1, 1, 1, 1, 1, 1, 1, 1], 'B': [0, 0, 0, 1, 0, 0, 0, 0, 0, 0]}, '南门东侧': {'A': [1, 1, 0, 1, 1, 1, 1, 1, 1, 1], 'B': [0, 0, 1, 1, 1, 0, 1, 1, 1, 1]}, '北门东北侧': {'A': [1, 1, 1, 1, 1, 1, 1, 1, 1, 1], 'B': [0, 1, 0, 1, 1, 0, 0, 1, 0, 0], 'C': [0, 0, 0, 1, 1, 0, 0, 1, 1, 0], 'D': [0, 1, 0, 1, 1, 0, 1, 0, 0, 1]}, '北门东南侧': {'A': [0, 0, 1, 1, 1, 0, 1, 1, 1, 0], 'B': [0, 1, 0, 0, 0, 0, 1, 0, 1, 0], 'C': [1, 1, 0, 1, 0, 0, 0, 0, 0, 0], 'D': [0, 0, 0, 1, 0, 1, 0, 0, 0, 0], 'E': [0, 1, 0, 0, 0, 0, 0, 1, 0, 0], 'F': [1, 0, 1, 1, 1, 1, 1, 0, 0, 1]}, '橘园北侧南': {'A': [0, 0, 0, 0, 0, 1, 1, 0, 0, 1], 'B': [1, 1, 1, 1, 0, 1, 0, 1, 1, 1], 'C': [0, 1, 1, 1, 0, 1, 1, 0, 0, 1], 'D': [1, 1, 1, 1, 1, 1, 1, 1, 1, 0], 'E': [1, 1, 1, 0, 1, 1, 0, 1, 0, 1], 'F': [0, 0, 1, 0, 0, 0, 0, 0, 0, 0], 'G': [0, 0, 1, 1, 0, 0, 1, 1, 0, 0], 'H': [0, 1, 1, 1, 1, 1, 0, 0, 0, 0], 'I': [0, 1, 0, 1, 0, 0, 1, 0, 1, 0], 'J': [0, 0, 0, 0, 0, 0, 0, 0, 0, 1]}, '校医院西': {'A': [0, 1, 0, 0, 1, 0, 0, 1, 0, 1], 'B': [1, 1, 1, 0, 1, 0, 0, 1, 0, 1], 'C': [0, 1, 1, 0, 1, 0, 1, 1, 0, 1], 'D': [1, 1, 1, 1, 1, 0, 0, 0, 1, 1], 'E': [1, 1, 1, 1, 1, 1, 1, 0, 1, 1], 'F': [0, 0, 1, 1, 1, 1, 1, 1, 1, 1], 'G': [0, 0, 0, 0, 0, 1, 0, 0, 0, 0], 'H': [0, 0, 0, 0, 0, 0, 0, 0, 0, 0], 'I': [0, 0, 0, 0, 0, 0, 0, 0, 0, 0]}}
623949	2024-07-13 16:34:01.885000+08:00	2024-07-13 16:34:01.885000+08:00	{'东门北侧': {'A': [1, 1, 1, 1, 1, 0, 1, 0, 1, 1], 'B': [1, 1, 1, 1, 1, 1, 1, 1, 1, 1], 'C': [0, 1, 1, 0, 1, 0, 1, 0, 1, 0], 'D': [1, 1, 1, 1, 1, 0, 0, 1, 0, 0], 'E': [1, 1, 1, 1, 1, 0, 1, 1, 1, 1], 'F': [1, 1, 1, 1, 1, 1, 1, 1, 0, 1], 'G': [1, 1, 1, 1, 1, 1, 1, 1, 0, 0], 'H': [1, 1, 1, 1, 1, 0, 1, 1, 0, 1], 'I': [1, 0, 1, 1, 1, 1, 0, 1, 0, 1], 'J': [1, 1, 0, 1, 0, 1, 1, 1, 1, 1], 'K': [0, 0, 0, 1, 1, 1, 1, 1, 0, 1]}, '东门南侧': {'A': [0, 0, 0, 0, 0, 0, 1, 1, 1, 0], 'B': [0, 0, 0, 0, 0, 0, 0, 0, 0, 0]}, '西门北侧': {'A': [1, 1, 1, 1, 1, 1, 1, 0, 0, 0], 'B': [1, 1, 1, 1, 0, 1, 1, 0, 1, 0], 'C': [1, 1, 1, 1, 1, 1, 1, 1, 1, 0]}, '西门南侧': {'A': [1, 1, 1, 1, 1, 0, 1, 1, 1, 1], 'B': [1, 1, 1, 1, 1, 1, 1, 1, 1, 1], 'C': [1, 1, 0, 1, 0, 0, 1, 1, 0, 1]}, '南门西侧': {'A': [1, 1, 1, 1, 1, 1, 1, 1, 1, 1], 'B': [0, 0, 0, 1, 0, 0, 0, 0, 0, 0]}, '南门东侧': {'A': [1, 1, 0, 1, 1, 1, 1, 1, 1, 1], 'B': [0, 0, 1, 1, 1, 0, 1, 1, 1, 1]}, '北门东北侧': {'A': [1, 1, 1, 1, 1, 1, 1, 1, 1, 1], 'B': [0, 1, 0, 1, 1, 0, 0, 1, 0, 0], 'C': [0, 0, 0, 1, 1, 0, 0, 1, 1, 0], 'D': [0, 1, 0, 1, 1, 0, 1, 0, 0, 1]}, '北门东南侧': {'A': [0, 0, 1, 1, 1, 0, 1, 1, 1, 0], 'B': [0, 1, 0, 0, 0, 0, 1, 0, 1, 0], 'C': [1, 1, 0, 1, 0, 0, 0, 0, 0, 0], 'D': [0, 0, 0, 1, 0, 1, 0, 0, 0, 0], 'E': [0, 1, 0, 0, 0, 0, 0, 1, 0, 0], 'F': [1, 0, 1, 1, 1, 1, 1, 0, 0, 1]}, '橘园北侧南': {'A': [0, 0, 0, 0, 0, 1, 1, 0, 0, 1], 'B': [1, 1, 1, 1, 0, 1, 0, 1, 1, 1], 'C': [0, 1, 1, 1, 0, 1, 1, 0, 0, 1], 'D': [1, 1, 1, 1, 1, 1, 1, 1, 1, 0], 'E': [1, 1, 1, 0, 1, 1, 0, 1, 0, 1], 'F': [0, 0, 1, 0, 0, 0, 0, 0, 0, 0], 'G': [0, 0, 1, 1, 0, 0, 1, 1, 0, 0], 'H': [0, 1, 1, 1, 1, 1, 0, 0, 0, 0], 'I': [0, 1, 0, 1, 0, 0, 1, 0, 1, 0], 'J': [0, 0, 0, 0, 0, 0, 0, 0, 0, 1]}, '校医院西': {'A': [0, 1, 0, 0, 1, 0, 0, 1, 0, 1], 'B': [1, 1, 1, 0, 1, 0, 0, 1, 0, 1], 'C': [0, 1, 1, 0, 1, 0, 1, 1, 0, 1], 'D': [1, 1, 1, 1, 1, 0, 0, 0, 1, 1], 'E': [1, 1, 1, 1, 1, 1, 1, 0, 1, 1], 'F': [0, 0, 1, 1, 1, 1, 1, 1, 1, 1], 'G': [0, 0, 0, 0, 0, 1, 0, 0, 0, 0], 'H': [0, 0, 0, 0, 1, 0, 0, 0, 0, 0], 'I': [0, 0, 0, 0, 0, 0, 0, 0, 0, 0]}}
623950	2024-07-13 16:35:00.188000+08:00	2024-07-13 16:35:00.188000+08:00	{'东门北侧': {'A': [1, 1, 1, 1, 1, 0, 1, 0, 1, 1], 'B': [1, 1, 1, 1, 1, 1, 1, 1, 1, 1], 'C': [0, 1, 1, 0, 1, 0, 1, 0, 1, 0], 'D': [1, 1, 1, 1, 1, 0, 0, 1, 0, 0], 'E': [1, 1, 1, 1, 1, 0, 1, 1, 1, 1], 'F': [1, 1, 1, 1, 1, 1, 1, 1, 0, 1], 'G': [1, 1, 1, 1, 1, 1, 1, 1, 0, 0], 'H': [1, 1, 1, 1, 1, 0, 1, 1, 0, 1], 'I': [1, 0, 1, 1, 1, 1, 0, 1, 0, 1], 'J': [1, 1, 0, 1, 0, 1, 1, 1, 1, 1], 'K': [0, 0, 0, 1, 1, 1, 1, 1, 0, 1]}, '东门南侧': {'A': [0, 0, 0, 0, 0, 0, 1, 1, 1, 0], 'B': [0, 0, 0, 0, 0, 0, 0, 0, 0, 0]}, '西门北侧': {'A': [1, 1, 1, 1, 1, 1, 1, 0, 0, 0], 'B': [1, 1, 1, 1, 0, 1, 1, 0, 1, 0], 'C': [1, 1, 1, 1, 1, 1, 1, 1, 1, 0]}, '西门南侧': {'A': [1, 1, 1, 1, 1, 0, 1, 1, 1, 1], 'B': [1, 1, 1, 1, 1, 1, 1, 1, 1, 1], 'C': [1, 1, 0, 1, 0, 0, 1, 1, 0, 1]}, '南门西侧': {'A': [1, 1, 1, 1, 1, 1, 1, 1, 1, 1], 'B': [0, 0, 0, 1, 0, 0, 0, 0, 0, 0]}, '南门东侧': {'A': [1, 1, 0, 1, 1, 1, 1, 1, 1, 1], 'B': [0, 0, 1, 1, 1, 0, 1, 1, 1, 1]}, '北门东北侧': {'A': [1, 1, 1, 1, 1, 1, 1, 1, 1, 1], 'B': [0, 1, 0, 1, 1, 0, 0, 1, 0, 0], 'C': [0, 0, 0, 1, 1, 0, 0, 1, 1, 0], 'D': [0, 1, 0, 1, 1, 0, 1, 0, 0, 1]}, '北门东南侧': {'A': [0, 0, 1, 1, 1, 0, 1, 1, 1, 0], 'B': [0, 1, 0, 0, 0, 0, 1, 0, 1, 0], 'C': [1, 1, 0, 1, 0, 0, 0, 0, 0, 0], 'D': [0, 0, 0, 1, 0, 1, 0, 0, 0, 0], 'E': [0, 1, 0, 0, 0, 0, 0, 1, 0, 0], 'F': [1, 0, 1, 1, 1, 1, 1, 0, 0, 1]}, '橘园北侧南': {'A': [0, 0, 0, 0, 0, 1, 1, 0, 0, 1], 'B': [1, 1, 1, 1, 0, 1, 0, 1, 1, 1], 'C': [0, 1, 1, 1, 0, 1, 1, 0, 0, 1], 'D': [1, 1, 1, 1, 1, 1, 1, 1, 1, 0], 'E': [1, 1, 1, 0, 1, 1, 0, 1, 0, 1], 'F': [0, 0, 1, 0, 0, 0, 0, 0, 0, 0], 'G': [0, 0, 1, 1, 0, 0, 1, 1, 0, 0], 'H': [0, 1, 1, 1, 1, 1, 0, 0, 0, 0], 'I': [0, 1, 0, 1, 0, 0, 1, 0, 1, 0], 'J': [0, 0, 0, 0, 0, 0, 0, 0, 0, 1]}, '校医院西': {'A': [0, 1, 0, 0, 1, 0, 0, 1, 0, 1], 'B': [1, 1, 1, 0, 1, 0, 0, 1, 0, 1], 'C': [0, 1, 1, 0, 1, 0, 1, 1, 0, 1], 'D': [1, 1, 1, 1, 1, 0, 0, 0, 1, 1], 'E': [1, 1, 1, 1, 1, 1, 1, 0, 1, 1], 'F': [0, 0, 1, 1, 1, 1, 1, 1, 1, 1], 'G': [0, 0, 0, 0, 0, 1, 0, 0, 0, 0], 'H': [0, 0, 0, 0, 1, 0, 0, 0, 0, 0], 'I': [0, 0, 1, 0, 0, 0, 0, 0, 0, 0]}}
623951	2024-07-13 16:36:03.043000+08:00	2024-07-13 16:36:03.043000+08:00	{'东门北侧': {'A': [1, 1, 1, 1, 1, 0, 1, 0, 1, 1], 'B': [1, 1, 1, 1, 1, 1, 1, 1, 1, 1], 'C': [0, 1, 1, 0, 1, 0, 1, 0, 1, 0], 'D': [1, 1, 1, 1, 1, 0, 0, 1, 0, 0], 'E': [1, 1, 1, 1, 1, 0, 1, 1, 1, 1], 'F': [1, 1, 1, 1, 1, 1, 1, 1, 0, 1], 'G': [1, 1, 1, 1, 1, 1, 1, 1, 0, 0], 'H': [1, 1, 1, 1, 1, 0, 1, 1, 0, 1], 'I': [1, 0, 1, 1, 1, 1, 0, 1, 0, 1], 'J': [1, 1, 0, 1, 0, 1, 1, 1, 1, 1], 'K': [0, 0, 0, 1, 1, 1, 1, 1, 0, 1]}, '东门南侧': {'A': [0, 0, 0, 0, 0, 0, 1, 1, 1, 0], 'B': [0, 0, 0, 0, 0, 0, 0, 0, 0, 0]}, '西门北侧': {'A': [1, 1, 1, 1, 1, 1, 1, 0, 0, 0], 'B': [1, 1, 1, 1, 0, 1, 1, 0, 1, 0], 'C': [1, 1, 1, 1, 1, 1, 1, 1, 1, 0]}, '西门南侧': {'A': [1, 1, 1, 1, 1, 0, 1, 1, 1, 1], 'B': [1, 1, 1, 1, 1, 1, 1, 1, 1, 1], 'C': [1, 1, 0, 1, 0, 0, 1, 1, 0, 1]}, '南门西侧': {'A': [1, 1, 1, 1, 1, 1, 1, 1, 1, 1], 'B': [0, 0, 0, 1, 0, 0, 0, 0, 0, 0]}, '南门东侧': {'A': [1, 1, 0, 1, 1, 1, 1, 1, 1, 1], 'B': [0, 0, 1, 1, 1, 0, 1, 1, 1, 1]}, '北门东北侧': {'A': [1, 1, 1, 1, 1, 1, 1, 1, 1, 1], 'B': [0, 1, 0, 1, 1, 0, 0, 1, 0, 0], 'C': [0, 0, 0, 1, 1, 0, 0, 1, 1, 0], 'D': [0, 1, 0, 1, 1, 0, 1, 0, 0, 1]}, '北门东南侧': {'A': [0, 0, 1, 1, 1, 0, 1, 1, 1, 0], 'B': [0, 1, 0, 0, 0, 0, 1, 0, 1, 0], 'C': [1, 1, 0, 1, 0, 0, 0, 0, 0, 0], 'D': [0, 0, 0, 1, 0, 1, 0, 0, 0, 0], 'E': [0, 1, 0, 0, 0, 0, 0, 1, 0, 0], 'F': [1, 0, 1, 1, 1, 1, 1, 0, 0, 1]}, '橘园北侧南': {'A': [0, 0, 0, 0, 0, 1, 1, 0, 0, 1], 'B': [1, 1, 1, 1, 0, 1, 0, 1, 1, 1], 'C': [0, 1, 1, 1, 0, 1, 1, 0, 0, 1], 'D': [1, 1, 1, 1, 1, 1, 1, 1, 1, 0], 'E': [1, 1, 1, 0, 1, 1, 0, 1, 0, 1], 'F': [0, 0, 1, 0, 0, 0, 0, 0, 0, 0], 'G': [0, 0, 1, 1, 0, 0, 1, 1, 0, 0], 'H': [0, 1, 1, 1, 1, 1, 0, 0, 0, 0], 'I': [0, 1, 0, 1, 0, 0, 1, 0, 1, 0], 'J': [0, 0, 0, 0, 0, 0, 0, 0, 0, 1]}, '校医院西': {'A': [0, 1, 0, 0, 1, 0, 0, 1, 0, 1], 'B': [1, 1, 1, 0, 1, 0, 0, 1, 0, 1], 'C': [0, 1, 1, 0, 1, 0, 1, 1, 0, 1], 'D': [1, 1, 1, 1, 1, 0, 0, 0, 1, 1], 'E': [1, 1, 1, 1, 1, 1, 1, 0, 1, 1], 'F': [0, 0, 1, 1, 1, 1, 1, 1, 1, 1], 'G': [0, 0, 0, 0, 0, 1, 0, 0, 0, 0], 'H': [0, 0, 0, 0, 1, 0, 0, 0, 0, 0], 'I': [0, 0, 1, 0, 0, 0, 0, 0, 0, 0]}}
623952	2024-07-13 16:37:01.696000+08:00	2024-07-13 16:37:01.696000+08:00	{'东门北侧': {'A': [1, 1, 1, 1, 1, 0, 1, 0, 1, 1], 'B': [1, 1, 1, 1, 1, 1, 1, 1, 1, 1], 'C': [0, 1, 1, 0, 1, 0, 1, 0, 1, 0], 'D': [1, 1, 1, 1, 1, 0, 0, 1, 0, 0], 'E': [1, 1, 1, 1, 1, 0, 1, 1, 1, 1], 'F': [1, 1, 1, 1, 1, 1, 1, 1, 0, 1], 'G': [1, 1, 1, 1, 1, 1, 1, 1, 0, 0], 'H': [1, 1, 1, 1, 1, 0, 1, 1, 0, 1], 'I': [1, 0, 1, 1, 1, 1, 0, 1, 0, 1], 'J': [1, 1, 0, 1, 0, 1, 1, 1, 1, 1], 'K': [0, 0, 0, 1, 1, 1, 1, 1, 0, 1]}, '东门南侧': {'A': [0, 0, 0, 0, 0, 0, 1, 1, 1, 0], 'B': [0, 0, 0, 0, 0, 0, 0, 0, 0, 0]}, '西门北侧': {'A': [1, 1, 1, 1, 1, 1, 1, 0, 0, 0], 'B': [1, 1, 1, 1, 0, 1, 1, 0, 1, 0], 'C': [1, 1, 1, 1, 1, 1, 1, 1, 1, 0]}, '西门南侧': {'A': [1, 1, 1, 1, 1, 0, 1, 1, 1, 1], 'B': [1, 1, 1, 1, 1, 1, 1, 1, 1, 1], 'C': [1, 1, 0, 1, 0, 0, 1, 1, 0, 1]}, '南门西侧': {'A': [1, 1, 1, 1, 1, 1, 1, 1, 1, 1], 'B': [0, 0, 0, 1, 0, 0, 0, 0, 0, 0]}, '南门东侧': {'A': [1, 1, 0, 1, 1, 1, 1, 1, 1, 1], 'B': [0, 0, 1, 1, 1, 0, 1, 1, 1, 1]}, '北门东北侧': {'A': [1, 1, 1, 1, 1, 1, 1, 1, 1, 1], 'B': [0, 1, 0, 1, 1, 0, 0, 1, 0, 0], 'C': [0, 0, 0, 1, 1, 0, 0, 1, 1, 0], 'D': [0, 1, 0, 1, 1, 0, 1, 0, 0, 1]}, '北门东南侧': {'A': [0, 0, 1, 1, 1, 0, 1, 1, 1, 0], 'B': [0, 1, 0, 0, 0, 0, 1, 0, 1, 0], 'C': [1, 1, 0, 1, 0, 0, 0, 0, 0, 0], 'D': [0, 0, 0, 1, 0, 1, 0, 0, 0, 0], 'E': [0, 1, 0, 0, 0, 0, 0, 1, 0, 0], 'F': [1, 0, 1, 1, 1, 1, 1, 0, 0, 1]}, '橘园北侧南': {'A': [0, 0, 0, 0, 0, 1, 1, 0, 0, 1], 'B': [1, 1, 1, 1, 0, 1, 0, 1, 1, 1], 'C': [0, 1, 1, 1, 0, 1, 1, 0, 0, 1], 'D': [1, 1, 1, 1, 1, 1, 1, 1, 1, 0], 'E': [1, 1, 1, 0, 1, 1, 0, 1, 0, 1], 'F': [0, 0, 1, 0, 0, 0, 0, 0, 0, 0], 'G': [0, 0, 1, 1, 0, 0, 1, 1, 0, 0], 'H': [0, 1, 1, 1, 1, 1, 0, 0, 0, 0], 'I': [0, 1, 0, 1, 0, 0, 1, 0, 1, 0], 'J': [0, 0, 0, 0, 0, 0, 0, 0, 0, 1]}, '校医院西': {'A': [0, 1, 0, 0, 1, 0, 0, 1, 0, 1], 'B': [1, 1, 1, 0, 1, 0, 0, 1, 0, 1], 'C': [0, 1, 1, 0, 1, 0, 1, 1, 0, 1], 'D': [1, 1, 1, 1, 1, 0, 0, 0, 1, 1], 'E': [1, 1, 1, 1, 1, 1, 1, 0, 1, 1], 'F': [0, 0, 1, 1, 1, 1, 1, 1, 1, 1], 'G': [0, 0, 0, 0, 0, 1, 0, 0, 0, 0], 'H': [0, 0, 0, 0, 1, 0, 0, 0, 0, 0], 'I': [0, 0, 1, 0, 0, 0, 0, 0, 0, 0]}}
623953	2024-07-13 16:38:00.466000+08:00	2024-07-13 16:38:00.466000+08:00	{'东门北侧': {'A': [1, 1, 1, 1, 1, 0, 1, 0, 1, 1], 'B': [1, 1, 1, 1, 1, 1, 1, 1, 1, 1], 'C': [0, 1, 1, 0, 1, 0, 1, 0, 1, 0], 'D': [1, 1, 1, 1, 1, 0, 0, 1, 0, 0], 'E': [1, 1, 1, 1, 1, 0, 1, 1, 1, 1], 'F': [1, 1, 1, 1, 1, 1, 1, 1, 0, 1], 'G': [1, 1, 1, 1, 1, 1, 1, 1, 0, 0], 'H': [1, 1, 1, 1, 1, 0, 1, 1, 0, 1], 'I': [1, 0, 1, 1, 1, 1, 0, 1, 0, 1], 'J': [1, 1, 0, 1, 0, 1, 1, 1, 1, 1], 'K': [0, 0, 0, 1, 1, 1, 1, 1, 0, 1]}, '东门南侧': {'A': [0, 0, 0, 0, 0, 0, 1, 1, 1, 0], 'B': [0, 0, 0, 0, 0, 0, 0, 0, 0, 0]}, '西门北侧': {'A': [1, 1, 1, 1, 1, 1, 1, 0, 0, 0], 'B': [1, 1, 1, 1, 0, 1, 1, 0, 1, 0], 'C': [1, 1, 1, 1, 1, 1, 1, 1, 1, 0]}, '西门南侧': {'A': [1, 1, 1, 1, 1, 0, 1, 1, 1, 1], 'B': [1, 1, 1, 1, 1, 1, 1, 1, 1, 1], 'C': [1, 1, 0, 1, 0, 0, 1, 1, 0, 1]}, '南门西侧': {'A': [1, 1, 1, 1, 1, 1, 1, 1, 1, 1], 'B': [0, 0, 0, 1, 0, 0, 0, 0, 0, 0]}, '南门东侧': {'A': [1, 1, 0, 1, 1, 1, 1, 1, 1, 1], 'B': [0, 0, 1, 1, 1, 0, 1, 1, 1, 1]}, '北门东北侧': {'A': [1, 1, 1, 1, 1, 1, 1, 1, 1, 1], 'B': [0, 1, 0, 1, 1, 0, 0, 1, 0, 0], 'C': [0, 0, 0, 1, 1, 0, 0, 1, 1, 0], 'D': [0, 1, 0, 1, 1, 0, 1, 0, 0, 1]}, '北门东南侧': {'A': [0, 0, 1, 1, 1, 0, 1, 1, 1, 0], 'B': [0, 1, 0, 0, 0, 0, 1, 0, 1, 0], 'C': [1, 1, 0, 1, 0, 0, 0, 0, 0, 0], 'D': [0, 0, 0, 1, 0, 1, 0, 0, 0, 0], 'E': [0, 1, 0, 0, 0, 0, 0, 1, 0, 0], 'F': [1, 0, 1, 1, 1, 1, 1, 0, 0, 1]}, '橘园北侧南': {'A': [0, 0, 0, 0, 0, 1, 1, 0, 0, 1], 'B': [1, 1, 1, 1, 0, 1, 0, 1, 1, 1], 'C': [0, 1, 1, 1, 0, 1, 1, 0, 0, 1], 'D': [1, 1, 1, 1, 1, 1, 1, 1, 1, 0], 'E': [1, 1, 1, 0, 1, 1, 0, 1, 0, 1], 'F': [0, 0, 1, 0, 0, 0, 0, 0, 0, 0], 'G': [0, 0, 1, 1, 0, 0, 1, 1, 0, 0], 'H': [0, 1, 1, 1, 1, 1, 0, 0, 0, 0], 'I': [0, 1, 0, 1, 0, 0, 1, 0, 1, 0], 'J': [0, 0, 0, 0, 0, 0, 0, 0, 0, 1]}, '校医院西': {'A': [0, 1, 0, 0, 1, 0, 0, 1, 0, 1], 'B': [1, 1, 1, 0, 1, 0, 0, 1, 0, 1], 'C': [0, 1, 1, 0, 1, 0, 1, 1, 0, 1], 'D': [1, 1, 1, 1, 1, 0, 0, 0, 1, 1], 'E': [1, 1, 1, 1, 1, 1, 1, 0, 1, 1], 'F': [0, 0, 1, 1, 1, 1, 1, 1, 1, 1], 'G': [0, 0, 0, 0, 0, 1, 0, 0, 0, 0], 'H': [0, 0, 0, 0, 1, 0, 0, 0, 0, 0], 'I': [0, 0, 1, 0, 0, 0, 0, 0, 0, 0]}}
623954	2024-07-13 16:38:58.501000+08:00	2024-07-13 16:38:58.501000+08:00	{'东门北侧': {'A': [1, 1, 1, 1, 1, 0, 1, 0, 1, 1], 'B': [1, 1, 1, 1, 1, 1, 1, 1, 1, 1], 'C': [0, 1, 1, 0, 1, 0, 1, 0, 1, 0], 'D': [1, 1, 1, 1, 1, 0, 0, 1, 0, 0], 'E': [1, 1, 1, 1, 1, 0, 1, 1, 1, 1], 'F': [1, 1, 1, 1, 1, 1, 1, 1, 0, 1], 'G': [1, 1, 1, 1, 1, 1, 1, 1, 0, 0], 'H': [1, 1, 1, 1, 1, 0, 1, 1, 0, 1], 'I': [1, 0, 1, 1, 1, 1, 0, 1, 0, 1], 'J': [1, 1, 0, 1, 0, 1, 1, 1, 1, 1], 'K': [0, 0, 0, 1, 1, 1, 1, 1, 0, 1]}, '东门南侧': {'A': [0, 0, 0, 0, 0, 0, 1, 1, 1, 0], 'B': [0, 0, 0, 0, 0, 0, 0, 0, 0, 0]}, '西门北侧': {'A': [1, 1, 1, 1, 1, 1, 1, 0, 0, 0], 'B': [1, 1, 1, 1, 0, 1, 1, 0, 1, 0], 'C': [1, 1, 1, 1, 1, 1, 1, 1, 1, 0]}, '西门南侧': {'A': [1, 1, 1, 1, 1, 0, 1, 1, 1, 1], 'B': [1, 1, 1, 1, 1, 1, 1, 1, 1, 1], 'C': [1, 1, 0, 1, 0, 0, 1, 1, 0, 1]}, '南门西侧': {'A': [1, 1, 1, 1, 1, 1, 1, 1, 1, 1], 'B': [0, 0, 0, 1, 0, 0, 0, 0, 0, 0]}, '南门东侧': {'A': [1, 1, 0, 1, 1, 1, 1, 1, 1, 1], 'B': [0, 0, 1, 1, 1, 0, 1, 1, 1, 1]}, '北门东北侧': {'A': [1, 1, 1, 1, 1, 1, 1, 1, 1, 1], 'B': [0, 1, 0, 1, 1, 0, 0, 1, 0, 0], 'C': [0, 0, 0, 1, 1, 0, 0, 1, 1, 0], 'D': [0, 1, 0, 1, 1, 0, 1, 0, 0, 1]}, '北门东南侧': {'A': [0, 0, 1, 1, 1, 0, 1, 1, 1, 0], 'B': [0, 1, 0, 0, 0, 0, 1, 0, 1, 0], 'C': [1, 1, 0, 1, 0, 0, 0, 0, 0, 0], 'D': [0, 0, 0, 1, 0, 1, 0, 0, 0, 0], 'E': [0, 1, 0, 0, 0, 0, 0, 1, 0, 0], 'F': [1, 0, 1, 1, 1, 1, 1, 0, 0, 1]}, '橘园北侧南': {'A': [0, 0, 0, 0, 0, 1, 1, 0, 0, 1], 'B': [1, 1, 1, 1, 0, 1, 0, 1, 1, 1], 'C': [0, 1, 1, 1, 0, 1, 1, 0, 0, 1], 'D': [1, 1, 1, 1, 1, 1, 1, 1, 1, 0], 'E': [1, 1, 1, 0, 1, 1, 0, 1, 0, 1], 'F': [0, 0, 1, 0, 0, 0, 0, 0, 0, 0], 'G': [0, 0, 1, 1, 0, 0, 1, 1, 0, 0], 'H': [0, 1, 1, 1, 1, 1, 0, 0, 0, 0], 'I': [0, 1, 0, 1, 0, 0, 1, 0, 1, 0], 'J': [0, 0, 0, 0, 0, 0, 0, 0, 0, 1]}, '校医院西': {'A': [0, 1, 0, 0, 1, 0, 0, 1, 0, 1], 'B': [1, 1, 1, 0, 1, 0, 0, 1, 0, 1], 'C': [0, 1, 1, 0, 1, 0, 1, 1, 0, 1], 'D': [1, 1, 1, 1, 1, 0, 0, 0, 1, 1], 'E': [1, 1, 1, 1, 1, 1, 1, 0, 1, 1], 'F': [0, 0, 1, 1, 1, 1, 1, 1, 1, 1], 'G': [0, 0, 0, 0, 0, 1, 0, 0, 0, 0], 'H': [0, 0, 0, 0, 1, 0, 0, 0, 0, 0], 'I': [0, 0, 0, 0, 0, 0, 0, 0, 0, 0]}}
623955	2024-07-13 16:40:01.715000+08:00	2024-07-13 16:40:01.715000+08:00	{'东门北侧': {'A': [1, 1, 1, 1, 1, 0, 1, 0, 1, 1], 'B': [1, 1, 1, 1, 1, 1, 1, 1, 1, 1], 'C': [0, 1, 1, 0, 1, 0, 1, 0, 1, 0], 'D': [1, 1, 1, 1, 1, 0, 0, 1, 0, 0], 'E': [1, 1, 1, 1, 1, 0, 1, 1, 1, 1], 'F': [1, 1, 1, 1, 1, 1, 1, 1, 0, 1], 'G': [1, 1, 1, 1, 1, 1, 1, 1, 0, 0], 'H': [1, 1, 1, 1, 1, 0, 1, 1, 0, 1], 'I': [1, 0, 1, 1, 1, 1, 0, 1, 0, 1], 'J': [1, 1, 0, 1, 0, 1, 1, 1, 1, 1], 'K': [0, 0, 0, 1, 1, 1, 1, 1, 0, 1]}, '东门南侧': {'A': [0, 0, 0, 0, 0, 0, 1, 1, 1, 0], 'B': [0, 0, 0, 0, 0, 0, 0, 0, 0, 0]}, '西门北侧': {'A': [1, 1, 1, 1, 1, 1, 1, 0, 0, 0], 'B': [1, 1, 1, 1, 0, 1, 1, 0, 1, 0], 'C': [1, 1, 1, 1, 1, 1, 1, 1, 1, 0]}, '西门南侧': {'A': [1, 1, 1, 1, 1, 0, 1, 1, 1, 1], 'B': [1, 1, 1, 1, 1, 1, 1, 1, 1, 1], 'C': [1, 1, 0, 1, 0, 0, 1, 1, 0, 1]}, '南门西侧': {'A': [1, 1, 1, 1, 1, 1, 1, 1, 1, 1], 'B': [0, 0, 0, 1, 0, 0, 0, 0, 0, 0]}, '南门东侧': {'A': [1, 1, 0, 1, 1, 1, 1, 1, 1, 1], 'B': [0, 0, 1, 1, 1, 0, 1, 1, 1, 1]}, '北门东北侧': {'A': [1, 1, 1, 1, 1, 1, 1, 1, 1, 1], 'B': [0, 1, 0, 1, 1, 0, 0, 1, 0, 0], 'C': [0, 0, 0, 1, 1, 0, 0, 1, 1, 0], 'D': [0, 1, 0, 1, 1, 0, 1, 0, 0, 1]}, '北门东南侧': {'A': [0, 0, 1, 1, 1, 0, 1, 1, 1, 0], 'B': [0, 1, 0, 0, 0, 0, 1, 0, 1, 0], 'C': [1, 1, 0, 1, 0, 0, 0, 0, 0, 0], 'D': [0, 0, 0, 1, 0, 1, 0, 0, 0, 0], 'E': [0, 1, 0, 1, 0, 0, 0, 1, 0, 0], 'F': [1, 0, 1, 1, 1, 1, 1, 0, 0, 1]}, '橘园北侧南': {'A': [0, 0, 0, 0, 0, 1, 1, 0, 0, 1], 'B': [1, 1, 1, 1, 0, 1, 0, 1, 1, 1], 'C': [0, 1, 1, 1, 0, 1, 1, 0, 0, 1], 'D': [1, 1, 1, 1, 1, 1, 1, 1, 1, 0], 'E': [1, 1, 1, 0, 1, 1, 0, 1, 0, 1], 'F': [0, 0, 1, 0, 0, 0, 0, 0, 0, 0], 'G': [0, 0, 1, 1, 0, 0, 1, 1, 0, 0], 'H': [0, 1, 1, 1, 1, 1, 0, 0, 0, 0], 'I': [0, 1, 0, 1, 0, 0, 1, 0, 1, 0], 'J': [0, 0, 0, 0, 0, 0, 0, 0, 0, 1]}, '校医院西': {'A': [0, 1, 0, 0, 1, 0, 0, 1, 0, 1], 'B': [1, 1, 1, 0, 1, 0, 0, 1, 0, 1], 'C': [0, 1, 1, 0, 1, 0, 1, 1, 0, 1], 'D': [1, 1, 1, 1, 1, 0, 0, 0, 1, 1], 'E': [1, 1, 1, 1, 1, 1, 1, 0, 1, 1], 'F': [0, 0, 1, 1, 1, 1, 1, 1, 1, 1], 'G': [0, 0, 0, 0, 0, 1, 0, 0, 0, 0], 'H': [0, 0, 0, 0, 1, 0, 0, 0, 0, 0], 'I': [0, 0, 1, 0, 0, 0, 0, 0, 0, 0]}}
623956	2024-07-13 16:41:01.465000+08:00	2024-07-13 16:41:01.465000+08:00	{'东门北侧': {'A': [1, 1, 1, 1, 1, 0, 1, 0, 1, 1], 'B': [1, 1, 1, 1, 1, 1, 1, 1, 1, 1], 'C': [0, 1, 1, 0, 1, 0, 1, 0, 1, 0], 'D': [1, 1, 1, 1, 1, 0, 0, 1, 0, 0], 'E': [1, 1, 1, 1, 1, 0, 1, 1, 1, 1], 'F': [1, 1, 1, 1, 1, 1, 1, 1, 0, 1], 'G': [1, 1, 1, 1, 1, 1, 1, 1, 0, 0], 'H': [1, 1, 1, 1, 1, 0, 1, 1, 0, 1], 'I': [1, 0, 1, 1, 1, 1, 0, 1, 0, 1], 'J': [1, 1, 0, 1, 0, 1, 1, 1, 1, 1], 'K': [0, 0, 0, 1, 1, 1, 1, 1, 0, 1]}, '东门南侧': {'A': [0, 0, 0, 0, 0, 0, 1, 1, 1, 0], 'B': [0, 0, 0, 0, 0, 0, 0, 0, 0, 0]}, '西门北侧': {'A': [1, 1, 1, 1, 1, 1, 1, 0, 0, 0], 'B': [1, 1, 1, 1, 0, 1, 1, 0, 1, 0], 'C': [1, 1, 1, 1, 1, 1, 1, 1, 1, 0]}, '西门南侧': {'A': [1, 1, 1, 1, 1, 0, 1, 1, 1, 1], 'B': [1, 1, 1, 1, 1, 1, 1, 1, 1, 1], 'C': [1, 1, 0, 1, 0, 0, 1, 1, 0, 1]}, '南门西侧': {'A': [1, 1, 1, 1, 1, 1, 1, 1, 1, 1], 'B': [0, 0, 0, 1, 0, 0, 0, 0, 0, 0]}, '南门东侧': {'A': [1, 1, 0, 1, 1, 1, 1, 1, 1, 1], 'B': [0, 0, 1, 1, 1, 0, 1, 1, 1, 1]}, '北门东北侧': {'A': [1, 1, 1, 1, 1, 1, 1, 1, 1, 1], 'B': [0, 1, 0, 1, 1, 0, 0, 1, 0, 0], 'C': [0, 0, 0, 1, 1, 0, 0, 1, 1, 0], 'D': [0, 1, 0, 1, 1, 0, 1, 0, 0, 1]}, '北门东南侧': {'A': [0, 0, 1, 1, 1, 0, 1, 1, 1, 0], 'B': [0, 1, 0, 0, 0, 0, 1, 0, 1, 0], 'C': [1, 1, 0, 1, 0, 0, 0, 0, 0, 0], 'D': [0, 0, 0, 1, 0, 1, 0, 0, 0, 0], 'E': [0, 1, 0, 1, 0, 0, 0, 1, 0, 0], 'F': [1, 0, 1, 1, 1, 1, 1, 0, 0, 1]}, '橘园北侧南': {'A': [0, 0, 0, 0, 0, 1, 1, 0, 0, 1], 'B': [1, 1, 1, 1, 0, 1, 0, 1, 1, 1], 'C': [0, 1, 1, 1, 0, 1, 1, 0, 0, 1], 'D': [1, 1, 1, 1, 1, 1, 1, 1, 1, 0], 'E': [1, 1, 1, 0, 1, 1, 0, 1, 0, 1], 'F': [0, 0, 1, 0, 0, 0, 0, 0, 0, 0], 'G': [0, 0, 1, 1, 0, 0, 1, 1, 0, 0], 'H': [0, 1, 1, 1, 1, 1, 0, 0, 0, 0], 'I': [0, 1, 0, 1, 0, 0, 1, 0, 1, 0], 'J': [0, 0, 0, 0, 0, 0, 0, 0, 0, 1]}, '校医院西': {'A': [0, 1, 0, 0, 1, 0, 0, 1, 0, 1], 'B': [1, 1, 1, 0, 1, 0, 0, 1, 0, 1], 'C': [0, 1, 1, 0, 1, 0, 1, 1, 0, 1], 'D': [1, 1, 1, 1, 1, 0, 0, 0, 1, 1], 'E': [1, 1, 1, 1, 1, 1, 1, 0, 1, 1], 'F': [0, 0, 1, 1, 1, 1, 1, 1, 1, 1], 'G': [0, 0, 0, 0, 0, 1, 0, 0, 0, 0], 'H': [0, 0, 0, 0, 1, 0, 0, 0, 0, 0], 'I': [0, 0, 1, 0, 0, 0, 0, 0, 0, 0]}}
623957	2024-07-13 16:42:01.465000+08:00	2024-07-13 16:42:01.465000+08:00	{'东门北侧': {'A': [1, 1, 1, 1, 1, 0, 1, 0, 1, 1], 'B': [1, 1, 1, 1, 1, 1, 1, 1, 1, 1], 'C': [0, 1, 1, 0, 1, 0, 1, 0, 1, 0], 'D': [1, 1, 1, 1, 1, 0, 0, 1, 0, 0], 'E': [1, 1, 1, 1, 1, 0, 1, 1, 1, 1], 'F': [1, 1, 1, 1, 1, 1, 1, 1, 0, 1], 'G': [1, 1, 1, 1, 1, 1, 1, 1, 0, 0], 'H': [1, 1, 1, 1, 1, 0, 1, 1, 0, 1], 'I': [1, 0, 1, 1, 1, 1, 0, 1, 0, 1], 'J': [1, 1, 0, 1, 0, 1, 1, 1, 1, 1], 'K': [0, 0, 0, 1, 1, 1, 1, 1, 0, 1]}, '东门南侧': {'A': [0, 0, 0, 0, 0, 0, 1, 1, 1, 0], 'B': [0, 0, 0, 0, 0, 0, 0, 0, 0, 0]}, '西门北侧': {'A': [1, 1, 1, 1, 1, 1, 1, 0, 0, 0], 'B': [1, 1, 1, 1, 0, 1, 1, 0, 1, 0], 'C': [1, 1, 1, 1, 1, 1, 1, 1, 1, 0]}, '西门南侧': {'A': [1, 1, 1, 1, 1, 0, 1, 1, 1, 1], 'B': [1, 1, 1, 1, 1, 1, 1, 1, 1, 1], 'C': [1, 1, 0, 1, 0, 0, 1, 1, 0, 1]}, '南门西侧': {'A': [1, 1, 1, 1, 1, 1, 1, 1, 1, 1], 'B': [0, 0, 0, 1, 0, 0, 0, 0, 0, 0]}, '南门东侧': {'A': [1, 1, 0, 1, 1, 1, 1, 1, 1, 1], 'B': [0, 0, 1, 1, 1, 0, 1, 1, 1, 1]}, '北门东北侧': {'A': [1, 1, 1, 1, 1, 1, 1, 1, 1, 1], 'B': [0, 1, 0, 1, 1, 0, 0, 1, 0, 0], 'C': [0, 0, 0, 1, 1, 0, 0, 1, 1, 0], 'D': [0, 1, 0, 1, 1, 0, 1, 0, 0, 1]}, '北门东南侧': {'A': [0, 0, 1, 1, 1, 0, 1, 1, 1, 0], 'B': [0, 1, 0, 0, 0, 0, 1, 0, 1, 0], 'C': [1, 1, 0, 1, 0, 0, 0, 0, 0, 0], 'D': [0, 0, 0, 1, 0, 1, 0, 0, 0, 0], 'E': [0, 1, 0, 1, 0, 0, 0, 1, 0, 0], 'F': [1, 0, 1, 1, 1, 1, 1, 0, 0, 1]}, '橘园北侧南': {'A': [0, 0, 0, 0, 0, 1, 1, 0, 0, 1], 'B': [1, 1, 1, 1, 0, 1, 0, 1, 1, 1], 'C': [0, 1, 1, 1, 0, 1, 1, 0, 0, 1], 'D': [1, 1, 1, 1, 1, 1, 1, 1, 1, 0], 'E': [1, 1, 1, 0, 1, 1, 0, 1, 0, 1], 'F': [0, 0, 1, 0, 0, 0, 0, 0, 0, 0], 'G': [0, 0, 1, 1, 0, 0, 1, 1, 0, 0], 'H': [0, 1, 1, 1, 1, 1, 0, 0, 0, 0], 'I': [0, 1, 0, 1, 0, 0, 1, 0, 1, 0], 'J': [0, 0, 0, 0, 0, 0, 0, 0, 0, 1]}, '校医院西': {'A': [0, 1, 0, 0, 1, 0, 0, 1, 0, 1], 'B': [1, 1, 1, 0, 1, 0, 0, 1, 0, 1], 'C': [0, 1, 1, 0, 1, 0, 1, 1, 0, 1], 'D': [1, 1, 1, 1, 1, 0, 0, 0, 1, 1], 'E': [1, 1, 1, 1, 1, 1, 1, 0, 1, 1], 'F': [0, 0, 1, 1, 1, 1, 1, 1, 1, 1], 'G': [0, 0, 0, 0, 0, 1, 0, 0, 0, 0], 'H': [0, 0, 0, 0, 1, 0, 0, 0, 0, 0], 'I': [0, 0, 1, 0, 0, 0, 0, 0, 0, 0]}}
623958	2024-07-13 16:43:01.467000+08:00	2024-07-13 16:43:01.467000+08:00	{'东门北侧': {'A': [1, 1, 1, 1, 1, 0, 1, 0, 1, 1], 'B': [1, 1, 1, 1, 1, 1, 1, 1, 1, 1], 'C': [0, 1, 1, 0, 1, 0, 1, 0, 1, 0], 'D': [1, 1, 1, 1, 1, 0, 0, 1, 0, 0], 'E': [1, 1, 1, 1, 1, 0, 1, 1, 1, 1], 'F': [1, 1, 1, 1, 1, 1, 1, 1, 0, 1], 'G': [1, 1, 1, 1, 1, 1, 1, 1, 0, 0], 'H': [1, 1, 1, 1, 1, 0, 1, 1, 0, 1], 'I': [1, 0, 1, 1, 1, 1, 0, 1, 0, 1], 'J': [1, 1, 0, 1, 0, 1, 1, 1, 1, 1], 'K': [0, 0, 0, 1, 1, 1, 1, 1, 0, 1]}, '东门南侧': {'A': [0, 0, 0, 0, 0, 0, 1, 1, 1, 0], 'B': [0, 0, 0, 0, 0, 0, 0, 0, 0, 0]}, '西门北侧': {'A': [1, 1, 1, 1, 1, 1, 1, 0, 0, 0], 'B': [1, 1, 1, 1, 0, 1, 1, 0, 1, 0], 'C': [1, 1, 1, 1, 1, 1, 1, 1, 1, 0]}, '西门南侧': {'A': [1, 1, 1, 1, 1, 0, 1, 1, 1, 1], 'B': [1, 1, 1, 1, 1, 1, 1, 1, 1, 1], 'C': [1, 1, 0, 1, 0, 0, 1, 1, 0, 1]}, '南门西侧': {'A': [1, 1, 1, 1, 1, 1, 1, 1, 1, 1], 'B': [0, 0, 0, 1, 0, 0, 0, 0, 0, 0]}, '南门东侧': {'A': [1, 1, 0, 1, 1, 1, 1, 1, 1, 1], 'B': [0, 0, 1, 1, 1, 0, 1, 1, 1, 1]}, '北门东北侧': {'A': [1, 1, 1, 1, 1, 1, 1, 1, 1, 1], 'B': [0, 1, 0, 1, 1, 0, 0, 1, 0, 0], 'C': [0, 0, 0, 1, 1, 0, 0, 1, 1, 0], 'D': [0, 1, 0, 1, 1, 0, 1, 0, 0, 1]}, '北门东南侧': {'A': [0, 0, 1, 1, 1, 0, 1, 1, 1, 0], 'B': [0, 1, 0, 0, 0, 0, 1, 0, 1, 0], 'C': [1, 1, 0, 1, 0, 0, 0, 0, 0, 0], 'D': [0, 0, 0, 1, 0, 1, 0, 0, 0, 0], 'E': [0, 1, 0, 1, 0, 0, 0, 1, 0, 0], 'F': [1, 0, 1, 1, 1, 1, 1, 0, 0, 1]}, '橘园北侧南': {'A': [0, 0, 0, 0, 0, 1, 1, 0, 0, 1], 'B': [1, 1, 1, 1, 0, 1, 0, 1, 1, 1], 'C': [0, 1, 1, 1, 0, 1, 1, 0, 0, 1], 'D': [1, 1, 1, 1, 1, 1, 1, 1, 1, 0], 'E': [1, 1, 1, 0, 1, 1, 0, 1, 0, 1], 'F': [0, 0, 1, 0, 0, 0, 0, 0, 0, 0], 'G': [0, 0, 1, 1, 0, 0, 1, 1, 0, 0], 'H': [0, 1, 1, 1, 1, 1, 0, 0, 0, 0], 'I': [0, 1, 0, 1, 0, 0, 1, 0, 1, 0], 'J': [0, 0, 0, 0, 0, 0, 0, 0, 0, 1]}, '校医院西': {'A': [0, 1, 0, 0, 1, 0, 0, 1, 0, 1], 'B': [1, 1, 1, 0, 1, 0, 0, 1, 0, 1], 'C': [0, 1, 1, 0, 1, 0, 1, 1, 0, 1], 'D': [1, 1, 1, 1, 1, 0, 0, 0, 1, 1], 'E': [1, 1, 1, 1, 1, 1, 1, 0, 1, 1], 'F': [0, 0, 1, 1, 1, 1, 1, 1, 1, 1], 'G': [0, 0, 0, 0, 0, 1, 0, 0, 0, 0], 'H': [0, 0, 0, 0, 0, 0, 0, 0, 0, 0], 'I': [0, 0, 1, 0, 0, 0, 0, 0, 0, 0]}}
623959	2024-07-13 16:44:01.497000+08:00	2024-07-13 16:44:01.497000+08:00	{'东门北侧': {'A': [1, 1, 1, 1, 1, 0, 1, 0, 1, 1], 'B': [1, 1, 1, 1, 1, 1, 1, 1, 1, 1], 'C': [0, 1, 1, 0, 1, 0, 1, 0, 1, 0], 'D': [1, 1, 1, 1, 1, 0, 0, 1, 0, 0], 'E': [1, 1, 1, 1, 1, 0, 1, 1, 1, 1], 'F': [1, 1, 1, 1, 1, 1, 1, 1, 0, 1], 'G': [1, 1, 1, 1, 1, 1, 1, 1, 0, 0], 'H': [1, 1, 1, 1, 1, 0, 1, 1, 0, 1], 'I': [1, 0, 1, 1, 1, 1, 0, 1, 0, 1], 'J': [1, 1, 0, 1, 0, 1, 1, 1, 1, 1], 'K': [0, 0, 0, 1, 1, 1, 1, 1, 0, 1]}, '东门南侧': {'A': [0, 0, 0, 0, 0, 0, 1, 1, 1, 0], 'B': [0, 0, 0, 0, 0, 0, 0, 0, 0, 0]}, '西门北侧': {'A': [1, 1, 1, 1, 1, 1, 1, 0, 0, 0], 'B': [1, 1, 1, 1, 0, 1, 1, 0, 1, 0], 'C': [1, 1, 1, 1, 1, 1, 1, 1, 1, 0]}, '西门南侧': {'A': [1, 1, 1, 1, 1, 0, 1, 1, 1, 1], 'B': [1, 1, 1, 1, 1, 1, 1, 1, 1, 1], 'C': [1, 1, 0, 1, 0, 0, 1, 1, 0, 1]}, '南门西侧': {'A': [1, 1, 1, 1, 1, 1, 1, 1, 1, 1], 'B': [0, 0, 0, 1, 0, 0, 0, 0, 0, 0]}, '南门东侧': {'A': [1, 1, 0, 1, 1, 1, 1, 1, 1, 1], 'B': [0, 0, 1, 1, 1, 0, 1, 1, 1, 1]}, '北门东北侧': {'A': [1, 1, 1, 1, 1, 1, 1, 1, 1, 1], 'B': [0, 1, 0, 1, 1, 0, 0, 1, 0, 0], 'C': [0, 0, 0, 1, 1, 0, 0, 1, 1, 0], 'D': [0, 1, 0, 1, 1, 0, 1, 0, 0, 1]}, '北门东南侧': {'A': [0, 0, 1, 1, 1, 0, 1, 1, 1, 0], 'B': [0, 1, 0, 0, 0, 0, 1, 0, 1, 0], 'C': [1, 1, 0, 1, 0, 0, 0, 0, 0, 0], 'D': [0, 0, 0, 1, 0, 1, 0, 0, 0, 0], 'E': [0, 1, 0, 1, 0, 0, 0, 1, 0, 0], 'F': [1, 0, 1, 1, 1, 1, 1, 0, 0, 1]}, '橘园北侧南': {'A': [0, 0, 0, 0, 0, 1, 1, 0, 0, 1], 'B': [1, 1, 1, 1, 0, 1, 0, 1, 1, 1], 'C': [0, 1, 1, 1, 0, 1, 1, 0, 0, 1], 'D': [1, 1, 1, 1, 1, 1, 1, 1, 1, 0], 'E': [1, 1, 1, 0, 1, 1, 0, 1, 0, 1], 'F': [0, 0, 1, 0, 0, 0, 0, 0, 0, 0], 'G': [0, 0, 1, 1, 0, 0, 1, 1, 0, 0], 'H': [0, 1, 1, 1, 1, 1, 0, 0, 0, 0], 'I': [0, 1, 0, 1, 0, 0, 1, 0, 1, 0], 'J': [0, 0, 0, 0, 0, 0, 0, 0, 0, 1]}, '校医院西': {'A': [0, 1, 0, 0, 1, 0, 0, 1, 0, 1], 'B': [1, 1, 1, 0, 1, 0, 0, 1, 0, 1], 'C': [0, 1, 1, 0, 0, 0, 1, 1, 0, 1], 'D': [1, 1, 1, 1, 1, 0, 0, 0, 1, 1], 'E': [1, 1, 1, 1, 1, 1, 1, 0, 1, 1], 'F': [0, 0, 1, 1, 1, 1, 1, 1, 1, 1], 'G': [0, 0, 0, 0, 0, 1, 0, 0, 0, 0], 'H': [0, 0, 0, 0, 0, 0, 0, 0, 0, 0], 'I': [0, 0, 1, 0, 0, 0, 0, 0, 0, 0]}}
623960	2024-07-13 16:45:00.643000+08:00	2024-07-13 16:45:00.643000+08:00	{'东门北侧': {'A': [1, 1, 1, 1, 1, 0, 1, 0, 1, 1], 'B': [1, 1, 1, 1, 1, 1, 1, 1, 1, 1], 'C': [0, 1, 1, 0, 1, 0, 1, 0, 1, 0], 'D': [1, 1, 1, 1, 1, 0, 0, 1, 0, 0], 'E': [1, 1, 1, 1, 1, 0, 1, 1, 1, 1], 'F': [1, 1, 1, 1, 1, 1, 1, 1, 0, 1], 'G': [1, 1, 1, 1, 1, 1, 1, 1, 0, 0], 'H': [1, 1, 1, 1, 1, 0, 1, 1, 0, 1], 'I': [1, 0, 1, 1, 1, 1, 0, 1, 0, 1], 'J': [1, 1, 0, 1, 0, 1, 1, 1, 1, 1], 'K': [0, 0, 0, 1, 1, 1, 1, 1, 0, 1]}, '东门南侧': {'A': [0, 0, 0, 0, 0, 0, 1, 1, 1, 0], 'B': [0, 0, 0, 0, 0, 0, 0, 0, 0, 0]}, '西门北侧': {'A': [1, 1, 1, 1, 1, 1, 1, 0, 0, 0], 'B': [1, 1, 1, 1, 0, 1, 1, 0, 1, 0], 'C': [1, 1, 1, 1, 1, 1, 1, 1, 1, 0]}, '西门南侧': {'A': [1, 1, 1, 1, 1, 0, 1, 1, 1, 1], 'B': [1, 1, 1, 1, 1, 1, 1, 1, 1, 1], 'C': [1, 1, 0, 1, 0, 0, 1, 1, 0, 1]}, '南门西侧': {'A': [1, 1, 1, 1, 1, 1, 1, 1, 1, 1], 'B': [0, 0, 0, 1, 0, 0, 0, 0, 0, 0]}, '南门东侧': {'A': [1, 1, 0, 1, 1, 1, 1, 1, 1, 1], 'B': [0, 0, 1, 1, 1, 0, 1, 1, 1, 1]}, '北门东北侧': {'A': [1, 1, 1, 1, 1, 1, 1, 1, 1, 1], 'B': [0, 1, 0, 1, 1, 0, 0, 1, 0, 0], 'C': [0, 0, 0, 1, 1, 0, 0, 1, 1, 0], 'D': [0, 1, 0, 1, 1, 0, 1, 0, 0, 1]}, '北门东南侧': {'A': [0, 0, 1, 1, 1, 0, 1, 1, 1, 0], 'B': [0, 1, 0, 0, 0, 0, 1, 0, 1, 0], 'C': [1, 1, 0, 1, 0, 0, 0, 0, 0, 0], 'D': [0, 0, 0, 1, 0, 1, 0, 0, 0, 0], 'E': [0, 1, 0, 1, 0, 0, 1, 1, 0, 0], 'F': [1, 0, 1, 1, 1, 1, 1, 0, 0, 1]}, '橘园北侧南': {'A': [0, 0, 0, 0, 0, 1, 1, 0, 0, 1], 'B': [1, 1, 1, 1, 0, 1, 0, 1, 1, 1], 'C': [0, 1, 1, 1, 0, 1, 1, 0, 0, 1], 'D': [1, 1, 1, 1, 1, 1, 1, 1, 1, 0], 'E': [1, 1, 1, 0, 1, 1, 0, 1, 0, 1], 'F': [0, 0, 1, 0, 0, 0, 0, 0, 0, 0], 'G': [0, 0, 1, 1, 0, 0, 1, 1, 0, 0], 'H': [0, 1, 1, 1, 1, 1, 0, 0, 0, 0], 'I': [0, 1, 0, 1, 0, 0, 1, 0, 1, 0], 'J': [0, 0, 0, 0, 0, 0, 0, 0, 0, 1]}, '校医院西': {'A': [0, 1, 0, 0, 1, 0, 0, 1, 0, 1], 'B': [1, 1, 1, 0, 1, 0, 0, 1, 0, 1], 'C': [0, 1, 1, 0, 0, 0, 1, 1, 0, 1], 'D': [1, 1, 1, 1, 1, 0, 0, 0, 1, 1], 'E': [1, 1, 1, 1, 1, 1, 1, 0, 1, 1], 'F': [0, 0, 1, 1, 1, 1, 1, 1, 1, 1], 'G': [0, 0, 0, 0, 0, 1, 0, 0, 0, 0], 'H': [0, 0, 0, 0, 0, 0, 0, 0, 0, 0], 'I': [0, 0, 1, 0, 0, 0, 0, 0, 0, 0]}}
623961	2024-07-13 16:45:59.477000+08:00	2024-07-13 16:45:59.477000+08:00	{'东门北侧': {'A': [1, 1, 1, 1, 1, 0, 1, 0, 1, 1], 'B': [1, 1, 1, 1, 1, 1, 1, 1, 1, 1], 'C': [0, 1, 1, 0, 1, 0, 1, 0, 1, 0], 'D': [1, 1, 1, 1, 1, 0, 0, 1, 0, 0], 'E': [1, 1, 1, 1, 1, 0, 1, 1, 1, 1], 'F': [1, 1, 1, 1, 1, 1, 1, 1, 0, 1], 'G': [1, 1, 1, 1, 1, 1, 1, 1, 0, 0], 'H': [1, 1, 1, 1, 1, 0, 1, 1, 0, 1], 'I': [1, 0, 1, 1, 1, 1, 0, 1, 0, 1], 'J': [1, 1, 0, 1, 0, 1, 1, 1, 1, 1], 'K': [0, 0, 0, 1, 1, 1, 1, 1, 0, 1]}, '东门南侧': {'A': [0, 0, 0, 0, 0, 0, 1, 1, 1, 0], 'B': [0, 0, 0, 0, 0, 0, 0, 0, 0, 0]}, '西门北侧': {'A': [1, 1, 1, 1, 1, 1, 1, 0, 0, 0], 'B': [1, 1, 1, 1, 0, 1, 1, 0, 1, 0], 'C': [1, 1, 1, 1, 1, 1, 1, 1, 1, 0]}, '西门南侧': {'A': [1, 1, 1, 1, 1, 0, 1, 1, 1, 1], 'B': [1, 1, 1, 1, 1, 1, 1, 1, 1, 1], 'C': [1, 1, 0, 1, 0, 0, 1, 1, 0, 1]}, '南门西侧': {'A': [1, 1, 1, 1, 1, 1, 1, 1, 1, 1], 'B': [0, 0, 0, 1, 0, 0, 0, 0, 0, 0]}, '南门东侧': {'A': [1, 1, 0, 1, 1, 1, 1, 1, 1, 1], 'B': [0, 0, 1, 1, 1, 0, 1, 1, 1, 1]}, '北门东北侧': {'A': [1, 1, 1, 1, 1, 1, 1, 1, 1, 1], 'B': [0, 1, 0, 1, 1, 0, 0, 1, 0, 0], 'C': [0, 0, 0, 1, 1, 0, 0, 1, 1, 0], 'D': [0, 1, 0, 1, 1, 0, 1, 0, 0, 1]}, '北门东南侧': {'A': [0, 0, 1, 1, 1, 0, 1, 1, 1, 0], 'B': [0, 1, 0, 0, 0, 0, 1, 0, 1, 0], 'C': [1, 1, 0, 1, 0, 0, 0, 0, 0, 0], 'D': [0, 0, 0, 1, 0, 1, 0, 0, 0, 0], 'E': [0, 1, 0, 1, 0, 0, 1, 1, 0, 0], 'F': [1, 0, 1, 1, 1, 1, 1, 0, 0, 1]}, '橘园北侧南': {'A': [0, 0, 0, 0, 0, 1, 1, 0, 0, 1], 'B': [1, 1, 1, 1, 0, 1, 0, 1, 1, 1], 'C': [0, 1, 1, 1, 0, 1, 1, 0, 0, 1], 'D': [1, 1, 1, 1, 1, 1, 1, 1, 1, 0], 'E': [1, 1, 1, 0, 1, 1, 0, 1, 0, 1], 'F': [0, 0, 1, 0, 0, 0, 0, 0, 0, 0], 'G': [0, 0, 1, 1, 0, 0, 1, 1, 0, 0], 'H': [0, 1, 1, 1, 1, 1, 0, 0, 0, 0], 'I': [0, 1, 0, 1, 0, 0, 1, 0, 1, 0], 'J': [0, 0, 0, 0, 0, 0, 0, 0, 0, 1]}, '校医院西': {'A': [0, 1, 0, 0, 1, 0, 0, 1, 0, 1], 'B': [1, 1, 1, 0, 1, 0, 0, 1, 0, 1], 'C': [0, 1, 1, 0, 0, 0, 1, 1, 0, 1], 'D': [1, 1, 1, 1, 1, 0, 0, 0, 1, 1], 'E': [1, 1, 1, 1, 1, 1, 1, 0, 1, 1], 'F': [0, 0, 1, 1, 1, 1, 1, 1, 1, 1], 'G': [0, 0, 0, 0, 0, 1, 0, 0, 0, 0], 'H': [0, 0, 0, 0, 0, 0, 0, 0, 0, 0], 'I': [0, 0, 1, 0, 0, 0, 0, 0, 0, 0]}}
623962	2024-07-13 16:46:58.522000+08:00	2024-07-13 16:46:58.522000+08:00	{'东门北侧': {'A': [1, 1, 1, 1, 1, 0, 1, 0, 1, 1], 'B': [1, 1, 1, 1, 1, 1, 1, 1, 1, 1], 'C': [0, 1, 1, 0, 1, 0, 1, 0, 1, 0], 'D': [1, 1, 1, 1, 1, 0, 0, 1, 0, 0], 'E': [1, 1, 1, 1, 1, 0, 1, 1, 1, 1], 'F': [1, 1, 1, 1, 1, 1, 1, 1, 0, 1], 'G': [1, 1, 1, 1, 1, 1, 1, 1, 0, 0], 'H': [1, 1, 1, 1, 1, 0, 1, 1, 0, 1], 'I': [1, 0, 1, 1, 1, 1, 0, 1, 0, 1], 'J': [1, 1, 0, 1, 0, 1, 1, 1, 1, 1], 'K': [0, 0, 0, 1, 1, 1, 1, 1, 0, 1]}, '东门南侧': {'A': [0, 0, 0, 0, 0, 0, 1, 1, 1, 0], 'B': [0, 0, 0, 0, 0, 0, 0, 0, 0, 0]}, '西门北侧': {'A': [1, 1, 1, 1, 1, 1, 1, 0, 0, 0], 'B': [1, 1, 1, 1, 0, 1, 1, 0, 1, 0], 'C': [1, 1, 1, 1, 1, 1, 1, 1, 1, 0]}, '西门南侧': {'A': [1, 1, 1, 1, 1, 0, 1, 1, 1, 1], 'B': [1, 1, 1, 1, 1, 1, 1, 1, 1, 1], 'C': [1, 1, 0, 1, 0, 0, 1, 1, 0, 1]}, '南门西侧': {'A': [1, 1, 1, 1, 1, 1, 1, 1, 1, 1], 'B': [0, 0, 0, 1, 0, 0, 0, 0, 0, 0]}, '南门东侧': {'A': [1, 1, 0, 1, 1, 1, 1, 1, 1, 1], 'B': [0, 0, 1, 1, 1, 0, 1, 1, 1, 1]}, '北门东北侧': {'A': [1, 1, 1, 1, 1, 1, 1, 1, 1, 1], 'B': [0, 1, 0, 1, 1, 0, 0, 1, 0, 0], 'C': [0, 0, 0, 1, 1, 0, 0, 1, 1, 0], 'D': [0, 1, 0, 1, 1, 0, 1, 0, 0, 1]}, '北门东南侧': {'A': [0, 0, 1, 1, 1, 0, 1, 1, 1, 0], 'B': [0, 1, 0, 0, 0, 0, 1, 0, 1, 0], 'C': [1, 1, 0, 1, 0, 0, 0, 0, 0, 0], 'D': [0, 0, 0, 1, 0, 1, 0, 0, 0, 0], 'E': [0, 1, 0, 1, 0, 0, 1, 1, 0, 0], 'F': [1, 0, 1, 1, 1, 1, 1, 0, 0, 1]}, '橘园北侧南': {'A': [0, 0, 0, 0, 0, 1, 1, 0, 0, 1], 'B': [1, 1, 1, 1, 0, 1, 0, 1, 1, 1], 'C': [0, 1, 1, 1, 0, 1, 1, 0, 0, 1], 'D': [1, 1, 1, 1, 1, 1, 1, 1, 1, 0], 'E': [1, 1, 1, 0, 1, 1, 0, 1, 0, 1], 'F': [0, 0, 1, 0, 0, 0, 0, 0, 0, 0], 'G': [0, 0, 1, 1, 0, 0, 1, 1, 0, 0], 'H': [0, 1, 1, 1, 1, 1, 0, 0, 0, 0], 'I': [0, 1, 0, 1, 0, 0, 1, 0, 1, 0], 'J': [0, 0, 0, 0, 0, 0, 0, 0, 0, 1]}, '校医院西': {'A': [0, 1, 0, 0, 1, 0, 0, 1, 0, 1], 'B': [1, 1, 1, 0, 1, 0, 0, 1, 0, 1], 'C': [0, 1, 1, 0, 1, 0, 1, 1, 0, 1], 'D': [1, 1, 1, 1, 1, 0, 0, 0, 1, 1], 'E': [1, 1, 1, 1, 1, 1, 1, 0, 1, 1], 'F': [0, 0, 1, 1, 1, 1, 1, 1, 1, 1], 'G': [0, 0, 0, 0, 0, 1, 0, 0, 0, 0], 'H': [0, 0, 0, 0, 0, 0, 0, 0, 0, 0], 'I': [0, 0, 1, 0, 0, 0, 0, 0, 0, 0]}}
623963	2024-07-13 16:47:58.591000+08:00	2024-07-13 16:47:58.591000+08:00	{'东门北侧': {'A': [1, 1, 1, 1, 1, 0, 1, 0, 1, 1], 'B': [1, 1, 1, 1, 1, 1, 1, 1, 1, 1], 'C': [0, 1, 1, 0, 1, 0, 1, 0, 1, 0], 'D': [1, 1, 1, 1, 1, 0, 0, 1, 0, 0], 'E': [1, 1, 1, 1, 1, 0, 1, 1, 1, 1], 'F': [1, 1, 1, 1, 1, 1, 1, 1, 0, 1], 'G': [1, 1, 1, 1, 1, 1, 1, 1, 0, 0], 'H': [1, 1, 1, 1, 1, 0, 1, 1, 0, 1], 'I': [1, 0, 1, 1, 1, 1, 0, 1, 0, 1], 'J': [1, 1, 0, 1, 0, 1, 1, 1, 1, 1], 'K': [0, 0, 0, 1, 1, 1, 1, 1, 0, 1]}, '东门南侧': {'A': [0, 0, 0, 0, 0, 0, 1, 1, 1, 0], 'B': [0, 0, 0, 0, 0, 0, 0, 0, 0, 0]}, '西门北侧': {'A': [1, 1, 1, 1, 1, 1, 1, 0, 0, 0], 'B': [1, 1, 1, 1, 0, 1, 1, 0, 1, 0], 'C': [1, 1, 1, 1, 1, 1, 1, 1, 1, 0]}, '西门南侧': {'A': [1, 1, 1, 1, 1, 0, 1, 1, 1, 1], 'B': [1, 1, 1, 1, 1, 1, 1, 1, 1, 1], 'C': [1, 1, 0, 1, 0, 0, 1, 1, 0, 1]}, '南门西侧': {'A': [1, 1, 1, 1, 1, 1, 1, 1, 1, 1], 'B': [0, 0, 0, 1, 0, 0, 0, 0, 0, 0]}, '南门东侧': {'A': [1, 1, 0, 1, 1, 1, 1, 1, 1, 1], 'B': [0, 0, 1, 1, 1, 0, 1, 1, 1, 1]}, '北门东北侧': {'A': [1, 1, 1, 1, 1, 1, 1, 1, 1, 1], 'B': [0, 1, 0, 1, 1, 0, 0, 1, 0, 0], 'C': [0, 0, 0, 1, 1, 0, 0, 1, 1, 0], 'D': [0, 1, 0, 1, 1, 0, 1, 0, 0, 1]}, '北门东南侧': {'A': [0, 0, 1, 1, 1, 0, 1, 1, 1, 0], 'B': [0, 1, 0, 0, 0, 0, 1, 0, 1, 0], 'C': [1, 1, 0, 1, 0, 0, 0, 0, 0, 0], 'D': [0, 0, 0, 1, 0, 1, 0, 0, 0, 0], 'E': [0, 1, 0, 0, 0, 0, 1, 1, 0, 0], 'F': [1, 0, 1, 1, 1, 1, 1, 0, 0, 1]}, '橘园北侧南': {'A': [0, 0, 0, 0, 0, 1, 1, 0, 0, 1], 'B': [1, 1, 1, 1, 0, 1, 0, 1, 1, 1], 'C': [0, 1, 1, 1, 0, 1, 1, 0, 0, 1], 'D': [1, 1, 1, 1, 1, 1, 1, 1, 1, 0], 'E': [1, 1, 1, 0, 1, 1, 0, 1, 0, 1], 'F': [0, 0, 1, 0, 0, 0, 0, 0, 0, 0], 'G': [0, 0, 1, 1, 0, 0, 1, 1, 0, 0], 'H': [0, 1, 1, 1, 1, 1, 0, 0, 0, 0], 'I': [0, 1, 0, 1, 0, 0, 1, 0, 1, 0], 'J': [0, 0, 0, 0, 0, 0, 0, 0, 0, 1]}, '校医院西': {'A': [0, 1, 0, 0, 1, 0, 0, 1, 0, 1], 'B': [1, 1, 1, 0, 1, 0, 0, 1, 0, 1], 'C': [0, 1, 1, 0, 1, 0, 1, 1, 0, 1], 'D': [1, 1, 1, 1, 1, 0, 0, 0, 1, 1], 'E': [1, 1, 1, 1, 1, 1, 1, 0, 1, 1], 'F': [0, 0, 1, 1, 1, 1, 1, 1, 1, 1], 'G': [0, 0, 0, 0, 0, 1, 0, 0, 0, 0], 'H': [0, 0, 0, 0, 0, 0, 0, 0, 0, 0], 'I': [0, 0, 1, 0, 0, 0, 0, 0, 0, 0]}}
623964	2024-07-13 16:49:01.452000+08:00	2024-07-13 16:49:01.452000+08:00	{'东门北侧': {'A': [1, 1, 1, 1, 1, 0, 1, 0, 1, 1], 'B': [1, 1, 1, 1, 1, 1, 1, 1, 1, 1], 'C': [0, 1, 1, 0, 1, 0, 1, 0, 1, 0], 'D': [1, 1, 1, 1, 1, 0, 0, 1, 0, 0], 'E': [1, 1, 1, 1, 1, 0, 1, 1, 1, 1], 'F': [1, 1, 1, 1, 1, 1, 1, 1, 0, 1], 'G': [1, 1, 1, 1, 1, 1, 1, 1, 0, 0], 'H': [1, 1, 1, 1, 1, 0, 1, 1, 0, 1], 'I': [1, 0, 1, 1, 1, 1, 0, 1, 0, 1], 'J': [1, 1, 0, 1, 0, 1, 1, 1, 1, 1], 'K': [0, 0, 0, 1, 1, 1, 1, 1, 0, 1]}, '东门南侧': {'A': [0, 0, 0, 0, 0, 0, 1, 1, 1, 0], 'B': [0, 0, 0, 0, 0, 0, 0, 0, 0, 0]}, '西门北侧': {'A': [1, 1, 1, 1, 1, 1, 1, 0, 0, 0], 'B': [1, 1, 1, 1, 0, 1, 1, 0, 1, 0], 'C': [1, 1, 1, 1, 1, 1, 1, 1, 1, 0]}, '西门南侧': {'A': [1, 1, 1, 1, 1, 0, 1, 1, 1, 1], 'B': [1, 1, 1, 1, 1, 1, 1, 1, 1, 1], 'C': [1, 1, 0, 1, 0, 0, 1, 1, 0, 1]}, '南门西侧': {'A': [1, 1, 1, 1, 1, 1, 1, 1, 1, 1], 'B': [0, 0, 0, 1, 0, 0, 0, 0, 0, 0]}, '南门东侧': {'A': [1, 1, 0, 1, 1, 1, 1, 1, 1, 1], 'B': [0, 0, 1, 1, 1, 0, 1, 1, 1, 1]}, '北门东北侧': {'A': [1, 1, 1, 1, 1, 1, 1, 1, 1, 1], 'B': [0, 1, 0, 1, 1, 0, 0, 1, 0, 0], 'C': [0, 0, 0, 1, 1, 0, 0, 1, 1, 0], 'D': [0, 1, 0, 1, 1, 0, 1, 0, 0, 1]}, '北门东南侧': {'A': [0, 0, 1, 1, 1, 0, 1, 1, 1, 0], 'B': [0, 1, 0, 0, 0, 0, 1, 0, 1, 0], 'C': [1, 1, 0, 1, 0, 0, 0, 0, 0, 0], 'D': [0, 0, 0, 1, 0, 1, 0, 0, 0, 0], 'E': [0, 1, 0, 0, 0, 0, 1, 1, 0, 0], 'F': [1, 0, 1, 1, 1, 1, 1, 0, 0, 1]}, '橘园北侧南': {'A': [0, 0, 0, 0, 0, 1, 1, 0, 0, 1], 'B': [1, 1, 1, 1, 0, 1, 0, 1, 1, 1], 'C': [0, 1, 1, 1, 0, 1, 1, 0, 0, 1], 'D': [1, 1, 1, 1, 1, 1, 1, 1, 1, 0], 'E': [1, 1, 1, 0, 1, 1, 0, 1, 0, 1], 'F': [0, 0, 1, 0, 0, 0, 0, 0, 0, 0], 'G': [0, 0, 1, 1, 0, 0, 1, 1, 0, 0], 'H': [0, 1, 1, 1, 1, 1, 0, 0, 0, 0], 'I': [0, 1, 0, 1, 0, 0, 1, 0, 1, 0], 'J': [0, 0, 0, 0, 0, 0, 0, 0, 0, 1]}, '校医院西': {'A': [0, 1, 0, 0, 1, 0, 0, 1, 0, 1], 'B': [1, 1, 1, 0, 1, 0, 0, 1, 0, 1], 'C': [0, 1, 1, 0, 1, 0, 1, 1, 0, 1], 'D': [1, 1, 1, 1, 1, 0, 0, 0, 1, 1], 'E': [1, 1, 1, 1, 1, 1, 1, 0, 1, 1], 'F': [0, 0, 1, 1, 1, 1, 1, 1, 1, 1], 'G': [0, 0, 0, 0, 0, 1, 0, 0, 0, 0], 'H': [0, 0, 0, 0, 0, 0, 0, 0, 0, 0], 'I': [0, 0, 1, 0, 0, 0, 0, 0, 0, 0]}}
623965	2024-07-13 16:49:59.687000+08:00	2024-07-13 16:49:59.687000+08:00	{'东门北侧': {'A': [1, 1, 1, 1, 1, 0, 1, 0, 1, 1], 'B': [1, 1, 1, 1, 1, 1, 1, 1, 1, 1], 'C': [0, 1, 1, 0, 1, 0, 1, 0, 1, 0], 'D': [1, 1, 1, 1, 1, 0, 0, 1, 0, 0], 'E': [1, 1, 1, 1, 1, 0, 1, 1, 1, 1], 'F': [1, 1, 1, 1, 1, 1, 1, 1, 0, 1], 'G': [1, 1, 1, 1, 1, 1, 1, 1, 0, 0], 'H': [1, 1, 1, 1, 1, 0, 1, 1, 0, 1], 'I': [1, 0, 1, 1, 1, 1, 0, 1, 0, 1], 'J': [1, 1, 0, 1, 0, 1, 1, 1, 1, 1], 'K': [0, 0, 0, 1, 1, 1, 1, 1, 0, 1]}, '东门南侧': {'A': [0, 0, 0, 0, 0, 0, 1, 1, 1, 0], 'B': [0, 0, 0, 0, 0, 0, 0, 0, 0, 0]}, '西门北侧': {'A': [1, 1, 1, 1, 1, 1, 1, 0, 0, 0], 'B': [1, 1, 1, 1, 0, 1, 1, 0, 1, 0], 'C': [1, 1, 1, 1, 1, 1, 1, 1, 1, 0]}, '西门南侧': {'A': [1, 1, 1, 1, 1, 0, 1, 1, 1, 1], 'B': [1, 1, 1, 1, 1, 1, 1, 1, 1, 1], 'C': [1, 1, 0, 1, 0, 0, 1, 1, 0, 1]}, '南门西侧': {'A': [1, 1, 1, 1, 1, 1, 1, 1, 1, 1], 'B': [0, 0, 0, 1, 0, 0, 0, 0, 0, 0]}, '南门东侧': {'A': [1, 1, 0, 1, 1, 1, 1, 1, 1, 1], 'B': [0, 0, 1, 1, 1, 0, 1, 1, 1, 1]}, '北门东北侧': {'A': [1, 1, 1, 1, 1, 1, 1, 1, 1, 1], 'B': [0, 1, 0, 1, 1, 0, 0, 1, 0, 0], 'C': [0, 0, 0, 1, 1, 0, 0, 1, 1, 0], 'D': [0, 1, 0, 1, 1, 0, 1, 0, 0, 1]}, '北门东南侧': {'A': [0, 0, 1, 1, 1, 0, 1, 1, 1, 0], 'B': [0, 1, 0, 0, 0, 0, 1, 0, 1, 0], 'C': [1, 1, 0, 1, 0, 0, 0, 0, 0, 0], 'D': [0, 0, 0, 1, 0, 1, 0, 0, 0, 0], 'E': [0, 1, 0, 0, 0, 0, 1, 1, 0, 0], 'F': [1, 0, 1, 1, 1, 1, 1, 0, 0, 1]}, '橘园北侧南': {'A': [0, 0, 0, 0, 0, 1, 1, 0, 0, 1], 'B': [1, 1, 1, 1, 0, 1, 0, 1, 1, 1], 'C': [0, 1, 1, 1, 0, 1, 1, 0, 0, 1], 'D': [1, 1, 1, 1, 1, 1, 1, 1, 1, 0], 'E': [1, 1, 1, 0, 1, 1, 0, 1, 0, 1], 'F': [0, 0, 1, 0, 0, 0, 0, 0, 0, 0], 'G': [0, 0, 1, 1, 0, 0, 1, 1, 0, 0], 'H': [0, 1, 1, 1, 1, 1, 0, 0, 1, 0], 'I': [0, 1, 0, 1, 0, 0, 1, 0, 1, 0], 'J': [0, 0, 0, 0, 0, 0, 0, 0, 0, 1]}, '校医院西': {'A': [0, 1, 0, 0, 1, 0, 0, 1, 0, 1], 'B': [1, 1, 1, 0, 1, 0, 0, 1, 0, 1], 'C': [0, 1, 1, 0, 0, 0, 1, 1, 0, 1], 'D': [1, 1, 1, 1, 1, 0, 0, 0, 1, 1], 'E': [1, 1, 1, 1, 1, 1, 1, 0, 1, 1], 'F': [0, 0, 1, 1, 1, 1, 1, 1, 1, 1], 'G': [0, 0, 0, 0, 0, 1, 0, 0, 0, 0], 'H': [0, 0, 0, 0, 0, 0, 0, 0, 0, 0], 'I': [0, 0, 1, 0, 0, 0, 0, 0, 0, 0]}}
623966	2024-07-13 16:50:58.507000+08:00	2024-07-13 16:50:58.507000+08:00	{'东门北侧': {'A': [1, 1, 1, 1, 1, 0, 1, 0, 1, 1], 'B': [1, 1, 1, 1, 1, 1, 1, 1, 1, 1], 'C': [0, 1, 1, 0, 1, 0, 1, 0, 1, 0], 'D': [1, 1, 1, 1, 1, 0, 0, 1, 0, 0], 'E': [1, 1, 1, 1, 1, 0, 1, 1, 1, 1], 'F': [1, 1, 1, 1, 1, 1, 1, 1, 0, 1], 'G': [1, 1, 1, 1, 1, 1, 1, 1, 0, 0], 'H': [1, 1, 1, 1, 1, 0, 1, 1, 0, 1], 'I': [1, 0, 1, 1, 1, 1, 0, 1, 0, 1], 'J': [1, 1, 0, 1, 0, 1, 1, 1, 1, 1], 'K': [0, 0, 0, 1, 1, 1, 1, 1, 0, 1]}, '东门南侧': {'A': [0, 0, 0, 0, 0, 0, 1, 1, 1, 0], 'B': [0, 0, 0, 0, 0, 0, 0, 0, 0, 0]}, '西门北侧': {'A': [1, 1, 1, 1, 1, 1, 1, 0, 0, 0], 'B': [1, 1, 1, 1, 0, 1, 1, 0, 1, 0], 'C': [1, 1, 1, 1, 1, 1, 1, 1, 1, 0]}, '西门南侧': {'A': [1, 1, 1, 1, 1, 0, 1, 1, 1, 1], 'B': [1, 1, 1, 1, 1, 1, 1, 1, 1, 1], 'C': [1, 1, 0, 1, 0, 0, 1, 1, 0, 1]}, '南门西侧': {'A': [1, 1, 1, 1, 1, 1, 1, 1, 1, 1], 'B': [0, 0, 0, 1, 0, 0, 0, 0, 0, 0]}, '南门东侧': {'A': [1, 1, 0, 1, 1, 1, 1, 1, 1, 1], 'B': [0, 0, 1, 1, 1, 0, 1, 1, 1, 1]}, '北门东北侧': {'A': [1, 1, 1, 1, 1, 1, 1, 1, 1, 1], 'B': [0, 1, 0, 1, 1, 0, 0, 1, 0, 0], 'C': [0, 0, 0, 1, 1, 0, 0, 1, 1, 0], 'D': [0, 1, 0, 1, 1, 0, 1, 0, 0, 1]}, '北门东南侧': {'A': [0, 0, 1, 1, 1, 0, 1, 1, 1, 0], 'B': [0, 1, 0, 0, 0, 0, 1, 0, 1, 0], 'C': [1, 1, 0, 1, 0, 0, 0, 0, 0, 0], 'D': [0, 0, 0, 1, 0, 1, 0, 0, 0, 0], 'E': [0, 1, 0, 0, 0, 0, 1, 1, 0, 0], 'F': [1, 0, 1, 1, 1, 1, 1, 0, 0, 1]}, '橘园北侧南': {'A': [0, 0, 0, 0, 0, 1, 1, 0, 0, 1], 'B': [1, 1, 1, 1, 0, 1, 0, 1, 1, 1], 'C': [0, 1, 1, 1, 0, 1, 1, 0, 0, 1], 'D': [1, 1, 1, 1, 1, 1, 1, 1, 1, 0], 'E': [1, 1, 1, 0, 1, 1, 0, 1, 0, 1], 'F': [0, 0, 1, 0, 0, 0, 0, 0, 0, 0], 'G': [0, 0, 1, 1, 0, 0, 1, 1, 0, 0], 'H': [0, 1, 1, 1, 1, 1, 0, 0, 1, 0], 'I': [0, 1, 0, 1, 0, 0, 1, 0, 1, 0], 'J': [0, 0, 0, 0, 0, 0, 0, 0, 0, 1]}, '校医院西': {'A': [0, 1, 0, 0, 1, 0, 0, 1, 0, 1], 'B': [1, 1, 1, 0, 1, 0, 0, 1, 0, 1], 'C': [0, 1, 1, 0, 0, 0, 1, 1, 0, 1], 'D': [1, 1, 1, 1, 1, 0, 0, 0, 1, 1], 'E': [1, 1, 1, 1, 1, 1, 1, 0, 1, 1], 'F': [0, 0, 1, 1, 1, 1, 1, 1, 1, 1], 'G': [1, 0, 0, 0, 0, 1, 0, 0, 0, 0], 'H': [0, 0, 0, 0, 0, 0, 0, 0, 0, 0], 'I': [0, 0, 1, 0, 0, 0, 0, 0, 0, 0]}}
623967	2024-07-13 16:52:00.669000+08:00	2024-07-13 16:52:00.669000+08:00	{'东门北侧': {'A': [1, 1, 1, 1, 1, 0, 1, 0, 1, 1], 'B': [1, 1, 1, 1, 1, 1, 1, 1, 1, 1], 'C': [0, 1, 1, 0, 1, 0, 1, 0, 1, 0], 'D': [1, 1, 1, 1, 1, 0, 0, 1, 0, 0], 'E': [1, 1, 1, 1, 1, 0, 1, 1, 1, 1], 'F': [1, 1, 1, 1, 1, 1, 1, 1, 0, 1], 'G': [1, 1, 1, 1, 1, 1, 1, 1, 0, 0], 'H': [1, 1, 1, 1, 1, 0, 1, 1, 0, 1], 'I': [1, 0, 1, 1, 1, 1, 0, 1, 0, 1], 'J': [1, 1, 0, 1, 0, 1, 1, 1, 1, 1], 'K': [0, 0, 0, 1, 1, 1, 1, 1, 0, 1]}, '东门南侧': {'A': [0, 0, 0, 0, 0, 0, 1, 1, 1, 0], 'B': [0, 0, 0, 0, 0, 0, 0, 0, 0, 0]}, '西门北侧': {'A': [1, 1, 1, 1, 1, 1, 1, 0, 0, 0], 'B': [1, 1, 1, 1, 0, 1, 1, 0, 1, 0], 'C': [1, 1, 1, 1, 1, 1, 1, 1, 1, 0]}, '西门南侧': {'A': [1, 1, 1, 1, 1, 0, 1, 1, 1, 1], 'B': [1, 1, 1, 1, 1, 1, 1, 1, 1, 1], 'C': [1, 1, 0, 1, 0, 0, 1, 1, 0, 1]}, '南门西侧': {'A': [1, 1, 1, 1, 1, 1, 1, 1, 1, 1], 'B': [0, 0, 0, 1, 0, 0, 0, 0, 0, 0]}, '南门东侧': {'A': [1, 1, 0, 1, 1, 1, 1, 1, 1, 1], 'B': [0, 0, 1, 1, 1, 0, 1, 1, 1, 1]}, '北门东北侧': {'A': [1, 1, 1, 1, 1, 1, 1, 1, 1, 1], 'B': [0, 1, 0, 1, 1, 0, 0, 1, 0, 0], 'C': [0, 0, 0, 1, 1, 0, 0, 1, 1, 0], 'D': [0, 1, 0, 1, 1, 0, 1, 0, 0, 1]}, '北门东南侧': {'A': [0, 0, 1, 1, 1, 0, 1, 1, 1, 0], 'B': [0, 1, 0, 0, 0, 0, 1, 0, 1, 0], 'C': [1, 1, 0, 1, 0, 0, 0, 0, 0, 0], 'D': [0, 0, 0, 1, 0, 1, 0, 0, 0, 0], 'E': [0, 1, 0, 0, 0, 0, 1, 1, 0, 0], 'F': [1, 0, 1, 1, 1, 1, 1, 0, 0, 1]}, '橘园北侧南': {'A': [0, 0, 0, 0, 0, 1, 1, 0, 0, 1], 'B': [1, 1, 1, 1, 0, 1, 0, 1, 1, 1], 'C': [0, 1, 1, 1, 0, 1, 1, 0, 0, 1], 'D': [1, 1, 1, 1, 1, 1, 1, 1, 1, 0], 'E': [1, 1, 1, 0, 1, 1, 0, 1, 0, 1], 'F': [0, 0, 1, 0, 0, 0, 0, 0, 0, 0], 'G': [0, 0, 1, 1, 0, 0, 1, 1, 0, 0], 'H': [0, 1, 1, 1, 1, 1, 0, 0, 1, 0], 'I': [0, 1, 0, 1, 0, 0, 1, 0, 1, 0], 'J': [0, 0, 0, 0, 0, 0, 0, 0, 0, 1]}, '校医院西': {'A': [0, 1, 0, 0, 1, 0, 0, 1, 0, 1], 'B': [1, 1, 1, 0, 1, 0, 0, 1, 0, 1], 'C': [0, 1, 1, 0, 0, 0, 1, 1, 0, 1], 'D': [1, 1, 1, 1, 1, 0, 0, 0, 1, 1], 'E': [1, 1, 1, 1, 1, 1, 1, 0, 1, 1], 'F': [0, 0, 1, 1, 1, 1, 1, 1, 1, 1], 'G': [1, 0, 0, 0, 0, 1, 0, 0, 0, 0], 'H': [0, 0, 0, 0, 0, 0, 0, 0, 0, 0], 'I': [0, 0, 1, 0, 0, 0, 0, 0, 0, 0]}}
623968	2024-07-13 16:53:01.471000+08:00	2024-07-13 16:53:01.471000+08:00	{'东门北侧': {'A': [1, 1, 1, 1, 1, 0, 1, 0, 1, 1], 'B': [1, 1, 1, 1, 1, 1, 1, 1, 1, 1], 'C': [0, 1, 1, 0, 1, 0, 1, 0, 1, 0], 'D': [1, 1, 1, 1, 1, 0, 0, 1, 0, 0], 'E': [1, 1, 1, 1, 1, 0, 1, 1, 1, 1], 'F': [1, 1, 1, 1, 1, 1, 1, 1, 0, 1], 'G': [1, 1, 1, 1, 1, 1, 1, 1, 0, 0], 'H': [1, 1, 1, 1, 1, 0, 1, 1, 0, 1], 'I': [1, 0, 1, 1, 1, 1, 0, 1, 0, 1], 'J': [1, 1, 0, 1, 0, 1, 1, 1, 1, 1], 'K': [0, 0, 0, 1, 1, 1, 1, 1, 0, 1]}, '东门南侧': {'A': [0, 0, 0, 0, 0, 0, 1, 1, 1, 0], 'B': [0, 0, 0, 0, 0, 0, 0, 0, 0, 0]}, '西门北侧': {'A': [1, 1, 1, 1, 1, 1, 1, 0, 0, 0], 'B': [1, 1, 1, 1, 0, 1, 1, 0, 1, 0], 'C': [1, 1, 1, 1, 1, 1, 1, 1, 1, 0]}, '西门南侧': {'A': [1, 1, 1, 1, 1, 0, 1, 1, 1, 1], 'B': [1, 1, 1, 1, 1, 1, 1, 1, 1, 1], 'C': [1, 1, 0, 1, 0, 0, 1, 1, 0, 1]}, '南门西侧': {'A': [1, 1, 1, 1, 1, 1, 1, 1, 1, 1], 'B': [0, 0, 0, 1, 0, 0, 0, 0, 0, 0]}, '南门东侧': {'A': [1, 1, 0, 1, 1, 1, 1, 1, 1, 1], 'B': [0, 0, 1, 1, 1, 0, 1, 1, 1, 1]}, '北门东北侧': {'A': [1, 1, 1, 1, 1, 1, 1, 1, 1, 1], 'B': [0, 1, 0, 1, 1, 0, 0, 1, 0, 0], 'C': [0, 0, 0, 1, 1, 0, 0, 1, 1, 0], 'D': [0, 1, 0, 1, 1, 0, 1, 0, 0, 1]}, '北门东南侧': {'A': [0, 0, 1, 1, 1, 0, 1, 1, 1, 0], 'B': [0, 1, 0, 0, 0, 0, 1, 0, 1, 0], 'C': [1, 1, 0, 1, 0, 0, 0, 0, 0, 0], 'D': [0, 0, 0, 1, 0, 1, 0, 0, 0, 0], 'E': [0, 1, 0, 0, 0, 0, 1, 1, 0, 0], 'F': [1, 0, 1, 1, 1, 1, 1, 0, 0, 1]}, '橘园北侧南': {'A': [0, 0, 0, 0, 0, 1, 1, 0, 0, 1], 'B': [1, 1, 1, 1, 0, 1, 0, 1, 1, 1], 'C': [0, 1, 1, 1, 0, 1, 1, 0, 0, 1], 'D': [1, 1, 1, 1, 1, 1, 1, 1, 1, 0], 'E': [1, 1, 1, 0, 1, 1, 0, 1, 0, 1], 'F': [0, 0, 1, 0, 0, 0, 0, 0, 0, 0], 'G': [0, 0, 1, 1, 0, 0, 1, 1, 0, 0], 'H': [0, 1, 1, 1, 1, 1, 0, 0, 1, 0], 'I': [0, 1, 0, 1, 0, 0, 1, 0, 1, 0], 'J': [0, 0, 0, 0, 0, 0, 0, 0, 0, 1]}, '校医院西': {'A': [0, 1, 0, 0, 1, 0, 0, 1, 0, 1], 'B': [1, 1, 1, 0, 1, 0, 0, 1, 0, 1], 'C': [0, 1, 1, 0, 1, 0, 1, 1, 0, 1], 'D': [1, 1, 1, 1, 1, 0, 0, 0, 1, 1], 'E': [1, 1, 1, 1, 1, 1, 1, 0, 1, 1], 'F': [0, 0, 1, 1, 1, 1, 1, 1, 1, 1], 'G': [1, 1, 0, 0, 0, 1, 0, 0, 0, 0], 'H': [0, 0, 0, 0, 0, 0, 0, 0, 0, 0], 'I': [0, 0, 1, 0, 0, 0, 0, 0, 0, 0]}}
623969	2024-07-13 16:54:00.493000+08:00	2024-07-13 16:54:00.493000+08:00	{'东门北侧': {'A': [1, 1, 1, 1, 1, 0, 1, 0, 1, 1], 'B': [1, 1, 1, 1, 1, 1, 1, 1, 1, 1], 'C': [0, 1, 1, 0, 1, 0, 1, 0, 1, 0], 'D': [1, 1, 1, 1, 1, 0, 0, 1, 0, 0], 'E': [1, 1, 1, 1, 1, 0, 1, 1, 1, 1], 'F': [1, 1, 1, 1, 1, 1, 1, 1, 0, 1], 'G': [1, 1, 1, 1, 1, 1, 1, 1, 0, 0], 'H': [1, 1, 1, 1, 1, 0, 1, 1, 0, 1], 'I': [1, 0, 1, 1, 1, 1, 0, 1, 0, 1], 'J': [1, 1, 0, 1, 0, 1, 1, 1, 1, 1], 'K': [0, 0, 0, 1, 1, 1, 1, 1, 0, 1]}, '东门南侧': {'A': [0, 0, 0, 0, 0, 0, 1, 1, 1, 0], 'B': [0, 0, 0, 0, 0, 0, 0, 0, 0, 0]}, '西门北侧': {'A': [1, 1, 1, 1, 1, 1, 1, 0, 0, 0], 'B': [1, 1, 1, 1, 0, 1, 1, 0, 1, 0], 'C': [1, 1, 1, 1, 1, 1, 1, 1, 1, 0]}, '西门南侧': {'A': [1, 1, 1, 1, 1, 0, 1, 1, 1, 1], 'B': [1, 1, 1, 1, 1, 1, 1, 1, 1, 1], 'C': [1, 1, 0, 1, 0, 0, 1, 1, 0, 1]}, '南门西侧': {'A': [1, 1, 1, 1, 1, 1, 1, 1, 1, 1], 'B': [0, 0, 0, 1, 0, 0, 0, 0, 0, 0]}, '南门东侧': {'A': [1, 1, 0, 1, 1, 1, 1, 1, 1, 1], 'B': [0, 0, 1, 1, 1, 0, 1, 1, 1, 1]}, '北门东北侧': {'A': [1, 1, 1, 1, 1, 1, 1, 1, 1, 1], 'B': [0, 1, 0, 1, 1, 0, 0, 1, 0, 0], 'C': [0, 0, 0, 1, 1, 0, 0, 1, 1, 0], 'D': [0, 1, 0, 1, 1, 0, 1, 0, 0, 1]}, '北门东南侧': {'A': [0, 0, 1, 1, 1, 0, 1, 1, 1, 0], 'B': [0, 1, 0, 0, 0, 0, 1, 0, 1, 0], 'C': [1, 1, 0, 1, 0, 0, 0, 0, 0, 0], 'D': [0, 0, 0, 1, 0, 1, 0, 0, 0, 0], 'E': [0, 1, 0, 0, 0, 0, 1, 1, 0, 0], 'F': [1, 0, 1, 1, 1, 1, 1, 0, 0, 1]}, '橘园北侧南': {'A': [0, 0, 0, 0, 0, 1, 1, 0, 0, 1], 'B': [1, 1, 1, 1, 0, 1, 0, 1, 1, 1], 'C': [0, 1, 1, 1, 0, 1, 1, 0, 0, 1], 'D': [1, 1, 1, 1, 1, 1, 1, 1, 1, 0], 'E': [1, 1, 1, 0, 1, 1, 0, 1, 0, 1], 'F': [0, 0, 1, 0, 0, 0, 0, 0, 0, 0], 'G': [0, 0, 1, 1, 0, 0, 1, 1, 0, 0], 'H': [0, 1, 1, 1, 1, 1, 0, 0, 1, 0], 'I': [0, 1, 0, 1, 0, 0, 1, 0, 1, 0], 'J': [0, 0, 0, 0, 0, 0, 0, 0, 0, 1]}, '校医院西': {'A': [0, 1, 0, 0, 1, 0, 0, 1, 0, 1], 'B': [1, 1, 1, 0, 1, 0, 0, 1, 0, 1], 'C': [0, 1, 1, 0, 1, 0, 1, 1, 0, 1], 'D': [1, 1, 1, 1, 1, 0, 0, 0, 1, 1], 'E': [1, 1, 1, 1, 1, 1, 1, 0, 1, 1], 'F': [0, 0, 1, 1, 1, 1, 1, 1, 1, 1], 'G': [0, 1, 0, 0, 0, 1, 0, 0, 0, 0], 'H': [0, 0, 0, 0, 0, 0, 0, 0, 0, 0], 'I': [0, 0, 1, 0, 0, 0, 0, 0, 0, 0]}}
623970	2024-07-13 16:55:00.441000+08:00	2024-07-13 16:55:00.441000+08:00	{'东门北侧': {'A': [1, 1, 1, 1, 1, 0, 1, 0, 1, 1], 'B': [1, 1, 1, 1, 1, 1, 1, 1, 1, 1], 'C': [0, 1, 1, 0, 1, 0, 1, 0, 1, 0], 'D': [1, 1, 1, 1, 1, 0, 0, 1, 0, 0], 'E': [1, 1, 1, 1, 1, 0, 1, 1, 1, 1], 'F': [1, 1, 1, 1, 1, 1, 1, 1, 0, 1], 'G': [1, 1, 1, 1, 1, 1, 1, 1, 0, 0], 'H': [1, 1, 1, 1, 1, 0, 1, 1, 0, 1], 'I': [1, 0, 1, 1, 1, 1, 0, 1, 0, 1], 'J': [1, 1, 0, 1, 0, 1, 1, 1, 1, 1], 'K': [0, 0, 0, 1, 1, 1, 1, 1, 0, 1]}, '东门南侧': {'A': [0, 0, 0, 0, 0, 0, 1, 1, 1, 0], 'B': [0, 0, 0, 0, 0, 0, 0, 0, 0, 0]}, '西门北侧': {'A': [1, 1, 1, 1, 1, 1, 1, 0, 0, 0], 'B': [1, 1, 1, 1, 0, 1, 1, 0, 1, 0], 'C': [1, 1, 1, 1, 1, 1, 1, 1, 1, 0]}, '西门南侧': {'A': [1, 1, 1, 1, 1, 0, 1, 1, 1, 1], 'B': [1, 1, 1, 1, 1, 1, 1, 1, 1, 1], 'C': [1, 1, 0, 1, 1, 0, 1, 1, 0, 1]}, '南门西侧': {'A': [1, 1, 1, 1, 1, 1, 1, 1, 1, 1], 'B': [0, 0, 0, 1, 0, 0, 0, 0, 0, 0]}, '南门东侧': {'A': [1, 1, 0, 1, 1, 1, 1, 1, 1, 1], 'B': [0, 0, 1, 1, 1, 0, 1, 1, 1, 1]}, '北门东北侧': {'A': [1, 1, 1, 1, 1, 1, 1, 1, 1, 1], 'B': [0, 1, 0, 1, 1, 0, 0, 1, 0, 0], 'C': [0, 0, 0, 1, 1, 0, 0, 1, 1, 0], 'D': [0, 1, 0, 1, 1, 0, 1, 0, 0, 1]}, '北门东南侧': {'A': [0, 0, 1, 1, 1, 0, 1, 1, 1, 0], 'B': [0, 1, 0, 0, 0, 0, 1, 0, 1, 0], 'C': [1, 1, 0, 1, 0, 0, 0, 0, 0, 0], 'D': [0, 0, 0, 1, 0, 1, 0, 0, 0, 0], 'E': [0, 1, 0, 0, 0, 0, 1, 1, 0, 0], 'F': [1, 0, 1, 1, 1, 1, 1, 0, 0, 1]}, '橘园北侧南': {'A': [0, 0, 0, 0, 0, 1, 1, 0, 0, 1], 'B': [1, 1, 1, 1, 0, 1, 0, 1, 1, 1], 'C': [1, 1, 1, 1, 0, 1, 1, 0, 0, 1], 'D': [1, 1, 1, 1, 1, 1, 1, 1, 1, 0], 'E': [1, 1, 1, 0, 1, 1, 0, 1, 0, 1], 'F': [0, 0, 1, 0, 0, 0, 0, 0, 0, 0], 'G': [0, 0, 1, 1, 0, 0, 1, 1, 0, 0], 'H': [0, 1, 1, 1, 1, 1, 0, 0, 1, 0], 'I': [0, 1, 0, 1, 0, 0, 1, 0, 1, 0], 'J': [0, 0, 0, 0, 0, 0, 0, 0, 0, 1]}, '校医院西': {'A': [0, 1, 0, 0, 1, 0, 0, 1, 0, 1], 'B': [1, 1, 1, 0, 1, 0, 0, 1, 0, 1], 'C': [0, 1, 0, 0, 1, 0, 1, 1, 0, 1], 'D': [1, 1, 1, 1, 0, 0, 0, 0, 1, 1], 'E': [1, 1, 1, 1, 1, 1, 1, 0, 1, 1], 'F': [0, 0, 1, 1, 1, 1, 1, 1, 1, 1], 'G': [0, 1, 0, 0, 0, 1, 0, 0, 0, 0], 'H': [0, 0, 0, 0, 0, 0, 0, 0, 0, 0], 'I': [0, 0, 1, 0, 0, 0, 0, 0, 0, 0]}}
623971	2024-07-13 16:55:59.029000+08:00	2024-07-13 16:55:59.029000+08:00	{'东门北侧': {'A': [1, 1, 1, 1, 1, 0, 1, 0, 1, 1], 'B': [1, 1, 1, 1, 1, 1, 1, 1, 1, 1], 'C': [0, 1, 1, 0, 1, 0, 1, 0, 1, 0], 'D': [1, 1, 1, 1, 1, 0, 0, 1, 0, 0], 'E': [1, 1, 1, 1, 1, 0, 1, 1, 1, 1], 'F': [1, 1, 1, 1, 1, 1, 1, 1, 0, 1], 'G': [1, 1, 1, 1, 1, 1, 1, 1, 0, 0], 'H': [1, 1, 1, 1, 1, 0, 1, 1, 0, 1], 'I': [1, 0, 1, 1, 1, 1, 0, 1, 0, 1], 'J': [1, 1, 0, 1, 0, 1, 1, 1, 1, 1], 'K': [0, 0, 0, 1, 1, 1, 1, 1, 0, 1]}, '东门南侧': {'A': [0, 0, 0, 0, 0, 0, 1, 1, 1, 0], 'B': [0, 0, 0, 0, 0, 0, 0, 0, 0, 0]}, '西门北侧': {'A': [1, 1, 1, 1, 1, 1, 1, 0, 0, 0], 'B': [1, 1, 1, 1, 0, 1, 1, 0, 1, 0], 'C': [1, 1, 1, 1, 1, 1, 1, 1, 1, 0]}, '西门南侧': {'A': [1, 1, 1, 1, 1, 0, 1, 1, 1, 1], 'B': [1, 1, 1, 1, 1, 1, 1, 1, 1, 1], 'C': [1, 1, 0, 1, 1, 0, 1, 1, 0, 1]}, '南门西侧': {'A': [1, 1, 1, 1, 1, 1, 1, 1, 1, 1], 'B': [0, 0, 0, 1, 0, 0, 0, 0, 0, 0]}, '南门东侧': {'A': [1, 1, 0, 1, 1, 1, 1, 1, 1, 1], 'B': [0, 0, 1, 1, 1, 0, 1, 1, 1, 1]}, '北门东北侧': {'A': [1, 1, 1, 1, 1, 1, 1, 1, 1, 1], 'B': [0, 1, 0, 1, 1, 0, 0, 1, 0, 0], 'C': [0, 0, 0, 1, 1, 0, 0, 1, 1, 0], 'D': [0, 1, 0, 1, 1, 0, 1, 0, 0, 1]}, '北门东南侧': {'A': [0, 0, 1, 1, 1, 0, 1, 1, 1, 0], 'B': [0, 1, 0, 0, 0, 0, 1, 0, 1, 0], 'C': [1, 1, 0, 1, 0, 0, 0, 0, 0, 0], 'D': [0, 0, 0, 1, 0, 1, 0, 0, 0, 0], 'E': [0, 1, 0, 0, 0, 0, 1, 1, 0, 0], 'F': [1, 0, 1, 1, 1, 1, 1, 0, 0, 1]}, '橘园北侧南': {'A': [0, 0, 0, 0, 0, 1, 1, 0, 0, 1], 'B': [1, 1, 1, 1, 0, 1, 0, 1, 1, 1], 'C': [1, 1, 1, 1, 0, 1, 1, 0, 0, 1], 'D': [1, 1, 1, 1, 1, 1, 1, 1, 1, 0], 'E': [1, 1, 1, 0, 1, 1, 0, 1, 0, 1], 'F': [0, 0, 1, 0, 0, 0, 0, 0, 0, 0], 'G': [0, 0, 1, 1, 0, 0, 1, 1, 0, 0], 'H': [0, 1, 1, 1, 1, 1, 0, 0, 1, 0], 'I': [0, 1, 0, 1, 0, 0, 1, 0, 1, 0], 'J': [0, 0, 0, 0, 0, 0, 0, 0, 0, 1]}, '校医院西': {'A': [0, 1, 0, 0, 1, 0, 0, 1, 0, 1], 'B': [1, 1, 1, 0, 1, 0, 0, 1, 0, 1], 'C': [0, 1, 0, 0, 1, 0, 1, 1, 0, 1], 'D': [1, 1, 1, 0, 1, 0, 0, 0, 1, 1], 'E': [1, 1, 1, 1, 1, 1, 1, 0, 1, 1], 'F': [0, 0, 1, 1, 1, 1, 1, 1, 1, 1], 'G': [0, 1, 0, 0, 0, 1, 0, 0, 0, 0], 'H': [0, 0, 0, 0, 0, 0, 0, 0, 0, 0], 'I': [0, 0, 1, 0, 0, 0, 0, 0, 0, 0]}}
623972	2024-07-13 16:57:01.522000+08:00	2024-07-13 16:57:01.522000+08:00	{'东门北侧': {'A': [1, 1, 1, 1, 1, 0, 1, 0, 1, 1], 'B': [1, 1, 1, 1, 1, 1, 1, 1, 1, 1], 'C': [0, 1, 1, 0, 1, 0, 1, 0, 1, 0], 'D': [1, 1, 1, 1, 1, 0, 0, 1, 0, 0], 'E': [1, 1, 1, 1, 1, 0, 1, 1, 1, 1], 'F': [1, 1, 1, 1, 1, 1, 1, 1, 0, 1], 'G': [1, 1, 1, 1, 1, 1, 1, 1, 0, 0], 'H': [1, 1, 1, 1, 1, 0, 1, 1, 0, 1], 'I': [1, 0, 1, 1, 1, 1, 0, 1, 0, 1], 'J': [1, 1, 0, 1, 0, 1, 1, 1, 1, 1], 'K': [0, 0, 0, 1, 1, 1, 1, 1, 0, 1]}, '东门南侧': {'A': [0, 0, 0, 0, 0, 0, 1, 1, 1, 0], 'B': [0, 0, 0, 0, 0, 0, 0, 0, 0, 0]}, '西门北侧': {'A': [1, 1, 1, 1, 1, 1, 1, 0, 0, 0], 'B': [1, 1, 1, 1, 0, 1, 1, 0, 1, 0], 'C': [1, 1, 1, 1, 1, 1, 1, 1, 1, 0]}, '西门南侧': {'A': [1, 1, 1, 1, 1, 0, 1, 1, 1, 1], 'B': [1, 1, 1, 1, 1, 1, 1, 1, 1, 1], 'C': [1, 1, 0, 1, 1, 0, 1, 1, 0, 1]}, '南门西侧': {'A': [1, 1, 1, 1, 1, 1, 1, 1, 1, 1], 'B': [0, 0, 0, 1, 0, 0, 1, 0, 0, 0]}, '南门东侧': {'A': [1, 1, 0, 1, 1, 1, 1, 1, 1, 1], 'B': [1, 0, 1, 1, 1, 0, 1, 1, 1, 1]}, '北门东北侧': {'A': [1, 1, 1, 1, 1, 1, 1, 1, 1, 1], 'B': [0, 1, 0, 1, 1, 0, 0, 1, 0, 0], 'C': [0, 0, 0, 1, 1, 0, 0, 1, 1, 0], 'D': [0, 1, 0, 1, 1, 0, 1, 0, 0, 1]}, '北门东南侧': {'A': [0, 0, 1, 1, 1, 0, 1, 0, 1, 0], 'B': [0, 1, 0, 0, 0, 0, 1, 0, 1, 0], 'C': [1, 1, 0, 1, 0, 0, 0, 0, 0, 0], 'D': [0, 0, 0, 1, 0, 1, 0, 0, 0, 0], 'E': [0, 1, 0, 0, 0, 0, 1, 1, 0, 0], 'F': [1, 0, 1, 1, 1, 1, 1, 0, 0, 1]}, '橘园北侧南': {'A': [0, 0, 0, 0, 0, 1, 1, 0, 0, 1], 'B': [1, 1, 1, 1, 0, 1, 0, 1, 1, 1], 'C': [1, 1, 1, 1, 0, 1, 1, 0, 0, 1], 'D': [1, 1, 1, 1, 1, 1, 1, 1, 1, 0], 'E': [1, 1, 1, 0, 1, 1, 0, 1, 0, 1], 'F': [0, 0, 1, 0, 0, 0, 0, 0, 0, 0], 'G': [0, 0, 1, 1, 0, 0, 1, 1, 0, 0], 'H': [0, 1, 1, 1, 1, 1, 0, 0, 1, 0], 'I': [0, 1, 0, 1, 0, 0, 1, 0, 1, 0], 'J': [0, 0, 0, 0, 0, 0, 0, 0, 0, 1]}, '校医院西': {'A': [0, 1, 0, 0, 1, 0, 0, 1, 0, 1], 'B': [1, 1, 1, 0, 1, 0, 0, 1, 0, 1], 'C': [0, 1, 0, 0, 1, 0, 1, 1, 0, 1], 'D': [1, 1, 1, 0, 1, 0, 0, 0, 1, 1], 'E': [1, 1, 1, 1, 1, 1, 1, 0, 1, 1], 'F': [0, 0, 1, 1, 1, 1, 1, 1, 1, 1], 'G': [0, 0, 0, 0, 0, 1, 0, 0, 0, 0], 'H': [0, 0, 0, 0, 0, 0, 0, 0, 0, 0], 'I': [0, 0, 1, 0, 0, 0, 0, 0, 0, 0]}}
623973	2024-07-13 16:58:02.475000+08:00	2024-07-13 16:58:02.475000+08:00	{'东门北侧': {'A': [1, 1, 1, 1, 1, 0, 1, 0, 1, 1], 'B': [1, 1, 1, 1, 1, 1, 1, 1, 1, 1], 'C': [0, 1, 1, 0, 1, 0, 1, 0, 1, 0], 'D': [1, 1, 1, 1, 1, 0, 0, 1, 0, 0], 'E': [1, 1, 1, 1, 1, 0, 1, 1, 1, 1], 'F': [1, 1, 1, 1, 1, 1, 1, 1, 0, 1], 'G': [1, 1, 1, 1, 1, 1, 1, 1, 0, 0], 'H': [1, 1, 1, 1, 1, 0, 1, 1, 0, 1], 'I': [1, 0, 1, 1, 1, 1, 0, 1, 0, 1], 'J': [1, 1, 0, 1, 0, 1, 1, 1, 1, 1], 'K': [0, 0, 0, 1, 1, 1, 1, 1, 0, 1]}, '东门南侧': {'A': [0, 0, 0, 0, 0, 0, 1, 1, 1, 0], 'B': [0, 0, 0, 0, 0, 0, 0, 0, 0, 0]}, '西门北侧': {'A': [1, 1, 1, 1, 1, 1, 1, 0, 0, 0], 'B': [1, 1, 1, 1, 0, 1, 1, 0, 1, 0], 'C': [1, 1, 1, 1, 1, 1, 1, 1, 1, 0]}, '西门南侧': {'A': [1, 1, 1, 1, 1, 0, 1, 1, 1, 1], 'B': [1, 1, 1, 1, 1, 1, 1, 1, 1, 1], 'C': [1, 1, 0, 1, 1, 0, 1, 1, 0, 1]}, '南门西侧': {'A': [1, 1, 1, 1, 1, 1, 1, 1, 1, 1], 'B': [0, 0, 0, 1, 0, 0, 1, 0, 0, 0]}, '南门东侧': {'A': [1, 1, 0, 1, 1, 1, 1, 1, 1, 1], 'B': [1, 0, 1, 1, 1, 0, 1, 1, 1, 1]}, '北门东北侧': {'A': [1, 1, 1, 1, 1, 1, 1, 1, 1, 1], 'B': [0, 1, 0, 1, 1, 0, 0, 1, 0, 0], 'C': [0, 0, 0, 1, 1, 0, 0, 1, 1, 0], 'D': [0, 1, 0, 1, 1, 0, 1, 0, 0, 1]}, '北门东南侧': {'A': [0, 0, 1, 1, 1, 0, 1, 0, 1, 0], 'B': [0, 1, 0, 0, 0, 0, 1, 0, 1, 0], 'C': [1, 1, 0, 1, 0, 0, 0, 0, 0, 0], 'D': [0, 0, 0, 0, 0, 1, 0, 0, 0, 0], 'E': [0, 1, 0, 1, 0, 0, 1, 1, 0, 0], 'F': [1, 0, 1, 1, 1, 1, 1, 0, 0, 1]}, '橘园北侧南': {'A': [0, 0, 0, 0, 0, 1, 1, 0, 0, 1], 'B': [1, 1, 1, 1, 0, 1, 0, 1, 1, 1], 'C': [1, 1, 1, 1, 0, 1, 1, 0, 0, 1], 'D': [1, 1, 1, 1, 1, 1, 1, 1, 1, 0], 'E': [1, 1, 1, 0, 1, 1, 0, 1, 0, 0], 'F': [0, 0, 1, 0, 0, 0, 0, 0, 0, 0], 'G': [0, 0, 1, 1, 0, 0, 1, 1, 0, 0], 'H': [0, 1, 1, 1, 1, 1, 0, 0, 1, 0], 'I': [0, 1, 0, 1, 0, 0, 1, 0, 1, 0], 'J': [0, 0, 0, 0, 0, 0, 0, 0, 0, 1]}, '校医院西': {'A': [0, 1, 0, 0, 1, 0, 0, 1, 0, 1], 'B': [1, 1, 1, 0, 1, 0, 0, 1, 0, 1], 'C': [0, 1, 0, 0, 1, 0, 1, 1, 0, 1], 'D': [1, 1, 1, 0, 1, 0, 0, 0, 1, 1], 'E': [1, 1, 1, 1, 1, 1, 1, 0, 1, 1], 'F': [0, 0, 1, 1, 1, 1, 1, 1, 1, 1], 'G': [0, 0, 0, 0, 0, 1, 0, 0, 0, 0], 'H': [0, 0, 0, 0, 0, 0, 0, 0, 0, 0], 'I': [0, 0, 1, 0, 0, 0, 0, 0, 0, 0]}}
623974	2024-07-13 16:59:00.263000+08:00	2024-07-13 16:59:00.263000+08:00	{'东门北侧': {'A': [1, 1, 1, 1, 1, 0, 1, 0, 1, 1], 'B': [1, 1, 1, 1, 1, 1, 1, 1, 1, 1], 'C': [0, 1, 1, 0, 1, 0, 1, 0, 1, 0], 'D': [1, 1, 1, 1, 1, 0, 0, 1, 0, 0], 'E': [1, 1, 1, 1, 1, 0, 1, 1, 1, 1], 'F': [1, 1, 1, 1, 1, 1, 1, 1, 0, 1], 'G': [1, 1, 1, 1, 1, 1, 1, 1, 0, 0], 'H': [1, 1, 1, 1, 1, 0, 1, 1, 0, 1], 'I': [1, 0, 1, 1, 1, 1, 0, 1, 0, 1], 'J': [1, 1, 0, 1, 0, 1, 1, 1, 1, 1], 'K': [0, 0, 0, 1, 1, 1, 1, 1, 0, 1]}, '东门南侧': {'A': [0, 0, 0, 0, 0, 0, 1, 1, 1, 0], 'B': [0, 0, 0, 0, 0, 0, 0, 0, 0, 0]}, '西门北侧': {'A': [1, 1, 1, 1, 1, 1, 1, 0, 0, 0], 'B': [1, 1, 1, 1, 0, 1, 1, 0, 1, 0], 'C': [1, 1, 1, 1, 1, 1, 1, 1, 1, 0]}, '西门南侧': {'A': [1, 1, 1, 1, 1, 0, 1, 1, 1, 1], 'B': [1, 1, 1, 1, 1, 1, 1, 1, 1, 1], 'C': [1, 1, 0, 1, 1, 0, 1, 1, 0, 1]}, '南门西侧': {'A': [1, 1, 1, 1, 1, 1, 1, 1, 1, 1], 'B': [0, 0, 0, 1, 0, 0, 1, 0, 0, 0]}, '南门东侧': {'A': [1, 1, 0, 1, 1, 1, 1, 1, 1, 1], 'B': [1, 0, 1, 1, 1, 0, 1, 1, 1, 1]}, '北门东北侧': {'A': [1, 1, 1, 1, 1, 1, 1, 1, 1, 1], 'B': [0, 1, 0, 1, 1, 0, 0, 1, 0, 0], 'C': [0, 0, 0, 1, 1, 0, 0, 1, 1, 0], 'D': [0, 1, 0, 1, 1, 0, 1, 0, 0, 1]}, '北门东南侧': {'A': [0, 0, 1, 1, 1, 0, 1, 0, 1, 0], 'B': [0, 1, 0, 0, 0, 0, 1, 0, 1, 0], 'C': [1, 1, 0, 1, 0, 0, 0, 0, 0, 0], 'D': [0, 0, 0, 0, 0, 1, 0, 0, 0, 0], 'E': [0, 1, 0, 1, 0, 0, 1, 1, 0, 0], 'F': [1, 0, 1, 1, 1, 1, 1, 0, 0, 1]}, '橘园北侧南': {'A': [0, 0, 0, 0, 0, 1, 1, 0, 0, 1], 'B': [1, 1, 1, 1, 0, 1, 0, 1, 1, 1], 'C': [1, 1, 1, 1, 0, 1, 1, 0, 0, 1], 'D': [1, 1, 1, 1, 1, 1, 1, 1, 1, 0], 'E': [1, 1, 1, 0, 1, 1, 0, 1, 0, 0], 'F': [0, 0, 1, 0, 0, 0, 0, 0, 0, 0], 'G': [0, 0, 1, 1, 0, 0, 1, 1, 0, 0], 'H': [0, 1, 1, 1, 1, 1, 0, 0, 1, 0], 'I': [0, 1, 0, 1, 0, 0, 1, 0, 1, 0], 'J': [0, 0, 0, 0, 0, 0, 0, 0, 0, 1]}, '校医院西': {'A': [0, 1, 0, 0, 1, 0, 0, 1, 0, 1], 'B': [1, 1, 1, 0, 1, 0, 0, 1, 0, 1], 'C': [0, 1, 0, 0, 1, 0, 1, 1, 0, 1], 'D': [1, 1, 1, 0, 1, 0, 0, 1, 1, 1], 'E': [1, 1, 1, 1, 1, 1, 1, 0, 1, 1], 'F': [0, 0, 1, 1, 1, 1, 1, 1, 1, 1], 'G': [0, 0, 0, 0, 0, 1, 1, 0, 0, 0], 'H': [0, 0, 0, 0, 0, 0, 0, 0, 0, 0], 'I': [0, 0, 1, 0, 0, 0, 0, 0, 0, 0]}}
623975	2024-07-13 16:59:59.514000+08:00	2024-07-13 16:59:59.514000+08:00	{'东门北侧': {'A': [1, 1, 1, 1, 1, 0, 1, 0, 1, 1], 'B': [1, 1, 1, 1, 1, 1, 1, 1, 1, 1], 'C': [0, 1, 1, 0, 1, 0, 1, 0, 1, 0], 'D': [1, 1, 1, 1, 1, 0, 0, 1, 0, 0], 'E': [1, 1, 1, 1, 1, 0, 1, 1, 1, 1], 'F': [1, 1, 1, 1, 1, 1, 1, 1, 0, 1], 'G': [1, 1, 1, 1, 1, 1, 1, 1, 0, 0], 'H': [1, 1, 1, 1, 1, 0, 1, 1, 0, 1], 'I': [1, 0, 1, 1, 1, 1, 0, 1, 0, 1], 'J': [1, 1, 0, 1, 0, 1, 1, 1, 1, 1], 'K': [0, 0, 0, 1, 1, 1, 1, 1, 0, 1]}, '东门南侧': {'A': [0, 0, 0, 0, 0, 0, 1, 1, 1, 0], 'B': [0, 0, 0, 0, 0, 0, 0, 0, 0, 0]}, '西门北侧': {'A': [1, 1, 1, 1, 1, 1, 1, 0, 0, 0], 'B': [1, 1, 1, 1, 0, 1, 1, 0, 1, 0], 'C': [1, 1, 1, 1, 1, 1, 1, 1, 1, 0]}, '西门南侧': {'A': [1, 1, 1, 1, 1, 0, 1, 1, 1, 1], 'B': [1, 1, 1, 1, 1, 1, 1, 1, 1, 1], 'C': [1, 1, 0, 1, 1, 0, 1, 1, 0, 1]}, '南门西侧': {'A': [1, 1, 1, 1, 1, 1, 1, 1, 1, 1], 'B': [0, 0, 0, 1, 0, 0, 1, 0, 0, 0]}, '南门东侧': {'A': [1, 1, 0, 1, 1, 1, 1, 1, 1, 1], 'B': [1, 0, 1, 1, 1, 0, 1, 1, 1, 1]}, '北门东北侧': {'A': [1, 1, 1, 1, 1, 1, 1, 1, 1, 1], 'B': [0, 1, 0, 1, 1, 0, 0, 1, 0, 0], 'C': [0, 0, 0, 1, 1, 0, 0, 1, 1, 0], 'D': [0, 1, 0, 1, 1, 0, 1, 0, 0, 1]}, '北门东南侧': {'A': [0, 0, 1, 1, 1, 0, 1, 0, 1, 0], 'B': [0, 1, 0, 0, 0, 0, 1, 0, 1, 0], 'C': [1, 1, 0, 1, 0, 0, 0, 0, 0, 0], 'D': [0, 0, 0, 0, 0, 1, 0, 0, 0, 0], 'E': [0, 1, 0, 1, 0, 0, 1, 1, 0, 0], 'F': [1, 0, 1, 1, 1, 1, 1, 0, 0, 1]}, '橘园北侧南': {'A': [0, 0, 0, 0, 0, 1, 1, 0, 0, 1], 'B': [1, 1, 1, 1, 0, 1, 0, 1, 1, 1], 'C': [1, 1, 1, 1, 0, 1, 1, 0, 0, 1], 'D': [1, 1, 1, 1, 1, 1, 1, 1, 1, 0], 'E': [1, 1, 1, 0, 1, 1, 0, 1, 0, 0], 'F': [0, 0, 1, 0, 0, 0, 0, 0, 0, 0], 'G': [0, 0, 1, 1, 0, 0, 1, 1, 0, 0], 'H': [0, 1, 1, 1, 1, 1, 0, 0, 1, 0], 'I': [0, 1, 0, 1, 0, 0, 1, 0, 1, 0], 'J': [0, 0, 0, 0, 0, 0, 0, 0, 0, 1]}, '校医院西': {'A': [0, 1, 0, 0, 1, 0, 0, 1, 0, 1], 'B': [1, 1, 1, 0, 1, 0, 0, 1, 0, 1], 'C': [0, 1, 0, 0, 1, 0, 1, 1, 0, 1], 'D': [1, 1, 1, 0, 1, 0, 0, 1, 1, 1], 'E': [1, 1, 1, 1, 1, 1, 1, 0, 1, 1], 'F': [0, 0, 1, 1, 1, 1, 1, 1, 1, 1], 'G': [0, 0, 0, 0, 0, 1, 1, 0, 0, 0], 'H': [0, 0, 0, 0, 0, 0, 0, 0, 0, 0], 'I': [0, 0, 1, 0, 0, 0, 0, 0, 0, 0]}}
623976	2024-07-13 17:00:59.775000+08:00	2024-07-13 17:00:59.775000+08:00	{'东门北侧': {'A': [1, 1, 1, 1, 1, 0, 1, 0, 1, 1], 'B': [1, 1, 1, 1, 1, 1, 1, 1, 1, 1], 'C': [0, 1, 1, 0, 1, 0, 1, 0, 1, 0], 'D': [1, 1, 1, 1, 1, 0, 0, 1, 0, 0], 'E': [1, 1, 1, 1, 1, 0, 1, 1, 1, 1], 'F': [1, 1, 1, 1, 1, 1, 1, 1, 0, 1], 'G': [1, 1, 1, 1, 1, 1, 1, 1, 0, 0], 'H': [1, 1, 1, 1, 1, 0, 1, 1, 0, 1], 'I': [1, 0, 1, 1, 1, 1, 0, 1, 0, 1], 'J': [1, 1, 0, 1, 0, 1, 1, 1, 1, 1], 'K': [0, 0, 0, 1, 1, 1, 1, 1, 0, 1]}, '东门南侧': {'A': [0, 0, 0, 0, 0, 0, 1, 1, 1, 0], 'B': [0, 0, 0, 0, 0, 0, 0, 0, 0, 0]}, '西门北侧': {'A': [1, 1, 1, 1, 1, 1, 1, 0, 0, 0], 'B': [1, 1, 1, 1, 0, 1, 1, 0, 1, 0], 'C': [1, 1, 1, 1, 1, 1, 1, 1, 1, 0]}, '西门南侧': {'A': [1, 1, 1, 1, 1, 0, 1, 1, 1, 1], 'B': [1, 1, 1, 1, 1, 1, 1, 1, 1, 1], 'C': [1, 1, 0, 1, 1, 0, 1, 1, 0, 1]}, '南门西侧': {'A': [1, 1, 1, 1, 1, 1, 1, 1, 1, 1], 'B': [0, 0, 0, 1, 0, 0, 1, 0, 0, 0]}, '南门东侧': {'A': [1, 1, 0, 1, 1, 1, 1, 1, 1, 1], 'B': [1, 0, 1, 1, 1, 0, 1, 1, 1, 1]}, '北门东北侧': {'A': [1, 1, 1, 1, 1, 1, 1, 1, 1, 1], 'B': [0, 1, 0, 1, 1, 0, 0, 1, 0, 0], 'C': [0, 0, 0, 1, 1, 0, 0, 1, 1, 0], 'D': [0, 1, 0, 1, 1, 0, 1, 0, 0, 1]}, '北门东南侧': {'A': [0, 0, 1, 1, 1, 0, 1, 0, 1, 0], 'B': [0, 1, 0, 0, 0, 0, 1, 0, 1, 0], 'C': [1, 1, 0, 1, 0, 0, 0, 0, 0, 0], 'D': [0, 0, 0, 0, 0, 1, 0, 0, 0, 0], 'E': [0, 1, 0, 1, 0, 0, 1, 1, 0, 0], 'F': [1, 0, 1, 1, 1, 1, 1, 0, 0, 1]}, '橘园北侧南': {'A': [0, 0, 0, 0, 0, 1, 1, 0, 0, 1], 'B': [1, 1, 1, 1, 0, 1, 0, 1, 1, 1], 'C': [1, 1, 1, 1, 0, 1, 1, 0, 0, 1], 'D': [1, 1, 1, 1, 1, 1, 1, 1, 1, 0], 'E': [1, 1, 1, 0, 1, 1, 0, 1, 0, 0], 'F': [0, 0, 1, 0, 0, 0, 0, 0, 0, 0], 'G': [0, 0, 1, 1, 0, 0, 1, 1, 0, 0], 'H': [0, 1, 1, 1, 1, 1, 0, 0, 1, 0], 'I': [0, 1, 0, 1, 0, 0, 1, 0, 1, 0], 'J': [0, 0, 0, 0, 0, 0, 0, 0, 0, 1]}, '校医院西': {'A': [0, 1, 0, 0, 1, 0, 0, 1, 0, 1], 'B': [1, 1, 1, 0, 1, 0, 0, 1, 0, 1], 'C': [0, 1, 0, 0, 1, 0, 1, 1, 0, 1], 'D': [1, 1, 1, 0, 1, 0, 0, 1, 1, 1], 'E': [1, 1, 1, 1, 1, 1, 1, 0, 1, 1], 'F': [0, 0, 1, 1, 1, 1, 1, 1, 1, 1], 'G': [0, 0, 0, 0, 0, 1, 1, 0, 0, 0], 'H': [0, 0, 0, 0, 0, 0, 0, 0, 0, 0], 'I': [0, 0, 1, 0, 0, 0, 0, 0, 0, 0]}}
623977	2024-07-13 17:01:59.729000+08:00	2024-07-13 17:01:59.729000+08:00	{'东门北侧': {'A': [1, 1, 1, 1, 1, 0, 1, 0, 1, 1], 'B': [1, 1, 1, 1, 1, 1, 1, 1, 1, 1], 'C': [0, 1, 1, 0, 1, 0, 1, 0, 1, 0], 'D': [1, 1, 1, 1, 1, 0, 0, 1, 0, 0], 'E': [1, 1, 1, 1, 1, 0, 1, 1, 1, 1], 'F': [1, 1, 1, 1, 1, 1, 1, 1, 0, 1], 'G': [1, 1, 1, 1, 1, 1, 1, 1, 0, 0], 'H': [1, 1, 1, 1, 1, 0, 1, 1, 0, 1], 'I': [1, 0, 1, 1, 1, 1, 0, 1, 0, 1], 'J': [1, 1, 0, 1, 0, 1, 1, 1, 1, 1], 'K': [0, 0, 0, 1, 1, 1, 1, 1, 0, 1]}, '东门南侧': {'A': [0, 0, 0, 0, 0, 0, 1, 1, 1, 0], 'B': [0, 0, 0, 0, 0, 0, 0, 0, 0, 0]}, '西门北侧': {'A': [1, 1, 1, 1, 1, 1, 1, 0, 0, 0], 'B': [1, 1, 1, 1, 0, 1, 1, 0, 1, 0], 'C': [1, 1, 1, 1, 1, 1, 1, 1, 1, 0]}, '西门南侧': {'A': [1, 1, 1, 1, 1, 0, 1, 1, 1, 1], 'B': [1, 1, 1, 1, 1, 1, 1, 1, 1, 1], 'C': [1, 1, 0, 1, 1, 0, 1, 1, 0, 1]}, '南门西侧': {'A': [1, 1, 1, 1, 1, 1, 1, 1, 1, 1], 'B': [0, 0, 0, 1, 0, 0, 1, 0, 0, 0]}, '南门东侧': {'A': [1, 1, 0, 1, 1, 1, 1, 1, 1, 1], 'B': [1, 0, 1, 1, 1, 0, 1, 1, 1, 1]}, '北门东北侧': {'A': [1, 1, 1, 1, 1, 1, 1, 1, 1, 1], 'B': [0, 1, 0, 1, 1, 0, 0, 1, 0, 0], 'C': [0, 0, 0, 1, 1, 0, 0, 1, 1, 0], 'D': [0, 1, 0, 1, 1, 0, 1, 0, 0, 1]}, '北门东南侧': {'A': [0, 0, 1, 1, 1, 0, 1, 0, 0, 0], 'B': [0, 1, 0, 0, 0, 0, 1, 0, 1, 0], 'C': [1, 1, 0, 1, 0, 0, 0, 0, 0, 0], 'D': [0, 0, 0, 0, 0, 1, 0, 0, 0, 0], 'E': [0, 1, 0, 1, 0, 0, 1, 1, 0, 0], 'F': [1, 0, 1, 1, 1, 1, 1, 0, 0, 1]}, '橘园北侧南': {'A': [0, 0, 0, 0, 0, 1, 1, 0, 0, 1], 'B': [1, 1, 1, 1, 0, 1, 0, 1, 1, 1], 'C': [1, 1, 1, 1, 0, 1, 1, 0, 0, 1], 'D': [1, 1, 1, 1, 1, 1, 1, 1, 1, 0], 'E': [1, 1, 1, 0, 1, 1, 0, 1, 0, 0], 'F': [0, 0, 1, 0, 0, 0, 0, 0, 0, 0], 'G': [0, 0, 1, 1, 0, 0, 1, 1, 0, 0], 'H': [0, 1, 1, 1, 1, 1, 0, 0, 1, 0], 'I': [0, 1, 0, 1, 0, 0, 1, 0, 1, 0], 'J': [0, 0, 0, 0, 0, 0, 0, 0, 0, 1]}, '校医院西': {'A': [0, 1, 0, 0, 1, 0, 0, 1, 0, 1], 'B': [1, 1, 1, 0, 1, 0, 0, 1, 0, 1], 'C': [0, 1, 0, 0, 1, 0, 1, 1, 0, 1], 'D': [1, 1, 1, 0, 1, 0, 0, 1, 1, 1], 'E': [1, 1, 1, 1, 1, 1, 1, 0, 1, 1], 'F': [0, 0, 1, 1, 1, 1, 1, 1, 1, 1], 'G': [0, 0, 0, 0, 0, 1, 1, 0, 0, 0], 'H': [0, 0, 0, 0, 0, 0, 0, 0, 0, 0], 'I': [0, 0, 1, 0, 0, 0, 0, 0, 0, 0]}}
623978	2024-07-13 17:02:58.820000+08:00	2024-07-13 17:02:58.820000+08:00	{'东门北侧': {'A': [1, 1, 1, 1, 1, 0, 1, 0, 1, 1], 'B': [1, 1, 1, 1, 1, 1, 1, 1, 1, 1], 'C': [0, 1, 1, 0, 1, 0, 1, 0, 1, 0], 'D': [1, 1, 1, 1, 1, 0, 0, 1, 0, 0], 'E': [1, 1, 1, 1, 1, 0, 1, 1, 1, 1], 'F': [1, 1, 1, 1, 1, 1, 1, 1, 0, 1], 'G': [1, 1, 1, 1, 1, 1, 1, 1, 0, 0], 'H': [1, 1, 1, 1, 1, 0, 1, 1, 0, 1], 'I': [1, 0, 1, 1, 1, 1, 0, 1, 0, 1], 'J': [1, 1, 0, 1, 0, 1, 1, 1, 1, 1], 'K': [0, 0, 0, 1, 1, 1, 1, 1, 0, 1]}, '东门南侧': {'A': [0, 0, 0, 0, 0, 0, 1, 1, 1, 0], 'B': [0, 0, 0, 0, 0, 0, 0, 0, 0, 0]}, '西门北侧': {'A': [1, 1, 1, 1, 1, 1, 1, 0, 0, 0], 'B': [1, 1, 1, 1, 0, 1, 1, 0, 1, 0], 'C': [1, 1, 1, 1, 1, 1, 1, 1, 1, 0]}, '西门南侧': {'A': [1, 1, 1, 1, 1, 0, 1, 1, 1, 1], 'B': [1, 1, 1, 1, 1, 1, 1, 1, 1, 1], 'C': [1, 1, 0, 1, 1, 0, 1, 1, 0, 1]}, '南门西侧': {'A': [1, 1, 1, 1, 1, 1, 1, 1, 1, 1], 'B': [0, 0, 0, 1, 0, 0, 1, 0, 0, 0]}, '南门东侧': {'A': [1, 1, 0, 1, 1, 1, 1, 1, 1, 1], 'B': [1, 0, 1, 1, 1, 0, 1, 1, 1, 1]}, '北门东北侧': {'A': [1, 1, 1, 1, 1, 1, 1, 1, 1, 1], 'B': [0, 1, 0, 1, 1, 0, 0, 1, 0, 0], 'C': [0, 0, 0, 1, 1, 0, 0, 1, 1, 0], 'D': [0, 1, 0, 1, 1, 0, 1, 0, 0, 1]}, '北门东南侧': {'A': [0, 0, 1, 1, 1, 0, 1, 0, 0, 0], 'B': [0, 1, 0, 0, 0, 0, 1, 0, 1, 0], 'C': [1, 1, 0, 1, 0, 0, 0, 0, 0, 0], 'D': [0, 0, 0, 0, 0, 1, 0, 0, 0, 0], 'E': [0, 1, 0, 1, 0, 0, 1, 1, 0, 0], 'F': [1, 0, 1, 1, 1, 1, 1, 0, 0, 1]}, '橘园北侧南': {'A': [0, 0, 0, 0, 0, 1, 1, 0, 0, 1], 'B': [1, 1, 1, 1, 0, 1, 0, 1, 1, 1], 'C': [1, 1, 1, 1, 0, 1, 1, 0, 0, 1], 'D': [1, 1, 1, 1, 1, 1, 1, 1, 1, 0], 'E': [1, 1, 1, 0, 1, 1, 0, 1, 0, 0], 'F': [0, 0, 1, 0, 0, 0, 0, 0, 0, 0], 'G': [0, 0, 1, 1, 0, 0, 1, 1, 0, 0], 'H': [0, 1, 1, 1, 1, 1, 0, 0, 1, 0], 'I': [0, 1, 0, 1, 0, 0, 1, 0, 1, 0], 'J': [0, 0, 0, 0, 0, 0, 0, 0, 0, 1]}, '校医院西': {'A': [0, 1, 0, 0, 1, 0, 0, 1, 0, 1], 'B': [1, 1, 1, 0, 1, 0, 0, 1, 0, 1], 'C': [0, 1, 0, 0, 1, 0, 1, 1, 0, 1], 'D': [1, 1, 1, 0, 1, 0, 0, 1, 1, 1], 'E': [1, 1, 1, 1, 1, 1, 1, 0, 1, 1], 'F': [0, 0, 1, 1, 1, 1, 1, 1, 1, 1], 'G': [0, 0, 0, 0, 0, 1, 1, 0, 0, 0], 'H': [0, 0, 0, 0, 0, 0, 0, 0, 0, 0], 'I': [0, 0, 1, 0, 0, 0, 0, 0, 0, 0]}}
623979	2024-07-13 17:04:01.447000+08:00	2024-07-13 17:04:01.447000+08:00	{'东门北侧': {'A': [1, 1, 1, 1, 1, 0, 1, 0, 1, 1], 'B': [1, 1, 1, 1, 1, 1, 1, 1, 1, 1], 'C': [0, 1, 1, 0, 1, 0, 1, 0, 1, 0], 'D': [1, 1, 1, 1, 1, 0, 0, 1, 0, 0], 'E': [1, 1, 1, 1, 1, 0, 1, 1, 1, 1], 'F': [1, 1, 1, 1, 1, 1, 1, 1, 0, 1], 'G': [1, 1, 1, 1, 1, 1, 1, 1, 0, 0], 'H': [1, 1, 1, 1, 1, 0, 1, 1, 0, 1], 'I': [1, 0, 1, 1, 1, 1, 0, 1, 0, 1], 'J': [1, 1, 0, 1, 0, 1, 1, 1, 1, 1], 'K': [0, 0, 0, 1, 1, 1, 1, 1, 0, 1]}, '东门南侧': {'A': [0, 0, 0, 0, 0, 0, 1, 1, 1, 0], 'B': [0, 0, 0, 0, 0, 0, 0, 0, 0, 0]}, '西门北侧': {'A': [1, 1, 1, 1, 1, 1, 1, 0, 0, 0], 'B': [1, 1, 1, 1, 0, 1, 1, 0, 1, 0], 'C': [1, 1, 1, 1, 1, 1, 1, 1, 1, 0]}, '西门南侧': {'A': [1, 1, 1, 1, 1, 0, 1, 1, 1, 1], 'B': [1, 1, 1, 1, 1, 1, 1, 1, 1, 1], 'C': [1, 1, 0, 1, 1, 0, 1, 1, 0, 1]}, '南门西侧': {'A': [1, 1, 1, 1, 1, 1, 1, 1, 1, 1], 'B': [0, 0, 0, 1, 0, 0, 1, 0, 0, 0]}, '南门东侧': {'A': [1, 1, 0, 1, 1, 1, 1, 1, 1, 1], 'B': [1, 0, 1, 1, 1, 0, 1, 1, 1, 1]}, '北门东北侧': {'A': [1, 1, 1, 1, 1, 1, 1, 1, 1, 1], 'B': [0, 1, 0, 1, 1, 0, 0, 1, 0, 0], 'C': [0, 0, 0, 1, 1, 0, 0, 1, 1, 0], 'D': [0, 1, 0, 1, 1, 0, 1, 0, 0, 1]}, '北门东南侧': {'A': [0, 0, 1, 1, 1, 0, 1, 0, 0, 0], 'B': [0, 1, 0, 0, 0, 0, 1, 0, 1, 0], 'C': [1, 1, 0, 1, 0, 0, 0, 0, 0, 0], 'D': [0, 0, 0, 0, 0, 1, 0, 0, 0, 0], 'E': [0, 1, 0, 1, 0, 0, 1, 1, 0, 0], 'F': [1, 0, 1, 1, 1, 1, 1, 0, 0, 1]}, '橘园北侧南': {'A': [0, 0, 0, 0, 0, 1, 1, 0, 0, 1], 'B': [1, 1, 1, 1, 0, 1, 0, 1, 1, 1], 'C': [1, 1, 1, 1, 0, 1, 1, 0, 0, 1], 'D': [1, 1, 1, 1, 1, 1, 1, 1, 1, 0], 'E': [1, 1, 1, 0, 1, 1, 0, 1, 0, 0], 'F': [0, 0, 1, 0, 0, 0, 0, 0, 0, 0], 'G': [0, 0, 1, 1, 0, 0, 1, 1, 0, 0], 'H': [0, 1, 1, 1, 1, 1, 0, 0, 1, 0], 'I': [0, 1, 0, 1, 0, 1, 1, 0, 1, 0], 'J': [0, 0, 0, 0, 0, 0, 0, 0, 0, 1]}, '校医院西': {'A': [0, 1, 0, 0, 1, 0, 0, 1, 0, 1], 'B': [1, 1, 1, 0, 1, 0, 0, 1, 0, 1], 'C': [0, 1, 0, 0, 1, 0, 1, 1, 0, 1], 'D': [1, 1, 1, 0, 1, 0, 0, 1, 1, 1], 'E': [1, 1, 1, 1, 1, 1, 1, 1, 1, 1], 'F': [0, 0, 1, 1, 1, 1, 1, 1, 1, 1], 'G': [0, 0, 0, 0, 0, 1, 1, 0, 0, 0], 'H': [0, 0, 0, 0, 0, 0, 0, 0, 0, 0], 'I': [0, 0, 1, 0, 0, 0, 0, 0, 0, 0]}}
623980	2024-07-13 17:04:59.697000+08:00	2024-07-13 17:04:59.697000+08:00	{'东门北侧': {'A': [1, 1, 1, 1, 1, 0, 1, 0, 1, 1], 'B': [1, 1, 1, 1, 1, 1, 1, 1, 1, 1], 'C': [0, 1, 1, 0, 1, 0, 1, 0, 1, 0], 'D': [1, 1, 1, 1, 1, 0, 0, 1, 0, 0], 'E': [1, 1, 1, 1, 1, 0, 1, 1, 1, 1], 'F': [1, 1, 1, 1, 1, 1, 1, 1, 0, 1], 'G': [1, 1, 1, 1, 1, 1, 1, 1, 0, 0], 'H': [1, 1, 1, 1, 1, 0, 1, 1, 0, 1], 'I': [1, 0, 1, 1, 1, 1, 0, 1, 0, 1], 'J': [1, 1, 0, 1, 0, 1, 1, 1, 1, 1], 'K': [0, 0, 0, 1, 1, 1, 1, 1, 0, 1]}, '东门南侧': {'A': [0, 0, 0, 0, 0, 0, 1, 1, 1, 0], 'B': [0, 0, 0, 0, 0, 0, 0, 0, 0, 0]}, '西门北侧': {'A': [1, 1, 1, 1, 1, 1, 1, 0, 0, 0], 'B': [1, 1, 1, 1, 0, 1, 1, 0, 1, 0], 'C': [1, 1, 1, 1, 1, 1, 1, 1, 1, 0]}, '西门南侧': {'A': [1, 1, 1, 1, 1, 0, 1, 1, 1, 1], 'B': [1, 1, 1, 1, 1, 1, 1, 1, 1, 1], 'C': [1, 1, 0, 1, 1, 0, 1, 1, 0, 1]}, '南门西侧': {'A': [1, 1, 1, 1, 1, 1, 1, 1, 1, 1], 'B': [0, 0, 0, 1, 0, 0, 1, 0, 0, 0]}, '南门东侧': {'A': [1, 1, 0, 1, 1, 1, 1, 1, 1, 1], 'B': [1, 0, 1, 1, 1, 0, 1, 1, 1, 1]}, '北门东北侧': {'A': [1, 1, 1, 1, 1, 1, 1, 1, 1, 1], 'B': [0, 1, 0, 1, 1, 0, 0, 1, 0, 0], 'C': [0, 0, 0, 1, 1, 0, 0, 1, 1, 0], 'D': [0, 1, 0, 1, 1, 0, 1, 0, 0, 1]}, '北门东南侧': {'A': [0, 0, 1, 1, 1, 0, 1, 0, 0, 0], 'B': [0, 1, 0, 0, 0, 0, 1, 0, 1, 0], 'C': [1, 1, 0, 1, 0, 0, 0, 0, 0, 0], 'D': [0, 0, 0, 0, 0, 1, 0, 0, 0, 0], 'E': [0, 1, 0, 1, 0, 1, 1, 1, 0, 0], 'F': [1, 0, 1, 1, 1, 1, 1, 0, 0, 1]}, '橘园北侧南': {'A': [0, 0, 0, 0, 0, 1, 1, 0, 0, 1], 'B': [1, 1, 1, 1, 0, 1, 0, 1, 1, 1], 'C': [1, 1, 1, 1, 0, 1, 1, 0, 0, 1], 'D': [1, 1, 1, 1, 1, 1, 1, 1, 1, 0], 'E': [1, 1, 1, 0, 1, 1, 0, 1, 0, 0], 'F': [0, 0, 1, 0, 0, 0, 0, 1, 0, 0], 'G': [0, 0, 1, 1, 0, 0, 1, 1, 0, 0], 'H': [0, 1, 1, 1, 1, 1, 0, 0, 1, 0], 'I': [0, 1, 0, 1, 0, 1, 1, 0, 1, 0], 'J': [0, 0, 0, 0, 0, 0, 0, 0, 0, 1]}, '校医院西': {'A': [0, 1, 0, 0, 1, 0, 0, 1, 0, 1], 'B': [1, 1, 1, 0, 1, 0, 0, 1, 0, 1], 'C': [0, 1, 0, 0, 1, 0, 1, 1, 0, 1], 'D': [1, 1, 1, 0, 1, 0, 0, 1, 1, 1], 'E': [1, 1, 1, 1, 1, 1, 1, 1, 1, 1], 'F': [0, 0, 1, 1, 1, 1, 1, 1, 1, 1], 'G': [0, 0, 0, 0, 0, 1, 1, 0, 0, 0], 'H': [0, 0, 0, 0, 0, 0, 0, 0, 0, 0], 'I': [0, 0, 1, 0, 0, 0, 0, 0, 0, 0]}}
623981	2024-07-13 17:06:00.525000+08:00	2024-07-13 17:06:00.525000+08:00	{'东门北侧': {'A': [1, 1, 1, 1, 1, 0, 1, 0, 1, 1], 'B': [1, 1, 1, 1, 1, 1, 1, 1, 1, 1], 'C': [0, 1, 1, 0, 1, 0, 1, 0, 1, 0], 'D': [1, 1, 1, 1, 1, 0, 0, 1, 0, 0], 'E': [1, 1, 1, 1, 1, 0, 1, 1, 1, 1], 'F': [1, 1, 1, 1, 1, 1, 1, 1, 0, 1], 'G': [1, 1, 1, 1, 1, 1, 1, 1, 0, 0], 'H': [1, 1, 1, 1, 1, 0, 1, 1, 0, 1], 'I': [1, 0, 1, 1, 1, 1, 0, 1, 0, 1], 'J': [1, 1, 0, 1, 0, 1, 1, 1, 1, 1], 'K': [0, 0, 0, 1, 1, 1, 1, 1, 0, 1]}, '东门南侧': {'A': [0, 0, 0, 0, 0, 0, 1, 1, 1, 0], 'B': [0, 0, 0, 0, 0, 0, 0, 0, 0, 0]}, '西门北侧': {'A': [1, 1, 1, 1, 1, 1, 1, 0, 0, 0], 'B': [1, 1, 1, 1, 0, 1, 1, 0, 1, 0], 'C': [1, 1, 1, 1, 1, 1, 1, 1, 1, 0]}, '西门南侧': {'A': [1, 1, 1, 1, 1, 0, 1, 1, 1, 1], 'B': [1, 1, 1, 1, 1, 1, 1, 1, 1, 1], 'C': [1, 1, 0, 1, 1, 0, 1, 1, 0, 1]}, '南门西侧': {'A': [1, 1, 1, 1, 1, 1, 1, 1, 1, 1], 'B': [0, 0, 0, 1, 0, 0, 1, 0, 0, 0]}, '南门东侧': {'A': [1, 1, 0, 1, 1, 1, 1, 1, 1, 1], 'B': [1, 0, 1, 1, 1, 0, 1, 1, 1, 1]}, '北门东北侧': {'A': [1, 1, 1, 1, 1, 1, 1, 1, 1, 1], 'B': [0, 1, 0, 1, 1, 0, 0, 1, 0, 0], 'C': [0, 0, 0, 1, 1, 0, 0, 1, 1, 0], 'D': [0, 1, 0, 1, 1, 0, 1, 0, 0, 1]}, '北门东南侧': {'A': [0, 0, 1, 1, 1, 0, 1, 0, 0, 0], 'B': [0, 1, 0, 0, 0, 0, 1, 0, 1, 0], 'C': [1, 1, 0, 1, 0, 0, 0, 0, 0, 0], 'D': [0, 0, 0, 0, 0, 1, 0, 0, 0, 0], 'E': [0, 1, 0, 1, 0, 1, 1, 1, 0, 0], 'F': [1, 0, 1, 1, 1, 1, 1, 0, 0, 1]}, '橘园北侧南': {'A': [0, 0, 0, 0, 0, 1, 1, 0, 0, 1], 'B': [1, 1, 1, 1, 0, 1, 0, 1, 1, 1], 'C': [1, 1, 1, 1, 0, 1, 1, 0, 0, 1], 'D': [1, 1, 1, 1, 1, 1, 1, 1, 1, 0], 'E': [1, 1, 1, 0, 1, 1, 0, 1, 0, 0], 'F': [0, 0, 1, 0, 0, 0, 0, 1, 0, 0], 'G': [0, 0, 1, 1, 0, 0, 1, 1, 0, 0], 'H': [1, 1, 1, 1, 1, 1, 0, 0, 1, 0], 'I': [0, 1, 0, 1, 0, 1, 1, 0, 1, 0], 'J': [0, 0, 0, 0, 1, 0, 0, 0, 0, 1]}, '校医院西': {'A': [0, 1, 0, 0, 1, 0, 0, 1, 0, 1], 'B': [1, 1, 1, 0, 1, 0, 0, 1, 0, 1], 'C': [0, 1, 0, 0, 1, 0, 1, 1, 0, 1], 'D': [1, 1, 1, 0, 1, 0, 0, 1, 1, 1], 'E': [1, 1, 1, 1, 1, 1, 1, 1, 1, 1], 'F': [0, 0, 1, 1, 1, 1, 1, 1, 1, 1], 'G': [0, 0, 0, 0, 0, 1, 1, 0, 0, 0], 'H': [0, 0, 0, 0, 0, 0, 0, 0, 0, 0], 'I': [0, 0, 1, 0, 0, 0, 0, 0, 0, 0]}}
623982	2024-07-13 17:06:59.859000+08:00	2024-07-13 17:06:59.859000+08:00	{'东门北侧': {'A': [1, 1, 1, 1, 1, 0, 1, 0, 1, 1], 'B': [1, 1, 1, 1, 1, 1, 1, 1, 1, 1], 'C': [0, 1, 1, 0, 1, 0, 1, 0, 1, 0], 'D': [1, 1, 1, 1, 1, 0, 0, 1, 0, 0], 'E': [1, 1, 1, 1, 1, 0, 1, 1, 1, 1], 'F': [1, 1, 1, 1, 1, 1, 1, 1, 0, 1], 'G': [1, 1, 1, 1, 1, 1, 1, 1, 0, 0], 'H': [1, 1, 1, 1, 1, 0, 1, 1, 0, 1], 'I': [1, 0, 1, 1, 1, 1, 0, 1, 0, 1], 'J': [1, 1, 0, 1, 0, 1, 1, 1, 1, 1], 'K': [0, 0, 0, 1, 1, 1, 1, 1, 0, 1]}, '东门南侧': {'A': [0, 0, 0, 0, 0, 0, 1, 1, 1, 0], 'B': [0, 0, 0, 0, 0, 0, 0, 0, 0, 0]}, '西门北侧': {'A': [1, 1, 1, 1, 1, 1, 1, 0, 0, 0], 'B': [1, 1, 1, 1, 0, 1, 1, 0, 1, 0], 'C': [1, 1, 1, 1, 1, 1, 1, 1, 1, 0]}, '西门南侧': {'A': [1, 1, 1, 1, 1, 0, 1, 1, 1, 1], 'B': [1, 1, 1, 1, 1, 1, 1, 1, 1, 1], 'C': [1, 1, 0, 1, 1, 0, 1, 1, 0, 1]}, '南门西侧': {'A': [1, 1, 1, 1, 1, 1, 1, 1, 1, 1], 'B': [0, 0, 0, 1, 0, 0, 1, 0, 0, 0]}, '南门东侧': {'A': [1, 1, 0, 1, 1, 1, 1, 1, 1, 1], 'B': [1, 0, 1, 1, 1, 0, 1, 1, 1, 1]}, '北门东北侧': {'A': [1, 1, 1, 1, 1, 1, 1, 1, 1, 1], 'B': [0, 1, 0, 1, 1, 0, 0, 1, 0, 0], 'C': [0, 0, 0, 1, 1, 0, 0, 1, 1, 0], 'D': [0, 1, 0, 1, 1, 0, 1, 0, 0, 1]}, '北门东南侧': {'A': [0, 0, 1, 1, 1, 0, 1, 0, 0, 0], 'B': [0, 1, 0, 0, 0, 0, 1, 0, 1, 0], 'C': [1, 1, 0, 1, 0, 0, 0, 0, 0, 0], 'D': [0, 0, 0, 0, 0, 1, 0, 0, 0, 0], 'E': [0, 1, 0, 1, 0, 1, 1, 1, 0, 0], 'F': [1, 0, 1, 1, 1, 1, 1, 0, 0, 1]}, '橘园北侧南': {'A': [0, 0, 0, 0, 0, 1, 1, 0, 0, 1], 'B': [1, 1, 1, 1, 0, 1, 0, 1, 1, 1], 'C': [1, 1, 1, 1, 0, 1, 1, 0, 0, 1], 'D': [1, 1, 1, 1, 1, 1, 1, 1, 1, 0], 'E': [1, 1, 1, 0, 1, 1, 0, 1, 0, 0], 'F': [0, 0, 1, 0, 0, 0, 0, 1, 0, 0], 'G': [0, 0, 1, 1, 0, 0, 1, 1, 0, 0], 'H': [1, 1, 1, 1, 1, 1, 0, 0, 1, 0], 'I': [0, 1, 0, 1, 0, 1, 1, 0, 1, 0], 'J': [0, 0, 0, 0, 1, 0, 0, 0, 0, 1]}, '校医院西': {'A': [0, 1, 0, 0, 1, 0, 0, 1, 0, 1], 'B': [1, 1, 1, 0, 1, 0, 0, 1, 0, 1], 'C': [0, 1, 0, 0, 1, 0, 1, 1, 0, 1], 'D': [1, 1, 1, 0, 1, 0, 0, 1, 1, 1], 'E': [1, 1, 1, 1, 1, 1, 1, 1, 1, 1], 'F': [0, 0, 1, 1, 1, 1, 1, 1, 1, 1], 'G': [0, 0, 0, 0, 0, 1, 1, 0, 0, 0], 'H': [0, 0, 0, 0, 0, 0, 0, 0, 0, 0], 'I': [0, 0, 1, 0, 0, 0, 0, 0, 0, 0]}}
623983	2024-07-13 17:07:58.611000+08:00	2024-07-13 17:07:58.611000+08:00	{'东门北侧': {'A': [1, 1, 1, 1, 1, 0, 1, 0, 1, 1], 'B': [1, 1, 1, 1, 1, 1, 1, 1, 1, 1], 'C': [0, 1, 1, 0, 1, 0, 1, 0, 1, 0], 'D': [1, 1, 1, 1, 1, 0, 0, 1, 0, 0], 'E': [1, 1, 1, 1, 1, 0, 1, 1, 1, 1], 'F': [1, 1, 1, 1, 1, 1, 1, 1, 0, 1], 'G': [1, 1, 1, 1, 1, 1, 1, 1, 0, 0], 'H': [1, 1, 1, 1, 1, 0, 1, 1, 0, 1], 'I': [1, 0, 1, 1, 1, 1, 0, 1, 0, 1], 'J': [1, 1, 0, 1, 0, 1, 1, 1, 1, 1], 'K': [0, 0, 0, 1, 1, 1, 1, 1, 0, 1]}, '东门南侧': {'A': [0, 0, 0, 0, 0, 0, 1, 1, 1, 0], 'B': [0, 0, 0, 0, 0, 0, 0, 0, 0, 0]}, '西门北侧': {'A': [1, 1, 1, 1, 1, 1, 1, 0, 0, 0], 'B': [1, 1, 1, 1, 0, 1, 1, 0, 1, 0], 'C': [1, 1, 1, 1, 0, 1, 1, 1, 1, 0]}, '西门南侧': {'A': [1, 1, 1, 1, 1, 0, 1, 1, 1, 1], 'B': [1, 1, 1, 1, 1, 1, 1, 1, 1, 1], 'C': [1, 1, 0, 1, 1, 0, 1, 1, 0, 1]}, '南门西侧': {'A': [1, 1, 1, 1, 1, 1, 1, 1, 1, 1], 'B': [0, 0, 0, 1, 0, 0, 1, 0, 0, 0]}, '南门东侧': {'A': [1, 1, 0, 1, 1, 1, 1, 1, 1, 1], 'B': [1, 0, 1, 1, 1, 0, 1, 1, 1, 1]}, '北门东北侧': {'A': [1, 1, 1, 1, 1, 1, 1, 1, 1, 1], 'B': [0, 1, 0, 1, 1, 0, 0, 1, 0, 0], 'C': [0, 0, 0, 1, 1, 0, 0, 1, 1, 0], 'D': [0, 1, 0, 1, 1, 0, 1, 0, 0, 1]}, '北门东南侧': {'A': [0, 0, 1, 1, 1, 0, 1, 0, 0, 0], 'B': [0, 1, 0, 0, 0, 0, 1, 0, 1, 0], 'C': [1, 1, 0, 1, 0, 0, 0, 0, 0, 0], 'D': [0, 0, 0, 0, 0, 1, 0, 0, 0, 0], 'E': [0, 1, 0, 1, 0, 1, 1, 1, 0, 0], 'F': [1, 0, 1, 1, 1, 1, 1, 0, 0, 1]}, '橘园北侧南': {'A': [0, 0, 0, 0, 0, 1, 1, 0, 0, 1], 'B': [1, 1, 1, 1, 0, 1, 0, 1, 1, 1], 'C': [1, 1, 1, 1, 0, 1, 1, 0, 0, 1], 'D': [1, 1, 1, 1, 1, 1, 1, 1, 1, 0], 'E': [1, 1, 1, 0, 1, 1, 0, 1, 0, 0], 'F': [0, 0, 1, 0, 0, 0, 0, 1, 0, 0], 'G': [0, 0, 1, 1, 0, 0, 1, 1, 0, 0], 'H': [1, 1, 1, 1, 1, 1, 0, 0, 1, 0], 'I': [0, 1, 0, 1, 0, 1, 1, 0, 1, 0], 'J': [0, 0, 0, 1, 1, 0, 1, 0, 0, 1]}, '校医院西': {'A': [0, 1, 0, 0, 1, 0, 0, 1, 0, 1], 'B': [1, 1, 1, 0, 1, 0, 0, 1, 0, 1], 'C': [0, 1, 0, 0, 1, 0, 1, 1, 0, 1], 'D': [1, 1, 1, 0, 1, 0, 0, 1, 1, 1], 'E': [1, 1, 1, 1, 1, 1, 1, 1, 1, 1], 'F': [0, 0, 1, 1, 1, 1, 1, 1, 1, 1], 'G': [0, 0, 0, 0, 0, 1, 1, 0, 0, 0], 'H': [0, 0, 0, 0, 0, 0, 0, 0, 0, 0], 'I': [0, 0, 0, 0, 0, 0, 0, 0, 0, 0]}}
623984	2024-07-13 17:09:01.219000+08:00	2024-07-13 17:09:01.219000+08:00	{'东门北侧': {'A': [1, 1, 1, 1, 1, 0, 1, 0, 1, 1], 'B': [1, 1, 1, 1, 1, 1, 1, 1, 1, 1], 'C': [0, 1, 1, 0, 1, 0, 1, 0, 1, 0], 'D': [1, 1, 1, 1, 1, 0, 0, 1, 0, 0], 'E': [1, 1, 1, 1, 1, 0, 1, 1, 1, 1], 'F': [1, 1, 1, 1, 1, 1, 1, 1, 0, 1], 'G': [1, 1, 1, 1, 1, 1, 1, 1, 0, 0], 'H': [1, 1, 1, 1, 1, 0, 1, 1, 0, 1], 'I': [1, 0, 1, 1, 1, 1, 0, 1, 0, 1], 'J': [1, 1, 0, 1, 0, 1, 1, 1, 1, 1], 'K': [0, 0, 0, 1, 1, 1, 1, 1, 0, 1]}, '东门南侧': {'A': [0, 0, 0, 0, 0, 0, 1, 0, 1, 0], 'B': [0, 0, 0, 0, 0, 0, 0, 0, 0, 0]}, '西门北侧': {'A': [1, 1, 1, 1, 1, 1, 1, 0, 0, 0], 'B': [1, 1, 1, 1, 0, 1, 1, 0, 1, 0], 'C': [1, 1, 1, 1, 0, 1, 1, 1, 1, 0]}, '西门南侧': {'A': [1, 1, 1, 1, 1, 0, 1, 1, 1, 1], 'B': [1, 1, 1, 1, 1, 1, 1, 1, 1, 1], 'C': [1, 1, 0, 1, 1, 0, 1, 1, 0, 1]}, '南门西侧': {'A': [1, 1, 1, 1, 1, 1, 1, 1, 1, 1], 'B': [0, 0, 0, 1, 0, 0, 1, 0, 0, 0]}, '南门东侧': {'A': [1, 1, 0, 1, 1, 1, 1, 1, 1, 1], 'B': [1, 0, 1, 1, 1, 0, 1, 1, 1, 1]}, '北门东北侧': {'A': [1, 1, 1, 1, 1, 1, 1, 1, 1, 1], 'B': [0, 1, 0, 1, 1, 0, 0, 1, 0, 0], 'C': [0, 0, 0, 1, 1, 0, 0, 1, 1, 0], 'D': [0, 1, 0, 1, 1, 0, 1, 0, 0, 1]}, '北门东南侧': {'A': [0, 0, 1, 1, 1, 0, 1, 0, 0, 0], 'B': [0, 1, 0, 0, 0, 0, 1, 0, 1, 0], 'C': [1, 1, 0, 1, 0, 0, 0, 0, 0, 0], 'D': [0, 0, 0, 0, 0, 1, 0, 0, 0, 0], 'E': [0, 1, 0, 1, 0, 1, 1, 1, 0, 0], 'F': [1, 0, 1, 1, 1, 1, 1, 0, 0, 1]}, '橘园北侧南': {'A': [0, 0, 0, 0, 0, 1, 1, 0, 0, 1], 'B': [1, 1, 1, 1, 0, 1, 0, 1, 1, 1], 'C': [1, 1, 1, 1, 0, 1, 1, 0, 0, 1], 'D': [1, 1, 1, 1, 1, 1, 1, 1, 1, 0], 'E': [1, 1, 1, 0, 1, 1, 0, 1, 0, 0], 'F': [0, 0, 1, 0, 0, 0, 0, 1, 0, 0], 'G': [0, 0, 1, 1, 0, 0, 1, 1, 0, 0], 'H': [1, 1, 1, 1, 1, 1, 0, 0, 1, 0], 'I': [0, 1, 0, 1, 0, 1, 1, 0, 1, 0], 'J': [0, 0, 0, 1, 1, 0, 1, 0, 0, 1]}, '校医院西': {'A': [0, 1, 0, 0, 1, 0, 0, 1, 0, 1], 'B': [1, 1, 1, 0, 1, 0, 0, 1, 0, 1], 'C': [0, 1, 0, 0, 1, 0, 1, 1, 0, 1], 'D': [1, 1, 1, 0, 1, 0, 0, 1, 1, 1], 'E': [1, 1, 1, 1, 1, 1, 1, 1, 1, 1], 'F': [0, 0, 1, 1, 1, 1, 1, 1, 1, 1], 'G': [0, 0, 0, 0, 0, 1, 1, 0, 0, 0], 'H': [0, 0, 0, 0, 0, 0, 0, 0, 0, 0], 'I': [0, 0, 0, 0, 0, 0, 0, 0, 0, 0]}}
623985	2024-07-13 17:09:58.618000+08:00	2024-07-13 17:09:58.618000+08:00	{'东门北侧': {'A': [1, 1, 1, 1, 1, 0, 1, 0, 1, 1], 'B': [1, 1, 1, 1, 1, 1, 1, 1, 1, 1], 'C': [0, 1, 1, 0, 1, 0, 1, 0, 1, 0], 'D': [1, 1, 1, 1, 1, 0, 0, 1, 0, 0], 'E': [1, 1, 1, 1, 1, 0, 1, 1, 1, 1], 'F': [1, 1, 1, 1, 1, 1, 1, 1, 0, 1], 'G': [1, 1, 1, 1, 1, 1, 1, 1, 0, 0], 'H': [1, 1, 1, 1, 1, 0, 1, 1, 0, 1], 'I': [1, 0, 1, 1, 1, 1, 0, 1, 0, 1], 'J': [1, 1, 0, 1, 0, 1, 1, 1, 1, 1], 'K': [0, 0, 0, 1, 1, 1, 1, 1, 0, 1]}, '东门南侧': {'A': [0, 0, 0, 0, 0, 0, 1, 0, 1, 0], 'B': [0, 0, 0, 0, 0, 0, 0, 0, 0, 0]}, '西门北侧': {'A': [1, 1, 1, 1, 1, 1, 1, 1, 0, 0], 'B': [1, 1, 1, 1, 0, 1, 1, 0, 1, 0], 'C': [1, 1, 1, 1, 0, 1, 1, 1, 1, 0]}, '西门南侧': {'A': [1, 1, 1, 1, 1, 0, 1, 1, 1, 1], 'B': [1, 1, 1, 1, 1, 1, 1, 1, 1, 1], 'C': [1, 1, 0, 1, 1, 0, 1, 1, 0, 1]}, '南门西侧': {'A': [1, 1, 1, 1, 1, 1, 1, 1, 1, 1], 'B': [0, 0, 0, 1, 0, 0, 1, 0, 0, 0]}, '南门东侧': {'A': [1, 1, 0, 1, 1, 1, 1, 1, 1, 1], 'B': [1, 0, 1, 1, 1, 0, 1, 1, 1, 1]}, '北门东北侧': {'A': [1, 1, 1, 1, 1, 1, 1, 1, 1, 1], 'B': [0, 1, 0, 1, 1, 0, 0, 1, 0, 0], 'C': [0, 0, 0, 1, 1, 0, 0, 1, 1, 0], 'D': [0, 1, 0, 1, 1, 0, 1, 0, 0, 1]}, '北门东南侧': {'A': [0, 0, 1, 1, 1, 0, 1, 0, 0, 0], 'B': [0, 1, 0, 0, 0, 0, 1, 0, 1, 0], 'C': [1, 1, 0, 1, 0, 0, 0, 0, 0, 0], 'D': [0, 0, 0, 0, 0, 1, 0, 0, 0, 0], 'E': [0, 1, 0, 1, 0, 1, 1, 1, 0, 0], 'F': [1, 0, 1, 1, 1, 1, 1, 0, 0, 1]}, '橘园北侧南': {'A': [0, 0, 0, 0, 0, 1, 1, 0, 0, 1], 'B': [1, 1, 1, 1, 0, 1, 0, 1, 1, 1], 'C': [1, 1, 1, 1, 0, 1, 1, 0, 0, 1], 'D': [1, 1, 1, 1, 1, 1, 1, 1, 1, 0], 'E': [1, 1, 1, 0, 1, 1, 0, 1, 0, 0], 'F': [0, 0, 1, 0, 0, 0, 0, 1, 0, 0], 'G': [0, 0, 1, 1, 0, 0, 1, 1, 0, 0], 'H': [1, 1, 1, 1, 1, 1, 0, 0, 1, 0], 'I': [0, 1, 0, 1, 0, 1, 1, 0, 1, 0], 'J': [0, 0, 0, 1, 1, 0, 1, 0, 0, 1]}, '校医院西': {'A': [0, 1, 0, 0, 1, 0, 0, 1, 0, 1], 'B': [1, 1, 1, 0, 1, 0, 0, 1, 0, 1], 'C': [0, 1, 0, 0, 1, 0, 1, 1, 0, 1], 'D': [1, 1, 1, 0, 1, 0, 0, 1, 1, 1], 'E': [1, 1, 1, 1, 1, 1, 1, 1, 1, 1], 'F': [0, 0, 1, 1, 1, 1, 1, 1, 1, 1], 'G': [0, 0, 0, 0, 0, 1, 1, 0, 0, 0], 'H': [0, 0, 0, 1, 0, 0, 0, 0, 0, 0], 'I': [0, 0, 0, 0, 0, 0, 0, 0, 0, 0]}}
623986	2024-07-13 17:11:00.694000+08:00	2024-07-13 17:11:00.694000+08:00	{'东门北侧': {'A': [1, 1, 1, 1, 1, 0, 1, 0, 1, 1], 'B': [1, 1, 1, 1, 1, 1, 1, 1, 1, 1], 'C': [0, 1, 1, 0, 1, 0, 1, 0, 1, 0], 'D': [1, 1, 1, 1, 1, 0, 0, 1, 0, 0], 'E': [1, 1, 1, 1, 1, 0, 1, 1, 1, 1], 'F': [1, 1, 1, 1, 1, 1, 1, 1, 0, 1], 'G': [1, 1, 1, 1, 1, 1, 1, 1, 0, 0], 'H': [1, 1, 1, 1, 1, 0, 1, 1, 0, 1], 'I': [1, 0, 1, 1, 1, 1, 0, 1, 0, 1], 'J': [1, 1, 0, 1, 0, 1, 1, 1, 1, 1], 'K': [0, 0, 0, 1, 1, 1, 1, 1, 0, 1]}, '东门南侧': {'A': [0, 0, 1, 0, 0, 0, 1, 0, 1, 0], 'B': [0, 0, 0, 0, 0, 0, 0, 0, 0, 0]}, '西门北侧': {'A': [1, 1, 1, 1, 1, 1, 1, 1, 0, 0], 'B': [1, 1, 1, 1, 0, 1, 1, 0, 1, 0], 'C': [1, 1, 1, 1, 0, 1, 1, 1, 1, 0]}, '西门南侧': {'A': [1, 1, 1, 1, 1, 0, 1, 1, 1, 1], 'B': [1, 1, 1, 1, 1, 1, 1, 1, 1, 1], 'C': [1, 1, 0, 1, 1, 0, 1, 1, 0, 1]}, '南门西侧': {'A': [1, 1, 1, 1, 1, 1, 1, 1, 1, 1], 'B': [0, 0, 0, 1, 0, 0, 1, 0, 0, 0]}, '南门东侧': {'A': [1, 1, 0, 1, 1, 1, 1, 1, 1, 1], 'B': [1, 0, 1, 1, 1, 0, 1, 1, 1, 1]}, '北门东北侧': {'A': [1, 1, 1, 1, 1, 1, 1, 1, 1, 1], 'B': [0, 1, 0, 1, 1, 0, 0, 1, 0, 0], 'C': [0, 0, 0, 1, 1, 0, 0, 1, 1, 0], 'D': [0, 1, 0, 1, 1, 0, 1, 0, 0, 1]}, '北门东南侧': {'A': [0, 0, 1, 1, 1, 0, 1, 0, 0, 0], 'B': [0, 1, 0, 0, 0, 0, 1, 0, 1, 0], 'C': [1, 1, 0, 1, 0, 0, 0, 0, 0, 0], 'D': [0, 0, 0, 0, 0, 1, 0, 0, 0, 0], 'E': [0, 1, 0, 1, 0, 1, 1, 1, 0, 0], 'F': [1, 0, 1, 1, 1, 1, 1, 0, 0, 1]}, '橘园北侧南': {'A': [0, 0, 0, 0, 0, 1, 1, 0, 0, 1], 'B': [1, 1, 1, 1, 0, 1, 0, 1, 1, 1], 'C': [1, 1, 1, 1, 0, 1, 1, 0, 0, 1], 'D': [1, 1, 1, 1, 1, 1, 1, 1, 1, 0], 'E': [1, 1, 1, 0, 1, 1, 0, 1, 0, 0], 'F': [0, 0, 1, 0, 0, 0, 0, 1, 0, 0], 'G': [0, 0, 1, 1, 0, 0, 1, 1, 0, 0], 'H': [1, 1, 1, 1, 1, 1, 0, 0, 1, 0], 'I': [0, 1, 0, 1, 0, 1, 1, 0, 1, 0], 'J': [0, 0, 0, 1, 1, 0, 1, 0, 0, 1]}, '校医院西': {'A': [0, 1, 0, 0, 1, 0, 0, 1, 0, 1], 'B': [1, 1, 1, 0, 1, 0, 0, 1, 0, 1], 'C': [0, 1, 0, 0, 1, 0, 1, 1, 0, 1], 'D': [1, 1, 1, 0, 1, 0, 0, 1, 1, 1], 'E': [1, 1, 1, 1, 1, 1, 1, 1, 1, 1], 'F': [0, 0, 1, 1, 1, 1, 1, 1, 1, 1], 'G': [0, 0, 0, 0, 0, 1, 1, 0, 0, 0], 'H': [0, 0, 0, 1, 0, 0, 0, 0, 0, 0], 'I': [0, 0, 0, 0, 0, 0, 0, 0, 0, 0]}}
623987	2024-07-13 17:12:00.007000+08:00	2024-07-13 17:12:00.007000+08:00	{'东门北侧': {'A': [1, 1, 1, 1, 1, 0, 1, 0, 1, 1], 'B': [1, 1, 1, 1, 1, 1, 1, 1, 1, 1], 'C': [0, 1, 1, 0, 1, 0, 1, 0, 1, 0], 'D': [1, 1, 1, 1, 1, 0, 0, 1, 0, 0], 'E': [1, 1, 1, 1, 1, 0, 1, 1, 1, 1], 'F': [1, 1, 1, 1, 1, 1, 1, 1, 0, 1], 'G': [1, 1, 1, 1, 1, 1, 1, 1, 0, 0], 'H': [1, 1, 1, 1, 1, 0, 1, 1, 0, 1], 'I': [1, 0, 1, 1, 1, 1, 0, 1, 0, 1], 'J': [1, 1, 0, 1, 0, 1, 1, 1, 1, 1], 'K': [0, 0, 0, 1, 1, 1, 1, 1, 0, 1]}, '东门南侧': {'A': [0, 0, 1, 0, 0, 0, 1, 0, 1, 0], 'B': [0, 0, 0, 0, 0, 0, 0, 0, 0, 0]}, '西门北侧': {'A': [1, 1, 1, 1, 1, 1, 1, 1, 0, 0], 'B': [1, 1, 1, 1, 0, 1, 1, 0, 1, 0], 'C': [1, 1, 1, 1, 0, 1, 1, 1, 1, 0]}, '西门南侧': {'A': [1, 1, 1, 1, 1, 1, 1, 1, 1, 1], 'B': [1, 1, 1, 1, 1, 1, 1, 1, 1, 1], 'C': [1, 1, 0, 1, 1, 0, 1, 1, 0, 1]}, '南门西侧': {'A': [1, 1, 1, 1, 1, 1, 1, 1, 1, 1], 'B': [0, 0, 0, 1, 0, 0, 1, 0, 0, 0]}, '南门东侧': {'A': [1, 1, 0, 1, 1, 1, 1, 1, 1, 1], 'B': [1, 0, 1, 1, 1, 0, 1, 1, 1, 1]}, '北门东北侧': {'A': [1, 1, 1, 1, 1, 1, 1, 1, 1, 1], 'B': [0, 1, 0, 1, 1, 0, 0, 1, 0, 0], 'C': [0, 0, 0, 1, 1, 0, 0, 1, 1, 0], 'D': [0, 1, 0, 1, 1, 0, 1, 0, 0, 1]}, '北门东南侧': {'A': [0, 0, 1, 1, 1, 0, 1, 0, 0, 0], 'B': [0, 1, 0, 0, 0, 0, 1, 0, 1, 0], 'C': [1, 1, 0, 1, 0, 0, 0, 0, 0, 0], 'D': [0, 0, 0, 0, 0, 1, 0, 0, 0, 0], 'E': [0, 1, 0, 1, 0, 1, 1, 1, 0, 0], 'F': [1, 0, 1, 1, 1, 1, 1, 0, 0, 1]}, '橘园北侧南': {'A': [0, 0, 0, 0, 0, 1, 1, 0, 0, 1], 'B': [1, 1, 1, 1, 0, 1, 0, 1, 1, 1], 'C': [1, 1, 1, 1, 0, 1, 1, 0, 0, 1], 'D': [1, 1, 1, 1, 1, 1, 1, 1, 1, 0], 'E': [1, 1, 1, 0, 1, 1, 0, 1, 0, 0], 'F': [0, 0, 1, 0, 0, 0, 0, 1, 0, 0], 'G': [0, 0, 1, 1, 0, 0, 1, 1, 0, 0], 'H': [1, 1, 1, 1, 1, 1, 0, 0, 1, 0], 'I': [0, 1, 0, 1, 0, 1, 1, 0, 1, 0], 'J': [0, 0, 0, 1, 1, 0, 1, 0, 0, 1]}, '校医院西': {'A': [0, 1, 0, 0, 1, 0, 0, 1, 0, 1], 'B': [1, 1, 1, 0, 1, 0, 0, 1, 0, 1], 'C': [0, 1, 0, 0, 1, 0, 1, 1, 0, 1], 'D': [1, 1, 1, 0, 1, 0, 0, 1, 1, 1], 'E': [1, 1, 1, 1, 1, 1, 1, 1, 1, 1], 'F': [0, 0, 1, 1, 1, 1, 1, 1, 1, 1], 'G': [0, 0, 0, 0, 0, 1, 1, 0, 0, 0], 'H': [0, 0, 0, 1, 0, 0, 0, 0, 0, 0], 'I': [0, 0, 0, 0, 0, 0, 0, 0, 0, 0]}}
623988	2024-07-13 17:13:01.351000+08:00	2024-07-13 17:13:01.351000+08:00	{'东门北侧': {'A': [1, 1, 1, 1, 1, 0, 1, 0, 1, 1], 'B': [1, 1, 1, 1, 1, 1, 1, 1, 1, 1], 'C': [0, 1, 1, 0, 1, 0, 1, 0, 1, 0], 'D': [1, 1, 1, 1, 1, 0, 0, 1, 0, 0], 'E': [1, 1, 1, 1, 1, 0, 1, 1, 1, 1], 'F': [1, 1, 1, 1, 1, 1, 1, 1, 0, 1], 'G': [1, 1, 1, 1, 1, 1, 1, 1, 0, 0], 'H': [1, 1, 1, 1, 1, 0, 1, 1, 0, 1], 'I': [1, 0, 1, 1, 1, 1, 0, 1, 0, 1], 'J': [1, 1, 0, 1, 0, 1, 1, 1, 1, 1], 'K': [0, 0, 0, 1, 1, 1, 1, 1, 0, 1]}, '东门南侧': {'A': [0, 0, 1, 0, 0, 0, 1, 0, 1, 0], 'B': [0, 0, 0, 0, 0, 0, 0, 0, 0, 0]}, '西门北侧': {'A': [1, 1, 1, 1, 1, 1, 1, 1, 0, 0], 'B': [1, 1, 1, 1, 0, 1, 1, 0, 1, 0], 'C': [1, 1, 1, 1, 0, 1, 1, 1, 1, 0]}, '西门南侧': {'A': [1, 1, 1, 1, 1, 1, 1, 1, 1, 1], 'B': [1, 1, 1, 1, 1, 1, 1, 1, 1, 1], 'C': [1, 1, 0, 1, 1, 0, 1, 1, 0, 1]}, '南门西侧': {'A': [1, 1, 1, 1, 1, 1, 1, 1, 1, 1], 'B': [0, 1, 0, 1, 0, 0, 1, 0, 0, 0]}, '南门东侧': {'A': [1, 1, 0, 1, 1, 1, 1, 1, 1, 1], 'B': [1, 0, 1, 1, 1, 0, 1, 1, 1, 1]}, '北门东北侧': {'A': [1, 1, 1, 1, 1, 1, 1, 1, 1, 1], 'B': [0, 1, 0, 1, 1, 0, 0, 1, 0, 0], 'C': [0, 0, 0, 1, 1, 0, 0, 1, 1, 0], 'D': [0, 1, 0, 1, 1, 0, 1, 0, 0, 1]}, '北门东南侧': {'A': [0, 0, 1, 1, 1, 0, 1, 0, 0, 0], 'B': [0, 1, 0, 0, 0, 0, 1, 0, 1, 0], 'C': [1, 1, 0, 1, 0, 0, 0, 0, 0, 0], 'D': [0, 0, 0, 0, 0, 1, 0, 0, 0, 0], 'E': [0, 1, 0, 1, 0, 1, 1, 1, 0, 0], 'F': [1, 0, 1, 1, 1, 1, 1, 0, 0, 1]}, '橘园北侧南': {'A': [0, 0, 0, 0, 0, 1, 1, 0, 0, 1], 'B': [1, 1, 1, 1, 0, 1, 0, 1, 1, 1], 'C': [1, 1, 1, 1, 0, 1, 1, 0, 0, 1], 'D': [1, 1, 1, 1, 1, 1, 1, 1, 1, 0], 'E': [1, 1, 1, 0, 1, 1, 0, 1, 0, 0], 'F': [0, 0, 1, 0, 0, 0, 0, 1, 0, 0], 'G': [0, 0, 1, 1, 0, 0, 1, 1, 0, 0], 'H': [1, 1, 1, 1, 1, 1, 0, 0, 1, 0], 'I': [0, 1, 0, 1, 0, 1, 1, 0, 1, 0], 'J': [0, 0, 0, 1, 1, 0, 1, 0, 0, 1]}, '校医院西': {'A': [0, 1, 1, 0, 1, 0, 0, 1, 0, 1], 'B': [1, 1, 1, 0, 1, 0, 0, 1, 0, 1], 'C': [0, 1, 0, 0, 1, 0, 1, 1, 0, 1], 'D': [1, 1, 1, 0, 1, 0, 0, 1, 1, 1], 'E': [1, 1, 1, 1, 1, 1, 1, 1, 1, 1], 'F': [0, 0, 1, 1, 1, 1, 1, 1, 1, 1], 'G': [0, 0, 0, 0, 0, 1, 1, 0, 0, 0], 'H': [0, 0, 0, 1, 0, 0, 0, 0, 0, 0], 'I': [0, 0, 0, 0, 0, 0, 0, 0, 0, 0]}}
623989	2024-07-13 17:13:59.560000+08:00	2024-07-13 17:13:59.560000+08:00	{'东门北侧': {'A': [1, 1, 1, 1, 1, 0, 1, 0, 1, 1], 'B': [1, 1, 1, 1, 1, 1, 1, 1, 1, 1], 'C': [0, 1, 1, 0, 1, 0, 1, 0, 1, 0], 'D': [1, 1, 1, 1, 1, 0, 0, 1, 0, 0], 'E': [1, 1, 1, 1, 1, 0, 1, 1, 1, 1], 'F': [1, 1, 1, 1, 1, 1, 1, 1, 0, 1], 'G': [1, 1, 1, 1, 1, 1, 1, 1, 0, 0], 'H': [1, 1, 1, 1, 1, 0, 1, 1, 0, 1], 'I': [1, 0, 1, 1, 1, 1, 0, 1, 0, 1], 'J': [1, 1, 0, 1, 0, 1, 1, 1, 1, 1], 'K': [0, 0, 0, 1, 1, 1, 1, 1, 0, 1]}, '东门南侧': {'A': [0, 0, 1, 0, 0, 0, 1, 0, 1, 0], 'B': [0, 0, 0, 0, 0, 0, 0, 0, 0, 0]}, '西门北侧': {'A': [1, 1, 1, 1, 1, 1, 1, 1, 0, 0], 'B': [1, 1, 1, 1, 0, 1, 1, 0, 1, 0], 'C': [1, 1, 1, 1, 0, 1, 1, 1, 1, 0]}, '西门南侧': {'A': [1, 1, 1, 1, 1, 1, 1, 1, 1, 1], 'B': [1, 1, 1, 1, 1, 1, 1, 1, 1, 1], 'C': [1, 1, 0, 1, 1, 0, 1, 1, 0, 1]}, '南门西侧': {'A': [1, 1, 1, 1, 1, 1, 1, 1, 1, 1], 'B': [0, 1, 0, 1, 0, 0, 1, 0, 0, 0]}, '南门东侧': {'A': [1, 1, 0, 1, 1, 1, 1, 1, 1, 1], 'B': [1, 0, 1, 1, 1, 0, 1, 1, 1, 1]}, '北门东北侧': {'A': [1, 1, 1, 1, 1, 1, 1, 1, 1, 1], 'B': [0, 1, 0, 1, 1, 0, 0, 1, 0, 0], 'C': [0, 0, 0, 1, 1, 0, 0, 1, 1, 0], 'D': [0, 1, 0, 1, 1, 0, 1, 0, 0, 1]}, '北门东南侧': {'A': [0, 0, 1, 1, 1, 0, 1, 0, 0, 0], 'B': [0, 1, 0, 0, 0, 0, 1, 0, 1, 0], 'C': [1, 1, 0, 1, 0, 0, 0, 0, 0, 0], 'D': [0, 0, 0, 0, 0, 1, 0, 0, 0, 0], 'E': [0, 1, 0, 1, 0, 1, 1, 1, 0, 0], 'F': [1, 0, 1, 1, 1, 1, 1, 0, 0, 1]}, '橘园北侧南': {'A': [0, 0, 0, 0, 0, 1, 1, 0, 0, 1], 'B': [1, 1, 1, 1, 0, 1, 0, 1, 1, 1], 'C': [1, 1, 1, 1, 0, 1, 1, 0, 0, 1], 'D': [1, 1, 1, 1, 1, 1, 1, 1, 1, 0], 'E': [1, 1, 1, 0, 1, 1, 0, 1, 0, 0], 'F': [0, 0, 1, 0, 0, 0, 0, 1, 0, 0], 'G': [0, 0, 1, 1, 0, 0, 1, 1, 0, 0], 'H': [1, 1, 1, 1, 1, 1, 0, 0, 1, 0], 'I': [0, 1, 0, 1, 0, 1, 1, 0, 1, 0], 'J': [0, 0, 0, 1, 1, 0, 1, 0, 0, 1]}, '校医院西': {'A': [0, 1, 1, 0, 1, 0, 0, 1, 0, 1], 'B': [1, 1, 1, 0, 1, 0, 0, 1, 0, 1], 'C': [0, 1, 0, 0, 1, 0, 1, 1, 0, 1], 'D': [1, 1, 1, 0, 1, 0, 0, 1, 1, 1], 'E': [1, 1, 1, 1, 1, 1, 1, 1, 1, 1], 'F': [0, 0, 1, 1, 1, 1, 1, 1, 1, 1], 'G': [0, 0, 0, 0, 0, 1, 1, 0, 0, 0], 'H': [0, 0, 0, 1, 0, 0, 0, 0, 0, 0], 'I': [0, 0, 0, 0, 0, 0, 0, 0, 0, 0]}}
623990	2024-07-13 17:14:59.629000+08:00	2024-07-13 17:14:59.629000+08:00	{'东门北侧': {'A': [1, 1, 1, 1, 1, 0, 1, 0, 1, 1], 'B': [1, 1, 1, 1, 1, 1, 1, 1, 1, 1], 'C': [0, 1, 1, 0, 1, 0, 1, 0, 1, 0], 'D': [1, 1, 1, 1, 1, 0, 0, 1, 0, 0], 'E': [1, 1, 1, 1, 1, 0, 1, 1, 1, 1], 'F': [1, 1, 1, 1, 1, 1, 1, 1, 0, 1], 'G': [1, 1, 1, 1, 1, 1, 1, 1, 0, 0], 'H': [1, 1, 1, 1, 1, 0, 1, 1, 0, 1], 'I': [1, 0, 1, 1, 1, 1, 0, 1, 0, 1], 'J': [1, 1, 0, 1, 0, 1, 1, 1, 1, 1], 'K': [0, 0, 0, 1, 1, 1, 1, 1, 0, 1]}, '东门南侧': {'A': [0, 0, 1, 0, 0, 0, 1, 0, 1, 0], 'B': [0, 0, 0, 0, 0, 0, 0, 0, 0, 0]}, '西门北侧': {'A': [1, 1, 1, 1, 1, 1, 1, 1, 0, 0], 'B': [1, 1, 1, 1, 0, 1, 1, 0, 1, 0], 'C': [1, 1, 1, 1, 0, 1, 1, 1, 1, 0]}, '西门南侧': {'A': [1, 1, 1, 1, 1, 1, 1, 1, 1, 1], 'B': [1, 1, 1, 1, 1, 1, 1, 1, 1, 1], 'C': [1, 1, 0, 1, 1, 0, 1, 1, 0, 1]}, '南门西侧': {'A': [1, 1, 1, 1, 1, 1, 1, 1, 1, 1], 'B': [0, 1, 0, 1, 0, 0, 0, 0, 0, 0]}, '南门东侧': {'A': [1, 1, 0, 1, 1, 1, 1, 1, 1, 1], 'B': [1, 0, 1, 1, 1, 0, 1, 1, 1, 1]}, '北门东北侧': {'A': [1, 1, 1, 1, 1, 1, 1, 1, 1, 1], 'B': [1, 1, 0, 1, 1, 0, 0, 1, 0, 0], 'C': [0, 0, 0, 1, 1, 0, 0, 1, 1, 0], 'D': [0, 1, 0, 1, 1, 0, 1, 0, 0, 1]}, '北门东南侧': {'A': [0, 0, 1, 1, 1, 0, 1, 0, 0, 0], 'B': [0, 1, 0, 0, 0, 0, 1, 0, 1, 0], 'C': [1, 1, 0, 1, 0, 0, 0, 0, 0, 0], 'D': [0, 0, 0, 0, 0, 1, 0, 0, 0, 0], 'E': [0, 1, 0, 1, 0, 1, 1, 1, 0, 0], 'F': [1, 0, 1, 1, 1, 1, 1, 0, 0, 1]}, '橘园北侧南': {'A': [0, 0, 0, 0, 0, 1, 1, 0, 0, 1], 'B': [1, 1, 1, 1, 0, 1, 0, 1, 1, 1], 'C': [1, 1, 1, 1, 0, 1, 1, 0, 0, 1], 'D': [1, 1, 1, 1, 1, 1, 1, 1, 1, 0], 'E': [1, 1, 1, 0, 1, 1, 0, 1, 0, 0], 'F': [0, 0, 0, 0, 0, 0, 0, 1, 0, 0], 'G': [0, 0, 1, 1, 0, 0, 1, 1, 0, 0], 'H': [1, 1, 1, 1, 1, 1, 0, 0, 1, 0], 'I': [0, 1, 0, 1, 0, 1, 1, 0, 1, 0], 'J': [0, 0, 0, 1, 1, 0, 1, 0, 0, 1]}, '校医院西': {'A': [0, 1, 1, 0, 1, 0, 0, 1, 0, 1], 'B': [1, 1, 1, 0, 1, 0, 0, 1, 0, 1], 'C': [0, 1, 0, 0, 1, 0, 1, 1, 0, 1], 'D': [1, 1, 1, 0, 1, 0, 1, 1, 1, 1], 'E': [1, 1, 1, 1, 1, 1, 1, 1, 1, 1], 'F': [0, 0, 1, 1, 1, 1, 1, 1, 1, 1], 'G': [0, 0, 0, 0, 0, 1, 1, 0, 0, 0], 'H': [0, 0, 0, 1, 0, 0, 0, 0, 0, 0], 'I': [0, 0, 0, 0, 0, 0, 0, 0, 0, 0]}}
623991	2024-07-13 17:16:00.692000+08:00	2024-07-13 17:16:00.692000+08:00	{'东门北侧': {'A': [1, 1, 1, 1, 1, 0, 1, 0, 1, 1], 'B': [1, 1, 1, 1, 1, 1, 1, 1, 1, 1], 'C': [0, 1, 1, 0, 1, 0, 1, 0, 1, 0], 'D': [1, 1, 1, 1, 1, 0, 0, 1, 0, 0], 'E': [1, 1, 1, 1, 1, 0, 1, 1, 1, 1], 'F': [1, 1, 1, 1, 1, 1, 1, 1, 0, 1], 'G': [1, 1, 1, 1, 1, 1, 1, 1, 0, 0], 'H': [1, 1, 1, 1, 1, 0, 1, 1, 0, 1], 'I': [1, 0, 1, 1, 1, 1, 0, 1, 0, 1], 'J': [1, 1, 0, 1, 0, 1, 1, 1, 1, 1], 'K': [0, 0, 0, 1, 1, 1, 1, 1, 0, 1]}, '东门南侧': {'A': [0, 0, 1, 0, 0, 0, 1, 0, 1, 0], 'B': [0, 0, 0, 0, 0, 0, 0, 0, 0, 0]}, '西门北侧': {'A': [1, 1, 1, 1, 1, 1, 1, 1, 0, 0], 'B': [1, 1, 1, 1, 0, 1, 1, 0, 1, 0], 'C': [1, 1, 1, 1, 0, 1, 1, 1, 1, 0]}, '西门南侧': {'A': [1, 1, 1, 1, 1, 1, 1, 1, 1, 1], 'B': [1, 1, 1, 1, 1, 1, 1, 1, 1, 1], 'C': [1, 1, 0, 1, 1, 0, 1, 1, 0, 1]}, '南门西侧': {'A': [1, 1, 1, 1, 1, 1, 1, 1, 1, 1], 'B': [0, 1, 0, 1, 0, 0, 0, 0, 0, 0]}, '南门东侧': {'A': [1, 1, 0, 1, 1, 1, 1, 1, 1, 1], 'B': [1, 0, 1, 1, 1, 0, 1, 1, 1, 1]}, '北门东北侧': {'A': [1, 1, 1, 1, 1, 1, 1, 1, 1, 1], 'B': [1, 1, 0, 1, 1, 0, 0, 1, 0, 0], 'C': [0, 0, 0, 1, 1, 0, 0, 1, 1, 0], 'D': [0, 1, 0, 1, 1, 0, 1, 0, 0, 1]}, '北门东南侧': {'A': [0, 0, 1, 1, 1, 0, 1, 0, 0, 0], 'B': [0, 1, 0, 0, 0, 0, 1, 0, 1, 0], 'C': [1, 1, 0, 1, 0, 0, 0, 0, 0, 0], 'D': [0, 0, 0, 0, 0, 1, 0, 0, 0, 0], 'E': [0, 1, 0, 1, 0, 1, 1, 1, 0, 0], 'F': [1, 0, 1, 1, 1, 1, 1, 0, 0, 1]}, '橘园北侧南': {'A': [0, 0, 0, 0, 0, 1, 1, 0, 0, 1], 'B': [1, 1, 1, 1, 0, 1, 0, 1, 1, 1], 'C': [1, 1, 1, 1, 0, 1, 1, 0, 0, 1], 'D': [1, 1, 1, 1, 1, 1, 1, 1, 1, 0], 'E': [1, 1, 1, 0, 1, 1, 0, 1, 0, 0], 'F': [0, 0, 0, 0, 0, 0, 0, 1, 0, 0], 'G': [0, 0, 1, 1, 0, 0, 1, 1, 0, 0], 'H': [1, 1, 1, 1, 1, 1, 0, 0, 1, 0], 'I': [0, 1, 0, 1, 0, 1, 1, 0, 1, 0], 'J': [0, 0, 0, 1, 1, 0, 1, 0, 0, 1]}, '校医院西': {'A': [0, 1, 1, 0, 1, 0, 0, 1, 0, 1], 'B': [1, 1, 1, 0, 1, 0, 0, 1, 0, 1], 'C': [0, 1, 0, 0, 1, 0, 1, 1, 0, 1], 'D': [1, 1, 1, 0, 1, 0, 1, 1, 1, 1], 'E': [1, 1, 1, 1, 1, 1, 1, 1, 1, 1], 'F': [0, 0, 1, 1, 1, 1, 1, 1, 1, 1], 'G': [0, 0, 0, 0, 0, 1, 1, 0, 0, 0], 'H': [0, 0, 0, 1, 0, 0, 0, 0, 0, 0], 'I': [0, 0, 0, 0, 0, 0, 0, 0, 0, 0]}}
623992	2024-07-13 17:17:00.340000+08:00	2024-07-13 17:17:00.340000+08:00	{'东门北侧': {'A': [1, 1, 1, 1, 1, 0, 1, 0, 1, 1], 'B': [1, 1, 1, 1, 1, 1, 1, 1, 1, 1], 'C': [0, 1, 1, 0, 1, 0, 1, 0, 1, 0], 'D': [1, 1, 1, 1, 1, 0, 0, 1, 0, 0], 'E': [1, 1, 1, 1, 1, 0, 1, 1, 1, 1], 'F': [1, 1, 1, 1, 1, 1, 1, 1, 0, 1], 'G': [1, 1, 1, 1, 1, 1, 1, 1, 1, 0], 'H': [1, 1, 1, 1, 1, 0, 1, 1, 0, 1], 'I': [1, 0, 1, 1, 1, 1, 0, 1, 0, 1], 'J': [1, 1, 0, 1, 0, 1, 1, 1, 1, 1], 'K': [0, 0, 0, 1, 1, 1, 1, 1, 0, 1]}, '东门南侧': {'A': [0, 0, 1, 0, 0, 0, 1, 0, 1, 0], 'B': [0, 0, 0, 0, 0, 0, 0, 0, 0, 0]}, '西门北侧': {'A': [1, 1, 1, 1, 1, 1, 1, 1, 0, 0], 'B': [1, 1, 1, 1, 0, 1, 1, 0, 1, 0], 'C': [1, 1, 1, 1, 0, 1, 1, 1, 1, 0]}, '西门南侧': {'A': [1, 1, 1, 1, 1, 1, 1, 1, 1, 1], 'B': [1, 1, 1, 1, 1, 1, 1, 1, 1, 1], 'C': [1, 1, 0, 1, 1, 0, 1, 1, 0, 1]}, '南门西侧': {'A': [1, 1, 1, 1, 1, 1, 1, 1, 1, 1], 'B': [0, 1, 0, 1, 0, 0, 0, 0, 0, 0]}, '南门东侧': {'A': [1, 1, 0, 1, 1, 1, 1, 1, 1, 1], 'B': [1, 0, 1, 1, 1, 0, 1, 1, 1, 1]}, '北门东北侧': {'A': [1, 1, 1, 1, 1, 1, 1, 1, 1, 1], 'B': [1, 1, 0, 1, 1, 0, 0, 1, 0, 0], 'C': [0, 0, 0, 1, 1, 0, 0, 1, 1, 0], 'D': [0, 1, 0, 1, 1, 0, 1, 0, 0, 1]}, '北门东南侧': {'A': [0, 0, 1, 1, 1, 0, 1, 0, 0, 0], 'B': [0, 1, 0, 0, 0, 0, 1, 0, 1, 0], 'C': [1, 1, 0, 1, 0, 0, 0, 0, 0, 0], 'D': [0, 0, 0, 0, 0, 1, 0, 0, 0, 0], 'E': [0, 1, 0, 1, 0, 1, 1, 1, 0, 0], 'F': [1, 0, 1, 1, 1, 1, 1, 0, 0, 1]}, '橘园北侧南': {'A': [0, 0, 0, 0, 0, 1, 1, 0, 0, 1], 'B': [1, 1, 1, 1, 0, 1, 0, 1, 1, 1], 'C': [1, 1, 1, 1, 0, 1, 1, 0, 0, 1], 'D': [1, 1, 1, 1, 1, 1, 1, 1, 1, 0], 'E': [1, 1, 1, 0, 1, 1, 0, 1, 0, 0], 'F': [0, 0, 0, 0, 0, 0, 0, 1, 0, 0], 'G': [0, 0, 1, 1, 0, 0, 1, 1, 0, 0], 'H': [1, 1, 1, 1, 1, 1, 0, 0, 1, 0], 'I': [0, 1, 0, 1, 0, 1, 1, 0, 1, 0], 'J': [0, 0, 0, 1, 1, 0, 1, 0, 0, 1]}, '校医院西': {'A': [0, 1, 1, 0, 1, 0, 0, 1, 0, 1], 'B': [1, 1, 1, 0, 1, 0, 0, 1, 0, 1], 'C': [0, 1, 0, 1, 1, 0, 1, 1, 0, 1], 'D': [1, 1, 1, 0, 1, 0, 1, 1, 1, 1], 'E': [1, 1, 1, 1, 1, 1, 1, 1, 1, 1], 'F': [0, 0, 1, 1, 1, 1, 1, 1, 1, 1], 'G': [0, 0, 0, 0, 0, 1, 1, 0, 0, 0], 'H': [0, 0, 0, 1, 0, 0, 0, 0, 0, 0], 'I': [0, 0, 0, 0, 0, 0, 0, 0, 0, 0]}}
623993	2024-07-13 17:18:00.994000+08:00	2024-07-13 17:18:00.994000+08:00	{'东门北侧': {'A': [1, 1, 1, 1, 1, 0, 1, 0, 1, 1], 'B': [1, 1, 1, 1, 1, 1, 1, 1, 1, 1], 'C': [0, 1, 1, 0, 1, 0, 1, 0, 1, 0], 'D': [1, 1, 1, 1, 1, 0, 0, 1, 0, 0], 'E': [1, 1, 1, 1, 1, 0, 1, 1, 1, 1], 'F': [1, 1, 1, 1, 1, 1, 1, 1, 0, 1], 'G': [1, 1, 1, 1, 1, 1, 1, 1, 1, 0], 'H': [1, 1, 1, 1, 1, 0, 1, 1, 0, 1], 'I': [1, 0, 1, 1, 1, 1, 0, 1, 0, 1], 'J': [1, 1, 0, 1, 0, 1, 1, 1, 1, 1], 'K': [0, 0, 0, 1, 1, 1, 1, 1, 0, 1]}, '东门南侧': {'A': [0, 0, 1, 0, 0, 0, 1, 0, 1, 0], 'B': [0, 0, 0, 0, 0, 0, 0, 0, 0, 0]}, '西门北侧': {'A': [1, 1, 1, 1, 1, 1, 1, 1, 0, 0], 'B': [1, 1, 1, 1, 0, 1, 1, 0, 1, 0], 'C': [1, 1, 1, 1, 0, 1, 1, 1, 1, 0]}, '西门南侧': {'A': [1, 1, 1, 1, 1, 1, 1, 1, 1, 1], 'B': [1, 1, 1, 1, 1, 1, 1, 1, 1, 1], 'C': [1, 1, 0, 1, 1, 0, 1, 1, 0, 1]}, '南门西侧': {'A': [1, 1, 1, 1, 1, 1, 1, 1, 1, 1], 'B': [0, 1, 0, 1, 0, 0, 0, 0, 0, 0]}, '南门东侧': {'A': [1, 1, 0, 1, 1, 1, 1, 1, 1, 1], 'B': [1, 0, 1, 1, 1, 0, 1, 1, 1, 1]}, '北门东北侧': {'A': [1, 1, 1, 1, 1, 1, 1, 1, 1, 1], 'B': [1, 1, 0, 1, 1, 0, 0, 1, 0, 0], 'C': [0, 0, 0, 1, 1, 0, 0, 1, 1, 0], 'D': [0, 1, 0, 1, 1, 0, 1, 0, 0, 1]}, '北门东南侧': {'A': [0, 0, 1, 1, 1, 0, 1, 0, 0, 0], 'B': [0, 1, 0, 0, 0, 0, 1, 0, 1, 0], 'C': [1, 1, 0, 1, 0, 0, 0, 0, 0, 0], 'D': [0, 0, 0, 0, 0, 1, 0, 0, 0, 0], 'E': [0, 1, 0, 1, 0, 1, 1, 1, 0, 0], 'F': [1, 0, 1, 1, 1, 1, 1, 0, 0, 1]}, '橘园北侧南': {'A': [0, 0, 0, 0, 0, 1, 1, 0, 0, 1], 'B': [1, 1, 1, 1, 0, 1, 0, 1, 1, 1], 'C': [1, 1, 1, 1, 0, 1, 1, 0, 0, 1], 'D': [1, 1, 1, 1, 1, 1, 1, 1, 1, 0], 'E': [1, 1, 1, 0, 1, 1, 0, 1, 0, 0], 'F': [0, 0, 0, 0, 0, 0, 0, 1, 0, 0], 'G': [0, 0, 1, 1, 0, 0, 1, 1, 0, 0], 'H': [1, 1, 1, 1, 1, 1, 0, 0, 1, 0], 'I': [0, 1, 0, 1, 0, 1, 1, 0, 1, 0], 'J': [0, 0, 0, 1, 1, 0, 1, 0, 0, 1]}, '校医院西': {'A': [0, 1, 1, 0, 1, 0, 0, 1, 0, 1], 'B': [1, 1, 1, 0, 1, 0, 0, 1, 0, 1], 'C': [0, 1, 0, 1, 1, 0, 1, 1, 0, 1], 'D': [1, 1, 1, 0, 1, 0, 1, 1, 1, 1], 'E': [1, 1, 1, 1, 1, 1, 1, 1, 1, 1], 'F': [0, 0, 1, 1, 1, 1, 1, 1, 1, 1], 'G': [0, 0, 0, 0, 0, 1, 1, 0, 0, 0], 'H': [0, 0, 0, 1, 0, 0, 0, 0, 0, 0], 'I': [0, 0, 0, 0, 0, 0, 0, 0, 0, 0]}}
623994	2024-07-13 17:18:58.832000+08:00	2024-07-13 17:18:58.832000+08:00	{'东门北侧': {'A': [1, 1, 1, 1, 1, 0, 1, 0, 1, 1], 'B': [1, 1, 1, 1, 1, 1, 1, 1, 1, 1], 'C': [0, 1, 1, 0, 1, 0, 1, 0, 1, 0], 'D': [1, 1, 1, 1, 1, 0, 0, 1, 0, 0], 'E': [1, 1, 1, 1, 1, 0, 1, 1, 1, 1], 'F': [1, 1, 1, 1, 1, 1, 1, 1, 0, 1], 'G': [1, 1, 1, 1, 1, 1, 1, 1, 1, 0], 'H': [1, 1, 1, 1, 1, 0, 1, 1, 0, 1], 'I': [1, 0, 1, 1, 1, 1, 0, 1, 0, 1], 'J': [1, 1, 0, 1, 0, 1, 1, 1, 1, 1], 'K': [0, 0, 0, 1, 1, 1, 1, 1, 0, 1]}, '东门南侧': {'A': [0, 0, 1, 0, 0, 0, 1, 0, 0, 0], 'B': [0, 0, 0, 0, 0, 0, 0, 0, 0, 0]}, '西门北侧': {'A': [1, 1, 1, 1, 1, 1, 1, 1, 0, 0], 'B': [1, 1, 1, 1, 0, 1, 1, 0, 1, 0], 'C': [1, 1, 1, 1, 0, 1, 1, 1, 1, 0]}, '西门南侧': {'A': [1, 1, 1, 1, 1, 1, 1, 1, 1, 1], 'B': [1, 1, 1, 1, 1, 1, 1, 1, 1, 1], 'C': [1, 1, 0, 1, 1, 0, 1, 1, 0, 1]}, '南门西侧': {'A': [1, 1, 1, 1, 1, 1, 1, 1, 1, 1], 'B': [0, 1, 0, 1, 0, 0, 0, 0, 0, 0]}, '南门东侧': {'A': [1, 1, 0, 1, 1, 1, 1, 1, 1, 1], 'B': [1, 0, 1, 1, 1, 0, 1, 1, 1, 1]}, '北门东北侧': {'A': [1, 1, 1, 1, 1, 1, 1, 1, 1, 1], 'B': [1, 1, 0, 1, 1, 0, 0, 1, 0, 0], 'C': [0, 0, 0, 1, 1, 0, 0, 1, 1, 0], 'D': [0, 1, 0, 1, 1, 0, 1, 0, 0, 1]}, '北门东南侧': {'A': [0, 0, 1, 1, 1, 0, 1, 0, 0, 0], 'B': [0, 1, 0, 0, 0, 0, 1, 0, 1, 0], 'C': [1, 1, 0, 1, 0, 0, 0, 0, 0, 0], 'D': [0, 0, 0, 0, 0, 1, 0, 0, 0, 0], 'E': [0, 1, 0, 1, 0, 1, 1, 1, 0, 0], 'F': [1, 0, 1, 1, 1, 1, 1, 0, 0, 1]}, '橘园北侧南': {'A': [0, 0, 0, 0, 0, 1, 1, 0, 0, 1], 'B': [1, 1, 1, 1, 0, 1, 0, 1, 1, 1], 'C': [1, 1, 1, 1, 0, 1, 1, 0, 0, 1], 'D': [1, 1, 1, 1, 1, 1, 1, 1, 1, 0], 'E': [1, 1, 1, 0, 1, 1, 0, 1, 0, 0], 'F': [0, 0, 0, 0, 0, 0, 0, 1, 0, 0], 'G': [0, 0, 1, 1, 0, 0, 1, 1, 0, 0], 'H': [1, 1, 1, 1, 1, 1, 0, 0, 1, 0], 'I': [0, 1, 0, 1, 0, 1, 1, 0, 1, 0], 'J': [0, 0, 0, 1, 1, 0, 1, 0, 0, 1]}, '校医院西': {'A': [0, 1, 1, 0, 1, 0, 0, 1, 0, 1], 'B': [1, 1, 1, 0, 1, 0, 0, 1, 0, 1], 'C': [0, 1, 0, 1, 1, 0, 1, 1, 0, 1], 'D': [1, 1, 1, 0, 1, 0, 1, 1, 1, 1], 'E': [1, 1, 1, 1, 1, 1, 1, 1, 1, 1], 'F': [0, 0, 1, 1, 1, 1, 1, 1, 1, 1], 'G': [0, 0, 0, 0, 0, 1, 1, 0, 0, 0], 'H': [0, 0, 0, 1, 0, 0, 0, 0, 0, 0], 'I': [0, 0, 0, 0, 0, 0, 0, 0, 0, 0]}}
623995	2024-07-13 17:20:01.658000+08:00	2024-07-13 17:20:01.658000+08:00	{'东门北侧': {'A': [1, 1, 1, 1, 1, 0, 1, 0, 1, 1], 'B': [1, 1, 1, 1, 1, 1, 1, 1, 1, 1], 'C': [0, 1, 1, 0, 1, 0, 1, 0, 1, 0], 'D': [1, 1, 1, 1, 1, 0, 0, 1, 0, 0], 'E': [1, 1, 1, 1, 1, 0, 1, 1, 1, 1], 'F': [1, 1, 1, 1, 1, 1, 1, 1, 0, 1], 'G': [1, 1, 1, 1, 1, 1, 1, 1, 1, 0], 'H': [1, 1, 1, 1, 1, 0, 1, 1, 0, 1], 'I': [1, 0, 1, 1, 1, 1, 0, 1, 0, 1], 'J': [1, 1, 0, 1, 0, 1, 1, 1, 1, 1], 'K': [0, 0, 0, 1, 1, 1, 1, 1, 0, 1]}, '东门南侧': {'A': [0, 0, 1, 0, 0, 0, 1, 0, 0, 0], 'B': [0, 0, 0, 0, 0, 0, 0, 0, 0, 0]}, '西门北侧': {'A': [1, 1, 1, 1, 1, 1, 1, 1, 0, 0], 'B': [1, 1, 1, 1, 0, 1, 1, 0, 1, 0], 'C': [1, 1, 1, 1, 0, 1, 1, 1, 1, 0]}, '西门南侧': {'A': [1, 1, 1, 1, 1, 1, 1, 1, 1, 1], 'B': [1, 1, 1, 1, 1, 1, 1, 1, 1, 1], 'C': [1, 1, 0, 1, 1, 0, 1, 1, 0, 1]}, '南门西侧': {'A': [1, 1, 1, 1, 1, 1, 1, 1, 1, 1], 'B': [0, 1, 0, 1, 0, 0, 0, 0, 0, 0]}, '南门东侧': {'A': [1, 1, 0, 1, 1, 1, 1, 1, 1, 1], 'B': [1, 0, 1, 1, 1, 0, 1, 1, 1, 1]}, '北门东北侧': {'A': [1, 1, 1, 1, 1, 1, 1, 1, 1, 1], 'B': [1, 1, 0, 1, 1, 0, 0, 1, 0, 0], 'C': [0, 0, 0, 1, 1, 0, 0, 1, 1, 0], 'D': [0, 1, 0, 1, 1, 0, 1, 0, 0, 1]}, '北门东南侧': {'A': [0, 0, 1, 1, 1, 0, 1, 0, 0, 0], 'B': [0, 1, 0, 0, 0, 0, 1, 0, 1, 0], 'C': [1, 1, 0, 1, 0, 0, 0, 0, 0, 0], 'D': [0, 0, 0, 0, 0, 1, 0, 0, 0, 0], 'E': [0, 1, 0, 1, 0, 1, 1, 1, 0, 0], 'F': [1, 0, 1, 1, 1, 1, 1, 0, 0, 1]}, '橘园北侧南': {'A': [0, 0, 0, 0, 0, 1, 1, 0, 0, 1], 'B': [1, 1, 1, 1, 0, 1, 0, 1, 1, 1], 'C': [1, 1, 1, 1, 0, 1, 1, 0, 0, 1], 'D': [1, 1, 1, 1, 1, 1, 1, 1, 1, 0], 'E': [1, 1, 1, 0, 1, 1, 0, 1, 0, 0], 'F': [0, 0, 0, 0, 0, 0, 0, 1, 0, 0], 'G': [0, 0, 1, 1, 0, 0, 1, 1, 0, 0], 'H': [1, 1, 1, 1, 1, 1, 0, 0, 1, 0], 'I': [0, 1, 0, 1, 0, 1, 1, 0, 1, 0], 'J': [0, 0, 0, 1, 1, 0, 1, 0, 0, 1]}, '校医院西': {'A': [0, 1, 1, 0, 1, 0, 0, 1, 0, 1], 'B': [1, 1, 1, 0, 1, 0, 0, 1, 0, 1], 'C': [0, 1, 0, 1, 1, 0, 1, 1, 0, 1], 'D': [1, 1, 1, 0, 1, 0, 1, 1, 1, 1], 'E': [1, 1, 1, 1, 1, 1, 1, 1, 1, 1], 'F': [0, 0, 1, 1, 1, 1, 1, 1, 1, 1], 'G': [0, 0, 0, 0, 0, 1, 1, 0, 0, 0], 'H': [0, 0, 0, 1, 0, 0, 0, 0, 0, 0], 'I': [0, 0, 0, 0, 0, 0, 0, 0, 0, 0]}}
623996	2024-07-13 17:20:59.681000+08:00	2024-07-13 17:20:59.681000+08:00	{'东门北侧': {'A': [1, 1, 1, 1, 1, 0, 1, 0, 1, 1], 'B': [1, 1, 1, 1, 1, 1, 1, 1, 1, 1], 'C': [0, 1, 1, 0, 1, 0, 1, 0, 1, 0], 'D': [1, 1, 1, 1, 1, 0, 0, 1, 0, 0], 'E': [1, 1, 1, 1, 1, 0, 1, 1, 1, 1], 'F': [1, 1, 1, 1, 1, 1, 1, 1, 0, 1], 'G': [1, 1, 1, 1, 1, 1, 1, 1, 1, 0], 'H': [1, 1, 1, 1, 1, 0, 1, 1, 0, 1], 'I': [1, 0, 1, 1, 1, 1, 0, 1, 0, 1], 'J': [1, 1, 0, 1, 0, 1, 1, 1, 1, 1], 'K': [0, 0, 0, 1, 1, 1, 1, 1, 0, 1]}, '东门南侧': {'A': [0, 0, 1, 0, 0, 0, 1, 0, 0, 0], 'B': [0, 0, 0, 0, 0, 0, 0, 0, 0, 0]}, '西门北侧': {'A': [1, 1, 1, 1, 1, 1, 1, 1, 0, 0], 'B': [1, 1, 1, 1, 0, 1, 1, 0, 1, 0], 'C': [1, 1, 1, 1, 0, 1, 1, 1, 1, 0]}, '西门南侧': {'A': [1, 1, 1, 1, 1, 1, 1, 1, 1, 1], 'B': [1, 1, 1, 1, 1, 1, 1, 1, 1, 1], 'C': [1, 1, 0, 1, 1, 0, 1, 1, 0, 1]}, '南门西侧': {'A': [1, 1, 1, 1, 1, 1, 1, 1, 1, 1], 'B': [0, 1, 0, 1, 0, 0, 0, 0, 0, 0]}, '南门东侧': {'A': [1, 1, 0, 1, 1, 1, 1, 1, 1, 1], 'B': [1, 0, 1, 1, 1, 0, 1, 1, 1, 1]}, '北门东北侧': {'A': [1, 1, 1, 1, 1, 1, 1, 1, 1, 1], 'B': [1, 1, 0, 1, 1, 0, 0, 1, 0, 0], 'C': [0, 0, 0, 1, 1, 0, 0, 1, 1, 0], 'D': [0, 1, 0, 1, 1, 0, 1, 0, 0, 1]}, '北门东南侧': {'A': [0, 0, 1, 1, 1, 0, 1, 0, 0, 0], 'B': [0, 1, 0, 0, 0, 0, 1, 0, 1, 0], 'C': [1, 1, 0, 1, 0, 0, 0, 0, 0, 0], 'D': [0, 0, 0, 0, 0, 1, 0, 0, 0, 0], 'E': [0, 1, 0, 1, 0, 1, 1, 1, 0, 0], 'F': [1, 0, 1, 1, 1, 1, 1, 0, 0, 1]}, '橘园北侧南': {'A': [0, 0, 0, 0, 0, 1, 1, 0, 0, 1], 'B': [1, 1, 1, 1, 0, 1, 0, 1, 1, 1], 'C': [1, 1, 1, 1, 0, 1, 1, 0, 0, 1], 'D': [1, 1, 1, 1, 1, 1, 1, 1, 1, 0], 'E': [1, 1, 1, 0, 1, 1, 0, 1, 0, 0], 'F': [0, 0, 0, 0, 0, 0, 0, 1, 0, 0], 'G': [0, 0, 1, 1, 0, 0, 1, 1, 0, 0], 'H': [1, 1, 1, 1, 1, 1, 0, 0, 1, 0], 'I': [0, 1, 0, 1, 0, 1, 1, 0, 1, 0], 'J': [0, 0, 0, 1, 1, 1, 1, 0, 0, 1]}, '校医院西': {'A': [0, 1, 1, 0, 1, 0, 0, 1, 0, 1], 'B': [1, 1, 1, 0, 1, 0, 0, 1, 0, 1], 'C': [0, 1, 0, 1, 1, 0, 1, 1, 0, 1], 'D': [1, 1, 1, 0, 1, 0, 1, 1, 1, 1], 'E': [1, 1, 1, 1, 1, 1, 1, 1, 1, 1], 'F': [0, 0, 1, 1, 1, 1, 1, 1, 1, 1], 'G': [0, 0, 0, 0, 0, 1, 1, 0, 0, 0], 'H': [0, 0, 0, 1, 0, 0, 0, 0, 0, 0], 'I': [0, 0, 0, 0, 0, 0, 0, 0, 0, 0]}}
623997	2024-07-13 17:22:00.526000+08:00	2024-07-13 17:22:00.526000+08:00	{'东门北侧': {'A': [1, 1, 1, 1, 1, 0, 1, 0, 1, 1], 'B': [1, 1, 1, 1, 1, 1, 1, 1, 1, 1], 'C': [0, 1, 1, 0, 1, 0, 1, 0, 1, 0], 'D': [1, 1, 1, 1, 1, 0, 0, 1, 0, 0], 'E': [1, 1, 1, 1, 1, 0, 1, 1, 1, 1], 'F': [1, 1, 1, 1, 1, 1, 1, 1, 0, 1], 'G': [1, 1, 1, 1, 1, 1, 1, 1, 1, 0], 'H': [1, 1, 1, 1, 1, 0, 1, 1, 0, 1], 'I': [1, 0, 1, 1, 1, 1, 0, 1, 0, 1], 'J': [1, 1, 0, 1, 0, 1, 1, 1, 1, 1], 'K': [0, 0, 0, 1, 1, 1, 1, 1, 0, 1]}, '东门南侧': {'A': [0, 0, 1, 0, 0, 0, 1, 0, 0, 0], 'B': [0, 0, 0, 0, 0, 0, 0, 0, 0, 0]}, '西门北侧': {'A': [1, 1, 1, 1, 1, 1, 1, 1, 0, 0], 'B': [1, 1, 1, 1, 0, 1, 1, 0, 1, 0], 'C': [1, 1, 1, 1, 0, 1, 1, 1, 1, 0]}, '西门南侧': {'A': [1, 1, 1, 1, 1, 1, 1, 1, 1, 1], 'B': [1, 1, 1, 1, 1, 1, 1, 1, 1, 1], 'C': [1, 1, 0, 1, 1, 0, 1, 1, 0, 1]}, '南门西侧': {'A': [1, 1, 1, 1, 1, 1, 1, 1, 1, 1], 'B': [0, 1, 0, 1, 0, 0, 0, 0, 0, 0]}, '南门东侧': {'A': [1, 1, 0, 1, 1, 1, 1, 1, 1, 1], 'B': [1, 0, 1, 1, 1, 0, 1, 1, 1, 1]}, '北门东北侧': {'A': [1, 1, 1, 1, 1, 1, 1, 1, 1, 1], 'B': [1, 1, 0, 1, 1, 0, 0, 1, 0, 0], 'C': [0, 0, 0, 1, 1, 0, 0, 1, 1, 0], 'D': [0, 1, 0, 1, 1, 0, 1, 0, 0, 1]}, '北门东南侧': {'A': [0, 0, 1, 1, 1, 0, 1, 0, 0, 0], 'B': [0, 1, 0, 0, 0, 0, 1, 0, 1, 0], 'C': [1, 1, 0, 1, 0, 0, 0, 0, 0, 0], 'D': [0, 0, 0, 0, 0, 1, 0, 0, 0, 0], 'E': [0, 1, 0, 1, 0, 1, 1, 1, 0, 0], 'F': [1, 0, 1, 1, 1, 1, 1, 0, 0, 1]}, '橘园北侧南': {'A': [0, 0, 0, 0, 0, 1, 1, 0, 0, 1], 'B': [1, 1, 1, 1, 0, 1, 0, 1, 1, 1], 'C': [1, 1, 1, 1, 0, 1, 1, 0, 0, 1], 'D': [1, 1, 1, 1, 1, 1, 1, 1, 1, 0], 'E': [1, 1, 1, 0, 1, 1, 0, 1, 0, 0], 'F': [0, 0, 0, 0, 0, 0, 0, 1, 0, 0], 'G': [0, 0, 1, 1, 0, 0, 1, 1, 0, 0], 'H': [1, 1, 1, 1, 1, 1, 0, 0, 1, 0], 'I': [0, 1, 0, 1, 0, 1, 1, 0, 1, 0], 'J': [0, 0, 0, 1, 1, 1, 1, 0, 0, 1]}, '校医院西': {'A': [0, 1, 1, 0, 1, 0, 0, 1, 0, 1], 'B': [1, 1, 1, 0, 1, 0, 0, 1, 0, 1], 'C': [0, 1, 0, 1, 1, 0, 1, 1, 0, 1], 'D': [1, 1, 1, 0, 1, 0, 1, 1, 1, 1], 'E': [1, 1, 1, 1, 1, 1, 1, 1, 1, 1], 'F': [0, 0, 1, 1, 1, 1, 1, 1, 1, 1], 'G': [0, 0, 0, 0, 0, 1, 1, 0, 0, 0], 'H': [0, 0, 0, 1, 0, 0, 0, 0, 0, 0], 'I': [0, 0, 0, 0, 0, 0, 0, 0, 0, 0]}}
623998	2024-07-13 17:23:01.395000+08:00	2024-07-13 17:23:01.395000+08:00	{'东门北侧': {'A': [1, 1, 1, 1, 1, 0, 1, 0, 1, 1], 'B': [1, 1, 1, 1, 1, 1, 1, 1, 1, 1], 'C': [0, 1, 1, 0, 1, 0, 1, 0, 1, 0], 'D': [1, 1, 1, 1, 1, 0, 0, 1, 0, 0], 'E': [1, 1, 1, 1, 1, 0, 1, 1, 1, 1], 'F': [1, 1, 1, 1, 1, 1, 1, 1, 0, 1], 'G': [1, 1, 1, 1, 1, 1, 1, 1, 1, 0], 'H': [1, 1, 1, 1, 1, 0, 1, 1, 0, 1], 'I': [1, 0, 1, 1, 1, 1, 0, 1, 0, 1], 'J': [1, 1, 0, 1, 0, 1, 1, 1, 1, 1], 'K': [0, 0, 0, 1, 1, 1, 1, 1, 0, 1]}, '东门南侧': {'A': [0, 0, 1, 0, 0, 0, 1, 0, 0, 0], 'B': [0, 0, 0, 0, 0, 0, 0, 0, 0, 0]}, '西门北侧': {'A': [1, 1, 1, 1, 1, 1, 1, 1, 0, 0], 'B': [1, 1, 1, 1, 0, 1, 1, 0, 1, 0], 'C': [1, 1, 1, 1, 0, 1, 1, 1, 1, 0]}, '西门南侧': {'A': [1, 1, 1, 1, 1, 1, 1, 1, 1, 1], 'B': [1, 1, 1, 1, 1, 1, 1, 1, 1, 1], 'C': [1, 1, 0, 1, 1, 0, 1, 1, 0, 1]}, '南门西侧': {'A': [1, 1, 1, 1, 1, 1, 1, 1, 1, 1], 'B': [0, 1, 0, 1, 0, 0, 0, 0, 0, 0]}, '南门东侧': {'A': [1, 1, 0, 1, 1, 1, 1, 1, 1, 1], 'B': [1, 0, 1, 1, 1, 0, 1, 1, 1, 1]}, '北门东北侧': {'A': [1, 1, 1, 1, 1, 1, 1, 1, 1, 1], 'B': [1, 1, 0, 1, 1, 0, 0, 1, 0, 0], 'C': [0, 0, 0, 1, 1, 0, 0, 1, 1, 0], 'D': [0, 1, 0, 1, 1, 0, 1, 0, 0, 1]}, '北门东南侧': {'A': [0, 0, 1, 1, 1, 0, 1, 0, 0, 0], 'B': [0, 1, 0, 0, 0, 0, 1, 0, 1, 0], 'C': [1, 1, 0, 1, 0, 0, 0, 0, 0, 0], 'D': [0, 0, 0, 0, 0, 1, 0, 0, 0, 0], 'E': [0, 1, 0, 1, 0, 1, 1, 1, 0, 0], 'F': [1, 0, 1, 1, 1, 1, 1, 0, 0, 1]}, '橘园北侧南': {'A': [0, 0, 0, 0, 0, 1, 1, 0, 0, 1], 'B': [1, 1, 1, 1, 0, 1, 0, 1, 1, 1], 'C': [1, 1, 1, 1, 0, 1, 1, 0, 0, 1], 'D': [1, 1, 1, 1, 1, 1, 1, 1, 1, 0], 'E': [1, 1, 1, 0, 1, 1, 0, 1, 0, 0], 'F': [0, 0, 0, 0, 0, 0, 0, 1, 0, 0], 'G': [0, 0, 1, 1, 0, 0, 1, 1, 0, 0], 'H': [1, 1, 1, 1, 0, 1, 0, 0, 1, 0], 'I': [0, 1, 0, 1, 0, 1, 1, 0, 1, 0], 'J': [0, 0, 0, 1, 1, 1, 1, 0, 0, 1]}, '校医院西': {'A': [0, 1, 1, 0, 1, 0, 0, 1, 0, 1], 'B': [1, 1, 1, 0, 1, 0, 0, 1, 0, 1], 'C': [0, 1, 0, 1, 1, 0, 1, 1, 0, 1], 'D': [1, 1, 1, 0, 1, 0, 1, 1, 1, 1], 'E': [1, 1, 1, 1, 1, 1, 1, 1, 1, 1], 'F': [0, 0, 1, 1, 1, 1, 1, 1, 1, 1], 'G': [0, 0, 0, 0, 0, 1, 1, 1, 0, 0], 'H': [0, 0, 0, 1, 0, 0, 0, 0, 0, 0], 'I': [0, 0, 0, 0, 0, 0, 0, 0, 0, 0]}}
623999	2024-07-13 17:24:00.884000+08:00	2024-07-13 17:24:00.884000+08:00	{'东门北侧': {'A': [1, 1, 1, 1, 1, 0, 1, 0, 1, 1], 'B': [1, 1, 1, 1, 1, 1, 1, 1, 1, 1], 'C': [0, 1, 1, 0, 1, 0, 1, 0, 1, 0], 'D': [1, 1, 1, 1, 1, 0, 0, 1, 0, 0], 'E': [1, 1, 1, 1, 1, 0, 1, 1, 1, 1], 'F': [1, 1, 1, 1, 1, 1, 1, 1, 0, 1], 'G': [1, 1, 1, 1, 1, 1, 1, 1, 1, 0], 'H': [1, 1, 1, 1, 1, 0, 1, 1, 0, 1], 'I': [1, 0, 1, 1, 1, 1, 0, 1, 0, 1], 'J': [1, 1, 0, 1, 0, 1, 1, 1, 1, 1], 'K': [0, 0, 0, 1, 1, 1, 1, 1, 0, 1]}, '东门南侧': {'A': [0, 0, 1, 0, 0, 0, 1, 0, 0, 0], 'B': [0, 0, 0, 0, 0, 0, 0, 0, 0, 0]}, '西门北侧': {'A': [1, 1, 1, 1, 1, 1, 1, 1, 0, 0], 'B': [1, 1, 1, 1, 0, 1, 1, 0, 1, 0], 'C': [1, 1, 1, 1, 0, 1, 1, 1, 1, 0]}, '西门南侧': {'A': [1, 1, 1, 1, 1, 1, 1, 1, 1, 1], 'B': [1, 1, 1, 1, 1, 1, 1, 1, 1, 1], 'C': [1, 1, 0, 1, 1, 0, 1, 1, 0, 1]}, '南门西侧': {'A': [1, 1, 1, 1, 1, 1, 1, 1, 1, 1], 'B': [0, 1, 0, 1, 0, 0, 0, 0, 0, 0]}, '南门东侧': {'A': [1, 1, 0, 1, 1, 1, 1, 1, 1, 1], 'B': [1, 0, 1, 1, 1, 0, 1, 1, 1, 1]}, '北门东北侧': {'A': [1, 1, 1, 1, 1, 1, 1, 1, 1, 1], 'B': [1, 1, 0, 1, 1, 0, 0, 1, 0, 0], 'C': [0, 0, 0, 1, 1, 0, 0, 1, 1, 0], 'D': [0, 1, 0, 1, 1, 0, 1, 0, 0, 1]}, '北门东南侧': {'A': [0, 0, 1, 1, 1, 0, 1, 0, 0, 0], 'B': [0, 1, 0, 0, 0, 0, 1, 0, 1, 0], 'C': [1, 1, 0, 1, 0, 0, 0, 0, 0, 0], 'D': [0, 0, 0, 0, 0, 1, 0, 0, 0, 0], 'E': [0, 1, 0, 1, 0, 1, 1, 1, 0, 0], 'F': [1, 0, 1, 1, 1, 1, 1, 0, 0, 1]}, '橘园北侧南': {'A': [0, 0, 0, 0, 0, 1, 1, 0, 1, 1], 'B': [1, 1, 1, 1, 0, 1, 0, 1, 1, 1], 'C': [1, 1, 1, 1, 0, 1, 1, 0, 0, 1], 'D': [1, 1, 1, 1, 1, 1, 1, 1, 1, 0], 'E': [1, 1, 1, 0, 1, 1, 0, 1, 0, 0], 'F': [0, 0, 0, 0, 0, 1, 0, 1, 0, 0], 'G': [0, 0, 1, 1, 0, 0, 1, 1, 0, 0], 'H': [1, 1, 1, 1, 0, 1, 0, 0, 1, 0], 'I': [0, 1, 0, 1, 0, 1, 1, 0, 1, 0], 'J': [0, 0, 0, 1, 1, 1, 1, 0, 1, 1]}, '校医院西': {'A': [0, 1, 1, 0, 1, 0, 0, 1, 0, 1], 'B': [1, 1, 1, 0, 1, 0, 0, 1, 0, 1], 'C': [0, 1, 0, 1, 1, 0, 1, 1, 0, 1], 'D': [1, 1, 1, 0, 1, 0, 1, 1, 1, 1], 'E': [1, 1, 1, 1, 1, 1, 1, 1, 1, 1], 'F': [0, 0, 1, 1, 1, 1, 1, 1, 1, 1], 'G': [0, 0, 0, 0, 0, 1, 1, 1, 0, 0], 'H': [0, 0, 0, 1, 0, 0, 0, 0, 0, 0], 'I': [0, 0, 0, 0, 0, 0, 0, 0, 0, 0]}}
624000	2024-07-13 17:25:01.472000+08:00	2024-07-13 17:25:01.472000+08:00	{'东门北侧': {'A': [1, 1, 1, 1, 1, 0, 1, 0, 1, 1], 'B': [1, 1, 1, 1, 1, 1, 1, 1, 1, 1], 'C': [0, 1, 1, 0, 1, 0, 1, 0, 1, 0], 'D': [1, 1, 1, 1, 1, 0, 0, 1, 0, 0], 'E': [1, 1, 1, 1, 1, 0, 1, 1, 1, 1], 'F': [1, 1, 1, 1, 1, 1, 1, 1, 0, 1], 'G': [1, 1, 1, 1, 1, 1, 1, 1, 1, 0], 'H': [1, 1, 1, 1, 1, 0, 1, 1, 0, 1], 'I': [1, 0, 1, 1, 1, 1, 0, 1, 0, 1], 'J': [1, 1, 0, 1, 0, 1, 1, 1, 1, 1], 'K': [0, 0, 0, 1, 1, 1, 1, 1, 0, 1]}, '东门南侧': {'A': [0, 0, 1, 0, 0, 0, 1, 0, 0, 0], 'B': [0, 0, 0, 0, 0, 0, 0, 0, 0, 0]}, '西门北侧': {'A': [1, 1, 1, 1, 1, 1, 1, 1, 0, 0], 'B': [1, 1, 1, 1, 0, 1, 1, 0, 1, 0], 'C': [1, 1, 1, 1, 0, 1, 1, 1, 1, 0]}, '西门南侧': {'A': [1, 1, 1, 1, 1, 1, 1, 1, 1, 1], 'B': [1, 1, 1, 1, 1, 1, 1, 1, 1, 1], 'C': [1, 1, 0, 1, 1, 0, 1, 1, 0, 1]}, '南门西侧': {'A': [1, 1, 1, 1, 1, 1, 1, 1, 1, 1], 'B': [0, 1, 0, 1, 0, 0, 0, 0, 0, 0]}, '南门东侧': {'A': [1, 1, 0, 1, 1, 1, 1, 1, 1, 1], 'B': [1, 0, 1, 1, 1, 0, 1, 1, 1, 1]}, '北门东北侧': {'A': [1, 1, 1, 1, 1, 1, 1, 1, 1, 1], 'B': [1, 1, 0, 1, 1, 0, 0, 1, 0, 0], 'C': [0, 0, 0, 1, 1, 0, 0, 1, 1, 0], 'D': [0, 1, 0, 1, 1, 0, 1, 0, 0, 1]}, '北门东南侧': {'A': [0, 0, 1, 1, 1, 0, 1, 0, 0, 0], 'B': [0, 1, 0, 0, 0, 0, 1, 0, 1, 0], 'C': [1, 1, 0, 1, 0, 0, 0, 0, 0, 0], 'D': [0, 0, 0, 0, 0, 1, 0, 0, 0, 0], 'E': [0, 1, 0, 1, 0, 1, 1, 1, 0, 0], 'F': [1, 0, 1, 1, 1, 1, 1, 0, 0, 1]}, '橘园北侧南': {'A': [0, 0, 0, 0, 0, 1, 1, 0, 1, 1], 'B': [1, 1, 1, 1, 0, 1, 0, 1, 1, 1], 'C': [1, 1, 1, 1, 0, 1, 1, 0, 0, 1], 'D': [1, 1, 1, 1, 1, 1, 1, 1, 1, 0], 'E': [1, 1, 1, 0, 1, 1, 0, 1, 0, 0], 'F': [0, 0, 0, 0, 0, 1, 0, 1, 0, 0], 'G': [0, 0, 1, 1, 0, 0, 1, 1, 0, 0], 'H': [1, 1, 1, 1, 0, 1, 0, 0, 1, 0], 'I': [0, 1, 0, 1, 0, 1, 1, 0, 1, 0], 'J': [0, 0, 0, 1, 1, 1, 1, 0, 1, 1]}, '校医院西': {'A': [0, 1, 1, 0, 1, 0, 0, 1, 0, 1], 'B': [1, 1, 1, 0, 1, 0, 1, 1, 0, 1], 'C': [0, 1, 0, 1, 1, 0, 1, 1, 0, 1], 'D': [1, 1, 1, 0, 1, 0, 1, 1, 1, 1], 'E': [1, 1, 1, 1, 1, 1, 1, 1, 1, 1], 'F': [0, 0, 1, 1, 1, 1, 1, 1, 1, 1], 'G': [0, 0, 0, 0, 0, 1, 1, 1, 0, 0], 'H': [0, 0, 0, 1, 0, 0, 0, 0, 0, 0], 'I': [0, 0, 0, 0, 0, 0, 0, 0, 0, 0]}}
624001	2024-07-13 17:25:58.498000+08:00	2024-07-13 17:25:58.498000+08:00	{'东门北侧': {'A': [1, 1, 1, 1, 1, 0, 1, 0, 1, 1], 'B': [1, 1, 1, 1, 1, 1, 1, 1, 1, 1], 'C': [0, 1, 1, 0, 1, 0, 1, 0, 1, 0], 'D': [1, 1, 1, 1, 1, 0, 0, 1, 0, 0], 'E': [1, 1, 1, 1, 1, 0, 1, 1, 1, 1], 'F': [1, 1, 1, 1, 1, 1, 1, 1, 0, 1], 'G': [1, 1, 1, 1, 1, 1, 1, 1, 1, 0], 'H': [1, 1, 1, 1, 1, 0, 1, 1, 0, 1], 'I': [1, 0, 1, 1, 1, 1, 0, 1, 0, 1], 'J': [1, 1, 0, 1, 0, 1, 1, 1, 1, 1], 'K': [0, 0, 0, 1, 1, 1, 1, 1, 0, 1]}, '东门南侧': {'A': [0, 0, 1, 0, 0, 0, 1, 0, 0, 0], 'B': [0, 0, 0, 0, 0, 0, 0, 0, 0, 0]}, '西门北侧': {'A': [1, 1, 1, 1, 1, 1, 1, 1, 0, 0], 'B': [1, 1, 1, 1, 0, 1, 1, 0, 1, 0], 'C': [1, 1, 1, 1, 0, 1, 1, 1, 1, 0]}, '西门南侧': {'A': [1, 1, 1, 1, 1, 1, 1, 1, 1, 1], 'B': [1, 1, 1, 1, 1, 1, 1, 1, 1, 1], 'C': [1, 1, 0, 1, 1, 0, 1, 1, 0, 1]}, '南门西侧': {'A': [1, 1, 1, 1, 1, 1, 1, 1, 1, 1], 'B': [0, 1, 0, 1, 0, 0, 0, 0, 0, 0]}, '南门东侧': {'A': [1, 1, 0, 1, 1, 1, 1, 1, 1, 1], 'B': [1, 0, 1, 1, 1, 0, 1, 1, 1, 1]}, '北门东北侧': {'A': [1, 1, 1, 1, 1, 1, 1, 1, 1, 1], 'B': [1, 1, 0, 1, 1, 0, 0, 1, 0, 0], 'C': [0, 0, 0, 1, 1, 0, 0, 1, 1, 0], 'D': [0, 1, 0, 1, 1, 0, 1, 0, 0, 1]}, '北门东南侧': {'A': [0, 0, 1, 1, 1, 0, 1, 0, 0, 0], 'B': [0, 1, 0, 0, 0, 0, 1, 0, 1, 0], 'C': [1, 1, 0, 1, 0, 0, 0, 0, 0, 0], 'D': [0, 0, 0, 0, 0, 1, 0, 0, 0, 0], 'E': [0, 1, 0, 1, 0, 1, 1, 1, 0, 0], 'F': [1, 0, 1, 1, 1, 1, 1, 0, 0, 1]}, '橘园北侧南': {'A': [0, 0, 0, 0, 0, 1, 0, 0, 1, 1], 'B': [1, 1, 1, 1, 0, 1, 0, 1, 1, 1], 'C': [1, 1, 1, 1, 0, 1, 1, 0, 0, 1], 'D': [1, 1, 1, 1, 1, 1, 1, 1, 1, 0], 'E': [1, 1, 1, 0, 1, 1, 0, 1, 0, 0], 'F': [0, 0, 0, 0, 0, 1, 0, 1, 0, 0], 'G': [0, 0, 1, 1, 0, 0, 1, 1, 0, 0], 'H': [1, 1, 1, 1, 0, 1, 0, 0, 1, 0], 'I': [0, 1, 0, 1, 0, 1, 1, 0, 1, 0], 'J': [0, 0, 0, 1, 1, 1, 1, 0, 1, 1]}, '校医院西': {'A': [0, 1, 1, 0, 1, 0, 0, 1, 0, 1], 'B': [1, 1, 1, 0, 1, 0, 1, 1, 0, 1], 'C': [0, 1, 0, 1, 1, 0, 1, 1, 0, 1], 'D': [1, 1, 1, 0, 1, 0, 1, 1, 1, 1], 'E': [1, 1, 1, 1, 1, 1, 1, 1, 1, 1], 'F': [0, 0, 1, 1, 1, 1, 1, 1, 1, 1], 'G': [0, 0, 0, 0, 0, 1, 1, 1, 0, 0], 'H': [0, 0, 0, 1, 0, 0, 0, 0, 0, 0], 'I': [0, 0, 0, 0, 0, 0, 0, 0, 0, 0]}}
624002	2024-07-13 17:26:58.487000+08:00	2024-07-13 17:26:58.487000+08:00	{'东门北侧': {'A': [1, 1, 1, 1, 1, 0, 1, 0, 1, 1], 'B': [1, 1, 1, 1, 1, 1, 1, 1, 1, 1], 'C': [0, 1, 1, 0, 1, 0, 1, 0, 1, 0], 'D': [1, 1, 1, 1, 1, 0, 0, 1, 0, 0], 'E': [1, 1, 1, 1, 1, 0, 1, 1, 1, 1], 'F': [1, 1, 1, 1, 1, 1, 1, 1, 0, 1], 'G': [1, 1, 1, 1, 1, 1, 1, 1, 1, 0], 'H': [1, 1, 1, 1, 1, 0, 1, 1, 0, 1], 'I': [1, 0, 1, 1, 1, 1, 0, 1, 0, 1], 'J': [1, 1, 0, 1, 0, 1, 1, 1, 1, 1], 'K': [0, 0, 0, 1, 1, 1, 1, 1, 0, 1]}, '东门南侧': {'A': [0, 0, 1, 0, 0, 0, 1, 0, 0, 0], 'B': [0, 0, 0, 0, 0, 0, 0, 0, 0, 0]}, '西门北侧': {'A': [1, 1, 1, 1, 1, 1, 1, 1, 0, 0], 'B': [1, 1, 1, 1, 0, 1, 1, 0, 1, 0], 'C': [1, 1, 1, 1, 0, 1, 1, 1, 1, 0]}, '西门南侧': {'A': [1, 1, 1, 1, 1, 1, 1, 1, 1, 1], 'B': [1, 1, 1, 1, 1, 1, 1, 1, 1, 1], 'C': [1, 1, 0, 1, 1, 0, 1, 1, 0, 1]}, '南门西侧': {'A': [1, 1, 1, 1, 1, 1, 1, 1, 1, 1], 'B': [0, 1, 0, 1, 0, 0, 0, 0, 0, 0]}, '南门东侧': {'A': [1, 1, 0, 1, 1, 1, 1, 1, 1, 1], 'B': [1, 0, 1, 1, 1, 0, 1, 1, 1, 1]}, '北门东北侧': {'A': [1, 1, 1, 1, 1, 1, 1, 1, 1, 1], 'B': [1, 1, 0, 1, 1, 0, 0, 1, 0, 0], 'C': [0, 0, 0, 1, 1, 0, 0, 1, 1, 0], 'D': [0, 1, 0, 1, 1, 0, 1, 0, 0, 1]}, '北门东南侧': {'A': [0, 0, 1, 1, 1, 0, 1, 0, 0, 0], 'B': [0, 1, 0, 0, 0, 0, 1, 0, 1, 0], 'C': [1, 1, 0, 1, 0, 0, 0, 0, 0, 0], 'D': [0, 0, 0, 0, 0, 1, 0, 0, 0, 0], 'E': [0, 1, 0, 1, 0, 1, 1, 1, 0, 0], 'F': [1, 0, 1, 1, 1, 1, 1, 0, 0, 1]}, '橘园北侧南': {'A': [0, 0, 0, 0, 0, 1, 0, 0, 1, 1], 'B': [1, 1, 1, 1, 0, 1, 0, 1, 1, 1], 'C': [1, 1, 1, 1, 0, 1, 1, 0, 0, 1], 'D': [1, 1, 1, 1, 1, 1, 1, 1, 1, 0], 'E': [1, 1, 1, 0, 1, 1, 0, 1, 0, 0], 'F': [0, 0, 0, 0, 0, 1, 0, 1, 0, 0], 'G': [0, 0, 1, 1, 0, 0, 1, 1, 0, 0], 'H': [1, 1, 1, 1, 0, 1, 0, 0, 1, 0], 'I': [0, 1, 0, 1, 0, 1, 1, 0, 1, 0], 'J': [0, 0, 0, 1, 1, 1, 1, 0, 1, 1]}, '校医院西': {'A': [0, 1, 1, 0, 1, 0, 0, 1, 0, 1], 'B': [1, 1, 1, 0, 1, 0, 1, 1, 0, 1], 'C': [0, 1, 0, 1, 1, 0, 1, 1, 0, 1], 'D': [1, 1, 1, 0, 1, 0, 1, 1, 1, 1], 'E': [1, 1, 1, 1, 1, 1, 1, 1, 1, 1], 'F': [0, 0, 1, 1, 1, 1, 1, 1, 1, 1], 'G': [0, 0, 0, 0, 0, 1, 1, 1, 0, 0], 'H': [0, 0, 0, 1, 0, 0, 0, 0, 0, 0], 'I': [0, 0, 0, 0, 0, 0, 0, 0, 0, 0]}}
624003	2024-07-13 17:28:01.243000+08:00	2024-07-13 17:28:01.243000+08:00	{'东门北侧': {'A': [1, 1, 1, 1, 1, 0, 1, 0, 1, 1], 'B': [1, 1, 1, 1, 1, 1, 1, 1, 1, 1], 'C': [0, 1, 1, 0, 1, 0, 1, 0, 1, 0], 'D': [1, 1, 1, 1, 1, 0, 0, 1, 0, 0], 'E': [1, 1, 1, 1, 1, 0, 1, 1, 1, 1], 'F': [1, 1, 1, 1, 1, 1, 1, 1, 0, 1], 'G': [1, 1, 1, 1, 1, 1, 1, 1, 1, 0], 'H': [1, 1, 1, 1, 1, 0, 1, 1, 0, 1], 'I': [1, 0, 1, 1, 1, 1, 0, 1, 0, 1], 'J': [1, 1, 0, 1, 0, 1, 1, 1, 1, 1], 'K': [0, 0, 0, 1, 1, 1, 1, 1, 0, 1]}, '东门南侧': {'A': [0, 0, 1, 0, 0, 0, 1, 0, 0, 0], 'B': [0, 0, 0, 0, 0, 0, 0, 0, 0, 0]}, '西门北侧': {'A': [1, 1, 1, 1, 1, 1, 1, 1, 0, 0], 'B': [1, 1, 1, 1, 0, 1, 1, 0, 1, 0], 'C': [1, 1, 1, 1, 0, 1, 1, 1, 1, 0]}, '西门南侧': {'A': [1, 1, 1, 1, 1, 1, 1, 1, 1, 1], 'B': [1, 1, 1, 1, 1, 1, 1, 1, 1, 1], 'C': [1, 1, 0, 1, 1, 0, 1, 1, 0, 1]}, '南门西侧': {'A': [1, 1, 1, 1, 1, 1, 1, 1, 1, 1], 'B': [0, 1, 0, 1, 0, 0, 0, 0, 0, 0]}, '南门东侧': {'A': [1, 1, 0, 1, 1, 1, 1, 1, 1, 1], 'B': [1, 0, 1, 1, 1, 0, 1, 1, 1, 1]}, '北门东北侧': {'A': [1, 1, 1, 1, 1, 1, 1, 1, 1, 1], 'B': [1, 1, 0, 1, 1, 0, 0, 1, 0, 0], 'C': [0, 0, 0, 1, 1, 0, 0, 1, 1, 0], 'D': [0, 1, 0, 1, 1, 0, 1, 0, 0, 1]}, '北门东南侧': {'A': [0, 0, 1, 1, 1, 0, 1, 0, 0, 0], 'B': [0, 1, 0, 0, 0, 0, 1, 0, 1, 0], 'C': [1, 1, 0, 1, 0, 0, 0, 0, 0, 0], 'D': [0, 0, 0, 0, 0, 1, 0, 0, 0, 0], 'E': [0, 1, 0, 1, 0, 1, 1, 1, 0, 0], 'F': [1, 0, 1, 1, 1, 1, 1, 0, 0, 1]}, '橘园北侧南': {'A': [0, 0, 0, 0, 0, 1, 0, 0, 1, 1], 'B': [1, 1, 1, 1, 0, 1, 0, 1, 1, 1], 'C': [1, 1, 1, 1, 0, 1, 1, 0, 0, 1], 'D': [1, 1, 1, 1, 1, 1, 1, 1, 1, 0], 'E': [1, 1, 1, 0, 1, 1, 0, 1, 0, 0], 'F': [0, 0, 0, 0, 0, 1, 0, 1, 0, 0], 'G': [0, 0, 1, 1, 0, 0, 1, 1, 0, 0], 'H': [1, 1, 1, 1, 0, 1, 0, 0, 1, 0], 'I': [0, 1, 0, 1, 0, 1, 1, 0, 1, 0], 'J': [0, 0, 0, 1, 1, 1, 1, 0, 1, 1]}, '校医院西': {'A': [0, 1, 1, 0, 1, 0, 0, 1, 0, 1], 'B': [1, 1, 1, 0, 1, 0, 1, 1, 0, 1], 'C': [0, 1, 0, 1, 1, 0, 1, 1, 0, 1], 'D': [1, 1, 1, 0, 1, 0, 1, 1, 1, 1], 'E': [1, 1, 1, 1, 1, 1, 1, 1, 1, 1], 'F': [0, 0, 1, 1, 1, 1, 1, 1, 1, 1], 'G': [0, 0, 0, 0, 0, 1, 1, 1, 0, 0], 'H': [1, 0, 0, 1, 0, 0, 0, 0, 0, 0], 'I': [0, 0, 0, 0, 0, 0, 0, 0, 0, 0]}}
624004	2024-07-13 17:29:01.626000+08:00	2024-07-13 17:29:01.626000+08:00	{'东门北侧': {'A': [1, 1, 1, 1, 1, 0, 1, 0, 1, 1], 'B': [1, 1, 1, 1, 1, 1, 1, 1, 1, 1], 'C': [0, 1, 1, 0, 1, 0, 1, 0, 1, 0], 'D': [1, 1, 1, 1, 1, 0, 0, 1, 0, 0], 'E': [1, 1, 1, 1, 1, 0, 1, 1, 1, 1], 'F': [1, 1, 1, 1, 1, 1, 1, 1, 0, 1], 'G': [1, 1, 1, 1, 1, 1, 1, 1, 1, 0], 'H': [1, 1, 1, 1, 1, 0, 1, 1, 0, 1], 'I': [1, 0, 1, 1, 1, 1, 0, 1, 0, 1], 'J': [1, 1, 0, 1, 0, 1, 1, 1, 1, 1], 'K': [0, 0, 0, 1, 1, 1, 1, 1, 0, 1]}, '东门南侧': {'A': [0, 0, 1, 0, 0, 0, 1, 0, 0, 0], 'B': [0, 0, 0, 0, 0, 0, 0, 0, 0, 0]}, '西门北侧': {'A': [1, 1, 1, 1, 1, 1, 1, 1, 0, 0], 'B': [1, 1, 1, 1, 0, 1, 1, 0, 1, 0], 'C': [1, 1, 1, 1, 0, 1, 1, 1, 1, 0]}, '西门南侧': {'A': [1, 1, 1, 1, 1, 1, 1, 1, 1, 1], 'B': [1, 1, 1, 1, 1, 1, 1, 1, 1, 1], 'C': [1, 1, 0, 1, 1, 0, 1, 1, 0, 1]}, '南门西侧': {'A': [1, 1, 1, 1, 1, 1, 1, 1, 1, 1], 'B': [0, 1, 0, 1, 0, 0, 0, 0, 0, 0]}, '南门东侧': {'A': [1, 1, 0, 1, 1, 1, 1, 1, 1, 1], 'B': [1, 0, 1, 1, 1, 0, 1, 1, 1, 1]}, '北门东北侧': {'A': [1, 1, 1, 1, 1, 1, 1, 1, 1, 1], 'B': [1, 1, 0, 1, 1, 0, 0, 1, 0, 0], 'C': [0, 0, 0, 1, 1, 0, 0, 1, 1, 0], 'D': [0, 1, 0, 1, 1, 0, 1, 0, 0, 1]}, '北门东南侧': {'A': [0, 0, 1, 1, 1, 0, 1, 0, 0, 0], 'B': [0, 1, 0, 0, 0, 0, 1, 0, 1, 0], 'C': [1, 1, 0, 1, 0, 0, 0, 0, 0, 0], 'D': [0, 0, 0, 0, 0, 1, 0, 0, 0, 0], 'E': [0, 1, 0, 1, 0, 1, 1, 1, 0, 0], 'F': [1, 0, 1, 1, 1, 1, 1, 0, 0, 1]}, '橘园北侧南': {'A': [1, 0, 0, 0, 0, 1, 0, 0, 1, 1], 'B': [1, 1, 1, 1, 0, 1, 0, 1, 1, 1], 'C': [1, 1, 1, 1, 0, 1, 1, 0, 0, 1], 'D': [1, 1, 1, 1, 1, 1, 1, 1, 1, 0], 'E': [1, 1, 1, 0, 1, 1, 0, 1, 0, 0], 'F': [0, 0, 0, 0, 0, 1, 0, 1, 0, 0], 'G': [0, 0, 1, 1, 0, 0, 1, 1, 0, 0], 'H': [1, 1, 1, 1, 0, 1, 0, 0, 1, 0], 'I': [0, 1, 0, 1, 0, 1, 1, 0, 1, 0], 'J': [0, 0, 0, 1, 1, 1, 1, 0, 1, 1]}, '校医院西': {'A': [0, 1, 1, 0, 1, 0, 0, 1, 0, 0], 'B': [1, 1, 1, 0, 1, 0, 1, 1, 0, 1], 'C': [0, 1, 0, 1, 1, 0, 1, 1, 0, 1], 'D': [1, 1, 1, 0, 1, 0, 1, 1, 1, 1], 'E': [1, 1, 1, 1, 1, 1, 1, 1, 1, 1], 'F': [0, 0, 1, 1, 1, 1, 1, 1, 1, 1], 'G': [0, 0, 0, 0, 0, 1, 1, 1, 0, 0], 'H': [1, 0, 0, 1, 0, 0, 0, 0, 0, 0], 'I': [0, 0, 0, 0, 0, 0, 0, 0, 0, 0]}}
624005	2024-07-13 17:30:01.524000+08:00	2024-07-13 17:30:01.524000+08:00	{'东门北侧': {'A': [1, 1, 1, 1, 1, 0, 1, 0, 1, 1], 'B': [1, 1, 1, 1, 1, 1, 1, 1, 1, 1], 'C': [0, 1, 1, 0, 1, 0, 1, 0, 1, 0], 'D': [1, 1, 1, 1, 1, 0, 0, 1, 0, 0], 'E': [1, 1, 1, 1, 1, 0, 1, 1, 1, 1], 'F': [1, 1, 1, 1, 1, 1, 1, 1, 0, 1], 'G': [1, 1, 1, 1, 1, 1, 1, 1, 1, 0], 'H': [1, 1, 1, 1, 1, 0, 1, 1, 0, 1], 'I': [1, 0, 1, 1, 1, 1, 0, 1, 0, 1], 'J': [1, 1, 0, 1, 0, 1, 1, 1, 1, 1], 'K': [0, 0, 0, 1, 1, 1, 1, 1, 0, 1]}, '东门南侧': {'A': [0, 0, 1, 0, 0, 0, 1, 0, 0, 0], 'B': [0, 0, 0, 0, 0, 0, 0, 0, 0, 0]}, '西门北侧': {'A': [1, 1, 1, 1, 1, 1, 1, 1, 0, 0], 'B': [1, 1, 1, 1, 1, 1, 1, 0, 1, 0], 'C': [1, 1, 1, 1, 0, 1, 1, 1, 1, 0]}, '西门南侧': {'A': [1, 1, 1, 1, 1, 1, 1, 1, 1, 1], 'B': [1, 1, 1, 1, 1, 1, 1, 1, 1, 1], 'C': [1, 1, 0, 1, 1, 0, 1, 1, 0, 1]}, '南门西侧': {'A': [1, 1, 1, 1, 1, 1, 1, 1, 1, 1], 'B': [0, 0, 0, 1, 0, 0, 0, 0, 0, 0]}, '南门东侧': {'A': [1, 1, 0, 1, 1, 1, 1, 1, 1, 1], 'B': [1, 0, 1, 1, 1, 0, 1, 1, 1, 1]}, '北门东北侧': {'A': [1, 1, 1, 1, 1, 1, 1, 1, 1, 1], 'B': [1, 1, 0, 1, 1, 0, 0, 1, 0, 0], 'C': [0, 0, 0, 1, 1, 0, 0, 1, 1, 0], 'D': [0, 1, 0, 1, 1, 0, 1, 0, 0, 1]}, '北门东南侧': {'A': [0, 0, 1, 1, 1, 0, 1, 0, 0, 0], 'B': [0, 1, 0, 0, 0, 0, 1, 0, 1, 0], 'C': [1, 1, 0, 1, 0, 0, 0, 0, 0, 0], 'D': [0, 0, 0, 0, 0, 1, 0, 0, 0, 0], 'E': [0, 1, 0, 1, 0, 1, 1, 1, 0, 0], 'F': [1, 0, 1, 1, 1, 1, 1, 0, 0, 1]}, '橘园北侧南': {'A': [1, 0, 0, 0, 0, 1, 0, 0, 1, 1], 'B': [1, 1, 1, 1, 0, 1, 0, 1, 1, 1], 'C': [1, 1, 1, 1, 0, 1, 1, 0, 0, 1], 'D': [1, 1, 1, 1, 1, 1, 1, 1, 1, 0], 'E': [1, 1, 1, 0, 1, 1, 0, 1, 0, 0], 'F': [0, 0, 0, 0, 0, 1, 0, 1, 0, 0], 'G': [0, 0, 1, 1, 0, 0, 1, 1, 0, 0], 'H': [1, 1, 1, 1, 0, 1, 0, 0, 1, 0], 'I': [0, 1, 0, 1, 0, 1, 1, 0, 1, 0], 'J': [0, 0, 0, 1, 1, 1, 1, 0, 1, 1]}, '校医院西': {'A': [0, 1, 1, 0, 1, 0, 0, 1, 0, 0], 'B': [1, 1, 1, 0, 1, 0, 1, 1, 0, 1], 'C': [0, 1, 0, 1, 1, 0, 1, 1, 0, 1], 'D': [1, 1, 1, 0, 1, 0, 1, 1, 1, 1], 'E': [1, 1, 1, 1, 1, 1, 1, 1, 1, 1], 'F': [0, 0, 1, 1, 1, 1, 1, 1, 1, 1], 'G': [0, 0, 0, 0, 0, 1, 1, 1, 0, 0], 'H': [1, 0, 0, 1, 0, 0, 0, 0, 0, 0], 'I': [0, 0, 0, 0, 0, 0, 0, 0, 0, 0]}}
624006	2024-07-13 17:30:58.558000+08:00	2024-07-13 17:30:58.558000+08:00	{'东门北侧': {'A': [1, 1, 1, 1, 1, 0, 1, 0, 1, 1], 'B': [1, 1, 1, 1, 1, 1, 1, 1, 1, 1], 'C': [0, 1, 1, 0, 1, 0, 1, 0, 1, 0], 'D': [1, 1, 1, 1, 1, 0, 0, 1, 0, 0], 'E': [1, 1, 1, 1, 1, 0, 1, 1, 1, 1], 'F': [1, 1, 1, 1, 1, 1, 1, 1, 0, 1], 'G': [1, 1, 1, 1, 1, 1, 1, 1, 1, 0], 'H': [1, 1, 1, 1, 1, 0, 1, 1, 0, 1], 'I': [1, 0, 1, 1, 1, 1, 0, 1, 0, 1], 'J': [1, 1, 0, 1, 0, 1, 1, 1, 1, 1], 'K': [0, 0, 0, 1, 1, 1, 1, 1, 0, 1]}, '东门南侧': {'A': [0, 0, 1, 0, 0, 0, 1, 0, 0, 0], 'B': [0, 0, 0, 0, 0, 0, 0, 0, 0, 0]}, '西门北侧': {'A': [1, 1, 1, 1, 1, 1, 1, 1, 0, 0], 'B': [1, 1, 1, 1, 1, 1, 1, 0, 1, 0], 'C': [1, 1, 1, 1, 0, 1, 1, 1, 1, 0]}, '西门南侧': {'A': [1, 1, 1, 1, 1, 1, 1, 1, 1, 1], 'B': [1, 1, 1, 1, 1, 1, 1, 1, 1, 1], 'C': [1, 1, 0, 1, 1, 1, 1, 1, 0, 1]}, '南门西侧': {'A': [1, 1, 1, 1, 1, 1, 1, 1, 1, 1], 'B': [0, 0, 0, 1, 0, 0, 0, 0, 0, 0]}, '南门东侧': {'A': [1, 1, 0, 1, 1, 1, 1, 1, 1, 1], 'B': [1, 0, 1, 1, 1, 0, 1, 1, 1, 1]}, '北门东北侧': {'A': [1, 1, 1, 1, 1, 1, 1, 1, 1, 1], 'B': [1, 1, 0, 1, 1, 0, 0, 1, 0, 0], 'C': [0, 0, 0, 1, 1, 0, 0, 1, 1, 0], 'D': [0, 1, 0, 1, 1, 0, 1, 0, 0, 1]}, '北门东南侧': {'A': [0, 0, 1, 1, 1, 0, 1, 0, 0, 0], 'B': [0, 1, 0, 0, 0, 0, 1, 0, 1, 0], 'C': [1, 1, 0, 1, 0, 0, 0, 0, 0, 0], 'D': [0, 0, 0, 0, 0, 1, 0, 0, 0, 0], 'E': [0, 1, 0, 1, 0, 1, 1, 1, 0, 0], 'F': [1, 0, 1, 1, 1, 1, 1, 0, 0, 1]}, '橘园北侧南': {'A': [1, 0, 0, 0, 0, 1, 0, 0, 1, 1], 'B': [1, 1, 1, 1, 0, 1, 0, 1, 1, 1], 'C': [1, 1, 1, 1, 0, 1, 1, 0, 0, 1], 'D': [1, 1, 1, 1, 1, 1, 1, 1, 1, 0], 'E': [1, 1, 1, 0, 1, 1, 0, 1, 0, 0], 'F': [0, 0, 0, 0, 0, 1, 0, 1, 0, 0], 'G': [0, 0, 1, 1, 0, 0, 1, 1, 0, 0], 'H': [1, 1, 1, 1, 0, 1, 0, 0, 1, 0], 'I': [0, 1, 0, 1, 0, 1, 1, 0, 1, 0], 'J': [0, 0, 0, 1, 1, 1, 1, 0, 1, 1]}, '校医院西': {'A': [0, 1, 1, 0, 1, 0, 0, 1, 0, 0], 'B': [1, 1, 1, 0, 1, 0, 1, 1, 0, 1], 'C': [0, 1, 0, 1, 1, 0, 1, 1, 0, 1], 'D': [1, 1, 1, 0, 1, 0, 1, 1, 1, 1], 'E': [1, 1, 1, 1, 1, 1, 1, 1, 1, 1], 'F': [0, 0, 1, 1, 1, 1, 1, 1, 1, 1], 'G': [0, 0, 0, 0, 0, 1, 1, 1, 0, 0], 'H': [1, 0, 0, 1, 0, 0, 0, 0, 0, 0], 'I': [0, 0, 0, 0, 0, 0, 0, 0, 0, 0]}}
624007	2024-07-13 17:32:01.550000+08:00	2024-07-13 17:32:01.550000+08:00	{'东门北侧': {'A': [1, 1, 1, 1, 1, 0, 1, 0, 1, 1], 'B': [1, 1, 1, 1, 1, 1, 1, 1, 1, 1], 'C': [0, 1, 1, 0, 1, 0, 1, 0, 1, 0], 'D': [1, 1, 1, 1, 1, 0, 0, 1, 0, 0], 'E': [1, 1, 1, 1, 1, 0, 1, 1, 1, 1], 'F': [1, 1, 1, 1, 1, 1, 1, 1, 0, 1], 'G': [1, 1, 1, 1, 1, 1, 1, 1, 1, 0], 'H': [1, 1, 1, 1, 1, 0, 1, 1, 0, 1], 'I': [1, 0, 1, 1, 1, 1, 0, 1, 0, 1], 'J': [1, 1, 0, 1, 0, 1, 1, 1, 1, 1], 'K': [0, 0, 0, 1, 1, 1, 1, 1, 0, 1]}, '东门南侧': {'A': [0, 0, 1, 0, 0, 0, 1, 0, 0, 0], 'B': [0, 0, 0, 0, 0, 0, 0, 0, 0, 0]}, '西门北侧': {'A': [1, 1, 1, 1, 1, 1, 1, 1, 0, 0], 'B': [1, 1, 1, 1, 1, 1, 1, 0, 1, 0], 'C': [1, 1, 1, 1, 0, 1, 1, 1, 1, 0]}, '西门南侧': {'A': [1, 1, 1, 1, 1, 1, 1, 1, 1, 1], 'B': [1, 1, 1, 1, 1, 1, 1, 1, 1, 1], 'C': [1, 1, 0, 1, 1, 1, 1, 1, 0, 1]}, '南门西侧': {'A': [1, 1, 1, 1, 1, 1, 1, 1, 1, 1], 'B': [0, 0, 0, 1, 0, 0, 0, 0, 0, 0]}, '南门东侧': {'A': [1, 1, 0, 1, 1, 1, 1, 1, 1, 1], 'B': [1, 0, 1, 1, 1, 0, 1, 1, 1, 1]}, '北门东北侧': {'A': [1, 1, 1, 1, 1, 1, 1, 1, 1, 1], 'B': [1, 1, 0, 1, 1, 0, 0, 1, 0, 0], 'C': [0, 0, 0, 1, 1, 0, 0, 1, 1, 0], 'D': [0, 1, 0, 1, 1, 0, 1, 0, 0, 1]}, '北门东南侧': {'A': [0, 0, 1, 1, 1, 0, 1, 0, 0, 0], 'B': [0, 1, 0, 0, 0, 0, 1, 0, 1, 0], 'C': [1, 1, 0, 1, 0, 0, 0, 0, 0, 0], 'D': [0, 0, 0, 0, 0, 1, 0, 0, 0, 0], 'E': [0, 1, 0, 1, 0, 1, 1, 1, 0, 0], 'F': [1, 0, 1, 1, 1, 1, 1, 0, 0, 1]}, '橘园北侧南': {'A': [1, 0, 0, 0, 0, 1, 0, 0, 1, 1], 'B': [1, 1, 1, 1, 0, 1, 0, 1, 1, 1], 'C': [1, 1, 1, 1, 0, 1, 1, 0, 0, 1], 'D': [1, 1, 1, 1, 1, 1, 1, 1, 1, 0], 'E': [1, 1, 1, 0, 1, 1, 0, 1, 0, 0], 'F': [0, 0, 0, 0, 0, 1, 0, 1, 0, 0], 'G': [0, 0, 1, 1, 0, 0, 1, 1, 0, 0], 'H': [1, 1, 1, 1, 0, 1, 0, 0, 1, 0], 'I': [0, 1, 0, 1, 0, 1, 1, 0, 1, 0], 'J': [0, 0, 0, 1, 1, 1, 1, 0, 1, 1]}, '校医院西': {'A': [0, 1, 1, 0, 1, 0, 0, 1, 0, 0], 'B': [1, 1, 1, 0, 1, 0, 1, 1, 0, 1], 'C': [0, 1, 0, 1, 1, 0, 1, 1, 0, 1], 'D': [1, 1, 1, 0, 1, 0, 1, 1, 1, 1], 'E': [1, 1, 1, 1, 1, 1, 1, 1, 1, 1], 'F': [0, 0, 1, 1, 1, 1, 1, 1, 1, 1], 'G': [0, 0, 0, 0, 0, 1, 1, 1, 0, 0], 'H': [1, 0, 0, 1, 0, 0, 0, 0, 0, 0], 'I': [0, 0, 0, 0, 0, 0, 0, 0, 0, 0]}}
624008	2024-07-13 17:33:01.536000+08:00	2024-07-13 17:33:01.536000+08:00	{'东门北侧': {'A': [1, 1, 1, 1, 1, 0, 1, 0, 1, 1], 'B': [1, 1, 1, 1, 1, 1, 1, 1, 1, 1], 'C': [0, 1, 1, 0, 1, 0, 1, 0, 1, 0], 'D': [1, 1, 1, 1, 1, 0, 0, 1, 0, 0], 'E': [1, 1, 1, 1, 1, 0, 1, 1, 1, 1], 'F': [1, 1, 1, 1, 1, 1, 1, 1, 0, 1], 'G': [1, 1, 1, 1, 1, 1, 1, 1, 1, 0], 'H': [1, 1, 1, 1, 1, 0, 1, 1, 0, 1], 'I': [1, 0, 1, 1, 1, 1, 0, 1, 0, 1], 'J': [1, 1, 0, 1, 0, 1, 1, 1, 1, 1], 'K': [0, 0, 0, 1, 1, 1, 1, 1, 0, 1]}, '东门南侧': {'A': [0, 0, 1, 0, 0, 0, 1, 0, 0, 0], 'B': [0, 0, 0, 0, 0, 0, 0, 0, 0, 0]}, '西门北侧': {'A': [1, 1, 1, 1, 1, 1, 1, 1, 0, 0], 'B': [1, 1, 1, 1, 1, 1, 1, 0, 1, 0], 'C': [1, 1, 1, 1, 0, 1, 1, 1, 1, 0]}, '西门南侧': {'A': [1, 1, 1, 1, 1, 1, 1, 1, 1, 1], 'B': [1, 1, 1, 1, 1, 1, 1, 1, 1, 1], 'C': [1, 1, 0, 1, 1, 1, 1, 1, 0, 1]}, '南门西侧': {'A': [1, 1, 1, 1, 1, 1, 1, 1, 1, 1], 'B': [0, 0, 0, 1, 0, 0, 0, 0, 0, 0]}, '南门东侧': {'A': [1, 1, 0, 1, 1, 1, 1, 1, 1, 1], 'B': [1, 0, 1, 1, 1, 0, 1, 1, 1, 1]}, '北门东北侧': {'A': [1, 1, 1, 1, 1, 1, 1, 1, 1, 1], 'B': [1, 1, 0, 1, 1, 0, 0, 1, 0, 0], 'C': [0, 0, 0, 1, 1, 0, 0, 1, 1, 0], 'D': [0, 1, 0, 1, 1, 0, 1, 0, 0, 1]}, '北门东南侧': {'A': [0, 0, 1, 1, 1, 0, 1, 0, 0, 0], 'B': [0, 1, 0, 0, 0, 0, 1, 0, 1, 0], 'C': [1, 1, 0, 1, 0, 0, 0, 0, 0, 0], 'D': [0, 0, 0, 0, 0, 1, 0, 0, 0, 0], 'E': [0, 1, 0, 1, 0, 1, 1, 1, 0, 0], 'F': [1, 0, 1, 1, 1, 1, 1, 0, 0, 1]}, '橘园北侧南': {'A': [1, 0, 0, 0, 0, 1, 0, 0, 1, 1], 'B': [1, 1, 1, 1, 0, 1, 0, 1, 1, 1], 'C': [1, 1, 1, 1, 0, 1, 1, 0, 0, 1], 'D': [1, 1, 1, 1, 1, 1, 1, 1, 1, 0], 'E': [1, 1, 1, 0, 1, 1, 0, 1, 0, 0], 'F': [0, 0, 0, 0, 0, 1, 0, 1, 0, 0], 'G': [0, 0, 1, 1, 0, 0, 1, 1, 0, 0], 'H': [1, 1, 1, 1, 0, 1, 0, 1, 1, 0], 'I': [0, 1, 0, 1, 0, 1, 1, 0, 1, 0], 'J': [0, 0, 0, 1, 1, 1, 1, 0, 1, 1]}, '校医院西': {'A': [0, 1, 1, 0, 1, 0, 0, 1, 0, 0], 'B': [1, 1, 1, 0, 1, 0, 1, 1, 0, 1], 'C': [0, 1, 0, 1, 1, 0, 1, 1, 0, 1], 'D': [1, 1, 1, 0, 1, 0, 1, 1, 1, 1], 'E': [1, 1, 1, 1, 1, 1, 1, 1, 1, 1], 'F': [0, 0, 1, 1, 1, 1, 1, 1, 1, 1], 'G': [0, 0, 0, 0, 0, 1, 1, 1, 0, 0], 'H': [1, 0, 0, 1, 0, 0, 0, 0, 0, 0], 'I': [0, 0, 0, 0, 0, 0, 0, 0, 0, 0]}}
624009	2024-07-13 17:33:58.670000+08:00	2024-07-13 17:33:58.670000+08:00	{'东门北侧': {'A': [1, 1, 1, 1, 1, 0, 1, 0, 1, 1], 'B': [1, 1, 1, 1, 1, 1, 1, 1, 1, 1], 'C': [0, 1, 1, 0, 1, 0, 1, 0, 1, 0], 'D': [1, 1, 1, 1, 1, 0, 0, 1, 0, 0], 'E': [1, 1, 1, 1, 1, 0, 1, 1, 1, 1], 'F': [1, 1, 1, 1, 1, 1, 1, 1, 0, 1], 'G': [1, 1, 1, 1, 1, 1, 1, 1, 1, 0], 'H': [1, 1, 1, 1, 1, 0, 1, 1, 0, 1], 'I': [1, 0, 1, 1, 1, 1, 0, 1, 0, 1], 'J': [1, 1, 0, 1, 0, 1, 1, 1, 1, 1], 'K': [0, 0, 0, 1, 1, 1, 1, 1, 0, 1]}, '东门南侧': {'A': [0, 0, 1, 0, 0, 0, 1, 0, 0, 0], 'B': [0, 0, 0, 0, 0, 0, 0, 0, 0, 0]}, '西门北侧': {'A': [1, 1, 1, 1, 1, 1, 1, 1, 0, 0], 'B': [1, 1, 1, 1, 1, 1, 1, 0, 1, 0], 'C': [1, 1, 1, 1, 0, 1, 1, 1, 1, 0]}, '西门南侧': {'A': [1, 1, 1, 1, 1, 1, 1, 1, 1, 1], 'B': [1, 1, 1, 1, 1, 1, 1, 1, 1, 1], 'C': [1, 1, 0, 1, 1, 1, 1, 1, 0, 1]}, '南门西侧': {'A': [1, 1, 1, 1, 1, 1, 1, 1, 1, 1], 'B': [0, 0, 0, 1, 0, 0, 0, 0, 0, 0]}, '南门东侧': {'A': [1, 1, 0, 1, 1, 1, 1, 1, 1, 1], 'B': [1, 0, 1, 1, 1, 0, 1, 1, 1, 1]}, '北门东北侧': {'A': [1, 1, 1, 1, 1, 1, 1, 1, 1, 1], 'B': [1, 1, 0, 1, 1, 0, 0, 1, 0, 0], 'C': [0, 0, 0, 1, 1, 0, 0, 1, 1, 0], 'D': [0, 1, 0, 1, 1, 0, 1, 0, 0, 1]}, '北门东南侧': {'A': [0, 0, 1, 1, 1, 0, 1, 0, 0, 0], 'B': [0, 1, 0, 0, 0, 0, 1, 0, 1, 0], 'C': [1, 1, 0, 1, 0, 0, 0, 0, 0, 0], 'D': [0, 0, 0, 0, 0, 1, 0, 0, 0, 0], 'E': [0, 1, 0, 1, 0, 1, 1, 1, 0, 0], 'F': [1, 0, 1, 1, 1, 1, 1, 0, 0, 1]}, '橘园北侧南': {'A': [1, 0, 0, 0, 0, 1, 0, 0, 1, 1], 'B': [1, 1, 1, 1, 0, 1, 0, 1, 1, 1], 'C': [1, 1, 1, 1, 0, 1, 1, 0, 0, 1], 'D': [1, 1, 1, 1, 1, 1, 1, 1, 1, 0], 'E': [1, 1, 1, 0, 1, 1, 0, 1, 0, 0], 'F': [0, 0, 0, 0, 0, 1, 0, 1, 0, 0], 'G': [0, 0, 1, 1, 0, 0, 1, 1, 0, 0], 'H': [1, 1, 1, 1, 0, 1, 0, 1, 1, 0], 'I': [0, 1, 0, 1, 0, 1, 1, 0, 1, 0], 'J': [0, 0, 0, 1, 1, 1, 1, 0, 1, 1]}, '校医院西': {'A': [0, 1, 1, 0, 1, 0, 0, 1, 0, 0], 'B': [1, 1, 1, 0, 1, 0, 1, 1, 0, 1], 'C': [0, 1, 0, 1, 1, 0, 1, 1, 0, 1], 'D': [1, 1, 1, 0, 1, 0, 1, 1, 1, 1], 'E': [1, 1, 1, 1, 1, 1, 1, 1, 1, 1], 'F': [0, 0, 1, 1, 1, 1, 1, 1, 1, 1], 'G': [0, 0, 0, 0, 0, 1, 1, 1, 0, 0], 'H': [1, 0, 0, 1, 0, 0, 0, 0, 0, 0], 'I': [1, 0, 0, 0, 0, 0, 0, 0, 0, 0]}}
624010	2024-07-13 17:35:00.756000+08:00	2024-07-13 17:35:00.756000+08:00	{'东门北侧': {'A': [1, 1, 1, 1, 1, 0, 1, 0, 1, 1], 'B': [1, 1, 1, 1, 1, 1, 1, 1, 1, 1], 'C': [0, 1, 1, 0, 1, 0, 1, 0, 1, 0], 'D': [1, 1, 1, 1, 1, 0, 0, 1, 0, 0], 'E': [1, 1, 1, 1, 1, 0, 1, 1, 1, 1], 'F': [1, 1, 1, 1, 1, 1, 1, 1, 0, 1], 'G': [1, 1, 1, 1, 1, 1, 1, 1, 1, 0], 'H': [1, 1, 1, 1, 1, 0, 1, 1, 0, 1], 'I': [1, 0, 1, 1, 1, 1, 0, 1, 0, 1], 'J': [1, 1, 0, 1, 0, 1, 1, 1, 1, 1], 'K': [0, 0, 0, 1, 1, 1, 1, 1, 0, 1]}, '东门南侧': {'A': [0, 0, 1, 0, 0, 0, 1, 0, 0, 0], 'B': [0, 0, 0, 0, 0, 0, 0, 0, 0, 0]}, '西门北侧': {'A': [1, 1, 1, 1, 1, 1, 1, 1, 0, 0], 'B': [1, 1, 1, 1, 1, 1, 1, 0, 1, 0], 'C': [1, 1, 1, 1, 0, 1, 1, 1, 1, 0]}, '西门南侧': {'A': [1, 1, 1, 1, 1, 1, 1, 1, 1, 1], 'B': [1, 1, 1, 1, 1, 1, 1, 1, 1, 1], 'C': [1, 1, 0, 1, 1, 1, 1, 1, 0, 1]}, '南门西侧': {'A': [1, 1, 1, 1, 1, 1, 1, 1, 1, 1], 'B': [0, 0, 0, 1, 0, 0, 0, 0, 0, 0]}, '南门东侧': {'A': [1, 1, 0, 1, 1, 1, 1, 1, 1, 1], 'B': [1, 0, 1, 1, 1, 0, 1, 1, 1, 1]}, '北门东北侧': {'A': [1, 1, 1, 1, 1, 1, 1, 1, 1, 1], 'B': [1, 1, 0, 1, 1, 0, 0, 1, 0, 0], 'C': [0, 0, 0, 1, 1, 0, 0, 1, 1, 0], 'D': [0, 1, 1, 1, 1, 0, 1, 0, 0, 1]}, '北门东南侧': {'A': [0, 0, 1, 1, 1, 0, 1, 0, 0, 0], 'B': [0, 1, 0, 0, 0, 0, 1, 0, 1, 0], 'C': [1, 1, 0, 1, 0, 0, 0, 0, 0, 0], 'D': [0, 0, 0, 0, 0, 1, 0, 0, 0, 0], 'E': [0, 1, 0, 1, 0, 1, 1, 1, 0, 0], 'F': [1, 0, 1, 1, 1, 1, 1, 0, 0, 1]}, '橘园北侧南': {'A': [1, 0, 0, 0, 0, 1, 0, 0, 1, 1], 'B': [1, 1, 1, 1, 0, 1, 0, 1, 1, 1], 'C': [1, 1, 1, 1, 0, 1, 1, 0, 0, 1], 'D': [1, 1, 1, 1, 1, 1, 1, 1, 1, 0], 'E': [1, 1, 1, 0, 1, 1, 0, 1, 0, 0], 'F': [0, 0, 0, 0, 0, 1, 0, 1, 0, 0], 'G': [0, 0, 1, 1, 0, 0, 1, 1, 0, 0], 'H': [1, 1, 1, 1, 0, 1, 0, 1, 1, 0], 'I': [0, 1, 0, 1, 0, 1, 1, 0, 1, 0], 'J': [0, 0, 0, 1, 1, 1, 1, 0, 1, 1]}, '校医院西': {'A': [0, 1, 1, 0, 1, 0, 0, 1, 0, 0], 'B': [1, 1, 1, 0, 1, 0, 1, 1, 0, 1], 'C': [0, 1, 0, 1, 1, 0, 1, 1, 0, 1], 'D': [1, 1, 1, 0, 1, 0, 1, 1, 1, 1], 'E': [1, 1, 1, 1, 1, 1, 1, 1, 1, 1], 'F': [0, 0, 1, 1, 1, 1, 1, 1, 1, 1], 'G': [0, 0, 0, 0, 0, 1, 1, 1, 0, 0], 'H': [1, 0, 0, 1, 0, 0, 0, 0, 0, 0], 'I': [1, 0, 0, 0, 0, 0, 0, 0, 0, 0]}}
624011	2024-07-13 17:35:59.682000+08:00	2024-07-13 17:35:59.682000+08:00	{'东门北侧': {'A': [1, 1, 1, 1, 1, 0, 1, 0, 1, 1], 'B': [1, 1, 1, 1, 1, 1, 1, 1, 1, 1], 'C': [0, 1, 1, 0, 1, 0, 1, 0, 1, 1], 'D': [1, 1, 1, 1, 1, 0, 0, 1, 0, 0], 'E': [1, 1, 1, 1, 1, 0, 1, 1, 1, 1], 'F': [1, 1, 1, 1, 1, 1, 1, 1, 0, 1], 'G': [1, 1, 1, 1, 1, 1, 1, 1, 1, 0], 'H': [1, 1, 1, 1, 1, 0, 1, 1, 0, 1], 'I': [1, 0, 1, 1, 1, 1, 0, 1, 0, 1], 'J': [1, 1, 0, 1, 0, 1, 1, 1, 1, 1], 'K': [0, 0, 0, 1, 1, 1, 1, 1, 0, 1]}, '东门南侧': {'A': [0, 0, 1, 0, 0, 0, 1, 0, 0, 0], 'B': [0, 0, 0, 0, 0, 0, 0, 0, 0, 0]}, '西门北侧': {'A': [1, 1, 1, 1, 1, 1, 1, 1, 0, 0], 'B': [1, 1, 1, 1, 1, 1, 1, 0, 1, 0], 'C': [1, 1, 1, 1, 0, 1, 1, 1, 1, 0]}, '西门南侧': {'A': [1, 1, 1, 1, 1, 1, 1, 1, 1, 1], 'B': [1, 1, 1, 1, 1, 1, 1, 1, 1, 1], 'C': [1, 1, 0, 1, 1, 1, 1, 1, 0, 1]}, '南门西侧': {'A': [1, 1, 1, 1, 1, 1, 1, 1, 1, 1], 'B': [0, 0, 0, 1, 0, 0, 0, 0, 0, 0]}, '南门东侧': {'A': [1, 1, 0, 1, 1, 1, 1, 1, 1, 1], 'B': [1, 0, 1, 1, 1, 0, 1, 1, 1, 1]}, '北门东北侧': {'A': [1, 1, 1, 1, 1, 1, 1, 1, 1, 1], 'B': [1, 1, 0, 1, 1, 0, 0, 1, 0, 0], 'C': [0, 0, 0, 1, 1, 0, 0, 1, 1, 0], 'D': [0, 1, 1, 1, 1, 0, 1, 0, 0, 1]}, '北门东南侧': {'A': [0, 1, 1, 1, 1, 0, 1, 0, 0, 0], 'B': [0, 1, 0, 0, 0, 0, 1, 0, 1, 0], 'C': [1, 1, 0, 1, 0, 0, 0, 0, 0, 0], 'D': [0, 0, 0, 0, 0, 1, 0, 0, 0, 0], 'E': [0, 1, 0, 1, 0, 1, 1, 1, 0, 0], 'F': [1, 0, 1, 1, 1, 1, 1, 0, 0, 1]}, '橘园北侧南': {'A': [1, 0, 0, 0, 0, 1, 0, 0, 1, 1], 'B': [1, 1, 1, 1, 0, 1, 0, 1, 1, 1], 'C': [1, 1, 1, 1, 0, 1, 1, 0, 0, 1], 'D': [1, 1, 1, 1, 1, 1, 1, 1, 1, 0], 'E': [1, 1, 1, 0, 1, 1, 0, 1, 0, 0], 'F': [0, 0, 0, 0, 0, 1, 0, 1, 0, 0], 'G': [0, 0, 1, 1, 0, 0, 1, 1, 0, 0], 'H': [1, 1, 1, 1, 0, 1, 0, 1, 1, 0], 'I': [0, 1, 0, 1, 0, 1, 1, 0, 1, 0], 'J': [0, 0, 0, 1, 1, 1, 1, 0, 1, 1]}, '校医院西': {'A': [0, 1, 1, 0, 1, 0, 0, 1, 0, 0], 'B': [1, 1, 1, 0, 1, 0, 1, 1, 0, 1], 'C': [0, 1, 0, 1, 1, 0, 1, 1, 0, 1], 'D': [1, 1, 1, 0, 1, 0, 1, 1, 1, 1], 'E': [1, 1, 1, 1, 1, 1, 1, 1, 1, 1], 'F': [0, 0, 1, 1, 1, 1, 1, 1, 1, 1], 'G': [0, 0, 0, 0, 0, 1, 1, 1, 0, 0], 'H': [1, 0, 0, 1, 0, 0, 0, 0, 0, 0], 'I': [1, 0, 0, 0, 0, 0, 0, 0, 0, 0]}}
624012	2024-07-13 17:37:00.640000+08:00	2024-07-13 17:37:00.640000+08:00	{'东门北侧': {'A': [1, 1, 1, 1, 1, 0, 1, 0, 1, 1], 'B': [1, 1, 1, 1, 1, 1, 1, 1, 1, 1], 'C': [0, 1, 1, 0, 1, 0, 1, 0, 1, 1], 'D': [1, 1, 1, 1, 1, 0, 0, 1, 0, 0], 'E': [1, 1, 1, 1, 1, 0, 1, 1, 1, 1], 'F': [1, 1, 1, 1, 1, 1, 1, 1, 0, 1], 'G': [1, 1, 1, 1, 1, 1, 1, 1, 1, 0], 'H': [1, 1, 1, 1, 1, 0, 1, 1, 0, 1], 'I': [1, 0, 1, 1, 1, 1, 0, 1, 0, 1], 'J': [1, 1, 0, 1, 0, 1, 1, 1, 1, 1], 'K': [0, 0, 0, 1, 1, 1, 1, 1, 0, 1]}, '东门南侧': {'A': [0, 0, 1, 0, 0, 0, 1, 0, 0, 0], 'B': [0, 0, 0, 0, 0, 0, 0, 0, 0, 0]}, '西门北侧': {'A': [1, 1, 1, 1, 1, 1, 1, 1, 0, 0], 'B': [1, 1, 1, 1, 1, 1, 1, 0, 1, 0], 'C': [1, 1, 1, 1, 0, 1, 1, 1, 1, 0]}, '西门南侧': {'A': [1, 1, 1, 1, 1, 1, 1, 1, 1, 1], 'B': [1, 1, 1, 1, 1, 1, 1, 1, 1, 1], 'C': [1, 1, 0, 1, 1, 1, 1, 1, 0, 1]}, '南门西侧': {'A': [1, 1, 1, 1, 1, 1, 1, 1, 1, 1], 'B': [0, 0, 0, 1, 0, 0, 0, 0, 0, 0]}, '南门东侧': {'A': [1, 1, 0, 1, 1, 1, 1, 1, 1, 1], 'B': [1, 0, 1, 1, 1, 0, 1, 1, 1, 1]}, '北门东北侧': {'A': [1, 1, 1, 1, 1, 1, 1, 1, 1, 1], 'B': [1, 1, 0, 1, 1, 0, 0, 1, 0, 0], 'C': [0, 0, 0, 1, 1, 0, 0, 1, 1, 0], 'D': [0, 1, 1, 1, 1, 0, 1, 0, 0, 1]}, '北门东南侧': {'A': [0, 1, 1, 1, 1, 0, 1, 0, 0, 0], 'B': [0, 1, 0, 0, 0, 0, 1, 0, 1, 0], 'C': [1, 1, 0, 1, 0, 0, 0, 0, 0, 0], 'D': [0, 0, 0, 0, 0, 1, 0, 0, 0, 0], 'E': [0, 1, 0, 1, 0, 1, 1, 1, 0, 0], 'F': [1, 0, 1, 1, 1, 1, 1, 0, 0, 1]}, '橘园北侧南': {'A': [1, 0, 0, 0, 0, 1, 0, 0, 1, 1], 'B': [1, 1, 1, 1, 0, 1, 0, 1, 1, 1], 'C': [1, 1, 1, 1, 0, 1, 1, 0, 0, 1], 'D': [1, 1, 1, 1, 1, 1, 1, 1, 1, 0], 'E': [1, 1, 1, 0, 1, 1, 0, 1, 0, 0], 'F': [0, 0, 0, 0, 0, 1, 0, 1, 0, 0], 'G': [0, 0, 1, 1, 0, 0, 1, 1, 0, 0], 'H': [1, 1, 1, 1, 0, 1, 0, 1, 1, 0], 'I': [0, 1, 0, 1, 0, 1, 1, 0, 1, 0], 'J': [0, 0, 0, 1, 1, 1, 1, 0, 1, 1]}, '校医院西': {'A': [0, 1, 1, 0, 1, 0, 0, 1, 0, 0], 'B': [1, 1, 1, 0, 1, 0, 1, 1, 0, 1], 'C': [0, 1, 0, 1, 1, 0, 1, 1, 0, 1], 'D': [1, 1, 1, 0, 1, 0, 1, 1, 1, 1], 'E': [1, 1, 1, 1, 1, 1, 1, 1, 1, 1], 'F': [0, 0, 1, 1, 1, 1, 1, 1, 1, 1], 'G': [0, 0, 0, 0, 0, 1, 1, 1, 0, 0], 'H': [1, 0, 0, 1, 0, 0, 0, 0, 0, 0], 'I': [1, 0, 0, 0, 0, 0, 0, 0, 0, 0]}}
624013	2024-07-13 17:37:58.489000+08:00	2024-07-13 17:37:58.489000+08:00	{'东门北侧': {'A': [1, 1, 1, 1, 1, 0, 1, 0, 1, 1], 'B': [1, 1, 1, 1, 1, 1, 1, 1, 1, 1], 'C': [0, 1, 1, 0, 1, 0, 1, 0, 1, 1], 'D': [1, 1, 1, 1, 1, 0, 0, 1, 0, 0], 'E': [1, 1, 1, 1, 1, 0, 1, 1, 1, 1], 'F': [1, 1, 1, 1, 1, 1, 1, 1, 0, 1], 'G': [1, 1, 1, 1, 1, 1, 1, 1, 1, 0], 'H': [1, 1, 1, 1, 1, 0, 1, 1, 0, 1], 'I': [1, 0, 1, 1, 1, 1, 0, 1, 0, 1], 'J': [1, 1, 0, 1, 0, 1, 1, 1, 1, 1], 'K': [0, 0, 0, 1, 1, 1, 1, 1, 0, 1]}, '东门南侧': {'A': [0, 0, 1, 0, 0, 0, 1, 0, 0, 0], 'B': [0, 0, 0, 0, 0, 0, 0, 0, 0, 0]}, '西门北侧': {'A': [1, 1, 1, 1, 1, 1, 1, 1, 0, 0], 'B': [1, 1, 1, 1, 1, 1, 1, 0, 1, 0], 'C': [1, 1, 1, 1, 0, 1, 1, 1, 1, 0]}, '西门南侧': {'A': [1, 1, 1, 1, 1, 1, 1, 1, 1, 1], 'B': [1, 1, 1, 1, 1, 1, 1, 1, 1, 1], 'C': [1, 1, 0, 1, 1, 1, 1, 1, 0, 1]}, '南门西侧': {'A': [1, 1, 1, 1, 1, 1, 1, 1, 1, 1], 'B': [0, 0, 0, 1, 0, 0, 0, 0, 0, 0]}, '南门东侧': {'A': [1, 1, 0, 1, 1, 1, 1, 1, 1, 1], 'B': [1, 0, 1, 1, 1, 0, 1, 1, 1, 1]}, '北门东北侧': {'A': [1, 1, 1, 1, 1, 1, 1, 1, 1, 1], 'B': [1, 1, 0, 1, 1, 0, 0, 1, 0, 0], 'C': [0, 0, 0, 1, 1, 0, 0, 1, 1, 0], 'D': [0, 1, 1, 1, 1, 0, 1, 0, 0, 1]}, '北门东南侧': {'A': [0, 1, 1, 1, 1, 0, 1, 0, 0, 0], 'B': [0, 1, 0, 0, 0, 0, 1, 0, 1, 0], 'C': [1, 1, 0, 1, 0, 0, 0, 0, 0, 0], 'D': [0, 0, 0, 0, 0, 1, 0, 0, 0, 0], 'E': [0, 1, 0, 1, 0, 1, 1, 1, 0, 0], 'F': [1, 0, 1, 1, 1, 1, 1, 0, 0, 1]}, '橘园北侧南': {'A': [1, 0, 0, 0, 0, 1, 0, 0, 1, 1], 'B': [1, 1, 1, 1, 0, 1, 0, 1, 1, 1], 'C': [1, 1, 1, 1, 0, 1, 1, 0, 0, 1], 'D': [1, 1, 1, 1, 1, 1, 1, 1, 1, 0], 'E': [1, 1, 1, 0, 1, 1, 0, 1, 0, 0], 'F': [0, 0, 0, 0, 0, 1, 0, 1, 0, 0], 'G': [0, 0, 1, 1, 0, 0, 1, 1, 0, 0], 'H': [1, 1, 1, 1, 0, 1, 0, 1, 1, 0], 'I': [0, 1, 0, 1, 0, 1, 1, 0, 1, 0], 'J': [0, 0, 0, 1, 1, 1, 1, 0, 1, 1]}, '校医院西': {'A': [0, 1, 1, 0, 1, 0, 0, 1, 0, 0], 'B': [1, 1, 1, 0, 1, 0, 1, 1, 0, 1], 'C': [0, 1, 0, 1, 1, 0, 1, 1, 0, 1], 'D': [1, 1, 1, 0, 1, 0, 1, 1, 1, 1], 'E': [1, 1, 1, 1, 1, 1, 1, 1, 1, 1], 'F': [0, 0, 1, 1, 1, 1, 1, 1, 1, 1], 'G': [0, 0, 0, 0, 0, 1, 1, 1, 0, 0], 'H': [1, 0, 0, 1, 0, 0, 0, 0, 0, 0], 'I': [1, 0, 0, 0, 0, 0, 0, 0, 0, 0]}}
624014	2024-07-13 17:39:01.529000+08:00	2024-07-13 17:39:01.529000+08:00	{'东门北侧': {'A': [1, 1, 1, 1, 1, 0, 1, 0, 1, 1], 'B': [1, 1, 1, 1, 1, 1, 1, 1, 1, 1], 'C': [0, 1, 1, 0, 1, 0, 1, 0, 1, 1], 'D': [1, 1, 1, 1, 1, 0, 0, 1, 0, 0], 'E': [1, 1, 1, 1, 1, 0, 1, 1, 1, 1], 'F': [1, 1, 1, 1, 1, 1, 1, 1, 0, 1], 'G': [1, 1, 1, 1, 1, 1, 1, 1, 1, 0], 'H': [1, 1, 1, 1, 1, 0, 1, 1, 0, 1], 'I': [1, 0, 1, 1, 1, 1, 0, 1, 0, 1], 'J': [1, 1, 0, 1, 0, 1, 1, 1, 1, 1], 'K': [0, 0, 0, 1, 1, 1, 1, 1, 0, 1]}, '东门南侧': {'A': [0, 0, 1, 0, 0, 0, 1, 0, 0, 0], 'B': [0, 0, 0, 0, 0, 0, 0, 0, 0, 0]}, '西门北侧': {'A': [1, 1, 1, 1, 1, 1, 1, 1, 0, 0], 'B': [1, 1, 1, 1, 1, 1, 1, 0, 1, 0], 'C': [1, 1, 1, 1, 0, 1, 1, 1, 1, 0]}, '西门南侧': {'A': [1, 1, 1, 1, 1, 1, 1, 1, 1, 1], 'B': [1, 1, 1, 1, 1, 1, 1, 1, 1, 1], 'C': [1, 1, 0, 1, 1, 1, 1, 1, 0, 1]}, '南门西侧': {'A': [1, 1, 1, 1, 1, 1, 1, 1, 1, 1], 'B': [0, 0, 0, 1, 0, 0, 0, 0, 0, 0]}, '南门东侧': {'A': [1, 1, 0, 1, 1, 1, 1, 1, 1, 1], 'B': [1, 0, 1, 1, 1, 0, 1, 1, 1, 1]}, '北门东北侧': {'A': [1, 1, 1, 1, 1, 1, 1, 1, 1, 1], 'B': [1, 1, 0, 1, 1, 0, 0, 1, 0, 0], 'C': [0, 0, 0, 1, 1, 0, 0, 1, 1, 0], 'D': [0, 1, 1, 1, 1, 0, 1, 0, 0, 1]}, '北门东南侧': {'A': [0, 1, 1, 1, 1, 0, 1, 0, 0, 0], 'B': [0, 1, 0, 0, 0, 0, 1, 0, 1, 0], 'C': [1, 1, 0, 1, 0, 0, 0, 0, 0, 0], 'D': [0, 0, 0, 0, 0, 1, 0, 0, 0, 0], 'E': [0, 1, 0, 1, 0, 1, 1, 1, 0, 0], 'F': [1, 0, 1, 1, 1, 1, 1, 0, 0, 1]}, '橘园北侧南': {'A': [1, 0, 0, 0, 0, 1, 0, 0, 1, 1], 'B': [1, 1, 1, 1, 0, 1, 0, 1, 1, 1], 'C': [1, 1, 1, 1, 0, 1, 1, 0, 0, 1], 'D': [1, 1, 1, 1, 1, 1, 1, 1, 1, 0], 'E': [1, 1, 1, 0, 1, 1, 0, 1, 0, 0], 'F': [0, 0, 0, 0, 0, 1, 0, 1, 0, 0], 'G': [0, 0, 1, 1, 0, 0, 1, 1, 0, 0], 'H': [1, 1, 1, 1, 0, 1, 0, 1, 1, 0], 'I': [0, 1, 0, 1, 0, 1, 1, 0, 1, 0], 'J': [0, 0, 0, 1, 1, 1, 1, 0, 1, 1]}, '校医院西': {'A': [0, 1, 1, 0, 1, 0, 0, 1, 0, 0], 'B': [1, 1, 1, 0, 1, 0, 1, 1, 0, 1], 'C': [0, 1, 0, 1, 1, 0, 1, 1, 0, 1], 'D': [1, 1, 1, 0, 1, 0, 1, 1, 1, 1], 'E': [1, 1, 1, 1, 1, 1, 1, 1, 1, 1], 'F': [0, 0, 1, 1, 1, 1, 1, 1, 1, 1], 'G': [0, 0, 0, 0, 0, 1, 1, 1, 0, 0], 'H': [1, 0, 0, 1, 0, 0, 0, 0, 0, 0], 'I': [1, 0, 0, 0, 0, 0, 0, 0, 0, 0]}}
624015	2024-07-13 17:40:00.679000+08:00	2024-07-13 17:40:00.679000+08:00	{'东门北侧': {'A': [1, 1, 1, 1, 1, 0, 1, 0, 1, 1], 'B': [1, 1, 1, 1, 1, 1, 1, 1, 1, 1], 'C': [0, 1, 1, 0, 1, 0, 1, 0, 1, 1], 'D': [1, 1, 1, 1, 1, 0, 0, 1, 0, 0], 'E': [1, 1, 1, 1, 1, 0, 1, 1, 1, 1], 'F': [1, 1, 1, 1, 1, 1, 1, 1, 0, 1], 'G': [1, 1, 1, 1, 1, 1, 1, 1, 1, 0], 'H': [1, 1, 1, 1, 1, 0, 1, 1, 0, 1], 'I': [1, 0, 1, 1, 1, 1, 0, 1, 0, 1], 'J': [1, 1, 0, 1, 0, 1, 1, 1, 1, 1], 'K': [0, 0, 0, 1, 1, 1, 1, 1, 0, 1]}, '东门南侧': {'A': [0, 0, 1, 0, 0, 0, 1, 0, 0, 0], 'B': [0, 0, 0, 0, 0, 0, 0, 0, 0, 0]}, '西门北侧': {'A': [1, 1, 1, 1, 1, 1, 1, 1, 0, 0], 'B': [1, 1, 1, 1, 1, 1, 1, 0, 1, 0], 'C': [1, 1, 1, 1, 0, 1, 1, 1, 1, 0]}, '西门南侧': {'A': [1, 1, 1, 1, 1, 1, 1, 1, 1, 1], 'B': [1, 1, 1, 1, 1, 1, 1, 1, 1, 1], 'C': [1, 1, 0, 1, 1, 1, 1, 1, 0, 1]}, '南门西侧': {'A': [1, 1, 1, 1, 1, 1, 1, 1, 1, 1], 'B': [0, 0, 0, 1, 0, 0, 0, 0, 0, 0]}, '南门东侧': {'A': [1, 1, 0, 1, 1, 1, 1, 1, 1, 1], 'B': [1, 0, 1, 1, 1, 0, 1, 1, 1, 1]}, '北门东北侧': {'A': [1, 1, 1, 1, 1, 1, 1, 1, 1, 1], 'B': [1, 1, 0, 1, 1, 0, 0, 1, 0, 0], 'C': [0, 0, 0, 1, 1, 0, 0, 1, 1, 0], 'D': [0, 1, 1, 1, 1, 0, 1, 0, 0, 1]}, '北门东南侧': {'A': [0, 1, 1, 1, 1, 0, 1, 0, 0, 0], 'B': [0, 1, 0, 0, 0, 0, 1, 0, 1, 0], 'C': [1, 1, 0, 1, 0, 0, 0, 0, 0, 0], 'D': [0, 0, 0, 0, 0, 1, 0, 0, 0, 0], 'E': [0, 1, 0, 1, 0, 1, 1, 1, 0, 0], 'F': [1, 0, 1, 1, 1, 1, 1, 0, 0, 1]}, '橘园北侧南': {'A': [1, 0, 0, 0, 0, 1, 0, 0, 1, 1], 'B': [1, 1, 1, 1, 0, 1, 0, 1, 1, 1], 'C': [1, 1, 1, 1, 0, 1, 1, 0, 0, 1], 'D': [1, 1, 1, 1, 1, 1, 1, 1, 1, 0], 'E': [1, 1, 1, 0, 1, 1, 0, 1, 0, 0], 'F': [0, 0, 0, 0, 0, 1, 0, 1, 0, 0], 'G': [0, 0, 1, 1, 0, 0, 1, 1, 0, 0], 'H': [1, 1, 1, 1, 0, 1, 0, 1, 1, 0], 'I': [0, 1, 0, 1, 0, 1, 1, 0, 1, 0], 'J': [0, 1, 0, 1, 1, 1, 1, 0, 1, 1]}, '校医院西': {'A': [0, 1, 1, 0, 1, 0, 0, 1, 0, 0], 'B': [1, 1, 1, 0, 1, 0, 1, 1, 0, 1], 'C': [0, 1, 0, 1, 1, 0, 1, 1, 0, 1], 'D': [1, 1, 1, 0, 1, 0, 1, 1, 1, 1], 'E': [1, 1, 1, 1, 1, 1, 1, 1, 1, 1], 'F': [0, 0, 1, 1, 1, 1, 1, 1, 1, 1], 'G': [0, 0, 0, 0, 0, 1, 1, 1, 0, 0], 'H': [1, 0, 0, 1, 0, 0, 0, 0, 0, 0], 'I': [1, 0, 0, 0, 0, 0, 0, 0, 0, 0]}}
624016	2024-07-13 17:40:58.618000+08:00	2024-07-13 17:40:58.618000+08:00	{'东门北侧': {'A': [1, 1, 1, 1, 1, 0, 1, 0, 1, 1], 'B': [1, 1, 1, 1, 1, 1, 1, 1, 1, 1], 'C': [0, 1, 1, 0, 1, 0, 1, 0, 1, 1], 'D': [1, 1, 1, 1, 1, 0, 0, 1, 0, 0], 'E': [1, 1, 1, 1, 1, 0, 1, 1, 1, 1], 'F': [1, 1, 1, 1, 1, 1, 1, 1, 0, 1], 'G': [1, 1, 1, 1, 1, 1, 1, 1, 1, 0], 'H': [1, 1, 1, 1, 1, 0, 1, 1, 0, 1], 'I': [1, 0, 1, 1, 1, 1, 0, 1, 0, 1], 'J': [1, 1, 0, 1, 0, 1, 1, 1, 1, 1], 'K': [0, 0, 0, 1, 1, 1, 1, 1, 0, 1]}, '东门南侧': {'A': [0, 0, 1, 0, 0, 0, 1, 0, 0, 0], 'B': [0, 0, 0, 0, 0, 0, 0, 0, 0, 0]}, '西门北侧': {'A': [1, 1, 1, 1, 1, 1, 1, 1, 0, 0], 'B': [1, 1, 1, 1, 1, 1, 1, 0, 1, 0], 'C': [1, 1, 1, 1, 0, 1, 1, 1, 1, 0]}, '西门南侧': {'A': [1, 1, 1, 1, 1, 1, 1, 1, 1, 1], 'B': [1, 1, 1, 1, 1, 1, 1, 1, 1, 1], 'C': [1, 1, 0, 1, 1, 1, 1, 1, 0, 1]}, '南门西侧': {'A': [1, 1, 1, 1, 1, 1, 1, 1, 1, 1], 'B': [0, 0, 0, 1, 0, 0, 0, 0, 0, 0]}, '南门东侧': {'A': [1, 1, 0, 1, 1, 1, 1, 1, 1, 1], 'B': [1, 0, 1, 1, 1, 0, 1, 1, 1, 1]}, '北门东北侧': {'A': [1, 1, 1, 1, 1, 1, 1, 1, 1, 1], 'B': [1, 1, 0, 1, 1, 0, 0, 1, 0, 0], 'C': [0, 0, 0, 1, 1, 0, 0, 1, 1, 0], 'D': [0, 1, 1, 1, 1, 0, 1, 0, 0, 1]}, '北门东南侧': {'A': [0, 1, 1, 1, 1, 0, 1, 0, 0, 0], 'B': [0, 1, 0, 0, 0, 0, 1, 0, 1, 0], 'C': [1, 1, 0, 1, 0, 0, 0, 0, 0, 0], 'D': [0, 0, 0, 0, 0, 1, 0, 0, 0, 0], 'E': [0, 1, 0, 1, 0, 1, 1, 1, 0, 0], 'F': [1, 0, 1, 1, 1, 1, 1, 0, 0, 1]}, '橘园北侧南': {'A': [1, 0, 0, 0, 0, 1, 0, 0, 1, 1], 'B': [1, 1, 1, 1, 0, 1, 0, 1, 1, 1], 'C': [1, 1, 1, 1, 0, 1, 1, 0, 0, 1], 'D': [1, 1, 1, 1, 1, 1, 1, 1, 1, 0], 'E': [1, 1, 1, 0, 1, 1, 0, 1, 0, 0], 'F': [0, 0, 0, 0, 0, 1, 0, 1, 0, 0], 'G': [0, 0, 1, 1, 0, 0, 1, 1, 0, 0], 'H': [1, 1, 1, 1, 0, 1, 0, 1, 1, 0], 'I': [0, 1, 0, 1, 0, 1, 1, 0, 1, 0], 'J': [0, 1, 0, 1, 1, 1, 1, 0, 1, 1]}, '校医院西': {'A': [0, 1, 1, 0, 1, 0, 0, 1, 0, 0], 'B': [1, 1, 1, 0, 1, 0, 1, 1, 0, 1], 'C': [0, 1, 0, 1, 1, 0, 1, 1, 0, 1], 'D': [1, 1, 1, 0, 1, 0, 1, 1, 1, 1], 'E': [1, 1, 1, 1, 1, 1, 1, 1, 1, 1], 'F': [0, 0, 1, 1, 1, 1, 1, 1, 1, 1], 'G': [0, 0, 0, 0, 0, 1, 1, 1, 0, 0], 'H': [1, 0, 0, 1, 0, 0, 0, 0, 0, 0], 'I': [1, 0, 0, 0, 0, 0, 0, 0, 0, 0]}}
624017	2024-07-13 17:42:00.571000+08:00	2024-07-13 17:42:00.571000+08:00	{'东门北侧': {'A': [1, 1, 1, 1, 1, 0, 1, 0, 1, 1], 'B': [1, 1, 1, 1, 1, 1, 1, 1, 1, 1], 'C': [0, 1, 1, 0, 1, 0, 1, 0, 1, 1], 'D': [1, 1, 1, 1, 1, 0, 0, 1, 0, 0], 'E': [1, 1, 1, 1, 1, 0, 1, 1, 1, 1], 'F': [1, 1, 1, 1, 1, 1, 1, 1, 0, 1], 'G': [1, 1, 1, 1, 1, 1, 1, 1, 1, 0], 'H': [1, 1, 1, 1, 1, 0, 1, 1, 0, 1], 'I': [1, 0, 1, 1, 1, 1, 0, 1, 0, 1], 'J': [1, 1, 0, 1, 0, 1, 1, 1, 1, 1], 'K': [0, 0, 0, 1, 1, 1, 1, 1, 0, 1]}, '东门南侧': {'A': [0, 0, 1, 0, 0, 0, 1, 0, 0, 0], 'B': [0, 0, 0, 0, 0, 0, 0, 0, 0, 0]}, '西门北侧': {'A': [1, 1, 1, 1, 1, 1, 1, 1, 0, 0], 'B': [1, 1, 1, 1, 1, 1, 1, 0, 1, 0], 'C': [1, 1, 1, 1, 0, 1, 1, 1, 1, 0]}, '西门南侧': {'A': [1, 1, 1, 1, 1, 1, 1, 1, 1, 1], 'B': [1, 1, 1, 1, 1, 1, 1, 1, 1, 1], 'C': [1, 1, 0, 1, 1, 1, 1, 1, 0, 1]}, '南门西侧': {'A': [1, 1, 1, 1, 1, 1, 1, 1, 1, 1], 'B': [0, 0, 0, 1, 0, 0, 0, 0, 0, 1]}, '南门东侧': {'A': [1, 1, 0, 1, 1, 1, 1, 1, 1, 1], 'B': [1, 0, 1, 1, 1, 0, 1, 1, 1, 1]}, '北门东北侧': {'A': [1, 1, 1, 1, 1, 1, 1, 1, 1, 1], 'B': [1, 1, 0, 1, 1, 0, 0, 1, 0, 0], 'C': [0, 0, 0, 1, 1, 0, 0, 1, 1, 0], 'D': [0, 1, 1, 1, 1, 0, 1, 0, 0, 1]}, '北门东南侧': {'A': [0, 1, 1, 1, 1, 0, 1, 0, 0, 0], 'B': [0, 1, 0, 0, 0, 0, 1, 0, 1, 0], 'C': [1, 1, 0, 1, 0, 0, 0, 0, 0, 0], 'D': [0, 0, 0, 0, 0, 0, 0, 0, 0, 0], 'E': [0, 1, 0, 1, 0, 1, 1, 1, 0, 0], 'F': [1, 0, 1, 1, 1, 1, 1, 0, 0, 1]}, '橘园北侧南': {'A': [1, 0, 0, 0, 0, 1, 0, 0, 1, 1], 'B': [1, 1, 1, 1, 0, 1, 0, 1, 1, 1], 'C': [1, 1, 1, 1, 0, 1, 1, 0, 0, 1], 'D': [1, 1, 1, 1, 1, 1, 1, 1, 1, 0], 'E': [1, 1, 1, 0, 1, 1, 0, 1, 0, 0], 'F': [0, 0, 0, 0, 0, 1, 0, 1, 0, 0], 'G': [0, 0, 1, 1, 0, 0, 1, 1, 0, 0], 'H': [1, 1, 1, 1, 0, 1, 0, 1, 1, 0], 'I': [0, 1, 0, 1, 0, 1, 1, 0, 1, 0], 'J': [0, 1, 0, 1, 1, 1, 1, 0, 1, 1]}, '校医院西': {'A': [0, 1, 1, 0, 1, 0, 0, 1, 0, 0], 'B': [1, 1, 1, 0, 1, 0, 1, 1, 0, 1], 'C': [0, 1, 0, 1, 1, 0, 1, 1, 0, 1], 'D': [1, 1, 1, 0, 1, 0, 1, 1, 1, 1], 'E': [1, 1, 1, 1, 1, 1, 1, 1, 1, 1], 'F': [0, 0, 1, 1, 1, 1, 1, 1, 1, 1], 'G': [0, 0, 0, 0, 0, 1, 1, 1, 0, 0], 'H': [1, 0, 0, 1, 0, 0, 0, 0, 0, 0], 'I': [1, 0, 0, 0, 0, 0, 0, 0, 0, 0]}}
624018	2024-07-13 17:43:01.387000+08:00	2024-07-13 17:43:01.387000+08:00	{'东门北侧': {'A': [1, 1, 1, 1, 1, 0, 1, 0, 1, 1], 'B': [1, 1, 1, 1, 1, 1, 1, 1, 1, 1], 'C': [0, 1, 1, 0, 1, 0, 1, 0, 1, 1], 'D': [1, 1, 1, 1, 1, 0, 0, 1, 0, 0], 'E': [1, 1, 1, 1, 1, 0, 1, 1, 1, 1], 'F': [1, 1, 1, 1, 1, 1, 1, 1, 0, 1], 'G': [1, 1, 1, 1, 1, 1, 1, 1, 1, 0], 'H': [1, 1, 1, 1, 1, 0, 1, 1, 0, 1], 'I': [1, 0, 1, 1, 1, 1, 0, 1, 0, 1], 'J': [1, 1, 0, 1, 0, 1, 1, 1, 1, 1], 'K': [0, 0, 0, 1, 1, 1, 1, 1, 0, 1]}, '东门南侧': {'A': [0, 0, 1, 0, 0, 0, 1, 0, 0, 0], 'B': [0, 0, 0, 0, 0, 0, 0, 0, 0, 0]}, '西门北侧': {'A': [1, 1, 1, 1, 1, 1, 1, 1, 0, 0], 'B': [1, 1, 1, 1, 1, 1, 1, 0, 1, 0], 'C': [1, 1, 1, 1, 0, 1, 1, 1, 1, 0]}, '西门南侧': {'A': [1, 1, 1, 1, 1, 1, 1, 1, 1, 1], 'B': [1, 1, 1, 1, 1, 1, 1, 1, 1, 1], 'C': [1, 1, 0, 1, 1, 1, 1, 1, 0, 1]}, '南门西侧': {'A': [1, 1, 1, 1, 1, 1, 1, 1, 1, 1], 'B': [0, 0, 0, 1, 0, 0, 0, 0, 0, 1]}, '南门东侧': {'A': [1, 1, 0, 1, 1, 1, 1, 1, 1, 1], 'B': [1, 0, 1, 1, 1, 0, 1, 1, 1, 1]}, '北门东北侧': {'A': [1, 1, 1, 1, 1, 1, 1, 1, 1, 1], 'B': [1, 1, 0, 1, 1, 0, 0, 1, 0, 0], 'C': [0, 0, 0, 1, 1, 0, 0, 1, 1, 0], 'D': [0, 1, 1, 1, 1, 0, 1, 0, 0, 1]}, '北门东南侧': {'A': [0, 1, 1, 1, 1, 0, 1, 0, 0, 0], 'B': [0, 1, 0, 0, 0, 0, 1, 0, 1, 0], 'C': [1, 1, 0, 1, 0, 0, 0, 0, 0, 0], 'D': [0, 0, 0, 0, 0, 0, 0, 0, 0, 0], 'E': [0, 1, 0, 1, 0, 1, 1, 1, 0, 0], 'F': [1, 0, 1, 1, 1, 1, 1, 0, 0, 1]}, '橘园北侧南': {'A': [1, 0, 0, 0, 0, 1, 0, 0, 1, 1], 'B': [1, 1, 1, 1, 0, 1, 0, 1, 1, 1], 'C': [1, 1, 1, 1, 0, 1, 1, 0, 0, 1], 'D': [1, 1, 1, 1, 1, 1, 1, 1, 1, 0], 'E': [1, 1, 1, 0, 1, 1, 0, 1, 0, 0], 'F': [0, 0, 0, 0, 0, 1, 0, 1, 0, 0], 'G': [0, 0, 1, 1, 0, 0, 1, 1, 0, 0], 'H': [1, 1, 1, 1, 0, 1, 0, 1, 1, 0], 'I': [0, 1, 0, 1, 0, 1, 1, 0, 1, 0], 'J': [0, 1, 0, 1, 1, 1, 1, 0, 1, 1]}, '校医院西': {'A': [0, 1, 1, 0, 1, 0, 0, 1, 0, 0], 'B': [1, 1, 1, 0, 1, 0, 1, 1, 0, 1], 'C': [0, 1, 0, 1, 1, 0, 1, 1, 0, 1], 'D': [1, 1, 1, 0, 1, 0, 1, 1, 1, 1], 'E': [1, 1, 1, 1, 1, 1, 1, 1, 1, 1], 'F': [0, 0, 1, 1, 1, 1, 1, 1, 1, 1], 'G': [0, 0, 0, 0, 0, 1, 1, 1, 0, 0], 'H': [1, 0, 0, 1, 0, 0, 0, 0, 0, 0], 'I': [1, 0, 0, 0, 0, 0, 0, 0, 0, 0]}}
624019	2024-07-13 17:44:00.704000+08:00	2024-07-13 17:44:00.704000+08:00	{'东门北侧': {'A': [1, 1, 1, 1, 1, 0, 1, 0, 1, 1], 'B': [1, 1, 1, 1, 1, 1, 1, 1, 1, 1], 'C': [0, 1, 1, 0, 1, 0, 1, 0, 1, 1], 'D': [1, 1, 1, 1, 1, 0, 0, 1, 0, 0], 'E': [1, 1, 1, 1, 1, 0, 1, 1, 1, 1], 'F': [1, 1, 1, 1, 1, 1, 1, 1, 0, 1], 'G': [1, 1, 1, 1, 1, 1, 1, 1, 1, 0], 'H': [1, 1, 1, 1, 1, 0, 1, 1, 0, 1], 'I': [1, 0, 1, 1, 1, 1, 0, 1, 0, 1], 'J': [1, 1, 0, 1, 0, 1, 1, 1, 1, 1], 'K': [0, 0, 0, 1, 1, 1, 1, 1, 0, 1]}, '东门南侧': {'A': [0, 0, 1, 0, 0, 0, 1, 0, 0, 0], 'B': [0, 0, 0, 0, 0, 0, 0, 0, 0, 0]}, '西门北侧': {'A': [1, 1, 1, 1, 1, 1, 1, 1, 0, 0], 'B': [1, 1, 1, 1, 1, 1, 1, 0, 1, 0], 'C': [1, 1, 1, 1, 0, 1, 1, 1, 1, 0]}, '西门南侧': {'A': [1, 1, 1, 1, 1, 1, 1, 1, 1, 1], 'B': [1, 1, 1, 1, 1, 1, 1, 1, 1, 1], 'C': [1, 1, 0, 1, 1, 1, 1, 1, 0, 1]}, '南门西侧': {'A': [1, 1, 1, 1, 1, 1, 1, 1, 1, 1], 'B': [0, 0, 0, 1, 0, 0, 0, 0, 0, 1]}, '南门东侧': {'A': [1, 1, 0, 1, 1, 1, 1, 1, 1, 1], 'B': [1, 0, 1, 1, 1, 0, 1, 1, 1, 1]}, '北门东北侧': {'A': [1, 1, 1, 1, 1, 1, 1, 1, 1, 1], 'B': [1, 1, 0, 1, 1, 0, 0, 1, 0, 0], 'C': [0, 0, 0, 1, 1, 0, 0, 1, 1, 0], 'D': [0, 1, 1, 1, 1, 0, 1, 0, 0, 1]}, '北门东南侧': {'A': [0, 1, 1, 1, 1, 0, 1, 0, 0, 0], 'B': [0, 1, 0, 0, 0, 0, 1, 0, 1, 0], 'C': [1, 1, 0, 1, 0, 0, 0, 0, 0, 0], 'D': [0, 1, 0, 0, 0, 0, 0, 0, 0, 0], 'E': [0, 1, 0, 1, 0, 1, 1, 1, 0, 0], 'F': [1, 0, 1, 1, 1, 1, 1, 0, 0, 1]}, '橘园北侧南': {'A': [1, 0, 0, 0, 0, 1, 0, 0, 1, 1], 'B': [1, 1, 1, 1, 0, 1, 0, 1, 1, 1], 'C': [1, 1, 1, 1, 0, 1, 1, 0, 0, 1], 'D': [1, 1, 1, 1, 1, 1, 1, 1, 1, 0], 'E': [1, 1, 1, 0, 1, 1, 0, 1, 0, 0], 'F': [0, 0, 0, 0, 0, 1, 0, 1, 0, 0], 'G': [0, 0, 1, 1, 0, 0, 1, 1, 0, 0], 'H': [1, 1, 1, 1, 0, 1, 0, 1, 1, 0], 'I': [0, 1, 0, 1, 0, 1, 1, 0, 1, 0], 'J': [0, 1, 0, 1, 1, 1, 1, 0, 1, 1]}, '校医院西': {'A': [0, 1, 1, 0, 1, 0, 0, 1, 0, 0], 'B': [1, 1, 1, 0, 1, 0, 1, 1, 0, 1], 'C': [0, 1, 0, 1, 1, 0, 1, 1, 0, 1], 'D': [1, 1, 1, 0, 1, 0, 1, 1, 1, 1], 'E': [1, 1, 1, 1, 1, 1, 1, 1, 1, 1], 'F': [0, 0, 1, 1, 1, 1, 1, 1, 1, 1], 'G': [0, 0, 0, 0, 0, 1, 1, 1, 0, 0], 'H': [1, 0, 0, 0, 0, 0, 0, 0, 0, 0], 'I': [1, 0, 0, 0, 0, 0, 0, 0, 0, 0]}}
624020	2024-07-13 17:44:58.526000+08:00	2024-07-13 17:44:58.526000+08:00	{'东门北侧': {'A': [1, 1, 1, 1, 1, 0, 1, 0, 1, 1], 'B': [1, 1, 1, 1, 1, 1, 1, 1, 1, 1], 'C': [0, 1, 1, 0, 1, 0, 1, 0, 1, 1], 'D': [1, 1, 1, 1, 1, 0, 0, 1, 0, 0], 'E': [1, 1, 1, 1, 1, 0, 1, 1, 1, 1], 'F': [1, 1, 1, 1, 1, 1, 1, 1, 0, 1], 'G': [1, 1, 1, 1, 1, 1, 1, 1, 1, 0], 'H': [1, 1, 1, 1, 1, 0, 1, 1, 0, 1], 'I': [1, 0, 1, 1, 1, 1, 0, 1, 0, 1], 'J': [1, 1, 0, 1, 0, 1, 1, 1, 1, 1], 'K': [0, 0, 0, 1, 1, 1, 1, 1, 0, 1]}, '东门南侧': {'A': [0, 0, 1, 0, 0, 0, 1, 0, 0, 0], 'B': [0, 0, 0, 0, 0, 0, 0, 0, 0, 0]}, '西门北侧': {'A': [1, 1, 1, 1, 1, 1, 1, 1, 0, 0], 'B': [1, 1, 1, 1, 1, 1, 1, 0, 1, 0], 'C': [1, 1, 1, 1, 0, 1, 1, 1, 1, 0]}, '西门南侧': {'A': [1, 1, 1, 1, 1, 1, 1, 1, 1, 1], 'B': [1, 1, 1, 1, 1, 1, 1, 1, 1, 1], 'C': [1, 1, 0, 1, 1, 1, 1, 1, 0, 1]}, '南门西侧': {'A': [1, 1, 1, 1, 1, 1, 1, 1, 1, 1], 'B': [0, 0, 0, 1, 0, 0, 0, 0, 0, 1]}, '南门东侧': {'A': [1, 1, 0, 1, 1, 1, 1, 1, 1, 1], 'B': [1, 0, 1, 1, 1, 0, 1, 1, 1, 1]}, '北门东北侧': {'A': [1, 1, 1, 1, 1, 1, 1, 1, 1, 1], 'B': [1, 1, 0, 1, 1, 0, 0, 1, 0, 0], 'C': [0, 0, 0, 1, 1, 0, 0, 1, 1, 0], 'D': [0, 1, 1, 1, 1, 0, 1, 0, 0, 1]}, '北门东南侧': {'A': [0, 1, 1, 1, 1, 0, 1, 0, 0, 0], 'B': [0, 1, 0, 0, 0, 0, 1, 0, 1, 0], 'C': [1, 1, 0, 1, 0, 0, 0, 0, 0, 0], 'D': [0, 1, 0, 0, 0, 0, 0, 0, 0, 0], 'E': [0, 1, 0, 1, 0, 1, 1, 1, 0, 0], 'F': [1, 0, 1, 1, 1, 1, 1, 0, 0, 1]}, '橘园北侧南': {'A': [1, 0, 0, 0, 0, 1, 0, 0, 1, 1], 'B': [1, 1, 1, 1, 0, 1, 0, 1, 1, 1], 'C': [1, 1, 1, 1, 0, 1, 1, 0, 0, 0], 'D': [1, 1, 1, 1, 1, 1, 1, 1, 1, 0], 'E': [1, 1, 1, 0, 1, 1, 0, 1, 0, 0], 'F': [0, 0, 0, 0, 0, 1, 0, 1, 0, 0], 'G': [0, 0, 1, 1, 0, 0, 1, 1, 0, 0], 'H': [1, 1, 1, 1, 0, 1, 1, 1, 1, 0], 'I': [0, 1, 0, 1, 0, 1, 1, 0, 1, 0], 'J': [0, 1, 0, 1, 1, 1, 1, 0, 1, 1]}, '校医院西': {'A': [0, 1, 1, 0, 1, 0, 0, 1, 0, 0], 'B': [1, 1, 1, 0, 1, 0, 1, 1, 0, 1], 'C': [0, 1, 0, 1, 1, 0, 1, 1, 0, 1], 'D': [1, 1, 1, 0, 1, 0, 1, 1, 1, 1], 'E': [1, 1, 1, 1, 1, 1, 1, 1, 1, 1], 'F': [0, 0, 1, 1, 1, 1, 1, 1, 1, 1], 'G': [0, 0, 0, 0, 0, 1, 1, 1, 0, 0], 'H': [0, 0, 0, 0, 0, 0, 0, 0, 0, 0], 'I': [1, 0, 0, 0, 0, 0, 0, 0, 0, 0]}}
624021	2024-07-13 17:46:00.443000+08:00	2024-07-13 17:46:00.443000+08:00	{'东门北侧': {'A': [1, 1, 1, 1, 1, 0, 1, 0, 1, 1], 'B': [1, 1, 1, 1, 1, 1, 1, 1, 1, 1], 'C': [0, 1, 1, 0, 1, 0, 1, 0, 1, 1], 'D': [1, 1, 1, 1, 1, 0, 0, 1, 0, 0], 'E': [1, 1, 1, 1, 1, 0, 1, 1, 1, 1], 'F': [1, 1, 1, 1, 1, 1, 1, 1, 0, 1], 'G': [1, 1, 1, 1, 1, 1, 1, 1, 1, 0], 'H': [1, 1, 1, 1, 1, 0, 1, 1, 0, 1], 'I': [1, 0, 1, 1, 1, 1, 0, 1, 0, 1], 'J': [1, 1, 0, 1, 0, 1, 1, 1, 1, 1], 'K': [0, 0, 0, 1, 1, 1, 1, 1, 0, 1]}, '东门南侧': {'A': [0, 0, 1, 0, 0, 0, 1, 0, 0, 0], 'B': [0, 0, 0, 0, 0, 0, 0, 0, 0, 0]}, '西门北侧': {'A': [1, 1, 1, 1, 1, 1, 1, 1, 0, 0], 'B': [1, 1, 1, 1, 1, 1, 1, 0, 1, 0], 'C': [1, 1, 1, 1, 0, 1, 1, 1, 1, 0]}, '西门南侧': {'A': [1, 1, 1, 1, 1, 1, 1, 1, 1, 1], 'B': [1, 1, 1, 1, 1, 1, 1, 1, 1, 1], 'C': [1, 1, 0, 1, 1, 1, 1, 1, 0, 1]}, '南门西侧': {'A': [1, 1, 1, 1, 1, 1, 1, 1, 1, 1], 'B': [0, 0, 0, 1, 0, 0, 0, 0, 0, 1]}, '南门东侧': {'A': [1, 1, 0, 1, 1, 1, 1, 1, 1, 1], 'B': [1, 0, 1, 1, 1, 0, 1, 1, 1, 1]}, '北门东北侧': {'A': [1, 1, 1, 1, 1, 1, 1, 1, 1, 1], 'B': [1, 1, 0, 1, 1, 0, 0, 1, 0, 0], 'C': [0, 0, 0, 1, 1, 0, 0, 1, 1, 0], 'D': [0, 1, 1, 1, 1, 0, 1, 0, 0, 1]}, '北门东南侧': {'A': [0, 1, 1, 1, 1, 0, 1, 0, 0, 0], 'B': [0, 1, 0, 0, 0, 0, 1, 0, 1, 0], 'C': [1, 1, 0, 1, 0, 0, 0, 0, 0, 0], 'D': [0, 1, 0, 0, 0, 0, 0, 0, 0, 0], 'E': [0, 1, 0, 1, 0, 1, 1, 1, 0, 0], 'F': [1, 0, 1, 1, 1, 1, 1, 0, 0, 1]}, '橘园北侧南': {'A': [1, 0, 0, 0, 0, 1, 0, 0, 1, 1], 'B': [1, 1, 1, 1, 0, 1, 0, 1, 1, 1], 'C': [1, 1, 1, 1, 0, 1, 1, 0, 0, 0], 'D': [1, 1, 1, 1, 1, 1, 1, 1, 1, 0], 'E': [1, 1, 1, 0, 1, 1, 0, 1, 0, 0], 'F': [0, 0, 0, 0, 0, 1, 0, 1, 0, 0], 'G': [0, 0, 1, 1, 0, 0, 1, 1, 0, 0], 'H': [1, 1, 1, 1, 0, 1, 1, 1, 1, 0], 'I': [0, 1, 0, 1, 0, 1, 1, 0, 1, 0], 'J': [0, 1, 0, 1, 1, 1, 1, 0, 1, 1]}, '校医院西': {'A': [0, 1, 1, 0, 1, 0, 0, 1, 0, 0], 'B': [1, 1, 1, 0, 1, 0, 1, 1, 0, 1], 'C': [0, 1, 0, 1, 1, 0, 1, 1, 0, 1], 'D': [1, 1, 1, 0, 1, 0, 1, 1, 1, 1], 'E': [1, 1, 1, 1, 1, 1, 1, 1, 1, 1], 'F': [0, 0, 1, 1, 1, 1, 1, 1, 1, 1], 'G': [0, 0, 0, 0, 0, 1, 1, 1, 0, 0], 'H': [0, 0, 0, 0, 0, 0, 0, 0, 0, 0], 'I': [1, 0, 0, 0, 0, 0, 0, 0, 0, 0]}}
624022	2024-07-13 17:46:59.880000+08:00	2024-07-13 17:46:59.880000+08:00	{'东门北侧': {'A': [1, 1, 1, 1, 1, 0, 1, 0, 1, 1], 'B': [1, 1, 1, 1, 1, 1, 1, 1, 1, 1], 'C': [0, 1, 1, 0, 1, 0, 1, 0, 1, 1], 'D': [1, 1, 1, 1, 1, 0, 0, 1, 0, 0], 'E': [1, 1, 1, 1, 1, 0, 1, 1, 1, 1], 'F': [1, 1, 1, 1, 1, 1, 1, 1, 0, 1], 'G': [1, 1, 1, 1, 1, 1, 1, 1, 1, 0], 'H': [1, 1, 1, 1, 1, 0, 1, 1, 0, 1], 'I': [1, 0, 1, 1, 1, 1, 0, 1, 0, 1], 'J': [1, 1, 0, 1, 0, 1, 1, 1, 1, 1], 'K': [0, 0, 0, 1, 1, 1, 1, 1, 0, 1]}, '东门南侧': {'A': [0, 0, 1, 0, 0, 0, 1, 0, 0, 0], 'B': [0, 0, 0, 0, 0, 0, 0, 0, 0, 0]}, '西门北侧': {'A': [1, 1, 1, 1, 1, 1, 1, 1, 0, 0], 'B': [1, 1, 1, 1, 1, 1, 1, 0, 1, 0], 'C': [1, 1, 1, 1, 0, 1, 1, 1, 1, 0]}, '西门南侧': {'A': [1, 1, 1, 1, 1, 1, 1, 1, 1, 1], 'B': [1, 1, 1, 1, 1, 1, 1, 1, 1, 1], 'C': [1, 1, 0, 1, 1, 1, 1, 1, 0, 1]}, '南门西侧': {'A': [1, 1, 1, 1, 1, 1, 1, 1, 1, 1], 'B': [0, 0, 0, 1, 0, 0, 0, 0, 0, 1]}, '南门东侧': {'A': [1, 1, 0, 1, 1, 1, 1, 1, 1, 1], 'B': [1, 0, 1, 1, 1, 1, 1, 1, 1, 1]}, '北门东北侧': {'A': [1, 1, 1, 1, 1, 1, 1, 1, 1, 1], 'B': [1, 1, 0, 1, 1, 0, 0, 1, 0, 0], 'C': [0, 0, 0, 1, 1, 0, 0, 1, 1, 0], 'D': [0, 1, 1, 1, 1, 0, 1, 0, 0, 1]}, '北门东南侧': {'A': [0, 1, 1, 1, 1, 0, 1, 0, 0, 0], 'B': [0, 1, 0, 0, 0, 0, 1, 0, 1, 0], 'C': [1, 1, 0, 1, 0, 0, 0, 0, 0, 0], 'D': [0, 1, 0, 0, 0, 0, 0, 0, 0, 0], 'E': [0, 1, 0, 1, 0, 1, 1, 1, 0, 0], 'F': [1, 0, 1, 1, 1, 1, 1, 0, 0, 1]}, '橘园北侧南': {'A': [1, 0, 0, 0, 0, 1, 0, 0, 1, 1], 'B': [1, 1, 1, 1, 0, 1, 0, 1, 1, 1], 'C': [1, 1, 1, 1, 0, 1, 1, 0, 0, 0], 'D': [1, 1, 1, 1, 1, 1, 1, 1, 1, 0], 'E': [1, 1, 1, 0, 1, 1, 0, 1, 0, 0], 'F': [0, 0, 0, 0, 0, 1, 0, 1, 0, 0], 'G': [0, 0, 1, 1, 0, 0, 1, 1, 0, 0], 'H': [1, 1, 1, 1, 0, 1, 1, 1, 1, 0], 'I': [0, 1, 0, 1, 0, 1, 1, 0, 1, 0], 'J': [0, 1, 0, 1, 1, 1, 1, 0, 1, 1]}, '校医院西': {'A': [0, 1, 1, 0, 1, 0, 0, 1, 0, 0], 'B': [1, 1, 1, 0, 1, 0, 1, 1, 0, 1], 'C': [0, 1, 0, 1, 1, 0, 1, 1, 0, 1], 'D': [1, 1, 1, 0, 1, 0, 1, 1, 1, 1], 'E': [1, 1, 1, 1, 1, 1, 1, 1, 1, 1], 'F': [0, 0, 1, 1, 1, 1, 1, 1, 1, 1], 'G': [0, 0, 0, 0, 0, 1, 1, 1, 0, 0], 'H': [0, 0, 0, 0, 0, 0, 0, 0, 0, 0], 'I': [1, 0, 0, 0, 0, 0, 0, 0, 0, 0]}}
624023	2024-07-13 17:47:59.992000+08:00	2024-07-13 17:47:59.992000+08:00	{'东门北侧': {'A': [1, 1, 1, 1, 1, 0, 1, 0, 1, 1], 'B': [1, 1, 1, 1, 1, 1, 1, 1, 1, 1], 'C': [0, 1, 1, 0, 1, 0, 1, 0, 1, 1], 'D': [1, 1, 1, 1, 1, 0, 0, 1, 0, 0], 'E': [1, 1, 1, 1, 1, 0, 1, 1, 1, 1], 'F': [1, 1, 1, 1, 1, 1, 1, 1, 0, 1], 'G': [1, 1, 1, 1, 1, 1, 1, 1, 1, 0], 'H': [1, 1, 1, 1, 1, 0, 1, 1, 0, 1], 'I': [1, 0, 1, 1, 1, 1, 0, 1, 0, 1], 'J': [1, 1, 0, 1, 0, 1, 1, 1, 1, 1], 'K': [0, 0, 0, 1, 1, 1, 1, 1, 0, 0]}, '东门南侧': {'A': [0, 0, 1, 0, 0, 0, 1, 0, 0, 0], 'B': [0, 0, 0, 0, 0, 0, 0, 0, 0, 0]}, '西门北侧': {'A': [1, 1, 1, 1, 1, 1, 1, 1, 0, 0], 'B': [1, 1, 1, 1, 1, 1, 1, 0, 1, 0], 'C': [1, 1, 1, 1, 0, 1, 1, 1, 1, 0]}, '西门南侧': {'A': [1, 1, 1, 1, 1, 1, 1, 1, 1, 1], 'B': [1, 1, 1, 1, 1, 1, 1, 1, 1, 1], 'C': [1, 1, 0, 1, 1, 1, 1, 1, 0, 1]}, '南门西侧': {'A': [1, 1, 1, 1, 1, 1, 1, 1, 1, 1], 'B': [0, 0, 0, 1, 0, 0, 0, 0, 0, 1]}, '南门东侧': {'A': [1, 1, 0, 1, 1, 1, 1, 1, 1, 1], 'B': [1, 0, 1, 1, 1, 1, 1, 1, 1, 1]}, '北门东北侧': {'A': [1, 1, 1, 1, 1, 1, 1, 1, 1, 1], 'B': [1, 1, 0, 1, 1, 0, 0, 1, 0, 0], 'C': [0, 0, 0, 1, 1, 0, 0, 1, 1, 0], 'D': [0, 1, 1, 1, 1, 0, 1, 0, 0, 1]}, '北门东南侧': {'A': [0, 1, 1, 1, 1, 0, 1, 0, 0, 0], 'B': [0, 1, 0, 0, 0, 0, 1, 0, 1, 0], 'C': [1, 1, 0, 1, 0, 0, 0, 0, 0, 0], 'D': [0, 1, 0, 0, 0, 0, 0, 0, 0, 0], 'E': [0, 1, 0, 1, 0, 1, 1, 1, 0, 0], 'F': [1, 0, 1, 1, 1, 1, 1, 0, 0, 1]}, '橘园北侧南': {'A': [1, 0, 0, 0, 0, 1, 0, 0, 1, 1], 'B': [1, 1, 1, 1, 0, 1, 0, 1, 1, 1], 'C': [1, 1, 1, 1, 0, 1, 1, 0, 0, 0], 'D': [1, 1, 1, 1, 1, 1, 1, 1, 1, 0], 'E': [1, 1, 1, 0, 1, 1, 0, 1, 0, 0], 'F': [0, 0, 0, 0, 0, 1, 0, 1, 0, 0], 'G': [0, 0, 1, 1, 0, 0, 1, 1, 0, 0], 'H': [1, 1, 1, 1, 0, 1, 1, 1, 1, 0], 'I': [0, 1, 0, 1, 0, 1, 1, 0, 1, 0], 'J': [0, 1, 0, 1, 1, 1, 1, 0, 1, 1]}, '校医院西': {'A': [0, 1, 1, 0, 1, 0, 0, 1, 0, 0], 'B': [1, 1, 1, 0, 1, 0, 1, 1, 0, 1], 'C': [0, 1, 0, 1, 1, 0, 1, 1, 0, 1], 'D': [1, 1, 1, 0, 1, 0, 1, 1, 1, 1], 'E': [1, 1, 1, 1, 1, 1, 1, 1, 1, 1], 'F': [1, 0, 1, 1, 1, 1, 1, 1, 1, 1], 'G': [0, 0, 0, 0, 0, 1, 1, 1, 0, 0], 'H': [0, 0, 0, 0, 0, 0, 0, 0, 0, 0], 'I': [1, 0, 0, 0, 0, 0, 0, 0, 0, 0]}}
624024	2024-07-13 17:48:58.513000+08:00	2024-07-13 17:48:58.513000+08:00	{'东门北侧': {'A': [1, 1, 1, 1, 1, 0, 1, 0, 1, 1], 'B': [1, 1, 1, 1, 1, 1, 1, 1, 1, 1], 'C': [0, 1, 1, 0, 1, 0, 1, 0, 1, 1], 'D': [1, 1, 1, 1, 1, 0, 0, 1, 0, 0], 'E': [1, 1, 1, 1, 1, 0, 1, 1, 1, 1], 'F': [1, 1, 1, 1, 1, 1, 1, 1, 0, 1], 'G': [1, 1, 1, 1, 1, 1, 1, 1, 1, 0], 'H': [1, 1, 1, 1, 1, 0, 1, 1, 0, 1], 'I': [1, 0, 1, 1, 1, 1, 0, 1, 0, 1], 'J': [1, 1, 0, 1, 0, 1, 1, 1, 1, 1], 'K': [0, 0, 0, 1, 1, 1, 1, 1, 0, 0]}, '东门南侧': {'A': [0, 0, 1, 0, 0, 0, 1, 0, 0, 0], 'B': [0, 0, 0, 0, 0, 0, 0, 0, 0, 0]}, '西门北侧': {'A': [1, 1, 1, 1, 1, 1, 1, 1, 0, 0], 'B': [1, 1, 1, 1, 1, 1, 1, 0, 1, 0], 'C': [1, 1, 1, 1, 0, 1, 1, 1, 1, 0]}, '西门南侧': {'A': [1, 1, 1, 1, 1, 1, 1, 1, 1, 1], 'B': [1, 1, 1, 1, 1, 1, 1, 1, 1, 1], 'C': [1, 1, 0, 1, 1, 1, 1, 1, 0, 1]}, '南门西侧': {'A': [1, 1, 1, 1, 1, 1, 1, 1, 1, 1], 'B': [0, 0, 0, 1, 0, 0, 0, 0, 0, 1]}, '南门东侧': {'A': [1, 1, 0, 1, 1, 1, 1, 1, 1, 1], 'B': [1, 0, 1, 1, 1, 1, 1, 1, 1, 1]}, '北门东北侧': {'A': [1, 1, 1, 1, 1, 1, 1, 1, 1, 1], 'B': [1, 1, 0, 1, 1, 0, 0, 1, 0, 0], 'C': [0, 0, 0, 1, 1, 0, 0, 1, 1, 0], 'D': [0, 1, 1, 1, 1, 0, 1, 0, 0, 1]}, '北门东南侧': {'A': [0, 1, 1, 1, 1, 0, 1, 0, 0, 0], 'B': [0, 1, 0, 0, 0, 0, 1, 0, 1, 0], 'C': [1, 1, 0, 1, 0, 0, 0, 0, 0, 0], 'D': [0, 1, 0, 0, 0, 0, 0, 0, 0, 0], 'E': [0, 1, 0, 1, 0, 1, 1, 1, 0, 0], 'F': [1, 0, 1, 1, 1, 1, 1, 0, 0, 1]}, '橘园北侧南': {'A': [1, 0, 0, 0, 0, 1, 0, 0, 1, 1], 'B': [1, 1, 1, 1, 0, 1, 0, 1, 1, 1], 'C': [1, 1, 1, 1, 0, 1, 1, 0, 0, 0], 'D': [1, 1, 1, 1, 1, 1, 1, 1, 1, 0], 'E': [1, 1, 1, 0, 1, 1, 0, 1, 0, 0], 'F': [0, 0, 0, 0, 0, 1, 0, 1, 0, 0], 'G': [0, 0, 1, 1, 0, 0, 1, 1, 0, 1], 'H': [1, 1, 1, 1, 0, 1, 1, 1, 1, 0], 'I': [0, 1, 0, 1, 0, 1, 1, 0, 1, 0], 'J': [0, 1, 0, 1, 1, 1, 1, 0, 1, 1]}, '校医院西': {'A': [0, 1, 1, 0, 1, 0, 0, 1, 0, 0], 'B': [1, 1, 1, 0, 1, 0, 1, 1, 0, 1], 'C': [0, 1, 0, 1, 1, 0, 1, 1, 0, 1], 'D': [1, 1, 1, 0, 1, 0, 1, 1, 1, 1], 'E': [1, 1, 1, 1, 1, 1, 1, 1, 1, 1], 'F': [1, 0, 1, 1, 1, 1, 1, 1, 1, 1], 'G': [0, 0, 0, 0, 0, 1, 1, 1, 0, 0], 'H': [0, 0, 0, 0, 0, 0, 0, 0, 0, 0], 'I': [1, 0, 0, 0, 0, 0, 0, 0, 0, 0]}}
624025	2024-07-13 17:49:58.479000+08:00	2024-07-13 17:49:58.479000+08:00	{'东门北侧': {'A': [1, 1, 1, 1, 1, 0, 1, 0, 1, 1], 'B': [1, 1, 1, 1, 1, 1, 1, 1, 1, 1], 'C': [0, 1, 1, 0, 1, 0, 1, 0, 1, 1], 'D': [1, 1, 1, 1, 1, 0, 0, 1, 0, 0], 'E': [1, 1, 1, 1, 1, 0, 1, 1, 1, 1], 'F': [1, 1, 1, 1, 1, 1, 1, 1, 0, 1], 'G': [1, 1, 1, 1, 1, 1, 1, 1, 1, 0], 'H': [1, 1, 1, 1, 1, 0, 1, 1, 0, 1], 'I': [1, 0, 1, 1, 1, 1, 0, 1, 0, 1], 'J': [1, 1, 0, 1, 0, 1, 1, 1, 1, 1], 'K': [0, 0, 0, 1, 1, 1, 1, 1, 0, 0]}, '东门南侧': {'A': [0, 0, 1, 0, 0, 0, 1, 0, 0, 0], 'B': [0, 0, 0, 0, 0, 0, 0, 0, 0, 0]}, '西门北侧': {'A': [1, 1, 1, 1, 1, 1, 1, 1, 0, 0], 'B': [1, 1, 1, 1, 1, 1, 1, 0, 1, 0], 'C': [1, 1, 1, 1, 0, 1, 1, 1, 1, 0]}, '西门南侧': {'A': [1, 1, 1, 1, 1, 1, 1, 1, 1, 1], 'B': [1, 1, 1, 1, 1, 1, 1, 1, 1, 1], 'C': [1, 1, 0, 1, 1, 1, 1, 1, 0, 1]}, '南门西侧': {'A': [1, 1, 1, 1, 1, 1, 1, 1, 1, 1], 'B': [0, 0, 0, 1, 0, 0, 0, 0, 0, 1]}, '南门东侧': {'A': [1, 1, 0, 1, 1, 1, 1, 1, 1, 1], 'B': [1, 0, 1, 1, 1, 1, 1, 1, 1, 1]}, '北门东北侧': {'A': [1, 1, 1, 1, 1, 1, 1, 1, 1, 1], 'B': [1, 1, 0, 1, 1, 0, 0, 1, 0, 0], 'C': [0, 0, 0, 1, 1, 0, 0, 1, 1, 0], 'D': [0, 1, 1, 1, 1, 0, 1, 0, 0, 1]}, '北门东南侧': {'A': [0, 1, 1, 1, 1, 0, 1, 0, 0, 0], 'B': [0, 1, 0, 0, 0, 0, 1, 0, 1, 0], 'C': [1, 1, 0, 1, 0, 0, 0, 0, 0, 0], 'D': [0, 1, 0, 0, 0, 0, 0, 0, 0, 0], 'E': [0, 1, 0, 1, 0, 1, 1, 1, 0, 0], 'F': [1, 0, 1, 1, 1, 1, 1, 0, 0, 1]}, '橘园北侧南': {'A': [1, 0, 0, 0, 0, 1, 0, 0, 1, 1], 'B': [1, 1, 1, 1, 0, 1, 0, 1, 1, 1], 'C': [1, 1, 1, 1, 0, 1, 1, 0, 0, 0], 'D': [1, 1, 1, 1, 1, 1, 1, 1, 1, 0], 'E': [1, 1, 1, 0, 1, 1, 0, 1, 0, 0], 'F': [0, 0, 0, 0, 0, 1, 0, 1, 0, 0], 'G': [0, 0, 1, 1, 0, 0, 1, 1, 0, 1], 'H': [1, 1, 1, 1, 0, 1, 1, 1, 1, 0], 'I': [0, 1, 0, 1, 0, 1, 1, 0, 1, 0], 'J': [0, 1, 0, 1, 1, 1, 1, 0, 1, 1]}, '校医院西': {'A': [0, 1, 1, 0, 1, 0, 0, 1, 0, 0], 'B': [1, 1, 1, 0, 1, 0, 1, 1, 0, 1], 'C': [0, 1, 0, 1, 1, 0, 1, 1, 0, 1], 'D': [1, 1, 1, 0, 1, 0, 1, 1, 1, 1], 'E': [1, 1, 1, 1, 1, 1, 1, 1, 1, 1], 'F': [1, 0, 1, 1, 1, 1, 1, 1, 1, 1], 'G': [0, 0, 0, 0, 0, 1, 1, 1, 0, 0], 'H': [0, 0, 0, 0, 0, 0, 0, 0, 0, 0], 'I': [1, 0, 0, 0, 0, 0, 0, 0, 0, 0]}}
624026	2024-07-13 17:50:59.456000+08:00	2024-07-13 17:50:59.456000+08:00	{'东门北侧': {'A': [1, 1, 1, 1, 1, 0, 1, 0, 1, 1], 'B': [1, 1, 1, 1, 1, 1, 1, 1, 1, 1], 'C': [0, 1, 1, 0, 1, 0, 1, 0, 1, 1], 'D': [1, 1, 1, 1, 1, 0, 0, 1, 0, 0], 'E': [1, 1, 1, 1, 1, 0, 1, 1, 1, 1], 'F': [1, 1, 1, 1, 1, 1, 1, 1, 0, 1], 'G': [1, 1, 1, 1, 1, 1, 1, 1, 1, 0], 'H': [1, 1, 1, 1, 1, 0, 1, 1, 0, 1], 'I': [1, 0, 1, 1, 1, 1, 0, 1, 0, 1], 'J': [1, 1, 0, 1, 0, 1, 1, 1, 1, 1], 'K': [0, 0, 0, 1, 1, 1, 1, 1, 0, 0]}, '东门南侧': {'A': [0, 0, 1, 0, 0, 0, 1, 0, 0, 0], 'B': [0, 0, 0, 0, 0, 0, 0, 0, 0, 0]}, '西门北侧': {'A': [1, 1, 1, 1, 1, 1, 1, 1, 0, 0], 'B': [1, 1, 1, 1, 1, 1, 1, 0, 1, 0], 'C': [1, 1, 1, 1, 0, 1, 1, 1, 1, 0]}, '西门南侧': {'A': [1, 1, 1, 1, 1, 1, 1, 1, 1, 1], 'B': [1, 1, 1, 1, 1, 1, 1, 1, 1, 1], 'C': [1, 1, 0, 1, 1, 1, 1, 1, 0, 1]}, '南门西侧': {'A': [1, 1, 1, 1, 1, 1, 1, 1, 1, 1], 'B': [0, 0, 0, 1, 0, 0, 0, 0, 0, 1]}, '南门东侧': {'A': [1, 1, 0, 1, 1, 1, 1, 1, 1, 1], 'B': [1, 0, 1, 1, 1, 1, 1, 1, 1, 1]}, '北门东北侧': {'A': [1, 1, 1, 1, 1, 1, 1, 1, 1, 1], 'B': [1, 1, 0, 1, 1, 0, 0, 1, 0, 0], 'C': [0, 0, 0, 1, 1, 0, 0, 1, 1, 0], 'D': [0, 1, 1, 1, 1, 0, 1, 0, 0, 1]}, '北门东南侧': {'A': [0, 1, 1, 1, 1, 0, 1, 0, 0, 0], 'B': [0, 1, 0, 0, 0, 0, 1, 0, 1, 0], 'C': [1, 1, 0, 1, 0, 0, 0, 0, 0, 0], 'D': [0, 1, 0, 0, 0, 0, 0, 0, 0, 0], 'E': [0, 1, 0, 1, 0, 1, 1, 1, 0, 0], 'F': [1, 0, 1, 1, 1, 1, 1, 0, 0, 1]}, '橘园北侧南': {'A': [1, 0, 0, 0, 0, 1, 0, 0, 1, 1], 'B': [1, 1, 1, 1, 0, 1, 0, 1, 1, 1], 'C': [1, 1, 1, 1, 0, 1, 1, 0, 0, 0], 'D': [1, 1, 1, 1, 1, 1, 1, 1, 1, 0], 'E': [1, 1, 1, 0, 1, 1, 0, 1, 0, 0], 'F': [0, 0, 0, 0, 0, 1, 0, 1, 0, 0], 'G': [0, 0, 1, 1, 0, 0, 1, 1, 0, 1], 'H': [1, 1, 1, 1, 0, 1, 1, 0, 1, 0], 'I': [0, 1, 0, 1, 0, 1, 1, 0, 1, 0], 'J': [0, 1, 0, 1, 1, 1, 1, 0, 1, 1]}, '校医院西': {'A': [0, 1, 1, 0, 1, 0, 0, 1, 0, 0], 'B': [1, 1, 1, 0, 1, 0, 1, 1, 0, 1], 'C': [0, 1, 0, 1, 1, 0, 1, 1, 0, 1], 'D': [1, 1, 1, 0, 1, 0, 1, 1, 1, 1], 'E': [1, 1, 1, 1, 1, 1, 1, 1, 1, 1], 'F': [1, 0, 1, 1, 1, 1, 1, 1, 1, 1], 'G': [0, 0, 0, 0, 0, 1, 1, 1, 0, 0], 'H': [0, 0, 0, 0, 0, 0, 0, 0, 0, 0], 'I': [1, 0, 0, 0, 0, 0, 0, 0, 0, 0]}}
624027	2024-07-13 17:51:58.761000+08:00	2024-07-13 17:51:58.761000+08:00	{'东门北侧': {'A': [1, 1, 1, 1, 1, 0, 1, 0, 1, 1], 'B': [1, 1, 1, 1, 1, 1, 1, 1, 1, 1], 'C': [0, 1, 1, 0, 1, 0, 1, 0, 1, 1], 'D': [1, 1, 1, 1, 1, 0, 0, 1, 0, 0], 'E': [1, 1, 1, 1, 1, 0, 1, 1, 1, 1], 'F': [1, 1, 1, 1, 1, 1, 1, 1, 0, 1], 'G': [1, 1, 1, 1, 1, 1, 1, 1, 1, 0], 'H': [1, 1, 1, 1, 1, 0, 1, 1, 0, 1], 'I': [1, 0, 1, 1, 1, 1, 0, 1, 0, 1], 'J': [1, 1, 0, 1, 0, 1, 1, 1, 1, 1], 'K': [0, 0, 0, 1, 1, 1, 1, 1, 0, 0]}, '东门南侧': {'A': [0, 0, 1, 0, 0, 0, 1, 0, 0, 0], 'B': [0, 0, 0, 0, 0, 0, 0, 0, 0, 0]}, '西门北侧': {'A': [1, 1, 1, 1, 1, 1, 1, 1, 0, 0], 'B': [1, 1, 1, 1, 1, 1, 1, 0, 1, 0], 'C': [1, 1, 1, 1, 0, 1, 1, 1, 1, 0]}, '西门南侧': {'A': [1, 1, 1, 1, 1, 1, 1, 1, 1, 1], 'B': [1, 1, 1, 1, 1, 1, 1, 1, 1, 1], 'C': [1, 1, 0, 1, 1, 1, 1, 1, 0, 1]}, '南门西侧': {'A': [1, 1, 1, 1, 1, 1, 1, 1, 1, 1], 'B': [0, 0, 0, 1, 0, 0, 0, 0, 0, 1]}, '南门东侧': {'A': [1, 1, 0, 1, 1, 1, 1, 1, 1, 1], 'B': [1, 0, 1, 1, 1, 1, 1, 1, 1, 1]}, '北门东北侧': {'A': [1, 1, 1, 1, 1, 1, 1, 1, 1, 1], 'B': [1, 0, 0, 1, 1, 0, 0, 1, 0, 0], 'C': [0, 0, 0, 1, 1, 0, 0, 1, 1, 0], 'D': [0, 1, 1, 1, 1, 0, 1, 0, 0, 1]}, '北门东南侧': {'A': [0, 1, 1, 1, 1, 0, 1, 0, 0, 0], 'B': [0, 1, 0, 0, 0, 0, 1, 0, 1, 0], 'C': [1, 1, 0, 1, 0, 0, 0, 0, 0, 0], 'D': [0, 1, 0, 0, 0, 0, 0, 0, 0, 0], 'E': [0, 1, 0, 1, 0, 1, 1, 1, 0, 0], 'F': [1, 0, 1, 1, 1, 1, 1, 0, 0, 1]}, '橘园北侧南': {'A': [1, 0, 0, 0, 0, 1, 0, 0, 1, 1], 'B': [1, 1, 1, 1, 0, 1, 0, 1, 1, 1], 'C': [1, 1, 1, 1, 0, 1, 1, 0, 0, 0], 'D': [1, 1, 1, 1, 1, 1, 1, 1, 1, 0], 'E': [1, 1, 1, 0, 1, 1, 0, 1, 0, 0], 'F': [0, 0, 0, 0, 0, 1, 0, 1, 0, 0], 'G': [0, 0, 1, 1, 0, 0, 1, 1, 0, 1], 'H': [1, 1, 1, 1, 0, 1, 1, 0, 1, 0], 'I': [0, 1, 0, 1, 0, 1, 1, 0, 1, 0], 'J': [0, 1, 0, 1, 1, 1, 1, 0, 1, 1]}, '校医院西': {'A': [0, 1, 1, 0, 1, 0, 0, 1, 0, 0], 'B': [1, 1, 1, 0, 1, 0, 1, 1, 0, 1], 'C': [0, 1, 0, 1, 1, 0, 1, 1, 0, 1], 'D': [1, 1, 1, 0, 1, 0, 1, 1, 1, 1], 'E': [1, 1, 1, 1, 1, 1, 1, 1, 1, 1], 'F': [1, 0, 1, 1, 1, 1, 1, 1, 1, 1], 'G': [0, 0, 0, 0, 0, 1, 1, 1, 0, 0], 'H': [0, 0, 0, 0, 0, 0, 0, 0, 0, 0], 'I': [1, 0, 0, 0, 0, 0, 0, 0, 0, 0]}}
624028	2024-07-13 17:52:58.482000+08:00	2024-07-13 17:52:58.482000+08:00	{'东门北侧': {'A': [1, 1, 1, 1, 1, 0, 1, 0, 1, 1], 'B': [1, 1, 1, 1, 1, 1, 1, 1, 1, 1], 'C': [0, 1, 1, 0, 1, 0, 1, 0, 1, 1], 'D': [1, 0, 1, 1, 1, 0, 0, 1, 0, 0], 'E': [1, 1, 1, 1, 1, 0, 1, 1, 1, 1], 'F': [1, 1, 1, 1, 1, 1, 1, 1, 0, 1], 'G': [1, 1, 1, 1, 1, 1, 1, 1, 1, 0], 'H': [1, 1, 1, 1, 1, 0, 1, 1, 0, 1], 'I': [1, 0, 1, 1, 1, 1, 0, 1, 0, 1], 'J': [1, 1, 0, 1, 0, 1, 1, 1, 1, 1], 'K': [0, 0, 0, 1, 1, 1, 1, 1, 0, 0]}, '东门南侧': {'A': [0, 0, 1, 0, 0, 0, 1, 0, 0, 0], 'B': [0, 0, 0, 0, 0, 0, 0, 0, 0, 0]}, '西门北侧': {'A': [1, 1, 1, 1, 1, 1, 1, 1, 0, 0], 'B': [1, 1, 1, 1, 1, 1, 1, 0, 1, 0], 'C': [1, 1, 1, 1, 0, 1, 1, 1, 1, 0]}, '西门南侧': {'A': [1, 1, 1, 1, 1, 1, 1, 1, 1, 1], 'B': [1, 1, 1, 1, 1, 1, 1, 1, 1, 1], 'C': [1, 1, 0, 1, 1, 1, 1, 1, 0, 1]}, '南门西侧': {'A': [1, 1, 1, 1, 1, 1, 1, 1, 1, 1], 'B': [0, 0, 0, 1, 0, 0, 0, 0, 0, 1]}, '南门东侧': {'A': [1, 1, 0, 1, 1, 1, 1, 1, 1, 1], 'B': [1, 0, 1, 1, 1, 1, 1, 1, 1, 1]}, '北门东北侧': {'A': [1, 1, 1, 1, 1, 1, 1, 1, 1, 1], 'B': [1, 0, 0, 1, 1, 0, 0, 1, 0, 0], 'C': [0, 0, 0, 1, 1, 0, 0, 1, 1, 0], 'D': [0, 1, 1, 1, 1, 0, 1, 0, 0, 1]}, '北门东南侧': {'A': [0, 1, 1, 1, 1, 0, 1, 0, 0, 0], 'B': [0, 1, 0, 0, 0, 0, 1, 0, 1, 0], 'C': [1, 1, 0, 1, 0, 0, 0, 0, 0, 0], 'D': [0, 0, 0, 0, 0, 0, 0, 0, 0, 0], 'E': [0, 1, 0, 1, 0, 1, 1, 1, 0, 0], 'F': [1, 0, 1, 1, 1, 1, 1, 0, 0, 1]}, '橘园北侧南': {'A': [1, 0, 0, 0, 0, 1, 0, 0, 1, 1], 'B': [1, 1, 1, 1, 0, 1, 0, 1, 1, 1], 'C': [1, 1, 1, 1, 0, 1, 1, 0, 0, 0], 'D': [1, 1, 1, 1, 1, 1, 1, 1, 1, 0], 'E': [1, 1, 1, 0, 1, 1, 0, 1, 0, 0], 'F': [0, 0, 0, 0, 0, 1, 0, 1, 1, 0], 'G': [0, 0, 1, 1, 0, 0, 1, 1, 0, 1], 'H': [1, 1, 1, 1, 0, 1, 1, 0, 1, 0], 'I': [0, 1, 0, 1, 0, 1, 1, 0, 1, 0], 'J': [0, 1, 0, 1, 1, 1, 1, 0, 1, 1]}, '校医院西': {'A': [0, 1, 1, 0, 1, 0, 0, 1, 0, 0], 'B': [1, 1, 1, 0, 1, 0, 0, 1, 0, 1], 'C': [0, 1, 0, 1, 1, 0, 1, 1, 0, 1], 'D': [1, 1, 1, 0, 1, 0, 1, 1, 1, 1], 'E': [1, 1, 1, 1, 1, 1, 1, 1, 1, 1], 'F': [1, 0, 1, 1, 1, 1, 1, 1, 1, 1], 'G': [0, 0, 0, 0, 0, 1, 1, 1, 0, 0], 'H': [0, 0, 0, 0, 0, 0, 0, 1, 0, 0], 'I': [1, 0, 0, 0, 0, 0, 0, 0, 0, 0]}}
624029	2024-07-13 17:53:59.592000+08:00	2024-07-13 17:53:59.592000+08:00	{'东门北侧': {'A': [1, 1, 1, 1, 1, 0, 1, 0, 1, 1], 'B': [1, 1, 1, 1, 1, 1, 1, 1, 1, 1], 'C': [0, 1, 1, 0, 1, 0, 1, 0, 1, 1], 'D': [1, 0, 1, 1, 1, 0, 0, 1, 0, 0], 'E': [1, 1, 1, 1, 1, 0, 1, 1, 1, 1], 'F': [1, 1, 1, 1, 1, 1, 1, 1, 0, 1], 'G': [1, 1, 1, 1, 1, 1, 1, 1, 1, 0], 'H': [1, 1, 1, 1, 1, 0, 1, 1, 0, 1], 'I': [1, 0, 1, 1, 1, 1, 0, 1, 0, 1], 'J': [1, 1, 0, 1, 0, 1, 1, 1, 1, 1], 'K': [0, 0, 0, 1, 1, 1, 1, 1, 0, 0]}, '东门南侧': {'A': [0, 0, 1, 0, 0, 0, 1, 0, 0, 0], 'B': [0, 0, 0, 0, 0, 0, 0, 0, 0, 0]}, '西门北侧': {'A': [1, 1, 1, 1, 1, 1, 1, 1, 0, 0], 'B': [1, 1, 1, 1, 1, 1, 1, 0, 1, 0], 'C': [1, 1, 1, 1, 0, 1, 1, 1, 1, 0]}, '西门南侧': {'A': [1, 1, 1, 1, 1, 1, 1, 1, 1, 1], 'B': [1, 1, 1, 1, 1, 1, 1, 1, 1, 1], 'C': [1, 1, 0, 1, 1, 1, 1, 1, 0, 1]}, '南门西侧': {'A': [1, 1, 1, 1, 1, 1, 1, 1, 1, 1], 'B': [0, 0, 0, 1, 0, 0, 0, 0, 0, 1]}, '南门东侧': {'A': [1, 1, 0, 1, 1, 1, 1, 1, 1, 1], 'B': [1, 0, 1, 1, 1, 1, 1, 1, 1, 1]}, '北门东北侧': {'A': [1, 1, 1, 1, 1, 1, 1, 1, 1, 1], 'B': [1, 0, 0, 1, 1, 0, 0, 1, 0, 0], 'C': [0, 0, 0, 1, 1, 0, 0, 1, 1, 0], 'D': [0, 1, 1, 1, 1, 0, 1, 0, 0, 1]}, '北门东南侧': {'A': [0, 1, 1, 1, 1, 0, 1, 0, 0, 0], 'B': [0, 1, 0, 0, 0, 0, 1, 0, 1, 0], 'C': [1, 1, 0, 1, 0, 0, 0, 0, 0, 0], 'D': [0, 0, 0, 0, 0, 0, 0, 0, 0, 0], 'E': [0, 1, 0, 1, 0, 1, 1, 1, 0, 0], 'F': [1, 0, 1, 1, 1, 1, 1, 0, 0, 1]}, '橘园北侧南': {'A': [1, 0, 0, 0, 0, 1, 0, 0, 1, 1], 'B': [1, 1, 1, 1, 0, 1, 0, 1, 1, 1], 'C': [1, 1, 1, 1, 0, 1, 1, 0, 0, 0], 'D': [1, 1, 1, 1, 1, 1, 1, 1, 1, 0], 'E': [1, 1, 1, 0, 1, 1, 0, 1, 0, 0], 'F': [0, 0, 0, 0, 0, 1, 0, 1, 1, 0], 'G': [0, 0, 1, 1, 0, 0, 1, 1, 0, 1], 'H': [1, 1, 1, 1, 0, 1, 1, 0, 1, 0], 'I': [0, 1, 0, 1, 0, 1, 1, 0, 1, 0], 'J': [0, 1, 0, 1, 1, 1, 1, 0, 1, 1]}, '校医院西': {'A': [0, 1, 1, 0, 1, 0, 0, 1, 0, 0], 'B': [1, 1, 1, 0, 1, 0, 0, 1, 0, 1], 'C': [0, 1, 0, 1, 1, 0, 1, 1, 0, 1], 'D': [1, 1, 1, 0, 1, 0, 1, 1, 1, 1], 'E': [1, 1, 1, 1, 1, 1, 1, 1, 1, 1], 'F': [1, 0, 1, 1, 1, 1, 1, 1, 1, 1], 'G': [0, 0, 0, 0, 0, 1, 1, 1, 0, 0], 'H': [0, 0, 0, 0, 0, 0, 0, 1, 0, 0], 'I': [1, 0, 0, 0, 0, 0, 0, 0, 0, 0]}}
624030	2024-07-13 17:54:59.480000+08:00	2024-07-13 17:54:59.480000+08:00	{'东门北侧': {'A': [1, 1, 1, 1, 1, 0, 1, 0, 1, 1], 'B': [1, 1, 1, 1, 1, 1, 1, 1, 1, 1], 'C': [0, 1, 1, 0, 1, 0, 1, 0, 1, 1], 'D': [1, 0, 1, 1, 1, 0, 0, 1, 0, 0], 'E': [1, 1, 1, 1, 1, 0, 1, 1, 1, 1], 'F': [1, 1, 1, 1, 1, 1, 1, 1, 0, 1], 'G': [1, 1, 1, 1, 1, 1, 1, 1, 1, 0], 'H': [1, 1, 1, 1, 1, 0, 1, 1, 0, 1], 'I': [1, 0, 1, 1, 1, 1, 0, 1, 0, 1], 'J': [1, 1, 0, 1, 0, 1, 1, 1, 1, 1], 'K': [0, 0, 0, 1, 1, 1, 1, 1, 0, 0]}, '东门南侧': {'A': [0, 1, 1, 0, 0, 0, 1, 0, 0, 0], 'B': [0, 0, 0, 0, 0, 0, 0, 0, 0, 0]}, '西门北侧': {'A': [1, 1, 1, 1, 1, 1, 1, 1, 0, 0], 'B': [1, 1, 1, 1, 1, 1, 1, 0, 1, 0], 'C': [1, 1, 1, 1, 0, 1, 1, 1, 1, 0]}, '西门南侧': {'A': [1, 1, 1, 1, 1, 1, 1, 1, 1, 1], 'B': [1, 1, 1, 1, 1, 1, 1, 1, 1, 1], 'C': [1, 1, 0, 1, 1, 1, 1, 1, 0, 1]}, '南门西侧': {'A': [1, 1, 1, 1, 1, 1, 1, 1, 1, 1], 'B': [0, 0, 0, 1, 0, 0, 0, 0, 0, 1]}, '南门东侧': {'A': [1, 1, 0, 1, 1, 1, 1, 1, 1, 1], 'B': [1, 0, 1, 1, 1, 1, 1, 1, 1, 1]}, '北门东北侧': {'A': [1, 1, 1, 1, 1, 1, 1, 1, 1, 1], 'B': [1, 0, 0, 1, 1, 0, 0, 1, 0, 0], 'C': [0, 0, 0, 1, 1, 0, 0, 1, 1, 0], 'D': [0, 1, 1, 1, 1, 0, 1, 0, 0, 1]}, '北门东南侧': {'A': [0, 1, 1, 1, 1, 0, 1, 0, 0, 0], 'B': [0, 1, 0, 0, 0, 0, 1, 0, 1, 0], 'C': [1, 1, 0, 1, 0, 0, 0, 0, 0, 0], 'D': [0, 0, 0, 0, 0, 0, 0, 0, 0, 0], 'E': [0, 1, 0, 1, 0, 1, 1, 1, 0, 0], 'F': [1, 0, 1, 1, 1, 1, 1, 0, 0, 1]}, '橘园北侧南': {'A': [1, 0, 0, 0, 0, 1, 0, 0, 1, 1], 'B': [1, 1, 1, 1, 0, 1, 0, 1, 1, 1], 'C': [1, 1, 1, 1, 0, 1, 1, 0, 0, 0], 'D': [1, 1, 1, 1, 1, 1, 1, 1, 1, 0], 'E': [1, 1, 1, 0, 1, 1, 0, 1, 0, 0], 'F': [0, 0, 0, 0, 0, 1, 0, 1, 1, 0], 'G': [0, 0, 1, 0, 0, 0, 1, 1, 0, 1], 'H': [1, 1, 1, 1, 0, 1, 1, 0, 1, 0], 'I': [0, 1, 0, 1, 1, 1, 1, 0, 1, 0], 'J': [0, 1, 0, 1, 1, 1, 1, 0, 1, 1]}, '校医院西': {'A': [0, 1, 1, 0, 1, 0, 0, 1, 0, 0], 'B': [1, 1, 1, 0, 1, 0, 0, 1, 0, 1], 'C': [0, 1, 0, 1, 1, 0, 1, 1, 0, 1], 'D': [1, 1, 1, 0, 1, 0, 1, 1, 1, 1], 'E': [1, 1, 1, 1, 1, 1, 1, 1, 1, 1], 'F': [1, 0, 1, 1, 1, 1, 1, 1, 1, 1], 'G': [0, 0, 0, 0, 0, 1, 1, 1, 0, 0], 'H': [0, 0, 0, 0, 0, 0, 0, 1, 0, 0], 'I': [1, 0, 0, 0, 0, 0, 0, 0, 0, 0]}}
624031	2024-07-13 17:56:00.521000+08:00	2024-07-13 17:56:00.521000+08:00	{'东门北侧': {'A': [1, 1, 1, 1, 1, 0, 1, 0, 1, 1], 'B': [1, 1, 1, 1, 1, 1, 1, 1, 1, 1], 'C': [0, 1, 1, 0, 1, 0, 1, 0, 1, 1], 'D': [1, 0, 1, 1, 1, 0, 0, 1, 0, 0], 'E': [1, 1, 1, 1, 1, 0, 1, 1, 1, 1], 'F': [1, 1, 1, 1, 1, 1, 1, 1, 0, 1], 'G': [1, 1, 1, 1, 1, 1, 1, 1, 1, 0], 'H': [1, 1, 1, 1, 1, 0, 1, 1, 0, 1], 'I': [1, 0, 1, 1, 1, 1, 0, 1, 0, 1], 'J': [1, 1, 0, 1, 0, 1, 1, 1, 1, 1], 'K': [0, 0, 0, 1, 1, 1, 1, 1, 0, 0]}, '东门南侧': {'A': [0, 1, 1, 0, 0, 0, 1, 0, 0, 0], 'B': [0, 0, 0, 0, 0, 0, 0, 0, 0, 0]}, '西门北侧': {'A': [1, 1, 1, 1, 1, 1, 1, 1, 0, 0], 'B': [1, 1, 1, 1, 1, 1, 1, 0, 1, 0], 'C': [1, 1, 1, 1, 0, 1, 1, 1, 1, 0]}, '西门南侧': {'A': [1, 1, 1, 1, 1, 1, 1, 1, 1, 1], 'B': [1, 1, 1, 1, 1, 1, 1, 1, 1, 1], 'C': [1, 1, 0, 1, 1, 1, 1, 1, 0, 1]}, '南门西侧': {'A': [1, 1, 1, 1, 1, 1, 1, 1, 1, 1], 'B': [0, 0, 0, 1, 0, 0, 0, 0, 0, 1]}, '南门东侧': {'A': [1, 1, 0, 1, 1, 1, 1, 1, 1, 1], 'B': [1, 0, 1, 1, 1, 1, 1, 1, 1, 1]}, '北门东北侧': {'A': [1, 1, 1, 1, 1, 1, 1, 1, 1, 1], 'B': [1, 0, 0, 1, 1, 0, 0, 1, 0, 0], 'C': [0, 0, 0, 1, 1, 0, 0, 1, 1, 0], 'D': [0, 1, 1, 1, 1, 0, 1, 0, 0, 1]}, '北门东南侧': {'A': [0, 1, 1, 1, 1, 0, 1, 0, 0, 0], 'B': [0, 1, 0, 0, 0, 0, 1, 0, 1, 0], 'C': [1, 1, 0, 1, 0, 0, 0, 0, 0, 0], 'D': [0, 0, 0, 0, 0, 0, 0, 0, 0, 0], 'E': [0, 1, 0, 1, 0, 1, 1, 1, 0, 0], 'F': [1, 0, 1, 1, 1, 1, 1, 0, 0, 1]}, '橘园北侧南': {'A': [1, 0, 0, 0, 0, 1, 0, 0, 1, 1], 'B': [1, 1, 1, 1, 0, 1, 0, 1, 1, 1], 'C': [1, 1, 1, 1, 0, 1, 1, 0, 0, 0], 'D': [1, 1, 1, 1, 1, 1, 1, 1, 1, 0], 'E': [1, 1, 1, 0, 1, 1, 0, 1, 0, 0], 'F': [0, 0, 0, 0, 0, 1, 0, 1, 1, 0], 'G': [0, 0, 1, 0, 0, 0, 1, 1, 0, 1], 'H': [1, 1, 1, 1, 0, 1, 1, 0, 1, 0], 'I': [0, 1, 0, 1, 1, 1, 1, 0, 1, 0], 'J': [0, 1, 0, 1, 1, 1, 1, 0, 1, 1]}, '校医院西': {'A': [0, 1, 1, 0, 1, 0, 0, 1, 0, 0], 'B': [1, 1, 1, 0, 1, 0, 0, 1, 0, 1], 'C': [0, 1, 0, 1, 1, 0, 1, 1, 0, 1], 'D': [1, 1, 1, 0, 1, 0, 1, 1, 1, 1], 'E': [1, 1, 1, 1, 1, 1, 1, 1, 1, 1], 'F': [1, 0, 1, 1, 1, 1, 1, 1, 1, 1], 'G': [0, 0, 0, 0, 0, 1, 1, 1, 0, 0], 'H': [0, 0, 0, 0, 0, 0, 0, 1, 0, 0], 'I': [1, 0, 0, 0, 0, 0, 0, 0, 0, 0]}}
624032	2024-07-13 17:56:58.511000+08:00	2024-07-13 17:56:58.511000+08:00	{'东门北侧': {'A': [1, 1, 1, 1, 1, 0, 1, 0, 1, 1], 'B': [1, 1, 1, 1, 1, 1, 1, 1, 1, 1], 'C': [0, 1, 1, 0, 1, 0, 1, 0, 1, 1], 'D': [1, 0, 1, 1, 1, 0, 0, 1, 0, 0], 'E': [1, 1, 1, 1, 1, 0, 1, 1, 1, 1], 'F': [1, 1, 1, 1, 1, 1, 1, 1, 0, 1], 'G': [1, 1, 1, 1, 1, 1, 1, 1, 1, 0], 'H': [1, 1, 1, 1, 1, 0, 1, 1, 0, 1], 'I': [1, 0, 1, 1, 1, 1, 0, 1, 0, 1], 'J': [1, 1, 0, 1, 0, 1, 1, 1, 1, 1], 'K': [0, 0, 0, 1, 1, 1, 1, 1, 0, 0]}, '东门南侧': {'A': [0, 1, 1, 0, 0, 0, 1, 0, 0, 0], 'B': [0, 0, 0, 0, 0, 0, 0, 0, 0, 0]}, '西门北侧': {'A': [1, 1, 1, 1, 1, 1, 1, 1, 0, 0], 'B': [1, 1, 1, 1, 1, 1, 1, 0, 1, 0], 'C': [1, 1, 1, 1, 0, 1, 1, 1, 1, 0]}, '西门南侧': {'A': [1, 1, 1, 1, 1, 1, 1, 1, 1, 1], 'B': [1, 1, 1, 1, 1, 1, 1, 1, 1, 1], 'C': [1, 1, 0, 1, 1, 1, 1, 1, 0, 1]}, '南门西侧': {'A': [1, 1, 1, 1, 1, 1, 1, 1, 1, 1], 'B': [0, 0, 0, 1, 0, 0, 0, 0, 0, 1]}, '南门东侧': {'A': [1, 1, 0, 1, 1, 1, 1, 1, 1, 1], 'B': [1, 0, 1, 1, 1, 1, 1, 1, 1, 1]}, '北门东北侧': {'A': [1, 1, 1, 1, 1, 1, 1, 1, 1, 1], 'B': [1, 0, 0, 1, 1, 0, 0, 1, 0, 0], 'C': [0, 0, 0, 1, 1, 0, 0, 1, 1, 0], 'D': [0, 0, 1, 1, 1, 0, 1, 0, 0, 1]}, '北门东南侧': {'A': [0, 1, 1, 1, 1, 0, 1, 0, 0, 0], 'B': [0, 1, 0, 0, 0, 0, 1, 0, 1, 0], 'C': [1, 1, 0, 1, 0, 0, 0, 0, 0, 0], 'D': [0, 0, 0, 0, 0, 0, 0, 0, 0, 0], 'E': [0, 1, 0, 1, 0, 1, 1, 1, 0, 0], 'F': [1, 0, 1, 1, 1, 1, 1, 0, 0, 1]}, '橘园北侧南': {'A': [1, 0, 0, 0, 0, 1, 0, 0, 1, 1], 'B': [1, 1, 1, 1, 0, 1, 0, 1, 1, 1], 'C': [1, 1, 1, 1, 0, 1, 1, 0, 0, 0], 'D': [1, 1, 1, 1, 1, 1, 1, 1, 1, 0], 'E': [1, 1, 1, 0, 1, 1, 0, 1, 0, 0], 'F': [0, 0, 0, 0, 0, 1, 0, 1, 1, 0], 'G': [0, 0, 1, 0, 0, 0, 1, 1, 0, 1], 'H': [1, 1, 1, 1, 0, 1, 1, 0, 1, 0], 'I': [0, 1, 0, 1, 1, 1, 1, 0, 1, 0], 'J': [0, 1, 0, 1, 1, 1, 1, 0, 1, 1]}, '校医院西': {'A': [0, 1, 1, 0, 1, 0, 0, 1, 0, 0], 'B': [1, 1, 1, 0, 1, 0, 0, 1, 0, 1], 'C': [0, 1, 0, 1, 1, 0, 1, 1, 0, 1], 'D': [1, 1, 1, 0, 1, 0, 1, 1, 1, 1], 'E': [1, 1, 1, 1, 1, 1, 1, 1, 1, 1], 'F': [1, 0, 1, 1, 1, 1, 1, 1, 1, 1], 'G': [0, 0, 0, 0, 0, 1, 1, 1, 0, 0], 'H': [0, 0, 0, 0, 0, 0, 0, 1, 0, 0], 'I': [1, 0, 0, 0, 0, 0, 0, 0, 0, 0]}}
624033	2024-07-13 17:58:01.434000+08:00	2024-07-13 17:58:01.434000+08:00	{'东门北侧': {'A': [1, 1, 1, 1, 1, 0, 1, 0, 1, 1], 'B': [1, 1, 1, 1, 1, 1, 1, 1, 1, 1], 'C': [0, 1, 1, 0, 1, 0, 1, 0, 1, 1], 'D': [1, 0, 1, 1, 1, 0, 0, 1, 0, 0], 'E': [1, 1, 1, 1, 1, 0, 1, 1, 1, 1], 'F': [1, 1, 1, 1, 1, 1, 1, 1, 0, 1], 'G': [1, 1, 1, 1, 1, 1, 1, 1, 1, 0], 'H': [1, 1, 1, 1, 1, 0, 1, 1, 0, 1], 'I': [1, 0, 1, 1, 1, 1, 0, 1, 0, 1], 'J': [1, 1, 0, 1, 0, 1, 1, 1, 1, 1], 'K': [0, 0, 0, 1, 1, 1, 1, 1, 0, 0]}, '东门南侧': {'A': [0, 1, 1, 0, 0, 0, 1, 0, 0, 0], 'B': [0, 0, 0, 0, 0, 0, 0, 0, 0, 0]}, '西门北侧': {'A': [1, 1, 1, 1, 1, 1, 1, 1, 0, 0], 'B': [1, 1, 1, 1, 1, 1, 1, 0, 1, 0], 'C': [1, 1, 1, 1, 0, 1, 1, 1, 1, 0]}, '西门南侧': {'A': [1, 1, 1, 1, 1, 1, 1, 1, 1, 1], 'B': [1, 1, 1, 1, 1, 1, 1, 1, 1, 1], 'C': [1, 1, 0, 1, 1, 1, 1, 1, 0, 1]}, '南门西侧': {'A': [1, 1, 1, 1, 1, 1, 1, 1, 1, 1], 'B': [0, 0, 0, 1, 0, 0, 0, 0, 0, 1]}, '南门东侧': {'A': [1, 1, 0, 1, 1, 1, 1, 1, 1, 1], 'B': [1, 0, 1, 1, 1, 1, 1, 1, 1, 1]}, '北门东北侧': {'A': [1, 1, 1, 1, 1, 1, 1, 1, 1, 1], 'B': [1, 0, 0, 1, 1, 0, 0, 1, 0, 0], 'C': [0, 0, 0, 1, 1, 0, 0, 1, 1, 0], 'D': [0, 0, 1, 1, 1, 0, 1, 0, 0, 1]}, '北门东南侧': {'A': [0, 1, 1, 1, 1, 0, 1, 0, 0, 0], 'B': [0, 1, 0, 0, 0, 0, 1, 0, 1, 0], 'C': [1, 1, 0, 1, 0, 0, 0, 0, 0, 0], 'D': [0, 0, 0, 0, 0, 0, 0, 0, 0, 0], 'E': [0, 1, 0, 1, 0, 1, 1, 1, 0, 0], 'F': [1, 0, 1, 1, 1, 1, 1, 0, 0, 1]}, '橘园北侧南': {'A': [1, 0, 0, 0, 0, 1, 0, 0, 1, 1], 'B': [1, 1, 1, 1, 0, 1, 0, 1, 1, 1], 'C': [1, 1, 1, 1, 0, 1, 1, 0, 0, 0], 'D': [1, 1, 1, 1, 1, 1, 1, 1, 1, 0], 'E': [1, 1, 1, 0, 1, 1, 0, 1, 0, 0], 'F': [0, 0, 0, 0, 0, 1, 0, 0, 1, 0], 'G': [0, 0, 1, 0, 0, 0, 1, 1, 0, 1], 'H': [1, 1, 1, 1, 0, 1, 1, 0, 1, 0], 'I': [0, 1, 0, 1, 1, 1, 1, 0, 1, 0], 'J': [0, 1, 0, 1, 1, 1, 1, 0, 1, 1]}, '校医院西': {'A': [0, 1, 1, 0, 1, 0, 0, 1, 0, 0], 'B': [1, 1, 1, 0, 1, 0, 0, 1, 0, 1], 'C': [0, 1, 0, 1, 1, 0, 1, 1, 0, 1], 'D': [1, 1, 1, 0, 1, 0, 1, 1, 1, 1], 'E': [1, 1, 1, 1, 1, 1, 1, 1, 1, 1], 'F': [1, 0, 1, 1, 1, 1, 1, 1, 1, 1], 'G': [0, 0, 0, 0, 0, 1, 1, 1, 0, 0], 'H': [0, 0, 0, 0, 0, 0, 0, 1, 0, 0], 'I': [1, 0, 0, 0, 0, 0, 0, 0, 0, 0]}}
624034	2024-07-13 17:59:00.615000+08:00	2024-07-13 17:59:00.615000+08:00	{'东门北侧': {'A': [1, 1, 1, 1, 1, 0, 1, 0, 1, 1], 'B': [1, 1, 1, 1, 1, 1, 1, 1, 1, 1], 'C': [0, 1, 1, 0, 1, 0, 1, 0, 1, 1], 'D': [1, 0, 1, 1, 1, 0, 0, 1, 0, 0], 'E': [1, 1, 1, 1, 1, 0, 1, 1, 1, 1], 'F': [1, 1, 1, 1, 1, 1, 1, 1, 0, 1], 'G': [1, 1, 1, 1, 1, 1, 1, 1, 1, 0], 'H': [1, 1, 1, 1, 1, 0, 1, 1, 0, 1], 'I': [1, 0, 1, 1, 1, 1, 0, 1, 0, 1], 'J': [1, 1, 0, 1, 0, 1, 1, 1, 1, 1], 'K': [0, 0, 0, 1, 1, 1, 1, 1, 0, 0]}, '东门南侧': {'A': [0, 1, 1, 0, 0, 0, 1, 0, 0, 0], 'B': [0, 0, 0, 0, 0, 0, 0, 0, 0, 0]}, '西门北侧': {'A': [1, 1, 1, 1, 1, 1, 1, 1, 0, 0], 'B': [1, 1, 1, 1, 1, 1, 1, 0, 1, 0], 'C': [1, 1, 1, 1, 0, 1, 1, 1, 1, 0]}, '西门南侧': {'A': [1, 1, 1, 1, 1, 1, 1, 1, 1, 1], 'B': [1, 1, 1, 1, 1, 1, 1, 1, 1, 1], 'C': [1, 1, 0, 1, 1, 1, 1, 1, 0, 1]}, '南门西侧': {'A': [1, 1, 1, 1, 1, 1, 1, 1, 1, 1], 'B': [0, 0, 0, 1, 0, 0, 0, 0, 0, 1]}, '南门东侧': {'A': [1, 1, 0, 1, 1, 1, 1, 1, 1, 1], 'B': [1, 0, 1, 1, 1, 1, 1, 1, 1, 1]}, '北门东北侧': {'A': [1, 1, 1, 1, 1, 1, 1, 1, 1, 1], 'B': [1, 0, 0, 1, 1, 0, 0, 1, 0, 0], 'C': [0, 0, 0, 1, 1, 0, 0, 1, 1, 0], 'D': [0, 0, 1, 1, 1, 0, 1, 0, 0, 1]}, '北门东南侧': {'A': [0, 1, 1, 1, 1, 0, 1, 0, 0, 0], 'B': [0, 1, 0, 0, 0, 0, 1, 0, 1, 0], 'C': [1, 1, 0, 1, 0, 0, 0, 0, 0, 0], 'D': [0, 0, 0, 0, 0, 0, 0, 0, 0, 0], 'E': [0, 1, 0, 1, 0, 1, 1, 1, 0, 0], 'F': [1, 0, 1, 1, 1, 1, 1, 0, 0, 1]}, '橘园北侧南': {'A': [1, 0, 0, 0, 0, 1, 0, 0, 1, 1], 'B': [1, 1, 1, 1, 0, 1, 0, 1, 1, 1], 'C': [1, 1, 1, 1, 0, 1, 1, 0, 0, 0], 'D': [1, 1, 1, 1, 1, 1, 1, 1, 1, 0], 'E': [1, 1, 1, 0, 1, 1, 0, 1, 0, 0], 'F': [0, 0, 0, 0, 0, 1, 0, 0, 1, 0], 'G': [0, 0, 1, 0, 0, 0, 1, 1, 0, 1], 'H': [1, 1, 1, 1, 0, 1, 1, 0, 1, 0], 'I': [0, 1, 0, 1, 1, 1, 1, 0, 1, 0], 'J': [0, 1, 0, 1, 1, 1, 1, 0, 1, 1]}, '校医院西': {'A': [0, 1, 1, 0, 1, 0, 0, 1, 0, 0], 'B': [1, 1, 1, 0, 1, 0, 0, 1, 0, 1], 'C': [0, 1, 0, 1, 1, 0, 1, 1, 0, 1], 'D': [1, 1, 1, 0, 1, 0, 1, 1, 1, 1], 'E': [1, 1, 1, 1, 1, 1, 1, 1, 1, 1], 'F': [1, 0, 1, 1, 1, 1, 1, 1, 1, 1], 'G': [0, 0, 0, 0, 0, 1, 1, 1, 0, 0], 'H': [0, 0, 0, 0, 0, 0, 0, 0, 0, 0], 'I': [1, 0, 0, 0, 0, 0, 0, 0, 0, 0]}}
624035	2024-07-13 18:00:01.589000+08:00	2024-07-13 18:00:01.589000+08:00	{'东门北侧': {'A': [1, 1, 1, 1, 1, 0, 1, 0, 1, 1], 'B': [1, 1, 1, 1, 1, 1, 1, 1, 1, 1], 'C': [0, 1, 1, 0, 1, 0, 1, 0, 1, 1], 'D': [1, 0, 1, 1, 1, 0, 0, 1, 0, 0], 'E': [1, 1, 1, 1, 1, 0, 1, 1, 1, 1], 'F': [1, 1, 1, 1, 1, 1, 1, 1, 0, 1], 'G': [1, 1, 1, 1, 1, 1, 1, 1, 1, 0], 'H': [1, 1, 1, 1, 1, 0, 1, 1, 0, 1], 'I': [1, 0, 1, 1, 1, 1, 0, 1, 0, 1], 'J': [1, 1, 0, 1, 0, 1, 1, 1, 1, 1], 'K': [0, 0, 0, 1, 1, 1, 1, 1, 0, 0]}, '东门南侧': {'A': [0, 1, 1, 0, 0, 0, 1, 0, 0, 0], 'B': [0, 0, 0, 0, 0, 0, 0, 0, 0, 0]}, '西门北侧': {'A': [1, 1, 1, 1, 1, 1, 1, 1, 0, 0], 'B': [1, 1, 1, 1, 1, 1, 1, 0, 1, 0], 'C': [1, 1, 1, 1, 0, 1, 1, 1, 1, 0]}, '西门南侧': {'A': [1, 1, 1, 1, 1, 1, 1, 1, 1, 1], 'B': [1, 1, 1, 1, 1, 1, 1, 1, 1, 1], 'C': [1, 1, 0, 1, 1, 1, 1, 1, 1, 1]}, '南门西侧': {'A': [1, 1, 1, 1, 1, 1, 1, 1, 1, 1], 'B': [0, 0, 1, 1, 0, 0, 0, 0, 0, 1]}, '南门东侧': {'A': [1, 1, 0, 1, 1, 1, 1, 1, 1, 1], 'B': [1, 0, 1, 1, 1, 1, 1, 1, 1, 1]}, '北门东北侧': {'A': [1, 1, 1, 1, 1, 1, 1, 1, 1, 1], 'B': [1, 0, 0, 1, 1, 0, 0, 1, 0, 0], 'C': [0, 0, 0, 1, 1, 0, 0, 1, 1, 0], 'D': [0, 0, 1, 1, 1, 0, 1, 0, 0, 1]}, '北门东南侧': {'A': [0, 1, 1, 0, 1, 0, 1, 0, 0, 0], 'B': [0, 1, 0, 0, 0, 0, 1, 0, 1, 0], 'C': [1, 1, 1, 1, 0, 0, 0, 0, 0, 0], 'D': [0, 0, 0, 0, 0, 0, 0, 0, 0, 0], 'E': [0, 1, 0, 1, 0, 1, 1, 1, 0, 0], 'F': [1, 0, 1, 1, 1, 1, 1, 0, 0, 1]}, '橘园北侧南': {'A': [1, 0, 0, 0, 0, 1, 0, 0, 1, 1], 'B': [1, 1, 1, 1, 0, 1, 0, 1, 1, 1], 'C': [1, 1, 1, 1, 0, 1, 1, 0, 0, 0], 'D': [1, 1, 1, 1, 1, 1, 1, 1, 1, 0], 'E': [1, 1, 1, 0, 1, 1, 0, 1, 0, 0], 'F': [0, 0, 0, 0, 0, 1, 0, 0, 1, 0], 'G': [0, 0, 1, 0, 0, 0, 1, 1, 0, 1], 'H': [1, 1, 1, 1, 0, 1, 1, 0, 1, 0], 'I': [0, 1, 0, 1, 1, 1, 1, 0, 1, 0], 'J': [0, 1, 0, 1, 1, 1, 1, 0, 1, 1]}, '校医院西': {'A': [0, 1, 1, 0, 1, 0, 0, 1, 0, 0], 'B': [1, 1, 1, 0, 1, 0, 0, 1, 0, 1], 'C': [0, 1, 0, 1, 1, 0, 1, 1, 0, 1], 'D': [1, 1, 1, 0, 1, 0, 1, 1, 1, 1], 'E': [1, 1, 1, 1, 1, 1, 1, 1, 1, 1], 'F': [1, 0, 1, 1, 1, 1, 1, 1, 1, 1], 'G': [0, 0, 0, 0, 0, 1, 1, 1, 0, 0], 'H': [0, 0, 0, 0, 0, 0, 0, 0, 0, 0], 'I': [1, 0, 0, 0, 0, 0, 0, 0, 0, 0]}}
624036	2024-07-13 18:01:00.073000+08:00	2024-07-13 18:01:00.073000+08:00	{'东门北侧': {'A': [1, 1, 1, 1, 1, 0, 1, 0, 1, 1], 'B': [1, 1, 1, 1, 1, 1, 1, 1, 1, 1], 'C': [0, 1, 1, 0, 1, 0, 1, 0, 1, 1], 'D': [1, 0, 1, 1, 1, 0, 0, 1, 0, 0], 'E': [1, 1, 1, 1, 1, 0, 1, 1, 1, 1], 'F': [1, 1, 1, 1, 1, 1, 1, 1, 0, 1], 'G': [1, 1, 1, 1, 1, 1, 1, 1, 1, 0], 'H': [1, 1, 1, 1, 1, 0, 1, 1, 0, 1], 'I': [1, 0, 1, 1, 1, 1, 0, 1, 0, 1], 'J': [1, 1, 0, 1, 0, 1, 1, 1, 1, 1], 'K': [0, 0, 0, 1, 1, 1, 1, 1, 0, 0]}, '东门南侧': {'A': [0, 1, 1, 0, 0, 0, 1, 0, 0, 0], 'B': [0, 0, 0, 0, 0, 0, 0, 0, 0, 0]}, '西门北侧': {'A': [1, 1, 1, 1, 1, 1, 1, 1, 0, 0], 'B': [1, 1, 1, 1, 1, 1, 1, 0, 1, 0], 'C': [1, 1, 1, 1, 0, 1, 1, 1, 1, 0]}, '西门南侧': {'A': [1, 1, 1, 1, 1, 1, 1, 1, 1, 1], 'B': [1, 1, 1, 1, 1, 1, 1, 1, 1, 1], 'C': [1, 1, 0, 1, 1, 1, 1, 1, 1, 1]}, '南门西侧': {'A': [1, 1, 1, 1, 1, 1, 1, 1, 1, 1], 'B': [0, 0, 1, 1, 0, 0, 0, 0, 0, 1]}, '南门东侧': {'A': [1, 1, 0, 1, 1, 1, 1, 1, 1, 1], 'B': [1, 0, 1, 1, 1, 1, 1, 1, 1, 1]}, '北门东北侧': {'A': [1, 1, 1, 1, 1, 1, 1, 1, 1, 1], 'B': [1, 0, 0, 1, 1, 0, 0, 1, 0, 0], 'C': [0, 0, 0, 1, 1, 0, 0, 1, 1, 0], 'D': [0, 0, 1, 1, 1, 0, 1, 0, 0, 1]}, '北门东南侧': {'A': [0, 1, 1, 0, 1, 0, 1, 0, 0, 0], 'B': [0, 1, 0, 0, 0, 0, 1, 0, 1, 0], 'C': [1, 1, 1, 1, 0, 0, 0, 0, 0, 0], 'D': [0, 0, 0, 0, 0, 0, 0, 0, 0, 0], 'E': [0, 1, 0, 1, 0, 1, 1, 1, 0, 0], 'F': [1, 0, 1, 1, 1, 1, 1, 0, 0, 1]}, '橘园北侧南': {'A': [1, 0, 0, 0, 0, 1, 0, 0, 1, 1], 'B': [1, 1, 1, 1, 0, 1, 0, 1, 1, 1], 'C': [1, 1, 1, 1, 0, 1, 1, 0, 0, 0], 'D': [1, 1, 1, 1, 1, 1, 1, 1, 1, 0], 'E': [1, 1, 1, 0, 1, 1, 0, 1, 0, 0], 'F': [0, 0, 0, 0, 0, 1, 0, 0, 1, 0], 'G': [0, 0, 1, 0, 0, 0, 1, 1, 0, 1], 'H': [1, 1, 1, 1, 0, 1, 1, 0, 1, 0], 'I': [0, 1, 0, 1, 1, 1, 1, 0, 1, 0], 'J': [0, 1, 0, 1, 1, 1, 1, 0, 1, 1]}, '校医院西': {'A': [0, 1, 1, 0, 1, 0, 0, 1, 0, 0], 'B': [1, 1, 1, 0, 1, 0, 0, 1, 0, 1], 'C': [0, 1, 0, 1, 1, 0, 1, 1, 0, 1], 'D': [1, 1, 1, 0, 1, 0, 1, 1, 1, 1], 'E': [1, 1, 1, 1, 1, 1, 1, 1, 1, 1], 'F': [1, 0, 1, 1, 1, 1, 1, 1, 1, 1], 'G': [0, 0, 0, 0, 0, 1, 1, 1, 0, 0], 'H': [0, 0, 0, 0, 0, 0, 0, 0, 0, 0], 'I': [1, 0, 0, 0, 0, 0, 0, 0, 0, 0]}}
624037	2024-07-13 18:02:00.507000+08:00	2024-07-13 18:02:00.507000+08:00	{'东门北侧': {'A': [1, 1, 1, 1, 1, 0, 1, 0, 1, 1], 'B': [1, 1, 1, 1, 1, 1, 1, 1, 1, 1], 'C': [0, 1, 1, 0, 1, 0, 1, 0, 1, 1], 'D': [1, 0, 1, 1, 1, 0, 0, 1, 0, 0], 'E': [1, 1, 1, 1, 1, 0, 1, 1, 1, 1], 'F': [1, 1, 1, 1, 1, 1, 1, 1, 0, 1], 'G': [1, 1, 1, 1, 1, 1, 1, 1, 1, 0], 'H': [1, 1, 1, 1, 1, 0, 1, 1, 0, 1], 'I': [1, 0, 1, 1, 1, 1, 0, 1, 0, 1], 'J': [1, 1, 0, 1, 0, 1, 1, 1, 1, 1], 'K': [0, 0, 0, 1, 1, 1, 1, 1, 0, 0]}, '东门南侧': {'A': [0, 1, 1, 0, 0, 0, 1, 0, 0, 0], 'B': [0, 0, 0, 0, 0, 0, 0, 0, 0, 0]}, '西门北侧': {'A': [1, 1, 1, 1, 1, 1, 1, 1, 0, 0], 'B': [1, 1, 1, 1, 1, 1, 1, 0, 1, 0], 'C': [1, 1, 1, 1, 0, 1, 1, 1, 1, 0]}, '西门南侧': {'A': [1, 1, 1, 1, 1, 1, 1, 1, 1, 1], 'B': [1, 1, 1, 1, 1, 1, 1, 1, 1, 1], 'C': [1, 1, 0, 1, 1, 1, 1, 1, 1, 1]}, '南门西侧': {'A': [1, 1, 1, 1, 1, 1, 1, 1, 1, 1], 'B': [0, 0, 1, 1, 0, 0, 0, 0, 0, 1]}, '南门东侧': {'A': [1, 1, 0, 1, 1, 1, 1, 1, 1, 1], 'B': [1, 0, 1, 1, 1, 1, 1, 1, 1, 1]}, '北门东北侧': {'A': [1, 1, 1, 1, 1, 1, 1, 1, 1, 1], 'B': [1, 0, 0, 1, 1, 0, 0, 1, 0, 0], 'C': [0, 0, 0, 1, 1, 0, 0, 1, 1, 0], 'D': [0, 0, 1, 1, 1, 0, 1, 0, 0, 1]}, '北门东南侧': {'A': [0, 1, 1, 0, 1, 0, 1, 0, 0, 0], 'B': [0, 1, 0, 0, 0, 0, 1, 0, 1, 0], 'C': [1, 1, 1, 1, 0, 0, 0, 0, 0, 0], 'D': [0, 0, 0, 0, 0, 0, 0, 0, 0, 0], 'E': [0, 1, 0, 1, 0, 1, 1, 1, 0, 0], 'F': [1, 0, 1, 1, 1, 1, 1, 0, 0, 1]}, '橘园北侧南': {'A': [1, 0, 0, 0, 0, 1, 0, 0, 1, 1], 'B': [1, 1, 1, 1, 0, 1, 0, 1, 1, 1], 'C': [1, 1, 1, 1, 0, 1, 1, 0, 0, 0], 'D': [1, 1, 1, 1, 1, 1, 1, 1, 1, 0], 'E': [1, 1, 1, 0, 1, 1, 0, 1, 0, 0], 'F': [0, 0, 0, 0, 0, 1, 0, 0, 1, 0], 'G': [0, 0, 1, 0, 0, 0, 1, 1, 0, 1], 'H': [1, 1, 1, 1, 0, 1, 1, 0, 1, 0], 'I': [0, 1, 0, 1, 1, 1, 1, 0, 1, 0], 'J': [0, 1, 0, 1, 1, 1, 1, 0, 1, 1]}, '校医院西': {'A': [0, 1, 1, 0, 1, 0, 0, 1, 0, 0], 'B': [1, 1, 1, 0, 1, 0, 0, 1, 0, 1], 'C': [0, 1, 0, 1, 1, 0, 1, 1, 0, 1], 'D': [1, 1, 1, 0, 1, 0, 1, 1, 1, 1], 'E': [1, 1, 1, 1, 1, 1, 1, 1, 1, 1], 'F': [1, 0, 1, 1, 1, 1, 1, 1, 1, 1], 'G': [0, 0, 0, 0, 0, 1, 1, 1, 0, 0], 'H': [0, 0, 0, 0, 0, 0, 0, 0, 0, 0], 'I': [1, 0, 0, 0, 0, 0, 0, 0, 0, 0]}}
624038	2024-07-13 18:02:59.578000+08:00	2024-07-13 18:02:59.578000+08:00	{'东门北侧': {'A': [1, 1, 1, 1, 1, 0, 1, 0, 1, 1], 'B': [1, 1, 1, 1, 1, 1, 1, 1, 1, 1], 'C': [0, 1, 1, 0, 1, 0, 1, 0, 1, 1], 'D': [1, 0, 1, 1, 1, 0, 0, 1, 0, 0], 'E': [1, 1, 1, 1, 1, 0, 1, 1, 1, 1], 'F': [1, 1, 1, 1, 1, 1, 1, 1, 0, 1], 'G': [1, 1, 1, 1, 1, 1, 1, 1, 1, 0], 'H': [1, 1, 1, 1, 1, 0, 1, 1, 0, 1], 'I': [1, 0, 1, 1, 1, 1, 0, 1, 0, 1], 'J': [1, 1, 0, 1, 0, 1, 1, 1, 1, 1], 'K': [0, 0, 0, 1, 1, 1, 1, 1, 0, 0]}, '东门南侧': {'A': [0, 1, 1, 0, 0, 0, 1, 0, 0, 0], 'B': [0, 0, 0, 0, 0, 0, 0, 0, 0, 0]}, '西门北侧': {'A': [1, 1, 1, 1, 1, 1, 1, 1, 0, 0], 'B': [1, 1, 1, 1, 1, 1, 1, 0, 1, 1], 'C': [1, 1, 1, 1, 0, 1, 1, 1, 1, 0]}, '西门南侧': {'A': [1, 1, 1, 1, 1, 1, 1, 1, 1, 1], 'B': [1, 1, 1, 1, 1, 1, 1, 1, 1, 1], 'C': [1, 1, 0, 1, 1, 1, 1, 1, 1, 1]}, '南门西侧': {'A': [1, 1, 1, 1, 1, 1, 1, 1, 1, 1], 'B': [0, 0, 1, 1, 0, 0, 0, 0, 0, 1]}, '南门东侧': {'A': [1, 1, 0, 1, 1, 1, 1, 1, 1, 1], 'B': [1, 0, 1, 1, 1, 1, 1, 1, 1, 1]}, '北门东北侧': {'A': [1, 1, 1, 1, 1, 1, 1, 1, 1, 1], 'B': [1, 0, 0, 1, 1, 0, 0, 1, 0, 0], 'C': [0, 0, 0, 1, 1, 0, 0, 1, 1, 0], 'D': [0, 0, 1, 1, 1, 0, 1, 0, 0, 1]}, '北门东南侧': {'A': [0, 1, 1, 0, 1, 0, 1, 0, 0, 0], 'B': [0, 1, 0, 0, 0, 0, 1, 0, 1, 0], 'C': [1, 1, 1, 1, 0, 0, 0, 0, 0, 0], 'D': [0, 0, 0, 0, 0, 0, 0, 0, 0, 0], 'E': [0, 1, 0, 1, 0, 1, 1, 1, 0, 0], 'F': [1, 0, 1, 1, 1, 1, 1, 0, 0, 1]}, '橘园北侧南': {'A': [1, 0, 0, 0, 0, 1, 0, 0, 1, 1], 'B': [1, 1, 1, 1, 0, 1, 0, 1, 1, 1], 'C': [1, 1, 1, 1, 0, 1, 1, 0, 0, 0], 'D': [1, 1, 1, 1, 1, 1, 1, 1, 1, 0], 'E': [1, 1, 1, 0, 1, 1, 0, 1, 0, 0], 'F': [0, 0, 0, 0, 0, 1, 0, 0, 1, 0], 'G': [0, 0, 1, 0, 0, 0, 1, 1, 0, 1], 'H': [1, 1, 1, 1, 0, 1, 1, 0, 1, 0], 'I': [0, 1, 0, 1, 1, 1, 1, 0, 1, 0], 'J': [0, 1, 0, 1, 1, 1, 1, 0, 1, 1]}, '校医院西': {'A': [0, 1, 1, 0, 1, 0, 0, 1, 0, 0], 'B': [1, 1, 1, 0, 1, 0, 0, 1, 0, 1], 'C': [0, 1, 0, 1, 1, 0, 1, 1, 0, 1], 'D': [1, 1, 1, 0, 1, 0, 1, 1, 1, 1], 'E': [1, 1, 1, 1, 1, 1, 1, 1, 1, 1], 'F': [1, 0, 1, 1, 1, 1, 1, 1, 1, 1], 'G': [0, 0, 0, 0, 0, 1, 1, 1, 0, 0], 'H': [0, 0, 0, 0, 0, 0, 0, 0, 0, 0], 'I': [1, 0, 0, 0, 0, 0, 0, 0, 0, 0]}}
624039	2024-07-13 18:03:59.155000+08:00	2024-07-13 18:03:59.155000+08:00	{'东门北侧': {'A': [1, 1, 1, 1, 1, 0, 1, 0, 1, 1], 'B': [1, 1, 1, 1, 1, 1, 1, 1, 1, 1], 'C': [0, 1, 1, 0, 1, 0, 1, 0, 1, 1], 'D': [1, 0, 1, 1, 1, 0, 0, 1, 0, 0], 'E': [1, 1, 1, 1, 1, 0, 1, 1, 1, 1], 'F': [1, 1, 1, 1, 1, 1, 1, 1, 0, 1], 'G': [1, 1, 1, 1, 1, 1, 1, 1, 1, 0], 'H': [1, 1, 1, 1, 1, 0, 1, 1, 0, 1], 'I': [1, 0, 1, 1, 1, 1, 0, 1, 0, 1], 'J': [1, 1, 0, 1, 0, 1, 1, 1, 1, 1], 'K': [0, 0, 0, 1, 1, 1, 1, 1, 0, 0]}, '东门南侧': {'A': [0, 1, 1, 0, 0, 0, 1, 0, 0, 0], 'B': [0, 0, 0, 0, 0, 0, 0, 0, 0, 0]}, '西门北侧': {'A': [1, 1, 1, 1, 1, 1, 1, 1, 0, 0], 'B': [1, 1, 1, 1, 1, 1, 1, 0, 1, 1], 'C': [1, 1, 1, 1, 0, 1, 1, 1, 1, 0]}, '西门南侧': {'A': [1, 1, 1, 1, 1, 1, 1, 1, 1, 1], 'B': [1, 1, 1, 1, 1, 1, 1, 1, 1, 1], 'C': [1, 1, 0, 1, 1, 1, 1, 1, 1, 1]}, '南门西侧': {'A': [1, 1, 1, 1, 1, 1, 1, 1, 1, 1], 'B': [0, 0, 1, 1, 0, 0, 0, 0, 0, 1]}, '南门东侧': {'A': [1, 1, 0, 1, 1, 1, 1, 1, 1, 1], 'B': [1, 0, 1, 1, 1, 1, 1, 1, 1, 1]}, '北门东北侧': {'A': [1, 1, 1, 1, 1, 1, 1, 1, 1, 1], 'B': [1, 0, 0, 1, 1, 0, 0, 1, 0, 0], 'C': [0, 0, 0, 1, 1, 0, 0, 1, 1, 0], 'D': [0, 0, 1, 1, 1, 0, 1, 0, 0, 1]}, '北门东南侧': {'A': [0, 1, 1, 0, 1, 0, 1, 0, 0, 0], 'B': [0, 1, 0, 0, 0, 0, 1, 0, 1, 0], 'C': [1, 1, 1, 1, 0, 0, 0, 0, 0, 0], 'D': [0, 0, 0, 0, 0, 0, 0, 0, 0, 0], 'E': [0, 1, 0, 1, 0, 0, 1, 1, 0, 0], 'F': [1, 0, 1, 1, 1, 1, 1, 0, 0, 1]}, '橘园北侧南': {'A': [1, 0, 0, 0, 0, 1, 0, 0, 1, 1], 'B': [1, 1, 1, 1, 0, 1, 0, 1, 1, 1], 'C': [1, 1, 1, 1, 0, 1, 1, 0, 0, 0], 'D': [1, 1, 1, 1, 1, 1, 1, 1, 1, 0], 'E': [1, 1, 1, 0, 1, 1, 0, 1, 0, 0], 'F': [0, 0, 0, 0, 0, 1, 0, 0, 1, 0], 'G': [0, 0, 1, 0, 0, 0, 1, 1, 0, 1], 'H': [1, 1, 1, 1, 0, 1, 1, 0, 1, 0], 'I': [0, 1, 0, 1, 1, 1, 1, 0, 1, 0], 'J': [0, 1, 0, 1, 1, 1, 1, 0, 1, 1]}, '校医院西': {'A': [0, 1, 1, 0, 1, 0, 0, 1, 0, 0], 'B': [1, 1, 1, 0, 1, 0, 0, 1, 0, 1], 'C': [0, 1, 0, 1, 1, 0, 1, 1, 0, 1], 'D': [1, 1, 1, 0, 1, 0, 1, 1, 1, 1], 'E': [1, 1, 1, 1, 1, 1, 1, 1, 1, 1], 'F': [1, 0, 1, 1, 1, 1, 1, 1, 1, 1], 'G': [0, 0, 0, 0, 0, 1, 1, 1, 0, 0], 'H': [0, 0, 0, 0, 0, 0, 0, 0, 0, 0], 'I': [1, 0, 0, 0, 0, 0, 0, 0, 0, 0]}}
624040	2024-07-13 18:05:00.541000+08:00	2024-07-13 18:05:00.541000+08:00	{'东门北侧': {'A': [1, 1, 1, 1, 1, 0, 1, 0, 1, 1], 'B': [1, 1, 1, 1, 1, 1, 1, 1, 1, 1], 'C': [0, 1, 1, 0, 1, 0, 1, 0, 1, 1], 'D': [1, 0, 1, 1, 1, 0, 0, 1, 0, 0], 'E': [1, 1, 1, 1, 1, 0, 1, 1, 1, 1], 'F': [1, 1, 1, 1, 1, 1, 1, 1, 0, 1], 'G': [1, 1, 1, 1, 1, 1, 1, 1, 1, 0], 'H': [1, 1, 1, 1, 1, 0, 1, 1, 0, 1], 'I': [1, 0, 1, 1, 1, 1, 0, 1, 0, 1], 'J': [1, 1, 0, 1, 0, 1, 1, 1, 1, 1], 'K': [0, 0, 0, 1, 1, 1, 1, 1, 0, 0]}, '东门南侧': {'A': [0, 1, 1, 0, 0, 0, 1, 0, 0, 0], 'B': [0, 0, 0, 0, 0, 0, 0, 0, 0, 0]}, '西门北侧': {'A': [1, 1, 1, 1, 1, 1, 1, 1, 0, 0], 'B': [1, 1, 1, 1, 1, 1, 1, 0, 1, 1], 'C': [1, 1, 1, 1, 0, 1, 1, 1, 1, 0]}, '西门南侧': {'A': [1, 1, 1, 1, 1, 1, 1, 1, 1, 1], 'B': [1, 1, 1, 1, 1, 1, 1, 1, 1, 1], 'C': [1, 1, 0, 1, 1, 1, 1, 1, 1, 1]}, '南门西侧': {'A': [1, 1, 1, 1, 1, 1, 1, 1, 1, 1], 'B': [0, 0, 1, 1, 0, 0, 0, 0, 0, 1]}, '南门东侧': {'A': [1, 1, 0, 1, 1, 1, 1, 1, 1, 1], 'B': [1, 0, 1, 1, 1, 1, 1, 1, 1, 1]}, '北门东北侧': {'A': [1, 1, 1, 1, 1, 1, 1, 1, 1, 1], 'B': [1, 0, 0, 1, 1, 0, 0, 1, 0, 0], 'C': [0, 0, 0, 1, 1, 0, 0, 1, 1, 0], 'D': [0, 0, 1, 1, 1, 0, 1, 0, 0, 1]}, '北门东南侧': {'A': [0, 1, 1, 0, 1, 0, 1, 0, 0, 0], 'B': [0, 1, 0, 0, 0, 0, 1, 0, 1, 0], 'C': [1, 1, 1, 1, 0, 0, 0, 0, 0, 0], 'D': [0, 0, 0, 0, 0, 0, 0, 0, 0, 0], 'E': [0, 1, 0, 1, 0, 0, 1, 1, 0, 0], 'F': [1, 0, 1, 1, 1, 1, 1, 0, 0, 1]}, '橘园北侧南': {'A': [1, 0, 0, 0, 0, 1, 0, 0, 1, 1], 'B': [1, 1, 1, 1, 0, 1, 0, 1, 1, 1], 'C': [1, 1, 1, 1, 0, 1, 1, 0, 0, 0], 'D': [1, 1, 1, 1, 1, 1, 1, 1, 1, 0], 'E': [1, 1, 1, 0, 1, 1, 0, 1, 0, 0], 'F': [0, 0, 0, 0, 0, 1, 0, 0, 1, 0], 'G': [0, 0, 1, 0, 0, 0, 1, 1, 0, 1], 'H': [1, 1, 1, 1, 0, 1, 1, 0, 1, 0], 'I': [0, 1, 0, 1, 1, 1, 1, 0, 1, 0], 'J': [0, 1, 0, 1, 1, 1, 1, 0, 1, 1]}, '校医院西': {'A': [0, 1, 1, 0, 1, 0, 0, 1, 0, 0], 'B': [1, 1, 1, 0, 1, 0, 0, 1, 0, 1], 'C': [0, 1, 0, 1, 1, 0, 1, 1, 0, 1], 'D': [1, 1, 1, 0, 1, 0, 1, 1, 1, 1], 'E': [1, 1, 1, 1, 1, 1, 1, 1, 1, 1], 'F': [1, 0, 1, 1, 1, 1, 1, 1, 1, 1], 'G': [0, 0, 0, 0, 0, 1, 1, 1, 0, 0], 'H': [0, 0, 0, 0, 0, 0, 0, 0, 0, 0], 'I': [1, 0, 0, 0, 0, 0, 0, 0, 0, 0]}}
624041	2024-07-13 18:06:01.842000+08:00	2024-07-13 18:06:01.842000+08:00	{'东门北侧': {'A': [1, 1, 1, 1, 1, 0, 1, 0, 1, 1], 'B': [1, 1, 1, 1, 1, 1, 1, 1, 1, 1], 'C': [0, 1, 1, 0, 1, 0, 1, 0, 1, 1], 'D': [1, 0, 1, 1, 1, 0, 0, 1, 0, 0], 'E': [1, 1, 1, 1, 1, 0, 1, 1, 1, 1], 'F': [1, 1, 1, 1, 1, 1, 1, 1, 0, 1], 'G': [1, 1, 1, 1, 1, 1, 1, 1, 1, 0], 'H': [1, 1, 1, 1, 1, 0, 1, 1, 0, 1], 'I': [1, 0, 1, 1, 1, 1, 0, 1, 0, 1], 'J': [1, 1, 0, 1, 0, 1, 1, 1, 1, 1], 'K': [0, 0, 0, 1, 1, 1, 1, 1, 0, 0]}, '东门南侧': {'A': [0, 1, 1, 0, 0, 0, 1, 0, 0, 0], 'B': [0, 0, 0, 0, 0, 0, 0, 0, 0, 0]}, '西门北侧': {'A': [1, 1, 1, 1, 1, 1, 1, 1, 0, 0], 'B': [1, 1, 1, 1, 1, 1, 1, 0, 1, 1], 'C': [1, 1, 1, 1, 0, 1, 1, 1, 1, 0]}, '西门南侧': {'A': [1, 1, 1, 1, 1, 1, 1, 1, 1, 1], 'B': [1, 1, 1, 1, 1, 1, 1, 1, 1, 1], 'C': [1, 1, 0, 1, 1, 1, 1, 1, 1, 1]}, '南门西侧': {'A': [1, 1, 1, 1, 1, 1, 1, 1, 1, 1], 'B': [0, 0, 1, 1, 0, 0, 0, 0, 0, 1]}, '南门东侧': {'A': [1, 1, 0, 1, 1, 1, 1, 1, 1, 1], 'B': [1, 0, 1, 1, 1, 1, 1, 1, 1, 1]}, '北门东北侧': {'A': [1, 1, 1, 1, 1, 1, 1, 1, 1, 1], 'B': [1, 0, 0, 1, 1, 0, 0, 1, 0, 0], 'C': [0, 0, 0, 1, 1, 0, 0, 1, 1, 0], 'D': [0, 0, 1, 1, 1, 0, 1, 0, 0, 1]}, '北门东南侧': {'A': [0, 1, 1, 0, 1, 0, 1, 0, 0, 0], 'B': [0, 1, 0, 0, 0, 0, 1, 0, 1, 0], 'C': [1, 1, 1, 1, 0, 0, 0, 0, 0, 0], 'D': [0, 0, 0, 0, 0, 0, 0, 0, 0, 0], 'E': [0, 1, 0, 1, 0, 0, 1, 1, 0, 0], 'F': [1, 0, 1, 1, 1, 1, 1, 0, 0, 1]}, '橘园北侧南': {'A': [1, 0, 0, 0, 0, 1, 0, 0, 1, 1], 'B': [1, 1, 1, 1, 0, 1, 0, 1, 1, 1], 'C': [1, 1, 1, 1, 0, 1, 1, 0, 0, 0], 'D': [1, 1, 1, 1, 1, 1, 1, 1, 1, 0], 'E': [1, 1, 1, 0, 1, 1, 0, 1, 0, 0], 'F': [0, 0, 0, 0, 0, 0, 0, 0, 1, 0], 'G': [0, 0, 1, 0, 0, 0, 1, 1, 0, 1], 'H': [0, 1, 1, 1, 0, 1, 1, 0, 1, 0], 'I': [0, 1, 0, 1, 1, 1, 1, 0, 1, 0], 'J': [0, 1, 0, 1, 1, 1, 1, 0, 1, 1]}, '校医院西': {'A': [0, 1, 1, 0, 1, 0, 0, 1, 0, 0], 'B': [1, 1, 1, 0, 1, 0, 0, 1, 0, 1], 'C': [0, 1, 0, 1, 1, 0, 1, 1, 0, 1], 'D': [1, 1, 1, 0, 1, 0, 1, 1, 1, 1], 'E': [1, 1, 1, 1, 1, 1, 1, 1, 1, 1], 'F': [1, 0, 1, 1, 1, 1, 1, 1, 1, 1], 'G': [0, 0, 0, 0, 0, 1, 1, 1, 0, 0], 'H': [0, 0, 0, 0, 0, 0, 0, 0, 0, 0], 'I': [1, 0, 0, 0, 0, 0, 0, 0, 0, 0]}}
624042	2024-07-13 18:07:01.584000+08:00	2024-07-13 18:07:01.584000+08:00	{'东门北侧': {'A': [1, 1, 1, 1, 1, 0, 1, 0, 1, 1], 'B': [1, 1, 1, 1, 1, 1, 1, 1, 1, 1], 'C': [0, 1, 1, 0, 1, 0, 1, 0, 1, 1], 'D': [1, 0, 1, 1, 1, 0, 0, 1, 0, 0], 'E': [1, 1, 1, 1, 1, 0, 1, 1, 1, 1], 'F': [1, 1, 1, 1, 1, 1, 1, 1, 0, 1], 'G': [1, 1, 1, 1, 1, 1, 1, 1, 1, 0], 'H': [1, 1, 1, 1, 1, 0, 1, 1, 0, 1], 'I': [1, 0, 1, 1, 1, 1, 0, 1, 0, 1], 'J': [1, 1, 0, 1, 0, 1, 1, 1, 1, 1], 'K': [0, 0, 0, 1, 1, 1, 1, 1, 0, 0]}, '东门南侧': {'A': [1, 1, 1, 0, 0, 0, 1, 0, 0, 0], 'B': [0, 0, 0, 0, 0, 0, 0, 0, 0, 0]}, '西门北侧': {'A': [1, 1, 1, 1, 1, 1, 1, 1, 0, 0], 'B': [1, 1, 1, 1, 1, 1, 1, 0, 1, 1], 'C': [1, 1, 1, 1, 0, 1, 1, 1, 1, 0]}, '西门南侧': {'A': [1, 1, 1, 1, 1, 1, 1, 1, 1, 1], 'B': [1, 1, 1, 1, 1, 1, 1, 1, 1, 1], 'C': [1, 1, 0, 1, 1, 1, 1, 1, 1, 1]}, '南门西侧': {'A': [1, 1, 1, 1, 1, 1, 1, 1, 1, 1], 'B': [0, 0, 1, 1, 0, 0, 0, 0, 0, 1]}, '南门东侧': {'A': [1, 1, 0, 1, 1, 1, 1, 1, 1, 1], 'B': [1, 0, 1, 1, 1, 1, 1, 1, 1, 1]}, '北门东北侧': {'A': [1, 1, 1, 1, 1, 1, 1, 1, 1, 1], 'B': [1, 0, 0, 1, 1, 0, 0, 1, 0, 0], 'C': [0, 0, 0, 1, 1, 0, 0, 1, 1, 0], 'D': [0, 0, 1, 1, 1, 0, 1, 0, 0, 1]}, '北门东南侧': {'A': [0, 1, 1, 0, 1, 1, 1, 0, 0, 0], 'B': [0, 1, 0, 0, 0, 0, 1, 0, 1, 0], 'C': [1, 1, 1, 1, 0, 0, 0, 0, 0, 0], 'D': [0, 0, 0, 0, 0, 0, 0, 0, 0, 0], 'E': [0, 1, 0, 1, 0, 0, 1, 1, 0, 0], 'F': [1, 0, 1, 1, 1, 1, 1, 0, 0, 1]}, '橘园北侧南': {'A': [1, 0, 0, 0, 0, 1, 0, 0, 1, 1], 'B': [1, 1, 1, 1, 0, 1, 0, 1, 1, 1], 'C': [1, 1, 1, 1, 0, 1, 1, 0, 0, 0], 'D': [1, 1, 1, 1, 1, 1, 1, 1, 1, 0], 'E': [1, 1, 1, 0, 1, 1, 0, 1, 0, 0], 'F': [0, 0, 0, 0, 0, 0, 0, 0, 1, 0], 'G': [0, 0, 1, 0, 0, 0, 1, 1, 0, 1], 'H': [0, 1, 1, 1, 0, 1, 1, 0, 1, 0], 'I': [0, 1, 0, 1, 1, 0, 1, 0, 1, 0], 'J': [0, 1, 0, 1, 1, 1, 1, 0, 1, 1]}, '校医院西': {'A': [0, 1, 1, 0, 1, 0, 0, 1, 0, 0], 'B': [1, 1, 1, 0, 1, 0, 0, 1, 0, 1], 'C': [0, 1, 0, 1, 1, 0, 1, 1, 0, 1], 'D': [1, 1, 1, 0, 1, 0, 1, 1, 1, 1], 'E': [1, 1, 1, 1, 1, 1, 1, 1, 1, 1], 'F': [1, 0, 1, 1, 1, 1, 1, 1, 1, 1], 'G': [0, 0, 0, 0, 0, 1, 1, 1, 0, 0], 'H': [0, 0, 0, 0, 0, 0, 0, 0, 0, 0], 'I': [1, 0, 0, 0, 0, 0, 0, 0, 0, 0]}}
624043	2024-07-13 18:07:59.620000+08:00	2024-07-13 18:07:59.620000+08:00	{'东门北侧': {'A': [1, 1, 1, 1, 1, 0, 1, 0, 1, 1], 'B': [1, 1, 1, 1, 1, 1, 1, 1, 1, 1], 'C': [0, 1, 1, 0, 1, 0, 1, 0, 1, 1], 'D': [1, 0, 1, 1, 1, 0, 0, 1, 0, 0], 'E': [1, 1, 1, 1, 1, 0, 1, 1, 1, 1], 'F': [1, 1, 1, 1, 1, 1, 1, 1, 0, 1], 'G': [1, 1, 1, 1, 1, 1, 1, 1, 1, 0], 'H': [1, 1, 1, 1, 1, 0, 1, 1, 0, 1], 'I': [1, 0, 1, 1, 1, 1, 0, 1, 0, 1], 'J': [1, 1, 0, 1, 0, 1, 1, 1, 1, 1], 'K': [0, 0, 0, 1, 1, 1, 1, 1, 0, 0]}, '东门南侧': {'A': [1, 1, 1, 0, 0, 0, 1, 0, 0, 0], 'B': [0, 0, 0, 0, 0, 0, 0, 0, 0, 0]}, '西门北侧': {'A': [1, 1, 1, 1, 1, 1, 1, 1, 0, 0], 'B': [1, 1, 1, 1, 1, 1, 1, 0, 1, 1], 'C': [1, 1, 1, 1, 0, 1, 1, 1, 1, 0]}, '西门南侧': {'A': [1, 1, 1, 1, 1, 1, 1, 1, 1, 1], 'B': [1, 1, 1, 1, 1, 1, 1, 1, 1, 1], 'C': [1, 1, 0, 1, 1, 1, 1, 1, 1, 1]}, '南门西侧': {'A': [1, 1, 1, 1, 1, 1, 1, 1, 1, 1], 'B': [0, 0, 1, 1, 0, 0, 0, 0, 0, 1]}, '南门东侧': {'A': [1, 1, 0, 1, 1, 1, 1, 1, 1, 1], 'B': [1, 0, 1, 1, 1, 1, 1, 1, 1, 1]}, '北门东北侧': {'A': [1, 1, 1, 1, 1, 1, 1, 1, 1, 1], 'B': [1, 0, 0, 1, 1, 0, 0, 1, 0, 0], 'C': [0, 0, 0, 1, 1, 0, 0, 1, 1, 0], 'D': [0, 0, 1, 1, 1, 0, 1, 0, 0, 1]}, '北门东南侧': {'A': [0, 1, 1, 0, 1, 1, 1, 0, 0, 0], 'B': [0, 1, 0, 0, 0, 0, 1, 0, 1, 0], 'C': [1, 1, 1, 1, 0, 0, 0, 0, 0, 0], 'D': [0, 0, 0, 0, 0, 0, 0, 0, 0, 0], 'E': [0, 1, 0, 1, 0, 0, 1, 1, 0, 0], 'F': [1, 0, 1, 1, 1, 1, 1, 0, 0, 1]}, '橘园北侧南': {'A': [1, 0, 0, 0, 0, 1, 0, 0, 1, 1], 'B': [1, 1, 1, 1, 0, 1, 0, 1, 1, 1], 'C': [1, 1, 1, 1, 0, 1, 1, 0, 0, 0], 'D': [1, 1, 1, 1, 1, 1, 1, 1, 1, 0], 'E': [1, 1, 1, 0, 1, 1, 0, 1, 0, 0], 'F': [0, 0, 0, 0, 0, 0, 0, 0, 1, 0], 'G': [0, 0, 1, 0, 0, 0, 1, 1, 0, 1], 'H': [0, 1, 1, 1, 0, 1, 1, 0, 1, 0], 'I': [0, 1, 0, 1, 1, 0, 1, 0, 1, 0], 'J': [0, 1, 0, 1, 1, 1, 1, 0, 1, 1]}, '校医院西': {'A': [0, 1, 1, 0, 1, 0, 0, 1, 0, 0], 'B': [1, 1, 1, 0, 1, 0, 0, 1, 0, 1], 'C': [0, 1, 0, 1, 1, 0, 1, 1, 0, 1], 'D': [1, 1, 1, 0, 1, 0, 1, 1, 1, 1], 'E': [1, 1, 1, 1, 1, 1, 1, 1, 1, 1], 'F': [1, 0, 1, 1, 1, 1, 1, 1, 1, 1], 'G': [0, 0, 0, 0, 0, 1, 1, 1, 0, 0], 'H': [0, 0, 0, 0, 0, 0, 0, 0, 0, 0], 'I': [1, 0, 0, 0, 0, 0, 0, 0, 0, 0]}}
624044	2024-07-13 18:08:59.675000+08:00	2024-07-13 18:08:59.675000+08:00	{'东门北侧': {'A': [1, 1, 1, 1, 1, 0, 1, 0, 1, 1], 'B': [1, 1, 1, 1, 1, 1, 1, 1, 1, 1], 'C': [0, 1, 1, 0, 1, 0, 1, 0, 1, 1], 'D': [1, 0, 1, 1, 1, 0, 0, 1, 0, 0], 'E': [1, 1, 1, 1, 1, 0, 1, 1, 1, 1], 'F': [1, 1, 1, 1, 1, 1, 1, 1, 0, 1], 'G': [1, 1, 1, 1, 1, 1, 1, 1, 1, 0], 'H': [1, 1, 1, 1, 1, 0, 1, 1, 0, 1], 'I': [1, 0, 1, 1, 1, 1, 0, 1, 0, 1], 'J': [1, 1, 0, 1, 0, 1, 1, 1, 1, 1], 'K': [0, 0, 0, 1, 1, 1, 1, 1, 0, 0]}, '东门南侧': {'A': [1, 1, 1, 1, 0, 0, 1, 0, 0, 0], 'B': [0, 0, 0, 0, 0, 0, 0, 0, 0, 0]}, '西门北侧': {'A': [1, 1, 1, 1, 1, 1, 1, 1, 0, 0], 'B': [1, 1, 1, 1, 1, 1, 1, 0, 1, 1], 'C': [1, 1, 1, 1, 0, 1, 1, 1, 1, 0]}, '西门南侧': {'A': [1, 1, 1, 1, 1, 1, 1, 1, 1, 1], 'B': [1, 1, 1, 1, 1, 1, 1, 1, 1, 1], 'C': [1, 1, 0, 1, 1, 1, 1, 1, 1, 1]}, '南门西侧': {'A': [1, 1, 1, 1, 1, 1, 1, 1, 1, 1], 'B': [0, 0, 1, 1, 0, 0, 0, 0, 0, 1]}, '南门东侧': {'A': [1, 1, 0, 1, 1, 1, 1, 1, 1, 1], 'B': [1, 0, 1, 1, 1, 1, 1, 1, 1, 1]}, '北门东北侧': {'A': [1, 1, 1, 1, 1, 1, 1, 1, 1, 1], 'B': [1, 0, 0, 1, 1, 0, 0, 1, 0, 0], 'C': [0, 0, 0, 1, 1, 0, 0, 1, 1, 0], 'D': [0, 0, 1, 1, 1, 0, 1, 0, 0, 1]}, '北门东南侧': {'A': [0, 1, 1, 0, 1, 1, 1, 0, 0, 0], 'B': [0, 1, 0, 0, 0, 0, 1, 0, 1, 0], 'C': [1, 1, 1, 1, 0, 0, 0, 0, 0, 0], 'D': [0, 0, 0, 0, 0, 0, 0, 0, 0, 0], 'E': [0, 1, 0, 1, 0, 0, 1, 1, 0, 0], 'F': [1, 0, 1, 1, 1, 1, 1, 0, 0, 1]}, '橘园北侧南': {'A': [1, 0, 0, 0, 0, 1, 0, 0, 1, 1], 'B': [1, 1, 1, 1, 0, 1, 0, 1, 1, 1], 'C': [1, 1, 1, 1, 0, 1, 1, 0, 0, 0], 'D': [1, 1, 1, 1, 1, 1, 1, 1, 1, 0], 'E': [1, 1, 1, 0, 1, 1, 0, 1, 0, 0], 'F': [0, 0, 0, 0, 0, 0, 0, 0, 1, 0], 'G': [0, 0, 1, 0, 0, 0, 1, 1, 0, 1], 'H': [0, 1, 1, 1, 0, 1, 1, 0, 1, 0], 'I': [0, 1, 0, 1, 1, 0, 1, 0, 1, 0], 'J': [0, 1, 0, 1, 1, 1, 1, 0, 1, 1]}, '校医院西': {'A': [0, 1, 1, 0, 1, 0, 0, 1, 0, 0], 'B': [1, 1, 1, 0, 1, 0, 0, 1, 0, 1], 'C': [0, 1, 0, 1, 1, 0, 1, 1, 0, 1], 'D': [1, 1, 1, 0, 1, 0, 1, 1, 1, 1], 'E': [1, 1, 1, 1, 1, 1, 1, 1, 1, 1], 'F': [1, 0, 1, 1, 1, 1, 1, 1, 1, 1], 'G': [0, 0, 1, 0, 0, 1, 1, 1, 0, 0], 'H': [0, 0, 0, 0, 0, 0, 0, 0, 0, 0], 'I': [1, 0, 0, 0, 0, 0, 0, 0, 0, 0]}}
624045	2024-07-13 18:10:00.670000+08:00	2024-07-13 18:10:00.670000+08:00	{'东门北侧': {'A': [1, 1, 1, 1, 1, 0, 1, 0, 1, 1], 'B': [1, 1, 1, 1, 1, 1, 1, 1, 1, 1], 'C': [0, 1, 1, 0, 1, 0, 1, 0, 1, 1], 'D': [1, 0, 1, 1, 1, 0, 0, 1, 0, 0], 'E': [1, 1, 1, 1, 1, 0, 1, 1, 1, 1], 'F': [1, 1, 1, 1, 1, 1, 1, 1, 0, 1], 'G': [1, 1, 1, 1, 1, 1, 1, 1, 1, 0], 'H': [1, 1, 1, 1, 1, 0, 1, 1, 0, 1], 'I': [1, 0, 1, 1, 1, 1, 0, 1, 0, 1], 'J': [1, 1, 0, 1, 0, 1, 1, 1, 1, 1], 'K': [0, 0, 0, 1, 1, 1, 1, 1, 0, 0]}, '东门南侧': {'A': [1, 1, 1, 1, 0, 0, 1, 0, 0, 0], 'B': [0, 0, 0, 0, 0, 0, 0, 0, 0, 0]}, '西门北侧': {'A': [1, 1, 1, 1, 1, 1, 1, 1, 0, 0], 'B': [1, 1, 1, 1, 1, 1, 1, 0, 1, 1], 'C': [1, 1, 1, 1, 0, 1, 1, 1, 1, 0]}, '西门南侧': {'A': [1, 1, 1, 1, 1, 1, 1, 1, 1, 1], 'B': [1, 1, 1, 1, 1, 1, 1, 1, 1, 1], 'C': [1, 1, 0, 1, 1, 1, 1, 1, 1, 1]}, '南门西侧': {'A': [1, 1, 1, 1, 1, 1, 1, 1, 1, 1], 'B': [0, 0, 1, 1, 0, 0, 0, 0, 0, 1]}, '南门东侧': {'A': [1, 1, 0, 1, 1, 1, 1, 1, 1, 1], 'B': [1, 0, 1, 1, 1, 1, 1, 1, 1, 1]}, '北门东北侧': {'A': [1, 1, 1, 1, 1, 1, 1, 1, 1, 1], 'B': [1, 0, 0, 1, 1, 0, 0, 1, 0, 0], 'C': [0, 0, 0, 1, 1, 0, 0, 1, 1, 0], 'D': [0, 0, 1, 1, 1, 0, 1, 0, 0, 1]}, '北门东南侧': {'A': [0, 1, 1, 0, 1, 1, 1, 0, 0, 0], 'B': [0, 1, 0, 0, 0, 0, 1, 0, 1, 0], 'C': [1, 1, 1, 1, 0, 0, 0, 0, 0, 0], 'D': [0, 0, 0, 0, 0, 0, 0, 0, 0, 0], 'E': [0, 1, 0, 1, 0, 0, 1, 1, 0, 0], 'F': [1, 0, 1, 1, 1, 1, 1, 0, 0, 1]}, '橘园北侧南': {'A': [1, 0, 0, 0, 0, 1, 0, 0, 1, 1], 'B': [1, 1, 1, 1, 0, 1, 0, 1, 1, 1], 'C': [1, 1, 1, 1, 0, 1, 1, 0, 0, 0], 'D': [1, 1, 1, 1, 1, 1, 1, 1, 1, 0], 'E': [1, 1, 1, 0, 1, 1, 0, 1, 0, 0], 'F': [0, 0, 0, 0, 0, 0, 0, 0, 1, 0], 'G': [0, 0, 1, 0, 0, 0, 1, 1, 0, 1], 'H': [0, 1, 1, 1, 0, 1, 1, 0, 1, 0], 'I': [0, 1, 0, 1, 1, 0, 1, 0, 1, 0], 'J': [0, 1, 0, 1, 1, 1, 1, 0, 1, 1]}, '校医院西': {'A': [0, 1, 1, 0, 1, 0, 0, 1, 0, 0], 'B': [1, 1, 1, 0, 1, 0, 0, 0, 0, 1], 'C': [0, 1, 0, 1, 1, 0, 1, 1, 0, 1], 'D': [1, 1, 1, 0, 1, 0, 1, 1, 1, 1], 'E': [1, 1, 1, 1, 1, 1, 1, 1, 1, 1], 'F': [1, 0, 1, 1, 1, 1, 1, 1, 1, 1], 'G': [0, 0, 1, 0, 0, 1, 1, 1, 0, 0], 'H': [0, 0, 0, 0, 0, 0, 0, 0, 0, 0], 'I': [1, 0, 0, 0, 0, 0, 0, 0, 0, 0]}}
624046	2024-07-13 18:11:00.674000+08:00	2024-07-13 18:11:00.674000+08:00	{'东门北侧': {'A': [1, 1, 1, 1, 1, 0, 1, 0, 1, 1], 'B': [1, 1, 1, 1, 1, 1, 1, 1, 1, 1], 'C': [0, 1, 1, 0, 1, 0, 1, 0, 1, 1], 'D': [1, 0, 1, 1, 1, 0, 0, 1, 0, 0], 'E': [1, 1, 1, 1, 1, 0, 1, 1, 1, 1], 'F': [1, 1, 1, 1, 1, 1, 1, 1, 0, 1], 'G': [1, 1, 1, 1, 1, 1, 1, 1, 1, 0], 'H': [1, 1, 1, 1, 1, 0, 1, 1, 0, 1], 'I': [1, 0, 1, 1, 1, 1, 0, 1, 0, 1], 'J': [1, 1, 0, 1, 0, 1, 1, 1, 1, 1], 'K': [0, 0, 0, 1, 1, 1, 1, 1, 0, 0]}, '东门南侧': {'A': [1, 1, 1, 1, 0, 0, 1, 0, 0, 0], 'B': [0, 0, 0, 0, 0, 0, 0, 0, 0, 0]}, '西门北侧': {'A': [1, 1, 1, 1, 1, 1, 1, 1, 0, 0], 'B': [1, 1, 1, 1, 1, 1, 1, 0, 1, 1], 'C': [1, 1, 1, 1, 0, 1, 1, 1, 1, 0]}, '西门南侧': {'A': [1, 1, 1, 1, 1, 1, 1, 1, 1, 1], 'B': [1, 1, 1, 1, 1, 1, 1, 1, 1, 1], 'C': [1, 1, 0, 1, 1, 1, 1, 1, 1, 1]}, '南门西侧': {'A': [1, 1, 1, 1, 1, 1, 1, 1, 1, 1], 'B': [0, 0, 1, 1, 0, 0, 0, 0, 0, 1]}, '南门东侧': {'A': [1, 1, 0, 1, 1, 1, 1, 1, 1, 1], 'B': [1, 0, 1, 1, 1, 1, 1, 1, 1, 1]}, '北门东北侧': {'A': [1, 1, 1, 1, 1, 1, 1, 1, 1, 1], 'B': [1, 0, 0, 1, 1, 0, 0, 1, 0, 0], 'C': [0, 0, 0, 1, 1, 0, 0, 1, 1, 0], 'D': [0, 0, 1, 1, 1, 0, 1, 0, 0, 1]}, '北门东南侧': {'A': [0, 1, 1, 0, 1, 1, 1, 0, 0, 0], 'B': [0, 1, 0, 0, 0, 0, 1, 0, 1, 0], 'C': [1, 1, 1, 1, 0, 0, 0, 0, 0, 0], 'D': [0, 0, 0, 0, 0, 0, 0, 0, 0, 0], 'E': [0, 1, 0, 1, 0, 0, 1, 1, 0, 0], 'F': [1, 0, 1, 1, 1, 1, 1, 0, 0, 1]}, '橘园北侧南': {'A': [1, 0, 0, 0, 0, 1, 0, 0, 1, 1], 'B': [1, 1, 1, 1, 0, 1, 0, 1, 1, 1], 'C': [1, 1, 1, 1, 0, 1, 1, 0, 0, 0], 'D': [1, 1, 1, 1, 1, 1, 1, 1, 1, 0], 'E': [1, 1, 1, 0, 1, 1, 0, 1, 0, 0], 'F': [0, 0, 0, 0, 0, 0, 0, 0, 1, 0], 'G': [0, 0, 1, 0, 0, 0, 1, 1, 0, 1], 'H': [0, 1, 1, 1, 0, 1, 1, 0, 1, 0], 'I': [0, 1, 0, 1, 1, 0, 1, 0, 1, 0], 'J': [0, 1, 0, 1, 1, 1, 1, 0, 1, 1]}, '校医院西': {'A': [0, 1, 1, 0, 1, 0, 0, 1, 0, 0], 'B': [1, 1, 1, 0, 1, 0, 0, 0, 0, 1], 'C': [0, 1, 0, 1, 1, 0, 1, 1, 0, 1], 'D': [1, 1, 1, 0, 1, 0, 1, 1, 1, 1], 'E': [1, 1, 1, 1, 1, 1, 1, 1, 1, 1], 'F': [1, 0, 1, 1, 1, 1, 1, 1, 1, 1], 'G': [0, 0, 1, 0, 0, 1, 1, 1, 0, 0], 'H': [0, 0, 0, 0, 0, 0, 0, 0, 0, 0], 'I': [1, 0, 0, 0, 0, 0, 0, 0, 0, 0]}}
624047	2024-07-13 18:11:59.475000+08:00	2024-07-13 18:11:59.475000+08:00	{'东门北侧': {'A': [1, 1, 1, 1, 1, 0, 1, 0, 1, 1], 'B': [1, 1, 1, 1, 1, 1, 1, 1, 1, 1], 'C': [0, 1, 1, 0, 1, 0, 1, 0, 1, 1], 'D': [1, 0, 1, 1, 1, 0, 0, 1, 0, 0], 'E': [1, 1, 1, 1, 1, 0, 1, 1, 1, 1], 'F': [1, 1, 1, 1, 1, 1, 1, 1, 0, 1], 'G': [1, 1, 1, 1, 1, 1, 1, 1, 1, 0], 'H': [1, 1, 1, 1, 1, 0, 1, 1, 0, 1], 'I': [1, 0, 1, 1, 1, 1, 0, 1, 0, 1], 'J': [1, 1, 0, 1, 0, 1, 1, 1, 1, 1], 'K': [0, 0, 0, 1, 1, 1, 1, 1, 0, 0]}, '东门南侧': {'A': [1, 1, 1, 1, 0, 0, 1, 0, 0, 0], 'B': [0, 0, 0, 0, 0, 0, 0, 0, 0, 0]}, '西门北侧': {'A': [1, 1, 1, 1, 1, 1, 1, 1, 0, 0], 'B': [1, 1, 1, 1, 1, 1, 1, 0, 1, 1], 'C': [1, 1, 1, 1, 0, 1, 1, 1, 1, 0]}, '西门南侧': {'A': [1, 1, 1, 1, 1, 1, 1, 1, 1, 1], 'B': [1, 1, 1, 1, 1, 1, 1, 1, 1, 1], 'C': [1, 1, 0, 1, 1, 1, 1, 1, 1, 1]}, '南门西侧': {'A': [1, 1, 1, 1, 1, 1, 1, 1, 1, 1], 'B': [0, 0, 1, 1, 0, 0, 0, 0, 0, 1]}, '南门东侧': {'A': [1, 1, 0, 1, 1, 1, 1, 1, 1, 1], 'B': [1, 1, 1, 1, 1, 1, 1, 1, 1, 1]}, '北门东北侧': {'A': [1, 1, 1, 1, 1, 1, 1, 1, 1, 1], 'B': [1, 0, 0, 1, 1, 0, 0, 1, 0, 0], 'C': [0, 0, 0, 1, 1, 0, 0, 1, 1, 0], 'D': [0, 0, 1, 1, 1, 0, 1, 0, 0, 1]}, '北门东南侧': {'A': [0, 1, 1, 0, 1, 1, 1, 0, 0, 0], 'B': [0, 1, 0, 0, 0, 0, 1, 0, 1, 0], 'C': [1, 1, 1, 1, 0, 0, 0, 0, 0, 0], 'D': [0, 0, 0, 0, 0, 0, 0, 0, 0, 0], 'E': [0, 1, 0, 1, 0, 0, 1, 1, 0, 0], 'F': [1, 0, 1, 1, 1, 1, 1, 0, 0, 1]}, '橘园北侧南': {'A': [1, 0, 0, 0, 0, 1, 0, 0, 1, 1], 'B': [1, 1, 1, 1, 0, 1, 0, 1, 1, 1], 'C': [1, 1, 1, 1, 0, 1, 1, 0, 0, 0], 'D': [1, 1, 1, 1, 1, 1, 1, 1, 1, 0], 'E': [1, 1, 1, 0, 1, 1, 0, 1, 0, 0], 'F': [0, 0, 0, 0, 0, 0, 0, 0, 1, 0], 'G': [0, 0, 1, 0, 0, 0, 1, 1, 0, 1], 'H': [0, 1, 1, 1, 0, 1, 1, 0, 1, 0], 'I': [0, 1, 0, 1, 1, 0, 1, 0, 1, 0], 'J': [0, 1, 0, 1, 1, 1, 1, 0, 1, 1]}, '校医院西': {'A': [0, 1, 1, 0, 1, 0, 0, 1, 0, 0], 'B': [1, 1, 1, 0, 1, 0, 0, 0, 0, 1], 'C': [0, 1, 0, 1, 1, 0, 1, 1, 0, 1], 'D': [1, 1, 1, 0, 1, 0, 1, 1, 1, 1], 'E': [1, 1, 1, 1, 1, 1, 1, 1, 1, 1], 'F': [1, 0, 1, 1, 1, 1, 1, 1, 1, 1], 'G': [0, 0, 1, 0, 0, 1, 1, 1, 0, 0], 'H': [0, 0, 0, 0, 0, 0, 0, 0, 0, 0], 'I': [1, 0, 0, 0, 0, 0, 0, 0, 0, 0]}}
624048	2024-07-13 18:12:58.490000+08:00	2024-07-13 18:12:58.490000+08:00	{'东门北侧': {'A': [1, 1, 1, 1, 1, 0, 1, 0, 1, 1], 'B': [1, 1, 1, 1, 1, 1, 1, 1, 1, 1], 'C': [0, 1, 1, 0, 1, 0, 1, 0, 1, 1], 'D': [1, 0, 1, 1, 1, 0, 0, 1, 0, 0], 'E': [1, 1, 1, 1, 1, 0, 1, 1, 1, 1], 'F': [1, 1, 1, 1, 1, 1, 1, 1, 0, 1], 'G': [1, 1, 1, 1, 1, 1, 1, 1, 1, 0], 'H': [1, 1, 1, 1, 1, 0, 1, 1, 0, 1], 'I': [1, 0, 1, 1, 1, 1, 0, 1, 0, 1], 'J': [1, 1, 0, 1, 0, 1, 1, 1, 1, 1], 'K': [0, 0, 0, 1, 1, 1, 1, 1, 0, 0]}, '东门南侧': {'A': [1, 1, 1, 1, 0, 0, 1, 0, 0, 0], 'B': [0, 0, 0, 0, 0, 0, 0, 0, 0, 0]}, '西门北侧': {'A': [1, 1, 1, 1, 1, 1, 1, 1, 0, 0], 'B': [1, 1, 1, 1, 1, 1, 1, 0, 1, 1], 'C': [1, 1, 1, 1, 0, 1, 1, 1, 1, 0]}, '西门南侧': {'A': [1, 1, 1, 1, 1, 1, 1, 1, 1, 1], 'B': [1, 1, 1, 1, 1, 1, 1, 1, 1, 1], 'C': [1, 1, 0, 1, 1, 1, 1, 1, 1, 1]}, '南门西侧': {'A': [1, 1, 1, 1, 1, 1, 1, 1, 1, 1], 'B': [0, 0, 1, 1, 0, 0, 0, 0, 0, 1]}, '南门东侧': {'A': [1, 1, 0, 1, 1, 1, 1, 1, 1, 1], 'B': [1, 1, 1, 1, 1, 1, 1, 1, 1, 1]}, '北门东北侧': {'A': [1, 1, 1, 1, 1, 1, 1, 1, 1, 1], 'B': [1, 0, 0, 1, 1, 0, 0, 1, 0, 0], 'C': [0, 0, 0, 1, 1, 0, 0, 1, 1, 0], 'D': [0, 0, 1, 1, 1, 0, 1, 0, 0, 1]}, '北门东南侧': {'A': [0, 1, 1, 0, 1, 1, 1, 0, 0, 0], 'B': [0, 1, 0, 0, 0, 0, 1, 0, 1, 0], 'C': [1, 1, 1, 1, 0, 0, 0, 0, 0, 0], 'D': [0, 0, 0, 0, 0, 0, 0, 0, 0, 0], 'E': [0, 1, 0, 1, 1, 0, 1, 1, 0, 0], 'F': [1, 0, 1, 1, 1, 1, 1, 0, 0, 1]}, '橘园北侧南': {'A': [1, 0, 0, 0, 0, 1, 0, 0, 1, 1], 'B': [1, 1, 1, 1, 0, 1, 0, 1, 1, 1], 'C': [1, 1, 1, 1, 0, 1, 1, 0, 0, 0], 'D': [1, 1, 1, 1, 1, 1, 1, 1, 1, 0], 'E': [1, 1, 1, 0, 1, 1, 0, 1, 0, 0], 'F': [0, 0, 0, 0, 0, 0, 0, 0, 1, 0], 'G': [0, 0, 1, 0, 0, 0, 1, 1, 0, 1], 'H': [0, 1, 1, 1, 0, 1, 1, 0, 1, 0], 'I': [0, 0, 0, 0, 1, 0, 1, 0, 1, 0], 'J': [0, 1, 0, 1, 1, 1, 1, 0, 1, 1]}, '校医院西': {'A': [0, 1, 1, 0, 1, 0, 0, 1, 0, 0], 'B': [1, 1, 1, 0, 1, 0, 0, 1, 0, 1], 'C': [0, 1, 0, 1, 1, 0, 1, 1, 0, 1], 'D': [1, 1, 1, 0, 1, 0, 1, 1, 1, 1], 'E': [1, 1, 1, 1, 1, 1, 1, 1, 1, 1], 'F': [1, 0, 1, 1, 1, 1, 1, 1, 1, 1], 'G': [0, 0, 1, 0, 0, 1, 1, 1, 0, 0], 'H': [0, 0, 0, 0, 0, 0, 0, 0, 0, 0], 'I': [1, 0, 0, 0, 0, 0, 0, 0, 0, 0]}}
624049	2024-07-13 18:13:59.458000+08:00	2024-07-13 18:13:59.458000+08:00	{'东门北侧': {'A': [1, 1, 1, 1, 1, 0, 1, 0, 1, 1], 'B': [1, 1, 1, 1, 1, 1, 1, 1, 1, 1], 'C': [0, 1, 1, 0, 1, 0, 1, 0, 1, 1], 'D': [1, 0, 1, 1, 1, 0, 0, 1, 0, 0], 'E': [1, 1, 1, 1, 1, 0, 1, 1, 1, 1], 'F': [1, 1, 1, 1, 1, 1, 1, 1, 0, 1], 'G': [1, 1, 1, 1, 1, 1, 1, 1, 1, 0], 'H': [1, 1, 1, 1, 1, 0, 1, 1, 0, 1], 'I': [1, 0, 1, 1, 1, 1, 0, 1, 0, 1], 'J': [1, 1, 0, 1, 0, 1, 1, 1, 1, 1], 'K': [0, 0, 0, 1, 1, 1, 1, 1, 0, 0]}, '东门南侧': {'A': [1, 1, 1, 1, 0, 0, 1, 0, 0, 0], 'B': [0, 0, 0, 0, 0, 0, 0, 0, 0, 0]}, '西门北侧': {'A': [1, 1, 1, 1, 1, 1, 1, 1, 0, 0], 'B': [1, 1, 1, 1, 1, 1, 1, 0, 1, 1], 'C': [1, 1, 1, 1, 0, 1, 1, 1, 1, 0]}, '西门南侧': {'A': [0, 1, 1, 1, 1, 1, 1, 1, 1, 1], 'B': [1, 1, 1, 1, 1, 1, 1, 1, 1, 1], 'C': [1, 1, 0, 1, 1, 1, 1, 1, 1, 1]}, '南门西侧': {'A': [1, 1, 1, 1, 1, 1, 1, 1, 1, 1], 'B': [0, 0, 1, 1, 0, 0, 0, 0, 0, 1]}, '南门东侧': {'A': [1, 1, 0, 1, 1, 1, 1, 1, 1, 1], 'B': [1, 1, 1, 1, 1, 1, 1, 1, 1, 1]}, '北门东北侧': {'A': [1, 1, 1, 1, 1, 1, 1, 1, 1, 1], 'B': [1, 0, 0, 1, 1, 0, 0, 1, 0, 0], 'C': [0, 0, 0, 1, 1, 0, 0, 1, 1, 0], 'D': [0, 0, 1, 1, 1, 0, 1, 0, 0, 1]}, '北门东南侧': {'A': [0, 1, 1, 0, 1, 0, 1, 0, 0, 0], 'B': [0, 1, 0, 0, 0, 0, 1, 0, 1, 0], 'C': [1, 1, 1, 1, 0, 0, 0, 0, 0, 0], 'D': [0, 0, 0, 0, 0, 0, 0, 0, 0, 0], 'E': [0, 1, 0, 1, 0, 0, 1, 1, 0, 0], 'F': [1, 0, 1, 1, 1, 1, 1, 0, 0, 1]}, '橘园北侧南': {'A': [1, 0, 0, 0, 0, 1, 0, 0, 1, 1], 'B': [1, 1, 1, 1, 0, 1, 0, 1, 1, 1], 'C': [1, 1, 1, 1, 0, 1, 1, 0, 0, 0], 'D': [1, 1, 1, 1, 1, 1, 1, 1, 1, 0], 'E': [1, 1, 1, 0, 1, 1, 0, 1, 0, 0], 'F': [0, 0, 0, 0, 0, 0, 0, 0, 1, 0], 'G': [0, 0, 1, 0, 0, 0, 1, 1, 0, 1], 'H': [0, 1, 1, 1, 0, 1, 1, 0, 1, 0], 'I': [0, 0, 0, 0, 1, 0, 1, 0, 1, 0], 'J': [0, 1, 0, 1, 1, 1, 1, 0, 1, 1]}, '校医院西': {'A': [0, 1, 1, 0, 1, 0, 0, 1, 0, 0], 'B': [1, 1, 1, 0, 1, 0, 0, 1, 0, 1], 'C': [0, 1, 0, 1, 1, 0, 1, 1, 0, 1], 'D': [1, 1, 1, 0, 1, 0, 1, 1, 1, 1], 'E': [1, 1, 1, 1, 1, 1, 1, 1, 1, 1], 'F': [1, 0, 1, 1, 1, 1, 1, 1, 1, 1], 'G': [0, 0, 1, 0, 0, 1, 1, 1, 0, 0], 'H': [0, 0, 0, 0, 0, 0, 0, 0, 0, 0], 'I': [1, 0, 0, 0, 0, 0, 0, 0, 0, 0]}}
624050	2024-07-13 18:14:59.502000+08:00	2024-07-13 18:14:59.502000+08:00	{'东门北侧': {'A': [1, 1, 1, 1, 1, 0, 1, 0, 1, 1], 'B': [1, 1, 1, 1, 1, 1, 1, 1, 1, 1], 'C': [0, 1, 1, 0, 1, 0, 1, 0, 1, 1], 'D': [1, 0, 1, 1, 1, 0, 0, 1, 0, 0], 'E': [1, 1, 1, 1, 1, 0, 1, 1, 1, 1], 'F': [1, 1, 1, 1, 1, 1, 1, 1, 0, 1], 'G': [1, 1, 1, 1, 1, 1, 1, 1, 1, 0], 'H': [1, 1, 1, 1, 1, 0, 1, 1, 0, 1], 'I': [1, 0, 1, 1, 1, 1, 0, 1, 0, 1], 'J': [1, 1, 0, 1, 0, 1, 1, 1, 1, 1], 'K': [0, 0, 0, 1, 1, 1, 1, 1, 0, 0]}, '东门南侧': {'A': [1, 1, 1, 1, 0, 0, 1, 0, 0, 0], 'B': [0, 0, 0, 0, 0, 0, 0, 0, 0, 0]}, '西门北侧': {'A': [1, 1, 1, 1, 1, 1, 1, 1, 0, 0], 'B': [1, 1, 1, 1, 1, 1, 1, 0, 1, 1], 'C': [1, 1, 1, 1, 0, 1, 1, 1, 1, 0]}, '西门南侧': {'A': [0, 1, 1, 1, 1, 1, 1, 1, 1, 1], 'B': [1, 1, 1, 1, 1, 1, 1, 1, 1, 1], 'C': [1, 1, 0, 1, 1, 1, 1, 1, 1, 1]}, '南门西侧': {'A': [1, 1, 1, 1, 1, 1, 1, 1, 1, 1], 'B': [0, 0, 1, 1, 0, 0, 0, 0, 0, 1]}, '南门东侧': {'A': [1, 1, 0, 1, 1, 1, 1, 1, 1, 1], 'B': [1, 1, 1, 1, 1, 1, 1, 1, 1, 1]}, '北门东北侧': {'A': [1, 1, 1, 1, 1, 1, 1, 1, 1, 1], 'B': [1, 0, 0, 1, 1, 0, 0, 1, 0, 0], 'C': [0, 0, 0, 1, 1, 0, 0, 1, 1, 0], 'D': [0, 0, 1, 1, 1, 0, 1, 0, 0, 1]}, '北门东南侧': {'A': [0, 1, 1, 0, 1, 0, 1, 0, 0, 0], 'B': [0, 1, 0, 0, 0, 0, 1, 0, 1, 0], 'C': [1, 1, 1, 0, 0, 0, 0, 0, 0, 0], 'D': [0, 0, 0, 0, 0, 0, 0, 0, 0, 0], 'E': [0, 1, 0, 1, 0, 0, 1, 1, 0, 0], 'F': [1, 0, 1, 1, 1, 1, 1, 0, 0, 1]}, '橘园北侧南': {'A': [1, 0, 0, 0, 0, 1, 0, 0, 1, 1], 'B': [1, 1, 1, 1, 0, 1, 0, 1, 1, 1], 'C': [1, 1, 1, 1, 0, 1, 1, 0, 0, 0], 'D': [1, 1, 1, 1, 1, 1, 1, 1, 1, 0], 'E': [1, 1, 1, 0, 1, 1, 0, 1, 0, 0], 'F': [0, 0, 0, 0, 0, 0, 0, 0, 1, 0], 'G': [0, 0, 1, 0, 0, 0, 1, 1, 0, 1], 'H': [0, 1, 1, 1, 0, 1, 1, 0, 1, 0], 'I': [0, 0, 0, 0, 1, 0, 1, 0, 1, 0], 'J': [0, 1, 0, 1, 1, 0, 1, 0, 1, 1]}, '校医院西': {'A': [0, 1, 1, 0, 1, 0, 1, 1, 0, 0], 'B': [1, 1, 1, 0, 1, 0, 0, 1, 0, 1], 'C': [0, 1, 0, 1, 1, 0, 1, 1, 0, 1], 'D': [1, 1, 1, 0, 1, 0, 1, 1, 1, 1], 'E': [1, 1, 1, 1, 1, 1, 1, 1, 1, 1], 'F': [1, 0, 1, 1, 1, 1, 1, 1, 1, 1], 'G': [0, 0, 1, 0, 0, 1, 1, 1, 0, 0], 'H': [0, 0, 0, 0, 0, 0, 0, 0, 0, 0], 'I': [1, 0, 0, 0, 0, 0, 0, 0, 0, 0]}}
624051	2024-07-13 18:15:58.643000+08:00	2024-07-13 18:15:58.643000+08:00	{'东门北侧': {'A': [1, 1, 1, 1, 1, 0, 1, 0, 1, 1], 'B': [1, 1, 1, 1, 1, 1, 1, 1, 1, 1], 'C': [0, 1, 1, 0, 1, 0, 1, 0, 1, 1], 'D': [1, 0, 1, 1, 1, 0, 0, 1, 0, 0], 'E': [1, 1, 1, 1, 1, 0, 1, 1, 1, 1], 'F': [1, 1, 1, 1, 1, 1, 1, 1, 0, 1], 'G': [1, 1, 1, 1, 1, 1, 1, 1, 1, 0], 'H': [1, 1, 1, 1, 1, 0, 1, 1, 0, 1], 'I': [1, 0, 1, 1, 1, 1, 0, 1, 0, 1], 'J': [1, 1, 0, 1, 0, 1, 1, 1, 1, 1], 'K': [0, 0, 0, 1, 1, 1, 1, 1, 0, 0]}, '东门南侧': {'A': [1, 1, 1, 1, 0, 0, 1, 0, 0, 0], 'B': [0, 0, 0, 0, 0, 0, 0, 0, 0, 0]}, '西门北侧': {'A': [1, 1, 1, 1, 1, 1, 1, 1, 0, 0], 'B': [1, 1, 1, 1, 1, 1, 1, 0, 1, 1], 'C': [1, 1, 1, 1, 0, 1, 1, 1, 1, 0]}, '西门南侧': {'A': [0, 1, 1, 1, 1, 1, 1, 1, 1, 1], 'B': [1, 1, 1, 1, 1, 1, 1, 1, 1, 1], 'C': [1, 1, 0, 1, 1, 1, 1, 1, 1, 1]}, '南门西侧': {'A': [1, 1, 1, 1, 1, 1, 1, 1, 1, 1], 'B': [0, 0, 0, 1, 0, 0, 0, 0, 0, 1]}, '南门东侧': {'A': [1, 1, 0, 1, 1, 1, 1, 1, 1, 1], 'B': [1, 1, 1, 1, 1, 1, 1, 1, 1, 1]}, '北门东北侧': {'A': [1, 1, 1, 1, 1, 1, 1, 1, 1, 1], 'B': [1, 0, 0, 1, 1, 0, 0, 1, 0, 0], 'C': [0, 0, 0, 1, 1, 0, 0, 1, 1, 0], 'D': [0, 0, 1, 1, 1, 0, 1, 0, 0, 1]}, '北门东南侧': {'A': [0, 1, 1, 0, 1, 0, 1, 0, 0, 0], 'B': [0, 1, 0, 0, 0, 0, 1, 0, 1, 0], 'C': [1, 1, 1, 0, 0, 0, 0, 0, 0, 0], 'D': [0, 0, 0, 0, 0, 0, 0, 0, 0, 0], 'E': [0, 1, 0, 1, 0, 0, 1, 1, 0, 0], 'F': [1, 0, 1, 1, 1, 1, 1, 0, 0, 1]}, '橘园北侧南': {'A': [1, 0, 0, 0, 0, 1, 0, 0, 1, 1], 'B': [1, 1, 1, 1, 0, 1, 0, 1, 1, 1], 'C': [1, 1, 1, 1, 0, 1, 1, 0, 0, 0], 'D': [1, 1, 1, 1, 1, 1, 1, 1, 1, 0], 'E': [1, 1, 1, 0, 1, 1, 0, 1, 0, 0], 'F': [0, 0, 0, 0, 0, 0, 0, 0, 1, 0], 'G': [0, 0, 1, 0, 0, 0, 1, 1, 0, 1], 'H': [0, 1, 1, 1, 0, 1, 1, 0, 1, 0], 'I': [0, 0, 0, 0, 1, 0, 1, 0, 1, 0], 'J': [0, 1, 0, 1, 1, 0, 1, 0, 1, 1]}, '校医院西': {'A': [0, 1, 1, 0, 1, 0, 1, 1, 0, 0], 'B': [1, 1, 1, 0, 1, 0, 0, 1, 0, 1], 'C': [0, 1, 0, 1, 1, 0, 1, 1, 0, 1], 'D': [1, 1, 1, 0, 1, 0, 1, 1, 1, 1], 'E': [1, 1, 1, 1, 1, 1, 1, 1, 1, 1], 'F': [1, 0, 1, 1, 1, 1, 1, 1, 1, 1], 'G': [0, 0, 1, 0, 0, 1, 1, 1, 0, 0], 'H': [0, 0, 0, 0, 0, 0, 0, 0, 0, 0], 'I': [1, 0, 0, 0, 0, 0, 0, 0, 0, 0]}}
624052	2024-07-13 18:16:58.477000+08:00	2024-07-13 18:16:58.477000+08:00	{'东门北侧': {'A': [1, 1, 1, 1, 1, 0, 1, 0, 1, 1], 'B': [1, 1, 1, 1, 1, 1, 1, 1, 1, 1], 'C': [0, 1, 1, 0, 1, 0, 1, 0, 1, 1], 'D': [1, 0, 1, 1, 1, 0, 0, 1, 0, 0], 'E': [1, 1, 1, 1, 1, 0, 1, 1, 1, 1], 'F': [1, 1, 1, 1, 1, 1, 1, 1, 0, 1], 'G': [1, 1, 1, 1, 1, 1, 1, 1, 1, 0], 'H': [1, 1, 1, 1, 1, 0, 1, 1, 0, 1], 'I': [1, 0, 1, 1, 1, 1, 0, 1, 0, 1], 'J': [1, 1, 0, 1, 0, 1, 1, 1, 1, 1], 'K': [0, 0, 0, 1, 1, 1, 1, 1, 0, 0]}, '东门南侧': {'A': [1, 1, 1, 1, 0, 0, 1, 0, 0, 0], 'B': [0, 0, 0, 0, 0, 0, 0, 0, 0, 0]}, '西门北侧': {'A': [1, 1, 1, 1, 1, 1, 1, 1, 0, 0], 'B': [1, 1, 1, 1, 1, 1, 1, 0, 1, 1], 'C': [1, 1, 1, 1, 0, 1, 1, 1, 1, 0]}, '西门南侧': {'A': [0, 1, 1, 1, 1, 1, 1, 1, 1, 1], 'B': [1, 1, 1, 1, 1, 1, 1, 1, 1, 1], 'C': [1, 1, 0, 1, 1, 1, 1, 1, 1, 1]}, '南门西侧': {'A': [1, 1, 1, 1, 1, 1, 1, 1, 1, 1], 'B': [0, 0, 0, 1, 0, 0, 0, 0, 0, 1]}, '南门东侧': {'A': [1, 1, 0, 1, 1, 1, 1, 1, 1, 1], 'B': [1, 1, 1, 1, 1, 1, 1, 1, 1, 1]}, '北门东北侧': {'A': [1, 1, 1, 1, 1, 1, 1, 1, 1, 1], 'B': [1, 0, 0, 1, 1, 0, 0, 1, 0, 0], 'C': [0, 0, 0, 1, 1, 0, 0, 1, 1, 0], 'D': [0, 0, 1, 1, 1, 0, 1, 0, 0, 1]}, '北门东南侧': {'A': [0, 1, 1, 0, 1, 0, 1, 0, 0, 0], 'B': [0, 1, 0, 0, 0, 0, 1, 0, 1, 0], 'C': [1, 1, 1, 0, 0, 0, 0, 0, 0, 0], 'D': [0, 0, 0, 0, 0, 0, 0, 0, 0, 0], 'E': [0, 1, 0, 1, 0, 0, 1, 1, 0, 0], 'F': [1, 0, 1, 1, 1, 1, 1, 0, 0, 1]}, '橘园北侧南': {'A': [1, 0, 0, 0, 0, 1, 0, 0, 1, 1], 'B': [1, 1, 1, 1, 0, 1, 0, 1, 1, 1], 'C': [1, 1, 1, 1, 0, 1, 1, 0, 0, 0], 'D': [1, 1, 1, 1, 1, 1, 1, 1, 1, 0], 'E': [1, 1, 1, 0, 1, 1, 0, 1, 0, 0], 'F': [0, 0, 0, 0, 0, 0, 0, 0, 1, 0], 'G': [0, 0, 1, 0, 0, 0, 1, 1, 0, 1], 'H': [0, 1, 1, 1, 0, 1, 1, 0, 1, 0], 'I': [0, 0, 0, 0, 1, 0, 1, 0, 1, 0], 'J': [0, 1, 0, 1, 1, 0, 1, 0, 1, 1]}, '校医院西': {'A': [0, 1, 0, 0, 1, 0, 1, 1, 0, 0], 'B': [1, 1, 1, 0, 1, 0, 0, 1, 0, 1], 'C': [0, 1, 0, 1, 1, 0, 1, 1, 0, 1], 'D': [1, 1, 1, 0, 1, 0, 1, 1, 1, 1], 'E': [1, 1, 1, 1, 1, 1, 1, 1, 1, 1], 'F': [1, 0, 1, 1, 1, 1, 1, 1, 1, 1], 'G': [0, 0, 1, 0, 0, 1, 1, 1, 0, 0], 'H': [0, 0, 0, 0, 0, 0, 0, 0, 0, 0], 'I': [1, 0, 0, 0, 0, 0, 0, 0, 0, 0]}}
624053	2024-07-13 18:17:59.494000+08:00	2024-07-13 18:17:59.494000+08:00	{'东门北侧': {'A': [1, 1, 1, 1, 1, 0, 1, 0, 1, 1], 'B': [1, 1, 1, 1, 1, 1, 1, 1, 1, 1], 'C': [0, 1, 1, 0, 1, 0, 1, 0, 1, 1], 'D': [1, 0, 1, 1, 1, 0, 0, 1, 0, 0], 'E': [1, 1, 1, 1, 1, 0, 1, 1, 1, 1], 'F': [1, 1, 1, 1, 1, 1, 1, 1, 0, 1], 'G': [1, 1, 1, 1, 1, 1, 1, 1, 1, 0], 'H': [1, 1, 1, 1, 1, 0, 1, 1, 0, 1], 'I': [1, 0, 1, 1, 1, 1, 0, 1, 0, 1], 'J': [1, 1, 0, 1, 0, 1, 1, 1, 1, 1], 'K': [0, 0, 0, 1, 1, 1, 1, 1, 0, 0]}, '东门南侧': {'A': [1, 1, 1, 1, 0, 0, 1, 0, 0, 0], 'B': [0, 0, 0, 0, 0, 0, 0, 0, 0, 0]}, '西门北侧': {'A': [1, 1, 1, 1, 1, 1, 1, 1, 0, 0], 'B': [1, 1, 1, 1, 1, 1, 1, 0, 1, 1], 'C': [1, 1, 1, 1, 0, 1, 1, 1, 1, 0]}, '西门南侧': {'A': [0, 1, 1, 1, 1, 1, 1, 1, 1, 1], 'B': [1, 1, 1, 1, 1, 1, 1, 1, 1, 1], 'C': [1, 1, 0, 1, 1, 1, 1, 1, 1, 1]}, '南门西侧': {'A': [1, 1, 1, 1, 1, 1, 1, 1, 1, 1], 'B': [0, 0, 0, 1, 0, 0, 0, 0, 0, 1]}, '南门东侧': {'A': [1, 1, 0, 1, 1, 1, 1, 1, 1, 1], 'B': [1, 1, 1, 1, 1, 1, 1, 1, 1, 1]}, '北门东北侧': {'A': [1, 1, 1, 1, 1, 1, 1, 1, 1, 1], 'B': [1, 0, 0, 1, 1, 0, 0, 1, 0, 0], 'C': [0, 0, 0, 1, 1, 0, 0, 1, 1, 0], 'D': [0, 0, 1, 1, 1, 0, 1, 0, 0, 1]}, '北门东南侧': {'A': [0, 1, 1, 0, 1, 0, 1, 0, 0, 0], 'B': [0, 1, 0, 0, 0, 0, 1, 0, 1, 1], 'C': [1, 1, 1, 0, 0, 0, 0, 0, 0, 0], 'D': [0, 0, 0, 0, 0, 0, 0, 0, 0, 0], 'E': [0, 1, 0, 1, 0, 0, 1, 1, 0, 0], 'F': [1, 0, 1, 1, 1, 1, 1, 0, 0, 1]}, '橘园北侧南': {'A': [1, 0, 0, 0, 0, 1, 0, 0, 1, 1], 'B': [1, 1, 1, 1, 0, 1, 0, 1, 1, 1], 'C': [1, 1, 1, 1, 0, 1, 1, 0, 0, 0], 'D': [1, 1, 1, 1, 1, 1, 1, 1, 1, 0], 'E': [1, 1, 1, 0, 1, 1, 0, 1, 0, 0], 'F': [0, 0, 0, 0, 0, 0, 0, 0, 1, 0], 'G': [0, 0, 1, 0, 0, 0, 1, 1, 0, 1], 'H': [0, 1, 1, 1, 0, 1, 1, 0, 1, 0], 'I': [0, 0, 0, 0, 1, 0, 1, 0, 1, 0], 'J': [0, 1, 0, 1, 1, 0, 1, 0, 1, 1]}, '校医院西': {'A': [0, 1, 0, 0, 1, 0, 1, 1, 0, 0], 'B': [1, 1, 1, 0, 1, 0, 0, 1, 0, 1], 'C': [0, 1, 0, 1, 1, 0, 1, 1, 0, 1], 'D': [1, 1, 1, 0, 1, 0, 1, 1, 1, 1], 'E': [1, 1, 1, 1, 1, 1, 1, 1, 1, 1], 'F': [1, 0, 1, 1, 1, 1, 1, 1, 1, 1], 'G': [0, 0, 1, 0, 0, 1, 1, 1, 0, 0], 'H': [0, 0, 0, 0, 0, 0, 0, 0, 0, 0], 'I': [1, 0, 0, 0, 0, 0, 0, 0, 0, 0]}}
624054	2024-07-13 18:18:58.719000+08:00	2024-07-13 18:18:58.719000+08:00	{'东门北侧': {'A': [1, 1, 1, 1, 1, 0, 1, 0, 1, 1], 'B': [1, 1, 1, 1, 1, 1, 1, 1, 1, 1], 'C': [0, 1, 1, 0, 1, 0, 1, 0, 1, 1], 'D': [1, 0, 1, 1, 1, 0, 0, 1, 0, 0], 'E': [1, 1, 1, 1, 1, 0, 1, 1, 1, 1], 'F': [1, 1, 1, 1, 1, 1, 1, 1, 0, 1], 'G': [1, 1, 1, 1, 1, 1, 1, 1, 1, 0], 'H': [1, 1, 1, 1, 1, 0, 1, 1, 0, 1], 'I': [1, 0, 1, 1, 1, 1, 0, 1, 0, 1], 'J': [1, 1, 0, 1, 0, 1, 1, 1, 1, 1], 'K': [0, 0, 0, 1, 1, 1, 1, 1, 0, 0]}, '东门南侧': {'A': [1, 1, 1, 1, 0, 0, 1, 0, 0, 0], 'B': [0, 0, 0, 0, 0, 0, 0, 0, 0, 0]}, '西门北侧': {'A': [1, 1, 1, 1, 1, 1, 1, 1, 0, 0], 'B': [1, 1, 1, 1, 1, 1, 1, 0, 1, 1], 'C': [1, 1, 1, 1, 0, 1, 1, 1, 1, 0]}, '西门南侧': {'A': [0, 1, 1, 1, 1, 1, 1, 1, 1, 1], 'B': [1, 1, 1, 1, 1, 1, 1, 1, 1, 1], 'C': [1, 1, 0, 1, 1, 1, 1, 1, 1, 1]}, '南门西侧': {'A': [1, 1, 1, 1, 1, 1, 1, 1, 1, 1], 'B': [0, 0, 0, 1, 0, 0, 0, 0, 0, 1]}, '南门东侧': {'A': [1, 1, 0, 1, 1, 1, 1, 1, 1, 1], 'B': [1, 1, 1, 1, 1, 1, 1, 1, 1, 1]}, '北门东北侧': {'A': [1, 1, 1, 1, 1, 1, 1, 1, 1, 1], 'B': [1, 0, 0, 1, 1, 0, 0, 1, 0, 0], 'C': [0, 0, 0, 1, 1, 0, 0, 1, 1, 0], 'D': [0, 0, 1, 1, 1, 0, 1, 0, 0, 1]}, '北门东南侧': {'A': [0, 1, 1, 0, 1, 0, 1, 0, 0, 0], 'B': [0, 1, 0, 0, 0, 0, 1, 0, 1, 1], 'C': [1, 1, 1, 0, 0, 0, 0, 0, 0, 0], 'D': [0, 0, 0, 0, 0, 0, 0, 0, 0, 0], 'E': [0, 1, 0, 1, 0, 0, 1, 1, 0, 0], 'F': [1, 0, 1, 1, 1, 1, 1, 0, 0, 1]}, '橘园北侧南': {'A': [1, 0, 0, 0, 0, 1, 0, 0, 1, 1], 'B': [1, 1, 1, 1, 0, 1, 0, 1, 1, 1], 'C': [1, 1, 1, 1, 0, 1, 1, 0, 0, 0], 'D': [1, 1, 1, 1, 1, 1, 1, 1, 1, 0], 'E': [1, 1, 1, 0, 1, 1, 0, 1, 0, 0], 'F': [0, 0, 0, 0, 0, 0, 0, 0, 1, 0], 'G': [0, 0, 1, 0, 0, 0, 1, 1, 0, 1], 'H': [0, 1, 1, 1, 0, 1, 1, 0, 1, 0], 'I': [0, 0, 0, 0, 1, 0, 1, 0, 1, 0], 'J': [0, 1, 1, 1, 1, 0, 1, 0, 1, 1]}, '校医院西': {'A': [0, 1, 0, 0, 1, 0, 1, 1, 0, 0], 'B': [1, 1, 1, 0, 1, 0, 0, 1, 0, 1], 'C': [0, 1, 0, 1, 1, 0, 1, 1, 0, 1], 'D': [1, 1, 1, 0, 1, 0, 1, 1, 1, 1], 'E': [1, 1, 1, 1, 1, 1, 1, 1, 1, 1], 'F': [1, 0, 1, 1, 1, 1, 1, 1, 1, 1], 'G': [0, 0, 1, 0, 0, 1, 1, 1, 0, 0], 'H': [0, 0, 0, 0, 0, 0, 0, 0, 0, 0], 'I': [1, 0, 0, 0, 0, 0, 0, 0, 0, 0]}}
624055	2024-07-13 18:19:59.513000+08:00	2024-07-13 18:19:59.513000+08:00	{'东门北侧': {'A': [1, 1, 1, 1, 1, 0, 1, 0, 1, 1], 'B': [1, 1, 1, 1, 1, 1, 1, 1, 1, 1], 'C': [0, 1, 1, 0, 1, 0, 1, 0, 1, 1], 'D': [1, 0, 1, 1, 1, 0, 0, 1, 0, 0], 'E': [1, 1, 1, 1, 1, 0, 1, 1, 1, 1], 'F': [1, 1, 1, 1, 1, 1, 1, 1, 0, 1], 'G': [1, 1, 1, 1, 1, 1, 1, 1, 1, 0], 'H': [1, 1, 1, 1, 1, 0, 1, 1, 0, 1], 'I': [1, 0, 1, 1, 1, 1, 0, 1, 0, 1], 'J': [1, 1, 0, 1, 0, 1, 1, 1, 1, 1], 'K': [0, 0, 0, 1, 1, 1, 1, 1, 0, 0]}, '东门南侧': {'A': [1, 1, 1, 1, 0, 0, 1, 0, 0, 0], 'B': [0, 0, 0, 0, 0, 0, 0, 0, 0, 0]}, '西门北侧': {'A': [1, 1, 1, 1, 1, 1, 1, 1, 0, 0], 'B': [1, 1, 1, 1, 1, 1, 1, 0, 1, 1], 'C': [1, 1, 1, 1, 0, 1, 1, 1, 0, 0]}, '西门南侧': {'A': [0, 1, 1, 1, 1, 1, 1, 1, 1, 1], 'B': [1, 1, 1, 1, 1, 1, 1, 1, 1, 1], 'C': [1, 1, 0, 1, 1, 1, 1, 1, 1, 1]}, '南门西侧': {'A': [1, 1, 1, 1, 1, 1, 1, 1, 1, 1], 'B': [0, 0, 0, 1, 0, 0, 0, 0, 0, 1]}, '南门东侧': {'A': [1, 1, 0, 1, 1, 1, 1, 1, 1, 1], 'B': [1, 1, 1, 1, 1, 1, 1, 1, 1, 1]}, '北门东北侧': {'A': [1, 1, 1, 1, 1, 1, 1, 1, 1, 1], 'B': [1, 0, 0, 1, 1, 0, 0, 1, 0, 0], 'C': [0, 0, 0, 1, 1, 0, 0, 1, 1, 0], 'D': [0, 0, 1, 1, 1, 0, 1, 0, 0, 1]}, '北门东南侧': {'A': [0, 1, 1, 0, 1, 0, 1, 0, 0, 0], 'B': [0, 1, 0, 0, 0, 0, 1, 0, 1, 1], 'C': [1, 1, 1, 0, 0, 0, 0, 0, 0, 0], 'D': [0, 0, 1, 0, 0, 0, 0, 0, 0, 0], 'E': [0, 1, 0, 1, 0, 0, 1, 1, 0, 0], 'F': [1, 0, 1, 1, 1, 1, 1, 0, 0, 1]}, '橘园北侧南': {'A': [1, 0, 0, 0, 0, 1, 0, 0, 1, 1], 'B': [1, 1, 1, 1, 0, 1, 0, 1, 1, 1], 'C': [1, 1, 1, 1, 0, 1, 1, 0, 0, 0], 'D': [1, 1, 1, 1, 1, 1, 0, 1, 1, 0], 'E': [1, 1, 1, 0, 1, 1, 0, 1, 0, 0], 'F': [0, 0, 0, 0, 0, 0, 0, 0, 1, 0], 'G': [0, 0, 1, 0, 0, 0, 1, 1, 0, 1], 'H': [0, 1, 1, 1, 0, 1, 1, 0, 1, 0], 'I': [0, 0, 0, 0, 1, 0, 1, 0, 1, 0], 'J': [0, 1, 1, 1, 1, 0, 1, 0, 1, 1]}, '校医院西': {'A': [0, 1, 0, 0, 1, 0, 1, 1, 0, 0], 'B': [1, 1, 1, 0, 1, 0, 0, 1, 0, 1], 'C': [0, 1, 0, 1, 1, 0, 1, 1, 0, 1], 'D': [1, 1, 1, 0, 1, 0, 1, 1, 1, 1], 'E': [1, 1, 1, 1, 1, 1, 1, 1, 1, 1], 'F': [1, 0, 1, 1, 1, 1, 1, 1, 1, 1], 'G': [0, 0, 1, 0, 0, 1, 1, 1, 0, 0], 'H': [0, 0, 0, 0, 0, 0, 0, 0, 0, 0], 'I': [1, 0, 0, 0, 0, 0, 0, 0, 0, 0]}}
624056	2024-07-13 18:20:59.862000+08:00	2024-07-13 18:20:59.862000+08:00	{'东门北侧': {'A': [1, 1, 1, 1, 1, 0, 1, 0, 1, 1], 'B': [1, 1, 1, 1, 1, 1, 1, 1, 1, 1], 'C': [0, 1, 1, 0, 1, 0, 1, 0, 1, 1], 'D': [1, 0, 1, 1, 1, 0, 0, 1, 0, 0], 'E': [1, 1, 1, 1, 1, 0, 1, 1, 1, 1], 'F': [1, 1, 1, 1, 1, 1, 1, 1, 0, 1], 'G': [1, 1, 1, 1, 1, 1, 1, 1, 1, 0], 'H': [1, 1, 1, 1, 1, 0, 1, 1, 0, 1], 'I': [1, 0, 1, 1, 1, 1, 0, 1, 0, 1], 'J': [1, 1, 0, 1, 0, 1, 1, 1, 1, 1], 'K': [0, 0, 0, 1, 1, 1, 1, 1, 0, 0]}, '东门南侧': {'A': [1, 1, 1, 1, 0, 0, 1, 0, 0, 0], 'B': [0, 0, 0, 0, 0, 0, 0, 0, 0, 0]}, '西门北侧': {'A': [1, 1, 1, 1, 1, 1, 1, 1, 0, 0], 'B': [1, 1, 1, 1, 1, 1, 1, 0, 1, 1], 'C': [1, 1, 1, 1, 0, 1, 1, 1, 0, 0]}, '西门南侧': {'A': [0, 1, 1, 1, 1, 1, 1, 1, 1, 1], 'B': [1, 1, 1, 1, 1, 1, 1, 1, 1, 1], 'C': [1, 1, 0, 1, 1, 1, 1, 1, 1, 1]}, '南门西侧': {'A': [1, 1, 1, 1, 1, 1, 1, 1, 1, 1], 'B': [0, 0, 0, 1, 0, 0, 0, 0, 0, 1]}, '南门东侧': {'A': [1, 1, 0, 1, 1, 1, 1, 1, 1, 1], 'B': [1, 1, 1, 1, 1, 1, 1, 1, 1, 1]}, '北门东北侧': {'A': [1, 1, 1, 1, 1, 1, 1, 1, 1, 1], 'B': [1, 0, 0, 1, 1, 0, 0, 1, 0, 0], 'C': [0, 0, 0, 1, 1, 0, 0, 1, 1, 0], 'D': [0, 0, 1, 1, 1, 0, 1, 0, 0, 1]}, '北门东南侧': {'A': [0, 1, 1, 0, 1, 0, 1, 0, 0, 0], 'B': [0, 1, 0, 0, 0, 0, 1, 0, 1, 1], 'C': [1, 1, 1, 0, 0, 0, 0, 0, 0, 0], 'D': [0, 0, 1, 1, 0, 0, 0, 0, 0, 0], 'E': [0, 1, 0, 1, 0, 0, 1, 1, 0, 0], 'F': [1, 0, 1, 1, 1, 1, 1, 0, 0, 1]}, '橘园北侧南': {'A': [1, 0, 0, 0, 0, 1, 0, 0, 1, 1], 'B': [1, 1, 1, 1, 0, 1, 0, 1, 1, 1], 'C': [1, 1, 1, 1, 0, 1, 1, 0, 0, 0], 'D': [1, 1, 1, 1, 1, 1, 0, 1, 1, 0], 'E': [1, 0, 1, 0, 1, 1, 0, 1, 0, 0], 'F': [0, 0, 0, 0, 0, 0, 0, 0, 1, 0], 'G': [0, 0, 1, 0, 0, 0, 1, 1, 0, 1], 'H': [0, 1, 1, 1, 0, 1, 1, 0, 1, 0], 'I': [0, 0, 0, 0, 1, 0, 1, 0, 1, 0], 'J': [0, 1, 1, 1, 1, 0, 1, 0, 1, 1]}, '校医院西': {'A': [0, 1, 0, 0, 1, 0, 1, 1, 0, 0], 'B': [1, 1, 1, 0, 1, 0, 0, 1, 0, 1], 'C': [0, 1, 0, 1, 1, 0, 1, 1, 0, 1], 'D': [1, 1, 1, 0, 1, 0, 1, 1, 1, 1], 'E': [1, 1, 1, 1, 1, 1, 1, 1, 1, 1], 'F': [1, 0, 1, 1, 1, 1, 1, 1, 1, 1], 'G': [0, 0, 1, 0, 0, 1, 1, 1, 0, 0], 'H': [0, 0, 0, 0, 0, 0, 0, 0, 0, 0], 'I': [1, 0, 0, 0, 0, 0, 0, 0, 0, 0]}}
624057	2024-07-13 18:22:00.776000+08:00	2024-07-13 18:22:00.776000+08:00	{'东门北侧': {'A': [1, 1, 1, 1, 1, 0, 1, 0, 1, 1], 'B': [1, 1, 1, 1, 1, 1, 1, 1, 1, 1], 'C': [0, 1, 1, 0, 1, 0, 1, 0, 1, 1], 'D': [1, 0, 1, 1, 1, 0, 0, 1, 0, 0], 'E': [1, 1, 1, 1, 1, 0, 1, 1, 1, 1], 'F': [1, 1, 1, 1, 1, 1, 1, 1, 0, 1], 'G': [1, 1, 1, 1, 1, 1, 1, 1, 1, 0], 'H': [1, 1, 1, 1, 1, 0, 1, 1, 0, 1], 'I': [1, 0, 1, 1, 1, 1, 0, 1, 0, 1], 'J': [1, 1, 0, 1, 0, 1, 1, 1, 1, 1], 'K': [0, 0, 0, 1, 1, 1, 1, 1, 0, 0]}, '东门南侧': {'A': [1, 1, 1, 1, 0, 0, 1, 0, 0, 0], 'B': [0, 0, 0, 0, 0, 0, 0, 0, 0, 0]}, '西门北侧': {'A': [1, 1, 1, 1, 1, 1, 1, 1, 0, 0], 'B': [1, 1, 1, 1, 1, 1, 1, 0, 1, 1], 'C': [1, 1, 1, 1, 0, 1, 1, 1, 0, 0]}, '西门南侧': {'A': [0, 1, 1, 1, 1, 1, 1, 1, 1, 1], 'B': [1, 1, 1, 1, 1, 1, 1, 1, 1, 1], 'C': [1, 1, 0, 1, 1, 1, 1, 1, 1, 1]}, '南门西侧': {'A': [1, 1, 1, 1, 1, 1, 1, 1, 1, 1], 'B': [0, 0, 0, 1, 0, 0, 0, 0, 0, 1]}, '南门东侧': {'A': [1, 1, 0, 1, 1, 1, 1, 1, 1, 1], 'B': [1, 1, 1, 1, 1, 1, 1, 1, 1, 1]}, '北门东北侧': {'A': [1, 1, 1, 1, 1, 1, 1, 1, 1, 1], 'B': [1, 0, 0, 1, 1, 0, 0, 1, 0, 0], 'C': [0, 0, 0, 1, 1, 0, 0, 1, 1, 0], 'D': [0, 0, 1, 1, 1, 0, 1, 0, 0, 1]}, '北门东南侧': {'A': [0, 1, 1, 0, 1, 0, 1, 0, 0, 0], 'B': [0, 1, 0, 0, 0, 0, 1, 0, 1, 1], 'C': [1, 1, 1, 0, 0, 0, 0, 0, 0, 0], 'D': [0, 0, 1, 1, 0, 0, 0, 0, 0, 0], 'E': [0, 1, 0, 1, 0, 0, 1, 1, 0, 0], 'F': [1, 0, 1, 1, 1, 1, 1, 0, 0, 1]}, '橘园北侧南': {'A': [1, 0, 0, 0, 0, 1, 0, 0, 1, 1], 'B': [1, 1, 1, 1, 0, 1, 0, 1, 1, 1], 'C': [1, 1, 1, 1, 0, 1, 1, 0, 0, 0], 'D': [1, 1, 1, 1, 1, 1, 0, 1, 1, 0], 'E': [1, 0, 1, 0, 1, 1, 0, 1, 0, 0], 'F': [0, 0, 0, 0, 0, 0, 0, 0, 1, 0], 'G': [0, 0, 1, 0, 0, 0, 1, 1, 0, 1], 'H': [0, 1, 1, 1, 0, 1, 1, 0, 1, 0], 'I': [0, 0, 0, 0, 1, 0, 1, 0, 1, 0], 'J': [0, 1, 1, 1, 1, 0, 1, 0, 1, 1]}, '校医院西': {'A': [0, 1, 0, 0, 1, 0, 1, 1, 0, 0], 'B': [1, 1, 1, 0, 1, 0, 0, 1, 0, 1], 'C': [0, 1, 0, 1, 1, 0, 1, 1, 0, 1], 'D': [1, 1, 1, 0, 1, 0, 1, 1, 1, 1], 'E': [1, 1, 1, 1, 1, 1, 1, 1, 1, 1], 'F': [1, 0, 1, 1, 1, 1, 1, 1, 1, 1], 'G': [0, 0, 1, 0, 0, 1, 1, 1, 0, 0], 'H': [0, 0, 0, 0, 0, 0, 0, 0, 0, 0], 'I': [1, 0, 0, 0, 0, 0, 0, 0, 0, 0]}}
624058	2024-07-13 18:22:59.614000+08:00	2024-07-13 18:22:59.614000+08:00	{'东门北侧': {'A': [1, 1, 1, 1, 1, 0, 1, 0, 1, 1], 'B': [1, 1, 1, 1, 1, 1, 1, 1, 1, 1], 'C': [0, 1, 1, 0, 1, 0, 1, 0, 1, 1], 'D': [1, 0, 1, 1, 1, 0, 0, 1, 0, 0], 'E': [1, 1, 1, 1, 1, 0, 1, 1, 1, 1], 'F': [1, 1, 1, 1, 1, 1, 1, 1, 0, 1], 'G': [1, 1, 1, 1, 1, 1, 1, 1, 1, 0], 'H': [1, 1, 1, 1, 1, 0, 1, 1, 0, 1], 'I': [1, 0, 1, 1, 1, 1, 0, 1, 0, 1], 'J': [1, 1, 0, 1, 0, 1, 1, 1, 1, 1], 'K': [0, 0, 0, 1, 1, 1, 1, 1, 0, 0]}, '东门南侧': {'A': [1, 1, 1, 1, 0, 0, 1, 0, 0, 0], 'B': [0, 0, 0, 0, 0, 0, 0, 0, 0, 0]}, '西门北侧': {'A': [1, 1, 1, 1, 1, 1, 1, 1, 0, 0], 'B': [1, 1, 1, 1, 1, 1, 1, 0, 1, 1], 'C': [1, 1, 1, 1, 0, 1, 1, 1, 0, 0]}, '西门南侧': {'A': [0, 1, 1, 1, 1, 1, 1, 1, 1, 1], 'B': [1, 1, 1, 1, 1, 1, 1, 1, 1, 1], 'C': [1, 1, 0, 1, 1, 1, 1, 1, 1, 1]}, '南门西侧': {'A': [1, 1, 1, 1, 1, 1, 1, 1, 1, 1], 'B': [0, 0, 0, 1, 0, 0, 0, 0, 0, 1]}, '南门东侧': {'A': [1, 1, 0, 1, 1, 1, 1, 1, 1, 1], 'B': [1, 1, 1, 1, 1, 1, 1, 1, 1, 1]}, '北门东北侧': {'A': [1, 1, 1, 1, 1, 1, 1, 1, 1, 1], 'B': [1, 0, 0, 1, 1, 0, 0, 1, 0, 0], 'C': [0, 0, 0, 1, 1, 0, 0, 1, 1, 0], 'D': [0, 0, 1, 1, 1, 0, 1, 0, 0, 1]}, '北门东南侧': {'A': [0, 1, 1, 0, 1, 0, 1, 0, 0, 0], 'B': [0, 1, 0, 0, 0, 0, 1, 0, 1, 1], 'C': [1, 1, 1, 0, 0, 0, 0, 0, 0, 0], 'D': [0, 0, 1, 1, 0, 0, 0, 0, 0, 0], 'E': [0, 1, 0, 1, 0, 0, 1, 1, 0, 0], 'F': [1, 0, 1, 1, 1, 1, 1, 0, 0, 1]}, '橘园北侧南': {'A': [1, 0, 0, 0, 0, 1, 0, 0, 1, 1], 'B': [1, 1, 1, 1, 0, 1, 0, 1, 1, 1], 'C': [1, 1, 1, 1, 0, 1, 1, 0, 0, 0], 'D': [1, 1, 1, 1, 1, 1, 0, 1, 1, 0], 'E': [1, 0, 1, 0, 1, 1, 0, 1, 0, 0], 'F': [0, 0, 0, 0, 0, 0, 0, 0, 1, 0], 'G': [0, 0, 1, 0, 0, 0, 1, 1, 0, 1], 'H': [0, 1, 1, 1, 0, 1, 1, 0, 1, 0], 'I': [0, 0, 0, 0, 1, 0, 1, 0, 1, 0], 'J': [0, 1, 1, 1, 1, 0, 1, 0, 1, 1]}, '校医院西': {'A': [0, 1, 0, 0, 1, 0, 1, 1, 0, 0], 'B': [1, 1, 1, 0, 1, 0, 0, 1, 0, 1], 'C': [0, 1, 0, 1, 1, 0, 1, 1, 0, 1], 'D': [1, 1, 1, 0, 1, 0, 1, 1, 1, 1], 'E': [1, 1, 1, 1, 1, 1, 1, 1, 1, 1], 'F': [1, 0, 1, 1, 1, 1, 1, 1, 1, 1], 'G': [0, 0, 1, 0, 0, 1, 1, 1, 0, 0], 'H': [0, 0, 0, 0, 0, 0, 0, 0, 0, 0], 'I': [1, 0, 0, 0, 0, 0, 0, 0, 0, 0]}}
624059	2024-07-13 18:24:01.512000+08:00	2024-07-13 18:24:01.512000+08:00	{'东门北侧': {'A': [1, 1, 1, 1, 1, 0, 1, 0, 1, 1], 'B': [1, 1, 1, 1, 1, 1, 1, 1, 1, 1], 'C': [0, 1, 1, 0, 1, 0, 1, 0, 1, 1], 'D': [1, 0, 1, 1, 1, 0, 0, 1, 0, 0], 'E': [1, 1, 1, 1, 1, 0, 1, 1, 1, 1], 'F': [1, 1, 1, 1, 1, 1, 1, 1, 0, 1], 'G': [1, 1, 1, 1, 1, 1, 1, 1, 1, 0], 'H': [1, 1, 1, 1, 1, 0, 1, 1, 0, 1], 'I': [1, 0, 1, 1, 1, 1, 0, 1, 0, 1], 'J': [1, 1, 0, 1, 0, 1, 1, 1, 1, 1], 'K': [0, 0, 0, 1, 1, 1, 1, 1, 0, 0]}, '东门南侧': {'A': [1, 1, 1, 1, 0, 0, 1, 0, 0, 0], 'B': [0, 0, 0, 0, 0, 0, 0, 0, 0, 0]}, '西门北侧': {'A': [1, 1, 1, 1, 1, 1, 1, 1, 0, 0], 'B': [1, 1, 1, 1, 1, 1, 1, 0, 1, 1], 'C': [1, 1, 1, 1, 0, 1, 1, 1, 0, 0]}, '西门南侧': {'A': [0, 1, 1, 1, 1, 1, 1, 1, 1, 1], 'B': [1, 1, 1, 1, 1, 1, 1, 1, 1, 1], 'C': [1, 1, 0, 1, 1, 1, 1, 1, 1, 1]}, '南门西侧': {'A': [1, 1, 1, 1, 1, 1, 1, 1, 1, 1], 'B': [0, 0, 0, 1, 0, 0, 0, 0, 0, 1]}, '南门东侧': {'A': [1, 1, 0, 1, 1, 1, 1, 1, 1, 1], 'B': [1, 1, 1, 1, 1, 1, 1, 1, 1, 1]}, '北门东北侧': {'A': [1, 1, 1, 1, 1, 1, 1, 1, 1, 1], 'B': [1, 0, 0, 1, 1, 0, 0, 1, 0, 0], 'C': [0, 0, 0, 1, 1, 0, 0, 1, 1, 0], 'D': [0, 0, 1, 1, 1, 0, 1, 0, 0, 1]}, '北门东南侧': {'A': [0, 1, 1, 0, 1, 0, 1, 0, 0, 0], 'B': [0, 1, 0, 0, 0, 0, 1, 0, 1, 1], 'C': [1, 1, 1, 0, 0, 0, 0, 0, 0, 0], 'D': [0, 0, 1, 1, 0, 0, 0, 0, 0, 0], 'E': [0, 1, 0, 1, 0, 0, 1, 1, 0, 0], 'F': [1, 0, 1, 1, 1, 1, 1, 0, 0, 1]}, '橘园北侧南': {'A': [1, 0, 0, 0, 0, 1, 0, 0, 1, 1], 'B': [1, 1, 1, 1, 0, 1, 0, 1, 1, 1], 'C': [1, 1, 1, 1, 0, 1, 1, 0, 0, 0], 'D': [1, 1, 1, 1, 1, 1, 0, 1, 1, 0], 'E': [1, 0, 1, 0, 1, 1, 0, 1, 0, 0], 'F': [0, 0, 0, 0, 0, 0, 0, 0, 1, 0], 'G': [0, 0, 1, 0, 0, 0, 1, 1, 0, 1], 'H': [0, 1, 1, 1, 0, 1, 1, 0, 1, 0], 'I': [0, 0, 0, 0, 1, 0, 1, 0, 1, 0], 'J': [0, 1, 1, 1, 1, 0, 1, 0, 1, 1]}, '校医院西': {'A': [0, 1, 0, 0, 1, 0, 1, 1, 0, 0], 'B': [1, 1, 1, 0, 1, 0, 0, 1, 0, 1], 'C': [0, 1, 0, 1, 1, 0, 1, 1, 0, 1], 'D': [1, 1, 1, 0, 1, 0, 1, 1, 1, 1], 'E': [1, 1, 1, 1, 1, 1, 1, 1, 1, 1], 'F': [1, 0, 1, 1, 1, 1, 1, 1, 1, 1], 'G': [0, 0, 1, 0, 0, 1, 1, 1, 0, 0], 'H': [0, 0, 0, 0, 0, 0, 0, 0, 0, 0], 'I': [1, 0, 0, 0, 0, 0, 0, 0, 0, 1]}}
624060	2024-07-13 18:25:01.505000+08:00	2024-07-13 18:25:01.505000+08:00	{'东门北侧': {'A': [1, 1, 1, 1, 1, 0, 1, 0, 1, 1], 'B': [1, 1, 1, 1, 1, 1, 1, 1, 1, 1], 'C': [0, 1, 1, 0, 1, 0, 1, 0, 1, 1], 'D': [1, 0, 1, 1, 1, 0, 0, 1, 0, 0], 'E': [1, 1, 1, 1, 1, 0, 1, 1, 1, 1], 'F': [1, 1, 1, 1, 1, 1, 1, 1, 0, 1], 'G': [1, 1, 1, 1, 1, 1, 1, 1, 1, 0], 'H': [1, 1, 1, 1, 1, 0, 1, 1, 0, 1], 'I': [1, 0, 1, 1, 1, 1, 0, 1, 0, 1], 'J': [1, 1, 0, 1, 0, 1, 1, 1, 1, 1], 'K': [0, 0, 0, 1, 1, 1, 1, 1, 0, 0]}, '东门南侧': {'A': [1, 1, 1, 1, 0, 0, 1, 0, 0, 0], 'B': [0, 0, 0, 0, 0, 0, 0, 0, 0, 0]}, '西门北侧': {'A': [1, 1, 1, 1, 1, 1, 1, 1, 0, 0], 'B': [1, 1, 1, 1, 1, 1, 1, 0, 1, 1], 'C': [1, 1, 1, 1, 0, 1, 1, 1, 0, 0]}, '西门南侧': {'A': [0, 1, 1, 1, 1, 1, 1, 1, 1, 1], 'B': [1, 1, 1, 1, 1, 1, 1, 1, 1, 1], 'C': [1, 1, 0, 1, 1, 1, 1, 1, 1, 1]}, '南门西侧': {'A': [1, 1, 1, 1, 1, 1, 1, 1, 1, 1], 'B': [0, 0, 0, 1, 0, 0, 0, 0, 0, 1]}, '南门东侧': {'A': [1, 1, 0, 1, 1, 1, 1, 1, 1, 1], 'B': [1, 1, 1, 1, 1, 1, 1, 1, 1, 1]}, '北门东北侧': {'A': [1, 1, 1, 1, 1, 1, 1, 1, 1, 1], 'B': [1, 0, 0, 1, 1, 0, 0, 1, 0, 0], 'C': [0, 0, 0, 1, 1, 0, 0, 1, 1, 0], 'D': [0, 0, 1, 1, 1, 0, 1, 0, 0, 1]}, '北门东南侧': {'A': [0, 1, 1, 0, 1, 0, 1, 0, 0, 0], 'B': [0, 1, 0, 0, 0, 0, 1, 0, 1, 1], 'C': [1, 1, 1, 0, 0, 0, 0, 0, 0, 0], 'D': [0, 0, 1, 1, 0, 0, 0, 0, 0, 0], 'E': [0, 1, 0, 1, 0, 0, 1, 1, 0, 0], 'F': [1, 0, 1, 1, 1, 1, 1, 0, 0, 1]}, '橘园北侧南': {'A': [1, 0, 0, 0, 0, 1, 0, 0, 1, 1], 'B': [1, 1, 1, 1, 0, 1, 0, 1, 1, 1], 'C': [1, 1, 1, 1, 0, 1, 1, 0, 0, 0], 'D': [1, 1, 1, 1, 1, 1, 0, 1, 1, 0], 'E': [1, 0, 1, 0, 1, 1, 0, 1, 0, 0], 'F': [0, 0, 0, 0, 0, 0, 0, 0, 1, 0], 'G': [0, 0, 1, 0, 0, 0, 1, 1, 0, 1], 'H': [0, 1, 1, 1, 0, 1, 1, 0, 1, 0], 'I': [0, 0, 0, 0, 1, 0, 1, 0, 1, 0], 'J': [0, 1, 1, 1, 1, 0, 1, 0, 1, 1]}, '校医院西': {'A': [0, 1, 0, 0, 1, 0, 1, 1, 0, 0], 'B': [1, 1, 1, 0, 1, 0, 0, 1, 0, 1], 'C': [0, 1, 0, 1, 1, 0, 1, 1, 0, 1], 'D': [1, 1, 1, 0, 1, 0, 1, 1, 1, 1], 'E': [1, 1, 1, 1, 1, 1, 1, 1, 1, 1], 'F': [1, 0, 1, 1, 1, 1, 1, 1, 1, 1], 'G': [0, 0, 1, 0, 0, 1, 1, 1, 0, 0], 'H': [0, 0, 0, 0, 0, 0, 0, 0, 0, 0], 'I': [1, 0, 0, 0, 0, 0, 0, 0, 0, 1]}}
624061	2024-07-13 18:26:01.290000+08:00	2024-07-13 18:26:01.290000+08:00	{'东门北侧': {'A': [1, 1, 1, 1, 1, 0, 1, 0, 1, 1], 'B': [1, 1, 1, 1, 1, 1, 1, 1, 1, 1], 'C': [0, 1, 1, 0, 1, 0, 1, 0, 1, 1], 'D': [1, 0, 1, 1, 1, 0, 0, 1, 0, 0], 'E': [1, 1, 1, 1, 1, 0, 1, 1, 1, 1], 'F': [1, 1, 1, 1, 1, 1, 1, 1, 0, 1], 'G': [1, 1, 1, 1, 1, 1, 1, 1, 1, 0], 'H': [1, 1, 1, 1, 1, 0, 1, 1, 0, 1], 'I': [1, 0, 1, 1, 1, 1, 0, 1, 0, 1], 'J': [1, 1, 0, 1, 0, 1, 1, 1, 1, 1], 'K': [0, 0, 0, 1, 1, 1, 1, 1, 0, 0]}, '东门南侧': {'A': [1, 1, 1, 1, 0, 0, 1, 0, 0, 0], 'B': [0, 0, 0, 0, 0, 0, 0, 0, 0, 0]}, '西门北侧': {'A': [1, 1, 1, 1, 1, 1, 1, 1, 0, 0], 'B': [1, 1, 1, 1, 1, 1, 1, 0, 1, 1], 'C': [1, 1, 1, 1, 0, 1, 1, 1, 0, 0]}, '西门南侧': {'A': [0, 1, 1, 1, 1, 1, 1, 1, 1, 1], 'B': [1, 1, 1, 1, 1, 1, 1, 1, 1, 1], 'C': [1, 1, 0, 1, 1, 1, 1, 1, 1, 1]}, '南门西侧': {'A': [1, 1, 1, 1, 1, 1, 1, 1, 1, 1], 'B': [0, 0, 0, 1, 0, 0, 0, 0, 0, 1]}, '南门东侧': {'A': [1, 1, 0, 1, 1, 1, 1, 1, 1, 1], 'B': [1, 1, 1, 1, 1, 1, 1, 1, 1, 1]}, '北门东北侧': {'A': [1, 1, 1, 1, 1, 1, 1, 1, 1, 1], 'B': [1, 0, 0, 1, 1, 0, 0, 1, 0, 0], 'C': [0, 0, 0, 1, 1, 0, 0, 1, 1, 0], 'D': [0, 0, 1, 1, 1, 0, 1, 0, 0, 1]}, '北门东南侧': {'A': [0, 1, 1, 0, 1, 0, 1, 0, 0, 0], 'B': [0, 1, 0, 0, 0, 0, 1, 0, 1, 1], 'C': [1, 1, 1, 0, 0, 0, 0, 0, 0, 0], 'D': [0, 0, 1, 1, 0, 0, 0, 0, 0, 0], 'E': [0, 1, 0, 1, 0, 0, 1, 1, 0, 0], 'F': [1, 0, 1, 1, 1, 1, 1, 0, 0, 1]}, '橘园北侧南': {'A': [1, 0, 0, 0, 0, 1, 0, 0, 1, 1], 'B': [1, 1, 1, 1, 0, 1, 0, 1, 1, 1], 'C': [1, 1, 1, 1, 0, 1, 1, 0, 0, 0], 'D': [1, 1, 1, 1, 1, 1, 0, 1, 1, 0], 'E': [1, 0, 1, 0, 1, 1, 0, 1, 0, 0], 'F': [0, 0, 0, 0, 0, 0, 0, 0, 1, 0], 'G': [0, 0, 1, 0, 0, 0, 1, 1, 0, 1], 'H': [0, 1, 1, 1, 0, 1, 1, 0, 1, 0], 'I': [0, 0, 0, 0, 1, 0, 1, 0, 1, 0], 'J': [0, 1, 1, 1, 1, 0, 1, 0, 1, 1]}, '校医院西': {'A': [0, 1, 0, 0, 1, 0, 1, 1, 0, 0], 'B': [1, 1, 1, 0, 1, 0, 0, 1, 0, 1], 'C': [0, 1, 0, 1, 1, 0, 1, 1, 0, 1], 'D': [1, 1, 1, 0, 1, 0, 1, 1, 1, 1], 'E': [1, 1, 1, 1, 1, 1, 1, 1, 1, 1], 'F': [1, 0, 1, 1, 1, 1, 1, 1, 1, 1], 'G': [0, 0, 1, 0, 0, 1, 1, 1, 0, 0], 'H': [0, 0, 0, 0, 0, 0, 0, 0, 0, 0], 'I': [1, 0, 0, 0, 0, 0, 0, 0, 0, 1]}}
624062	2024-07-13 18:26:58.660000+08:00	2024-07-13 18:26:58.660000+08:00	{'东门北侧': {'A': [1, 1, 1, 1, 1, 0, 1, 0, 1, 1], 'B': [1, 1, 1, 1, 1, 1, 1, 1, 1, 1], 'C': [0, 1, 1, 0, 1, 0, 1, 0, 1, 1], 'D': [1, 0, 1, 1, 1, 0, 0, 1, 0, 0], 'E': [1, 1, 1, 1, 1, 0, 1, 1, 1, 1], 'F': [1, 1, 1, 1, 1, 1, 1, 1, 0, 1], 'G': [1, 1, 1, 1, 1, 1, 1, 1, 1, 0], 'H': [1, 1, 1, 1, 1, 0, 1, 1, 0, 1], 'I': [1, 0, 1, 1, 1, 1, 0, 1, 0, 1], 'J': [1, 1, 0, 1, 0, 1, 1, 1, 1, 1], 'K': [0, 0, 0, 1, 1, 1, 1, 1, 0, 0]}, '东门南侧': {'A': [1, 1, 1, 1, 0, 0, 1, 0, 0, 0], 'B': [0, 0, 0, 0, 0, 0, 0, 0, 0, 0]}, '西门北侧': {'A': [1, 1, 1, 1, 1, 1, 1, 1, 0, 0], 'B': [1, 1, 1, 1, 1, 1, 1, 0, 1, 1], 'C': [1, 1, 1, 1, 0, 1, 1, 1, 0, 0]}, '西门南侧': {'A': [0, 1, 1, 1, 1, 1, 1, 1, 1, 1], 'B': [1, 1, 1, 1, 1, 1, 1, 1, 1, 1], 'C': [1, 1, 0, 1, 1, 1, 1, 1, 1, 1]}, '南门西侧': {'A': [1, 1, 1, 1, 1, 1, 1, 1, 1, 1], 'B': [0, 0, 0, 1, 0, 0, 0, 0, 0, 1]}, '南门东侧': {'A': [1, 1, 0, 1, 1, 1, 1, 1, 1, 1], 'B': [1, 1, 1, 1, 1, 1, 1, 1, 1, 1]}, '北门东北侧': {'A': [1, 1, 1, 1, 1, 1, 1, 1, 1, 1], 'B': [1, 0, 0, 1, 1, 0, 0, 1, 0, 0], 'C': [0, 0, 0, 1, 1, 0, 0, 1, 1, 0], 'D': [0, 0, 1, 1, 1, 0, 1, 0, 0, 1]}, '北门东南侧': {'A': [0, 1, 1, 0, 1, 0, 1, 0, 0, 0], 'B': [0, 1, 0, 0, 0, 0, 1, 0, 1, 1], 'C': [1, 1, 1, 0, 0, 0, 0, 0, 0, 0], 'D': [0, 0, 1, 1, 0, 0, 0, 0, 0, 0], 'E': [0, 1, 0, 1, 0, 0, 1, 1, 0, 0], 'F': [1, 0, 1, 1, 1, 1, 1, 0, 0, 1]}, '橘园北侧南': {'A': [1, 0, 0, 0, 0, 1, 0, 0, 1, 1], 'B': [1, 1, 1, 1, 0, 1, 0, 1, 1, 1], 'C': [1, 1, 1, 1, 0, 1, 1, 0, 0, 0], 'D': [1, 1, 1, 1, 1, 1, 0, 1, 1, 0], 'E': [1, 0, 1, 0, 1, 1, 0, 1, 0, 0], 'F': [0, 0, 0, 0, 0, 0, 0, 0, 1, 0], 'G': [0, 0, 1, 0, 0, 0, 1, 1, 0, 1], 'H': [0, 1, 0, 1, 0, 1, 1, 0, 1, 0], 'I': [0, 0, 0, 0, 0, 0, 1, 0, 1, 0], 'J': [0, 0, 1, 1, 1, 0, 1, 0, 1, 1]}, '校医院西': {'A': [0, 1, 0, 0, 1, 0, 1, 1, 0, 0], 'B': [1, 1, 1, 0, 1, 0, 0, 1, 0, 1], 'C': [0, 1, 0, 1, 1, 0, 1, 1, 0, 1], 'D': [1, 1, 1, 0, 1, 0, 1, 1, 1, 1], 'E': [1, 1, 1, 1, 1, 1, 1, 1, 1, 1], 'F': [1, 0, 1, 1, 1, 1, 1, 1, 1, 1], 'G': [0, 0, 1, 0, 0, 1, 1, 1, 0, 0], 'H': [0, 0, 0, 0, 0, 0, 0, 0, 0, 0], 'I': [1, 0, 0, 0, 0, 0, 0, 0, 0, 1]}}
624063	2024-07-13 18:28:02.537000+08:00	2024-07-13 18:28:02.537000+08:00	{'东门北侧': {'A': [1, 1, 1, 1, 1, 0, 1, 0, 1, 1], 'B': [1, 1, 1, 1, 1, 1, 1, 1, 1, 1], 'C': [0, 1, 1, 0, 1, 0, 1, 0, 1, 1], 'D': [1, 0, 1, 1, 1, 0, 0, 1, 0, 0], 'E': [1, 1, 1, 1, 1, 0, 1, 1, 1, 1], 'F': [1, 1, 1, 1, 1, 1, 1, 1, 0, 1], 'G': [1, 1, 1, 1, 1, 1, 1, 1, 1, 0], 'H': [1, 1, 1, 1, 1, 0, 1, 1, 0, 1], 'I': [1, 0, 1, 1, 1, 1, 0, 1, 0, 1], 'J': [1, 1, 0, 1, 0, 1, 1, 1, 1, 1], 'K': [0, 0, 0, 1, 1, 1, 1, 1, 0, 0]}, '东门南侧': {'A': [1, 1, 1, 1, 0, 0, 1, 0, 0, 0], 'B': [0, 0, 0, 0, 0, 0, 0, 0, 0, 0]}, '西门北侧': {'A': [1, 1, 1, 1, 1, 1, 1, 1, 0, 0], 'B': [1, 1, 1, 1, 1, 1, 1, 0, 1, 1], 'C': [1, 1, 1, 1, 0, 1, 1, 0, 0, 0]}, '西门南侧': {'A': [0, 1, 1, 1, 1, 1, 1, 1, 1, 1], 'B': [1, 1, 1, 1, 1, 1, 1, 1, 1, 1], 'C': [1, 1, 0, 1, 1, 1, 1, 1, 1, 1]}, '南门西侧': {'A': [1, 1, 1, 1, 1, 1, 1, 1, 1, 1], 'B': [0, 0, 0, 1, 0, 0, 0, 0, 0, 0]}, '南门东侧': {'A': [1, 1, 0, 1, 1, 1, 1, 1, 1, 1], 'B': [1, 1, 1, 1, 1, 1, 1, 1, 1, 1]}, '北门东北侧': {'A': [1, 1, 1, 1, 1, 1, 1, 1, 1, 1], 'B': [1, 0, 0, 1, 1, 0, 0, 1, 0, 0], 'C': [0, 0, 0, 1, 1, 0, 0, 1, 1, 0], 'D': [0, 0, 1, 1, 1, 0, 1, 0, 0, 1]}, '北门东南侧': {'A': [0, 1, 1, 0, 1, 0, 1, 0, 0, 0], 'B': [0, 1, 0, 0, 0, 0, 1, 0, 1, 1], 'C': [1, 1, 1, 0, 0, 0, 0, 0, 0, 0], 'D': [0, 0, 1, 1, 0, 0, 0, 0, 0, 0], 'E': [0, 1, 0, 1, 0, 0, 1, 1, 0, 0], 'F': [1, 0, 1, 1, 1, 1, 1, 0, 0, 1]}, '橘园北侧南': {'A': [1, 0, 0, 0, 0, 1, 0, 0, 1, 1], 'B': [1, 1, 1, 1, 0, 1, 0, 1, 1, 1], 'C': [1, 1, 1, 1, 0, 1, 1, 0, 0, 0], 'D': [1, 1, 1, 1, 1, 1, 0, 1, 1, 0], 'E': [1, 0, 1, 0, 1, 1, 0, 1, 0, 0], 'F': [0, 0, 0, 0, 0, 0, 0, 0, 1, 0], 'G': [0, 0, 1, 0, 0, 0, 1, 1, 0, 1], 'H': [0, 1, 0, 1, 0, 1, 1, 0, 1, 0], 'I': [0, 0, 0, 0, 0, 0, 1, 0, 1, 0], 'J': [0, 0, 1, 1, 1, 0, 1, 0, 1, 1]}, '校医院西': {'A': [0, 1, 0, 0, 1, 0, 1, 1, 0, 0], 'B': [1, 1, 1, 0, 1, 0, 0, 1, 0, 1], 'C': [0, 1, 0, 1, 1, 0, 1, 1, 0, 1], 'D': [1, 1, 1, 0, 1, 0, 1, 1, 1, 1], 'E': [1, 1, 1, 1, 1, 1, 1, 1, 1, 1], 'F': [1, 0, 1, 1, 1, 1, 1, 1, 1, 1], 'G': [0, 0, 1, 0, 0, 1, 1, 1, 0, 0], 'H': [0, 0, 0, 0, 0, 0, 0, 0, 0, 0], 'I': [1, 0, 0, 0, 0, 0, 0, 0, 0, 1]}}
624064	2024-07-13 18:28:59.487000+08:00	2024-07-13 18:28:59.487000+08:00	{'东门北侧': {'A': [1, 1, 1, 1, 1, 0, 1, 0, 1, 1], 'B': [1, 1, 1, 1, 1, 1, 1, 1, 1, 1], 'C': [0, 1, 1, 0, 1, 0, 1, 0, 1, 1], 'D': [1, 0, 1, 1, 1, 0, 0, 1, 0, 0], 'E': [1, 1, 1, 1, 1, 0, 1, 1, 1, 1], 'F': [1, 1, 1, 1, 1, 1, 1, 1, 0, 1], 'G': [1, 1, 1, 1, 1, 1, 1, 1, 1, 0], 'H': [1, 1, 1, 1, 1, 0, 1, 1, 0, 1], 'I': [1, 0, 1, 1, 1, 1, 0, 1, 0, 1], 'J': [1, 1, 0, 1, 0, 0, 1, 1, 1, 1], 'K': [0, 0, 0, 1, 1, 1, 1, 1, 0, 0]}, '东门南侧': {'A': [1, 1, 1, 1, 0, 0, 1, 0, 0, 0], 'B': [0, 0, 0, 0, 0, 0, 0, 0, 0, 0]}, '西门北侧': {'A': [1, 1, 1, 1, 1, 1, 1, 1, 0, 0], 'B': [1, 1, 1, 1, 1, 1, 1, 0, 1, 1], 'C': [1, 1, 1, 1, 0, 1, 1, 0, 0, 0]}, '西门南侧': {'A': [0, 1, 1, 1, 1, 1, 1, 1, 1, 1], 'B': [1, 1, 1, 1, 1, 1, 1, 1, 1, 1], 'C': [1, 1, 0, 1, 1, 1, 1, 1, 1, 1]}, '南门西侧': {'A': [1, 1, 1, 1, 1, 1, 1, 1, 1, 1], 'B': [0, 0, 0, 1, 0, 0, 0, 0, 0, 0]}, '南门东侧': {'A': [1, 1, 0, 1, 1, 1, 1, 1, 1, 1], 'B': [1, 1, 1, 1, 1, 1, 1, 1, 1, 1]}, '北门东北侧': {'A': [1, 1, 1, 1, 1, 1, 1, 1, 1, 1], 'B': [1, 0, 0, 1, 1, 0, 0, 1, 0, 0], 'C': [0, 0, 0, 1, 1, 0, 0, 1, 1, 0], 'D': [0, 0, 1, 1, 1, 0, 1, 0, 0, 1]}, '北门东南侧': {'A': [0, 1, 1, 0, 1, 0, 1, 0, 0, 0], 'B': [0, 1, 0, 0, 0, 0, 0, 0, 1, 1], 'C': [1, 1, 1, 0, 0, 0, 0, 0, 0, 0], 'D': [0, 0, 1, 1, 0, 0, 0, 0, 0, 0], 'E': [0, 1, 0, 1, 0, 0, 1, 1, 0, 0], 'F': [1, 0, 1, 1, 1, 1, 1, 0, 0, 1]}, '橘园北侧南': {'A': [0, 0, 0, 0, 0, 1, 0, 0, 1, 1], 'B': [1, 1, 1, 1, 0, 1, 0, 1, 1, 1], 'C': [1, 1, 1, 1, 0, 1, 1, 0, 0, 0], 'D': [1, 1, 1, 1, 1, 1, 0, 1, 1, 0], 'E': [1, 0, 1, 0, 1, 1, 0, 1, 0, 0], 'F': [0, 0, 0, 0, 0, 0, 0, 0, 1, 0], 'G': [0, 0, 1, 0, 0, 0, 1, 1, 0, 1], 'H': [0, 1, 0, 1, 0, 1, 1, 0, 1, 0], 'I': [0, 0, 0, 0, 0, 0, 1, 0, 1, 0], 'J': [0, 0, 1, 1, 1, 0, 1, 0, 1, 1]}, '校医院西': {'A': [0, 1, 0, 0, 1, 0, 1, 1, 0, 0], 'B': [1, 1, 1, 0, 1, 0, 0, 1, 0, 1], 'C': [0, 1, 0, 1, 1, 0, 1, 1, 0, 1], 'D': [1, 1, 1, 0, 1, 0, 1, 1, 1, 1], 'E': [1, 1, 1, 1, 1, 1, 1, 1, 1, 1], 'F': [1, 0, 1, 1, 1, 1, 1, 1, 1, 1], 'G': [0, 0, 1, 0, 0, 1, 1, 1, 0, 0], 'H': [0, 0, 0, 0, 0, 0, 0, 0, 0, 0], 'I': [1, 0, 0, 0, 0, 0, 0, 0, 0, 1]}}
624065	2024-07-13 18:30:00.391000+08:00	2024-07-13 18:30:00.391000+08:00	{'东门北侧': {'A': [1, 1, 1, 1, 1, 0, 1, 0, 1, 1], 'B': [1, 1, 1, 1, 1, 1, 1, 1, 1, 1], 'C': [0, 1, 1, 0, 1, 0, 1, 0, 1, 1], 'D': [1, 0, 1, 1, 1, 0, 0, 1, 0, 0], 'E': [1, 1, 1, 1, 1, 0, 1, 1, 1, 1], 'F': [1, 1, 1, 1, 1, 1, 1, 1, 0, 1], 'G': [1, 1, 1, 1, 1, 1, 1, 1, 1, 0], 'H': [1, 1, 1, 1, 1, 0, 1, 1, 0, 1], 'I': [1, 0, 1, 1, 1, 1, 0, 1, 0, 1], 'J': [1, 1, 0, 1, 0, 0, 1, 1, 1, 0], 'K': [0, 0, 0, 1, 1, 1, 1, 1, 0, 0]}, '东门南侧': {'A': [1, 1, 1, 1, 0, 0, 1, 0, 0, 0], 'B': [0, 0, 0, 0, 0, 0, 0, 0, 0, 0]}, '西门北侧': {'A': [1, 1, 1, 1, 1, 1, 1, 1, 0, 0], 'B': [1, 1, 1, 1, 1, 1, 1, 0, 1, 1], 'C': [1, 1, 1, 1, 0, 1, 1, 0, 0, 0]}, '西门南侧': {'A': [0, 1, 1, 1, 1, 1, 1, 1, 1, 1], 'B': [1, 1, 1, 1, 1, 1, 1, 1, 1, 1], 'C': [1, 1, 0, 1, 1, 1, 1, 1, 1, 1]}, '南门西侧': {'A': [1, 1, 1, 1, 1, 1, 1, 1, 1, 1], 'B': [0, 0, 0, 1, 0, 0, 0, 0, 0, 0]}, '南门东侧': {'A': [1, 1, 0, 1, 1, 1, 1, 1, 1, 1], 'B': [1, 1, 1, 1, 1, 1, 1, 1, 1, 1]}, '北门东北侧': {'A': [1, 1, 1, 1, 1, 1, 1, 1, 1, 1], 'B': [1, 0, 0, 1, 1, 0, 0, 1, 0, 0], 'C': [0, 0, 0, 1, 1, 0, 0, 1, 1, 0], 'D': [0, 0, 1, 1, 1, 0, 1, 0, 0, 1]}, '北门东南侧': {'A': [0, 1, 1, 0, 1, 0, 1, 0, 0, 0], 'B': [0, 1, 0, 0, 0, 0, 0, 0, 1, 1], 'C': [1, 1, 1, 0, 0, 0, 0, 0, 0, 0], 'D': [0, 0, 1, 1, 0, 0, 0, 0, 0, 0], 'E': [0, 1, 0, 1, 0, 0, 1, 1, 0, 0], 'F': [1, 0, 1, 1, 1, 1, 1, 0, 0, 1]}, '橘园北侧南': {'A': [0, 1, 0, 0, 0, 1, 0, 0, 1, 1], 'B': [1, 1, 1, 1, 0, 1, 0, 1, 1, 1], 'C': [1, 1, 1, 1, 0, 1, 1, 0, 0, 0], 'D': [1, 1, 1, 1, 1, 1, 0, 1, 1, 0], 'E': [1, 0, 1, 0, 1, 1, 0, 1, 0, 0], 'F': [0, 0, 0, 0, 0, 0, 0, 0, 1, 0], 'G': [0, 0, 1, 0, 0, 0, 1, 1, 0, 1], 'H': [0, 1, 0, 1, 0, 1, 1, 0, 1, 0], 'I': [0, 0, 0, 0, 0, 0, 1, 0, 1, 0], 'J': [0, 0, 1, 1, 1, 0, 1, 0, 1, 1]}, '校医院西': {'A': [0, 1, 0, 0, 1, 0, 1, 1, 0, 0], 'B': [1, 1, 1, 0, 1, 0, 0, 1, 0, 1], 'C': [0, 1, 0, 1, 1, 0, 1, 1, 0, 1], 'D': [1, 1, 1, 0, 1, 0, 1, 1, 1, 1], 'E': [1, 1, 1, 1, 1, 1, 1, 1, 1, 1], 'F': [1, 0, 1, 1, 1, 1, 1, 1, 1, 1], 'G': [0, 0, 1, 0, 0, 1, 1, 1, 0, 0], 'H': [0, 0, 0, 0, 0, 0, 0, 0, 0, 0], 'I': [1, 0, 0, 0, 0, 0, 0, 0, 0, 1]}}
624066	2024-07-13 18:30:59.370000+08:00	2024-07-13 18:30:59.370000+08:00	{'东门北侧': {'A': [1, 1, 1, 1, 1, 0, 1, 0, 1, 1], 'B': [1, 1, 1, 1, 1, 1, 1, 1, 1, 1], 'C': [0, 1, 1, 0, 1, 0, 1, 0, 1, 1], 'D': [1, 0, 1, 1, 1, 0, 0, 1, 0, 0], 'E': [1, 1, 1, 1, 1, 0, 1, 1, 1, 1], 'F': [1, 1, 1, 1, 1, 1, 1, 1, 0, 1], 'G': [1, 1, 1, 1, 1, 1, 1, 1, 1, 0], 'H': [1, 1, 1, 1, 1, 0, 1, 1, 0, 1], 'I': [1, 0, 1, 1, 1, 1, 0, 1, 0, 1], 'J': [1, 1, 0, 1, 0, 0, 1, 1, 1, 0], 'K': [0, 0, 0, 1, 1, 1, 1, 1, 0, 0]}, '东门南侧': {'A': [1, 1, 1, 1, 0, 0, 1, 0, 0, 0], 'B': [0, 0, 0, 0, 0, 0, 0, 0, 0, 0]}, '西门北侧': {'A': [1, 1, 1, 1, 1, 1, 1, 1, 0, 0], 'B': [1, 1, 1, 1, 1, 1, 1, 0, 1, 1], 'C': [1, 1, 1, 1, 0, 1, 1, 0, 0, 0]}, '西门南侧': {'A': [0, 1, 1, 1, 1, 1, 1, 1, 1, 1], 'B': [1, 1, 1, 1, 1, 1, 1, 1, 1, 1], 'C': [1, 1, 1, 1, 1, 1, 1, 1, 1, 1]}, '南门西侧': {'A': [1, 1, 1, 1, 1, 1, 1, 1, 1, 1], 'B': [0, 0, 0, 1, 0, 0, 0, 0, 0, 0]}, '南门东侧': {'A': [1, 1, 0, 1, 1, 1, 1, 1, 1, 1], 'B': [1, 1, 1, 1, 1, 1, 1, 1, 1, 1]}, '北门东北侧': {'A': [1, 1, 1, 1, 1, 1, 1, 1, 1, 1], 'B': [1, 0, 0, 1, 1, 0, 0, 1, 0, 0], 'C': [0, 0, 0, 1, 1, 0, 0, 1, 1, 0], 'D': [0, 0, 1, 1, 1, 0, 1, 0, 0, 1]}, '北门东南侧': {'A': [0, 1, 1, 0, 1, 0, 1, 0, 0, 0], 'B': [0, 1, 0, 0, 0, 0, 0, 0, 1, 1], 'C': [1, 1, 1, 0, 0, 0, 0, 0, 0, 0], 'D': [0, 0, 0, 1, 0, 0, 0, 0, 0, 0], 'E': [0, 1, 0, 1, 0, 0, 1, 1, 0, 0], 'F': [1, 0, 1, 1, 1, 1, 1, 0, 0, 1]}, '橘园北侧南': {'A': [0, 1, 0, 0, 0, 1, 0, 0, 1, 1], 'B': [1, 1, 1, 1, 0, 1, 0, 1, 1, 1], 'C': [1, 1, 1, 1, 0, 1, 1, 0, 0, 0], 'D': [1, 1, 1, 1, 1, 1, 0, 1, 1, 0], 'E': [1, 0, 1, 0, 1, 1, 0, 1, 0, 0], 'F': [0, 0, 0, 0, 0, 0, 0, 0, 1, 0], 'G': [0, 0, 1, 0, 0, 0, 1, 1, 0, 1], 'H': [0, 1, 0, 1, 0, 1, 1, 0, 1, 0], 'I': [0, 0, 0, 0, 0, 0, 1, 0, 1, 0], 'J': [0, 0, 1, 1, 1, 0, 1, 0, 1, 1]}, '校医院西': {'A': [0, 1, 0, 0, 1, 0, 1, 1, 0, 0], 'B': [1, 1, 1, 0, 1, 0, 0, 1, 0, 1], 'C': [0, 1, 0, 1, 1, 0, 1, 1, 0, 1], 'D': [1, 1, 1, 0, 1, 0, 1, 1, 1, 1], 'E': [1, 1, 1, 1, 1, 1, 1, 1, 1, 1], 'F': [1, 0, 1, 1, 1, 1, 1, 1, 1, 1], 'G': [0, 0, 1, 0, 0, 1, 1, 1, 0, 0], 'H': [0, 0, 0, 0, 0, 0, 0, 0, 0, 0], 'I': [1, 0, 0, 0, 0, 0, 0, 0, 0, 1]}}
624067	2024-07-13 18:31:59.061000+08:00	2024-07-13 18:31:59.061000+08:00	{'东门北侧': {'A': [1, 1, 1, 1, 1, 0, 1, 0, 1, 1], 'B': [1, 1, 1, 1, 1, 1, 1, 1, 1, 1], 'C': [0, 1, 1, 0, 1, 0, 1, 0, 1, 1], 'D': [1, 0, 1, 1, 1, 0, 0, 1, 0, 0], 'E': [1, 1, 1, 1, 1, 0, 1, 1, 1, 1], 'F': [1, 1, 1, 1, 1, 1, 1, 1, 0, 1], 'G': [1, 1, 1, 1, 1, 1, 1, 1, 1, 0], 'H': [1, 1, 1, 1, 1, 0, 1, 1, 0, 1], 'I': [1, 0, 1, 1, 1, 1, 0, 1, 0, 1], 'J': [1, 1, 0, 1, 0, 0, 1, 1, 1, 0], 'K': [0, 0, 0, 1, 1, 1, 1, 1, 0, 0]}, '东门南侧': {'A': [1, 1, 1, 1, 0, 0, 1, 0, 0, 0], 'B': [0, 0, 0, 0, 0, 0, 0, 0, 0, 0]}, '西门北侧': {'A': [1, 1, 1, 1, 1, 1, 1, 1, 0, 0], 'B': [1, 1, 1, 1, 1, 1, 1, 0, 1, 1], 'C': [1, 1, 1, 1, 0, 1, 1, 0, 0, 0]}, '西门南侧': {'A': [0, 1, 1, 1, 1, 1, 1, 1, 1, 1], 'B': [1, 1, 1, 1, 1, 1, 1, 1, 1, 1], 'C': [1, 1, 1, 1, 1, 1, 1, 1, 1, 1]}, '南门西侧': {'A': [1, 1, 1, 1, 1, 1, 1, 1, 1, 1], 'B': [0, 0, 0, 1, 0, 0, 0, 0, 0, 0]}, '南门东侧': {'A': [1, 1, 0, 1, 1, 1, 1, 1, 1, 1], 'B': [1, 1, 1, 1, 1, 1, 1, 1, 1, 1]}, '北门东北侧': {'A': [1, 1, 1, 1, 1, 1, 1, 1, 1, 1], 'B': [1, 0, 0, 1, 1, 0, 0, 1, 0, 0], 'C': [0, 0, 0, 1, 1, 0, 0, 1, 1, 0], 'D': [0, 0, 1, 1, 1, 0, 1, 0, 0, 1]}, '北门东南侧': {'A': [0, 1, 1, 0, 1, 0, 1, 0, 0, 0], 'B': [0, 1, 0, 0, 0, 0, 0, 0, 1, 1], 'C': [1, 1, 1, 0, 0, 0, 0, 0, 0, 0], 'D': [0, 0, 0, 1, 0, 0, 0, 0, 0, 0], 'E': [0, 1, 0, 1, 0, 0, 1, 1, 0, 0], 'F': [1, 0, 1, 1, 1, 1, 1, 0, 0, 1]}, '橘园北侧南': {'A': [0, 1, 0, 0, 0, 1, 0, 0, 1, 1], 'B': [1, 1, 1, 1, 0, 1, 0, 1, 1, 1], 'C': [1, 1, 1, 1, 0, 1, 1, 0, 0, 0], 'D': [1, 1, 1, 1, 1, 1, 0, 1, 1, 0], 'E': [1, 0, 1, 0, 1, 1, 0, 1, 0, 0], 'F': [0, 0, 0, 0, 0, 0, 0, 0, 1, 0], 'G': [0, 0, 1, 0, 0, 0, 1, 1, 0, 1], 'H': [0, 1, 0, 1, 0, 1, 1, 0, 1, 0], 'I': [0, 0, 0, 0, 0, 0, 1, 0, 1, 0], 'J': [0, 0, 1, 1, 1, 0, 1, 0, 1, 1]}, '校医院西': {'A': [0, 1, 0, 0, 1, 0, 1, 1, 0, 0], 'B': [1, 1, 1, 0, 1, 0, 0, 1, 0, 1], 'C': [0, 1, 0, 1, 1, 0, 1, 1, 0, 1], 'D': [1, 1, 1, 0, 1, 0, 1, 1, 1, 1], 'E': [1, 1, 1, 1, 1, 1, 1, 1, 1, 1], 'F': [1, 0, 1, 1, 1, 1, 1, 1, 1, 1], 'G': [0, 0, 1, 0, 0, 1, 1, 1, 0, 0], 'H': [0, 0, 0, 0, 0, 0, 0, 0, 0, 0], 'I': [1, 0, 0, 0, 0, 0, 0, 0, 0, 1]}}
624068	2024-07-13 18:33:01.776000+08:00	2024-07-13 18:33:01.776000+08:00	{'东门北侧': {'A': [1, 1, 1, 1, 1, 0, 1, 0, 1, 1], 'B': [1, 1, 1, 1, 1, 1, 1, 1, 1, 1], 'C': [0, 1, 1, 0, 1, 0, 1, 0, 1, 1], 'D': [1, 0, 1, 1, 1, 0, 0, 1, 0, 0], 'E': [1, 1, 1, 1, 1, 0, 1, 1, 1, 1], 'F': [1, 1, 1, 1, 1, 1, 1, 1, 0, 1], 'G': [1, 1, 1, 1, 1, 1, 1, 1, 1, 0], 'H': [1, 1, 1, 1, 1, 0, 1, 1, 0, 1], 'I': [1, 0, 1, 1, 1, 1, 0, 1, 0, 1], 'J': [1, 1, 0, 1, 0, 0, 1, 1, 1, 0], 'K': [0, 0, 0, 1, 1, 1, 1, 1, 0, 0]}, '东门南侧': {'A': [1, 1, 1, 1, 0, 0, 1, 0, 0, 0], 'B': [0, 0, 0, 0, 0, 0, 0, 0, 0, 0]}, '西门北侧': {'A': [1, 1, 1, 1, 1, 1, 1, 1, 0, 0], 'B': [1, 1, 1, 1, 1, 1, 1, 0, 1, 1], 'C': [1, 1, 1, 1, 0, 1, 1, 0, 0, 0]}, '西门南侧': {'A': [0, 1, 1, 1, 1, 1, 1, 1, 1, 1], 'B': [1, 1, 1, 1, 1, 1, 1, 1, 1, 1], 'C': [1, 1, 1, 1, 1, 1, 1, 1, 1, 1]}, '南门西侧': {'A': [1, 1, 1, 1, 1, 1, 1, 1, 1, 1], 'B': [0, 0, 0, 1, 0, 0, 0, 0, 0, 0]}, '南门东侧': {'A': [1, 1, 0, 1, 1, 1, 1, 1, 1, 1], 'B': [1, 1, 1, 1, 1, 1, 1, 1, 1, 1]}, '北门东北侧': {'A': [1, 1, 1, 1, 1, 1, 1, 1, 1, 1], 'B': [1, 0, 0, 1, 1, 0, 0, 1, 0, 0], 'C': [0, 0, 0, 1, 1, 0, 0, 1, 1, 0], 'D': [0, 0, 1, 1, 1, 0, 1, 0, 0, 1]}, '北门东南侧': {'A': [0, 1, 1, 0, 1, 0, 1, 0, 0, 0], 'B': [0, 1, 0, 0, 0, 0, 0, 0, 1, 1], 'C': [1, 1, 1, 0, 0, 0, 0, 0, 0, 0], 'D': [0, 0, 0, 1, 0, 0, 0, 0, 0, 0], 'E': [0, 1, 0, 1, 0, 0, 1, 1, 0, 0], 'F': [1, 0, 1, 1, 1, 1, 1, 0, 0, 1]}, '橘园北侧南': {'A': [0, 1, 0, 0, 0, 1, 0, 1, 1, 1], 'B': [1, 1, 1, 1, 0, 0, 0, 1, 1, 1], 'C': [1, 1, 1, 1, 0, 1, 1, 0, 0, 0], 'D': [1, 1, 1, 1, 1, 1, 0, 1, 1, 0], 'E': [1, 0, 1, 0, 1, 1, 0, 1, 0, 0], 'F': [0, 0, 0, 0, 0, 0, 0, 0, 1, 0], 'G': [0, 0, 1, 0, 0, 0, 1, 1, 0, 1], 'H': [0, 1, 0, 1, 0, 1, 1, 0, 1, 0], 'I': [0, 0, 0, 0, 0, 0, 1, 0, 1, 0], 'J': [0, 0, 1, 1, 1, 0, 1, 0, 1, 1]}, '校医院西': {'A': [0, 1, 0, 0, 1, 0, 1, 1, 0, 0], 'B': [1, 1, 1, 0, 1, 0, 0, 1, 0, 1], 'C': [0, 1, 0, 1, 1, 0, 1, 1, 0, 1], 'D': [1, 1, 1, 0, 1, 0, 1, 1, 1, 1], 'E': [1, 1, 1, 1, 1, 1, 1, 1, 1, 1], 'F': [1, 0, 1, 1, 1, 1, 1, 1, 1, 1], 'G': [0, 0, 1, 0, 0, 1, 1, 1, 0, 0], 'H': [0, 0, 0, 0, 0, 0, 0, 0, 0, 0], 'I': [1, 0, 0, 0, 0, 0, 0, 0, 0, 1]}}
624069	2024-07-13 18:33:59.524000+08:00	2024-07-13 18:33:59.524000+08:00	{'东门北侧': {'A': [1, 1, 1, 1, 1, 0, 1, 0, 1, 1], 'B': [1, 1, 1, 1, 1, 1, 1, 1, 1, 1], 'C': [0, 1, 1, 0, 1, 0, 1, 0, 1, 1], 'D': [1, 0, 1, 1, 1, 0, 0, 1, 0, 0], 'E': [1, 1, 1, 1, 1, 0, 1, 1, 1, 1], 'F': [1, 1, 1, 1, 1, 1, 1, 1, 0, 1], 'G': [1, 1, 1, 1, 1, 1, 1, 1, 1, 0], 'H': [1, 1, 1, 1, 1, 0, 1, 1, 0, 1], 'I': [1, 0, 1, 1, 1, 1, 0, 1, 0, 1], 'J': [1, 1, 0, 1, 1, 0, 1, 1, 1, 0], 'K': [0, 0, 0, 1, 1, 1, 1, 1, 0, 0]}, '东门南侧': {'A': [1, 1, 1, 1, 0, 0, 1, 0, 0, 0], 'B': [0, 0, 0, 0, 0, 0, 0, 0, 0, 0]}, '西门北侧': {'A': [1, 1, 1, 1, 1, 1, 1, 1, 0, 0], 'B': [1, 1, 1, 1, 1, 1, 1, 0, 1, 1], 'C': [1, 1, 1, 1, 0, 1, 1, 0, 0, 0]}, '西门南侧': {'A': [0, 1, 1, 1, 1, 1, 1, 1, 1, 1], 'B': [1, 1, 1, 1, 1, 1, 1, 1, 1, 1], 'C': [1, 1, 1, 1, 1, 1, 1, 1, 1, 1]}, '南门西侧': {'A': [1, 1, 1, 1, 1, 1, 1, 1, 1, 1], 'B': [0, 0, 0, 1, 0, 0, 0, 0, 0, 0]}, '南门东侧': {'A': [1, 1, 0, 1, 1, 1, 1, 1, 1, 1], 'B': [1, 1, 1, 1, 1, 1, 1, 1, 1, 1]}, '北门东北侧': {'A': [1, 1, 1, 1, 1, 1, 1, 1, 1, 1], 'B': [1, 0, 0, 1, 1, 0, 0, 1, 0, 0], 'C': [0, 0, 0, 1, 1, 0, 0, 1, 1, 0], 'D': [0, 0, 1, 0, 1, 0, 1, 0, 0, 1]}, '北门东南侧': {'A': [0, 1, 1, 0, 1, 0, 1, 0, 0, 0], 'B': [0, 1, 0, 0, 0, 0, 0, 0, 1, 1], 'C': [1, 1, 1, 0, 0, 0, 0, 0, 0, 0], 'D': [0, 0, 0, 1, 0, 0, 0, 0, 0, 0], 'E': [0, 1, 0, 1, 0, 0, 1, 1, 0, 0], 'F': [1, 0, 1, 1, 1, 1, 1, 0, 0, 1]}, '橘园北侧南': {'A': [0, 1, 0, 0, 0, 1, 0, 1, 1, 1], 'B': [1, 1, 1, 1, 0, 0, 0, 1, 1, 1], 'C': [1, 1, 1, 1, 0, 1, 1, 0, 0, 0], 'D': [1, 1, 1, 1, 1, 1, 0, 1, 1, 0], 'E': [1, 0, 1, 0, 1, 1, 0, 1, 0, 0], 'F': [0, 0, 0, 0, 0, 0, 0, 0, 1, 0], 'G': [0, 0, 1, 0, 0, 0, 1, 1, 0, 1], 'H': [0, 1, 0, 1, 0, 1, 1, 0, 1, 0], 'I': [0, 0, 0, 0, 0, 0, 1, 0, 1, 0], 'J': [0, 0, 1, 1, 1, 0, 1, 0, 1, 1]}, '校医院西': {'A': [0, 1, 0, 0, 1, 0, 1, 1, 0, 0], 'B': [1, 1, 1, 0, 1, 0, 0, 1, 0, 1], 'C': [0, 1, 0, 1, 1, 0, 1, 1, 0, 1], 'D': [1, 1, 1, 0, 1, 0, 1, 1, 1, 1], 'E': [1, 1, 1, 1, 1, 1, 1, 1, 1, 1], 'F': [1, 0, 1, 1, 1, 1, 1, 1, 1, 1], 'G': [0, 0, 1, 0, 0, 1, 1, 1, 0, 0], 'H': [0, 0, 0, 0, 0, 0, 0, 0, 0, 0], 'I': [1, 0, 0, 0, 0, 0, 0, 0, 0, 1]}}
624070	2024-07-13 18:35:01.665000+08:00	2024-07-13 18:35:01.665000+08:00	{'东门北侧': {'A': [1, 1, 1, 1, 1, 0, 1, 0, 1, 1], 'B': [1, 1, 1, 1, 1, 1, 1, 1, 1, 1], 'C': [0, 1, 1, 0, 1, 0, 1, 0, 1, 1], 'D': [1, 0, 1, 1, 1, 0, 0, 1, 0, 0], 'E': [1, 1, 1, 1, 1, 0, 1, 1, 1, 1], 'F': [1, 1, 1, 1, 1, 1, 1, 1, 0, 1], 'G': [1, 1, 1, 1, 1, 1, 1, 1, 1, 0], 'H': [1, 1, 1, 1, 1, 0, 1, 1, 1, 1], 'I': [1, 0, 1, 1, 1, 1, 0, 1, 0, 1], 'J': [1, 1, 0, 1, 1, 0, 1, 1, 1, 0], 'K': [0, 0, 0, 1, 1, 1, 1, 1, 0, 0]}, '东门南侧': {'A': [1, 1, 1, 1, 0, 0, 1, 0, 0, 0], 'B': [0, 0, 0, 0, 0, 0, 0, 0, 0, 0]}, '西门北侧': {'A': [1, 1, 1, 1, 1, 1, 1, 1, 0, 0], 'B': [1, 1, 1, 1, 1, 1, 1, 0, 1, 1], 'C': [1, 1, 1, 1, 0, 1, 1, 0, 0, 0]}, '西门南侧': {'A': [0, 1, 1, 1, 1, 1, 1, 1, 1, 1], 'B': [1, 1, 1, 1, 1, 1, 1, 1, 1, 1], 'C': [1, 1, 1, 1, 1, 1, 1, 1, 1, 1]}, '南门西侧': {'A': [1, 1, 1, 1, 1, 1, 1, 1, 1, 1], 'B': [0, 0, 0, 1, 0, 0, 0, 0, 0, 0]}, '南门东侧': {'A': [1, 1, 0, 1, 1, 1, 1, 1, 1, 1], 'B': [1, 1, 1, 1, 1, 1, 1, 1, 1, 1]}, '北门东北侧': {'A': [1, 1, 1, 1, 1, 1, 1, 1, 1, 1], 'B': [1, 0, 0, 1, 1, 0, 0, 1, 0, 0], 'C': [0, 0, 0, 1, 1, 0, 0, 1, 1, 0], 'D': [0, 0, 1, 0, 1, 0, 1, 0, 0, 1]}, '北门东南侧': {'A': [0, 1, 1, 0, 1, 0, 1, 0, 0, 0], 'B': [0, 1, 0, 0, 0, 0, 0, 0, 1, 1], 'C': [1, 1, 1, 0, 0, 0, 0, 0, 0, 0], 'D': [0, 0, 0, 1, 0, 0, 0, 0, 0, 0], 'E': [0, 1, 0, 1, 0, 0, 1, 1, 0, 0], 'F': [1, 0, 1, 1, 1, 1, 1, 0, 0, 1]}, '橘园北侧南': {'A': [0, 1, 0, 0, 0, 1, 0, 1, 1, 1], 'B': [1, 1, 1, 1, 0, 0, 0, 1, 1, 1], 'C': [1, 1, 1, 1, 0, 1, 1, 0, 0, 0], 'D': [1, 1, 1, 1, 1, 1, 0, 1, 1, 0], 'E': [1, 0, 1, 0, 1, 1, 0, 1, 0, 0], 'F': [0, 0, 0, 0, 0, 0, 0, 0, 1, 0], 'G': [0, 0, 1, 0, 0, 0, 1, 1, 0, 1], 'H': [0, 1, 0, 1, 0, 1, 1, 0, 1, 0], 'I': [0, 0, 0, 0, 0, 0, 1, 0, 1, 0], 'J': [0, 0, 1, 1, 1, 0, 1, 0, 1, 1]}, '校医院西': {'A': [0, 1, 0, 0, 1, 0, 1, 1, 0, 0], 'B': [1, 1, 1, 0, 1, 0, 0, 1, 0, 1], 'C': [0, 1, 0, 1, 1, 0, 1, 1, 0, 1], 'D': [1, 1, 1, 0, 1, 0, 1, 1, 1, 1], 'E': [1, 1, 1, 1, 1, 1, 1, 1, 1, 1], 'F': [1, 0, 1, 1, 1, 1, 1, 1, 1, 1], 'G': [0, 0, 1, 0, 0, 1, 1, 1, 0, 0], 'H': [0, 0, 0, 0, 0, 0, 0, 0, 0, 0], 'I': [1, 0, 0, 0, 0, 0, 0, 0, 0, 1]}}
624071	2024-07-13 18:36:01.977000+08:00	2024-07-13 18:36:01.977000+08:00	{'东门北侧': {'A': [1, 1, 1, 1, 1, 0, 1, 0, 1, 1], 'B': [1, 1, 1, 1, 1, 1, 1, 1, 1, 1], 'C': [0, 1, 1, 0, 1, 0, 1, 0, 1, 1], 'D': [1, 0, 1, 1, 1, 0, 0, 1, 0, 0], 'E': [1, 1, 1, 1, 1, 0, 1, 1, 1, 1], 'F': [1, 1, 1, 1, 1, 1, 1, 1, 0, 1], 'G': [1, 1, 1, 1, 1, 1, 1, 1, 1, 0], 'H': [1, 1, 1, 1, 1, 0, 1, 1, 1, 1], 'I': [1, 0, 1, 1, 1, 1, 0, 1, 0, 1], 'J': [1, 1, 0, 1, 1, 0, 1, 1, 1, 0], 'K': [0, 0, 0, 1, 1, 1, 1, 1, 0, 0]}, '东门南侧': {'A': [1, 1, 1, 1, 0, 0, 1, 0, 0, 0], 'B': [0, 0, 0, 0, 0, 0, 0, 0, 0, 0]}, '西门北侧': {'A': [1, 1, 1, 1, 1, 1, 1, 1, 0, 0], 'B': [1, 1, 1, 1, 1, 1, 1, 0, 1, 1], 'C': [1, 1, 1, 1, 0, 1, 1, 0, 0, 0]}, '西门南侧': {'A': [0, 1, 1, 1, 1, 1, 1, 1, 1, 1], 'B': [1, 1, 1, 1, 1, 1, 1, 1, 1, 1], 'C': [1, 1, 1, 1, 1, 1, 1, 1, 1, 1]}, '南门西侧': {'A': [1, 1, 1, 1, 1, 1, 1, 1, 1, 1], 'B': [0, 0, 0, 1, 0, 0, 0, 0, 0, 0]}, '南门东侧': {'A': [1, 1, 0, 1, 1, 1, 1, 1, 1, 1], 'B': [1, 1, 1, 1, 1, 1, 1, 1, 1, 1]}, '北门东北侧': {'A': [1, 1, 1, 1, 1, 1, 1, 1, 1, 1], 'B': [1, 0, 0, 1, 1, 0, 0, 1, 0, 0], 'C': [0, 0, 0, 1, 1, 0, 0, 1, 1, 0], 'D': [0, 0, 1, 0, 1, 0, 1, 0, 0, 1]}, '北门东南侧': {'A': [0, 1, 1, 0, 1, 0, 1, 0, 0, 0], 'B': [0, 1, 0, 0, 0, 0, 0, 0, 1, 1], 'C': [1, 1, 1, 0, 0, 0, 0, 0, 0, 0], 'D': [0, 0, 0, 1, 0, 0, 0, 0, 0, 0], 'E': [0, 1, 0, 1, 0, 0, 1, 1, 0, 0], 'F': [1, 0, 1, 1, 1, 1, 1, 0, 0, 1]}, '橘园北侧南': {'A': [0, 1, 0, 0, 0, 1, 0, 1, 1, 1], 'B': [1, 1, 1, 1, 0, 0, 0, 1, 1, 1], 'C': [1, 1, 1, 1, 0, 1, 1, 0, 0, 0], 'D': [1, 1, 1, 1, 1, 1, 0, 1, 1, 0], 'E': [1, 0, 1, 0, 1, 1, 0, 1, 0, 0], 'F': [0, 0, 0, 0, 0, 0, 0, 0, 1, 0], 'G': [0, 0, 1, 0, 0, 0, 1, 1, 0, 1], 'H': [0, 1, 0, 1, 0, 1, 1, 0, 1, 0], 'I': [0, 0, 0, 0, 0, 0, 1, 0, 1, 0], 'J': [0, 0, 1, 1, 1, 0, 1, 0, 1, 1]}, '校医院西': {'A': [0, 1, 0, 0, 1, 0, 1, 1, 0, 0], 'B': [1, 1, 1, 0, 1, 0, 0, 1, 0, 1], 'C': [0, 1, 0, 1, 1, 0, 1, 1, 0, 1], 'D': [1, 1, 1, 0, 1, 0, 1, 1, 1, 1], 'E': [1, 1, 1, 1, 1, 1, 1, 1, 1, 1], 'F': [1, 0, 1, 1, 1, 1, 1, 1, 1, 1], 'G': [0, 0, 1, 0, 0, 1, 1, 1, 0, 0], 'H': [0, 0, 0, 0, 0, 0, 0, 0, 0, 0], 'I': [1, 0, 0, 0, 0, 0, 0, 0, 0, 0]}}
624072	2024-07-13 18:37:02.182000+08:00	2024-07-13 18:37:02.182000+08:00	{'东门北侧': {'A': [1, 1, 1, 1, 1, 0, 1, 0, 1, 1], 'B': [1, 1, 1, 1, 1, 1, 1, 1, 1, 1], 'C': [0, 1, 1, 0, 1, 0, 1, 0, 1, 1], 'D': [1, 0, 1, 1, 1, 0, 0, 1, 0, 0], 'E': [1, 1, 1, 1, 1, 0, 1, 1, 1, 1], 'F': [1, 1, 1, 1, 1, 1, 1, 1, 0, 1], 'G': [1, 1, 1, 1, 1, 1, 1, 1, 1, 0], 'H': [1, 1, 1, 1, 1, 0, 1, 1, 1, 1], 'I': [1, 0, 1, 1, 1, 1, 0, 1, 0, 1], 'J': [1, 1, 0, 1, 1, 0, 1, 1, 1, 0], 'K': [0, 0, 0, 1, 1, 1, 1, 1, 0, 0]}, '东门南侧': {'A': [1, 1, 1, 1, 0, 0, 1, 0, 0, 0], 'B': [0, 0, 0, 0, 0, 0, 0, 0, 0, 0]}, '西门北侧': {'A': [1, 1, 1, 1, 1, 1, 1, 1, 0, 0], 'B': [1, 1, 1, 1, 1, 1, 1, 0, 1, 1], 'C': [1, 1, 1, 1, 0, 1, 1, 0, 0, 0]}, '西门南侧': {'A': [0, 1, 1, 1, 1, 1, 1, 1, 1, 1], 'B': [1, 1, 1, 1, 1, 1, 1, 1, 1, 1], 'C': [1, 1, 1, 1, 1, 1, 1, 1, 1, 1]}, '南门西侧': {'A': [1, 1, 1, 1, 1, 1, 1, 1, 1, 1], 'B': [0, 0, 0, 1, 0, 0, 0, 0, 0, 0]}, '南门东侧': {'A': [1, 1, 0, 1, 1, 1, 1, 1, 1, 1], 'B': [1, 1, 1, 1, 1, 1, 1, 1, 1, 1]}, '北门东北侧': {'A': [1, 1, 1, 1, 1, 1, 1, 1, 1, 1], 'B': [1, 0, 0, 1, 1, 0, 0, 1, 0, 0], 'C': [0, 0, 0, 1, 1, 0, 0, 1, 1, 0], 'D': [0, 0, 1, 0, 0, 0, 1, 0, 0, 1]}, '北门东南侧': {'A': [0, 1, 1, 0, 1, 0, 1, 0, 0, 0], 'B': [0, 1, 0, 0, 0, 0, 0, 0, 1, 1], 'C': [1, 1, 1, 0, 0, 0, 0, 0, 0, 0], 'D': [0, 0, 0, 1, 0, 0, 0, 0, 0, 0], 'E': [0, 1, 0, 1, 0, 0, 1, 1, 0, 0], 'F': [1, 0, 1, 1, 1, 1, 1, 0, 0, 1]}, '橘园北侧南': {'A': [0, 1, 0, 0, 0, 1, 0, 1, 1, 1], 'B': [1, 1, 1, 1, 0, 0, 0, 1, 1, 1], 'C': [1, 1, 1, 1, 0, 1, 1, 0, 0, 0], 'D': [1, 1, 1, 1, 1, 1, 0, 1, 1, 0], 'E': [1, 0, 1, 0, 1, 1, 0, 1, 0, 0], 'F': [0, 0, 0, 0, 0, 0, 0, 0, 1, 0], 'G': [0, 0, 1, 0, 0, 0, 1, 1, 0, 1], 'H': [0, 1, 0, 1, 0, 1, 1, 0, 1, 0], 'I': [0, 0, 0, 0, 0, 0, 1, 0, 1, 0], 'J': [0, 0, 1, 0, 1, 0, 1, 0, 1, 1]}, '校医院西': {'A': [0, 1, 0, 0, 1, 0, 1, 1, 0, 0], 'B': [1, 1, 1, 0, 1, 0, 0, 1, 0, 1], 'C': [0, 1, 0, 1, 1, 0, 1, 1, 0, 1], 'D': [1, 1, 1, 0, 1, 0, 1, 1, 1, 1], 'E': [1, 1, 1, 1, 1, 1, 1, 1, 1, 1], 'F': [1, 0, 1, 1, 1, 1, 1, 1, 1, 1], 'G': [0, 0, 1, 0, 0, 1, 1, 1, 0, 0], 'H': [0, 0, 0, 0, 0, 0, 0, 0, 0, 0], 'I': [1, 0, 0, 0, 0, 0, 0, 0, 0, 0]}}
624073	2024-07-13 18:37:59.845000+08:00	2024-07-13 18:37:59.845000+08:00	{'东门北侧': {'A': [1, 1, 1, 1, 1, 0, 1, 0, 1, 1], 'B': [1, 1, 1, 1, 1, 1, 1, 1, 1, 1], 'C': [1, 1, 1, 0, 1, 0, 1, 0, 1, 1], 'D': [1, 0, 1, 1, 1, 0, 0, 1, 0, 0], 'E': [1, 1, 1, 1, 1, 0, 1, 1, 1, 1], 'F': [1, 1, 1, 1, 1, 1, 1, 1, 0, 1], 'G': [1, 1, 1, 1, 1, 1, 1, 1, 1, 0], 'H': [1, 1, 1, 1, 1, 0, 1, 1, 1, 1], 'I': [1, 0, 1, 1, 1, 1, 0, 1, 0, 1], 'J': [1, 1, 0, 1, 1, 0, 1, 1, 1, 0], 'K': [0, 0, 0, 1, 1, 1, 1, 1, 0, 0]}, '东门南侧': {'A': [1, 1, 1, 1, 0, 0, 1, 0, 0, 0], 'B': [0, 0, 0, 0, 0, 0, 0, 0, 0, 0]}, '西门北侧': {'A': [1, 1, 1, 1, 1, 1, 1, 1, 0, 0], 'B': [1, 1, 1, 1, 1, 1, 1, 0, 1, 1], 'C': [1, 1, 1, 1, 0, 1, 1, 0, 0, 0]}, '西门南侧': {'A': [0, 1, 1, 1, 1, 1, 1, 1, 1, 1], 'B': [1, 1, 1, 1, 1, 1, 1, 1, 1, 1], 'C': [1, 1, 1, 1, 1, 1, 1, 1, 1, 1]}, '南门西侧': {'A': [1, 1, 1, 1, 1, 1, 1, 1, 1, 1], 'B': [0, 0, 0, 1, 0, 0, 0, 0, 0, 0]}, '南门东侧': {'A': [1, 1, 0, 1, 1, 1, 1, 1, 1, 1], 'B': [1, 1, 1, 1, 1, 1, 1, 1, 1, 1]}, '北门东北侧': {'A': [1, 1, 1, 1, 1, 1, 1, 1, 1, 1], 'B': [1, 0, 0, 1, 1, 0, 0, 1, 0, 0], 'C': [0, 0, 0, 1, 1, 0, 0, 1, 1, 0], 'D': [0, 0, 1, 0, 0, 0, 1, 0, 0, 1]}, '北门东南侧': {'A': [0, 1, 1, 0, 1, 0, 1, 0, 0, 0], 'B': [0, 1, 0, 0, 0, 0, 0, 0, 1, 1], 'C': [1, 1, 1, 0, 0, 0, 0, 0, 0, 0], 'D': [0, 0, 0, 1, 0, 0, 0, 0, 0, 0], 'E': [0, 1, 0, 1, 0, 0, 1, 1, 0, 0], 'F': [1, 0, 1, 1, 1, 1, 1, 0, 0, 1]}, '橘园北侧南': {'A': [0, 1, 0, 0, 0, 1, 0, 1, 1, 1], 'B': [1, 1, 1, 1, 0, 0, 0, 1, 1, 1], 'C': [1, 1, 1, 1, 0, 1, 1, 0, 0, 0], 'D': [1, 1, 1, 1, 1, 1, 0, 1, 1, 0], 'E': [1, 0, 1, 0, 1, 1, 0, 1, 0, 0], 'F': [0, 0, 0, 0, 0, 0, 0, 0, 1, 0], 'G': [0, 0, 1, 0, 0, 0, 1, 1, 0, 1], 'H': [0, 1, 0, 1, 0, 1, 1, 0, 1, 0], 'I': [0, 0, 0, 0, 0, 0, 0, 0, 1, 0], 'J': [0, 0, 1, 0, 0, 0, 1, 0, 1, 1]}, '校医院西': {'A': [0, 1, 0, 0, 1, 0, 1, 1, 0, 0], 'B': [1, 1, 1, 0, 1, 0, 0, 1, 0, 1], 'C': [0, 1, 0, 1, 1, 0, 1, 1, 0, 1], 'D': [1, 1, 1, 0, 1, 0, 1, 1, 1, 1], 'E': [1, 1, 1, 1, 1, 1, 1, 1, 1, 1], 'F': [1, 0, 1, 1, 1, 1, 1, 1, 1, 1], 'G': [0, 0, 0, 0, 0, 1, 1, 1, 0, 0], 'H': [0, 0, 0, 0, 0, 0, 0, 0, 0, 0], 'I': [1, 0, 0, 0, 0, 0, 0, 0, 0, 0]}}
624074	2024-07-13 18:39:02.153000+08:00	2024-07-13 18:39:02.153000+08:00	{'东门北侧': {'A': [1, 1, 1, 1, 1, 0, 1, 0, 1, 1], 'B': [1, 1, 1, 1, 1, 1, 1, 1, 1, 1], 'C': [1, 1, 1, 0, 1, 0, 1, 0, 1, 1], 'D': [1, 0, 1, 1, 1, 0, 0, 1, 0, 0], 'E': [1, 1, 1, 1, 1, 0, 1, 1, 1, 1], 'F': [1, 1, 1, 1, 1, 1, 1, 1, 0, 1], 'G': [1, 1, 1, 1, 1, 1, 1, 1, 1, 0], 'H': [1, 1, 1, 1, 1, 0, 1, 1, 1, 1], 'I': [1, 0, 1, 1, 1, 1, 0, 1, 0, 1], 'J': [1, 1, 0, 1, 1, 0, 1, 1, 1, 0], 'K': [0, 0, 0, 1, 1, 1, 1, 1, 0, 0]}, '东门南侧': {'A': [1, 1, 1, 1, 0, 0, 1, 0, 0, 0], 'B': [0, 0, 0, 0, 0, 0, 0, 0, 0, 0]}, '西门北侧': {'A': [1, 1, 1, 1, 1, 1, 1, 1, 0, 0], 'B': [1, 1, 1, 1, 1, 1, 1, 0, 1, 1], 'C': [1, 1, 1, 1, 0, 1, 1, 0, 0, 0]}, '西门南侧': {'A': [0, 1, 1, 1, 1, 1, 1, 1, 1, 1], 'B': [1, 1, 1, 1, 1, 1, 1, 1, 1, 1], 'C': [1, 1, 1, 1, 1, 1, 1, 1, 1, 1]}, '南门西侧': {'A': [1, 1, 1, 1, 1, 1, 1, 1, 1, 1], 'B': [0, 0, 0, 1, 0, 0, 0, 0, 0, 0]}, '南门东侧': {'A': [1, 1, 0, 1, 1, 1, 1, 1, 1, 1], 'B': [1, 1, 1, 1, 1, 1, 1, 1, 1, 1]}, '北门东北侧': {'A': [1, 1, 1, 1, 1, 1, 1, 1, 1, 1], 'B': [1, 0, 0, 1, 1, 0, 0, 1, 0, 0], 'C': [0, 0, 0, 1, 1, 0, 0, 1, 1, 0], 'D': [0, 0, 1, 0, 0, 0, 1, 0, 0, 1]}, '北门东南侧': {'A': [0, 1, 1, 0, 1, 0, 1, 0, 0, 0], 'B': [0, 1, 0, 0, 0, 0, 0, 0, 1, 1], 'C': [1, 1, 1, 0, 0, 0, 0, 0, 0, 0], 'D': [0, 0, 0, 1, 0, 0, 0, 0, 0, 0], 'E': [0, 1, 0, 1, 0, 0, 1, 1, 0, 0], 'F': [1, 0, 1, 1, 1, 1, 1, 0, 0, 1]}, '橘园北侧南': {'A': [0, 1, 0, 0, 0, 1, 0, 1, 1, 1], 'B': [1, 1, 1, 1, 0, 0, 0, 1, 1, 1], 'C': [1, 1, 1, 1, 0, 1, 1, 0, 0, 0], 'D': [1, 1, 1, 1, 1, 1, 0, 1, 1, 0], 'E': [1, 0, 1, 0, 1, 1, 0, 1, 0, 0], 'F': [0, 0, 0, 0, 0, 0, 0, 0, 1, 0], 'G': [0, 0, 1, 0, 0, 0, 1, 1, 0, 1], 'H': [0, 1, 0, 1, 0, 1, 1, 0, 1, 0], 'I': [0, 0, 0, 0, 0, 0, 0, 0, 1, 0], 'J': [0, 0, 1, 0, 0, 0, 1, 0, 1, 1]}, '校医院西': {'A': [0, 1, 0, 0, 1, 0, 1, 1, 0, 0], 'B': [1, 1, 1, 0, 1, 0, 0, 1, 0, 1], 'C': [0, 1, 0, 1, 1, 0, 1, 1, 0, 1], 'D': [1, 1, 1, 0, 1, 0, 1, 1, 1, 1], 'E': [1, 1, 1, 1, 1, 1, 1, 1, 1, 1], 'F': [1, 0, 1, 1, 1, 1, 1, 1, 1, 1], 'G': [0, 0, 0, 0, 0, 1, 1, 1, 0, 0], 'H': [0, 0, 0, 0, 0, 0, 0, 0, 0, 0], 'I': [1, 0, 0, 0, 0, 0, 0, 0, 0, 0]}}
624075	2024-07-13 18:40:03.081000+08:00	2024-07-13 18:40:03.081000+08:00	{'东门北侧': {'A': [1, 1, 1, 1, 1, 0, 1, 0, 1, 1], 'B': [1, 1, 1, 1, 1, 1, 1, 1, 1, 1], 'C': [1, 1, 1, 0, 1, 0, 1, 0, 1, 1], 'D': [1, 0, 1, 1, 1, 0, 0, 1, 0, 0], 'E': [1, 1, 1, 1, 1, 0, 1, 1, 1, 1], 'F': [1, 1, 1, 1, 1, 1, 1, 1, 0, 1], 'G': [1, 1, 1, 1, 1, 1, 1, 1, 1, 0], 'H': [1, 1, 1, 1, 1, 0, 1, 1, 1, 1], 'I': [1, 0, 1, 1, 1, 1, 0, 1, 0, 1], 'J': [1, 1, 0, 1, 1, 0, 1, 1, 1, 0], 'K': [0, 0, 0, 1, 1, 1, 1, 1, 0, 0]}, '东门南侧': {'A': [1, 1, 1, 1, 0, 0, 1, 0, 0, 0], 'B': [0, 0, 0, 0, 0, 0, 0, 0, 0, 0]}, '西门北侧': {'A': [1, 1, 1, 1, 1, 1, 1, 1, 0, 0], 'B': [1, 1, 1, 1, 1, 1, 1, 0, 1, 1], 'C': [1, 1, 1, 1, 0, 1, 1, 0, 0, 0]}, '西门南侧': {'A': [0, 1, 1, 1, 1, 1, 1, 1, 1, 1], 'B': [1, 1, 1, 1, 1, 1, 1, 1, 1, 1], 'C': [1, 1, 1, 1, 1, 1, 1, 1, 1, 1]}, '南门西侧': {'A': [1, 1, 1, 1, 1, 1, 1, 1, 1, 1], 'B': [0, 0, 0, 0, 0, 0, 0, 0, 0, 0]}, '南门东侧': {'A': [1, 1, 0, 1, 1, 1, 1, 1, 1, 1], 'B': [1, 1, 1, 1, 1, 1, 1, 1, 1, 1]}, '北门东北侧': {'A': [1, 1, 1, 1, 1, 1, 1, 1, 1, 1], 'B': [1, 0, 0, 1, 1, 0, 0, 1, 0, 0], 'C': [0, 0, 0, 1, 1, 0, 0, 1, 1, 0], 'D': [0, 0, 1, 0, 0, 0, 1, 0, 0, 1]}, '北门东南侧': {'A': [0, 1, 1, 0, 1, 0, 1, 0, 0, 0], 'B': [0, 1, 0, 0, 0, 0, 0, 0, 1, 1], 'C': [1, 1, 1, 0, 0, 0, 0, 0, 0, 0], 'D': [0, 0, 0, 1, 0, 0, 0, 0, 0, 0], 'E': [0, 0, 0, 1, 0, 0, 1, 1, 0, 0], 'F': [1, 0, 1, 1, 1, 1, 1, 0, 0, 1]}, '橘园北侧南': {'A': [0, 1, 0, 0, 0, 1, 0, 1, 1, 1], 'B': [1, 1, 1, 1, 0, 0, 0, 1, 1, 1], 'C': [1, 1, 1, 1, 0, 1, 1, 0, 0, 0], 'D': [1, 1, 1, 1, 1, 1, 0, 1, 1, 0], 'E': [1, 0, 1, 0, 1, 1, 0, 1, 0, 0], 'F': [0, 0, 0, 0, 0, 0, 0, 0, 1, 0], 'G': [0, 0, 1, 0, 0, 0, 1, 1, 0, 1], 'H': [0, 1, 0, 1, 0, 1, 1, 0, 1, 0], 'I': [0, 0, 0, 0, 0, 0, 0, 0, 1, 0], 'J': [0, 0, 0, 0, 0, 0, 1, 0, 1, 1]}, '校医院西': {'A': [0, 1, 0, 0, 1, 0, 1, 1, 0, 0], 'B': [1, 1, 1, 0, 1, 0, 0, 1, 0, 1], 'C': [0, 1, 0, 1, 1, 0, 1, 1, 0, 1], 'D': [1, 1, 1, 0, 1, 0, 1, 1, 1, 1], 'E': [1, 1, 1, 1, 1, 1, 1, 1, 1, 1], 'F': [1, 0, 1, 1, 1, 1, 1, 1, 1, 1], 'G': [0, 0, 0, 0, 0, 1, 1, 1, 0, 0], 'H': [0, 0, 0, 0, 0, 0, 0, 0, 0, 0], 'I': [1, 0, 0, 0, 0, 0, 0, 0, 0, 0]}}
624076	2024-07-13 18:41:01.728000+08:00	2024-07-13 18:41:01.728000+08:00	{'东门北侧': {'A': [1, 1, 1, 1, 1, 0, 1, 0, 1, 1], 'B': [1, 1, 1, 1, 1, 1, 1, 1, 1, 1], 'C': [1, 1, 1, 0, 1, 0, 1, 0, 1, 1], 'D': [1, 0, 1, 1, 1, 0, 0, 1, 0, 0], 'E': [1, 1, 1, 1, 1, 0, 1, 1, 1, 1], 'F': [1, 1, 1, 1, 1, 1, 1, 1, 0, 1], 'G': [1, 1, 1, 1, 1, 1, 1, 1, 1, 0], 'H': [1, 1, 1, 1, 1, 0, 1, 1, 1, 1], 'I': [1, 0, 1, 1, 1, 1, 0, 1, 0, 1], 'J': [1, 1, 0, 1, 1, 0, 1, 1, 1, 0], 'K': [0, 0, 0, 1, 1, 1, 1, 1, 0, 0]}, '东门南侧': {'A': [1, 1, 1, 1, 0, 0, 0, 0, 0, 0], 'B': [0, 0, 0, 0, 0, 0, 0, 0, 0, 0]}, '西门北侧': {'A': [1, 1, 1, 1, 1, 1, 1, 1, 0, 0], 'B': [1, 1, 1, 1, 1, 1, 1, 0, 1, 1], 'C': [1, 1, 1, 1, 0, 1, 1, 0, 0, 0]}, '西门南侧': {'A': [0, 1, 1, 1, 1, 1, 1, 1, 1, 1], 'B': [1, 1, 1, 1, 1, 1, 1, 1, 1, 1], 'C': [1, 1, 1, 1, 1, 1, 1, 1, 1, 1]}, '南门西侧': {'A': [1, 1, 1, 1, 1, 1, 1, 1, 1, 1], 'B': [0, 0, 0, 0, 0, 0, 0, 0, 0, 0]}, '南门东侧': {'A': [1, 1, 0, 1, 1, 1, 1, 1, 1, 1], 'B': [1, 1, 1, 1, 1, 1, 1, 1, 1, 1]}, '北门东北侧': {'A': [1, 1, 1, 1, 1, 1, 1, 1, 1, 1], 'B': [1, 0, 0, 1, 1, 0, 0, 1, 0, 0], 'C': [0, 0, 0, 1, 1, 0, 0, 1, 1, 0], 'D': [0, 0, 1, 0, 0, 0, 1, 0, 0, 1]}, '北门东南侧': {'A': [0, 1, 1, 0, 1, 0, 1, 0, 0, 0], 'B': [0, 1, 0, 0, 0, 0, 0, 0, 1, 1], 'C': [1, 1, 1, 0, 0, 0, 0, 0, 0, 0], 'D': [0, 0, 0, 1, 0, 0, 0, 0, 0, 0], 'E': [0, 0, 0, 1, 0, 0, 1, 1, 0, 0], 'F': [1, 0, 1, 1, 1, 1, 1, 0, 0, 1]}, '橘园北侧南': {'A': [0, 1, 0, 0, 0, 1, 0, 1, 1, 1], 'B': [1, 1, 1, 1, 0, 0, 0, 1, 1, 1], 'C': [1, 1, 1, 1, 0, 1, 1, 0, 0, 0], 'D': [1, 1, 1, 1, 1, 1, 0, 1, 1, 0], 'E': [1, 0, 1, 0, 1, 1, 0, 1, 0, 0], 'F': [0, 0, 0, 0, 0, 0, 0, 0, 1, 0], 'G': [0, 0, 1, 0, 0, 0, 0, 1, 0, 1], 'H': [0, 1, 0, 1, 0, 1, 1, 0, 1, 0], 'I': [0, 0, 0, 0, 0, 0, 0, 0, 1, 0], 'J': [0, 0, 0, 0, 0, 0, 1, 0, 1, 1]}, '校医院西': {'A': [0, 1, 0, 0, 1, 0, 1, 1, 0, 0], 'B': [1, 1, 1, 0, 1, 0, 0, 1, 0, 1], 'C': [0, 1, 0, 1, 1, 0, 1, 1, 0, 1], 'D': [1, 1, 1, 0, 1, 0, 1, 1, 1, 1], 'E': [1, 1, 1, 1, 1, 1, 1, 1, 1, 1], 'F': [1, 0, 1, 1, 1, 1, 1, 1, 1, 1], 'G': [0, 0, 0, 0, 0, 1, 1, 1, 0, 0], 'H': [0, 0, 0, 0, 0, 0, 0, 0, 0, 0], 'I': [1, 0, 0, 0, 0, 0, 0, 0, 0, 0]}}
624077	2024-07-13 18:42:00.674000+08:00	2024-07-13 18:42:00.674000+08:00	{'东门北侧': {'A': [1, 1, 1, 1, 1, 0, 1, 0, 1, 1], 'B': [1, 1, 1, 1, 1, 1, 1, 1, 1, 1], 'C': [1, 1, 1, 0, 1, 0, 1, 0, 1, 1], 'D': [1, 0, 1, 1, 1, 0, 0, 1, 0, 0], 'E': [1, 1, 1, 1, 1, 0, 1, 1, 1, 1], 'F': [1, 1, 1, 1, 1, 1, 1, 1, 0, 1], 'G': [1, 1, 1, 1, 1, 1, 1, 1, 1, 0], 'H': [1, 1, 1, 1, 1, 0, 1, 1, 1, 1], 'I': [1, 0, 1, 1, 1, 1, 0, 1, 0, 1], 'J': [1, 1, 0, 1, 1, 0, 1, 1, 1, 0], 'K': [0, 0, 0, 1, 1, 1, 1, 1, 0, 0]}, '东门南侧': {'A': [1, 1, 1, 1, 0, 0, 0, 0, 0, 0], 'B': [0, 0, 0, 0, 0, 0, 0, 0, 0, 0]}, '西门北侧': {'A': [1, 1, 1, 1, 1, 1, 1, 1, 0, 0], 'B': [1, 1, 1, 1, 1, 1, 1, 0, 1, 1], 'C': [1, 1, 1, 1, 0, 1, 1, 0, 0, 0]}, '西门南侧': {'A': [0, 1, 1, 1, 1, 1, 1, 1, 1, 1], 'B': [1, 1, 1, 1, 1, 1, 1, 1, 1, 1], 'C': [1, 1, 1, 1, 1, 1, 1, 1, 1, 1]}, '南门西侧': {'A': [1, 1, 1, 1, 1, 1, 1, 1, 1, 1], 'B': [0, 0, 0, 0, 0, 0, 0, 0, 0, 0]}, '南门东侧': {'A': [1, 1, 0, 1, 1, 1, 1, 1, 1, 1], 'B': [1, 1, 1, 1, 1, 1, 1, 1, 1, 1]}, '北门东北侧': {'A': [1, 1, 1, 1, 1, 1, 1, 1, 1, 1], 'B': [1, 0, 0, 1, 1, 0, 0, 1, 0, 0], 'C': [0, 0, 0, 1, 1, 0, 0, 1, 1, 0], 'D': [0, 0, 1, 0, 0, 0, 1, 0, 0, 1]}, '北门东南侧': {'A': [0, 1, 1, 0, 1, 0, 1, 0, 0, 0], 'B': [0, 1, 0, 0, 0, 0, 0, 0, 1, 1], 'C': [1, 1, 1, 0, 0, 0, 0, 0, 0, 0], 'D': [0, 0, 0, 1, 0, 0, 0, 0, 0, 0], 'E': [0, 0, 0, 1, 0, 0, 1, 1, 0, 0], 'F': [1, 0, 1, 1, 1, 1, 1, 0, 0, 1]}, '橘园北侧南': {'A': [0, 1, 0, 0, 0, 1, 0, 1, 1, 1], 'B': [1, 1, 1, 1, 0, 0, 0, 1, 1, 1], 'C': [1, 1, 1, 1, 0, 1, 1, 0, 0, 0], 'D': [1, 1, 1, 1, 1, 1, 0, 1, 1, 0], 'E': [1, 0, 1, 0, 1, 1, 0, 1, 1, 0], 'F': [0, 0, 0, 0, 0, 0, 0, 0, 1, 0], 'G': [0, 0, 1, 0, 0, 0, 0, 1, 0, 1], 'H': [0, 1, 0, 1, 0, 1, 1, 0, 1, 0], 'I': [0, 0, 0, 0, 0, 0, 0, 0, 1, 0], 'J': [0, 0, 0, 0, 0, 0, 1, 0, 1, 1]}, '校医院西': {'A': [0, 1, 0, 0, 1, 0, 1, 1, 0, 0], 'B': [1, 1, 1, 0, 1, 0, 0, 1, 0, 1], 'C': [0, 1, 0, 1, 1, 0, 1, 1, 0, 1], 'D': [1, 1, 1, 0, 1, 0, 1, 1, 1, 1], 'E': [1, 1, 1, 1, 1, 1, 1, 1, 1, 1], 'F': [1, 0, 1, 1, 1, 1, 1, 1, 1, 1], 'G': [0, 0, 0, 0, 0, 1, 1, 1, 0, 0], 'H': [0, 0, 0, 0, 0, 0, 0, 0, 0, 0], 'I': [1, 0, 0, 0, 0, 0, 0, 0, 0, 0]}}
624078	2024-07-13 18:42:59.517000+08:00	2024-07-13 18:42:59.517000+08:00	{'东门北侧': {'A': [1, 1, 1, 1, 1, 0, 1, 0, 1, 1], 'B': [1, 1, 1, 1, 1, 1, 1, 1, 1, 1], 'C': [1, 1, 1, 0, 1, 0, 1, 0, 1, 1], 'D': [1, 0, 1, 1, 1, 0, 0, 1, 0, 0], 'E': [1, 1, 1, 1, 1, 0, 1, 1, 1, 1], 'F': [1, 1, 1, 1, 1, 1, 1, 1, 0, 1], 'G': [1, 1, 1, 1, 1, 1, 1, 1, 1, 0], 'H': [1, 1, 1, 1, 1, 0, 1, 1, 1, 1], 'I': [1, 0, 1, 1, 1, 1, 0, 1, 0, 1], 'J': [1, 1, 0, 1, 1, 0, 1, 1, 1, 0], 'K': [0, 0, 0, 1, 1, 1, 1, 1, 0, 0]}, '东门南侧': {'A': [1, 1, 1, 1, 0, 0, 0, 0, 0, 0], 'B': [0, 0, 0, 0, 0, 0, 0, 0, 0, 0]}, '西门北侧': {'A': [1, 1, 1, 1, 1, 1, 1, 1, 0, 0], 'B': [1, 1, 1, 1, 1, 1, 1, 0, 1, 1], 'C': [1, 1, 1, 1, 0, 1, 1, 0, 0, 0]}, '西门南侧': {'A': [0, 1, 1, 1, 1, 1, 1, 1, 1, 1], 'B': [1, 1, 1, 1, 1, 1, 1, 1, 1, 1], 'C': [1, 1, 1, 1, 1, 1, 1, 1, 1, 1]}, '南门西侧': {'A': [1, 1, 1, 1, 1, 1, 1, 1, 1, 1], 'B': [0, 0, 0, 0, 0, 0, 0, 0, 0, 0]}, '南门东侧': {'A': [1, 1, 0, 1, 1, 1, 1, 1, 1, 1], 'B': [1, 1, 1, 1, 1, 1, 1, 1, 1, 1]}, '北门东北侧': {'A': [1, 1, 1, 1, 1, 1, 1, 1, 1, 1], 'B': [1, 0, 0, 1, 1, 0, 0, 1, 0, 0], 'C': [0, 0, 0, 1, 1, 0, 0, 1, 1, 0], 'D': [0, 0, 1, 0, 0, 0, 1, 0, 0, 1]}, '北门东南侧': {'A': [0, 1, 1, 0, 1, 0, 1, 0, 0, 0], 'B': [0, 1, 0, 0, 0, 0, 0, 0, 1, 1], 'C': [1, 1, 1, 0, 0, 0, 0, 0, 0, 0], 'D': [0, 0, 0, 1, 0, 0, 0, 0, 0, 0], 'E': [0, 0, 0, 1, 0, 0, 1, 1, 0, 0], 'F': [1, 0, 1, 1, 1, 1, 1, 0, 0, 1]}, '橘园北侧南': {'A': [0, 1, 0, 0, 0, 1, 0, 1, 1, 1], 'B': [1, 1, 1, 1, 0, 0, 0, 1, 1, 1], 'C': [1, 1, 1, 1, 0, 1, 1, 0, 0, 0], 'D': [1, 1, 1, 1, 1, 1, 0, 1, 1, 0], 'E': [1, 0, 1, 0, 1, 1, 0, 1, 1, 0], 'F': [0, 0, 0, 0, 0, 0, 0, 0, 1, 0], 'G': [0, 0, 1, 0, 0, 0, 0, 1, 0, 1], 'H': [0, 1, 0, 1, 0, 1, 1, 0, 1, 0], 'I': [0, 0, 0, 0, 0, 0, 0, 0, 1, 0], 'J': [0, 0, 0, 0, 0, 0, 1, 0, 1, 1]}, '校医院西': {'A': [0, 1, 0, 0, 1, 0, 1, 1, 0, 0], 'B': [1, 1, 1, 0, 1, 0, 0, 1, 0, 1], 'C': [0, 1, 0, 1, 1, 0, 1, 1, 0, 1], 'D': [1, 1, 1, 0, 1, 0, 1, 1, 1, 1], 'E': [1, 1, 1, 1, 1, 1, 1, 1, 1, 1], 'F': [1, 0, 1, 1, 1, 1, 1, 1, 1, 1], 'G': [0, 0, 0, 0, 0, 1, 1, 1, 0, 0], 'H': [0, 0, 0, 0, 0, 0, 0, 0, 0, 0], 'I': [1, 0, 0, 0, 0, 0, 0, 0, 0, 0]}}
624079	2024-07-13 18:43:58.906000+08:00	2024-07-13 18:43:58.906000+08:00	{'东门北侧': {'A': [1, 1, 1, 1, 1, 0, 1, 0, 1, 1], 'B': [1, 1, 1, 1, 1, 1, 1, 1, 1, 1], 'C': [1, 1, 1, 0, 1, 0, 1, 0, 1, 1], 'D': [1, 0, 1, 1, 1, 0, 0, 1, 0, 0], 'E': [1, 1, 1, 1, 1, 0, 1, 1, 1, 1], 'F': [1, 1, 1, 1, 1, 1, 1, 1, 0, 1], 'G': [1, 1, 1, 1, 1, 1, 1, 1, 1, 0], 'H': [1, 1, 1, 1, 1, 0, 1, 1, 1, 1], 'I': [1, 0, 1, 1, 1, 1, 0, 1, 0, 1], 'J': [1, 1, 0, 1, 1, 0, 1, 1, 1, 0], 'K': [0, 0, 0, 1, 1, 1, 1, 1, 0, 0]}, '东门南侧': {'A': [1, 1, 1, 1, 0, 0, 0, 0, 0, 0], 'B': [0, 0, 0, 0, 0, 0, 0, 0, 0, 0]}, '西门北侧': {'A': [1, 1, 1, 1, 1, 1, 1, 1, 0, 0], 'B': [1, 1, 1, 1, 1, 1, 1, 0, 1, 1], 'C': [1, 1, 1, 1, 0, 1, 1, 0, 0, 0]}, '西门南侧': {'A': [0, 1, 1, 1, 1, 1, 1, 1, 1, 1], 'B': [1, 1, 1, 1, 1, 1, 1, 1, 1, 1], 'C': [1, 1, 1, 1, 1, 1, 1, 1, 1, 1]}, '南门西侧': {'A': [1, 1, 1, 1, 1, 1, 1, 1, 1, 1], 'B': [0, 0, 0, 0, 0, 0, 0, 0, 0, 0]}, '南门东侧': {'A': [1, 1, 0, 1, 1, 1, 1, 1, 1, 1], 'B': [1, 1, 1, 1, 1, 1, 1, 1, 1, 1]}, '北门东北侧': {'A': [1, 1, 1, 1, 1, 1, 1, 1, 1, 1], 'B': [1, 0, 0, 1, 1, 0, 0, 1, 0, 0], 'C': [0, 0, 0, 1, 1, 0, 0, 1, 1, 0], 'D': [0, 0, 1, 0, 0, 0, 0, 0, 0, 1]}, '北门东南侧': {'A': [0, 1, 1, 0, 1, 0, 1, 0, 0, 0], 'B': [0, 1, 0, 0, 0, 0, 0, 0, 1, 1], 'C': [1, 1, 1, 0, 0, 0, 0, 0, 0, 0], 'D': [0, 0, 0, 1, 0, 0, 0, 0, 0, 0], 'E': [0, 0, 0, 1, 0, 0, 1, 1, 0, 0], 'F': [1, 0, 1, 1, 1, 1, 1, 0, 0, 1]}, '橘园北侧南': {'A': [0, 1, 0, 0, 0, 1, 0, 1, 1, 1], 'B': [1, 1, 1, 1, 0, 0, 0, 1, 1, 1], 'C': [1, 1, 1, 1, 0, 1, 1, 0, 0, 0], 'D': [1, 1, 1, 1, 1, 1, 0, 1, 1, 0], 'E': [1, 1, 1, 0, 1, 1, 0, 1, 1, 0], 'F': [0, 0, 0, 0, 0, 0, 0, 0, 1, 0], 'G': [0, 0, 1, 0, 0, 0, 0, 1, 0, 1], 'H': [0, 1, 0, 1, 0, 1, 1, 0, 1, 0], 'I': [0, 0, 0, 0, 0, 0, 0, 0, 1, 0], 'J': [0, 0, 0, 0, 0, 0, 1, 0, 1, 1]}, '校医院西': {'A': [0, 1, 0, 0, 1, 0, 1, 1, 0, 0], 'B': [1, 1, 1, 0, 1, 0, 0, 1, 0, 1], 'C': [0, 1, 0, 1, 1, 0, 1, 1, 0, 1], 'D': [1, 1, 1, 0, 1, 0, 1, 1, 1, 1], 'E': [1, 1, 1, 1, 1, 1, 1, 1, 1, 1], 'F': [1, 0, 1, 1, 1, 1, 1, 1, 1, 1], 'G': [0, 0, 0, 0, 0, 1, 1, 1, 0, 0], 'H': [0, 0, 0, 0, 0, 0, 0, 0, 0, 0], 'I': [1, 0, 0, 0, 0, 0, 0, 0, 0, 0]}}
624080	2024-07-13 18:45:00.481000+08:00	2024-07-13 18:45:00.481000+08:00	{'东门北侧': {'A': [1, 1, 1, 1, 1, 0, 1, 0, 1, 1], 'B': [1, 1, 1, 1, 1, 1, 1, 1, 1, 1], 'C': [1, 1, 1, 0, 1, 0, 1, 0, 1, 1], 'D': [1, 0, 1, 1, 1, 0, 0, 1, 0, 0], 'E': [1, 1, 1, 1, 1, 0, 1, 1, 1, 1], 'F': [1, 1, 1, 1, 1, 1, 1, 1, 0, 1], 'G': [1, 1, 1, 1, 1, 1, 1, 1, 1, 0], 'H': [1, 1, 1, 1, 1, 0, 1, 1, 1, 1], 'I': [1, 0, 1, 1, 1, 1, 0, 1, 0, 1], 'J': [1, 1, 0, 1, 0, 0, 1, 1, 1, 0], 'K': [0, 0, 0, 1, 1, 1, 1, 1, 0, 0]}, '东门南侧': {'A': [1, 1, 1, 1, 0, 0, 0, 0, 0, 0], 'B': [0, 0, 0, 0, 0, 0, 0, 0, 0, 0]}, '西门北侧': {'A': [1, 1, 1, 1, 1, 1, 1, 1, 0, 0], 'B': [1, 1, 1, 1, 1, 1, 1, 0, 1, 1], 'C': [1, 1, 1, 1, 0, 1, 1, 0, 0, 0]}, '西门南侧': {'A': [0, 1, 1, 1, 1, 1, 1, 1, 1, 1], 'B': [1, 1, 1, 1, 1, 1, 1, 1, 1, 1], 'C': [1, 1, 1, 1, 1, 1, 1, 1, 1, 1]}, '南门西侧': {'A': [1, 1, 1, 1, 1, 1, 1, 1, 1, 1], 'B': [0, 0, 0, 0, 0, 0, 0, 0, 0, 0]}, '南门东侧': {'A': [1, 1, 0, 1, 1, 1, 1, 1, 1, 1], 'B': [1, 1, 1, 1, 1, 1, 1, 1, 1, 1]}, '北门东北侧': {'A': [1, 1, 1, 1, 1, 1, 1, 1, 1, 1], 'B': [1, 0, 0, 1, 1, 0, 0, 1, 0, 0], 'C': [0, 0, 0, 1, 1, 0, 0, 1, 1, 0], 'D': [0, 0, 1, 0, 0, 0, 0, 0, 0, 1]}, '北门东南侧': {'A': [0, 1, 1, 0, 1, 0, 1, 0, 0, 0], 'B': [0, 1, 0, 0, 0, 0, 0, 0, 1, 1], 'C': [1, 1, 1, 0, 0, 0, 0, 0, 0, 0], 'D': [0, 0, 0, 1, 0, 0, 0, 0, 0, 0], 'E': [0, 0, 0, 1, 0, 0, 0, 1, 0, 0], 'F': [1, 0, 1, 1, 1, 1, 1, 0, 0, 1]}, '橘园北侧南': {'A': [0, 1, 0, 0, 0, 1, 0, 1, 1, 1], 'B': [1, 1, 1, 1, 0, 0, 0, 1, 1, 1], 'C': [1, 1, 1, 1, 0, 1, 1, 0, 0, 0], 'D': [1, 1, 1, 1, 1, 1, 0, 1, 1, 0], 'E': [1, 1, 1, 0, 1, 1, 0, 1, 1, 0], 'F': [0, 0, 0, 0, 0, 0, 0, 0, 1, 0], 'G': [0, 0, 1, 0, 0, 0, 0, 1, 0, 1], 'H': [0, 1, 0, 1, 0, 1, 1, 0, 1, 0], 'I': [0, 0, 0, 0, 0, 0, 0, 0, 1, 0], 'J': [0, 0, 0, 0, 0, 0, 1, 0, 1, 1]}, '校医院西': {'A': [0, 1, 0, 0, 1, 0, 1, 1, 0, 0], 'B': [1, 1, 1, 0, 1, 0, 0, 1, 0, 1], 'C': [0, 1, 0, 1, 1, 0, 1, 1, 0, 1], 'D': [1, 1, 1, 0, 1, 0, 1, 1, 1, 1], 'E': [1, 1, 1, 1, 1, 1, 1, 1, 1, 1], 'F': [1, 0, 1, 1, 1, 1, 1, 1, 1, 1], 'G': [0, 0, 0, 0, 0, 1, 1, 1, 0, 0], 'H': [0, 0, 0, 0, 0, 0, 0, 0, 0, 0], 'I': [1, 0, 0, 0, 0, 0, 0, 0, 0, 0]}}
624081	2024-07-13 18:45:59.353000+08:00	2024-07-13 18:45:59.353000+08:00	{'东门北侧': {'A': [1, 1, 1, 1, 1, 0, 1, 0, 1, 1], 'B': [1, 1, 1, 1, 1, 1, 1, 1, 1, 1], 'C': [1, 1, 1, 0, 1, 0, 1, 0, 1, 1], 'D': [1, 0, 1, 1, 1, 0, 0, 1, 0, 0], 'E': [1, 1, 1, 1, 1, 0, 1, 1, 1, 1], 'F': [1, 1, 1, 1, 1, 1, 1, 1, 0, 1], 'G': [1, 1, 1, 1, 1, 1, 1, 1, 1, 0], 'H': [1, 1, 1, 1, 1, 0, 1, 1, 1, 1], 'I': [1, 0, 1, 1, 1, 1, 0, 1, 0, 1], 'J': [1, 1, 0, 1, 0, 0, 1, 1, 1, 0], 'K': [0, 0, 0, 1, 1, 1, 1, 1, 0, 0]}, '东门南侧': {'A': [1, 1, 1, 1, 0, 0, 0, 0, 0, 0], 'B': [0, 0, 0, 0, 0, 0, 0, 0, 0, 0]}, '西门北侧': {'A': [1, 1, 1, 1, 1, 1, 1, 1, 0, 0], 'B': [1, 1, 1, 1, 1, 1, 1, 0, 1, 1], 'C': [1, 1, 1, 1, 0, 1, 1, 0, 0, 0]}, '西门南侧': {'A': [0, 1, 1, 1, 1, 1, 1, 1, 1, 1], 'B': [1, 1, 1, 1, 1, 1, 1, 1, 1, 1], 'C': [1, 1, 1, 1, 1, 1, 1, 1, 1, 1]}, '南门西侧': {'A': [1, 1, 1, 1, 1, 1, 1, 1, 1, 1], 'B': [0, 0, 0, 0, 0, 0, 0, 0, 0, 0]}, '南门东侧': {'A': [1, 1, 0, 1, 1, 1, 1, 1, 1, 1], 'B': [1, 1, 1, 1, 1, 1, 1, 1, 1, 1]}, '北门东北侧': {'A': [1, 1, 1, 1, 1, 1, 1, 1, 1, 1], 'B': [1, 0, 0, 1, 1, 0, 0, 1, 0, 1], 'C': [0, 0, 0, 1, 1, 0, 0, 1, 1, 0], 'D': [0, 0, 1, 0, 0, 0, 0, 0, 0, 1]}, '北门东南侧': {'A': [0, 1, 1, 0, 1, 0, 1, 0, 0, 0], 'B': [0, 1, 0, 0, 0, 0, 0, 0, 1, 1], 'C': [1, 1, 1, 0, 0, 0, 0, 0, 0, 0], 'D': [0, 0, 0, 1, 0, 0, 0, 0, 0, 0], 'E': [0, 0, 0, 1, 0, 0, 0, 1, 0, 0], 'F': [1, 0, 1, 1, 1, 1, 1, 0, 0, 1]}, '橘园北侧南': {'A': [0, 1, 0, 0, 0, 1, 0, 1, 1, 1], 'B': [1, 1, 1, 1, 0, 0, 0, 1, 1, 1], 'C': [1, 1, 1, 1, 0, 1, 1, 0, 0, 0], 'D': [1, 1, 1, 1, 1, 1, 0, 1, 1, 0], 'E': [1, 1, 1, 0, 1, 1, 0, 1, 1, 0], 'F': [0, 0, 0, 0, 0, 0, 0, 0, 1, 0], 'G': [0, 0, 1, 0, 0, 0, 0, 1, 0, 1], 'H': [0, 1, 0, 1, 0, 1, 1, 0, 1, 0], 'I': [0, 0, 0, 0, 0, 0, 0, 0, 1, 0], 'J': [0, 0, 0, 0, 0, 0, 1, 0, 1, 1]}, '校医院西': {'A': [0, 1, 0, 0, 1, 0, 1, 1, 0, 0], 'B': [1, 1, 1, 0, 1, 0, 0, 1, 0, 1], 'C': [0, 1, 0, 1, 1, 0, 1, 1, 0, 1], 'D': [1, 1, 1, 0, 1, 0, 1, 1, 1, 1], 'E': [1, 1, 1, 1, 1, 1, 1, 1, 1, 1], 'F': [1, 0, 1, 1, 1, 1, 1, 1, 1, 1], 'G': [0, 0, 0, 0, 0, 1, 1, 1, 0, 0], 'H': [0, 0, 0, 0, 0, 0, 0, 0, 0, 0], 'I': [1, 0, 0, 0, 0, 0, 0, 0, 0, 0]}}
624082	2024-07-13 18:46:58.674000+08:00	2024-07-13 18:46:58.674000+08:00	{'东门北侧': {'A': [1, 1, 1, 1, 1, 0, 1, 0, 1, 1], 'B': [1, 1, 1, 1, 1, 1, 1, 1, 1, 1], 'C': [1, 1, 1, 0, 1, 0, 1, 0, 1, 1], 'D': [1, 0, 1, 1, 1, 0, 0, 1, 0, 0], 'E': [1, 1, 1, 1, 1, 0, 1, 1, 1, 1], 'F': [1, 1, 1, 1, 1, 1, 1, 1, 0, 1], 'G': [1, 1, 1, 1, 1, 1, 1, 1, 1, 0], 'H': [1, 1, 1, 1, 1, 0, 1, 1, 1, 1], 'I': [1, 0, 1, 1, 1, 1, 0, 1, 0, 1], 'J': [1, 1, 0, 1, 0, 0, 1, 1, 1, 0], 'K': [0, 0, 0, 1, 1, 1, 1, 1, 0, 0]}, '东门南侧': {'A': [0, 1, 1, 1, 0, 0, 0, 0, 0, 0], 'B': [0, 0, 0, 0, 0, 0, 0, 0, 0, 0]}, '西门北侧': {'A': [1, 1, 1, 1, 1, 1, 1, 1, 0, 0], 'B': [1, 1, 1, 1, 1, 1, 1, 0, 1, 1], 'C': [1, 1, 1, 1, 0, 1, 1, 0, 0, 0]}, '西门南侧': {'A': [0, 1, 1, 1, 1, 1, 1, 1, 1, 1], 'B': [1, 1, 1, 1, 1, 1, 1, 1, 1, 1], 'C': [1, 1, 1, 1, 1, 1, 1, 1, 1, 1]}, '南门西侧': {'A': [1, 1, 1, 1, 1, 1, 1, 1, 1, 1], 'B': [0, 0, 0, 0, 0, 0, 0, 0, 0, 0]}, '南门东侧': {'A': [1, 1, 0, 1, 1, 1, 1, 1, 1, 1], 'B': [1, 1, 1, 1, 1, 1, 1, 1, 1, 1]}, '北门东北侧': {'A': [1, 1, 1, 1, 1, 1, 1, 1, 1, 1], 'B': [1, 0, 0, 1, 1, 0, 0, 1, 0, 1], 'C': [0, 0, 0, 1, 1, 0, 0, 1, 1, 0], 'D': [0, 0, 1, 0, 0, 0, 0, 0, 0, 1]}, '北门东南侧': {'A': [0, 1, 1, 0, 1, 0, 1, 0, 0, 0], 'B': [0, 1, 0, 0, 0, 0, 0, 0, 1, 1], 'C': [1, 1, 1, 0, 0, 0, 0, 0, 0, 0], 'D': [0, 0, 0, 1, 0, 0, 0, 0, 0, 0], 'E': [0, 0, 0, 1, 0, 0, 0, 1, 0, 0], 'F': [1, 0, 1, 1, 1, 1, 1, 0, 0, 1]}, '橘园北侧南': {'A': [0, 1, 0, 0, 0, 1, 0, 1, 1, 1], 'B': [1, 1, 1, 1, 0, 0, 0, 1, 1, 1], 'C': [1, 1, 1, 1, 0, 1, 1, 0, 0, 0], 'D': [1, 1, 1, 1, 1, 1, 0, 1, 1, 0], 'E': [1, 1, 1, 0, 1, 1, 0, 1, 1, 0], 'F': [0, 0, 0, 0, 0, 0, 0, 0, 1, 0], 'G': [0, 0, 1, 0, 0, 0, 0, 1, 0, 1], 'H': [0, 1, 0, 1, 0, 1, 1, 0, 1, 0], 'I': [0, 0, 0, 0, 0, 0, 0, 0, 1, 0], 'J': [0, 0, 0, 0, 0, 0, 1, 0, 1, 1]}, '校医院西': {'A': [0, 1, 0, 0, 1, 0, 1, 1, 0, 0], 'B': [1, 1, 1, 0, 1, 0, 0, 1, 0, 1], 'C': [0, 0, 0, 1, 1, 0, 1, 1, 0, 1], 'D': [1, 1, 1, 0, 1, 0, 1, 1, 1, 1], 'E': [1, 1, 1, 1, 1, 1, 1, 1, 1, 1], 'F': [1, 0, 1, 1, 1, 1, 1, 1, 1, 1], 'G': [0, 0, 0, 0, 0, 1, 1, 1, 0, 0], 'H': [0, 0, 0, 0, 0, 0, 0, 0, 0, 0], 'I': [1, 0, 0, 0, 0, 0, 0, 0, 0, 0]}}
624083	2024-07-13 18:48:23.112000+08:00	2024-07-13 18:48:23.112000+08:00	{'东门北侧': {'A': [1, 1, 1, 1, 1, 0, 1, 0, 1, 1], 'B': [1, 1, 1, 1, 1, 1, 1, 1, 1, 1], 'C': [1, 1, 1, 0, 1, 0, 1, 0, 1, 1], 'D': [1, 0, 1, 1, 1, 0, 0, 1, 0, 0], 'E': [1, 1, 1, 1, 1, 0, 1, 1, 1, 1], 'F': [1, 1, 1, 1, 1, 1, 1, 1, 0, 1], 'G': [1, 1, 1, 1, 1, 1, 1, 1, 1, 0], 'H': [1, 1, 1, 1, 1, 0, 1, 1, 1, 1], 'I': [1, 0, 1, 1, 1, 1, 0, 1, 0, 1], 'J': [1, 1, 0, 1, 0, 0, 1, 1, 1, 0], 'K': [0, 1, 0, 1, 1, 1, 1, 1, 0, 0]}, '东门南侧': {'A': [0, 1, 1, 1, 0, 0, 0, 0, 0, 0], 'B': [0, 0, 0, 0, 0, 0, 0, 0, 0, 0]}, '西门北侧': {'A': [1, 1, 1, 1, 1, 1, 1, 1, 0, 0], 'B': [1, 1, 1, 1, 1, 1, 1, 0, 1, 1], 'C': [1, 1, 1, 1, 0, 1, 1, 0, 0, 0]}, '西门南侧': {'A': [0, 1, 1, 1, 1, 1, 1, 1, 1, 1], 'B': [1, 1, 1, 1, 1, 1, 1, 1, 1, 1], 'C': [1, 1, 1, 1, 1, 1, 1, 1, 1, 1]}, '南门西侧': {'A': [1, 1, 1, 1, 1, 1, 1, 1, 1, 1], 'B': [0, 0, 0, 0, 0, 0, 0, 0, 0, 0]}, '南门东侧': {'A': [1, 1, 0, 1, 1, 1, 1, 1, 1, 1], 'B': [1, 1, 1, 1, 1, 1, 1, 1, 1, 1]}, '北门东北侧': {'A': [1, 1, 1, 1, 1, 1, 1, 1, 1, 1], 'B': [1, 0, 0, 1, 1, 0, 0, 1, 0, 1], 'C': [0, 0, 0, 1, 1, 0, 0, 1, 1, 0], 'D': [0, 0, 1, 0, 0, 0, 0, 0, 0, 1]}, '北门东南侧': {'A': [0, 1, 1, 0, 1, 0, 1, 0, 0, 0], 'B': [0, 1, 0, 0, 0, 0, 0, 0, 1, 1], 'C': [1, 1, 1, 0, 0, 0, 0, 0, 0, 0], 'D': [0, 0, 0, 1, 0, 0, 0, 0, 0, 0], 'E': [0, 0, 0, 1, 0, 0, 0, 1, 0, 0], 'F': [1, 0, 1, 1, 1, 1, 1, 0, 0, 1]}, '橘园北侧南': {'A': [0, 1, 0, 0, 0, 1, 0, 1, 1, 1], 'B': [1, 1, 1, 1, 0, 0, 0, 1, 1, 1], 'C': [1, 1, 1, 1, 0, 1, 1, 0, 0, 0], 'D': [1, 1, 1, 1, 1, 1, 0, 1, 1, 0], 'E': [1, 1, 1, 0, 1, 1, 0, 1, 1, 0], 'F': [0, 0, 0, 0, 0, 0, 0, 0, 1, 0], 'G': [0, 0, 1, 0, 0, 0, 0, 1, 0, 1], 'H': [0, 1, 0, 1, 0, 1, 1, 0, 0, 0], 'I': [0, 0, 0, 0, 0, 0, 0, 0, 1, 0], 'J': [0, 0, 0, 0, 0, 0, 1, 0, 1, 1]}, '校医院西': {'A': [0, 1, 0, 0, 1, 0, 1, 1, 0, 0], 'B': [1, 1, 1, 0, 1, 0, 0, 1, 0, 1], 'C': [0, 1, 0, 1, 1, 0, 1, 1, 0, 1], 'D': [1, 1, 1, 0, 1, 0, 1, 1, 1, 1], 'E': [1, 1, 0, 1, 1, 1, 1, 1, 1, 1], 'F': [1, 0, 1, 1, 1, 1, 1, 1, 1, 1], 'G': [0, 0, 0, 0, 0, 1, 1, 1, 0, 0], 'H': [0, 0, 0, 0, 0, 0, 0, 0, 0, 0], 'I': [1, 0, 0, 0, 0, 0, 0, 0, 0, 0]}}
624084	2024-07-13 18:49:01.714000+08:00	2024-07-13 18:49:01.714000+08:00	{'东门北侧': {'A': [1, 1, 1, 1, 1, 0, 1, 0, 1, 1], 'B': [1, 1, 1, 1, 1, 1, 1, 1, 1, 1], 'C': [1, 1, 1, 0, 1, 0, 1, 0, 1, 1], 'D': [1, 0, 1, 1, 1, 0, 0, 1, 0, 0], 'E': [1, 1, 1, 1, 1, 0, 1, 1, 1, 1], 'F': [1, 1, 1, 1, 1, 1, 1, 1, 0, 1], 'G': [1, 1, 1, 1, 1, 1, 1, 1, 1, 0], 'H': [1, 1, 1, 1, 1, 0, 1, 1, 1, 1], 'I': [1, 0, 1, 1, 1, 1, 0, 1, 0, 1], 'J': [1, 1, 0, 1, 0, 0, 1, 1, 1, 0], 'K': [0, 1, 0, 1, 1, 1, 1, 1, 0, 0]}, '东门南侧': {'A': [0, 1, 1, 1, 0, 0, 0, 0, 0, 0], 'B': [0, 0, 0, 0, 0, 0, 0, 0, 0, 0]}, '西门北侧': {'A': [1, 1, 1, 1, 1, 1, 1, 1, 0, 0], 'B': [1, 1, 1, 1, 1, 1, 1, 0, 1, 1], 'C': [1, 1, 1, 1, 0, 1, 1, 0, 0, 0]}, '西门南侧': {'A': [0, 1, 1, 1, 1, 1, 1, 1, 1, 1], 'B': [1, 1, 1, 1, 1, 1, 1, 1, 1, 1], 'C': [1, 1, 1, 1, 1, 1, 1, 1, 1, 1]}, '南门西侧': {'A': [1, 1, 1, 1, 1, 1, 1, 1, 1, 1], 'B': [0, 0, 0, 0, 0, 0, 0, 0, 0, 0]}, '南门东侧': {'A': [1, 1, 0, 1, 1, 1, 1, 1, 1, 1], 'B': [1, 1, 1, 1, 1, 1, 1, 1, 1, 1]}, '北门东北侧': {'A': [1, 1, 1, 1, 1, 1, 1, 1, 1, 1], 'B': [1, 0, 0, 1, 1, 0, 0, 1, 0, 1], 'C': [0, 0, 0, 1, 1, 0, 0, 1, 1, 0], 'D': [0, 0, 1, 0, 0, 0, 0, 0, 0, 1]}, '北门东南侧': {'A': [0, 1, 1, 0, 1, 0, 1, 0, 0, 0], 'B': [0, 1, 0, 0, 0, 0, 0, 0, 1, 1], 'C': [1, 1, 1, 0, 0, 0, 0, 0, 0, 0], 'D': [0, 0, 0, 1, 0, 0, 0, 0, 0, 0], 'E': [0, 0, 0, 1, 0, 0, 0, 1, 0, 0], 'F': [1, 0, 1, 1, 1, 1, 1, 0, 0, 1]}, '橘园北侧南': {'A': [0, 1, 0, 0, 0, 1, 0, 1, 1, 1], 'B': [1, 1, 1, 1, 0, 0, 0, 1, 1, 1], 'C': [1, 1, 1, 1, 0, 1, 1, 0, 0, 0], 'D': [1, 1, 1, 1, 1, 1, 0, 1, 1, 0], 'E': [1, 1, 1, 0, 1, 1, 0, 1, 1, 0], 'F': [0, 0, 0, 0, 0, 0, 0, 0, 1, 0], 'G': [0, 0, 1, 0, 0, 0, 0, 1, 0, 1], 'H': [0, 1, 0, 1, 0, 1, 1, 0, 0, 0], 'I': [0, 0, 0, 0, 0, 0, 0, 0, 1, 0], 'J': [0, 0, 0, 0, 0, 0, 1, 0, 1, 1]}, '校医院西': {'A': [0, 1, 0, 0, 1, 0, 1, 1, 0, 0], 'B': [1, 1, 1, 0, 1, 0, 0, 1, 0, 1], 'C': [0, 1, 0, 1, 1, 0, 1, 1, 0, 1], 'D': [1, 1, 1, 0, 1, 0, 1, 1, 1, 1], 'E': [1, 1, 0, 1, 1, 1, 1, 1, 1, 1], 'F': [1, 0, 1, 1, 1, 1, 1, 1, 1, 1], 'G': [0, 0, 0, 0, 0, 1, 1, 1, 0, 0], 'H': [0, 0, 0, 0, 0, 0, 0, 0, 0, 0], 'I': [1, 0, 0, 0, 0, 0, 0, 0, 0, 0]}}
624085	2024-07-13 18:50:00.863000+08:00	2024-07-13 18:50:00.863000+08:00	{'东门北侧': {'A': [1, 1, 1, 1, 1, 0, 1, 0, 1, 1], 'B': [1, 1, 1, 1, 1, 1, 1, 1, 1, 1], 'C': [1, 1, 1, 0, 1, 0, 1, 0, 1, 1], 'D': [1, 0, 1, 1, 1, 0, 0, 1, 0, 0], 'E': [1, 1, 1, 1, 1, 0, 1, 1, 1, 1], 'F': [1, 1, 1, 1, 1, 1, 1, 1, 0, 1], 'G': [1, 1, 1, 1, 1, 1, 1, 1, 1, 0], 'H': [1, 1, 1, 1, 1, 0, 1, 1, 1, 1], 'I': [1, 0, 1, 1, 1, 1, 0, 1, 0, 1], 'J': [1, 1, 0, 1, 0, 0, 1, 1, 1, 0], 'K': [0, 1, 0, 1, 1, 1, 1, 1, 0, 0]}, '东门南侧': {'A': [0, 1, 1, 1, 0, 0, 0, 0, 0, 0], 'B': [0, 0, 0, 0, 0, 0, 0, 0, 0, 0]}, '西门北侧': {'A': [1, 1, 1, 1, 1, 1, 1, 1, 0, 0], 'B': [1, 1, 1, 1, 1, 1, 1, 0, 1, 1], 'C': [1, 1, 1, 1, 0, 1, 1, 0, 0, 0]}, '西门南侧': {'A': [0, 1, 1, 1, 1, 1, 1, 1, 1, 1], 'B': [1, 1, 1, 1, 1, 1, 1, 1, 1, 1], 'C': [1, 1, 1, 1, 1, 1, 1, 1, 1, 1]}, '南门西侧': {'A': [1, 1, 1, 1, 1, 1, 1, 1, 1, 1], 'B': [0, 0, 0, 0, 0, 0, 0, 0, 0, 0]}, '南门东侧': {'A': [1, 1, 0, 1, 1, 1, 1, 1, 1, 1], 'B': [1, 1, 1, 1, 1, 1, 1, 1, 1, 1]}, '北门东北侧': {'A': [1, 1, 1, 1, 1, 1, 1, 1, 1, 1], 'B': [1, 0, 0, 1, 1, 0, 0, 1, 0, 1], 'C': [0, 0, 0, 1, 1, 0, 0, 1, 1, 0], 'D': [0, 0, 1, 0, 0, 0, 0, 0, 0, 1]}, '北门东南侧': {'A': [0, 1, 1, 0, 1, 0, 1, 0, 0, 0], 'B': [0, 1, 0, 0, 0, 0, 0, 0, 1, 1], 'C': [1, 1, 1, 0, 0, 0, 0, 0, 0, 0], 'D': [0, 0, 0, 1, 0, 0, 0, 0, 0, 0], 'E': [0, 0, 0, 1, 0, 0, 0, 1, 0, 0], 'F': [1, 0, 1, 1, 1, 1, 1, 0, 0, 1]}, '橘园北侧南': {'A': [0, 1, 0, 0, 0, 1, 0, 1, 1, 1], 'B': [1, 1, 1, 1, 0, 0, 0, 1, 1, 1], 'C': [1, 1, 1, 1, 0, 1, 1, 0, 0, 0], 'D': [1, 1, 1, 1, 1, 1, 0, 1, 1, 0], 'E': [1, 1, 1, 0, 1, 1, 0, 1, 1, 0], 'F': [0, 0, 0, 0, 0, 0, 0, 0, 1, 0], 'G': [0, 0, 1, 0, 0, 0, 0, 1, 0, 1], 'H': [0, 1, 0, 1, 0, 1, 1, 0, 0, 0], 'I': [0, 0, 0, 0, 0, 0, 0, 0, 1, 0], 'J': [0, 0, 0, 0, 0, 0, 1, 0, 1, 1]}, '校医院西': {'A': [0, 1, 0, 0, 1, 0, 1, 1, 0, 0], 'B': [1, 1, 1, 0, 1, 0, 0, 1, 0, 1], 'C': [0, 1, 0, 1, 1, 0, 1, 1, 0, 1], 'D': [1, 1, 1, 0, 1, 0, 1, 1, 1, 1], 'E': [1, 1, 0, 1, 1, 1, 1, 1, 1, 1], 'F': [1, 0, 1, 1, 1, 1, 1, 1, 1, 1], 'G': [0, 0, 0, 0, 1, 1, 1, 1, 0, 0], 'H': [0, 0, 0, 0, 0, 0, 0, 0, 0, 0], 'I': [1, 0, 0, 0, 0, 0, 0, 0, 0, 0]}}
624086	2024-07-13 18:51:00.593000+08:00	2024-07-13 18:51:00.593000+08:00	{'东门北侧': {'A': [1, 1, 1, 1, 1, 0, 1, 0, 1, 1], 'B': [1, 1, 1, 1, 1, 1, 1, 1, 1, 1], 'C': [1, 1, 1, 0, 1, 0, 1, 0, 1, 1], 'D': [1, 0, 1, 1, 1, 0, 0, 1, 0, 0], 'E': [1, 1, 1, 1, 1, 0, 1, 1, 1, 1], 'F': [1, 1, 1, 1, 1, 1, 1, 1, 0, 1], 'G': [1, 1, 1, 1, 1, 1, 1, 1, 1, 0], 'H': [1, 1, 1, 1, 1, 0, 1, 1, 1, 1], 'I': [1, 0, 1, 1, 1, 1, 0, 1, 0, 1], 'J': [1, 1, 0, 1, 0, 0, 1, 1, 1, 0], 'K': [0, 1, 0, 1, 1, 1, 1, 1, 0, 0]}, '东门南侧': {'A': [0, 1, 1, 1, 0, 0, 0, 0, 0, 0], 'B': [0, 0, 0, 0, 0, 0, 0, 0, 0, 0]}, '西门北侧': {'A': [1, 1, 1, 1, 1, 1, 1, 1, 0, 0], 'B': [1, 1, 1, 1, 1, 1, 1, 0, 1, 1], 'C': [1, 1, 1, 1, 0, 1, 1, 0, 0, 0]}, '西门南侧': {'A': [0, 1, 1, 1, 1, 1, 1, 1, 1, 1], 'B': [1, 1, 1, 1, 1, 1, 1, 1, 1, 1], 'C': [1, 1, 1, 1, 1, 1, 1, 1, 1, 1]}, '南门西侧': {'A': [1, 1, 1, 1, 1, 1, 1, 1, 1, 1], 'B': [0, 0, 0, 0, 0, 0, 0, 0, 0, 0]}, '南门东侧': {'A': [1, 1, 0, 1, 1, 1, 1, 1, 1, 1], 'B': [1, 1, 1, 1, 1, 1, 1, 1, 1, 1]}, '北门东北侧': {'A': [1, 1, 1, 1, 1, 1, 1, 1, 1, 1], 'B': [1, 0, 0, 1, 1, 0, 0, 1, 0, 1], 'C': [0, 0, 0, 1, 1, 0, 0, 1, 1, 0], 'D': [0, 0, 1, 0, 0, 0, 0, 0, 0, 1]}, '北门东南侧': {'A': [0, 1, 1, 0, 1, 0, 1, 0, 0, 0], 'B': [0, 1, 0, 0, 0, 0, 0, 0, 1, 1], 'C': [1, 1, 1, 0, 0, 0, 0, 0, 0, 0], 'D': [0, 0, 0, 1, 0, 0, 0, 0, 0, 0], 'E': [0, 0, 0, 1, 0, 0, 0, 1, 0, 0], 'F': [1, 0, 1, 1, 1, 1, 1, 0, 1, 1]}, '橘园北侧南': {'A': [0, 1, 0, 0, 0, 1, 0, 1, 1, 1], 'B': [1, 1, 1, 1, 0, 0, 0, 1, 1, 1], 'C': [1, 1, 1, 1, 0, 1, 1, 0, 0, 0], 'D': [1, 1, 1, 1, 1, 1, 0, 1, 1, 0], 'E': [1, 1, 1, 0, 1, 1, 0, 1, 1, 0], 'F': [0, 0, 0, 0, 0, 0, 0, 0, 1, 0], 'G': [0, 0, 1, 0, 0, 0, 0, 1, 0, 1], 'H': [0, 1, 0, 1, 0, 1, 1, 0, 0, 0], 'I': [0, 0, 0, 0, 0, 0, 0, 0, 1, 0], 'J': [0, 0, 0, 0, 0, 0, 1, 0, 1, 1]}, '校医院西': {'A': [0, 1, 0, 0, 1, 0, 1, 1, 0, 0], 'B': [1, 1, 1, 0, 1, 0, 0, 1, 0, 1], 'C': [0, 1, 0, 1, 1, 0, 1, 1, 0, 1], 'D': [1, 1, 1, 0, 1, 0, 1, 1, 1, 1], 'E': [1, 1, 0, 1, 1, 1, 1, 1, 1, 1], 'F': [1, 0, 1, 1, 1, 1, 1, 1, 1, 1], 'G': [0, 0, 0, 0, 1, 1, 1, 1, 0, 0], 'H': [0, 0, 0, 0, 0, 0, 0, 0, 0, 0], 'I': [1, 0, 0, 0, 1, 0, 0, 0, 0, 0]}}
624087	2024-07-13 18:52:00.680000+08:00	2024-07-13 18:52:00.680000+08:00	{'东门北侧': {'A': [1, 1, 1, 1, 1, 0, 1, 0, 1, 1], 'B': [1, 1, 1, 1, 1, 1, 1, 1, 1, 1], 'C': [1, 1, 1, 0, 1, 0, 1, 0, 1, 1], 'D': [1, 0, 1, 1, 1, 0, 0, 1, 0, 0], 'E': [1, 1, 1, 1, 1, 0, 1, 1, 1, 1], 'F': [1, 1, 1, 1, 1, 1, 1, 1, 0, 1], 'G': [1, 1, 1, 1, 1, 1, 1, 1, 1, 0], 'H': [1, 1, 1, 1, 1, 0, 1, 1, 1, 1], 'I': [1, 0, 1, 1, 1, 1, 0, 1, 0, 1], 'J': [1, 1, 0, 1, 0, 0, 1, 1, 1, 0], 'K': [0, 1, 0, 1, 1, 1, 1, 1, 0, 0]}, '东门南侧': {'A': [0, 1, 1, 1, 0, 0, 0, 0, 0, 0], 'B': [0, 0, 0, 0, 0, 0, 0, 0, 0, 0]}, '西门北侧': {'A': [1, 1, 1, 1, 1, 1, 1, 1, 0, 0], 'B': [1, 1, 1, 1, 1, 1, 1, 0, 1, 1], 'C': [1, 1, 1, 1, 0, 1, 1, 0, 0, 0]}, '西门南侧': {'A': [0, 1, 1, 1, 1, 1, 1, 1, 1, 1], 'B': [1, 1, 1, 1, 1, 1, 1, 1, 1, 1], 'C': [1, 1, 1, 1, 1, 1, 1, 1, 1, 1]}, '南门西侧': {'A': [1, 1, 1, 1, 1, 1, 1, 1, 1, 1], 'B': [0, 0, 0, 0, 0, 0, 0, 0, 0, 0]}, '南门东侧': {'A': [1, 1, 0, 1, 1, 1, 1, 1, 1, 1], 'B': [1, 1, 1, 1, 1, 1, 1, 1, 1, 1]}, '北门东北侧': {'A': [1, 1, 1, 1, 1, 1, 1, 1, 1, 1], 'B': [1, 0, 0, 1, 1, 0, 0, 1, 0, 1], 'C': [0, 0, 0, 1, 1, 0, 0, 1, 1, 0], 'D': [0, 0, 1, 0, 0, 0, 0, 0, 0, 1]}, '北门东南侧': {'A': [0, 1, 1, 0, 1, 0, 1, 0, 0, 0], 'B': [0, 1, 0, 0, 0, 0, 0, 0, 1, 1], 'C': [1, 1, 1, 0, 0, 0, 0, 0, 0, 0], 'D': [0, 0, 0, 1, 0, 0, 0, 0, 0, 0], 'E': [0, 0, 0, 1, 0, 0, 0, 1, 0, 0], 'F': [1, 0, 1, 1, 1, 1, 1, 0, 1, 1]}, '橘园北侧南': {'A': [0, 1, 0, 0, 0, 1, 0, 1, 1, 1], 'B': [1, 1, 1, 1, 0, 0, 0, 1, 1, 1], 'C': [1, 1, 1, 1, 0, 1, 1, 0, 0, 0], 'D': [1, 1, 1, 1, 1, 1, 0, 1, 1, 0], 'E': [1, 1, 1, 0, 1, 1, 0, 1, 1, 0], 'F': [0, 0, 0, 0, 0, 0, 0, 0, 1, 0], 'G': [0, 0, 1, 0, 0, 0, 0, 1, 0, 1], 'H': [0, 1, 0, 1, 0, 1, 1, 0, 0, 0], 'I': [0, 0, 0, 0, 0, 0, 0, 0, 1, 0], 'J': [0, 0, 0, 0, 0, 0, 1, 0, 1, 1]}, '校医院西': {'A': [0, 1, 0, 0, 1, 0, 1, 1, 0, 0], 'B': [1, 1, 1, 0, 0, 0, 0, 1, 0, 1], 'C': [0, 1, 0, 1, 1, 0, 1, 1, 0, 1], 'D': [1, 1, 1, 0, 1, 0, 1, 1, 1, 1], 'E': [1, 1, 0, 1, 1, 1, 1, 1, 1, 1], 'F': [1, 0, 1, 1, 1, 1, 1, 1, 1, 1], 'G': [0, 0, 0, 0, 1, 1, 1, 1, 0, 0], 'H': [0, 0, 0, 0, 0, 0, 0, 0, 0, 0], 'I': [1, 0, 0, 0, 1, 0, 0, 0, 0, 0]}}
624088	2024-07-13 18:52:59.504000+08:00	2024-07-13 18:52:59.504000+08:00	{'东门北侧': {'A': [1, 1, 1, 1, 1, 0, 1, 0, 1, 1], 'B': [1, 1, 1, 1, 1, 1, 1, 1, 1, 1], 'C': [1, 1, 1, 0, 1, 0, 1, 0, 1, 1], 'D': [1, 0, 1, 1, 1, 0, 0, 1, 0, 0], 'E': [1, 1, 1, 1, 1, 0, 1, 1, 1, 1], 'F': [1, 1, 1, 1, 1, 1, 1, 1, 0, 1], 'G': [1, 1, 1, 1, 1, 1, 1, 1, 1, 0], 'H': [1, 1, 1, 1, 1, 0, 1, 1, 1, 1], 'I': [1, 0, 1, 1, 1, 1, 0, 1, 0, 1], 'J': [1, 1, 0, 1, 0, 0, 1, 1, 1, 0], 'K': [0, 1, 0, 1, 1, 1, 1, 1, 0, 0]}, '东门南侧': {'A': [0, 1, 1, 1, 0, 0, 0, 0, 0, 0], 'B': [0, 0, 0, 0, 0, 0, 0, 0, 0, 0]}, '西门北侧': {'A': [1, 1, 1, 1, 1, 1, 1, 1, 0, 0], 'B': [1, 1, 1, 1, 1, 1, 1, 0, 1, 1], 'C': [1, 1, 1, 1, 0, 1, 1, 0, 0, 0]}, '西门南侧': {'A': [0, 1, 1, 1, 1, 1, 1, 1, 1, 1], 'B': [1, 1, 1, 1, 1, 1, 1, 1, 1, 1], 'C': [1, 1, 1, 1, 1, 1, 1, 1, 1, 1]}, '南门西侧': {'A': [1, 1, 1, 1, 1, 1, 1, 1, 1, 1], 'B': [0, 0, 0, 0, 0, 0, 0, 0, 0, 0]}, '南门东侧': {'A': [1, 1, 0, 1, 1, 1, 1, 1, 1, 1], 'B': [1, 1, 1, 1, 1, 1, 1, 1, 1, 1]}, '北门东北侧': {'A': [1, 1, 1, 1, 1, 1, 1, 1, 1, 1], 'B': [1, 0, 0, 1, 1, 0, 0, 1, 0, 1], 'C': [0, 0, 0, 1, 1, 0, 0, 1, 1, 0], 'D': [0, 0, 1, 0, 0, 0, 0, 0, 0, 1]}, '北门东南侧': {'A': [0, 1, 1, 0, 1, 0, 1, 0, 0, 0], 'B': [0, 1, 0, 0, 0, 0, 0, 0, 1, 1], 'C': [1, 1, 1, 0, 0, 0, 0, 0, 0, 0], 'D': [0, 0, 0, 1, 0, 0, 0, 0, 0, 0], 'E': [0, 0, 0, 1, 0, 0, 0, 1, 0, 0], 'F': [1, 0, 1, 1, 1, 1, 1, 0, 1, 1]}, '橘园北侧南': {'A': [0, 1, 0, 0, 0, 1, 0, 1, 1, 1], 'B': [1, 1, 1, 1, 0, 0, 0, 1, 1, 1], 'C': [1, 1, 1, 1, 0, 1, 1, 0, 0, 0], 'D': [1, 1, 1, 1, 1, 1, 0, 1, 1, 0], 'E': [1, 1, 1, 0, 1, 1, 0, 1, 1, 0], 'F': [0, 0, 0, 0, 0, 0, 0, 0, 1, 0], 'G': [0, 0, 1, 0, 0, 0, 0, 1, 0, 1], 'H': [0, 1, 0, 1, 0, 1, 1, 0, 0, 0], 'I': [0, 0, 0, 0, 0, 0, 0, 0, 1, 0], 'J': [0, 0, 0, 0, 0, 0, 1, 0, 1, 1]}, '校医院西': {'A': [0, 1, 0, 0, 1, 0, 1, 1, 0, 0], 'B': [1, 1, 1, 0, 0, 0, 0, 1, 0, 1], 'C': [0, 1, 0, 1, 1, 0, 1, 1, 0, 1], 'D': [1, 1, 1, 0, 1, 0, 1, 1, 1, 1], 'E': [1, 1, 0, 1, 1, 1, 1, 1, 1, 1], 'F': [1, 0, 1, 1, 1, 1, 1, 1, 1, 1], 'G': [0, 0, 0, 0, 1, 1, 1, 1, 0, 0], 'H': [0, 0, 0, 0, 0, 0, 0, 0, 0, 0], 'I': [1, 0, 0, 0, 0, 0, 0, 0, 0, 0]}}
624089	2024-07-13 18:53:58.767000+08:00	2024-07-13 18:53:58.767000+08:00	{'东门北侧': {'A': [1, 1, 1, 1, 1, 0, 1, 0, 1, 1], 'B': [1, 1, 1, 1, 1, 1, 1, 1, 1, 1], 'C': [1, 1, 1, 0, 1, 0, 1, 0, 1, 1], 'D': [1, 0, 1, 1, 1, 0, 0, 1, 0, 0], 'E': [1, 1, 1, 1, 1, 0, 1, 1, 1, 1], 'F': [1, 1, 1, 1, 1, 1, 1, 1, 0, 1], 'G': [1, 1, 1, 1, 1, 1, 1, 1, 1, 0], 'H': [1, 1, 1, 1, 1, 0, 1, 1, 1, 1], 'I': [1, 0, 1, 1, 1, 1, 0, 1, 0, 1], 'J': [1, 1, 0, 1, 0, 0, 1, 1, 1, 0], 'K': [0, 1, 0, 1, 1, 1, 1, 1, 0, 0]}, '东门南侧': {'A': [0, 1, 1, 1, 0, 0, 0, 0, 0, 0], 'B': [0, 0, 0, 0, 0, 0, 0, 0, 0, 0]}, '西门北侧': {'A': [1, 1, 1, 1, 1, 1, 1, 1, 0, 0], 'B': [1, 1, 1, 1, 1, 1, 1, 0, 1, 1], 'C': [1, 1, 1, 1, 0, 1, 1, 0, 0, 0]}, '西门南侧': {'A': [0, 1, 1, 1, 1, 1, 1, 1, 1, 1], 'B': [1, 1, 1, 1, 1, 1, 1, 1, 1, 1], 'C': [1, 1, 1, 1, 1, 1, 1, 1, 1, 1]}, '南门西侧': {'A': [1, 1, 1, 1, 1, 1, 1, 1, 1, 1], 'B': [0, 0, 0, 0, 0, 0, 0, 0, 0, 0]}, '南门东侧': {'A': [1, 1, 0, 1, 1, 1, 1, 1, 1, 1], 'B': [1, 1, 1, 1, 1, 1, 1, 1, 1, 1]}, '北门东北侧': {'A': [1, 1, 1, 1, 1, 1, 1, 1, 1, 1], 'B': [1, 0, 0, 1, 1, 0, 0, 1, 0, 1], 'C': [0, 0, 0, 1, 1, 0, 0, 1, 1, 0], 'D': [0, 0, 1, 0, 0, 0, 0, 0, 0, 1]}, '北门东南侧': {'A': [0, 1, 1, 0, 1, 0, 1, 0, 0, 0], 'B': [0, 1, 0, 0, 0, 0, 0, 0, 1, 1], 'C': [1, 1, 1, 0, 0, 0, 0, 0, 0, 0], 'D': [0, 0, 0, 1, 0, 0, 0, 0, 0, 0], 'E': [0, 0, 0, 1, 0, 0, 0, 1, 0, 0], 'F': [1, 0, 1, 1, 1, 1, 1, 0, 1, 1]}, '橘园北侧南': {'A': [0, 1, 0, 0, 0, 1, 0, 1, 1, 1], 'B': [1, 1, 1, 1, 0, 0, 0, 1, 1, 1], 'C': [1, 1, 1, 1, 0, 1, 1, 0, 0, 0], 'D': [1, 1, 1, 1, 1, 1, 0, 1, 1, 0], 'E': [1, 1, 1, 0, 1, 1, 0, 1, 1, 0], 'F': [0, 0, 0, 0, 0, 0, 0, 0, 1, 0], 'G': [0, 0, 1, 0, 0, 0, 0, 1, 0, 1], 'H': [0, 1, 0, 1, 0, 0, 1, 0, 0, 0], 'I': [0, 0, 0, 0, 0, 0, 0, 0, 1, 0], 'J': [0, 0, 0, 0, 0, 0, 1, 0, 1, 1]}, '校医院西': {'A': [0, 1, 0, 0, 1, 0, 1, 1, 0, 0], 'B': [1, 1, 1, 0, 0, 0, 0, 1, 0, 1], 'C': [0, 1, 0, 1, 1, 0, 1, 1, 0, 1], 'D': [1, 1, 1, 0, 1, 0, 1, 1, 1, 1], 'E': [1, 1, 0, 1, 1, 1, 1, 1, 1, 1], 'F': [1, 0, 1, 1, 1, 1, 1, 1, 1, 1], 'G': [0, 0, 0, 0, 1, 1, 1, 1, 0, 0], 'H': [0, 0, 0, 0, 0, 0, 0, 0, 0, 0], 'I': [1, 0, 0, 0, 0, 0, 0, 0, 0, 0]}}
624090	2024-07-13 18:54:59.468000+08:00	2024-07-13 18:54:59.468000+08:00	{'东门北侧': {'A': [1, 1, 1, 1, 1, 0, 1, 0, 1, 1], 'B': [1, 1, 1, 1, 1, 1, 1, 1, 1, 1], 'C': [1, 1, 1, 0, 1, 0, 1, 0, 1, 1], 'D': [1, 0, 1, 1, 1, 0, 0, 1, 0, 0], 'E': [1, 1, 1, 1, 1, 0, 1, 1, 1, 1], 'F': [1, 1, 1, 1, 1, 1, 1, 1, 0, 1], 'G': [1, 1, 1, 1, 1, 1, 1, 1, 1, 0], 'H': [1, 1, 1, 1, 1, 0, 1, 1, 1, 1], 'I': [1, 0, 1, 1, 1, 1, 0, 1, 0, 1], 'J': [1, 1, 0, 1, 0, 0, 1, 1, 1, 0], 'K': [0, 1, 0, 1, 1, 1, 1, 1, 0, 0]}, '东门南侧': {'A': [0, 1, 1, 1, 0, 0, 0, 0, 0, 0], 'B': [0, 0, 0, 0, 0, 0, 0, 0, 0, 0]}, '西门北侧': {'A': [1, 1, 1, 1, 1, 1, 1, 1, 0, 0], 'B': [1, 1, 1, 1, 1, 1, 1, 0, 1, 1], 'C': [1, 1, 1, 1, 0, 1, 1, 0, 0, 0]}, '西门南侧': {'A': [0, 1, 1, 1, 1, 1, 1, 1, 1, 1], 'B': [1, 1, 1, 1, 1, 1, 1, 1, 1, 1], 'C': [1, 1, 1, 1, 1, 1, 1, 1, 1, 1]}, '南门西侧': {'A': [1, 1, 1, 1, 1, 1, 1, 1, 1, 1], 'B': [0, 0, 0, 0, 0, 0, 0, 0, 0, 0]}, '南门东侧': {'A': [1, 1, 0, 1, 1, 1, 1, 1, 1, 1], 'B': [1, 1, 1, 1, 1, 1, 1, 1, 1, 1]}, '北门东北侧': {'A': [1, 1, 1, 1, 1, 1, 1, 1, 1, 1], 'B': [1, 0, 0, 1, 1, 0, 0, 1, 0, 1], 'C': [0, 0, 0, 1, 1, 0, 0, 1, 1, 0], 'D': [0, 0, 1, 0, 0, 0, 0, 0, 0, 1]}, '北门东南侧': {'A': [0, 1, 1, 0, 1, 0, 1, 0, 0, 0], 'B': [0, 1, 0, 0, 0, 0, 0, 0, 1, 1], 'C': [1, 1, 1, 0, 0, 0, 0, 0, 0, 0], 'D': [0, 0, 0, 1, 0, 0, 0, 0, 0, 0], 'E': [0, 0, 0, 1, 0, 0, 0, 1, 0, 0], 'F': [1, 0, 1, 1, 1, 1, 1, 0, 1, 1]}, '橘园北侧南': {'A': [0, 1, 0, 0, 0, 1, 0, 1, 1, 1], 'B': [1, 1, 1, 1, 0, 0, 0, 1, 1, 1], 'C': [1, 1, 1, 1, 0, 1, 1, 0, 0, 0], 'D': [1, 1, 1, 1, 1, 1, 0, 1, 1, 0], 'E': [1, 1, 1, 0, 1, 1, 0, 1, 1, 0], 'F': [0, 0, 0, 0, 0, 0, 0, 0, 1, 0], 'G': [0, 0, 1, 0, 0, 0, 0, 1, 0, 1], 'H': [0, 1, 0, 1, 0, 0, 1, 0, 0, 0], 'I': [0, 0, 0, 0, 0, 0, 0, 0, 1, 0], 'J': [0, 0, 0, 0, 0, 0, 1, 0, 1, 1]}, '校医院西': {'A': [0, 1, 0, 0, 1, 0, 1, 1, 0, 0], 'B': [1, 1, 1, 0, 0, 0, 0, 1, 0, 1], 'C': [0, 1, 0, 1, 1, 0, 1, 1, 0, 1], 'D': [1, 1, 1, 0, 1, 0, 1, 1, 1, 1], 'E': [1, 1, 0, 1, 1, 1, 1, 1, 1, 1], 'F': [1, 0, 1, 1, 1, 1, 1, 1, 1, 1], 'G': [0, 0, 0, 0, 1, 1, 1, 1, 0, 0], 'H': [0, 0, 0, 0, 0, 0, 0, 0, 0, 0], 'I': [1, 0, 0, 0, 0, 0, 0, 0, 0, 0]}}
624091	2024-07-13 18:55:59.451000+08:00	2024-07-13 18:55:59.451000+08:00	{'东门北侧': {'A': [1, 1, 1, 1, 1, 0, 1, 0, 1, 1], 'B': [1, 1, 1, 1, 1, 1, 1, 1, 1, 1], 'C': [1, 1, 1, 0, 1, 0, 1, 0, 1, 1], 'D': [1, 0, 1, 1, 1, 0, 0, 1, 0, 0], 'E': [1, 1, 1, 1, 1, 0, 1, 1, 1, 1], 'F': [1, 1, 1, 1, 1, 1, 1, 1, 0, 1], 'G': [1, 1, 1, 1, 1, 1, 1, 1, 1, 0], 'H': [1, 1, 1, 1, 1, 0, 1, 1, 1, 1], 'I': [1, 0, 1, 1, 1, 1, 0, 1, 0, 1], 'J': [1, 1, 0, 1, 0, 0, 1, 1, 1, 0], 'K': [0, 1, 0, 1, 1, 1, 1, 1, 0, 0]}, '东门南侧': {'A': [0, 1, 1, 1, 0, 0, 0, 0, 0, 0], 'B': [0, 0, 0, 0, 0, 0, 0, 0, 0, 0]}, '西门北侧': {'A': [1, 1, 1, 1, 1, 1, 1, 1, 0, 0], 'B': [1, 1, 1, 1, 1, 1, 1, 0, 1, 1], 'C': [1, 1, 1, 1, 0, 1, 1, 0, 0, 0]}, '西门南侧': {'A': [0, 1, 1, 1, 1, 1, 1, 1, 1, 1], 'B': [1, 1, 1, 1, 1, 1, 1, 1, 1, 1], 'C': [1, 1, 1, 1, 1, 1, 1, 1, 1, 1]}, '南门西侧': {'A': [1, 1, 1, 1, 1, 1, 1, 1, 1, 1], 'B': [0, 0, 0, 0, 0, 0, 0, 0, 0, 0]}, '南门东侧': {'A': [1, 1, 0, 1, 1, 1, 1, 1, 1, 1], 'B': [1, 1, 1, 1, 1, 1, 1, 1, 1, 1]}, '北门东北侧': {'A': [1, 1, 1, 1, 1, 1, 1, 1, 1, 1], 'B': [1, 0, 0, 1, 1, 0, 0, 1, 0, 1], 'C': [0, 0, 0, 1, 1, 0, 0, 1, 1, 0], 'D': [0, 0, 1, 0, 0, 0, 0, 0, 0, 1]}, '北门东南侧': {'A': [0, 1, 1, 0, 1, 0, 1, 0, 0, 0], 'B': [0, 1, 0, 0, 0, 0, 0, 0, 1, 1], 'C': [1, 1, 1, 0, 0, 0, 0, 0, 0, 0], 'D': [0, 0, 0, 1, 0, 0, 0, 0, 0, 0], 'E': [0, 0, 0, 1, 0, 0, 0, 1, 0, 0], 'F': [1, 0, 1, 1, 1, 1, 1, 0, 1, 1]}, '橘园北侧南': {'A': [0, 1, 0, 0, 0, 1, 0, 1, 1, 1], 'B': [1, 1, 1, 1, 0, 0, 0, 1, 1, 1], 'C': [1, 1, 1, 1, 0, 1, 1, 0, 0, 0], 'D': [1, 1, 1, 1, 1, 1, 0, 1, 1, 0], 'E': [1, 1, 1, 0, 1, 1, 0, 1, 1, 0], 'F': [0, 0, 0, 0, 0, 0, 0, 0, 1, 0], 'G': [0, 0, 1, 0, 0, 0, 0, 1, 0, 1], 'H': [0, 1, 0, 1, 0, 0, 1, 0, 0, 0], 'I': [0, 0, 0, 0, 0, 0, 0, 0, 1, 0], 'J': [0, 0, 0, 0, 0, 0, 1, 0, 1, 1]}, '校医院西': {'A': [0, 1, 0, 0, 1, 0, 1, 1, 0, 0], 'B': [1, 1, 1, 0, 0, 0, 0, 1, 0, 1], 'C': [0, 1, 0, 1, 1, 0, 1, 1, 0, 1], 'D': [1, 1, 1, 0, 1, 0, 1, 1, 1, 1], 'E': [1, 1, 0, 1, 1, 1, 1, 1, 1, 1], 'F': [1, 0, 1, 1, 1, 1, 1, 1, 1, 1], 'G': [0, 0, 0, 0, 1, 1, 1, 1, 0, 0], 'H': [0, 0, 0, 0, 0, 0, 0, 0, 0, 0], 'I': [1, 0, 0, 0, 0, 0, 0, 0, 0, 0]}}
624092	2024-07-13 18:56:59.652000+08:00	2024-07-13 18:56:59.652000+08:00	{'东门北侧': {'A': [1, 1, 1, 1, 1, 0, 1, 0, 1, 1], 'B': [1, 1, 1, 1, 1, 1, 1, 1, 1, 1], 'C': [1, 1, 1, 0, 1, 0, 1, 0, 1, 1], 'D': [1, 0, 1, 1, 1, 0, 0, 1, 0, 0], 'E': [1, 1, 1, 1, 1, 0, 1, 1, 1, 1], 'F': [1, 1, 1, 1, 1, 1, 1, 1, 0, 1], 'G': [1, 1, 1, 1, 1, 1, 1, 1, 1, 0], 'H': [1, 1, 1, 1, 1, 0, 1, 1, 1, 1], 'I': [1, 0, 1, 1, 1, 1, 0, 1, 0, 1], 'J': [1, 1, 0, 1, 0, 0, 1, 1, 1, 0], 'K': [0, 1, 0, 1, 1, 1, 1, 1, 0, 0]}, '东门南侧': {'A': [0, 1, 1, 1, 0, 0, 0, 0, 0, 0], 'B': [0, 0, 0, 0, 0, 0, 0, 0, 0, 0]}, '西门北侧': {'A': [1, 1, 1, 1, 1, 1, 1, 1, 0, 0], 'B': [1, 1, 1, 1, 1, 1, 1, 0, 1, 1], 'C': [1, 1, 1, 1, 0, 1, 1, 0, 0, 0]}, '西门南侧': {'A': [0, 1, 1, 1, 1, 1, 1, 1, 1, 1], 'B': [1, 1, 1, 1, 1, 1, 1, 1, 1, 1], 'C': [1, 1, 1, 1, 1, 1, 1, 1, 1, 1]}, '南门西侧': {'A': [1, 1, 1, 1, 1, 1, 1, 1, 1, 1], 'B': [0, 0, 0, 0, 0, 0, 0, 0, 0, 0]}, '南门东侧': {'A': [1, 1, 0, 1, 1, 1, 1, 1, 1, 1], 'B': [1, 1, 1, 1, 1, 1, 1, 1, 1, 1]}, '北门东北侧': {'A': [1, 1, 1, 1, 1, 1, 1, 1, 1, 1], 'B': [1, 0, 0, 1, 1, 0, 0, 1, 0, 1], 'C': [0, 0, 0, 1, 1, 0, 0, 1, 1, 0], 'D': [0, 0, 1, 0, 0, 0, 0, 0, 0, 1]}, '北门东南侧': {'A': [0, 1, 1, 0, 1, 0, 1, 0, 0, 0], 'B': [0, 1, 0, 0, 0, 0, 0, 0, 1, 1], 'C': [1, 1, 1, 0, 0, 0, 0, 0, 0, 0], 'D': [0, 0, 0, 1, 0, 0, 0, 0, 0, 0], 'E': [0, 0, 0, 1, 0, 0, 0, 1, 0, 0], 'F': [1, 0, 1, 1, 1, 1, 1, 0, 1, 1]}, '橘园北侧南': {'A': [0, 1, 0, 0, 0, 1, 0, 1, 1, 1], 'B': [1, 1, 1, 1, 0, 0, 0, 1, 1, 1], 'C': [1, 1, 1, 1, 0, 1, 1, 0, 0, 0], 'D': [1, 1, 1, 1, 1, 1, 0, 1, 1, 0], 'E': [1, 1, 1, 0, 1, 1, 0, 1, 1, 0], 'F': [0, 0, 0, 0, 0, 0, 0, 0, 1, 0], 'G': [0, 0, 1, 0, 0, 0, 0, 1, 0, 1], 'H': [0, 1, 0, 1, 0, 0, 1, 0, 0, 0], 'I': [0, 0, 0, 0, 0, 0, 0, 0, 1, 0], 'J': [0, 0, 0, 0, 0, 0, 1, 0, 1, 1]}, '校医院西': {'A': [0, 1, 0, 0, 1, 0, 1, 1, 0, 0], 'B': [1, 1, 1, 0, 0, 0, 0, 1, 0, 1], 'C': [0, 1, 0, 1, 1, 0, 1, 1, 0, 1], 'D': [1, 1, 1, 0, 1, 0, 1, 1, 1, 1], 'E': [1, 1, 0, 1, 1, 1, 1, 1, 1, 1], 'F': [1, 0, 1, 1, 1, 1, 1, 1, 1, 1], 'G': [0, 0, 0, 0, 1, 1, 1, 1, 0, 0], 'H': [0, 0, 0, 0, 0, 0, 0, 0, 0, 0], 'I': [0, 0, 0, 0, 0, 0, 0, 0, 0, 0]}}
624093	2024-07-13 18:58:00.662000+08:00	2024-07-13 18:58:00.662000+08:00	{'东门北侧': {'A': [1, 1, 1, 1, 1, 0, 1, 0, 1, 1], 'B': [1, 1, 1, 1, 1, 1, 1, 1, 1, 1], 'C': [1, 1, 1, 0, 1, 0, 1, 0, 1, 1], 'D': [1, 0, 1, 1, 1, 0, 0, 1, 0, 0], 'E': [1, 1, 1, 1, 1, 0, 1, 1, 1, 1], 'F': [1, 1, 1, 1, 1, 1, 1, 1, 0, 1], 'G': [1, 1, 1, 1, 1, 1, 1, 1, 1, 0], 'H': [1, 1, 1, 1, 1, 0, 1, 1, 1, 1], 'I': [1, 0, 1, 1, 1, 1, 0, 1, 0, 1], 'J': [1, 1, 0, 1, 0, 0, 1, 1, 1, 0], 'K': [0, 1, 0, 1, 1, 1, 1, 1, 0, 0]}, '东门南侧': {'A': [0, 1, 1, 1, 0, 0, 0, 0, 0, 0], 'B': [0, 0, 0, 0, 0, 0, 0, 0, 0, 0]}, '西门北侧': {'A': [1, 1, 1, 1, 1, 1, 1, 1, 0, 0], 'B': [1, 1, 1, 1, 1, 1, 1, 0, 1, 1], 'C': [1, 1, 1, 1, 0, 1, 1, 0, 0, 0]}, '西门南侧': {'A': [0, 1, 1, 1, 1, 1, 1, 1, 1, 1], 'B': [1, 1, 1, 1, 1, 1, 1, 1, 1, 1], 'C': [1, 1, 1, 1, 1, 1, 1, 1, 1, 1]}, '南门西侧': {'A': [1, 1, 1, 1, 1, 1, 1, 1, 1, 1], 'B': [0, 0, 0, 0, 0, 0, 0, 0, 0, 0]}, '南门东侧': {'A': [1, 1, 0, 1, 1, 1, 1, 1, 1, 1], 'B': [1, 1, 1, 1, 1, 1, 1, 1, 1, 1]}, '北门东北侧': {'A': [1, 1, 1, 1, 1, 1, 1, 1, 1, 1], 'B': [1, 0, 0, 1, 1, 0, 0, 1, 0, 1], 'C': [0, 0, 0, 1, 1, 0, 0, 1, 1, 0], 'D': [0, 0, 1, 0, 0, 0, 0, 0, 0, 1]}, '北门东南侧': {'A': [0, 1, 1, 0, 1, 0, 1, 0, 0, 0], 'B': [0, 1, 0, 0, 0, 0, 0, 0, 1, 1], 'C': [1, 1, 1, 0, 0, 0, 0, 0, 0, 0], 'D': [0, 0, 0, 1, 0, 0, 0, 0, 0, 0], 'E': [0, 0, 0, 1, 0, 0, 0, 1, 0, 0], 'F': [1, 0, 1, 1, 1, 1, 1, 0, 1, 1]}, '橘园北侧南': {'A': [0, 1, 0, 0, 0, 1, 0, 1, 1, 1], 'B': [1, 1, 1, 1, 0, 0, 0, 1, 1, 1], 'C': [1, 1, 1, 1, 0, 1, 1, 0, 0, 0], 'D': [1, 1, 1, 1, 1, 1, 0, 1, 1, 0], 'E': [1, 1, 1, 0, 1, 1, 0, 1, 1, 0], 'F': [0, 0, 0, 0, 0, 0, 0, 0, 1, 0], 'G': [0, 0, 1, 0, 0, 0, 0, 1, 0, 1], 'H': [0, 1, 0, 1, 0, 0, 1, 0, 0, 0], 'I': [0, 0, 0, 0, 0, 0, 0, 0, 1, 0], 'J': [0, 0, 0, 0, 0, 0, 1, 0, 1, 1]}, '校医院西': {'A': [0, 1, 0, 0, 1, 0, 1, 1, 0, 0], 'B': [1, 1, 1, 0, 0, 0, 0, 1, 0, 1], 'C': [0, 1, 0, 1, 1, 0, 1, 1, 0, 1], 'D': [1, 1, 1, 0, 1, 0, 1, 1, 1, 1], 'E': [1, 1, 0, 1, 1, 1, 1, 1, 1, 1], 'F': [1, 0, 1, 1, 1, 1, 1, 1, 1, 1], 'G': [0, 0, 0, 0, 1, 1, 1, 1, 0, 0], 'H': [0, 0, 0, 0, 0, 0, 0, 0, 0, 0], 'I': [0, 0, 0, 0, 0, 0, 0, 0, 0, 0]}}
624094	2024-07-13 18:59:01.467000+08:00	2024-07-13 18:59:01.467000+08:00	{'东门北侧': {'A': [1, 1, 1, 1, 1, 0, 1, 0, 1, 1], 'B': [1, 1, 1, 1, 1, 1, 1, 1, 1, 1], 'C': [1, 1, 1, 0, 1, 0, 1, 0, 1, 1], 'D': [1, 0, 1, 1, 1, 0, 0, 1, 0, 0], 'E': [1, 1, 1, 1, 1, 0, 1, 1, 1, 1], 'F': [1, 1, 1, 1, 1, 1, 1, 1, 0, 1], 'G': [1, 1, 1, 1, 1, 1, 1, 1, 1, 0], 'H': [1, 1, 1, 1, 1, 0, 1, 1, 1, 1], 'I': [1, 0, 1, 1, 1, 1, 0, 1, 0, 1], 'J': [1, 1, 0, 1, 0, 0, 1, 1, 1, 0], 'K': [0, 1, 0, 1, 1, 1, 1, 1, 0, 0]}, '东门南侧': {'A': [0, 1, 1, 1, 0, 0, 0, 0, 0, 0], 'B': [0, 0, 0, 0, 0, 0, 0, 0, 0, 0]}, '西门北侧': {'A': [1, 1, 1, 1, 1, 1, 1, 1, 0, 0], 'B': [1, 1, 1, 1, 1, 1, 1, 0, 1, 1], 'C': [1, 1, 1, 1, 0, 1, 1, 0, 0, 0]}, '西门南侧': {'A': [0, 1, 1, 1, 1, 1, 1, 1, 1, 1], 'B': [1, 1, 1, 1, 1, 1, 1, 1, 1, 1], 'C': [1, 1, 1, 1, 1, 1, 1, 1, 1, 1]}, '南门西侧': {'A': [1, 1, 1, 1, 1, 1, 1, 1, 1, 1], 'B': [0, 0, 0, 0, 0, 0, 0, 0, 0, 0]}, '南门东侧': {'A': [1, 1, 0, 1, 1, 1, 1, 1, 1, 1], 'B': [1, 1, 1, 1, 1, 1, 1, 1, 1, 1]}, '北门东北侧': {'A': [1, 1, 1, 1, 1, 1, 1, 1, 1, 1], 'B': [1, 0, 0, 1, 1, 0, 0, 1, 0, 1], 'C': [0, 0, 0, 1, 1, 0, 0, 1, 1, 0], 'D': [0, 0, 1, 0, 0, 0, 0, 0, 0, 1]}, '北门东南侧': {'A': [0, 1, 1, 0, 1, 0, 1, 0, 0, 0], 'B': [0, 1, 0, 0, 0, 0, 0, 0, 1, 1], 'C': [1, 1, 1, 0, 0, 0, 0, 0, 0, 0], 'D': [0, 0, 0, 1, 0, 0, 0, 0, 0, 0], 'E': [0, 0, 0, 1, 0, 0, 0, 1, 0, 0], 'F': [1, 0, 1, 1, 1, 1, 1, 0, 1, 1]}, '橘园北侧南': {'A': [0, 1, 0, 0, 0, 1, 0, 1, 1, 1], 'B': [1, 1, 1, 1, 0, 0, 0, 1, 1, 1], 'C': [1, 1, 1, 1, 0, 1, 1, 0, 0, 0], 'D': [1, 1, 1, 1, 1, 1, 0, 1, 1, 0], 'E': [0, 1, 1, 0, 1, 1, 0, 1, 1, 0], 'F': [0, 0, 0, 0, 0, 0, 0, 0, 1, 0], 'G': [0, 0, 1, 0, 0, 0, 0, 1, 0, 1], 'H': [0, 1, 0, 1, 0, 0, 1, 0, 0, 0], 'I': [0, 0, 0, 0, 0, 0, 0, 0, 1, 0], 'J': [0, 0, 0, 0, 0, 0, 1, 0, 1, 1]}, '校医院西': {'A': [0, 1, 0, 0, 1, 0, 1, 1, 0, 0], 'B': [1, 1, 1, 0, 0, 1, 0, 1, 0, 1], 'C': [0, 1, 0, 1, 1, 0, 1, 1, 0, 1], 'D': [1, 1, 1, 0, 1, 0, 1, 1, 1, 1], 'E': [1, 1, 0, 1, 1, 1, 1, 1, 1, 1], 'F': [1, 0, 1, 1, 1, 1, 1, 1, 1, 1], 'G': [0, 0, 0, 0, 1, 1, 1, 1, 0, 0], 'H': [0, 0, 0, 0, 0, 0, 0, 0, 0, 0], 'I': [0, 0, 0, 0, 0, 0, 0, 0, 0, 0]}}
624095	2024-07-13 19:00:01.655000+08:00	2024-07-13 19:00:01.655000+08:00	{'东门北侧': {'A': [1, 1, 1, 1, 1, 0, 1, 0, 1, 1], 'B': [1, 1, 1, 1, 1, 1, 1, 1, 1, 1], 'C': [1, 1, 1, 0, 1, 0, 1, 0, 1, 1], 'D': [1, 0, 1, 1, 1, 0, 0, 1, 0, 0], 'E': [1, 1, 1, 1, 1, 0, 1, 1, 1, 1], 'F': [1, 1, 1, 1, 1, 1, 1, 1, 1, 1], 'G': [1, 1, 1, 1, 1, 1, 1, 1, 1, 0], 'H': [1, 1, 1, 1, 1, 0, 1, 1, 1, 1], 'I': [1, 0, 1, 1, 1, 1, 0, 1, 0, 1], 'J': [1, 1, 0, 1, 0, 0, 1, 1, 1, 0], 'K': [0, 1, 0, 1, 1, 1, 1, 1, 0, 0]}, '东门南侧': {'A': [0, 1, 1, 1, 0, 0, 0, 0, 0, 0], 'B': [0, 0, 0, 0, 0, 0, 0, 0, 0, 0]}, '西门北侧': {'A': [1, 1, 1, 1, 1, 1, 1, 1, 0, 0], 'B': [1, 1, 1, 1, 1, 1, 1, 0, 1, 1], 'C': [1, 1, 1, 1, 0, 1, 1, 0, 0, 0]}, '西门南侧': {'A': [0, 1, 1, 1, 1, 1, 1, 1, 1, 1], 'B': [1, 1, 1, 1, 1, 1, 1, 1, 1, 1], 'C': [1, 1, 1, 1, 1, 1, 1, 1, 1, 1]}, '南门西侧': {'A': [1, 1, 1, 1, 1, 1, 1, 1, 1, 1], 'B': [0, 0, 0, 0, 0, 0, 0, 0, 0, 0]}, '南门东侧': {'A': [1, 1, 0, 1, 1, 1, 1, 1, 1, 1], 'B': [1, 1, 1, 1, 1, 1, 1, 1, 1, 1]}, '北门东北侧': {'A': [1, 1, 1, 1, 1, 1, 1, 1, 1, 1], 'B': [1, 0, 0, 1, 1, 0, 0, 1, 0, 1], 'C': [0, 0, 0, 1, 1, 0, 0, 1, 1, 0], 'D': [0, 0, 1, 0, 0, 0, 0, 0, 0, 1]}, '北门东南侧': {'A': [0, 1, 1, 0, 1, 0, 1, 0, 0, 1], 'B': [0, 1, 0, 0, 0, 0, 0, 0, 1, 1], 'C': [1, 1, 1, 0, 0, 0, 0, 0, 0, 0], 'D': [0, 0, 0, 1, 0, 0, 0, 0, 0, 0], 'E': [0, 0, 0, 1, 0, 0, 0, 1, 0, 0], 'F': [1, 0, 1, 1, 1, 1, 1, 0, 1, 1]}, '橘园北侧南': {'A': [0, 1, 0, 0, 0, 1, 0, 1, 1, 1], 'B': [1, 1, 1, 1, 0, 0, 0, 1, 1, 1], 'C': [1, 1, 1, 1, 0, 1, 1, 0, 0, 0], 'D': [1, 1, 1, 1, 1, 1, 0, 1, 1, 0], 'E': [0, 1, 1, 0, 1, 1, 0, 1, 1, 0], 'F': [0, 0, 0, 0, 0, 0, 0, 0, 1, 0], 'G': [0, 0, 1, 0, 0, 0, 0, 1, 0, 1], 'H': [0, 1, 0, 1, 0, 0, 1, 0, 0, 0], 'I': [0, 0, 0, 0, 0, 0, 0, 0, 1, 0], 'J': [0, 0, 0, 0, 0, 0, 1, 0, 1, 1]}, '校医院西': {'A': [0, 1, 0, 0, 1, 0, 1, 1, 0, 0], 'B': [1, 1, 1, 0, 0, 1, 0, 1, 0, 1], 'C': [0, 1, 0, 1, 1, 0, 1, 1, 0, 1], 'D': [1, 1, 1, 0, 1, 0, 1, 1, 1, 1], 'E': [1, 1, 0, 1, 1, 1, 1, 1, 1, 1], 'F': [1, 0, 1, 1, 1, 1, 1, 1, 1, 1], 'G': [0, 0, 0, 0, 1, 1, 1, 1, 0, 0], 'H': [0, 0, 0, 0, 0, 0, 0, 0, 0, 0], 'I': [0, 0, 0, 0, 0, 0, 0, 0, 0, 0]}}
624096	2024-07-13 19:01:01.590000+08:00	2024-07-13 19:01:01.590000+08:00	{'东门北侧': {'A': [1, 1, 1, 1, 1, 0, 1, 0, 1, 1], 'B': [1, 1, 1, 1, 1, 1, 1, 1, 1, 1], 'C': [1, 1, 1, 0, 1, 0, 1, 0, 1, 1], 'D': [1, 0, 1, 1, 1, 0, 0, 1, 0, 0], 'E': [1, 1, 1, 1, 1, 0, 1, 1, 1, 1], 'F': [1, 1, 1, 1, 1, 1, 1, 1, 1, 1], 'G': [1, 1, 1, 1, 1, 1, 1, 1, 1, 0], 'H': [1, 1, 1, 1, 1, 0, 1, 1, 1, 1], 'I': [1, 0, 1, 1, 1, 1, 0, 1, 0, 1], 'J': [1, 1, 0, 1, 0, 0, 1, 1, 1, 0], 'K': [0, 1, 0, 1, 1, 1, 1, 1, 0, 0]}, '东门南侧': {'A': [0, 1, 1, 1, 0, 0, 0, 0, 0, 0], 'B': [0, 0, 0, 0, 0, 0, 0, 0, 0, 0]}, '西门北侧': {'A': [1, 1, 1, 1, 1, 1, 1, 1, 0, 0], 'B': [1, 1, 1, 1, 1, 1, 1, 0, 1, 1], 'C': [1, 1, 1, 1, 0, 1, 1, 0, 0, 0]}, '西门南侧': {'A': [0, 1, 1, 1, 1, 1, 1, 1, 1, 1], 'B': [1, 1, 1, 1, 1, 1, 1, 1, 1, 1], 'C': [1, 1, 1, 1, 1, 1, 1, 1, 1, 1]}, '南门西侧': {'A': [1, 1, 1, 1, 1, 1, 1, 1, 1, 1], 'B': [0, 0, 0, 0, 0, 0, 0, 0, 0, 0]}, '南门东侧': {'A': [1, 1, 0, 1, 1, 1, 1, 1, 1, 1], 'B': [1, 1, 1, 1, 1, 1, 1, 1, 1, 1]}, '北门东北侧': {'A': [1, 1, 1, 1, 1, 1, 1, 1, 1, 1], 'B': [1, 0, 0, 1, 1, 0, 0, 1, 0, 1], 'C': [0, 0, 0, 1, 1, 0, 0, 1, 1, 0], 'D': [0, 0, 1, 0, 0, 0, 0, 0, 0, 1]}, '北门东南侧': {'A': [0, 1, 1, 0, 1, 0, 1, 0, 0, 1], 'B': [0, 1, 0, 0, 0, 0, 0, 0, 1, 1], 'C': [1, 1, 1, 0, 0, 0, 0, 0, 0, 0], 'D': [0, 0, 0, 1, 1, 0, 0, 0, 0, 0], 'E': [0, 0, 0, 1, 0, 0, 0, 1, 0, 0], 'F': [1, 0, 1, 1, 1, 1, 1, 0, 1, 1]}, '橘园北侧南': {'A': [0, 1, 0, 0, 0, 1, 0, 1, 1, 1], 'B': [1, 1, 1, 1, 0, 0, 0, 1, 1, 1], 'C': [1, 1, 1, 1, 0, 1, 1, 0, 0, 0], 'D': [1, 1, 1, 1, 1, 1, 0, 1, 1, 0], 'E': [0, 1, 1, 0, 1, 1, 0, 1, 1, 0], 'F': [0, 0, 0, 0, 0, 0, 0, 0, 1, 0], 'G': [0, 0, 1, 0, 0, 0, 0, 1, 0, 1], 'H': [0, 1, 0, 1, 0, 0, 1, 0, 0, 0], 'I': [0, 0, 0, 0, 0, 0, 0, 0, 1, 0], 'J': [0, 0, 0, 0, 0, 0, 1, 0, 1, 1]}, '校医院西': {'A': [0, 1, 0, 0, 1, 0, 1, 1, 0, 0], 'B': [1, 1, 1, 0, 0, 1, 0, 1, 0, 1], 'C': [0, 1, 0, 1, 1, 0, 1, 1, 0, 1], 'D': [1, 1, 1, 0, 1, 0, 1, 1, 1, 1], 'E': [1, 1, 0, 1, 1, 1, 1, 1, 1, 1], 'F': [1, 0, 1, 1, 1, 1, 1, 1, 1, 1], 'G': [0, 0, 0, 0, 1, 1, 1, 1, 0, 0], 'H': [0, 0, 0, 0, 0, 0, 0, 0, 0, 0], 'I': [0, 0, 0, 0, 0, 0, 0, 0, 0, 0]}}
624097	2024-07-13 19:01:58.458000+08:00	2024-07-13 19:01:58.458000+08:00	{'东门北侧': {'A': [1, 1, 1, 1, 1, 0, 1, 0, 1, 1], 'B': [1, 1, 1, 1, 1, 1, 1, 1, 1, 1], 'C': [1, 1, 1, 0, 1, 0, 1, 0, 1, 1], 'D': [1, 0, 1, 1, 1, 0, 0, 1, 0, 0], 'E': [1, 1, 1, 1, 1, 0, 1, 1, 1, 1], 'F': [1, 1, 1, 1, 1, 1, 1, 1, 1, 1], 'G': [1, 1, 1, 1, 1, 1, 1, 1, 1, 0], 'H': [1, 1, 1, 1, 1, 0, 1, 1, 1, 1], 'I': [1, 0, 1, 1, 1, 1, 0, 1, 0, 1], 'J': [1, 1, 0, 1, 0, 0, 1, 1, 1, 0], 'K': [0, 1, 0, 1, 1, 1, 1, 1, 0, 0]}, '东门南侧': {'A': [0, 1, 1, 1, 0, 0, 0, 0, 0, 0], 'B': [0, 0, 0, 0, 0, 0, 0, 0, 0, 0]}, '西门北侧': {'A': [1, 1, 1, 1, 1, 1, 1, 1, 0, 0], 'B': [1, 1, 1, 1, 1, 1, 1, 0, 1, 1], 'C': [1, 1, 1, 1, 0, 1, 1, 0, 0, 0]}, '西门南侧': {'A': [0, 1, 1, 1, 1, 1, 1, 1, 1, 1], 'B': [1, 1, 1, 1, 1, 1, 1, 1, 1, 1], 'C': [1, 1, 1, 1, 0, 1, 1, 1, 1, 1]}, '南门西侧': {'A': [1, 1, 1, 1, 1, 1, 1, 1, 1, 1], 'B': [0, 0, 0, 0, 0, 0, 0, 0, 0, 0]}, '南门东侧': {'A': [1, 1, 0, 1, 1, 1, 1, 1, 1, 1], 'B': [1, 1, 1, 1, 1, 1, 1, 1, 1, 1]}, '北门东北侧': {'A': [1, 1, 1, 1, 1, 1, 1, 1, 1, 1], 'B': [1, 0, 0, 1, 1, 0, 0, 1, 0, 1], 'C': [0, 0, 0, 1, 1, 0, 0, 1, 1, 0], 'D': [0, 0, 1, 0, 0, 0, 0, 0, 0, 1]}, '北门东南侧': {'A': [0, 1, 1, 0, 1, 0, 1, 0, 0, 1], 'B': [0, 1, 0, 0, 0, 0, 0, 0, 1, 1], 'C': [1, 1, 1, 0, 0, 1, 0, 0, 0, 0], 'D': [0, 0, 0, 1, 1, 0, 0, 0, 0, 0], 'E': [0, 0, 0, 1, 0, 0, 0, 1, 0, 0], 'F': [1, 0, 1, 1, 1, 1, 1, 0, 1, 1]}, '橘园北侧南': {'A': [0, 1, 0, 0, 0, 1, 0, 1, 1, 1], 'B': [1, 1, 1, 1, 0, 0, 0, 1, 1, 1], 'C': [1, 1, 1, 1, 0, 1, 1, 0, 0, 0], 'D': [1, 1, 1, 1, 1, 1, 0, 1, 1, 0], 'E': [0, 1, 1, 1, 1, 1, 0, 1, 1, 0], 'F': [0, 0, 0, 0, 0, 0, 0, 0, 1, 0], 'G': [0, 0, 1, 0, 0, 0, 0, 1, 0, 1], 'H': [0, 1, 0, 1, 0, 0, 1, 0, 0, 0], 'I': [0, 0, 0, 0, 0, 0, 0, 0, 1, 0], 'J': [0, 0, 0, 0, 0, 0, 1, 0, 1, 1]}, '校医院西': {'A': [0, 1, 0, 0, 1, 0, 1, 1, 0, 0], 'B': [1, 1, 1, 0, 0, 1, 0, 1, 0, 1], 'C': [0, 1, 0, 1, 1, 0, 1, 1, 0, 1], 'D': [1, 1, 1, 0, 1, 0, 1, 1, 1, 1], 'E': [1, 1, 0, 1, 1, 1, 1, 1, 1, 1], 'F': [1, 0, 1, 1, 1, 1, 1, 1, 1, 1], 'G': [0, 0, 0, 0, 1, 1, 1, 1, 0, 0], 'H': [0, 0, 0, 0, 0, 0, 0, 0, 0, 0], 'I': [0, 0, 0, 0, 0, 0, 0, 0, 0, 0]}}
624098	2024-07-13 19:03:01.647000+08:00	2024-07-13 19:03:01.647000+08:00	{'东门北侧': {'A': [1, 1, 1, 1, 1, 0, 1, 0, 1, 1], 'B': [1, 1, 1, 1, 1, 1, 1, 1, 1, 1], 'C': [1, 1, 1, 0, 1, 0, 1, 0, 1, 1], 'D': [1, 0, 1, 1, 1, 0, 0, 1, 0, 0], 'E': [1, 1, 1, 1, 1, 0, 1, 1, 1, 1], 'F': [1, 1, 1, 1, 1, 1, 1, 1, 1, 1], 'G': [1, 1, 1, 1, 1, 1, 1, 1, 1, 0], 'H': [1, 1, 1, 1, 1, 0, 1, 1, 1, 1], 'I': [1, 0, 1, 1, 1, 1, 0, 1, 0, 1], 'J': [1, 1, 0, 1, 0, 0, 1, 1, 1, 0], 'K': [0, 1, 0, 1, 1, 1, 1, 1, 0, 0]}, '东门南侧': {'A': [0, 1, 1, 1, 0, 0, 0, 0, 0, 0], 'B': [0, 0, 0, 0, 0, 0, 0, 0, 0, 0]}, '西门北侧': {'A': [1, 1, 1, 1, 1, 1, 1, 1, 0, 0], 'B': [1, 1, 1, 1, 1, 1, 1, 0, 1, 1], 'C': [1, 1, 1, 1, 0, 1, 1, 0, 0, 0]}, '西门南侧': {'A': [0, 1, 1, 1, 1, 1, 1, 1, 1, 1], 'B': [1, 1, 1, 1, 1, 1, 1, 1, 1, 1], 'C': [1, 1, 1, 1, 0, 1, 1, 1, 1, 1]}, '南门西侧': {'A': [1, 1, 1, 1, 1, 1, 1, 1, 1, 1], 'B': [0, 0, 0, 0, 0, 0, 0, 0, 0, 0]}, '南门东侧': {'A': [1, 1, 0, 1, 1, 1, 1, 1, 1, 1], 'B': [1, 1, 1, 1, 1, 1, 1, 1, 1, 1]}, '北门东北侧': {'A': [1, 1, 1, 1, 1, 1, 1, 1, 1, 1], 'B': [1, 0, 0, 1, 1, 0, 0, 1, 0, 1], 'C': [0, 0, 0, 1, 1, 0, 0, 1, 1, 0], 'D': [0, 0, 1, 0, 0, 0, 0, 0, 0, 1]}, '北门东南侧': {'A': [0, 1, 1, 0, 1, 0, 1, 0, 0, 1], 'B': [0, 1, 0, 0, 0, 0, 0, 0, 1, 1], 'C': [1, 1, 1, 0, 0, 1, 0, 0, 0, 0], 'D': [0, 0, 0, 1, 1, 0, 0, 0, 0, 0], 'E': [0, 0, 0, 1, 0, 0, 0, 0, 0, 0], 'F': [1, 0, 1, 1, 1, 1, 1, 0, 1, 1]}, '橘园北侧南': {'A': [0, 1, 0, 0, 0, 1, 0, 1, 1, 1], 'B': [1, 1, 1, 1, 0, 0, 0, 1, 1, 1], 'C': [1, 1, 1, 1, 0, 1, 1, 0, 0, 0], 'D': [1, 1, 1, 1, 1, 1, 0, 1, 1, 0], 'E': [0, 1, 1, 1, 1, 1, 0, 1, 1, 0], 'F': [0, 0, 0, 0, 0, 0, 0, 0, 1, 0], 'G': [0, 0, 1, 0, 0, 0, 0, 1, 0, 1], 'H': [0, 1, 0, 1, 0, 0, 1, 0, 0, 0], 'I': [0, 0, 0, 0, 0, 0, 0, 0, 1, 0], 'J': [0, 0, 0, 0, 0, 0, 1, 0, 1, 1]}, '校医院西': {'A': [0, 1, 0, 0, 1, 0, 1, 1, 0, 0], 'B': [1, 1, 1, 0, 0, 1, 0, 1, 0, 1], 'C': [0, 1, 0, 1, 1, 0, 1, 1, 0, 1], 'D': [1, 1, 1, 0, 1, 0, 1, 1, 1, 1], 'E': [1, 1, 0, 1, 1, 1, 1, 1, 1, 1], 'F': [1, 0, 1, 1, 1, 1, 1, 1, 1, 1], 'G': [0, 0, 0, 0, 1, 1, 1, 1, 0, 0], 'H': [0, 0, 0, 0, 0, 0, 0, 0, 0, 0], 'I': [0, 0, 0, 0, 0, 0, 0, 0, 0, 0]}}
624099	2024-07-13 19:03:58.498000+08:00	2024-07-13 19:03:58.498000+08:00	{'东门北侧': {'A': [1, 1, 1, 1, 1, 0, 1, 0, 1, 1], 'B': [1, 1, 1, 1, 1, 1, 1, 1, 1, 1], 'C': [1, 1, 1, 0, 1, 0, 1, 0, 1, 1], 'D': [1, 0, 1, 1, 1, 0, 0, 1, 0, 0], 'E': [1, 1, 1, 1, 1, 0, 1, 1, 1, 1], 'F': [1, 1, 1, 1, 1, 1, 1, 1, 1, 1], 'G': [1, 1, 1, 1, 1, 1, 1, 1, 1, 0], 'H': [1, 1, 1, 1, 1, 0, 1, 1, 1, 1], 'I': [1, 0, 1, 1, 1, 1, 0, 1, 0, 1], 'J': [1, 1, 0, 1, 0, 0, 1, 1, 1, 0], 'K': [0, 1, 0, 1, 1, 1, 1, 1, 0, 0]}, '东门南侧': {'A': [0, 1, 1, 1, 0, 0, 0, 0, 0, 0], 'B': [0, 0, 0, 0, 0, 0, 0, 0, 0, 0]}, '西门北侧': {'A': [1, 1, 1, 1, 1, 1, 1, 1, 0, 0], 'B': [1, 1, 1, 1, 1, 1, 1, 0, 1, 1], 'C': [1, 1, 1, 1, 0, 1, 1, 0, 0, 0]}, '西门南侧': {'A': [0, 1, 1, 1, 1, 1, 1, 1, 1, 1], 'B': [1, 1, 1, 1, 1, 1, 1, 1, 1, 1], 'C': [1, 1, 1, 1, 0, 1, 1, 1, 1, 1]}, '南门西侧': {'A': [1, 1, 1, 1, 1, 1, 1, 1, 1, 1], 'B': [0, 0, 0, 0, 0, 0, 0, 0, 0, 0]}, '南门东侧': {'A': [1, 1, 0, 1, 1, 1, 1, 1, 1, 1], 'B': [1, 1, 1, 1, 1, 1, 1, 1, 1, 1]}, '北门东北侧': {'A': [1, 1, 1, 1, 1, 1, 1, 1, 1, 1], 'B': [1, 0, 0, 1, 1, 0, 0, 1, 0, 1], 'C': [0, 0, 0, 1, 1, 0, 0, 1, 1, 0], 'D': [0, 0, 1, 0, 0, 0, 0, 0, 0, 1]}, '北门东南侧': {'A': [0, 1, 1, 0, 1, 0, 1, 0, 0, 1], 'B': [0, 1, 0, 0, 0, 0, 0, 0, 1, 1], 'C': [1, 1, 1, 0, 0, 1, 0, 0, 0, 0], 'D': [0, 0, 0, 1, 1, 0, 0, 0, 0, 0], 'E': [0, 0, 0, 1, 0, 0, 0, 0, 0, 0], 'F': [1, 0, 1, 1, 1, 1, 1, 0, 1, 1]}, '橘园北侧南': {'A': [0, 1, 0, 0, 0, 1, 0, 1, 1, 1], 'B': [1, 1, 1, 1, 0, 0, 0, 1, 1, 1], 'C': [1, 1, 1, 1, 0, 1, 1, 0, 0, 0], 'D': [1, 1, 1, 1, 1, 1, 0, 1, 1, 0], 'E': [0, 1, 1, 0, 1, 1, 0, 1, 1, 0], 'F': [0, 0, 0, 0, 0, 0, 0, 0, 1, 0], 'G': [0, 0, 1, 0, 0, 0, 0, 1, 0, 1], 'H': [0, 1, 0, 1, 0, 0, 1, 0, 0, 0], 'I': [0, 0, 0, 0, 0, 0, 0, 0, 1, 0], 'J': [0, 0, 0, 0, 0, 0, 1, 0, 1, 1]}, '校医院西': {'A': [0, 1, 0, 0, 1, 0, 1, 1, 0, 0], 'B': [1, 1, 1, 0, 0, 1, 0, 1, 0, 1], 'C': [0, 1, 0, 1, 1, 0, 1, 1, 0, 1], 'D': [1, 1, 1, 0, 1, 0, 1, 1, 1, 1], 'E': [1, 1, 0, 1, 1, 1, 1, 1, 1, 1], 'F': [1, 0, 1, 1, 1, 1, 1, 1, 1, 1], 'G': [0, 0, 0, 0, 1, 1, 1, 1, 0, 0], 'H': [0, 0, 0, 0, 0, 0, 0, 0, 0, 0], 'I': [0, 0, 0, 0, 0, 0, 0, 0, 0, 0]}}
624100	2024-07-13 19:05:00.523000+08:00	2024-07-13 19:05:00.523000+08:00	{'东门北侧': {'A': [1, 1, 1, 1, 1, 0, 1, 0, 1, 1], 'B': [1, 1, 1, 1, 1, 1, 1, 1, 1, 1], 'C': [1, 1, 1, 0, 1, 0, 1, 0, 1, 1], 'D': [1, 0, 1, 1, 1, 0, 0, 1, 0, 0], 'E': [1, 1, 1, 1, 1, 0, 1, 1, 1, 1], 'F': [1, 1, 1, 1, 1, 1, 1, 1, 1, 1], 'G': [1, 1, 1, 1, 1, 1, 1, 1, 1, 0], 'H': [1, 1, 1, 1, 1, 0, 1, 1, 1, 1], 'I': [1, 0, 1, 1, 1, 1, 0, 1, 0, 1], 'J': [1, 1, 0, 1, 0, 0, 1, 1, 1, 0], 'K': [0, 1, 0, 1, 1, 1, 1, 1, 0, 0]}, '东门南侧': {'A': [0, 1, 1, 1, 0, 0, 0, 0, 0, 0], 'B': [0, 0, 0, 0, 0, 0, 0, 0, 0, 0]}, '西门北侧': {'A': [1, 1, 1, 1, 1, 1, 1, 1, 0, 0], 'B': [1, 1, 1, 1, 1, 1, 1, 0, 1, 1], 'C': [1, 1, 1, 1, 0, 1, 1, 0, 0, 0]}, '西门南侧': {'A': [0, 1, 1, 1, 1, 1, 1, 1, 1, 1], 'B': [1, 1, 1, 1, 1, 1, 1, 1, 1, 1], 'C': [1, 1, 1, 1, 0, 1, 1, 1, 1, 1]}, '南门西侧': {'A': [1, 1, 1, 1, 1, 1, 1, 1, 1, 1], 'B': [0, 0, 0, 0, 0, 0, 0, 0, 0, 0]}, '南门东侧': {'A': [1, 1, 0, 1, 1, 1, 1, 1, 1, 1], 'B': [1, 1, 1, 1, 1, 1, 1, 1, 1, 1]}, '北门东北侧': {'A': [1, 1, 1, 1, 1, 1, 1, 1, 1, 1], 'B': [1, 0, 0, 1, 1, 0, 0, 1, 0, 1], 'C': [0, 0, 0, 1, 1, 0, 0, 1, 1, 0], 'D': [0, 0, 1, 0, 0, 0, 0, 0, 0, 1]}, '北门东南侧': {'A': [0, 1, 1, 0, 1, 0, 1, 0, 0, 1], 'B': [0, 1, 0, 0, 0, 0, 0, 0, 1, 1], 'C': [1, 1, 1, 0, 0, 1, 0, 0, 0, 0], 'D': [0, 0, 0, 1, 1, 0, 0, 0, 0, 0], 'E': [0, 0, 0, 1, 0, 0, 0, 0, 0, 0], 'F': [1, 0, 1, 1, 1, 1, 1, 0, 1, 1]}, '橘园北侧南': {'A': [0, 1, 0, 0, 0, 1, 0, 1, 1, 1], 'B': [1, 1, 1, 1, 0, 0, 0, 1, 1, 1], 'C': [1, 1, 1, 1, 0, 1, 1, 0, 0, 0], 'D': [1, 1, 1, 1, 1, 1, 0, 1, 1, 0], 'E': [0, 1, 1, 0, 1, 1, 0, 1, 1, 0], 'F': [0, 0, 0, 0, 0, 0, 0, 0, 1, 0], 'G': [0, 0, 1, 0, 0, 0, 0, 1, 0, 1], 'H': [0, 1, 0, 1, 0, 0, 1, 0, 0, 0], 'I': [0, 0, 0, 0, 0, 0, 0, 0, 1, 0], 'J': [0, 0, 0, 0, 0, 0, 1, 0, 1, 1]}, '校医院西': {'A': [0, 1, 0, 0, 1, 0, 1, 1, 0, 0], 'B': [1, 1, 1, 0, 0, 1, 0, 1, 0, 1], 'C': [0, 1, 0, 1, 1, 0, 1, 1, 0, 1], 'D': [1, 1, 1, 0, 1, 0, 1, 1, 1, 1], 'E': [1, 1, 0, 1, 1, 1, 1, 1, 1, 1], 'F': [1, 0, 1, 1, 1, 1, 1, 1, 1, 1], 'G': [0, 0, 0, 0, 1, 1, 1, 1, 0, 0], 'H': [0, 0, 0, 0, 0, 0, 0, 0, 0, 0], 'I': [0, 1, 0, 0, 0, 0, 0, 0, 0, 0]}}
624101	2024-07-13 19:05:59.179000+08:00	2024-07-13 19:05:59.179000+08:00	{'东门北侧': {'A': [1, 1, 1, 1, 1, 0, 1, 0, 1, 1], 'B': [1, 1, 1, 1, 1, 1, 1, 1, 1, 1], 'C': [1, 1, 1, 0, 1, 0, 1, 0, 1, 1], 'D': [1, 0, 1, 1, 1, 0, 0, 1, 0, 0], 'E': [1, 1, 1, 1, 1, 0, 1, 1, 1, 1], 'F': [1, 1, 1, 1, 1, 1, 1, 1, 1, 1], 'G': [1, 1, 1, 1, 1, 1, 1, 1, 1, 0], 'H': [1, 1, 1, 1, 1, 0, 1, 1, 1, 1], 'I': [1, 0, 1, 1, 1, 1, 0, 1, 0, 1], 'J': [1, 1, 0, 1, 0, 0, 1, 1, 1, 0], 'K': [0, 1, 0, 1, 1, 1, 1, 1, 0, 0]}, '东门南侧': {'A': [0, 1, 1, 1, 0, 0, 0, 0, 0, 0], 'B': [0, 0, 0, 0, 0, 0, 0, 0, 0, 0]}, '西门北侧': {'A': [1, 1, 1, 1, 1, 1, 1, 1, 0, 0], 'B': [1, 1, 1, 1, 1, 1, 1, 0, 1, 1], 'C': [1, 1, 1, 1, 0, 1, 1, 0, 0, 0]}, '西门南侧': {'A': [0, 1, 1, 1, 1, 1, 1, 1, 1, 1], 'B': [1, 1, 1, 1, 1, 1, 1, 1, 1, 1], 'C': [1, 1, 1, 1, 0, 1, 1, 1, 1, 1]}, '南门西侧': {'A': [1, 1, 1, 1, 1, 1, 1, 1, 1, 1], 'B': [0, 0, 0, 0, 0, 0, 0, 0, 0, 0]}, '南门东侧': {'A': [1, 1, 0, 1, 1, 1, 1, 1, 1, 1], 'B': [1, 1, 1, 1, 1, 1, 1, 1, 1, 1]}, '北门东北侧': {'A': [1, 1, 1, 1, 1, 1, 1, 1, 1, 1], 'B': [1, 0, 0, 1, 1, 0, 0, 1, 0, 1], 'C': [0, 0, 0, 1, 1, 0, 0, 1, 1, 0], 'D': [0, 0, 1, 0, 0, 0, 0, 0, 0, 1]}, '北门东南侧': {'A': [0, 1, 1, 0, 1, 0, 1, 0, 0, 1], 'B': [0, 1, 0, 0, 0, 0, 0, 0, 1, 1], 'C': [1, 1, 1, 0, 0, 1, 0, 0, 0, 0], 'D': [0, 0, 0, 1, 1, 0, 0, 0, 0, 0], 'E': [0, 0, 0, 1, 0, 0, 0, 0, 0, 0], 'F': [1, 0, 1, 1, 1, 1, 1, 0, 1, 1]}, '橘园北侧南': {'A': [0, 1, 0, 0, 0, 1, 0, 1, 1, 1], 'B': [1, 1, 1, 1, 0, 0, 0, 1, 1, 1], 'C': [1, 1, 1, 1, 0, 1, 1, 0, 0, 0], 'D': [1, 1, 1, 1, 1, 1, 0, 1, 1, 0], 'E': [0, 1, 1, 0, 1, 1, 0, 1, 1, 0], 'F': [0, 0, 0, 0, 0, 0, 0, 0, 1, 0], 'G': [0, 0, 1, 0, 0, 0, 0, 1, 0, 1], 'H': [0, 1, 0, 1, 0, 0, 1, 0, 0, 0], 'I': [0, 0, 0, 0, 0, 0, 0, 0, 1, 0], 'J': [0, 0, 0, 0, 0, 0, 1, 0, 1, 1]}, '校医院西': {'A': [0, 1, 0, 0, 1, 0, 1, 1, 0, 0], 'B': [1, 1, 1, 0, 0, 1, 0, 1, 0, 1], 'C': [0, 1, 0, 1, 1, 0, 1, 1, 0, 1], 'D': [1, 1, 1, 0, 1, 0, 1, 1, 1, 1], 'E': [1, 1, 0, 1, 1, 1, 1, 1, 1, 1], 'F': [1, 0, 1, 1, 1, 1, 1, 1, 1, 1], 'G': [0, 0, 0, 0, 1, 1, 1, 1, 0, 0], 'H': [0, 0, 0, 0, 0, 0, 0, 0, 0, 0], 'I': [0, 1, 0, 0, 0, 0, 0, 0, 0, 0]}}
624102	2024-07-13 19:07:00.510000+08:00	2024-07-13 19:07:00.510000+08:00	{'东门北侧': {'A': [1, 1, 1, 1, 1, 0, 1, 0, 1, 1], 'B': [1, 1, 1, 1, 1, 1, 1, 1, 1, 1], 'C': [1, 1, 1, 0, 1, 0, 1, 0, 1, 0], 'D': [1, 0, 1, 1, 1, 0, 0, 1, 0, 0], 'E': [1, 1, 1, 1, 1, 0, 1, 1, 1, 1], 'F': [1, 1, 1, 1, 1, 1, 1, 1, 1, 1], 'G': [1, 1, 1, 1, 1, 1, 1, 1, 1, 0], 'H': [1, 1, 1, 1, 1, 0, 1, 1, 1, 1], 'I': [1, 0, 1, 1, 1, 1, 0, 1, 0, 1], 'J': [1, 1, 0, 1, 0, 0, 1, 1, 1, 0], 'K': [0, 1, 0, 1, 1, 1, 1, 1, 0, 0]}, '东门南侧': {'A': [0, 1, 1, 1, 0, 0, 0, 0, 0, 0], 'B': [0, 0, 0, 0, 0, 0, 0, 0, 0, 0]}, '西门北侧': {'A': [1, 1, 1, 1, 1, 1, 1, 1, 0, 0], 'B': [1, 1, 1, 1, 1, 1, 1, 0, 1, 0], 'C': [1, 1, 1, 1, 0, 1, 1, 0, 0, 0]}, '西门南侧': {'A': [0, 1, 1, 1, 1, 1, 1, 1, 1, 1], 'B': [1, 1, 1, 1, 1, 1, 1, 1, 1, 1], 'C': [1, 1, 1, 1, 0, 1, 1, 1, 1, 1]}, '南门西侧': {'A': [1, 1, 1, 1, 1, 1, 1, 1, 1, 1], 'B': [0, 0, 0, 0, 0, 0, 0, 0, 0, 0]}, '南门东侧': {'A': [1, 1, 0, 1, 1, 1, 1, 1, 1, 1], 'B': [1, 1, 1, 1, 1, 1, 1, 1, 1, 1]}, '北门东北侧': {'A': [1, 1, 1, 1, 1, 1, 1, 1, 1, 1], 'B': [1, 0, 0, 1, 1, 0, 0, 1, 0, 1], 'C': [0, 0, 0, 1, 1, 0, 0, 1, 1, 0], 'D': [0, 0, 1, 0, 0, 0, 0, 0, 0, 1]}, '北门东南侧': {'A': [0, 1, 1, 0, 1, 0, 1, 0, 0, 1], 'B': [0, 1, 0, 0, 0, 0, 0, 0, 1, 1], 'C': [1, 1, 1, 0, 0, 1, 0, 0, 0, 0], 'D': [0, 0, 0, 1, 0, 0, 0, 0, 0, 0], 'E': [0, 0, 0, 1, 0, 0, 0, 0, 0, 0], 'F': [1, 0, 1, 1, 1, 1, 1, 0, 1, 1]}, '橘园北侧南': {'A': [0, 1, 0, 0, 0, 1, 0, 1, 1, 1], 'B': [1, 1, 1, 1, 0, 0, 0, 1, 1, 1], 'C': [1, 1, 1, 1, 0, 1, 1, 0, 0, 0], 'D': [1, 1, 1, 1, 1, 1, 0, 1, 1, 0], 'E': [0, 1, 1, 0, 1, 1, 0, 1, 1, 0], 'F': [0, 0, 0, 0, 0, 0, 0, 0, 1, 0], 'G': [0, 0, 1, 0, 0, 0, 0, 1, 0, 1], 'H': [0, 1, 0, 1, 0, 0, 1, 0, 0, 0], 'I': [0, 0, 0, 0, 0, 0, 0, 0, 1, 0], 'J': [0, 0, 0, 0, 0, 0, 1, 0, 1, 1]}, '校医院西': {'A': [0, 1, 0, 0, 1, 0, 1, 1, 0, 0], 'B': [1, 1, 1, 0, 0, 1, 0, 1, 0, 1], 'C': [0, 1, 0, 1, 1, 0, 1, 1, 0, 1], 'D': [1, 1, 1, 0, 1, 0, 1, 1, 1, 1], 'E': [1, 1, 0, 1, 1, 1, 1, 1, 1, 1], 'F': [1, 0, 1, 1, 1, 1, 1, 1, 1, 1], 'G': [0, 0, 0, 0, 1, 1, 1, 1, 0, 0], 'H': [0, 0, 0, 0, 0, 0, 0, 0, 0, 0], 'I': [0, 1, 0, 0, 0, 0, 0, 0, 0, 0]}}
624103	2024-07-13 19:07:58.866000+08:00	2024-07-13 19:07:58.866000+08:00	{'东门北侧': {'A': [1, 1, 1, 1, 1, 0, 1, 0, 1, 1], 'B': [1, 1, 1, 1, 1, 1, 1, 1, 1, 1], 'C': [1, 1, 1, 0, 1, 0, 1, 0, 1, 0], 'D': [1, 0, 1, 1, 1, 0, 0, 1, 0, 0], 'E': [1, 1, 1, 1, 1, 0, 1, 1, 1, 1], 'F': [1, 1, 1, 1, 1, 1, 1, 1, 1, 1], 'G': [1, 1, 1, 1, 1, 1, 1, 1, 1, 0], 'H': [1, 1, 1, 1, 1, 0, 1, 1, 1, 1], 'I': [1, 0, 1, 1, 1, 1, 0, 1, 0, 1], 'J': [0, 1, 0, 1, 0, 0, 1, 1, 1, 0], 'K': [0, 1, 0, 1, 1, 1, 1, 1, 0, 0]}, '东门南侧': {'A': [0, 1, 1, 1, 0, 0, 0, 0, 0, 0], 'B': [0, 0, 0, 0, 0, 0, 0, 0, 0, 0]}, '西门北侧': {'A': [1, 1, 1, 1, 1, 1, 1, 1, 0, 0], 'B': [1, 1, 1, 1, 1, 1, 1, 0, 1, 0], 'C': [1, 1, 1, 1, 0, 1, 1, 0, 0, 0]}, '西门南侧': {'A': [0, 1, 1, 1, 1, 1, 1, 1, 1, 1], 'B': [1, 1, 1, 1, 1, 1, 1, 1, 1, 1], 'C': [1, 1, 1, 1, 0, 1, 1, 1, 1, 1]}, '南门西侧': {'A': [1, 1, 1, 1, 1, 1, 1, 1, 1, 1], 'B': [0, 0, 0, 0, 0, 0, 0, 0, 0, 0]}, '南门东侧': {'A': [1, 1, 0, 1, 1, 1, 1, 1, 1, 1], 'B': [1, 1, 1, 1, 1, 1, 1, 1, 1, 1]}, '北门东北侧': {'A': [1, 1, 1, 1, 1, 1, 1, 1, 1, 1], 'B': [1, 0, 0, 1, 1, 0, 0, 1, 0, 1], 'C': [0, 0, 0, 1, 1, 0, 0, 1, 1, 0], 'D': [0, 0, 1, 0, 0, 0, 0, 0, 0, 1]}, '北门东南侧': {'A': [0, 1, 1, 0, 1, 0, 1, 0, 0, 1], 'B': [0, 1, 0, 0, 0, 0, 0, 0, 1, 1], 'C': [1, 1, 1, 0, 0, 1, 0, 0, 0, 0], 'D': [0, 0, 0, 1, 0, 0, 0, 0, 0, 0], 'E': [0, 0, 0, 0, 0, 0, 0, 0, 0, 0], 'F': [1, 0, 1, 1, 1, 1, 1, 0, 1, 1]}, '橘园北侧南': {'A': [0, 1, 0, 0, 0, 1, 0, 1, 1, 1], 'B': [1, 1, 1, 1, 0, 0, 0, 1, 1, 1], 'C': [1, 1, 1, 1, 0, 1, 1, 0, 0, 0], 'D': [1, 1, 1, 1, 1, 1, 0, 1, 1, 0], 'E': [0, 1, 1, 0, 1, 1, 0, 0, 1, 0], 'F': [0, 0, 0, 0, 0, 0, 0, 0, 1, 0], 'G': [0, 0, 1, 0, 0, 0, 0, 1, 0, 1], 'H': [0, 1, 0, 1, 0, 0, 1, 0, 0, 0], 'I': [0, 0, 0, 0, 0, 0, 0, 0, 1, 0], 'J': [0, 0, 0, 0, 0, 0, 1, 0, 1, 1]}, '校医院西': {'A': [0, 1, 0, 0, 1, 0, 1, 1, 0, 0], 'B': [1, 1, 1, 0, 0, 1, 0, 1, 0, 1], 'C': [0, 1, 0, 1, 1, 0, 1, 1, 0, 1], 'D': [1, 1, 1, 0, 1, 0, 1, 1, 1, 1], 'E': [1, 1, 0, 1, 1, 1, 1, 1, 1, 1], 'F': [1, 0, 1, 1, 1, 1, 1, 1, 1, 1], 'G': [0, 0, 0, 0, 1, 1, 1, 1, 0, 0], 'H': [0, 0, 0, 0, 0, 0, 0, 0, 0, 0], 'I': [0, 1, 0, 0, 0, 0, 0, 0, 0, 0]}}
624104	2024-07-13 19:09:00.698000+08:00	2024-07-13 19:09:00.698000+08:00	{'东门北侧': {'A': [1, 1, 1, 1, 1, 0, 1, 0, 1, 1], 'B': [1, 1, 1, 1, 1, 1, 1, 1, 1, 1], 'C': [1, 1, 1, 0, 1, 0, 1, 0, 1, 0], 'D': [1, 0, 1, 1, 1, 0, 0, 1, 0, 0], 'E': [1, 1, 1, 1, 1, 0, 1, 1, 1, 1], 'F': [1, 1, 1, 1, 1, 1, 1, 1, 1, 1], 'G': [1, 1, 1, 1, 1, 1, 1, 1, 1, 0], 'H': [1, 1, 1, 1, 1, 0, 1, 1, 1, 1], 'I': [1, 0, 1, 1, 1, 1, 0, 1, 0, 1], 'J': [0, 1, 0, 1, 0, 0, 1, 1, 1, 0], 'K': [1, 1, 0, 1, 1, 1, 1, 1, 0, 0]}, '东门南侧': {'A': [0, 1, 1, 1, 0, 0, 0, 0, 0, 0], 'B': [0, 0, 0, 0, 0, 0, 0, 0, 0, 0]}, '西门北侧': {'A': [1, 1, 1, 1, 1, 1, 1, 1, 0, 0], 'B': [1, 1, 1, 1, 1, 1, 1, 0, 1, 0], 'C': [1, 1, 1, 1, 0, 1, 1, 0, 0, 0]}, '西门南侧': {'A': [0, 1, 1, 1, 1, 1, 1, 1, 1, 1], 'B': [1, 1, 1, 1, 1, 1, 1, 1, 1, 1], 'C': [1, 1, 1, 1, 0, 1, 1, 1, 1, 1]}, '南门西侧': {'A': [1, 1, 1, 1, 1, 1, 1, 1, 1, 1], 'B': [0, 0, 0, 0, 0, 0, 0, 0, 0, 0]}, '南门东侧': {'A': [1, 1, 0, 1, 1, 1, 1, 1, 1, 1], 'B': [1, 1, 1, 1, 1, 1, 1, 1, 1, 1]}, '北门东北侧': {'A': [1, 1, 1, 1, 1, 1, 1, 1, 1, 1], 'B': [1, 0, 0, 1, 1, 0, 0, 1, 0, 1], 'C': [0, 0, 0, 1, 1, 0, 0, 1, 1, 0], 'D': [0, 0, 1, 0, 0, 0, 0, 0, 0, 1]}, '北门东南侧': {'A': [0, 1, 1, 0, 1, 0, 1, 0, 0, 1], 'B': [0, 1, 0, 0, 0, 0, 0, 0, 1, 1], 'C': [1, 1, 1, 0, 0, 1, 0, 0, 0, 0], 'D': [0, 0, 0, 1, 0, 0, 0, 0, 0, 0], 'E': [0, 0, 0, 0, 0, 0, 0, 0, 0, 0], 'F': [1, 0, 1, 1, 1, 1, 1, 0, 1, 1]}, '橘园北侧南': {'A': [0, 1, 0, 0, 0, 1, 0, 1, 1, 1], 'B': [1, 1, 1, 1, 0, 0, 0, 1, 1, 1], 'C': [1, 1, 1, 1, 0, 1, 1, 0, 0, 0], 'D': [1, 1, 1, 1, 1, 0, 0, 1, 1, 0], 'E': [0, 1, 1, 0, 1, 1, 0, 0, 1, 0], 'F': [0, 0, 0, 0, 0, 0, 0, 0, 1, 0], 'G': [0, 0, 1, 0, 0, 0, 0, 1, 0, 1], 'H': [0, 1, 0, 1, 0, 0, 1, 0, 0, 0], 'I': [0, 0, 0, 0, 0, 0, 0, 0, 1, 0], 'J': [0, 0, 0, 0, 0, 0, 1, 0, 1, 1]}, '校医院西': {'A': [0, 1, 0, 0, 1, 0, 1, 1, 1, 0], 'B': [1, 1, 1, 0, 0, 1, 0, 1, 0, 1], 'C': [0, 1, 0, 1, 1, 0, 1, 1, 0, 1], 'D': [1, 1, 1, 0, 1, 0, 1, 1, 1, 1], 'E': [1, 1, 0, 1, 1, 1, 1, 1, 1, 1], 'F': [1, 0, 1, 1, 1, 1, 1, 1, 1, 1], 'G': [0, 0, 0, 1, 1, 1, 1, 1, 0, 0], 'H': [0, 0, 0, 0, 0, 0, 0, 0, 0, 0], 'I': [0, 1, 0, 0, 0, 0, 0, 0, 0, 0]}}
624105	2024-07-13 19:09:58.644000+08:00	2024-07-13 19:09:58.644000+08:00	{'东门北侧': {'A': [1, 1, 1, 1, 1, 0, 1, 0, 1, 1], 'B': [1, 1, 1, 1, 1, 1, 1, 1, 1, 1], 'C': [1, 1, 1, 0, 1, 0, 1, 0, 1, 0], 'D': [1, 0, 1, 1, 1, 0, 0, 1, 0, 0], 'E': [1, 1, 1, 1, 1, 0, 1, 1, 1, 1], 'F': [1, 1, 1, 1, 1, 1, 1, 1, 1, 1], 'G': [1, 1, 1, 1, 1, 1, 1, 1, 1, 0], 'H': [1, 1, 1, 1, 1, 0, 1, 1, 1, 1], 'I': [1, 0, 1, 1, 1, 1, 0, 1, 0, 1], 'J': [0, 1, 0, 1, 0, 0, 1, 1, 1, 0], 'K': [1, 1, 0, 1, 1, 1, 1, 1, 0, 0]}, '东门南侧': {'A': [0, 1, 1, 1, 0, 0, 0, 0, 0, 0], 'B': [0, 0, 0, 0, 0, 0, 0, 0, 0, 0]}, '西门北侧': {'A': [1, 1, 1, 1, 1, 1, 1, 1, 0, 0], 'B': [1, 1, 1, 1, 1, 1, 1, 0, 1, 0], 'C': [1, 1, 1, 1, 0, 1, 1, 0, 0, 0]}, '西门南侧': {'A': [0, 1, 1, 1, 1, 1, 1, 1, 1, 1], 'B': [1, 1, 1, 1, 1, 1, 1, 1, 1, 1], 'C': [1, 1, 1, 1, 0, 1, 1, 1, 1, 1]}, '南门西侧': {'A': [1, 1, 1, 1, 1, 1, 1, 1, 1, 1], 'B': [0, 0, 0, 0, 0, 0, 0, 0, 0, 0]}, '南门东侧': {'A': [1, 1, 0, 1, 1, 1, 1, 1, 1, 1], 'B': [1, 1, 1, 1, 1, 1, 1, 1, 1, 1]}, '北门东北侧': {'A': [1, 1, 1, 1, 1, 1, 1, 1, 1, 1], 'B': [1, 0, 0, 1, 1, 0, 0, 1, 0, 1], 'C': [0, 0, 0, 1, 1, 0, 0, 1, 1, 0], 'D': [0, 0, 1, 0, 0, 0, 0, 0, 0, 1]}, '北门东南侧': {'A': [0, 1, 1, 0, 1, 0, 1, 0, 0, 1], 'B': [0, 1, 0, 0, 0, 0, 0, 0, 1, 1], 'C': [1, 1, 1, 0, 0, 1, 0, 0, 0, 0], 'D': [0, 0, 0, 1, 0, 0, 0, 0, 0, 0], 'E': [0, 0, 0, 0, 0, 0, 0, 0, 0, 0], 'F': [1, 0, 1, 1, 1, 1, 1, 0, 1, 1]}, '橘园北侧南': {'A': [0, 1, 0, 0, 0, 1, 0, 1, 1, 1], 'B': [1, 1, 1, 1, 0, 0, 0, 1, 1, 1], 'C': [1, 1, 1, 1, 0, 1, 1, 0, 0, 0], 'D': [1, 1, 1, 1, 1, 0, 0, 1, 1, 0], 'E': [0, 1, 1, 0, 1, 1, 0, 0, 1, 0], 'F': [0, 0, 0, 0, 0, 0, 0, 0, 1, 0], 'G': [0, 0, 1, 0, 0, 0, 0, 1, 0, 1], 'H': [0, 1, 0, 1, 0, 0, 1, 0, 0, 0], 'I': [0, 0, 0, 0, 0, 0, 0, 0, 1, 0], 'J': [0, 0, 0, 0, 0, 0, 1, 0, 1, 1]}, '校医院西': {'A': [0, 1, 0, 0, 1, 0, 1, 1, 1, 0], 'B': [1, 1, 1, 0, 0, 1, 0, 1, 0, 1], 'C': [0, 1, 0, 1, 1, 0, 1, 1, 0, 1], 'D': [1, 1, 1, 0, 1, 0, 1, 1, 1, 1], 'E': [1, 1, 0, 1, 1, 1, 1, 1, 1, 1], 'F': [1, 0, 1, 1, 1, 1, 1, 1, 1, 1], 'G': [0, 0, 0, 1, 1, 1, 1, 1, 0, 0], 'H': [0, 0, 0, 0, 0, 0, 0, 0, 0, 0], 'I': [0, 1, 0, 0, 0, 0, 0, 0, 0, 0]}}
624106	2024-07-13 19:10:59.618000+08:00	2024-07-13 19:10:59.618000+08:00	{'东门北侧': {'A': [1, 1, 1, 1, 1, 0, 1, 0, 1, 1], 'B': [1, 1, 1, 1, 1, 1, 1, 1, 1, 1], 'C': [1, 1, 1, 0, 1, 0, 1, 0, 1, 0], 'D': [1, 0, 1, 1, 1, 0, 0, 1, 0, 0], 'E': [1, 1, 1, 1, 1, 0, 1, 1, 1, 1], 'F': [1, 1, 1, 1, 1, 1, 1, 1, 1, 1], 'G': [1, 1, 1, 1, 1, 1, 1, 1, 1, 0], 'H': [1, 1, 1, 1, 1, 0, 1, 1, 1, 1], 'I': [1, 0, 1, 1, 1, 1, 0, 1, 0, 1], 'J': [0, 1, 0, 1, 0, 0, 1, 1, 1, 0], 'K': [1, 1, 0, 1, 1, 1, 1, 1, 0, 0]}, '东门南侧': {'A': [0, 1, 1, 1, 0, 0, 0, 0, 0, 0], 'B': [0, 0, 0, 0, 0, 0, 0, 0, 0, 0]}, '西门北侧': {'A': [1, 1, 1, 1, 1, 1, 1, 1, 0, 0], 'B': [1, 1, 1, 1, 1, 1, 1, 0, 1, 0], 'C': [1, 1, 1, 1, 0, 1, 1, 0, 0, 0]}, '西门南侧': {'A': [0, 1, 1, 1, 1, 1, 1, 1, 1, 1], 'B': [1, 1, 1, 1, 1, 1, 1, 1, 1, 1], 'C': [1, 1, 1, 1, 0, 1, 1, 1, 1, 1]}, '南门西侧': {'A': [1, 1, 1, 1, 1, 1, 1, 1, 1, 1], 'B': [0, 0, 0, 0, 0, 0, 0, 0, 0, 0]}, '南门东侧': {'A': [1, 1, 0, 1, 1, 1, 1, 1, 1, 1], 'B': [1, 1, 1, 1, 1, 1, 1, 1, 1, 1]}, '北门东北侧': {'A': [1, 1, 1, 1, 1, 1, 1, 1, 1, 1], 'B': [1, 0, 0, 1, 1, 0, 0, 1, 0, 1], 'C': [0, 0, 0, 1, 1, 0, 0, 1, 1, 0], 'D': [0, 0, 1, 0, 0, 0, 0, 0, 0, 1]}, '北门东南侧': {'A': [0, 1, 1, 0, 1, 0, 1, 0, 0, 1], 'B': [0, 1, 0, 0, 0, 0, 0, 0, 1, 1], 'C': [1, 1, 1, 0, 0, 1, 0, 0, 0, 0], 'D': [0, 0, 0, 1, 0, 0, 0, 0, 0, 0], 'E': [0, 0, 0, 0, 0, 0, 0, 0, 0, 0], 'F': [1, 0, 1, 1, 1, 1, 1, 0, 1, 1]}, '橘园北侧南': {'A': [0, 1, 0, 0, 0, 1, 0, 1, 1, 1], 'B': [1, 1, 1, 1, 0, 0, 0, 1, 1, 1], 'C': [1, 1, 1, 1, 0, 1, 1, 0, 0, 0], 'D': [1, 1, 1, 1, 1, 0, 0, 1, 1, 0], 'E': [0, 1, 1, 0, 1, 1, 0, 1, 1, 0], 'F': [0, 0, 0, 0, 0, 0, 0, 0, 1, 0], 'G': [0, 0, 1, 0, 0, 0, 0, 1, 0, 1], 'H': [0, 1, 0, 1, 0, 0, 1, 0, 0, 0], 'I': [0, 0, 0, 0, 0, 0, 0, 0, 1, 0], 'J': [0, 0, 0, 0, 0, 0, 1, 0, 1, 1]}, '校医院西': {'A': [0, 1, 0, 0, 1, 0, 1, 1, 1, 0], 'B': [1, 1, 1, 0, 0, 1, 0, 1, 0, 1], 'C': [0, 1, 0, 1, 1, 0, 1, 1, 0, 1], 'D': [1, 1, 1, 0, 1, 0, 1, 1, 1, 1], 'E': [1, 1, 0, 1, 1, 1, 1, 1, 1, 1], 'F': [1, 0, 1, 1, 1, 1, 1, 1, 1, 1], 'G': [0, 0, 0, 1, 1, 1, 1, 1, 0, 0], 'H': [0, 0, 0, 0, 0, 0, 0, 0, 0, 0], 'I': [0, 1, 0, 0, 0, 0, 0, 0, 0, 0]}}
624107	2024-07-13 19:11:58.614000+08:00	2024-07-13 19:11:58.614000+08:00	{'东门北侧': {'A': [1, 1, 1, 1, 1, 0, 1, 0, 1, 1], 'B': [1, 1, 1, 1, 1, 1, 1, 1, 1, 1], 'C': [1, 1, 1, 0, 1, 0, 1, 0, 1, 0], 'D': [1, 0, 1, 1, 1, 0, 0, 1, 0, 0], 'E': [1, 1, 1, 1, 1, 0, 1, 1, 1, 1], 'F': [1, 1, 1, 1, 1, 1, 1, 1, 1, 1], 'G': [1, 1, 1, 1, 1, 1, 1, 1, 1, 0], 'H': [1, 1, 1, 1, 1, 0, 1, 1, 1, 1], 'I': [1, 0, 1, 1, 1, 1, 0, 1, 0, 1], 'J': [0, 1, 0, 1, 0, 0, 1, 1, 1, 0], 'K': [1, 1, 0, 1, 1, 1, 1, 1, 0, 0]}, '东门南侧': {'A': [0, 1, 1, 1, 0, 0, 0, 0, 0, 0], 'B': [0, 0, 0, 0, 0, 0, 0, 0, 0, 0]}, '西门北侧': {'A': [1, 1, 1, 1, 1, 1, 1, 1, 0, 0], 'B': [1, 1, 1, 1, 1, 1, 1, 0, 1, 0], 'C': [1, 1, 1, 1, 0, 1, 1, 0, 0, 0]}, '西门南侧': {'A': [0, 1, 1, 1, 1, 1, 1, 1, 1, 1], 'B': [1, 1, 1, 1, 1, 1, 1, 1, 1, 1], 'C': [1, 1, 1, 1, 0, 1, 1, 1, 1, 1]}, '南门西侧': {'A': [1, 1, 1, 1, 1, 1, 1, 1, 1, 1], 'B': [0, 0, 0, 0, 0, 0, 0, 0, 0, 0]}, '南门东侧': {'A': [1, 1, 0, 1, 1, 1, 1, 1, 1, 1], 'B': [1, 1, 1, 1, 1, 1, 1, 1, 1, 1]}, '北门东北侧': {'A': [1, 1, 1, 1, 1, 1, 1, 1, 1, 1], 'B': [1, 0, 0, 1, 1, 0, 0, 1, 0, 1], 'C': [0, 0, 0, 1, 1, 0, 0, 1, 1, 0], 'D': [0, 0, 1, 0, 0, 0, 0, 0, 0, 1]}, '北门东南侧': {'A': [0, 1, 1, 0, 1, 0, 1, 0, 0, 1], 'B': [0, 1, 0, 0, 0, 0, 0, 0, 1, 1], 'C': [1, 1, 1, 0, 0, 1, 0, 0, 0, 0], 'D': [0, 0, 0, 1, 0, 0, 0, 0, 0, 0], 'E': [0, 0, 0, 0, 0, 0, 0, 0, 0, 0], 'F': [1, 0, 1, 1, 1, 1, 1, 0, 1, 1]}, '橘园北侧南': {'A': [0, 1, 0, 0, 0, 1, 0, 1, 1, 1], 'B': [1, 1, 1, 1, 0, 0, 0, 1, 1, 1], 'C': [1, 1, 1, 1, 0, 1, 1, 0, 0, 0], 'D': [1, 1, 1, 1, 1, 0, 0, 1, 1, 0], 'E': [0, 1, 1, 0, 1, 1, 0, 1, 1, 0], 'F': [0, 0, 0, 0, 0, 0, 0, 0, 1, 0], 'G': [0, 0, 1, 0, 0, 0, 0, 1, 0, 1], 'H': [0, 1, 0, 1, 0, 0, 1, 0, 0, 0], 'I': [0, 0, 0, 0, 0, 0, 0, 0, 1, 0], 'J': [0, 0, 0, 0, 0, 0, 1, 0, 1, 1]}, '校医院西': {'A': [0, 1, 0, 0, 1, 0, 1, 1, 1, 0], 'B': [1, 1, 1, 0, 0, 1, 0, 1, 0, 1], 'C': [0, 1, 0, 1, 1, 0, 1, 1, 0, 1], 'D': [1, 1, 1, 0, 1, 0, 1, 1, 1, 1], 'E': [1, 1, 0, 1, 1, 1, 1, 1, 1, 1], 'F': [1, 0, 1, 1, 1, 1, 1, 1, 1, 1], 'G': [0, 0, 0, 1, 1, 1, 1, 1, 0, 0], 'H': [0, 0, 0, 0, 0, 0, 0, 0, 0, 0], 'I': [0, 1, 0, 0, 0, 0, 0, 0, 0, 0]}}
624108	2024-07-13 19:12:58.481000+08:00	2024-07-13 19:12:58.481000+08:00	{'东门北侧': {'A': [1, 1, 1, 1, 1, 0, 1, 0, 1, 1], 'B': [1, 1, 1, 1, 1, 1, 1, 1, 1, 1], 'C': [1, 1, 1, 0, 1, 0, 1, 0, 1, 0], 'D': [1, 0, 1, 1, 1, 0, 0, 1, 0, 0], 'E': [1, 1, 1, 1, 1, 0, 1, 1, 1, 1], 'F': [1, 1, 1, 1, 1, 1, 1, 1, 1, 1], 'G': [1, 1, 1, 1, 1, 1, 1, 1, 1, 0], 'H': [1, 1, 1, 1, 1, 0, 1, 1, 1, 1], 'I': [1, 0, 1, 1, 1, 1, 0, 1, 0, 1], 'J': [0, 1, 0, 1, 0, 0, 1, 1, 1, 0], 'K': [1, 1, 0, 1, 1, 1, 1, 1, 0, 0]}, '东门南侧': {'A': [0, 1, 1, 1, 0, 0, 0, 0, 0, 0], 'B': [0, 0, 0, 0, 0, 0, 0, 0, 0, 0]}, '西门北侧': {'A': [1, 1, 1, 1, 1, 1, 1, 1, 0, 0], 'B': [1, 1, 1, 1, 1, 1, 1, 0, 1, 0], 'C': [1, 1, 1, 1, 0, 1, 1, 0, 0, 0]}, '西门南侧': {'A': [0, 1, 1, 1, 1, 1, 1, 1, 1, 1], 'B': [1, 1, 1, 1, 1, 1, 1, 1, 1, 1], 'C': [1, 1, 1, 1, 0, 1, 1, 1, 1, 1]}, '南门西侧': {'A': [1, 1, 1, 1, 1, 1, 1, 1, 1, 1], 'B': [0, 0, 0, 0, 0, 0, 0, 0, 0, 0]}, '南门东侧': {'A': [1, 1, 0, 1, 1, 1, 1, 1, 1, 1], 'B': [1, 1, 1, 1, 1, 1, 1, 1, 1, 1]}, '北门东北侧': {'A': [1, 1, 1, 1, 1, 1, 1, 1, 1, 1], 'B': [1, 0, 0, 1, 1, 0, 0, 1, 0, 1], 'C': [0, 0, 0, 1, 1, 0, 0, 1, 1, 0], 'D': [0, 0, 1, 0, 0, 0, 0, 0, 0, 1]}, '北门东南侧': {'A': [0, 1, 1, 0, 1, 0, 1, 0, 0, 1], 'B': [0, 1, 0, 0, 0, 0, 0, 0, 1, 1], 'C': [1, 1, 1, 0, 0, 1, 0, 0, 0, 0], 'D': [0, 0, 0, 1, 0, 0, 0, 0, 0, 0], 'E': [0, 0, 0, 0, 0, 0, 0, 0, 0, 0], 'F': [1, 0, 1, 1, 1, 1, 1, 0, 1, 1]}, '橘园北侧南': {'A': [0, 1, 0, 0, 0, 1, 0, 1, 1, 1], 'B': [1, 1, 1, 1, 0, 0, 0, 1, 1, 1], 'C': [1, 1, 1, 1, 0, 1, 1, 0, 0, 0], 'D': [1, 1, 1, 1, 1, 0, 0, 1, 1, 0], 'E': [0, 1, 1, 0, 1, 1, 0, 1, 1, 0], 'F': [0, 0, 0, 0, 0, 0, 0, 0, 1, 0], 'G': [0, 0, 1, 0, 0, 0, 0, 1, 0, 1], 'H': [0, 1, 0, 1, 0, 0, 1, 0, 0, 0], 'I': [0, 0, 0, 0, 0, 0, 0, 0, 1, 0], 'J': [0, 0, 0, 0, 0, 0, 1, 0, 1, 1]}, '校医院西': {'A': [0, 1, 0, 0, 1, 0, 1, 1, 1, 0], 'B': [1, 1, 1, 0, 0, 1, 0, 1, 0, 1], 'C': [0, 1, 0, 1, 1, 0, 1, 1, 0, 1], 'D': [1, 1, 1, 0, 1, 0, 1, 1, 1, 1], 'E': [1, 1, 0, 1, 1, 1, 1, 1, 1, 1], 'F': [1, 0, 1, 1, 1, 1, 1, 1, 1, 1], 'G': [0, 0, 0, 1, 1, 1, 1, 1, 0, 0], 'H': [0, 0, 0, 0, 0, 0, 0, 0, 0, 0], 'I': [0, 1, 0, 0, 0, 0, 0, 0, 0, 0]}}
624109	2024-07-13 19:13:59.699000+08:00	2024-07-13 19:13:59.699000+08:00	{'东门北侧': {'A': [1, 1, 1, 1, 1, 0, 1, 0, 1, 1], 'B': [1, 1, 1, 1, 1, 1, 1, 1, 1, 1], 'C': [1, 1, 1, 0, 1, 0, 1, 0, 1, 0], 'D': [1, 0, 1, 1, 1, 0, 0, 1, 0, 0], 'E': [1, 1, 1, 1, 1, 0, 1, 1, 1, 1], 'F': [1, 1, 1, 1, 1, 1, 1, 1, 1, 1], 'G': [1, 1, 1, 1, 1, 1, 1, 1, 1, 0], 'H': [1, 1, 1, 1, 1, 0, 1, 1, 1, 1], 'I': [1, 0, 1, 1, 1, 1, 0, 1, 0, 1], 'J': [0, 1, 0, 1, 0, 0, 1, 1, 1, 0], 'K': [1, 1, 0, 1, 1, 1, 1, 1, 0, 0]}, '东门南侧': {'A': [0, 1, 1, 1, 0, 0, 0, 0, 0, 0], 'B': [0, 0, 0, 0, 0, 0, 0, 0, 0, 0]}, '西门北侧': {'A': [1, 1, 1, 1, 1, 1, 1, 1, 0, 0], 'B': [1, 1, 1, 1, 1, 1, 1, 0, 1, 0], 'C': [1, 1, 1, 1, 0, 1, 1, 0, 0, 0]}, '西门南侧': {'A': [0, 1, 1, 1, 1, 1, 1, 1, 1, 1], 'B': [1, 1, 1, 1, 1, 1, 1, 1, 1, 1], 'C': [1, 1, 1, 1, 0, 1, 1, 1, 1, 1]}, '南门西侧': {'A': [1, 1, 1, 1, 1, 1, 1, 1, 1, 1], 'B': [0, 0, 0, 0, 0, 0, 0, 0, 0, 0]}, '南门东侧': {'A': [1, 1, 0, 1, 1, 1, 1, 1, 1, 1], 'B': [1, 1, 1, 1, 1, 1, 1, 1, 1, 1]}, '北门东北侧': {'A': [1, 1, 1, 1, 1, 1, 1, 1, 1, 1], 'B': [1, 0, 0, 1, 1, 0, 0, 1, 0, 1], 'C': [0, 0, 0, 1, 1, 0, 0, 1, 1, 0], 'D': [0, 0, 1, 0, 0, 0, 0, 0, 0, 1]}, '北门东南侧': {'A': [0, 1, 1, 0, 1, 0, 1, 0, 0, 1], 'B': [0, 1, 0, 0, 0, 0, 0, 0, 1, 1], 'C': [1, 1, 1, 0, 0, 1, 0, 0, 0, 0], 'D': [0, 0, 0, 1, 0, 0, 0, 0, 0, 0], 'E': [0, 0, 0, 0, 0, 0, 0, 0, 0, 0], 'F': [1, 0, 1, 1, 1, 1, 1, 0, 1, 1]}, '橘园北侧南': {'A': [0, 1, 0, 0, 0, 1, 0, 1, 1, 1], 'B': [1, 1, 1, 1, 0, 0, 0, 1, 1, 1], 'C': [1, 1, 1, 1, 0, 1, 1, 0, 0, 0], 'D': [1, 1, 1, 1, 1, 0, 0, 1, 1, 0], 'E': [0, 1, 1, 0, 1, 1, 0, 1, 1, 0], 'F': [0, 0, 0, 0, 0, 0, 0, 0, 1, 0], 'G': [0, 0, 1, 0, 0, 0, 0, 1, 0, 1], 'H': [0, 1, 0, 1, 0, 0, 1, 0, 0, 0], 'I': [0, 0, 0, 0, 0, 0, 0, 0, 1, 0], 'J': [0, 0, 0, 0, 0, 0, 1, 0, 1, 1]}, '校医院西': {'A': [0, 1, 0, 0, 1, 0, 1, 1, 1, 0], 'B': [1, 1, 1, 0, 0, 1, 0, 1, 0, 1], 'C': [0, 1, 0, 1, 1, 0, 1, 1, 0, 1], 'D': [1, 1, 1, 0, 1, 0, 1, 1, 1, 1], 'E': [1, 1, 0, 1, 1, 1, 1, 1, 1, 1], 'F': [1, 0, 1, 1, 1, 1, 1, 1, 1, 1], 'G': [0, 0, 0, 1, 1, 1, 1, 1, 0, 0], 'H': [0, 0, 0, 0, 0, 0, 0, 0, 0, 0], 'I': [0, 1, 0, 0, 0, 0, 0, 0, 0, 0]}}
624110	2024-07-13 19:15:00.464000+08:00	2024-07-13 19:15:00.464000+08:00	{'东门北侧': {'A': [1, 1, 1, 1, 1, 0, 1, 0, 1, 1], 'B': [1, 1, 1, 1, 1, 1, 1, 1, 1, 1], 'C': [1, 1, 1, 0, 1, 0, 1, 0, 1, 0], 'D': [1, 0, 1, 1, 1, 0, 0, 1, 0, 0], 'E': [1, 1, 1, 1, 1, 0, 1, 1, 1, 1], 'F': [1, 1, 1, 1, 1, 1, 1, 1, 1, 1], 'G': [1, 1, 1, 1, 1, 1, 1, 1, 1, 0], 'H': [1, 1, 1, 1, 1, 0, 1, 1, 1, 1], 'I': [1, 0, 1, 1, 1, 1, 0, 1, 0, 1], 'J': [0, 1, 0, 1, 0, 0, 1, 1, 1, 0], 'K': [1, 1, 0, 1, 1, 1, 1, 1, 0, 0]}, '东门南侧': {'A': [0, 1, 1, 1, 0, 0, 0, 0, 0, 0], 'B': [0, 0, 0, 0, 0, 0, 0, 0, 0, 0]}, '西门北侧': {'A': [1, 1, 1, 1, 1, 1, 1, 1, 0, 0], 'B': [1, 1, 1, 1, 1, 1, 1, 0, 1, 0], 'C': [1, 1, 1, 1, 0, 1, 1, 0, 0, 0]}, '西门南侧': {'A': [0, 1, 1, 1, 1, 1, 1, 1, 1, 1], 'B': [1, 1, 1, 1, 1, 1, 1, 1, 1, 1], 'C': [1, 1, 1, 1, 0, 0, 1, 1, 1, 1]}, '南门西侧': {'A': [1, 1, 1, 1, 1, 1, 1, 1, 1, 1], 'B': [0, 0, 0, 0, 0, 0, 0, 0, 0, 0]}, '南门东侧': {'A': [1, 1, 0, 1, 1, 1, 1, 1, 1, 1], 'B': [1, 1, 1, 1, 1, 1, 1, 1, 1, 1]}, '北门东北侧': {'A': [1, 1, 1, 1, 1, 1, 1, 1, 1, 1], 'B': [1, 0, 0, 1, 1, 0, 0, 1, 0, 1], 'C': [0, 0, 0, 1, 1, 0, 0, 1, 1, 0], 'D': [0, 0, 1, 0, 0, 0, 0, 0, 0, 1]}, '北门东南侧': {'A': [0, 1, 1, 0, 1, 0, 1, 0, 0, 1], 'B': [0, 1, 0, 0, 0, 0, 0, 0, 1, 1], 'C': [1, 1, 1, 0, 0, 1, 0, 0, 0, 0], 'D': [0, 0, 0, 1, 0, 0, 0, 0, 0, 0], 'E': [0, 0, 0, 0, 0, 0, 0, 0, 0, 0], 'F': [1, 0, 1, 1, 1, 1, 1, 0, 1, 1]}, '橘园北侧南': {'A': [0, 1, 0, 0, 0, 1, 0, 1, 1, 1], 'B': [1, 1, 1, 1, 0, 0, 0, 1, 1, 1], 'C': [1, 1, 1, 1, 0, 1, 1, 0, 0, 0], 'D': [1, 1, 1, 1, 1, 0, 0, 1, 1, 0], 'E': [0, 1, 1, 0, 1, 1, 0, 1, 1, 0], 'F': [0, 0, 0, 0, 0, 0, 0, 0, 1, 0], 'G': [0, 0, 1, 0, 0, 0, 0, 1, 0, 1], 'H': [0, 1, 0, 1, 0, 0, 1, 0, 0, 0], 'I': [0, 0, 0, 0, 0, 0, 0, 0, 1, 0], 'J': [0, 0, 0, 0, 0, 0, 1, 0, 1, 1]}, '校医院西': {'A': [0, 1, 0, 0, 1, 0, 1, 1, 1, 0], 'B': [1, 1, 1, 0, 0, 1, 0, 1, 0, 1], 'C': [0, 1, 0, 1, 1, 0, 1, 1, 0, 1], 'D': [1, 1, 1, 0, 1, 0, 1, 1, 1, 1], 'E': [1, 1, 0, 1, 1, 1, 1, 1, 1, 1], 'F': [1, 0, 1, 1, 1, 1, 1, 1, 1, 1], 'G': [0, 0, 0, 1, 1, 1, 1, 1, 0, 0], 'H': [0, 0, 0, 0, 0, 0, 0, 0, 0, 0], 'I': [0, 1, 0, 0, 0, 0, 0, 0, 0, 0]}}
624111	2024-07-13 19:16:01.501000+08:00	2024-07-13 19:16:01.501000+08:00	{'东门北侧': {'A': [1, 1, 1, 1, 1, 0, 1, 0, 1, 1], 'B': [1, 1, 1, 1, 1, 1, 1, 1, 1, 1], 'C': [1, 1, 1, 0, 1, 0, 1, 0, 1, 0], 'D': [1, 0, 1, 1, 1, 0, 0, 1, 0, 0], 'E': [1, 1, 1, 1, 1, 0, 1, 1, 1, 1], 'F': [1, 1, 1, 1, 1, 1, 1, 1, 1, 1], 'G': [1, 1, 1, 1, 1, 1, 1, 1, 1, 0], 'H': [1, 1, 1, 1, 1, 0, 1, 1, 1, 1], 'I': [1, 0, 1, 1, 1, 1, 0, 1, 0, 1], 'J': [0, 1, 0, 1, 0, 0, 1, 1, 1, 0], 'K': [1, 1, 0, 1, 1, 1, 1, 1, 0, 0]}, '东门南侧': {'A': [0, 1, 1, 1, 0, 0, 0, 0, 0, 0], 'B': [0, 0, 0, 0, 0, 0, 0, 0, 0, 0]}, '西门北侧': {'A': [1, 1, 1, 1, 1, 1, 1, 1, 0, 0], 'B': [1, 1, 1, 1, 1, 1, 1, 0, 1, 0], 'C': [1, 1, 1, 1, 0, 1, 1, 0, 0, 0]}, '西门南侧': {'A': [0, 1, 1, 1, 1, 1, 1, 1, 1, 1], 'B': [1, 1, 1, 1, 1, 1, 1, 1, 1, 1], 'C': [1, 1, 1, 1, 0, 0, 1, 1, 1, 1]}, '南门西侧': {'A': [1, 1, 1, 1, 1, 1, 1, 1, 1, 1], 'B': [0, 0, 0, 0, 0, 0, 0, 0, 0, 0]}, '南门东侧': {'A': [1, 1, 0, 1, 1, 1, 1, 1, 1, 1], 'B': [1, 1, 1, 1, 1, 1, 1, 1, 1, 1]}, '北门东北侧': {'A': [1, 1, 1, 1, 1, 1, 1, 1, 1, 1], 'B': [1, 0, 0, 1, 1, 0, 0, 1, 0, 1], 'C': [0, 0, 0, 1, 1, 0, 0, 1, 1, 0], 'D': [0, 0, 1, 0, 0, 0, 0, 0, 0, 1]}, '北门东南侧': {'A': [0, 1, 1, 0, 1, 0, 1, 0, 0, 1], 'B': [0, 1, 0, 0, 0, 0, 0, 0, 1, 1], 'C': [1, 1, 1, 0, 0, 1, 0, 0, 0, 0], 'D': [0, 0, 0, 1, 0, 0, 0, 0, 0, 0], 'E': [0, 0, 0, 0, 0, 0, 0, 0, 0, 0], 'F': [1, 0, 1, 1, 1, 1, 1, 0, 1, 1]}, '橘园北侧南': {'A': [0, 1, 0, 0, 0, 1, 0, 1, 1, 1], 'B': [0, 1, 1, 1, 0, 0, 0, 1, 1, 1], 'C': [1, 1, 1, 1, 0, 1, 1, 0, 0, 0], 'D': [1, 1, 1, 1, 1, 0, 0, 1, 1, 0], 'E': [0, 1, 1, 0, 1, 1, 0, 1, 1, 0], 'F': [0, 0, 0, 0, 0, 0, 0, 0, 1, 0], 'G': [0, 0, 1, 0, 0, 0, 0, 1, 0, 1], 'H': [0, 1, 0, 1, 0, 0, 1, 0, 0, 0], 'I': [0, 0, 0, 0, 0, 0, 0, 0, 1, 0], 'J': [0, 0, 0, 0, 0, 0, 1, 0, 1, 1]}, '校医院西': {'A': [0, 1, 0, 0, 1, 0, 1, 1, 1, 0], 'B': [1, 1, 1, 1, 0, 1, 0, 1, 0, 1], 'C': [0, 1, 0, 1, 1, 0, 1, 1, 0, 1], 'D': [1, 1, 1, 0, 1, 0, 1, 1, 1, 1], 'E': [1, 1, 0, 1, 1, 1, 1, 1, 1, 1], 'F': [1, 0, 1, 1, 1, 1, 1, 1, 1, 1], 'G': [0, 0, 0, 1, 1, 1, 1, 1, 0, 0], 'H': [0, 0, 0, 0, 0, 0, 0, 0, 0, 0], 'I': [0, 1, 0, 0, 0, 0, 0, 0, 0, 0]}}
624112	2024-07-13 19:16:58.666000+08:00	2024-07-13 19:16:58.666000+08:00	{'东门北侧': {'A': [1, 1, 1, 1, 1, 0, 1, 0, 1, 1], 'B': [1, 1, 1, 1, 1, 1, 1, 1, 1, 1], 'C': [1, 1, 1, 0, 1, 0, 1, 0, 1, 0], 'D': [1, 0, 1, 1, 1, 0, 0, 1, 0, 0], 'E': [1, 1, 1, 1, 1, 0, 1, 1, 1, 1], 'F': [1, 1, 1, 1, 1, 1, 1, 1, 1, 1], 'G': [1, 1, 1, 1, 1, 1, 1, 1, 1, 0], 'H': [1, 1, 1, 1, 1, 0, 1, 1, 1, 1], 'I': [1, 0, 1, 1, 1, 1, 0, 1, 0, 1], 'J': [0, 1, 0, 1, 0, 0, 1, 1, 1, 0], 'K': [1, 1, 0, 1, 1, 1, 1, 1, 0, 0]}, '东门南侧': {'A': [0, 1, 1, 1, 0, 0, 0, 0, 0, 0], 'B': [0, 0, 0, 0, 0, 0, 0, 0, 0, 0]}, '西门北侧': {'A': [1, 1, 1, 1, 1, 1, 1, 1, 0, 0], 'B': [1, 1, 1, 1, 1, 1, 1, 0, 1, 0], 'C': [1, 1, 1, 1, 0, 1, 1, 0, 0, 0]}, '西门南侧': {'A': [0, 1, 1, 1, 1, 1, 1, 1, 1, 1], 'B': [1, 1, 1, 1, 1, 1, 1, 1, 1, 1], 'C': [1, 1, 1, 1, 0, 0, 1, 1, 1, 1]}, '南门西侧': {'A': [1, 1, 1, 1, 1, 1, 1, 1, 1, 1], 'B': [0, 0, 0, 0, 0, 0, 0, 0, 0, 0]}, '南门东侧': {'A': [1, 1, 0, 1, 1, 1, 1, 1, 1, 1], 'B': [1, 1, 1, 1, 1, 1, 1, 1, 1, 1]}, '北门东北侧': {'A': [1, 1, 1, 1, 1, 1, 1, 1, 1, 1], 'B': [1, 0, 0, 1, 1, 0, 0, 1, 0, 1], 'C': [0, 0, 0, 1, 1, 0, 0, 1, 1, 0], 'D': [0, 0, 1, 0, 0, 0, 0, 0, 0, 1]}, '北门东南侧': {'A': [0, 1, 1, 0, 1, 0, 1, 0, 0, 1], 'B': [0, 1, 0, 0, 0, 0, 0, 0, 1, 1], 'C': [1, 1, 1, 0, 0, 1, 0, 0, 0, 0], 'D': [0, 0, 0, 1, 0, 0, 0, 0, 0, 0], 'E': [0, 0, 0, 0, 0, 0, 0, 0, 0, 0], 'F': [1, 0, 1, 1, 1, 1, 1, 0, 1, 1]}, '橘园北侧南': {'A': [0, 1, 0, 0, 0, 1, 0, 1, 1, 1], 'B': [0, 1, 1, 1, 0, 0, 0, 1, 1, 1], 'C': [1, 1, 1, 1, 0, 1, 1, 0, 0, 0], 'D': [1, 1, 1, 1, 1, 0, 0, 1, 1, 0], 'E': [0, 1, 1, 0, 1, 1, 0, 0, 1, 0], 'F': [0, 0, 0, 0, 0, 0, 0, 0, 1, 0], 'G': [0, 0, 1, 0, 0, 0, 0, 1, 0, 1], 'H': [0, 1, 0, 1, 0, 0, 1, 0, 0, 0], 'I': [0, 0, 0, 0, 0, 0, 0, 0, 1, 0], 'J': [0, 0, 0, 0, 0, 0, 1, 0, 1, 1]}, '校医院西': {'A': [0, 1, 0, 0, 1, 0, 1, 1, 1, 0], 'B': [1, 1, 1, 1, 0, 1, 0, 1, 0, 1], 'C': [0, 1, 0, 1, 1, 0, 1, 1, 0, 1], 'D': [1, 1, 1, 0, 1, 0, 1, 1, 1, 1], 'E': [1, 1, 0, 1, 1, 1, 1, 1, 1, 1], 'F': [1, 0, 1, 1, 1, 1, 1, 1, 1, 1], 'G': [0, 0, 0, 1, 1, 1, 1, 1, 0, 0], 'H': [0, 0, 0, 0, 0, 0, 0, 0, 0, 0], 'I': [0, 1, 0, 0, 0, 1, 0, 0, 0, 0]}}
624113	2024-07-13 19:17:58.410000+08:00	2024-07-13 19:17:58.410000+08:00	{'东门北侧': {'A': [1, 1, 1, 1, 1, 0, 1, 0, 1, 1], 'B': [1, 1, 1, 1, 1, 1, 1, 1, 1, 1], 'C': [1, 1, 1, 0, 1, 0, 1, 0, 1, 0], 'D': [1, 0, 1, 1, 1, 0, 0, 1, 0, 0], 'E': [1, 1, 1, 1, 1, 0, 1, 1, 1, 1], 'F': [1, 1, 1, 1, 1, 1, 1, 1, 1, 1], 'G': [1, 1, 1, 1, 1, 1, 1, 1, 1, 0], 'H': [1, 1, 1, 1, 1, 0, 1, 1, 1, 1], 'I': [1, 0, 1, 1, 1, 1, 0, 1, 0, 1], 'J': [0, 1, 0, 1, 0, 0, 1, 1, 1, 0], 'K': [1, 1, 0, 1, 1, 1, 1, 1, 0, 0]}, '东门南侧': {'A': [0, 1, 1, 1, 0, 0, 0, 0, 0, 0], 'B': [0, 0, 0, 0, 0, 0, 0, 0, 0, 0]}, '西门北侧': {'A': [1, 1, 1, 1, 1, 1, 1, 1, 0, 0], 'B': [1, 1, 1, 1, 1, 1, 1, 0, 1, 0], 'C': [1, 1, 1, 1, 0, 1, 1, 0, 0, 0]}, '西门南侧': {'A': [0, 1, 1, 1, 1, 1, 1, 1, 1, 1], 'B': [1, 1, 1, 1, 1, 1, 1, 1, 1, 1], 'C': [1, 1, 1, 1, 0, 0, 1, 1, 1, 1]}, '南门西侧': {'A': [1, 1, 1, 1, 1, 1, 1, 1, 1, 1], 'B': [0, 0, 1, 0, 0, 0, 0, 0, 0, 0]}, '南门东侧': {'A': [1, 1, 0, 1, 1, 1, 1, 1, 1, 1], 'B': [1, 1, 1, 1, 1, 1, 1, 1, 1, 1]}, '北门东北侧': {'A': [1, 1, 1, 1, 1, 1, 1, 1, 1, 1], 'B': [1, 0, 0, 1, 1, 0, 0, 1, 0, 1], 'C': [0, 0, 0, 1, 1, 0, 0, 1, 1, 0], 'D': [0, 0, 1, 0, 0, 0, 0, 0, 0, 1]}, '北门东南侧': {'A': [0, 1, 1, 0, 1, 0, 1, 0, 0, 1], 'B': [0, 1, 0, 0, 0, 0, 0, 0, 1, 1], 'C': [1, 1, 1, 0, 0, 1, 0, 0, 0, 0], 'D': [0, 0, 0, 1, 0, 0, 0, 0, 0, 0], 'E': [0, 0, 0, 0, 0, 0, 0, 0, 0, 0], 'F': [1, 0, 1, 1, 1, 1, 1, 0, 1, 1]}, '橘园北侧南': {'A': [0, 1, 0, 0, 0, 1, 0, 1, 1, 1], 'B': [0, 1, 1, 1, 0, 0, 0, 1, 1, 1], 'C': [1, 1, 1, 1, 0, 1, 1, 0, 0, 0], 'D': [1, 1, 1, 1, 1, 0, 0, 1, 1, 0], 'E': [0, 1, 1, 0, 1, 1, 0, 0, 1, 0], 'F': [0, 0, 0, 0, 0, 0, 0, 0, 1, 0], 'G': [1, 0, 1, 0, 0, 0, 0, 1, 0, 1], 'H': [0, 1, 0, 1, 0, 0, 1, 0, 0, 0], 'I': [0, 0, 0, 0, 0, 0, 0, 0, 1, 0], 'J': [0, 0, 0, 0, 0, 0, 1, 0, 1, 1]}, '校医院西': {'A': [0, 1, 0, 0, 1, 0, 1, 1, 1, 0], 'B': [1, 1, 1, 1, 0, 1, 0, 1, 0, 1], 'C': [0, 1, 0, 1, 1, 0, 1, 1, 0, 1], 'D': [1, 1, 1, 0, 1, 0, 1, 1, 1, 1], 'E': [1, 1, 0, 1, 1, 1, 1, 1, 1, 1], 'F': [1, 0, 1, 1, 1, 1, 1, 1, 1, 1], 'G': [0, 0, 0, 1, 1, 1, 1, 1, 0, 0], 'H': [0, 0, 0, 0, 0, 0, 0, 0, 0, 0], 'I': [0, 0, 0, 0, 0, 1, 0, 0, 0, 0]}}
624114	2024-07-13 19:18:59.679000+08:00	2024-07-13 19:18:59.679000+08:00	{'东门北侧': {'A': [1, 1, 1, 1, 1, 0, 1, 0, 1, 1], 'B': [1, 1, 1, 1, 1, 1, 1, 1, 1, 1], 'C': [1, 1, 1, 0, 1, 0, 1, 0, 1, 0], 'D': [1, 0, 1, 1, 1, 0, 0, 1, 0, 0], 'E': [1, 1, 1, 1, 1, 0, 1, 1, 1, 1], 'F': [1, 1, 1, 1, 1, 1, 1, 1, 1, 1], 'G': [1, 1, 1, 1, 1, 1, 1, 1, 1, 0], 'H': [1, 1, 1, 1, 1, 0, 1, 1, 1, 1], 'I': [1, 0, 1, 1, 1, 1, 0, 1, 0, 1], 'J': [0, 1, 0, 1, 0, 0, 1, 1, 1, 0], 'K': [1, 1, 0, 1, 1, 1, 1, 1, 0, 0]}, '东门南侧': {'A': [0, 1, 1, 1, 0, 0, 0, 0, 0, 0], 'B': [0, 0, 0, 0, 0, 0, 0, 0, 0, 0]}, '西门北侧': {'A': [1, 1, 1, 1, 1, 1, 1, 1, 0, 0], 'B': [1, 1, 1, 1, 1, 1, 1, 0, 1, 0], 'C': [1, 1, 1, 1, 0, 1, 1, 0, 0, 0]}, '西门南侧': {'A': [0, 1, 1, 1, 1, 1, 1, 1, 1, 1], 'B': [1, 1, 1, 1, 1, 1, 1, 1, 1, 1], 'C': [1, 1, 1, 1, 0, 0, 1, 1, 1, 1]}, '南门西侧': {'A': [1, 1, 1, 1, 1, 1, 1, 1, 1, 1], 'B': [0, 0, 1, 0, 0, 0, 0, 0, 0, 0]}, '南门东侧': {'A': [1, 1, 0, 1, 1, 1, 1, 1, 1, 1], 'B': [1, 1, 1, 1, 1, 1, 1, 1, 1, 1]}, '北门东北侧': {'A': [1, 1, 1, 1, 1, 1, 1, 1, 1, 1], 'B': [1, 0, 0, 1, 1, 0, 0, 1, 0, 1], 'C': [0, 0, 0, 1, 1, 0, 0, 1, 1, 0], 'D': [0, 0, 1, 0, 0, 0, 0, 0, 0, 1]}, '北门东南侧': {'A': [0, 1, 1, 0, 1, 0, 1, 0, 0, 1], 'B': [0, 1, 0, 0, 0, 0, 0, 0, 1, 1], 'C': [1, 1, 1, 0, 0, 1, 1, 0, 0, 0], 'D': [0, 0, 0, 1, 0, 0, 0, 0, 0, 0], 'E': [0, 0, 0, 0, 0, 0, 0, 0, 0, 0], 'F': [1, 0, 1, 1, 1, 1, 1, 0, 1, 1]}, '橘园北侧南': {'A': [0, 1, 0, 0, 0, 1, 0, 1, 1, 1], 'B': [0, 1, 1, 1, 0, 0, 0, 1, 1, 1], 'C': [1, 0, 1, 1, 0, 1, 1, 0, 0, 0], 'D': [1, 1, 1, 1, 1, 0, 0, 1, 1, 0], 'E': [0, 1, 1, 0, 1, 1, 0, 0, 1, 0], 'F': [0, 0, 0, 0, 0, 0, 0, 0, 1, 0], 'G': [1, 0, 1, 0, 0, 0, 0, 1, 0, 1], 'H': [0, 1, 0, 1, 0, 0, 1, 0, 0, 0], 'I': [0, 0, 0, 0, 0, 0, 0, 0, 0, 0], 'J': [0, 0, 0, 0, 0, 0, 1, 0, 1, 1]}, '校医院西': {'A': [0, 1, 0, 0, 1, 0, 1, 1, 1, 0], 'B': [1, 1, 1, 1, 0, 1, 0, 1, 0, 1], 'C': [0, 1, 0, 1, 1, 0, 1, 1, 0, 1], 'D': [1, 1, 1, 0, 1, 0, 1, 1, 1, 1], 'E': [1, 1, 0, 1, 1, 1, 1, 1, 1, 1], 'F': [1, 0, 1, 1, 1, 1, 1, 1, 1, 1], 'G': [0, 0, 0, 1, 1, 1, 1, 1, 0, 0], 'H': [0, 0, 0, 0, 0, 0, 0, 0, 0, 0], 'I': [0, 0, 0, 0, 0, 1, 0, 0, 0, 0]}}
624115	2024-07-13 19:19:58.409000+08:00	2024-07-13 19:19:58.409000+08:00	{'东门北侧': {'A': [1, 1, 1, 1, 1, 0, 1, 0, 1, 1], 'B': [1, 1, 1, 1, 1, 1, 1, 1, 1, 1], 'C': [1, 1, 1, 0, 1, 0, 1, 0, 1, 0], 'D': [1, 0, 1, 1, 1, 0, 0, 1, 0, 0], 'E': [1, 1, 1, 1, 1, 0, 1, 1, 1, 1], 'F': [1, 1, 1, 1, 1, 1, 1, 1, 1, 1], 'G': [1, 1, 1, 1, 1, 1, 1, 1, 1, 0], 'H': [1, 1, 1, 1, 1, 0, 1, 1, 1, 1], 'I': [1, 0, 1, 1, 1, 1, 0, 1, 0, 1], 'J': [0, 1, 0, 1, 0, 0, 1, 1, 1, 0], 'K': [1, 1, 0, 1, 1, 1, 1, 1, 0, 0]}, '东门南侧': {'A': [0, 1, 1, 1, 0, 0, 0, 0, 0, 0], 'B': [0, 0, 0, 0, 0, 0, 0, 0, 0, 0]}, '西门北侧': {'A': [1, 1, 1, 1, 1, 1, 1, 1, 0, 0], 'B': [1, 1, 1, 1, 1, 1, 1, 0, 1, 0], 'C': [1, 1, 1, 1, 0, 1, 1, 0, 0, 0]}, '西门南侧': {'A': [0, 1, 1, 1, 1, 1, 1, 1, 1, 1], 'B': [1, 1, 1, 1, 1, 1, 1, 1, 1, 1], 'C': [1, 1, 1, 1, 0, 0, 1, 1, 1, 1]}, '南门西侧': {'A': [1, 1, 1, 1, 1, 1, 1, 1, 1, 1], 'B': [0, 0, 1, 0, 0, 0, 0, 0, 0, 0]}, '南门东侧': {'A': [1, 1, 0, 1, 1, 1, 1, 1, 1, 1], 'B': [1, 1, 1, 1, 1, 1, 1, 1, 1, 1]}, '北门东北侧': {'A': [1, 1, 1, 1, 1, 1, 1, 1, 1, 1], 'B': [1, 0, 0, 1, 1, 0, 0, 1, 0, 1], 'C': [0, 0, 0, 1, 1, 0, 0, 1, 1, 0], 'D': [0, 0, 1, 0, 0, 0, 0, 0, 0, 1]}, '北门东南侧': {'A': [0, 1, 1, 0, 1, 0, 1, 0, 0, 1], 'B': [0, 1, 0, 0, 0, 0, 0, 0, 1, 1], 'C': [1, 1, 1, 0, 0, 1, 1, 0, 0, 0], 'D': [0, 0, 0, 1, 0, 0, 0, 0, 0, 0], 'E': [0, 0, 0, 0, 0, 0, 0, 0, 0, 0], 'F': [1, 0, 1, 1, 1, 1, 1, 0, 1, 1]}, '橘园北侧南': {'A': [0, 1, 0, 0, 0, 1, 0, 1, 1, 1], 'B': [0, 1, 1, 1, 0, 0, 0, 1, 1, 1], 'C': [1, 0, 1, 1, 0, 1, 1, 0, 0, 0], 'D': [1, 1, 1, 1, 1, 0, 0, 1, 1, 0], 'E': [0, 1, 1, 0, 1, 1, 0, 0, 1, 0], 'F': [0, 0, 0, 0, 0, 0, 0, 0, 1, 0], 'G': [1, 0, 1, 0, 0, 0, 0, 1, 0, 1], 'H': [0, 1, 0, 1, 0, 0, 1, 0, 0, 0], 'I': [0, 0, 0, 0, 0, 0, 0, 0, 0, 0], 'J': [0, 0, 0, 0, 0, 0, 1, 0, 1, 1]}, '校医院西': {'A': [0, 1, 0, 0, 1, 0, 1, 1, 1, 0], 'B': [1, 1, 1, 1, 0, 1, 0, 1, 0, 1], 'C': [0, 1, 0, 1, 1, 0, 1, 1, 0, 1], 'D': [1, 1, 1, 0, 1, 0, 1, 1, 1, 1], 'E': [1, 1, 0, 1, 1, 1, 1, 1, 1, 1], 'F': [1, 0, 1, 1, 1, 1, 1, 1, 1, 1], 'G': [0, 0, 0, 1, 1, 1, 1, 1, 0, 0], 'H': [0, 0, 0, 0, 0, 0, 0, 0, 0, 0], 'I': [0, 0, 0, 0, 0, 1, 0, 0, 0, 0]}}
624116	2024-07-13 19:21:01.457000+08:00	2024-07-13 19:21:01.457000+08:00	{'东门北侧': {'A': [1, 1, 1, 1, 1, 0, 1, 0, 1, 1], 'B': [1, 1, 1, 1, 1, 1, 1, 1, 1, 1], 'C': [1, 1, 1, 0, 1, 0, 1, 0, 1, 0], 'D': [1, 0, 1, 1, 1, 0, 0, 1, 0, 0], 'E': [1, 1, 1, 1, 1, 0, 1, 1, 1, 1], 'F': [1, 1, 1, 1, 1, 1, 1, 1, 1, 1], 'G': [1, 1, 1, 1, 1, 1, 1, 1, 1, 0], 'H': [1, 1, 1, 1, 1, 0, 1, 1, 1, 1], 'I': [1, 0, 1, 1, 1, 1, 0, 1, 0, 1], 'J': [0, 1, 0, 1, 0, 0, 1, 1, 1, 0], 'K': [1, 1, 0, 1, 1, 1, 1, 1, 0, 0]}, '东门南侧': {'A': [0, 1, 1, 1, 0, 0, 0, 0, 0, 0], 'B': [0, 0, 0, 0, 0, 0, 0, 0, 0, 0]}, '西门北侧': {'A': [1, 1, 1, 1, 1, 1, 1, 1, 0, 0], 'B': [1, 1, 1, 1, 1, 1, 1, 0, 1, 0], 'C': [1, 1, 1, 1, 0, 1, 1, 0, 0, 0]}, '西门南侧': {'A': [0, 1, 1, 1, 1, 1, 1, 1, 1, 1], 'B': [1, 1, 1, 1, 1, 1, 1, 1, 1, 1], 'C': [1, 1, 1, 1, 0, 0, 1, 1, 1, 1]}, '南门西侧': {'A': [1, 1, 1, 1, 1, 1, 1, 1, 1, 1], 'B': [0, 0, 1, 0, 0, 0, 0, 0, 0, 0]}, '南门东侧': {'A': [1, 1, 0, 1, 1, 1, 1, 1, 1, 1], 'B': [1, 1, 1, 1, 1, 1, 1, 1, 1, 1]}, '北门东北侧': {'A': [1, 1, 1, 1, 1, 1, 1, 1, 1, 1], 'B': [1, 0, 0, 1, 1, 0, 0, 1, 0, 1], 'C': [0, 0, 0, 1, 1, 0, 0, 1, 1, 0], 'D': [0, 0, 1, 0, 0, 0, 0, 0, 0, 1]}, '北门东南侧': {'A': [0, 1, 1, 0, 1, 0, 1, 0, 0, 1], 'B': [0, 1, 0, 0, 0, 0, 0, 0, 1, 1], 'C': [1, 1, 1, 0, 0, 1, 1, 0, 0, 0], 'D': [0, 0, 0, 1, 0, 0, 0, 0, 0, 0], 'E': [0, 0, 0, 0, 0, 0, 0, 0, 0, 0], 'F': [1, 0, 1, 1, 1, 1, 1, 0, 1, 1]}, '橘园北侧南': {'A': [0, 1, 0, 0, 0, 1, 0, 1, 1, 1], 'B': [0, 1, 1, 1, 0, 0, 0, 1, 1, 1], 'C': [1, 0, 1, 1, 0, 1, 1, 0, 0, 0], 'D': [1, 1, 1, 1, 1, 0, 0, 1, 1, 0], 'E': [0, 1, 1, 0, 1, 1, 0, 0, 1, 0], 'F': [0, 0, 0, 0, 0, 0, 0, 0, 1, 0], 'G': [1, 0, 1, 0, 0, 0, 0, 1, 0, 1], 'H': [0, 1, 0, 1, 0, 0, 1, 0, 0, 0], 'I': [0, 0, 0, 0, 0, 0, 0, 0, 0, 0], 'J': [0, 0, 0, 0, 0, 0, 1, 0, 1, 1]}, '校医院西': {'A': [0, 1, 0, 0, 1, 0, 1, 1, 1, 0], 'B': [1, 1, 1, 1, 0, 1, 0, 1, 0, 1], 'C': [0, 1, 0, 1, 1, 0, 1, 1, 0, 1], 'D': [1, 1, 1, 0, 1, 0, 1, 1, 1, 1], 'E': [1, 1, 0, 1, 1, 1, 1, 1, 1, 1], 'F': [1, 0, 1, 1, 1, 1, 1, 1, 1, 1], 'G': [0, 0, 0, 1, 1, 1, 1, 1, 0, 0], 'H': [0, 0, 0, 0, 0, 0, 0, 0, 0, 0], 'I': [0, 0, 0, 0, 0, 1, 0, 0, 0, 0]}}
624117	2024-07-13 19:21:58.472000+08:00	2024-07-13 19:21:58.472000+08:00	{'东门北侧': {'A': [1, 1, 1, 1, 1, 0, 1, 0, 1, 1], 'B': [1, 1, 1, 1, 1, 1, 1, 1, 1, 1], 'C': [1, 1, 1, 0, 1, 0, 1, 0, 1, 0], 'D': [1, 0, 1, 1, 1, 0, 0, 1, 0, 0], 'E': [1, 1, 1, 1, 1, 0, 1, 1, 1, 1], 'F': [1, 1, 1, 1, 1, 1, 1, 1, 1, 1], 'G': [1, 1, 1, 1, 1, 1, 1, 1, 1, 0], 'H': [1, 1, 1, 1, 1, 1, 1, 1, 1, 1], 'I': [1, 0, 1, 1, 1, 1, 0, 1, 0, 1], 'J': [0, 1, 0, 1, 0, 0, 1, 1, 1, 0], 'K': [1, 1, 1, 1, 1, 1, 1, 1, 0, 0]}, '东门南侧': {'A': [0, 1, 1, 1, 0, 0, 0, 0, 0, 0], 'B': [0, 0, 0, 0, 0, 0, 0, 0, 0, 0]}, '西门北侧': {'A': [1, 1, 1, 1, 1, 1, 1, 1, 0, 0], 'B': [1, 1, 1, 1, 1, 1, 1, 0, 1, 0], 'C': [1, 1, 1, 1, 0, 1, 1, 0, 0, 0]}, '西门南侧': {'A': [0, 1, 1, 1, 1, 1, 1, 1, 1, 1], 'B': [1, 1, 1, 1, 1, 1, 1, 1, 1, 1], 'C': [1, 1, 1, 1, 0, 0, 1, 1, 1, 1]}, '南门西侧': {'A': [1, 1, 1, 1, 1, 1, 1, 1, 1, 1], 'B': [0, 0, 1, 0, 0, 0, 0, 0, 0, 0]}, '南门东侧': {'A': [1, 1, 0, 1, 1, 1, 1, 1, 1, 1], 'B': [1, 1, 1, 1, 1, 1, 1, 1, 1, 1]}, '北门东北侧': {'A': [1, 1, 1, 1, 1, 1, 1, 1, 1, 1], 'B': [1, 0, 0, 1, 1, 0, 0, 1, 0, 1], 'C': [0, 0, 0, 1, 1, 0, 0, 1, 1, 0], 'D': [0, 0, 1, 0, 0, 0, 0, 0, 0, 1]}, '北门东南侧': {'A': [0, 1, 1, 0, 1, 0, 1, 0, 0, 1], 'B': [0, 1, 0, 0, 0, 0, 0, 0, 1, 1], 'C': [1, 1, 1, 0, 0, 1, 1, 0, 0, 0], 'D': [0, 0, 0, 1, 0, 0, 0, 0, 0, 0], 'E': [0, 0, 0, 0, 0, 0, 0, 0, 0, 0], 'F': [1, 0, 1, 1, 1, 1, 1, 0, 1, 1]}, '橘园北侧南': {'A': [0, 1, 0, 0, 0, 1, 0, 1, 1, 1], 'B': [0, 1, 1, 1, 0, 0, 0, 1, 1, 1], 'C': [1, 0, 1, 1, 0, 1, 1, 0, 0, 0], 'D': [1, 1, 1, 1, 1, 0, 0, 1, 1, 0], 'E': [0, 1, 1, 0, 1, 1, 0, 0, 1, 0], 'F': [0, 0, 0, 0, 0, 0, 0, 0, 1, 0], 'G': [1, 0, 1, 0, 0, 0, 0, 1, 0, 1], 'H': [0, 1, 0, 1, 0, 0, 1, 0, 0, 0], 'I': [0, 0, 0, 0, 0, 0, 0, 0, 0, 0], 'J': [0, 0, 0, 0, 0, 0, 1, 0, 1, 1]}, '校医院西': {'A': [0, 1, 0, 0, 1, 0, 1, 1, 1, 0], 'B': [1, 1, 1, 1, 0, 1, 0, 1, 0, 1], 'C': [0, 1, 0, 1, 1, 0, 1, 1, 0, 1], 'D': [1, 1, 1, 0, 1, 0, 1, 1, 1, 1], 'E': [1, 1, 0, 1, 1, 1, 1, 1, 1, 1], 'F': [1, 0, 1, 1, 1, 1, 1, 1, 1, 1], 'G': [0, 0, 0, 1, 1, 1, 1, 1, 0, 0], 'H': [0, 0, 0, 0, 0, 0, 0, 0, 0, 0], 'I': [0, 0, 0, 0, 0, 1, 0, 0, 0, 0]}}
624118	2024-07-13 19:23:01.420000+08:00	2024-07-13 19:23:01.420000+08:00	{'东门北侧': {'A': [1, 1, 1, 1, 1, 0, 1, 0, 1, 1], 'B': [1, 1, 1, 1, 1, 1, 1, 1, 1, 1], 'C': [1, 1, 1, 0, 1, 0, 1, 0, 1, 0], 'D': [1, 0, 1, 1, 1, 0, 0, 1, 0, 0], 'E': [1, 1, 1, 1, 1, 0, 1, 1, 1, 1], 'F': [1, 1, 1, 1, 1, 1, 1, 1, 1, 1], 'G': [1, 1, 1, 1, 1, 1, 1, 1, 1, 0], 'H': [1, 1, 1, 1, 1, 1, 0, 1, 1, 1], 'I': [1, 0, 1, 1, 1, 1, 0, 1, 0, 1], 'J': [0, 1, 0, 1, 0, 0, 1, 1, 1, 0], 'K': [1, 1, 1, 1, 1, 1, 1, 1, 0, 0]}, '东门南侧': {'A': [0, 1, 1, 1, 0, 0, 0, 0, 0, 0], 'B': [0, 0, 0, 0, 0, 0, 0, 0, 0, 0]}, '西门北侧': {'A': [1, 1, 1, 1, 1, 1, 1, 1, 0, 0], 'B': [1, 1, 1, 1, 1, 1, 1, 0, 1, 0], 'C': [1, 1, 1, 1, 0, 1, 1, 0, 0, 0]}, '西门南侧': {'A': [0, 1, 1, 1, 1, 1, 1, 1, 1, 1], 'B': [1, 1, 1, 1, 1, 1, 1, 1, 1, 1], 'C': [1, 1, 1, 1, 0, 0, 1, 1, 1, 1]}, '南门西侧': {'A': [1, 1, 1, 1, 1, 1, 1, 1, 1, 1], 'B': [0, 0, 1, 0, 0, 0, 0, 0, 0, 0]}, '南门东侧': {'A': [1, 1, 0, 1, 1, 1, 1, 1, 1, 1], 'B': [1, 1, 1, 1, 1, 1, 1, 1, 1, 1]}, '北门东北侧': {'A': [1, 1, 1, 1, 1, 1, 1, 1, 1, 1], 'B': [1, 0, 0, 1, 1, 0, 0, 1, 0, 1], 'C': [0, 0, 0, 1, 1, 0, 0, 1, 1, 0], 'D': [0, 0, 1, 0, 0, 0, 0, 0, 0, 1]}, '北门东南侧': {'A': [1, 1, 1, 0, 1, 0, 1, 0, 0, 1], 'B': [0, 1, 0, 0, 0, 0, 0, 0, 1, 1], 'C': [1, 1, 1, 0, 0, 1, 1, 0, 0, 0], 'D': [0, 0, 0, 0, 0, 0, 0, 0, 0, 0], 'E': [0, 0, 0, 0, 0, 0, 0, 0, 0, 0], 'F': [1, 0, 1, 1, 1, 1, 1, 0, 1, 1]}, '橘园北侧南': {'A': [0, 1, 0, 0, 0, 1, 0, 1, 1, 1], 'B': [0, 1, 1, 1, 0, 0, 0, 1, 1, 1], 'C': [1, 0, 1, 1, 0, 1, 1, 0, 0, 0], 'D': [1, 1, 1, 1, 1, 0, 0, 1, 1, 0], 'E': [0, 1, 1, 0, 1, 1, 0, 0, 1, 0], 'F': [0, 1, 0, 0, 0, 0, 0, 0, 1, 0], 'G': [1, 0, 1, 0, 0, 0, 0, 1, 0, 1], 'H': [0, 1, 0, 1, 0, 0, 1, 0, 0, 0], 'I': [0, 0, 0, 0, 0, 0, 0, 0, 0, 0], 'J': [0, 0, 0, 0, 0, 0, 1, 0, 1, 1]}, '校医院西': {'A': [0, 1, 0, 0, 1, 0, 1, 1, 1, 0], 'B': [1, 1, 1, 1, 0, 1, 0, 1, 0, 1], 'C': [0, 1, 0, 1, 1, 0, 1, 1, 0, 1], 'D': [1, 1, 1, 0, 1, 0, 1, 1, 1, 1], 'E': [1, 1, 0, 1, 1, 1, 1, 1, 1, 1], 'F': [1, 0, 1, 1, 1, 1, 1, 1, 1, 1], 'G': [0, 0, 0, 1, 1, 1, 1, 1, 0, 0], 'H': [0, 0, 0, 0, 0, 0, 0, 0, 0, 0], 'I': [0, 0, 0, 0, 0, 1, 0, 0, 0, 0]}}
624119	2024-07-13 19:23:58.682000+08:00	2024-07-13 19:23:58.682000+08:00	{'东门北侧': {'A': [1, 1, 1, 1, 1, 0, 1, 0, 1, 1], 'B': [1, 1, 1, 1, 1, 1, 1, 1, 1, 1], 'C': [1, 1, 1, 0, 1, 0, 1, 0, 1, 0], 'D': [1, 0, 1, 1, 1, 0, 0, 1, 0, 0], 'E': [1, 1, 1, 1, 1, 0, 1, 1, 1, 1], 'F': [1, 1, 1, 1, 1, 1, 1, 1, 1, 1], 'G': [1, 1, 1, 1, 1, 1, 1, 1, 0, 0], 'H': [1, 1, 1, 1, 1, 1, 0, 1, 1, 1], 'I': [1, 0, 1, 1, 1, 1, 0, 1, 0, 1], 'J': [0, 1, 0, 1, 0, 0, 1, 1, 1, 0], 'K': [1, 1, 1, 1, 1, 1, 1, 1, 0, 0]}, '东门南侧': {'A': [0, 1, 1, 1, 0, 0, 0, 0, 1, 0], 'B': [0, 0, 0, 0, 0, 0, 0, 0, 0, 0]}, '西门北侧': {'A': [1, 1, 1, 1, 1, 1, 1, 1, 0, 0], 'B': [1, 1, 1, 1, 1, 1, 1, 0, 1, 0], 'C': [1, 1, 1, 1, 0, 1, 1, 0, 0, 0]}, '西门南侧': {'A': [0, 1, 1, 1, 1, 1, 1, 1, 1, 1], 'B': [1, 1, 1, 1, 1, 1, 1, 1, 1, 1], 'C': [1, 1, 1, 1, 0, 0, 1, 1, 1, 1]}, '南门西侧': {'A': [1, 1, 1, 1, 1, 1, 1, 1, 1, 1], 'B': [0, 0, 1, 0, 0, 0, 0, 0, 0, 0]}, '南门东侧': {'A': [1, 1, 0, 1, 1, 1, 1, 1, 1, 1], 'B': [1, 1, 1, 1, 1, 1, 1, 1, 1, 1]}, '北门东北侧': {'A': [1, 1, 1, 1, 1, 1, 1, 1, 1, 1], 'B': [1, 0, 0, 1, 1, 0, 0, 1, 0, 1], 'C': [0, 0, 0, 1, 1, 0, 0, 1, 1, 0], 'D': [0, 0, 1, 0, 0, 0, 0, 0, 0, 1]}, '北门东南侧': {'A': [1, 1, 1, 0, 1, 0, 1, 0, 0, 1], 'B': [0, 1, 0, 0, 0, 0, 0, 0, 1, 1], 'C': [1, 1, 1, 0, 0, 1, 1, 0, 0, 0], 'D': [0, 0, 0, 0, 0, 0, 0, 0, 0, 0], 'E': [0, 0, 0, 0, 0, 0, 0, 0, 0, 0], 'F': [1, 0, 1, 1, 1, 1, 1, 0, 1, 1]}, '橘园北侧南': {'A': [0, 1, 0, 0, 0, 1, 0, 1, 1, 1], 'B': [0, 1, 1, 1, 0, 0, 0, 1, 1, 1], 'C': [1, 0, 1, 1, 0, 1, 1, 0, 0, 0], 'D': [1, 1, 1, 1, 1, 0, 0, 1, 1, 0], 'E': [0, 1, 1, 0, 1, 1, 0, 0, 1, 0], 'F': [0, 1, 0, 0, 0, 0, 0, 0, 1, 0], 'G': [1, 0, 1, 0, 0, 0, 0, 1, 0, 1], 'H': [0, 1, 0, 1, 0, 0, 1, 0, 0, 0], 'I': [0, 0, 0, 0, 0, 0, 0, 0, 0, 0], 'J': [0, 0, 0, 0, 0, 0, 1, 0, 1, 1]}, '校医院西': {'A': [0, 1, 0, 1, 1, 0, 1, 1, 1, 0], 'B': [1, 1, 1, 1, 0, 1, 0, 1, 0, 1], 'C': [0, 1, 0, 1, 1, 0, 1, 1, 0, 1], 'D': [1, 1, 1, 0, 1, 0, 1, 1, 1, 1], 'E': [1, 1, 0, 1, 1, 1, 1, 1, 1, 1], 'F': [1, 0, 1, 1, 1, 1, 1, 1, 1, 1], 'G': [0, 0, 0, 1, 1, 1, 1, 1, 0, 0], 'H': [0, 0, 0, 0, 0, 0, 0, 0, 0, 0], 'I': [0, 0, 0, 0, 0, 1, 0, 0, 0, 0]}}
624120	2024-07-13 19:25:01.306000+08:00	2024-07-13 19:25:01.306000+08:00	{'东门北侧': {'A': [1, 1, 1, 1, 1, 0, 1, 0, 1, 1], 'B': [1, 1, 1, 1, 1, 1, 1, 1, 1, 1], 'C': [1, 1, 1, 0, 1, 0, 1, 0, 1, 0], 'D': [1, 0, 1, 1, 1, 0, 0, 1, 0, 0], 'E': [1, 1, 1, 1, 1, 0, 1, 1, 1, 1], 'F': [1, 1, 1, 1, 1, 1, 1, 1, 1, 1], 'G': [1, 1, 1, 1, 1, 1, 1, 1, 0, 0], 'H': [1, 1, 1, 1, 1, 1, 0, 1, 1, 1], 'I': [1, 0, 1, 1, 1, 1, 0, 1, 0, 1], 'J': [0, 1, 0, 1, 0, 0, 1, 1, 1, 0], 'K': [1, 1, 1, 1, 1, 1, 1, 1, 0, 0]}, '东门南侧': {'A': [0, 1, 1, 1, 0, 0, 0, 0, 1, 0], 'B': [0, 0, 0, 0, 0, 0, 0, 0, 0, 0]}, '西门北侧': {'A': [1, 1, 1, 1, 1, 1, 1, 1, 0, 0], 'B': [1, 1, 1, 1, 1, 1, 1, 0, 1, 0], 'C': [1, 1, 1, 1, 0, 1, 1, 0, 0, 0]}, '西门南侧': {'A': [0, 1, 1, 1, 1, 1, 1, 1, 1, 1], 'B': [1, 1, 1, 1, 1, 1, 1, 1, 1, 1], 'C': [1, 1, 1, 1, 0, 0, 1, 1, 1, 1]}, '南门西侧': {'A': [1, 1, 1, 1, 1, 1, 1, 1, 1, 1], 'B': [0, 0, 1, 0, 0, 0, 0, 0, 0, 0]}, '南门东侧': {'A': [1, 0, 0, 1, 1, 1, 1, 1, 1, 1], 'B': [1, 1, 1, 1, 1, 1, 1, 1, 1, 1]}, '北门东北侧': {'A': [1, 1, 1, 1, 1, 1, 1, 1, 1, 1], 'B': [1, 0, 0, 1, 1, 0, 0, 1, 0, 1], 'C': [0, 0, 0, 1, 1, 0, 0, 1, 1, 0], 'D': [0, 0, 1, 0, 0, 0, 0, 0, 0, 1]}, '北门东南侧': {'A': [1, 1, 1, 0, 1, 0, 1, 0, 0, 1], 'B': [0, 1, 0, 0, 0, 0, 0, 0, 1, 1], 'C': [1, 1, 1, 0, 0, 1, 1, 0, 0, 0], 'D': [0, 0, 0, 0, 0, 0, 0, 0, 0, 0], 'E': [0, 0, 0, 0, 0, 0, 0, 0, 0, 0], 'F': [1, 0, 1, 1, 1, 1, 1, 0, 1, 1]}, '橘园北侧南': {'A': [0, 1, 0, 0, 0, 1, 0, 1, 1, 1], 'B': [0, 1, 1, 1, 0, 0, 0, 1, 1, 1], 'C': [1, 0, 1, 1, 0, 1, 1, 0, 0, 0], 'D': [1, 1, 1, 1, 1, 0, 0, 1, 1, 0], 'E': [0, 1, 1, 0, 1, 1, 0, 0, 1, 0], 'F': [0, 1, 0, 0, 0, 0, 0, 0, 1, 0], 'G': [1, 0, 1, 0, 0, 0, 0, 1, 0, 1], 'H': [0, 1, 0, 1, 0, 0, 1, 0, 0, 0], 'I': [0, 0, 0, 0, 0, 0, 0, 0, 0, 0], 'J': [0, 0, 0, 0, 0, 0, 1, 0, 1, 1]}, '校医院西': {'A': [0, 1, 0, 1, 1, 0, 1, 1, 1, 0], 'B': [1, 1, 1, 1, 0, 1, 0, 1, 0, 1], 'C': [0, 1, 0, 1, 1, 0, 1, 1, 0, 1], 'D': [1, 1, 1, 0, 1, 0, 1, 1, 1, 1], 'E': [1, 1, 0, 1, 1, 1, 1, 1, 1, 1], 'F': [1, 0, 1, 1, 1, 1, 1, 1, 1, 1], 'G': [0, 0, 0, 1, 1, 1, 1, 1, 0, 0], 'H': [0, 0, 0, 0, 0, 0, 0, 0, 0, 0], 'I': [0, 0, 0, 0, 0, 1, 0, 0, 0, 0]}}
624121	2024-07-13 19:26:01.331000+08:00	2024-07-13 19:26:01.331000+08:00	{'东门北侧': {'A': [1, 1, 1, 1, 1, 0, 1, 0, 1, 1], 'B': [1, 1, 1, 1, 1, 1, 1, 1, 1, 1], 'C': [1, 1, 1, 0, 1, 0, 1, 0, 1, 0], 'D': [1, 0, 1, 1, 1, 0, 0, 1, 0, 0], 'E': [1, 1, 1, 1, 1, 0, 1, 1, 1, 1], 'F': [1, 1, 1, 1, 1, 1, 1, 1, 1, 1], 'G': [1, 1, 1, 1, 1, 1, 1, 1, 0, 0], 'H': [1, 1, 1, 1, 1, 1, 0, 1, 1, 1], 'I': [1, 0, 1, 1, 1, 1, 0, 1, 0, 1], 'J': [0, 1, 0, 1, 0, 0, 1, 1, 1, 0], 'K': [1, 1, 1, 1, 1, 1, 1, 1, 0, 0]}, '东门南侧': {'A': [0, 1, 1, 1, 0, 0, 0, 0, 1, 0], 'B': [0, 0, 0, 0, 0, 0, 0, 0, 0, 0]}, '西门北侧': {'A': [1, 1, 1, 1, 1, 1, 1, 1, 0, 0], 'B': [1, 1, 1, 1, 1, 1, 1, 0, 1, 0], 'C': [1, 1, 1, 1, 0, 1, 1, 0, 0, 0]}, '西门南侧': {'A': [0, 1, 1, 1, 1, 1, 1, 1, 1, 1], 'B': [1, 1, 1, 1, 1, 1, 1, 1, 1, 1], 'C': [1, 1, 1, 1, 0, 0, 1, 1, 1, 1]}, '南门西侧': {'A': [1, 1, 1, 1, 1, 1, 1, 1, 1, 1], 'B': [0, 0, 1, 0, 0, 0, 0, 0, 0, 0]}, '南门东侧': {'A': [1, 0, 0, 1, 1, 1, 1, 1, 1, 1], 'B': [1, 1, 1, 1, 1, 1, 1, 1, 1, 1]}, '北门东北侧': {'A': [1, 1, 1, 1, 1, 1, 1, 1, 1, 1], 'B': [1, 0, 0, 1, 1, 0, 0, 1, 0, 0], 'C': [0, 0, 0, 1, 1, 0, 0, 1, 1, 0], 'D': [0, 0, 1, 0, 0, 0, 0, 0, 0, 1]}, '北门东南侧': {'A': [1, 1, 1, 0, 1, 0, 1, 0, 0, 1], 'B': [0, 1, 0, 0, 0, 0, 0, 0, 1, 1], 'C': [1, 1, 1, 0, 0, 1, 1, 0, 0, 0], 'D': [0, 0, 0, 0, 0, 0, 0, 0, 0, 0], 'E': [0, 0, 0, 0, 0, 0, 0, 0, 0, 0], 'F': [1, 0, 1, 1, 1, 1, 1, 0, 1, 1]}, '橘园北侧南': {'A': [0, 1, 0, 0, 0, 1, 0, 1, 1, 1], 'B': [0, 1, 1, 1, 0, 0, 0, 1, 1, 1], 'C': [1, 0, 1, 1, 0, 1, 1, 0, 0, 0], 'D': [1, 1, 1, 1, 1, 0, 0, 1, 1, 0], 'E': [0, 1, 1, 0, 1, 1, 0, 0, 1, 0], 'F': [0, 1, 0, 0, 0, 0, 0, 0, 1, 0], 'G': [1, 0, 1, 0, 0, 0, 0, 1, 0, 1], 'H': [0, 1, 0, 1, 0, 0, 1, 0, 0, 0], 'I': [0, 0, 0, 0, 0, 0, 0, 0, 0, 0], 'J': [0, 0, 0, 0, 0, 0, 1, 0, 1, 1]}, '校医院西': {'A': [0, 1, 0, 1, 1, 0, 1, 1, 1, 0], 'B': [1, 1, 1, 1, 0, 1, 0, 1, 0, 1], 'C': [0, 1, 0, 1, 1, 0, 1, 1, 0, 1], 'D': [1, 1, 1, 0, 1, 0, 1, 1, 1, 1], 'E': [1, 1, 0, 1, 1, 1, 1, 1, 1, 1], 'F': [1, 0, 1, 1, 1, 1, 1, 1, 1, 1], 'G': [0, 0, 0, 1, 1, 1, 1, 1, 0, 0], 'H': [0, 0, 0, 0, 0, 0, 0, 0, 0, 0], 'I': [0, 0, 0, 0, 0, 1, 0, 0, 0, 0]}}
624122	2024-07-13 19:26:59.608000+08:00	2024-07-13 19:26:59.608000+08:00	{'东门北侧': {'A': [1, 1, 1, 1, 1, 0, 1, 0, 1, 1], 'B': [1, 1, 1, 1, 1, 1, 1, 1, 1, 1], 'C': [1, 1, 1, 0, 1, 0, 1, 0, 1, 0], 'D': [1, 0, 1, 1, 1, 0, 0, 1, 0, 0], 'E': [1, 1, 1, 1, 1, 0, 1, 1, 1, 1], 'F': [1, 1, 1, 1, 1, 1, 1, 1, 1, 1], 'G': [1, 1, 1, 1, 1, 1, 1, 1, 0, 0], 'H': [1, 1, 1, 1, 1, 1, 0, 1, 1, 1], 'I': [1, 0, 1, 1, 1, 1, 0, 1, 0, 1], 'J': [0, 1, 0, 1, 0, 0, 1, 1, 1, 0], 'K': [1, 1, 1, 1, 1, 1, 1, 1, 0, 0]}, '东门南侧': {'A': [0, 1, 1, 1, 0, 0, 0, 0, 1, 0], 'B': [0, 0, 0, 0, 0, 0, 0, 0, 0, 0]}, '西门北侧': {'A': [1, 1, 1, 1, 1, 1, 1, 1, 0, 0], 'B': [1, 1, 1, 1, 1, 1, 1, 0, 1, 0], 'C': [1, 1, 1, 1, 0, 1, 1, 0, 0, 0]}, '西门南侧': {'A': [0, 1, 1, 1, 1, 1, 1, 1, 1, 1], 'B': [1, 1, 1, 1, 1, 1, 1, 1, 1, 1], 'C': [1, 1, 1, 1, 0, 0, 1, 1, 1, 1]}, '南门西侧': {'A': [1, 1, 1, 1, 1, 1, 1, 1, 1, 1], 'B': [0, 0, 1, 0, 0, 0, 0, 0, 0, 0]}, '南门东侧': {'A': [1, 0, 0, 1, 1, 1, 1, 1, 1, 1], 'B': [1, 1, 1, 1, 1, 1, 1, 1, 1, 1]}, '北门东北侧': {'A': [1, 1, 1, 1, 1, 1, 1, 1, 1, 1], 'B': [1, 0, 0, 1, 1, 0, 0, 1, 0, 0], 'C': [0, 0, 0, 1, 1, 0, 0, 1, 1, 0], 'D': [0, 0, 1, 0, 0, 0, 0, 0, 0, 1]}, '北门东南侧': {'A': [1, 1, 1, 0, 1, 0, 1, 0, 0, 1], 'B': [0, 1, 0, 0, 0, 0, 0, 0, 1, 1], 'C': [1, 1, 1, 0, 0, 1, 1, 0, 0, 0], 'D': [0, 0, 0, 0, 0, 0, 0, 0, 0, 0], 'E': [0, 0, 0, 0, 0, 0, 0, 0, 0, 0], 'F': [1, 0, 1, 1, 1, 1, 1, 0, 1, 1]}, '橘园北侧南': {'A': [0, 1, 0, 0, 0, 1, 0, 1, 1, 1], 'B': [0, 1, 1, 1, 0, 0, 0, 1, 1, 1], 'C': [1, 0, 1, 1, 0, 1, 1, 0, 0, 0], 'D': [1, 1, 1, 1, 1, 0, 0, 1, 1, 0], 'E': [0, 1, 1, 0, 1, 1, 0, 0, 1, 0], 'F': [0, 1, 0, 0, 0, 0, 0, 0, 1, 0], 'G': [1, 0, 1, 0, 0, 0, 0, 1, 0, 1], 'H': [0, 1, 0, 1, 0, 0, 1, 0, 0, 0], 'I': [0, 0, 0, 0, 0, 0, 0, 0, 0, 0], 'J': [0, 0, 0, 0, 0, 0, 1, 0, 1, 1]}, '校医院西': {'A': [0, 1, 0, 1, 1, 0, 1, 1, 1, 0], 'B': [1, 1, 1, 1, 0, 1, 0, 1, 0, 1], 'C': [0, 1, 0, 1, 1, 0, 1, 1, 0, 1], 'D': [1, 1, 1, 0, 1, 0, 1, 1, 1, 1], 'E': [1, 1, 0, 1, 1, 1, 1, 1, 1, 1], 'F': [1, 0, 1, 1, 1, 1, 1, 1, 1, 1], 'G': [0, 0, 0, 1, 1, 1, 1, 1, 0, 0], 'H': [0, 0, 0, 0, 0, 0, 0, 0, 0, 0], 'I': [0, 0, 0, 0, 0, 1, 0, 0, 0, 0]}}
624123	2024-07-13 19:27:59.617000+08:00	2024-07-13 19:27:59.617000+08:00	{'东门北侧': {'A': [1, 1, 1, 1, 1, 0, 1, 0, 1, 1], 'B': [1, 1, 1, 1, 1, 1, 1, 1, 1, 1], 'C': [1, 1, 1, 0, 1, 0, 1, 0, 1, 0], 'D': [1, 0, 1, 1, 1, 0, 0, 1, 0, 0], 'E': [1, 1, 1, 1, 1, 0, 1, 1, 1, 1], 'F': [1, 1, 1, 1, 1, 1, 1, 1, 1, 1], 'G': [1, 1, 1, 1, 1, 1, 1, 1, 0, 0], 'H': [1, 1, 1, 1, 1, 1, 0, 1, 1, 1], 'I': [1, 0, 1, 1, 1, 1, 0, 1, 0, 1], 'J': [0, 1, 0, 1, 0, 0, 1, 1, 1, 0], 'K': [1, 1, 1, 1, 1, 1, 1, 1, 0, 0]}, '东门南侧': {'A': [0, 1, 1, 1, 0, 0, 0, 0, 1, 0], 'B': [0, 0, 0, 0, 0, 0, 0, 0, 0, 0]}, '西门北侧': {'A': [1, 1, 1, 1, 1, 1, 1, 1, 0, 0], 'B': [1, 1, 1, 1, 1, 1, 1, 0, 1, 0], 'C': [1, 1, 1, 1, 0, 1, 1, 0, 0, 0]}, '西门南侧': {'A': [0, 1, 1, 1, 1, 1, 1, 1, 1, 1], 'B': [1, 1, 1, 1, 1, 1, 1, 1, 1, 1], 'C': [1, 1, 1, 1, 0, 0, 1, 1, 1, 1]}, '南门西侧': {'A': [1, 1, 1, 1, 1, 1, 1, 1, 1, 1], 'B': [0, 0, 1, 0, 0, 0, 0, 0, 0, 0]}, '南门东侧': {'A': [1, 0, 0, 1, 1, 1, 1, 1, 1, 1], 'B': [1, 1, 1, 1, 1, 1, 1, 1, 1, 1]}, '北门东北侧': {'A': [1, 1, 1, 1, 1, 1, 1, 1, 1, 1], 'B': [1, 0, 0, 1, 1, 0, 0, 1, 0, 0], 'C': [0, 0, 0, 1, 1, 0, 0, 1, 1, 0], 'D': [0, 0, 1, 0, 0, 0, 0, 0, 0, 1]}, '北门东南侧': {'A': [1, 1, 1, 0, 1, 0, 1, 0, 0, 1], 'B': [0, 1, 0, 0, 0, 0, 0, 0, 1, 1], 'C': [1, 1, 1, 0, 0, 1, 1, 0, 0, 0], 'D': [0, 0, 0, 0, 0, 0, 0, 0, 0, 0], 'E': [0, 0, 0, 0, 0, 0, 0, 0, 0, 0], 'F': [1, 0, 1, 1, 1, 1, 1, 0, 1, 1]}, '橘园北侧南': {'A': [0, 1, 0, 0, 0, 1, 0, 1, 1, 1], 'B': [0, 1, 1, 1, 0, 0, 0, 1, 1, 1], 'C': [1, 0, 1, 1, 0, 1, 1, 0, 0, 0], 'D': [1, 1, 1, 1, 1, 0, 0, 1, 1, 0], 'E': [0, 1, 1, 0, 1, 1, 0, 0, 1, 0], 'F': [0, 1, 0, 0, 0, 0, 0, 0, 1, 0], 'G': [1, 0, 1, 0, 0, 0, 0, 1, 0, 1], 'H': [0, 1, 0, 1, 0, 0, 1, 0, 0, 0], 'I': [0, 0, 0, 0, 0, 0, 0, 0, 0, 0], 'J': [0, 0, 0, 0, 0, 0, 1, 0, 1, 1]}, '校医院西': {'A': [0, 1, 0, 1, 1, 0, 1, 1, 1, 0], 'B': [1, 1, 1, 1, 0, 1, 0, 1, 0, 1], 'C': [0, 1, 0, 1, 1, 0, 1, 1, 0, 1], 'D': [1, 1, 1, 0, 1, 0, 1, 1, 1, 1], 'E': [1, 1, 0, 1, 1, 1, 1, 1, 1, 1], 'F': [1, 0, 1, 1, 1, 1, 1, 1, 1, 1], 'G': [0, 0, 0, 1, 1, 1, 1, 1, 0, 0], 'H': [0, 0, 0, 0, 0, 0, 0, 0, 0, 0], 'I': [0, 0, 0, 0, 0, 1, 0, 0, 0, 0]}}
624124	2024-07-13 19:29:00.637000+08:00	2024-07-13 19:29:00.637000+08:00	{'东门北侧': {'A': [1, 1, 1, 1, 1, 0, 1, 0, 1, 1], 'B': [1, 1, 1, 1, 1, 1, 1, 1, 1, 1], 'C': [1, 1, 1, 0, 1, 0, 1, 0, 1, 0], 'D': [1, 0, 1, 1, 1, 0, 0, 1, 0, 0], 'E': [1, 1, 1, 1, 1, 0, 1, 1, 1, 1], 'F': [1, 1, 1, 1, 1, 1, 1, 1, 1, 1], 'G': [1, 1, 1, 1, 1, 1, 1, 1, 0, 0], 'H': [1, 1, 1, 1, 1, 1, 0, 1, 1, 1], 'I': [1, 0, 1, 1, 1, 1, 0, 1, 0, 1], 'J': [0, 1, 0, 1, 0, 0, 1, 1, 1, 0], 'K': [1, 1, 1, 1, 1, 1, 1, 1, 0, 0]}, '东门南侧': {'A': [0, 1, 1, 1, 0, 0, 0, 0, 1, 0], 'B': [0, 0, 0, 0, 0, 0, 0, 0, 0, 0]}, '西门北侧': {'A': [1, 1, 1, 1, 1, 1, 1, 1, 0, 0], 'B': [1, 1, 1, 1, 1, 1, 1, 0, 1, 0], 'C': [1, 1, 1, 1, 0, 1, 1, 0, 0, 0]}, '西门南侧': {'A': [0, 1, 1, 1, 1, 1, 1, 1, 1, 1], 'B': [1, 1, 1, 1, 1, 1, 1, 1, 1, 1], 'C': [1, 1, 1, 1, 0, 0, 1, 1, 1, 1]}, '南门西侧': {'A': [1, 1, 1, 1, 1, 1, 1, 1, 1, 1], 'B': [0, 0, 1, 0, 0, 0, 0, 0, 0, 0]}, '南门东侧': {'A': [1, 0, 0, 1, 1, 1, 1, 1, 1, 1], 'B': [1, 1, 1, 1, 1, 1, 1, 1, 1, 1]}, '北门东北侧': {'A': [1, 1, 1, 1, 1, 1, 1, 1, 1, 1], 'B': [1, 0, 0, 1, 1, 0, 0, 1, 0, 0], 'C': [0, 0, 0, 1, 1, 0, 0, 1, 1, 0], 'D': [0, 0, 1, 0, 0, 0, 0, 0, 0, 0]}, '北门东南侧': {'A': [1, 1, 1, 0, 1, 0, 1, 0, 0, 1], 'B': [0, 1, 0, 0, 0, 0, 0, 0, 1, 1], 'C': [1, 1, 1, 0, 0, 1, 1, 0, 0, 0], 'D': [0, 0, 0, 0, 0, 0, 0, 0, 0, 0], 'E': [0, 0, 0, 0, 0, 0, 0, 0, 0, 0], 'F': [1, 0, 1, 1, 1, 1, 1, 0, 1, 1]}, '橘园北侧南': {'A': [0, 1, 0, 0, 0, 1, 0, 1, 1, 1], 'B': [0, 1, 1, 1, 0, 0, 0, 1, 1, 1], 'C': [1, 0, 1, 1, 0, 1, 1, 0, 0, 0], 'D': [1, 1, 1, 1, 1, 0, 0, 1, 1, 0], 'E': [0, 1, 1, 0, 1, 1, 0, 0, 1, 0], 'F': [0, 1, 0, 0, 0, 0, 0, 0, 1, 0], 'G': [1, 0, 1, 0, 0, 0, 0, 1, 0, 1], 'H': [0, 1, 0, 1, 0, 0, 1, 0, 0, 0], 'I': [0, 0, 0, 0, 0, 0, 0, 0, 0, 0], 'J': [0, 0, 0, 0, 0, 0, 1, 0, 1, 1]}, '校医院西': {'A': [0, 1, 0, 1, 1, 0, 1, 1, 1, 0], 'B': [1, 1, 1, 1, 0, 1, 0, 1, 0, 1], 'C': [0, 1, 0, 1, 1, 0, 1, 1, 0, 1], 'D': [1, 1, 1, 0, 1, 0, 1, 1, 1, 1], 'E': [1, 1, 0, 1, 1, 1, 1, 1, 1, 1], 'F': [1, 0, 1, 1, 1, 1, 1, 1, 1, 1], 'G': [0, 0, 0, 0, 1, 1, 1, 1, 0, 0], 'H': [0, 0, 0, 0, 0, 0, 0, 0, 0, 0], 'I': [0, 0, 0, 0, 0, 1, 0, 0, 0, 0]}}
624125	2024-07-13 19:30:01.411000+08:00	2024-07-13 19:30:01.411000+08:00	{'东门北侧': {'A': [1, 1, 1, 1, 1, 0, 1, 0, 1, 1], 'B': [1, 1, 1, 1, 1, 1, 1, 1, 1, 1], 'C': [1, 1, 1, 0, 1, 0, 1, 0, 1, 0], 'D': [1, 0, 1, 1, 1, 0, 0, 1, 0, 0], 'E': [1, 1, 1, 1, 1, 0, 1, 1, 1, 1], 'F': [1, 1, 1, 1, 1, 1, 1, 1, 1, 1], 'G': [1, 1, 1, 1, 1, 1, 1, 1, 0, 0], 'H': [1, 1, 1, 1, 1, 1, 0, 1, 1, 1], 'I': [1, 0, 1, 1, 1, 1, 0, 1, 0, 1], 'J': [0, 1, 0, 1, 0, 0, 1, 1, 1, 0], 'K': [1, 1, 1, 1, 1, 1, 1, 1, 0, 0]}, '东门南侧': {'A': [0, 1, 1, 1, 0, 0, 0, 0, 1, 0], 'B': [0, 0, 0, 0, 0, 0, 0, 0, 0, 0]}, '西门北侧': {'A': [1, 1, 1, 1, 1, 1, 1, 1, 0, 0], 'B': [1, 1, 1, 1, 1, 1, 1, 0, 1, 0], 'C': [1, 1, 1, 1, 0, 1, 1, 0, 0, 0]}, '西门南侧': {'A': [0, 1, 1, 1, 1, 1, 1, 1, 1, 1], 'B': [1, 1, 1, 1, 1, 1, 1, 1, 1, 1], 'C': [1, 1, 1, 1, 0, 0, 1, 1, 1, 1]}, '南门西侧': {'A': [1, 1, 1, 1, 1, 1, 1, 1, 1, 1], 'B': [0, 0, 1, 0, 0, 0, 0, 0, 0, 0]}, '南门东侧': {'A': [1, 0, 0, 1, 1, 1, 1, 1, 1, 1], 'B': [1, 1, 1, 1, 1, 1, 1, 1, 1, 1]}, '北门东北侧': {'A': [1, 1, 1, 1, 1, 1, 1, 1, 1, 1], 'B': [1, 0, 0, 1, 1, 0, 0, 1, 0, 0], 'C': [0, 0, 0, 1, 1, 0, 0, 1, 1, 0], 'D': [0, 0, 1, 0, 0, 0, 0, 0, 0, 0]}, '北门东南侧': {'A': [1, 1, 1, 0, 1, 0, 1, 0, 0, 1], 'B': [0, 1, 0, 0, 0, 0, 0, 0, 1, 1], 'C': [1, 1, 1, 0, 0, 1, 1, 0, 0, 0], 'D': [0, 0, 0, 0, 0, 0, 0, 0, 1, 0], 'E': [0, 0, 0, 0, 0, 0, 0, 0, 0, 0], 'F': [1, 0, 1, 1, 1, 1, 1, 0, 1, 1]}, '橘园北侧南': {'A': [0, 1, 0, 0, 0, 1, 0, 1, 1, 1], 'B': [0, 1, 1, 1, 0, 0, 1, 1, 1, 1], 'C': [1, 0, 1, 1, 0, 1, 1, 0, 0, 0], 'D': [1, 1, 1, 1, 1, 0, 0, 1, 1, 0], 'E': [0, 1, 1, 0, 1, 1, 0, 0, 1, 0], 'F': [0, 0, 0, 0, 0, 0, 0, 0, 1, 0], 'G': [1, 0, 1, 0, 0, 0, 0, 1, 0, 1], 'H': [0, 1, 0, 1, 0, 0, 1, 0, 0, 0], 'I': [0, 0, 0, 0, 0, 0, 0, 0, 0, 0], 'J': [0, 0, 0, 0, 0, 0, 1, 0, 1, 1]}, '校医院西': {'A': [0, 1, 0, 1, 1, 0, 1, 1, 1, 0], 'B': [1, 1, 1, 1, 0, 1, 0, 1, 0, 1], 'C': [0, 1, 0, 1, 1, 0, 1, 1, 0, 1], 'D': [1, 1, 1, 0, 1, 0, 1, 1, 1, 1], 'E': [1, 1, 0, 1, 1, 1, 1, 1, 1, 1], 'F': [1, 0, 1, 1, 1, 1, 1, 1, 1, 1], 'G': [0, 0, 0, 0, 1, 1, 1, 1, 0, 0], 'H': [0, 0, 0, 0, 0, 0, 0, 0, 0, 0], 'I': [0, 0, 0, 0, 0, 1, 0, 0, 0, 0]}}
624126	2024-07-13 19:31:00.729000+08:00	2024-07-13 19:31:00.729000+08:00	{'东门北侧': {'A': [1, 1, 1, 1, 1, 0, 1, 0, 1, 1], 'B': [1, 1, 1, 1, 1, 1, 1, 1, 1, 1], 'C': [1, 1, 1, 0, 1, 0, 1, 0, 1, 0], 'D': [1, 0, 1, 1, 1, 0, 0, 1, 0, 0], 'E': [1, 1, 1, 1, 1, 0, 1, 1, 1, 1], 'F': [1, 1, 1, 1, 1, 1, 1, 1, 1, 1], 'G': [1, 1, 1, 1, 1, 1, 1, 1, 0, 0], 'H': [1, 1, 1, 1, 1, 1, 0, 1, 1, 1], 'I': [1, 0, 1, 1, 1, 1, 0, 1, 0, 1], 'J': [0, 1, 0, 1, 0, 0, 1, 1, 1, 0], 'K': [1, 1, 1, 1, 1, 1, 1, 1, 0, 0]}, '东门南侧': {'A': [0, 1, 1, 1, 0, 0, 0, 0, 1, 0], 'B': [0, 0, 0, 0, 0, 0, 0, 0, 0, 0]}, '西门北侧': {'A': [1, 1, 1, 1, 1, 1, 1, 1, 0, 0], 'B': [1, 1, 1, 1, 1, 1, 1, 0, 1, 0], 'C': [1, 1, 1, 1, 0, 1, 1, 0, 0, 0]}, '西门南侧': {'A': [0, 1, 1, 1, 1, 1, 1, 1, 1, 1], 'B': [1, 1, 1, 1, 1, 1, 1, 1, 1, 1], 'C': [1, 1, 1, 1, 0, 0, 1, 1, 1, 1]}, '南门西侧': {'A': [1, 1, 1, 1, 1, 1, 1, 1, 1, 1], 'B': [0, 0, 1, 0, 0, 0, 0, 0, 0, 0]}, '南门东侧': {'A': [1, 0, 0, 1, 1, 1, 1, 1, 1, 1], 'B': [1, 1, 1, 1, 1, 1, 1, 1, 1, 1]}, '北门东北侧': {'A': [1, 1, 1, 1, 1, 1, 1, 1, 1, 1], 'B': [1, 0, 0, 1, 1, 0, 0, 1, 0, 0], 'C': [0, 0, 0, 1, 1, 0, 0, 1, 1, 0], 'D': [0, 0, 1, 0, 0, 0, 0, 0, 0, 0]}, '北门东南侧': {'A': [1, 1, 1, 0, 1, 0, 1, 0, 0, 1], 'B': [0, 1, 0, 0, 0, 0, 0, 0, 1, 1], 'C': [1, 1, 1, 0, 0, 1, 1, 0, 0, 0], 'D': [0, 0, 0, 0, 0, 0, 0, 0, 1, 0], 'E': [0, 0, 0, 0, 0, 0, 0, 0, 0, 0], 'F': [1, 0, 1, 1, 1, 1, 1, 0, 1, 1]}, '橘园北侧南': {'A': [0, 1, 0, 0, 0, 1, 0, 1, 1, 1], 'B': [0, 1, 1, 1, 0, 0, 1, 1, 1, 1], 'C': [1, 0, 1, 1, 0, 1, 1, 0, 0, 0], 'D': [1, 1, 1, 1, 1, 0, 0, 1, 1, 0], 'E': [0, 1, 1, 0, 1, 1, 0, 0, 1, 0], 'F': [0, 0, 0, 0, 0, 0, 0, 0, 1, 0], 'G': [1, 0, 1, 0, 0, 0, 0, 1, 0, 1], 'H': [0, 1, 0, 1, 0, 0, 1, 0, 0, 0], 'I': [0, 0, 0, 0, 0, 0, 0, 0, 0, 0], 'J': [0, 0, 0, 0, 0, 0, 1, 0, 1, 1]}, '校医院西': {'A': [0, 1, 0, 1, 1, 0, 1, 1, 1, 0], 'B': [1, 1, 1, 1, 0, 1, 0, 1, 0, 1], 'C': [0, 1, 0, 1, 1, 0, 1, 1, 0, 1], 'D': [1, 1, 1, 0, 1, 0, 1, 1, 1, 1], 'E': [1, 1, 0, 1, 1, 1, 1, 1, 1, 1], 'F': [1, 0, 1, 1, 1, 1, 1, 1, 1, 1], 'G': [0, 0, 0, 0, 1, 1, 1, 1, 0, 0], 'H': [0, 0, 0, 0, 0, 0, 0, 0, 0, 0], 'I': [0, 0, 0, 0, 0, 1, 0, 0, 0, 0]}}
624127	2024-07-13 19:31:58.437000+08:00	2024-07-13 19:31:58.437000+08:00	{'东门北侧': {'A': [1, 1, 1, 1, 1, 0, 1, 0, 1, 1], 'B': [1, 1, 1, 1, 1, 1, 1, 1, 1, 1], 'C': [1, 1, 1, 0, 1, 0, 1, 0, 1, 0], 'D': [1, 0, 1, 1, 1, 0, 0, 1, 0, 0], 'E': [1, 1, 1, 1, 1, 0, 1, 1, 1, 1], 'F': [1, 1, 1, 1, 1, 1, 1, 1, 1, 1], 'G': [1, 1, 1, 1, 1, 1, 1, 1, 0, 0], 'H': [1, 1, 1, 1, 1, 1, 0, 1, 1, 1], 'I': [1, 0, 1, 1, 1, 1, 0, 1, 0, 1], 'J': [0, 1, 0, 1, 0, 0, 1, 1, 1, 0], 'K': [1, 1, 1, 1, 1, 1, 1, 1, 0, 0]}, '东门南侧': {'A': [0, 1, 1, 1, 0, 0, 0, 0, 1, 0], 'B': [0, 0, 0, 0, 0, 0, 0, 0, 0, 0]}, '西门北侧': {'A': [1, 1, 1, 1, 1, 1, 1, 1, 0, 0], 'B': [1, 1, 1, 1, 1, 1, 1, 0, 1, 0], 'C': [1, 1, 1, 1, 0, 1, 1, 0, 0, 0]}, '西门南侧': {'A': [0, 1, 1, 1, 1, 1, 1, 1, 1, 1], 'B': [1, 1, 1, 1, 1, 1, 1, 1, 1, 1], 'C': [1, 1, 1, 1, 0, 0, 1, 1, 1, 1]}, '南门西侧': {'A': [1, 1, 1, 1, 1, 1, 1, 1, 1, 1], 'B': [0, 0, 1, 0, 0, 0, 0, 0, 0, 0]}, '南门东侧': {'A': [1, 0, 0, 1, 1, 1, 1, 1, 1, 1], 'B': [1, 1, 1, 1, 1, 1, 1, 1, 1, 1]}, '北门东北侧': {'A': [1, 1, 1, 1, 1, 1, 1, 1, 1, 1], 'B': [1, 0, 0, 1, 1, 0, 0, 1, 0, 0], 'C': [0, 0, 0, 1, 1, 0, 0, 1, 1, 0], 'D': [0, 0, 1, 0, 0, 0, 0, 0, 0, 0]}, '北门东南侧': {'A': [1, 1, 1, 0, 1, 0, 1, 0, 0, 1], 'B': [0, 1, 0, 0, 0, 0, 0, 0, 1, 1], 'C': [1, 1, 1, 0, 0, 1, 1, 0, 0, 0], 'D': [0, 0, 0, 0, 0, 0, 0, 0, 1, 0], 'E': [0, 0, 0, 0, 0, 0, 0, 0, 0, 0], 'F': [1, 0, 1, 1, 1, 1, 1, 0, 1, 1]}, '橘园北侧南': {'A': [0, 1, 0, 0, 0, 1, 0, 1, 1, 1], 'B': [0, 1, 1, 1, 0, 0, 1, 1, 1, 1], 'C': [1, 0, 1, 1, 0, 1, 1, 0, 0, 0], 'D': [1, 1, 1, 1, 1, 0, 0, 1, 1, 0], 'E': [0, 1, 1, 0, 1, 1, 0, 0, 1, 0], 'F': [0, 0, 0, 0, 0, 0, 0, 0, 1, 0], 'G': [1, 0, 1, 0, 0, 0, 0, 1, 0, 1], 'H': [0, 1, 0, 1, 0, 0, 1, 0, 0, 0], 'I': [0, 0, 0, 0, 0, 0, 0, 0, 0, 0], 'J': [0, 0, 0, 0, 0, 0, 1, 0, 1, 1]}, '校医院西': {'A': [0, 1, 0, 1, 1, 0, 1, 1, 1, 0], 'B': [1, 1, 1, 1, 0, 1, 0, 1, 0, 1], 'C': [0, 1, 0, 1, 1, 0, 1, 1, 0, 1], 'D': [1, 1, 1, 0, 1, 0, 1, 1, 1, 1], 'E': [1, 1, 0, 1, 1, 1, 1, 1, 1, 1], 'F': [1, 0, 1, 1, 1, 1, 1, 1, 1, 1], 'G': [0, 0, 0, 0, 1, 1, 1, 1, 0, 0], 'H': [0, 0, 0, 0, 0, 0, 0, 0, 0, 0], 'I': [0, 0, 0, 0, 0, 1, 0, 0, 0, 0]}}
624128	2024-07-13 19:32:58.482000+08:00	2024-07-13 19:32:58.482000+08:00	{'东门北侧': {'A': [1, 1, 1, 1, 1, 0, 1, 0, 1, 1], 'B': [1, 1, 1, 1, 1, 1, 1, 1, 1, 1], 'C': [1, 1, 1, 0, 1, 0, 1, 0, 1, 0], 'D': [1, 0, 1, 1, 1, 0, 0, 1, 0, 0], 'E': [1, 1, 1, 1, 1, 0, 1, 1, 1, 1], 'F': [1, 1, 1, 1, 1, 1, 1, 1, 1, 1], 'G': [1, 1, 1, 1, 1, 1, 1, 1, 0, 0], 'H': [1, 1, 1, 1, 1, 1, 0, 1, 1, 1], 'I': [1, 0, 1, 1, 1, 1, 0, 1, 0, 1], 'J': [0, 1, 0, 1, 0, 0, 1, 1, 1, 0], 'K': [1, 1, 1, 1, 1, 1, 1, 1, 0, 0]}, '东门南侧': {'A': [0, 1, 1, 1, 0, 0, 0, 0, 1, 0], 'B': [0, 0, 0, 0, 0, 0, 0, 0, 0, 0]}, '西门北侧': {'A': [1, 1, 1, 1, 1, 1, 1, 1, 0, 0], 'B': [1, 1, 1, 1, 1, 1, 1, 0, 1, 0], 'C': [1, 1, 1, 1, 0, 1, 1, 0, 0, 0]}, '西门南侧': {'A': [0, 1, 1, 1, 1, 1, 1, 1, 1, 1], 'B': [1, 1, 1, 1, 1, 1, 1, 1, 1, 1], 'C': [1, 1, 1, 1, 0, 0, 1, 1, 1, 1]}, '南门西侧': {'A': [1, 1, 1, 1, 1, 1, 1, 1, 1, 1], 'B': [0, 0, 1, 0, 0, 0, 0, 0, 0, 0]}, '南门东侧': {'A': [1, 0, 0, 1, 1, 1, 1, 1, 1, 1], 'B': [1, 1, 1, 1, 1, 1, 1, 1, 1, 1]}, '北门东北侧': {'A': [1, 1, 1, 1, 1, 1, 1, 1, 1, 1], 'B': [1, 0, 0, 1, 1, 0, 0, 1, 0, 0], 'C': [0, 0, 0, 1, 1, 0, 0, 1, 1, 0], 'D': [0, 0, 1, 0, 0, 0, 0, 0, 0, 0]}, '北门东南侧': {'A': [1, 1, 1, 0, 1, 0, 1, 0, 0, 1], 'B': [0, 1, 0, 0, 0, 0, 0, 0, 1, 1], 'C': [1, 1, 1, 0, 0, 1, 1, 0, 0, 0], 'D': [0, 0, 0, 0, 0, 0, 0, 0, 1, 0], 'E': [0, 0, 0, 0, 0, 0, 0, 0, 0, 0], 'F': [1, 0, 1, 1, 1, 1, 1, 0, 1, 1]}, '橘园北侧南': {'A': [0, 1, 0, 0, 0, 1, 0, 1, 1, 1], 'B': [0, 1, 1, 1, 0, 0, 1, 1, 1, 1], 'C': [1, 0, 1, 1, 0, 1, 1, 0, 0, 0], 'D': [1, 1, 1, 1, 1, 0, 0, 1, 1, 0], 'E': [0, 1, 1, 0, 1, 1, 0, 0, 1, 0], 'F': [0, 0, 0, 0, 0, 0, 0, 0, 1, 0], 'G': [1, 0, 1, 0, 0, 0, 0, 1, 0, 1], 'H': [0, 1, 0, 1, 0, 0, 1, 0, 0, 0], 'I': [0, 0, 0, 0, 0, 0, 0, 0, 0, 0], 'J': [0, 0, 0, 0, 0, 0, 1, 0, 1, 1]}, '校医院西': {'A': [0, 1, 0, 1, 1, 0, 1, 1, 1, 0], 'B': [1, 1, 1, 1, 0, 1, 0, 1, 0, 1], 'C': [0, 1, 0, 1, 1, 0, 1, 1, 0, 1], 'D': [1, 1, 1, 0, 1, 0, 1, 1, 1, 1], 'E': [1, 1, 0, 1, 1, 1, 1, 1, 1, 1], 'F': [1, 0, 1, 1, 1, 1, 1, 1, 1, 1], 'G': [0, 0, 0, 0, 1, 1, 1, 1, 0, 0], 'H': [0, 0, 0, 0, 0, 0, 0, 0, 0, 0], 'I': [0, 0, 0, 0, 0, 1, 0, 0, 0, 0]}}
624129	2024-07-13 19:34:00.456000+08:00	2024-07-13 19:34:00.456000+08:00	{'东门北侧': {'A': [1, 1, 1, 1, 1, 0, 1, 0, 1, 1], 'B': [1, 1, 1, 1, 1, 1, 1, 1, 1, 1], 'C': [1, 1, 1, 0, 1, 0, 1, 0, 1, 0], 'D': [1, 0, 1, 1, 1, 0, 0, 1, 0, 0], 'E': [1, 1, 1, 1, 1, 0, 1, 1, 1, 1], 'F': [1, 1, 1, 1, 1, 1, 1, 1, 1, 1], 'G': [1, 1, 1, 1, 1, 1, 1, 1, 0, 0], 'H': [1, 1, 1, 1, 1, 1, 0, 1, 1, 1], 'I': [1, 0, 1, 1, 1, 1, 0, 1, 0, 1], 'J': [0, 1, 0, 1, 0, 0, 1, 1, 1, 0], 'K': [1, 1, 1, 1, 1, 1, 1, 1, 0, 0]}, '东门南侧': {'A': [0, 1, 1, 1, 0, 0, 0, 0, 1, 0], 'B': [0, 0, 0, 0, 0, 0, 0, 0, 0, 0]}, '西门北侧': {'A': [1, 1, 1, 1, 1, 1, 1, 1, 0, 0], 'B': [1, 1, 1, 1, 1, 1, 1, 0, 1, 0], 'C': [1, 1, 1, 1, 0, 1, 1, 0, 0, 0]}, '西门南侧': {'A': [0, 1, 1, 1, 1, 1, 1, 1, 1, 1], 'B': [1, 1, 1, 1, 1, 1, 1, 1, 1, 1], 'C': [1, 1, 1, 1, 0, 0, 1, 1, 1, 1]}, '南门西侧': {'A': [1, 1, 1, 1, 1, 1, 1, 1, 1, 1], 'B': [0, 0, 1, 0, 0, 0, 0, 0, 0, 0]}, '南门东侧': {'A': [1, 0, 0, 1, 1, 1, 1, 1, 1, 1], 'B': [1, 1, 1, 1, 1, 1, 1, 1, 1, 1]}, '北门东北侧': {'A': [1, 1, 1, 1, 1, 1, 1, 1, 1, 1], 'B': [1, 0, 0, 1, 1, 0, 0, 1, 0, 0], 'C': [0, 0, 0, 1, 1, 0, 0, 1, 1, 0], 'D': [0, 0, 1, 0, 0, 0, 0, 0, 0, 0]}, '北门东南侧': {'A': [1, 1, 1, 0, 1, 0, 1, 0, 0, 1], 'B': [0, 1, 0, 0, 0, 0, 0, 0, 1, 1], 'C': [1, 1, 1, 0, 0, 1, 1, 0, 0, 0], 'D': [0, 0, 0, 0, 0, 0, 0, 0, 1, 0], 'E': [0, 0, 0, 0, 0, 0, 0, 0, 0, 0], 'F': [1, 0, 1, 1, 1, 1, 1, 0, 1, 1]}, '橘园北侧南': {'A': [0, 1, 0, 0, 0, 1, 0, 1, 1, 1], 'B': [0, 1, 1, 1, 0, 0, 1, 1, 1, 1], 'C': [1, 0, 1, 1, 0, 1, 1, 0, 0, 0], 'D': [1, 1, 1, 1, 1, 0, 0, 1, 1, 0], 'E': [0, 1, 1, 0, 1, 1, 0, 0, 1, 0], 'F': [0, 0, 0, 0, 0, 0, 0, 0, 1, 0], 'G': [1, 0, 1, 0, 0, 0, 0, 1, 0, 1], 'H': [0, 1, 0, 1, 0, 0, 1, 0, 0, 0], 'I': [0, 0, 0, 0, 0, 0, 0, 0, 0, 0], 'J': [0, 0, 0, 0, 0, 0, 1, 0, 1, 1]}, '校医院西': {'A': [0, 1, 0, 1, 1, 0, 1, 1, 1, 0], 'B': [1, 1, 1, 1, 0, 1, 0, 1, 0, 1], 'C': [0, 1, 0, 1, 1, 0, 1, 1, 0, 1], 'D': [1, 1, 1, 0, 1, 0, 1, 1, 1, 1], 'E': [1, 1, 0, 1, 1, 1, 1, 1, 1, 1], 'F': [1, 0, 1, 1, 1, 1, 1, 1, 1, 1], 'G': [0, 0, 0, 0, 1, 1, 1, 1, 0, 0], 'H': [0, 1, 0, 0, 0, 0, 0, 0, 0, 0], 'I': [0, 0, 0, 0, 0, 1, 0, 0, 0, 0]}}
624130	2024-07-13 19:35:01.411000+08:00	2024-07-13 19:35:01.411000+08:00	{'东门北侧': {'A': [1, 1, 1, 1, 1, 0, 1, 0, 1, 1], 'B': [1, 1, 1, 1, 1, 1, 1, 1, 1, 1], 'C': [1, 1, 1, 0, 1, 0, 1, 0, 1, 0], 'D': [1, 0, 1, 1, 1, 0, 0, 1, 0, 0], 'E': [1, 1, 1, 1, 1, 0, 1, 1, 1, 1], 'F': [1, 1, 1, 1, 1, 1, 1, 1, 1, 1], 'G': [1, 1, 1, 1, 1, 1, 1, 1, 0, 0], 'H': [1, 1, 1, 1, 1, 1, 0, 1, 1, 1], 'I': [1, 0, 1, 1, 1, 1, 0, 1, 0, 1], 'J': [0, 1, 0, 1, 0, 0, 1, 1, 1, 0], 'K': [1, 1, 1, 1, 1, 1, 1, 1, 0, 0]}, '东门南侧': {'A': [0, 1, 1, 1, 0, 0, 0, 0, 1, 0], 'B': [0, 0, 0, 0, 0, 0, 0, 0, 0, 0]}, '西门北侧': {'A': [1, 1, 1, 1, 1, 1, 1, 1, 0, 0], 'B': [1, 1, 1, 1, 1, 1, 1, 0, 1, 0], 'C': [1, 1, 1, 1, 0, 1, 1, 0, 0, 0]}, '西门南侧': {'A': [0, 1, 1, 1, 1, 1, 1, 1, 1, 1], 'B': [1, 1, 1, 1, 1, 1, 1, 1, 1, 1], 'C': [1, 1, 1, 1, 0, 0, 1, 1, 1, 1]}, '南门西侧': {'A': [1, 1, 1, 1, 1, 1, 1, 1, 1, 1], 'B': [0, 0, 1, 0, 0, 0, 0, 0, 0, 0]}, '南门东侧': {'A': [1, 0, 0, 1, 1, 1, 1, 1, 1, 1], 'B': [1, 1, 1, 1, 1, 1, 1, 1, 1, 1]}, '北门东北侧': {'A': [1, 1, 1, 1, 1, 1, 1, 1, 1, 1], 'B': [1, 0, 0, 1, 1, 0, 0, 1, 0, 0], 'C': [0, 0, 0, 1, 1, 0, 0, 1, 1, 0], 'D': [0, 0, 1, 0, 0, 0, 0, 0, 0, 0]}, '北门东南侧': {'A': [1, 1, 1, 0, 1, 0, 1, 0, 0, 1], 'B': [0, 1, 0, 0, 0, 0, 0, 0, 1, 1], 'C': [1, 1, 1, 0, 0, 1, 1, 0, 0, 0], 'D': [0, 0, 0, 0, 0, 0, 0, 0, 1, 0], 'E': [0, 0, 0, 1, 0, 0, 0, 0, 0, 0], 'F': [1, 0, 1, 1, 1, 1, 1, 0, 1, 1]}, '橘园北侧南': {'A': [0, 1, 0, 0, 0, 1, 0, 1, 1, 1], 'B': [0, 1, 1, 1, 0, 0, 1, 1, 1, 1], 'C': [1, 0, 1, 1, 0, 1, 1, 0, 0, 0], 'D': [1, 1, 1, 1, 1, 0, 0, 1, 1, 0], 'E': [0, 1, 1, 0, 1, 1, 0, 0, 1, 0], 'F': [0, 0, 0, 0, 0, 0, 0, 0, 1, 0], 'G': [1, 0, 1, 0, 0, 0, 0, 1, 0, 1], 'H': [0, 1, 0, 1, 0, 0, 1, 0, 0, 0], 'I': [0, 0, 0, 0, 0, 0, 0, 0, 0, 0], 'J': [0, 0, 0, 0, 0, 0, 1, 0, 1, 1]}, '校医院西': {'A': [0, 1, 0, 1, 1, 0, 1, 1, 1, 0], 'B': [1, 1, 1, 1, 0, 1, 0, 1, 0, 1], 'C': [0, 1, 0, 1, 1, 0, 1, 1, 0, 1], 'D': [1, 1, 1, 0, 1, 0, 1, 1, 1, 1], 'E': [1, 1, 0, 1, 1, 1, 1, 1, 1, 1], 'F': [1, 0, 1, 1, 1, 1, 1, 1, 1, 1], 'G': [0, 0, 0, 0, 1, 1, 1, 1, 1, 0], 'H': [0, 1, 0, 0, 0, 0, 0, 0, 0, 0], 'I': [0, 0, 0, 0, 0, 1, 0, 0, 0, 0]}}
624131	2024-07-13 19:35:59.616000+08:00	2024-07-13 19:35:59.616000+08:00	{'东门北侧': {'A': [1, 1, 1, 1, 1, 0, 1, 0, 1, 1], 'B': [1, 1, 1, 1, 1, 1, 1, 1, 1, 1], 'C': [1, 1, 1, 0, 1, 0, 1, 0, 1, 0], 'D': [1, 0, 1, 1, 1, 0, 0, 1, 0, 0], 'E': [1, 1, 1, 1, 1, 0, 1, 1, 1, 1], 'F': [1, 1, 1, 1, 1, 1, 1, 1, 1, 1], 'G': [1, 1, 1, 1, 1, 1, 1, 1, 0, 0], 'H': [1, 1, 1, 1, 1, 1, 0, 1, 1, 1], 'I': [1, 0, 1, 1, 1, 1, 0, 1, 0, 1], 'J': [0, 1, 0, 1, 0, 0, 1, 1, 1, 0], 'K': [1, 1, 1, 1, 1, 1, 1, 1, 0, 0]}, '东门南侧': {'A': [0, 1, 1, 1, 0, 0, 0, 0, 1, 0], 'B': [0, 0, 0, 0, 0, 0, 0, 0, 0, 0]}, '西门北侧': {'A': [1, 1, 1, 1, 1, 1, 1, 1, 0, 0], 'B': [1, 1, 1, 1, 1, 1, 1, 0, 1, 0], 'C': [1, 1, 1, 1, 0, 1, 1, 0, 0, 0]}, '西门南侧': {'A': [0, 1, 1, 1, 1, 1, 1, 1, 1, 1], 'B': [1, 1, 1, 1, 1, 1, 1, 1, 1, 1], 'C': [1, 1, 1, 1, 0, 0, 1, 1, 1, 1]}, '南门西侧': {'A': [1, 1, 1, 1, 1, 1, 1, 1, 1, 1], 'B': [0, 0, 1, 0, 0, 0, 0, 0, 0, 0]}, '南门东侧': {'A': [1, 0, 0, 1, 1, 1, 1, 1, 1, 1], 'B': [1, 1, 1, 1, 1, 1, 1, 1, 1, 1]}, '北门东北侧': {'A': [1, 1, 1, 1, 1, 1, 1, 1, 1, 1], 'B': [1, 0, 0, 1, 1, 0, 0, 1, 0, 0], 'C': [0, 0, 0, 1, 1, 0, 0, 1, 1, 0], 'D': [0, 0, 1, 0, 0, 0, 0, 0, 0, 0]}, '北门东南侧': {'A': [1, 1, 1, 0, 1, 0, 1, 0, 0, 1], 'B': [0, 1, 0, 0, 0, 0, 0, 0, 1, 1], 'C': [1, 1, 1, 0, 0, 1, 1, 0, 0, 0], 'D': [0, 0, 0, 0, 0, 0, 0, 0, 1, 0], 'E': [0, 0, 0, 1, 0, 0, 0, 0, 0, 0], 'F': [1, 0, 1, 1, 1, 1, 1, 0, 1, 1]}, '橘园北侧南': {'A': [0, 1, 0, 0, 0, 1, 0, 1, 1, 1], 'B': [0, 1, 1, 1, 0, 0, 1, 1, 1, 1], 'C': [1, 0, 1, 1, 0, 1, 1, 0, 0, 0], 'D': [1, 1, 1, 1, 1, 0, 0, 1, 1, 0], 'E': [0, 1, 1, 0, 1, 1, 0, 0, 1, 0], 'F': [0, 0, 0, 0, 0, 0, 0, 0, 1, 0], 'G': [1, 0, 1, 0, 0, 0, 0, 1, 0, 1], 'H': [0, 1, 0, 1, 0, 0, 1, 0, 0, 0], 'I': [0, 0, 0, 0, 0, 0, 0, 0, 0, 0], 'J': [0, 0, 0, 0, 0, 0, 1, 0, 1, 1]}, '校医院西': {'A': [0, 1, 0, 1, 1, 0, 1, 1, 1, 0], 'B': [1, 1, 1, 1, 0, 1, 0, 1, 0, 1], 'C': [0, 1, 0, 1, 1, 0, 1, 1, 0, 1], 'D': [1, 1, 1, 0, 1, 0, 1, 1, 1, 1], 'E': [1, 1, 0, 1, 1, 1, 1, 1, 1, 1], 'F': [1, 0, 1, 1, 1, 1, 1, 1, 1, 1], 'G': [0, 0, 0, 0, 1, 1, 1, 1, 1, 0], 'H': [0, 1, 0, 0, 0, 0, 0, 0, 0, 0], 'I': [0, 0, 0, 0, 0, 1, 0, 0, 0, 0]}}
624132	2024-07-13 19:36:59.173000+08:00	2024-07-13 19:36:59.173000+08:00	{'东门北侧': {'A': [1, 1, 1, 1, 1, 0, 1, 0, 1, 1], 'B': [1, 1, 1, 1, 1, 1, 1, 1, 1, 1], 'C': [1, 1, 1, 0, 1, 0, 1, 0, 1, 0], 'D': [1, 0, 1, 1, 1, 0, 0, 1, 0, 0], 'E': [1, 1, 1, 1, 1, 0, 1, 1, 1, 1], 'F': [1, 1, 1, 1, 1, 1, 1, 1, 1, 1], 'G': [1, 1, 1, 1, 1, 1, 1, 1, 0, 0], 'H': [1, 1, 1, 1, 1, 1, 0, 1, 1, 1], 'I': [1, 0, 1, 1, 1, 1, 0, 1, 0, 1], 'J': [0, 1, 0, 1, 0, 0, 1, 1, 1, 0], 'K': [1, 1, 1, 1, 1, 1, 1, 1, 0, 0]}, '东门南侧': {'A': [0, 1, 1, 1, 0, 0, 0, 0, 1, 0], 'B': [0, 0, 0, 0, 0, 0, 0, 0, 0, 0]}, '西门北侧': {'A': [1, 1, 1, 1, 1, 1, 1, 1, 0, 0], 'B': [1, 1, 1, 1, 1, 1, 1, 0, 1, 0], 'C': [1, 1, 1, 1, 0, 1, 1, 0, 0, 0]}, '西门南侧': {'A': [0, 1, 1, 1, 1, 1, 1, 1, 1, 1], 'B': [1, 1, 1, 1, 1, 1, 1, 1, 1, 1], 'C': [1, 1, 1, 1, 0, 0, 1, 1, 1, 1]}, '南门西侧': {'A': [1, 1, 1, 1, 1, 1, 1, 1, 1, 1], 'B': [0, 0, 1, 0, 0, 0, 0, 0, 0, 0]}, '南门东侧': {'A': [1, 0, 0, 1, 1, 1, 1, 1, 1, 1], 'B': [1, 1, 1, 1, 1, 1, 1, 1, 1, 1]}, '北门东北侧': {'A': [1, 1, 1, 1, 1, 1, 1, 1, 1, 1], 'B': [1, 0, 0, 1, 1, 0, 0, 1, 0, 0], 'C': [0, 0, 0, 1, 1, 0, 0, 1, 1, 0], 'D': [0, 0, 1, 0, 0, 0, 0, 0, 0, 0]}, '北门东南侧': {'A': [1, 1, 1, 0, 1, 0, 1, 0, 0, 1], 'B': [0, 1, 0, 0, 0, 0, 0, 0, 1, 1], 'C': [1, 1, 1, 0, 0, 1, 1, 0, 0, 0], 'D': [0, 0, 0, 0, 0, 0, 0, 0, 1, 0], 'E': [0, 0, 0, 1, 0, 0, 0, 0, 0, 0], 'F': [1, 0, 1, 1, 1, 1, 1, 0, 1, 1]}, '橘园北侧南': {'A': [0, 1, 0, 0, 0, 1, 0, 1, 1, 1], 'B': [0, 1, 1, 1, 0, 0, 1, 1, 1, 1], 'C': [1, 0, 1, 1, 0, 1, 1, 0, 0, 0], 'D': [1, 1, 1, 1, 1, 0, 0, 1, 1, 0], 'E': [0, 1, 1, 0, 1, 1, 0, 0, 1, 0], 'F': [0, 0, 0, 0, 0, 0, 0, 0, 1, 0], 'G': [1, 0, 1, 0, 0, 0, 0, 1, 0, 1], 'H': [0, 1, 0, 1, 0, 0, 1, 0, 0, 0], 'I': [0, 0, 0, 0, 0, 0, 0, 0, 0, 0], 'J': [0, 0, 0, 0, 0, 0, 1, 0, 1, 1]}, '校医院西': {'A': [0, 1, 0, 1, 1, 0, 1, 1, 1, 0], 'B': [1, 1, 1, 1, 0, 1, 0, 1, 0, 1], 'C': [0, 1, 0, 1, 1, 0, 1, 1, 0, 1], 'D': [1, 1, 1, 0, 1, 0, 1, 1, 1, 1], 'E': [1, 1, 0, 1, 1, 1, 1, 1, 1, 1], 'F': [1, 0, 1, 1, 1, 1, 1, 1, 1, 1], 'G': [0, 0, 0, 0, 1, 1, 1, 1, 1, 0], 'H': [0, 1, 0, 0, 0, 0, 0, 0, 0, 0], 'I': [0, 0, 0, 0, 0, 1, 0, 0, 0, 0]}}
624133	2024-07-13 19:37:59.653000+08:00	2024-07-13 19:37:59.653000+08:00	{'东门北侧': {'A': [1, 1, 1, 1, 1, 0, 1, 0, 1, 1], 'B': [1, 1, 1, 1, 1, 1, 1, 1, 1, 1], 'C': [1, 1, 1, 0, 1, 0, 1, 0, 1, 0], 'D': [1, 0, 1, 1, 1, 0, 0, 1, 0, 0], 'E': [1, 1, 1, 1, 1, 0, 1, 1, 1, 1], 'F': [1, 1, 1, 1, 1, 1, 1, 1, 1, 1], 'G': [1, 1, 1, 1, 1, 1, 1, 1, 0, 0], 'H': [1, 1, 1, 1, 1, 1, 0, 1, 1, 1], 'I': [1, 0, 1, 1, 1, 1, 0, 1, 0, 1], 'J': [0, 1, 0, 1, 0, 0, 1, 1, 1, 0], 'K': [1, 1, 1, 0, 1, 1, 1, 1, 0, 0]}, '东门南侧': {'A': [0, 1, 1, 1, 0, 0, 0, 0, 1, 0], 'B': [0, 0, 0, 0, 0, 0, 0, 0, 0, 0]}, '西门北侧': {'A': [1, 1, 1, 1, 1, 1, 1, 1, 0, 0], 'B': [1, 1, 1, 1, 1, 1, 1, 0, 1, 0], 'C': [1, 1, 1, 1, 0, 1, 1, 0, 0, 0]}, '西门南侧': {'A': [0, 1, 1, 1, 1, 1, 1, 1, 1, 1], 'B': [1, 1, 1, 1, 1, 1, 1, 1, 1, 1], 'C': [1, 1, 1, 1, 0, 0, 1, 1, 1, 1]}, '南门西侧': {'A': [1, 1, 1, 1, 1, 1, 1, 1, 1, 1], 'B': [0, 0, 1, 0, 0, 0, 0, 0, 0, 0]}, '南门东侧': {'A': [1, 0, 0, 1, 1, 1, 1, 1, 1, 1], 'B': [1, 1, 1, 1, 1, 1, 1, 1, 1, 1]}, '北门东北侧': {'A': [1, 1, 1, 1, 1, 1, 1, 1, 1, 1], 'B': [1, 0, 0, 1, 1, 0, 0, 1, 0, 0], 'C': [0, 0, 0, 1, 1, 0, 0, 1, 1, 0], 'D': [0, 0, 1, 0, 0, 0, 0, 0, 0, 0]}, '北门东南侧': {'A': [1, 1, 1, 0, 1, 0, 1, 0, 0, 1], 'B': [0, 1, 0, 0, 0, 0, 0, 0, 1, 1], 'C': [1, 1, 1, 0, 0, 1, 1, 0, 0, 0], 'D': [0, 0, 0, 0, 0, 0, 0, 0, 1, 0], 'E': [0, 0, 0, 1, 0, 0, 0, 0, 0, 0], 'F': [1, 0, 1, 1, 1, 1, 1, 0, 1, 1]}, '橘园北侧南': {'A': [0, 1, 0, 0, 0, 1, 0, 1, 1, 1], 'B': [0, 1, 1, 1, 0, 0, 1, 1, 1, 1], 'C': [1, 0, 1, 1, 0, 1, 1, 0, 0, 0], 'D': [1, 1, 1, 1, 1, 0, 0, 1, 1, 0], 'E': [0, 1, 1, 0, 1, 1, 0, 0, 1, 0], 'F': [0, 0, 0, 0, 0, 0, 0, 0, 1, 0], 'G': [1, 0, 1, 0, 0, 0, 0, 1, 0, 1], 'H': [0, 1, 0, 1, 0, 0, 1, 0, 0, 0], 'I': [0, 0, 0, 0, 0, 0, 0, 0, 0, 0], 'J': [0, 0, 0, 0, 0, 0, 1, 0, 1, 1]}, '校医院西': {'A': [0, 1, 0, 1, 1, 0, 1, 1, 1, 0], 'B': [1, 1, 1, 1, 0, 1, 0, 1, 0, 1], 'C': [0, 1, 0, 1, 1, 0, 1, 1, 0, 1], 'D': [1, 1, 1, 0, 1, 0, 1, 1, 1, 1], 'E': [1, 1, 0, 1, 1, 1, 1, 1, 1, 1], 'F': [1, 0, 1, 1, 1, 1, 1, 1, 1, 1], 'G': [0, 0, 0, 0, 1, 1, 1, 1, 1, 0], 'H': [0, 1, 0, 0, 0, 0, 0, 0, 0, 0], 'I': [0, 0, 0, 0, 0, 1, 0, 0, 0, 0]}}
624134	2024-07-13 19:39:01.433000+08:00	2024-07-13 19:39:01.433000+08:00	{'东门北侧': {'A': [1, 1, 1, 1, 1, 0, 1, 0, 1, 1], 'B': [1, 1, 1, 1, 1, 1, 1, 1, 1, 1], 'C': [1, 1, 1, 0, 1, 0, 1, 0, 1, 0], 'D': [1, 0, 1, 1, 1, 0, 0, 1, 0, 0], 'E': [1, 1, 1, 1, 1, 0, 1, 1, 1, 1], 'F': [1, 1, 1, 1, 1, 1, 1, 1, 1, 1], 'G': [1, 1, 1, 1, 1, 1, 1, 1, 0, 0], 'H': [1, 1, 1, 1, 1, 1, 0, 1, 1, 1], 'I': [1, 0, 1, 1, 1, 1, 0, 1, 0, 1], 'J': [0, 1, 0, 1, 0, 0, 1, 1, 1, 0], 'K': [1, 1, 1, 0, 1, 1, 1, 1, 0, 0]}, '东门南侧': {'A': [0, 1, 1, 1, 0, 0, 0, 0, 1, 0], 'B': [0, 0, 0, 0, 0, 0, 0, 0, 0, 0]}, '西门北侧': {'A': [1, 1, 1, 1, 1, 1, 1, 1, 0, 0], 'B': [1, 1, 1, 1, 1, 1, 1, 0, 1, 0], 'C': [1, 1, 1, 1, 0, 1, 1, 0, 0, 0]}, '西门南侧': {'A': [0, 1, 1, 1, 1, 1, 1, 1, 1, 1], 'B': [1, 1, 1, 1, 1, 1, 1, 1, 1, 1], 'C': [1, 1, 1, 1, 0, 0, 1, 1, 1, 1]}, '南门西侧': {'A': [1, 1, 1, 1, 1, 1, 1, 1, 1, 1], 'B': [0, 0, 1, 0, 0, 0, 0, 0, 0, 0]}, '南门东侧': {'A': [1, 0, 0, 1, 1, 1, 1, 1, 1, 1], 'B': [1, 1, 1, 1, 1, 1, 1, 1, 1, 1]}, '北门东北侧': {'A': [1, 1, 1, 1, 1, 1, 1, 1, 1, 1], 'B': [1, 0, 0, 1, 1, 0, 0, 1, 0, 0], 'C': [0, 0, 0, 1, 1, 0, 0, 1, 1, 0], 'D': [0, 0, 1, 0, 0, 0, 0, 0, 0, 0]}, '北门东南侧': {'A': [1, 1, 1, 0, 1, 0, 1, 0, 0, 1], 'B': [0, 1, 0, 0, 0, 0, 0, 0, 1, 1], 'C': [1, 1, 1, 0, 0, 1, 1, 0, 0, 0], 'D': [0, 0, 0, 0, 0, 0, 0, 0, 1, 0], 'E': [0, 0, 0, 1, 0, 0, 0, 0, 0, 0], 'F': [1, 0, 1, 1, 1, 1, 1, 0, 1, 1]}, '橘园北侧南': {'A': [0, 1, 0, 0, 0, 1, 0, 1, 1, 1], 'B': [0, 1, 1, 1, 0, 0, 1, 1, 1, 1], 'C': [1, 0, 1, 1, 0, 1, 1, 0, 0, 0], 'D': [1, 1, 1, 1, 1, 0, 0, 1, 1, 0], 'E': [0, 1, 1, 0, 1, 1, 0, 0, 1, 0], 'F': [0, 0, 0, 0, 0, 0, 0, 0, 1, 0], 'G': [1, 0, 1, 0, 0, 0, 0, 1, 0, 1], 'H': [0, 1, 0, 1, 0, 0, 1, 0, 0, 0], 'I': [0, 0, 0, 0, 0, 0, 0, 0, 0, 0], 'J': [0, 0, 0, 0, 0, 0, 1, 0, 1, 1]}, '校医院西': {'A': [0, 1, 0, 1, 1, 0, 1, 1, 1, 0], 'B': [1, 1, 1, 1, 0, 1, 0, 1, 0, 1], 'C': [0, 1, 0, 1, 1, 0, 1, 1, 0, 1], 'D': [1, 1, 1, 0, 1, 0, 1, 1, 1, 1], 'E': [1, 1, 0, 1, 1, 1, 1, 1, 1, 1], 'F': [1, 0, 1, 1, 1, 1, 1, 1, 1, 1], 'G': [0, 0, 0, 0, 1, 1, 1, 1, 1, 0], 'H': [0, 1, 0, 0, 0, 0, 0, 0, 0, 0], 'I': [0, 0, 0, 0, 0, 1, 0, 0, 0, 0]}}
624135	2024-07-13 19:39:58.950000+08:00	2024-07-13 19:39:58.950000+08:00	{'东门北侧': {'A': [1, 1, 1, 1, 1, 0, 1, 0, 1, 1], 'B': [1, 1, 1, 1, 1, 1, 1, 1, 1, 1], 'C': [1, 1, 1, 0, 1, 0, 1, 0, 1, 0], 'D': [1, 0, 1, 1, 1, 0, 0, 1, 0, 0], 'E': [1, 1, 1, 1, 1, 0, 1, 1, 1, 1], 'F': [1, 1, 1, 1, 1, 1, 1, 1, 1, 1], 'G': [1, 1, 1, 1, 1, 1, 1, 1, 0, 0], 'H': [1, 1, 1, 1, 1, 1, 0, 1, 1, 1], 'I': [1, 0, 1, 1, 1, 1, 0, 1, 0, 1], 'J': [0, 1, 0, 1, 0, 0, 1, 1, 1, 0], 'K': [1, 1, 1, 0, 1, 1, 1, 1, 0, 0]}, '东门南侧': {'A': [0, 1, 1, 1, 0, 0, 0, 0, 1, 0], 'B': [0, 0, 0, 0, 0, 0, 0, 0, 0, 0]}, '西门北侧': {'A': [1, 1, 1, 1, 1, 1, 1, 1, 0, 0], 'B': [1, 1, 1, 1, 1, 1, 1, 0, 1, 0], 'C': [1, 1, 1, 1, 0, 1, 1, 0, 0, 0]}, '西门南侧': {'A': [0, 1, 1, 1, 1, 1, 1, 1, 1, 1], 'B': [1, 1, 1, 1, 1, 1, 1, 1, 1, 1], 'C': [1, 1, 1, 1, 0, 0, 1, 1, 1, 1]}, '南门西侧': {'A': [1, 1, 1, 1, 1, 1, 1, 1, 1, 1], 'B': [0, 0, 1, 0, 0, 0, 0, 0, 0, 0]}, '南门东侧': {'A': [1, 0, 0, 1, 1, 1, 1, 1, 1, 1], 'B': [1, 1, 1, 1, 1, 1, 1, 1, 1, 1]}, '北门东北侧': {'A': [1, 1, 1, 1, 1, 1, 1, 1, 1, 1], 'B': [1, 0, 0, 1, 1, 0, 0, 1, 0, 0], 'C': [0, 0, 0, 1, 1, 0, 0, 1, 1, 0], 'D': [0, 0, 1, 0, 0, 0, 0, 0, 0, 0]}, '北门东南侧': {'A': [1, 1, 1, 0, 1, 0, 1, 0, 0, 1], 'B': [0, 1, 0, 0, 0, 0, 0, 0, 1, 1], 'C': [1, 1, 1, 0, 0, 1, 1, 0, 0, 0], 'D': [0, 0, 0, 0, 0, 0, 0, 0, 1, 0], 'E': [0, 0, 0, 1, 0, 0, 0, 0, 0, 0], 'F': [1, 0, 1, 1, 1, 1, 1, 0, 1, 1]}, '橘园北侧南': {'A': [0, 1, 0, 0, 0, 1, 0, 1, 1, 1], 'B': [0, 1, 1, 1, 0, 0, 1, 1, 1, 1], 'C': [1, 0, 1, 1, 0, 1, 1, 0, 0, 0], 'D': [1, 1, 1, 1, 1, 0, 0, 1, 1, 0], 'E': [0, 1, 1, 0, 1, 1, 0, 0, 1, 0], 'F': [0, 0, 0, 0, 0, 0, 0, 0, 1, 0], 'G': [1, 0, 1, 0, 0, 0, 0, 1, 0, 1], 'H': [0, 1, 0, 1, 0, 0, 1, 0, 0, 0], 'I': [0, 0, 0, 0, 0, 0, 0, 0, 0, 0], 'J': [0, 0, 0, 0, 0, 0, 1, 0, 1, 1]}, '校医院西': {'A': [0, 1, 0, 1, 1, 0, 1, 1, 1, 0], 'B': [1, 1, 1, 1, 0, 1, 0, 1, 0, 1], 'C': [0, 1, 0, 1, 1, 0, 1, 1, 0, 1], 'D': [1, 1, 1, 0, 1, 0, 1, 1, 1, 1], 'E': [1, 1, 0, 1, 1, 1, 1, 1, 1, 1], 'F': [1, 0, 1, 1, 1, 1, 1, 1, 1, 1], 'G': [0, 0, 0, 0, 1, 1, 1, 1, 1, 0], 'H': [0, 1, 0, 0, 0, 0, 0, 0, 0, 0], 'I': [0, 0, 0, 0, 0, 1, 0, 0, 0, 0]}}
624136	2024-07-13 19:41:01.868000+08:00	2024-07-13 19:41:01.868000+08:00	{'东门北侧': {'A': [1, 1, 1, 1, 1, 0, 1, 0, 1, 1], 'B': [1, 1, 1, 1, 1, 1, 1, 1, 1, 1], 'C': [1, 1, 1, 0, 1, 0, 1, 0, 1, 0], 'D': [1, 0, 1, 1, 1, 0, 0, 1, 0, 0], 'E': [1, 1, 1, 1, 1, 0, 1, 1, 1, 1], 'F': [1, 1, 1, 1, 1, 1, 1, 1, 1, 1], 'G': [1, 1, 1, 1, 1, 1, 1, 1, 0, 0], 'H': [1, 1, 1, 1, 1, 1, 0, 1, 1, 1], 'I': [1, 0, 1, 1, 1, 1, 0, 1, 0, 1], 'J': [0, 1, 0, 1, 0, 0, 1, 1, 1, 0], 'K': [1, 1, 1, 0, 1, 1, 1, 1, 0, 0]}, '东门南侧': {'A': [0, 1, 1, 1, 0, 0, 0, 0, 1, 0], 'B': [0, 0, 0, 0, 0, 0, 0, 0, 0, 0]}, '西门北侧': {'A': [1, 1, 1, 1, 1, 1, 1, 1, 0, 0], 'B': [1, 1, 1, 1, 1, 1, 1, 0, 1, 0], 'C': [1, 1, 1, 1, 0, 1, 1, 0, 0, 0]}, '西门南侧': {'A': [0, 1, 1, 1, 1, 1, 1, 1, 1, 1], 'B': [1, 1, 1, 1, 1, 1, 1, 1, 1, 1], 'C': [1, 1, 1, 1, 0, 0, 1, 1, 1, 1]}, '南门西侧': {'A': [1, 1, 1, 1, 1, 1, 1, 1, 1, 1], 'B': [0, 0, 1, 0, 0, 0, 0, 0, 0, 0]}, '南门东侧': {'A': [1, 0, 0, 1, 1, 1, 1, 1, 1, 1], 'B': [1, 1, 1, 1, 1, 1, 1, 1, 1, 1]}, '北门东北侧': {'A': [1, 1, 1, 1, 1, 1, 1, 1, 1, 1], 'B': [1, 0, 0, 1, 1, 0, 0, 1, 0, 0], 'C': [0, 0, 0, 1, 1, 0, 0, 1, 1, 0], 'D': [0, 0, 1, 0, 0, 0, 0, 0, 0, 0]}, '北门东南侧': {'A': [1, 1, 1, 0, 1, 0, 1, 0, 0, 1], 'B': [0, 1, 0, 0, 0, 0, 0, 0, 1, 1], 'C': [1, 1, 1, 0, 0, 1, 1, 0, 0, 0], 'D': [0, 0, 0, 0, 0, 0, 0, 0, 1, 0], 'E': [0, 0, 0, 1, 0, 0, 0, 0, 0, 0], 'F': [1, 0, 1, 1, 1, 1, 1, 0, 1, 1]}, '橘园北侧南': {'A': [0, 1, 0, 0, 0, 1, 0, 1, 1, 1], 'B': [0, 1, 1, 1, 0, 0, 1, 1, 1, 1], 'C': [1, 0, 1, 1, 0, 1, 1, 0, 0, 0], 'D': [1, 1, 1, 1, 1, 0, 0, 1, 1, 0], 'E': [0, 1, 1, 0, 1, 1, 0, 0, 1, 0], 'F': [0, 0, 0, 0, 0, 0, 0, 0, 1, 0], 'G': [1, 0, 1, 0, 0, 0, 0, 1, 0, 1], 'H': [0, 1, 0, 1, 0, 0, 1, 0, 0, 0], 'I': [0, 0, 0, 0, 0, 0, 0, 0, 0, 0], 'J': [0, 0, 0, 0, 0, 0, 1, 0, 1, 1]}, '校医院西': {'A': [0, 1, 0, 1, 1, 0, 1, 1, 1, 0], 'B': [1, 1, 1, 1, 0, 1, 0, 1, 0, 1], 'C': [0, 1, 0, 1, 1, 0, 1, 1, 0, 1], 'D': [1, 1, 1, 0, 1, 0, 1, 1, 1, 1], 'E': [1, 1, 0, 1, 1, 1, 1, 1, 1, 1], 'F': [1, 0, 1, 1, 1, 1, 1, 1, 1, 1], 'G': [0, 0, 0, 0, 1, 1, 1, 1, 1, 0], 'H': [0, 1, 0, 0, 0, 0, 0, 0, 0, 0], 'I': [0, 0, 0, 0, 0, 1, 0, 0, 0, 0]}}
624137	2024-07-13 19:42:00.442000+08:00	2024-07-13 19:42:00.442000+08:00	{'东门北侧': {'A': [1, 1, 1, 1, 1, 0, 1, 0, 1, 1], 'B': [1, 1, 1, 1, 1, 1, 1, 1, 1, 1], 'C': [1, 1, 1, 0, 1, 0, 1, 0, 1, 0], 'D': [1, 0, 1, 1, 1, 0, 0, 1, 0, 0], 'E': [1, 1, 1, 1, 1, 0, 1, 1, 1, 1], 'F': [1, 1, 1, 1, 1, 1, 1, 1, 1, 1], 'G': [1, 1, 1, 1, 1, 1, 1, 1, 0, 0], 'H': [1, 1, 1, 1, 1, 1, 0, 1, 1, 1], 'I': [1, 0, 1, 1, 1, 1, 0, 1, 0, 1], 'J': [0, 1, 0, 1, 0, 0, 1, 1, 1, 0], 'K': [1, 1, 1, 0, 1, 1, 1, 1, 0, 0]}, '东门南侧': {'A': [0, 1, 1, 1, 0, 0, 0, 0, 1, 0], 'B': [0, 0, 0, 0, 0, 0, 0, 0, 0, 0]}, '西门北侧': {'A': [1, 1, 1, 1, 1, 1, 1, 1, 0, 0], 'B': [1, 1, 1, 1, 1, 1, 1, 0, 1, 0], 'C': [1, 1, 1, 1, 0, 1, 1, 0, 0, 0]}, '西门南侧': {'A': [0, 1, 1, 1, 1, 1, 1, 1, 1, 1], 'B': [1, 1, 1, 1, 1, 1, 1, 1, 1, 1], 'C': [1, 1, 1, 1, 0, 0, 1, 1, 1, 1]}, '南门西侧': {'A': [1, 1, 1, 1, 1, 1, 1, 1, 1, 1], 'B': [0, 0, 1, 0, 0, 0, 0, 0, 0, 0]}, '南门东侧': {'A': [1, 0, 0, 1, 1, 1, 1, 1, 1, 1], 'B': [1, 1, 1, 1, 1, 1, 1, 1, 1, 1]}, '北门东北侧': {'A': [1, 1, 1, 1, 1, 1, 1, 1, 1, 1], 'B': [1, 0, 0, 1, 1, 0, 0, 1, 0, 0], 'C': [0, 0, 0, 1, 1, 0, 0, 1, 1, 0], 'D': [0, 0, 1, 0, 0, 0, 0, 0, 0, 0]}, '北门东南侧': {'A': [1, 1, 1, 0, 1, 0, 1, 0, 0, 1], 'B': [0, 1, 0, 0, 0, 0, 0, 0, 1, 1], 'C': [1, 1, 1, 0, 0, 1, 1, 0, 0, 0], 'D': [0, 0, 0, 0, 0, 0, 0, 0, 1, 0], 'E': [0, 0, 0, 1, 0, 0, 0, 0, 0, 0], 'F': [1, 0, 1, 1, 1, 1, 1, 0, 1, 1]}, '橘园北侧南': {'A': [0, 1, 0, 0, 0, 1, 0, 1, 1, 1], 'B': [0, 1, 1, 1, 0, 0, 1, 1, 1, 1], 'C': [1, 0, 1, 1, 0, 1, 1, 0, 0, 0], 'D': [1, 1, 1, 1, 1, 0, 0, 1, 1, 0], 'E': [0, 1, 1, 0, 1, 1, 0, 0, 1, 0], 'F': [0, 0, 0, 0, 0, 0, 0, 0, 1, 0], 'G': [1, 0, 1, 0, 0, 0, 0, 1, 0, 1], 'H': [0, 1, 0, 1, 0, 0, 1, 0, 0, 0], 'I': [0, 0, 0, 0, 0, 0, 0, 0, 0, 0], 'J': [0, 0, 0, 0, 0, 0, 1, 0, 1, 1]}, '校医院西': {'A': [0, 1, 0, 1, 1, 0, 1, 1, 1, 0], 'B': [1, 1, 1, 1, 0, 1, 0, 1, 0, 1], 'C': [0, 1, 0, 1, 1, 0, 1, 1, 0, 1], 'D': [1, 1, 1, 0, 1, 0, 1, 1, 1, 1], 'E': [1, 1, 0, 1, 1, 1, 1, 1, 1, 1], 'F': [1, 0, 1, 1, 1, 1, 1, 1, 1, 1], 'G': [0, 0, 0, 0, 1, 1, 1, 1, 1, 0], 'H': [0, 1, 0, 0, 0, 0, 0, 0, 0, 0], 'I': [0, 0, 0, 0, 0, 1, 0, 0, 0, 0]}}
624138	2024-07-13 19:42:59.678000+08:00	2024-07-13 19:42:59.678000+08:00	{'东门北侧': {'A': [1, 1, 1, 1, 1, 0, 1, 0, 1, 1], 'B': [1, 1, 1, 1, 1, 1, 1, 1, 1, 1], 'C': [1, 1, 1, 0, 1, 0, 1, 0, 1, 0], 'D': [1, 0, 1, 1, 1, 0, 0, 1, 0, 0], 'E': [1, 1, 1, 1, 1, 0, 1, 1, 1, 1], 'F': [1, 1, 1, 1, 1, 1, 1, 1, 1, 1], 'G': [1, 1, 1, 1, 1, 1, 1, 1, 0, 0], 'H': [1, 1, 1, 1, 1, 1, 0, 1, 1, 1], 'I': [1, 0, 1, 1, 1, 1, 0, 1, 0, 1], 'J': [0, 1, 0, 1, 0, 0, 1, 1, 1, 0], 'K': [1, 1, 1, 0, 1, 1, 1, 1, 0, 0]}, '东门南侧': {'A': [0, 1, 1, 1, 0, 0, 0, 0, 1, 0], 'B': [0, 0, 0, 0, 0, 0, 0, 0, 0, 0]}, '西门北侧': {'A': [1, 1, 1, 1, 1, 1, 1, 1, 0, 0], 'B': [1, 1, 1, 1, 1, 1, 1, 0, 1, 0], 'C': [1, 1, 1, 1, 0, 1, 1, 0, 0, 0]}, '西门南侧': {'A': [0, 1, 1, 1, 1, 1, 1, 1, 1, 1], 'B': [1, 1, 1, 1, 1, 1, 1, 1, 1, 1], 'C': [1, 1, 1, 1, 0, 0, 1, 1, 1, 1]}, '南门西侧': {'A': [1, 1, 1, 1, 1, 1, 1, 1, 1, 1], 'B': [0, 0, 1, 0, 0, 0, 0, 0, 0, 0]}, '南门东侧': {'A': [1, 0, 0, 1, 1, 1, 1, 1, 1, 1], 'B': [1, 1, 1, 1, 1, 1, 1, 1, 1, 1]}, '北门东北侧': {'A': [1, 1, 1, 1, 1, 1, 1, 1, 1, 1], 'B': [1, 0, 0, 1, 1, 0, 0, 1, 0, 0], 'C': [0, 0, 0, 1, 1, 0, 0, 1, 1, 0], 'D': [0, 0, 1, 0, 0, 0, 0, 0, 0, 0]}, '北门东南侧': {'A': [1, 1, 1, 0, 1, 0, 1, 0, 0, 1], 'B': [0, 1, 0, 0, 0, 0, 0, 0, 1, 1], 'C': [1, 1, 1, 0, 0, 1, 1, 0, 0, 0], 'D': [0, 0, 0, 0, 0, 0, 0, 0, 1, 0], 'E': [0, 0, 0, 1, 0, 0, 0, 0, 0, 0], 'F': [1, 0, 1, 1, 1, 1, 1, 0, 1, 1]}, '橘园北侧南': {'A': [0, 1, 0, 0, 0, 1, 0, 1, 1, 1], 'B': [0, 1, 1, 1, 0, 0, 1, 1, 1, 1], 'C': [1, 0, 1, 1, 0, 1, 1, 0, 0, 0], 'D': [1, 1, 1, 1, 1, 0, 0, 1, 1, 0], 'E': [0, 1, 1, 0, 1, 1, 0, 0, 1, 0], 'F': [0, 0, 0, 0, 0, 0, 0, 0, 1, 0], 'G': [1, 0, 1, 0, 0, 0, 0, 1, 0, 1], 'H': [0, 1, 0, 1, 0, 0, 1, 0, 0, 0], 'I': [0, 0, 0, 0, 0, 0, 0, 0, 0, 0], 'J': [0, 0, 0, 0, 0, 0, 1, 0, 1, 1]}, '校医院西': {'A': [0, 1, 0, 1, 1, 0, 1, 1, 1, 0], 'B': [1, 1, 1, 1, 0, 1, 0, 1, 0, 1], 'C': [0, 1, 0, 1, 1, 0, 1, 1, 0, 1], 'D': [1, 1, 1, 0, 1, 0, 1, 1, 1, 1], 'E': [1, 1, 0, 1, 1, 1, 1, 1, 1, 1], 'F': [1, 0, 1, 1, 1, 1, 1, 1, 1, 1], 'G': [0, 0, 0, 0, 1, 1, 1, 1, 1, 0], 'H': [0, 1, 0, 0, 0, 0, 0, 0, 0, 0], 'I': [0, 0, 0, 0, 0, 1, 0, 0, 0, 0]}}
624139	2024-07-13 19:44:01.418000+08:00	2024-07-13 19:44:01.418000+08:00	{'东门北侧': {'A': [1, 1, 1, 1, 1, 0, 1, 0, 1, 1], 'B': [1, 1, 1, 1, 1, 1, 1, 1, 1, 1], 'C': [1, 1, 1, 0, 1, 0, 1, 0, 1, 0], 'D': [1, 0, 1, 1, 1, 0, 0, 1, 0, 0], 'E': [1, 1, 1, 1, 1, 0, 1, 1, 1, 1], 'F': [1, 1, 1, 1, 1, 1, 1, 1, 1, 1], 'G': [1, 1, 1, 1, 1, 1, 1, 1, 0, 0], 'H': [1, 1, 1, 1, 1, 1, 0, 1, 1, 1], 'I': [1, 0, 1, 1, 1, 1, 0, 1, 0, 1], 'J': [0, 1, 0, 1, 0, 0, 1, 1, 1, 0], 'K': [1, 1, 1, 0, 1, 1, 1, 1, 1, 0]}, '东门南侧': {'A': [0, 1, 1, 1, 0, 0, 0, 0, 1, 0], 'B': [0, 0, 0, 0, 0, 0, 0, 0, 0, 0]}, '西门北侧': {'A': [1, 1, 1, 1, 1, 1, 1, 1, 0, 0], 'B': [1, 1, 1, 1, 1, 1, 1, 0, 1, 0], 'C': [1, 1, 1, 1, 0, 1, 1, 0, 0, 0]}, '西门南侧': {'A': [0, 1, 1, 1, 1, 1, 1, 1, 1, 1], 'B': [1, 1, 1, 1, 1, 1, 1, 1, 1, 1], 'C': [1, 1, 1, 1, 0, 0, 1, 1, 1, 1]}, '南门西侧': {'A': [1, 1, 1, 1, 1, 1, 1, 1, 1, 1], 'B': [0, 0, 1, 0, 0, 0, 0, 0, 0, 0]}, '南门东侧': {'A': [1, 0, 0, 1, 1, 1, 1, 1, 1, 1], 'B': [1, 1, 1, 1, 1, 1, 1, 1, 1, 1]}, '北门东北侧': {'A': [1, 1, 1, 1, 1, 1, 1, 1, 1, 1], 'B': [1, 0, 0, 1, 1, 0, 0, 1, 0, 0], 'C': [0, 0, 0, 1, 1, 0, 0, 1, 1, 0], 'D': [0, 0, 1, 0, 0, 0, 0, 0, 0, 0]}, '北门东南侧': {'A': [1, 1, 1, 0, 1, 0, 1, 0, 0, 1], 'B': [0, 1, 0, 0, 0, 0, 0, 0, 1, 1], 'C': [1, 1, 1, 0, 0, 1, 1, 0, 0, 0], 'D': [0, 0, 0, 0, 0, 0, 0, 0, 1, 0], 'E': [0, 0, 0, 1, 0, 0, 0, 0, 0, 0], 'F': [1, 0, 1, 1, 1, 1, 1, 0, 1, 1]}, '橘园北侧南': {'A': [0, 1, 0, 0, 0, 1, 0, 1, 1, 1], 'B': [0, 1, 1, 1, 0, 0, 1, 1, 1, 1], 'C': [1, 0, 1, 1, 0, 1, 1, 0, 0, 0], 'D': [1, 1, 1, 1, 1, 0, 0, 1, 1, 0], 'E': [0, 1, 1, 0, 1, 1, 0, 0, 1, 0], 'F': [0, 0, 0, 0, 0, 0, 0, 0, 1, 0], 'G': [1, 0, 1, 0, 0, 0, 0, 1, 0, 1], 'H': [0, 1, 0, 1, 0, 0, 1, 0, 0, 0], 'I': [0, 0, 0, 0, 0, 0, 0, 0, 0, 0], 'J': [0, 0, 0, 0, 0, 0, 1, 0, 1, 1]}, '校医院西': {'A': [0, 1, 0, 1, 1, 0, 1, 1, 1, 0], 'B': [1, 1, 1, 1, 0, 1, 0, 1, 0, 1], 'C': [0, 1, 0, 1, 1, 0, 1, 1, 0, 1], 'D': [1, 1, 1, 0, 1, 0, 1, 1, 1, 1], 'E': [1, 1, 0, 1, 1, 1, 1, 1, 1, 1], 'F': [1, 0, 1, 1, 1, 1, 1, 1, 1, 1], 'G': [0, 0, 0, 0, 1, 1, 1, 1, 1, 0], 'H': [0, 1, 0, 0, 0, 0, 0, 0, 0, 0], 'I': [0, 0, 0, 0, 0, 1, 0, 0, 0, 0]}}
624140	2024-07-13 19:44:59.482000+08:00	2024-07-13 19:44:59.482000+08:00	{'东门北侧': {'A': [1, 1, 1, 1, 1, 0, 1, 0, 1, 1], 'B': [1, 1, 1, 1, 1, 1, 1, 1, 1, 1], 'C': [1, 1, 1, 0, 1, 0, 1, 0, 1, 0], 'D': [1, 0, 1, 1, 1, 0, 0, 1, 0, 0], 'E': [1, 1, 1, 1, 1, 0, 1, 1, 1, 1], 'F': [1, 1, 1, 1, 1, 1, 1, 1, 1, 1], 'G': [1, 1, 1, 1, 1, 1, 1, 1, 0, 0], 'H': [1, 1, 1, 1, 1, 1, 0, 1, 1, 1], 'I': [1, 0, 1, 1, 1, 1, 0, 1, 0, 1], 'J': [0, 1, 0, 1, 0, 0, 1, 1, 1, 0], 'K': [1, 1, 1, 0, 1, 1, 1, 1, 1, 0]}, '东门南侧': {'A': [0, 1, 1, 1, 0, 0, 0, 0, 1, 0], 'B': [0, 0, 0, 0, 0, 0, 0, 0, 0, 0]}, '西门北侧': {'A': [1, 1, 1, 1, 1, 1, 1, 1, 0, 0], 'B': [1, 1, 1, 1, 1, 1, 1, 0, 1, 0], 'C': [1, 1, 1, 1, 0, 1, 1, 0, 0, 0]}, '西门南侧': {'A': [0, 1, 1, 1, 1, 1, 1, 1, 1, 1], 'B': [1, 1, 1, 1, 1, 1, 1, 1, 1, 1], 'C': [1, 1, 1, 1, 0, 0, 1, 1, 1, 1]}, '南门西侧': {'A': [1, 1, 1, 1, 1, 1, 1, 1, 1, 1], 'B': [0, 0, 1, 0, 0, 0, 0, 0, 0, 0]}, '南门东侧': {'A': [1, 0, 0, 1, 1, 1, 1, 1, 1, 1], 'B': [1, 1, 1, 1, 1, 1, 1, 1, 1, 1]}, '北门东北侧': {'A': [1, 1, 1, 1, 1, 1, 1, 1, 1, 1], 'B': [1, 0, 0, 1, 1, 0, 0, 1, 0, 0], 'C': [0, 0, 0, 1, 1, 0, 0, 1, 1, 0], 'D': [0, 0, 1, 0, 0, 0, 0, 0, 0, 0]}, '北门东南侧': {'A': [1, 1, 1, 0, 1, 0, 1, 0, 0, 1], 'B': [0, 1, 0, 0, 0, 0, 0, 0, 1, 1], 'C': [1, 1, 1, 0, 0, 1, 1, 0, 0, 0], 'D': [0, 0, 0, 0, 0, 0, 0, 0, 1, 0], 'E': [0, 0, 0, 1, 0, 0, 0, 0, 0, 0], 'F': [1, 0, 1, 1, 1, 1, 1, 0, 1, 1]}, '橘园北侧南': {'A': [0, 1, 0, 0, 0, 1, 0, 1, 1, 1], 'B': [0, 1, 1, 1, 0, 0, 1, 1, 1, 1], 'C': [1, 0, 1, 1, 0, 1, 1, 0, 0, 0], 'D': [1, 1, 1, 1, 1, 0, 0, 1, 1, 0], 'E': [0, 1, 1, 0, 1, 1, 0, 0, 1, 0], 'F': [0, 0, 0, 0, 0, 0, 0, 0, 1, 0], 'G': [1, 0, 1, 0, 0, 0, 0, 1, 0, 1], 'H': [0, 1, 0, 1, 0, 0, 1, 0, 0, 0], 'I': [0, 0, 0, 0, 0, 0, 0, 0, 0, 0], 'J': [0, 0, 0, 0, 0, 0, 1, 0, 1, 1]}, '校医院西': {'A': [0, 1, 0, 1, 1, 0, 1, 1, 1, 0], 'B': [1, 1, 1, 1, 0, 1, 0, 1, 0, 1], 'C': [0, 1, 0, 1, 1, 0, 1, 1, 0, 1], 'D': [1, 1, 1, 0, 1, 0, 1, 1, 1, 1], 'E': [1, 1, 0, 1, 1, 1, 1, 1, 1, 1], 'F': [1, 0, 1, 1, 1, 1, 1, 1, 1, 1], 'G': [0, 0, 0, 0, 1, 1, 1, 1, 1, 0], 'H': [0, 1, 0, 0, 0, 0, 0, 0, 0, 0], 'I': [0, 0, 0, 0, 0, 1, 0, 0, 0, 0]}}
624141	2024-07-13 19:45:58.497000+08:00	2024-07-13 19:45:58.497000+08:00	{'东门北侧': {'A': [1, 1, 1, 1, 1, 0, 1, 0, 1, 1], 'B': [1, 1, 1, 1, 1, 1, 1, 1, 1, 1], 'C': [1, 1, 1, 0, 1, 0, 1, 0, 1, 0], 'D': [1, 0, 1, 1, 1, 0, 0, 1, 0, 0], 'E': [1, 1, 1, 1, 1, 0, 1, 1, 1, 1], 'F': [1, 1, 1, 1, 1, 1, 1, 1, 1, 1], 'G': [1, 1, 1, 1, 1, 1, 1, 1, 0, 0], 'H': [1, 1, 1, 1, 1, 1, 0, 1, 1, 1], 'I': [1, 0, 1, 1, 1, 1, 0, 1, 0, 1], 'J': [0, 1, 0, 1, 0, 0, 1, 1, 1, 0], 'K': [1, 1, 1, 0, 1, 1, 1, 1, 1, 0]}, '东门南侧': {'A': [0, 1, 1, 1, 0, 0, 0, 0, 1, 0], 'B': [0, 0, 0, 0, 0, 0, 0, 0, 0, 0]}, '西门北侧': {'A': [1, 1, 1, 1, 1, 1, 1, 1, 0, 0], 'B': [1, 1, 1, 1, 1, 1, 1, 0, 1, 0], 'C': [1, 1, 1, 1, 0, 1, 1, 0, 0, 0]}, '西门南侧': {'A': [0, 1, 1, 1, 1, 1, 1, 1, 1, 1], 'B': [1, 1, 1, 1, 1, 1, 1, 1, 1, 1], 'C': [1, 1, 1, 1, 0, 0, 1, 1, 1, 1]}, '南门西侧': {'A': [1, 1, 1, 1, 1, 1, 1, 1, 1, 1], 'B': [0, 0, 1, 0, 0, 0, 0, 0, 0, 0]}, '南门东侧': {'A': [1, 0, 0, 1, 1, 1, 1, 1, 1, 1], 'B': [1, 1, 1, 1, 1, 1, 1, 1, 1, 1]}, '北门东北侧': {'A': [1, 1, 1, 1, 1, 1, 1, 1, 1, 1], 'B': [1, 0, 0, 1, 1, 0, 0, 1, 0, 0], 'C': [0, 0, 0, 1, 1, 0, 0, 1, 1, 0], 'D': [0, 0, 1, 0, 0, 0, 0, 0, 0, 0]}, '北门东南侧': {'A': [1, 1, 1, 0, 1, 0, 1, 0, 0, 1], 'B': [0, 1, 0, 0, 0, 0, 0, 0, 1, 1], 'C': [1, 1, 1, 0, 0, 1, 1, 0, 0, 0], 'D': [0, 0, 0, 0, 0, 0, 0, 0, 1, 0], 'E': [0, 0, 0, 1, 0, 0, 0, 0, 0, 0], 'F': [1, 0, 1, 1, 1, 1, 1, 0, 1, 1]}, '橘园北侧南': {'A': [0, 1, 0, 0, 0, 1, 0, 1, 1, 1], 'B': [0, 1, 1, 1, 0, 0, 1, 1, 1, 1], 'C': [1, 0, 1, 1, 0, 1, 1, 0, 0, 0], 'D': [1, 1, 1, 1, 1, 0, 0, 1, 1, 0], 'E': [0, 1, 1, 0, 1, 1, 0, 0, 1, 0], 'F': [0, 0, 0, 0, 0, 0, 0, 0, 1, 0], 'G': [1, 0, 1, 0, 0, 0, 0, 1, 0, 1], 'H': [0, 1, 0, 1, 0, 0, 1, 0, 0, 0], 'I': [0, 0, 0, 0, 0, 0, 0, 0, 0, 0], 'J': [0, 0, 0, 0, 0, 0, 1, 0, 1, 1]}, '校医院西': {'A': [0, 1, 0, 1, 1, 0, 1, 1, 1, 0], 'B': [1, 1, 1, 1, 0, 1, 0, 1, 0, 1], 'C': [0, 1, 0, 1, 1, 0, 1, 1, 0, 1], 'D': [1, 1, 1, 0, 1, 0, 1, 1, 1, 1], 'E': [1, 1, 0, 1, 1, 1, 1, 1, 1, 1], 'F': [1, 0, 1, 1, 1, 1, 1, 1, 1, 1], 'G': [0, 0, 0, 0, 1, 1, 1, 1, 1, 0], 'H': [0, 1, 0, 0, 0, 0, 0, 0, 0, 0], 'I': [0, 0, 0, 0, 0, 1, 0, 0, 0, 0]}}
624142	2024-07-13 19:47:01.018000+08:00	2024-07-13 19:47:01.018000+08:00	{'东门北侧': {'A': [1, 1, 1, 1, 1, 0, 1, 0, 1, 1], 'B': [1, 1, 1, 1, 1, 1, 1, 1, 1, 1], 'C': [1, 1, 1, 0, 1, 0, 1, 0, 1, 0], 'D': [1, 0, 1, 1, 1, 0, 0, 1, 0, 0], 'E': [1, 1, 1, 1, 1, 0, 1, 1, 1, 1], 'F': [1, 1, 1, 1, 1, 1, 1, 1, 1, 1], 'G': [1, 1, 1, 1, 1, 1, 1, 1, 0, 0], 'H': [1, 1, 1, 1, 1, 1, 0, 1, 1, 1], 'I': [1, 0, 1, 1, 1, 1, 0, 1, 0, 1], 'J': [0, 1, 0, 1, 0, 0, 1, 1, 1, 0], 'K': [1, 1, 1, 0, 1, 1, 1, 1, 1, 0]}, '东门南侧': {'A': [0, 1, 1, 1, 0, 0, 0, 0, 1, 0], 'B': [0, 0, 0, 0, 0, 0, 0, 0, 0, 0]}, '西门北侧': {'A': [1, 1, 1, 1, 1, 1, 1, 1, 0, 0], 'B': [1, 1, 1, 1, 1, 1, 1, 0, 1, 0], 'C': [1, 1, 1, 1, 0, 1, 1, 0, 0, 0]}, '西门南侧': {'A': [0, 1, 1, 1, 1, 1, 1, 1, 1, 1], 'B': [1, 1, 1, 1, 1, 1, 1, 1, 1, 1], 'C': [1, 1, 1, 1, 0, 0, 1, 1, 1, 1]}, '南门西侧': {'A': [1, 1, 1, 1, 1, 1, 1, 1, 1, 1], 'B': [0, 0, 1, 0, 0, 0, 0, 0, 0, 0]}, '南门东侧': {'A': [1, 0, 0, 1, 1, 1, 1, 1, 1, 1], 'B': [1, 1, 1, 1, 1, 1, 1, 1, 1, 1]}, '北门东北侧': {'A': [1, 1, 1, 1, 1, 1, 1, 1, 1, 1], 'B': [1, 0, 0, 1, 1, 0, 0, 1, 0, 0], 'C': [0, 0, 0, 1, 1, 0, 0, 1, 1, 0], 'D': [0, 0, 1, 0, 0, 0, 0, 0, 0, 0]}, '北门东南侧': {'A': [1, 1, 1, 0, 1, 0, 1, 0, 0, 1], 'B': [0, 1, 0, 0, 0, 0, 0, 0, 1, 1], 'C': [1, 1, 1, 0, 0, 1, 1, 0, 0, 0], 'D': [0, 0, 0, 0, 0, 0, 0, 0, 1, 0], 'E': [0, 0, 0, 1, 0, 0, 0, 0, 0, 0], 'F': [1, 0, 1, 1, 1, 1, 1, 0, 1, 1]}, '橘园北侧南': {'A': [0, 1, 0, 0, 0, 0, 0, 1, 1, 1], 'B': [0, 1, 1, 1, 0, 0, 1, 1, 1, 1], 'C': [1, 0, 1, 1, 0, 1, 1, 0, 0, 0], 'D': [1, 1, 1, 1, 1, 0, 0, 1, 1, 0], 'E': [0, 1, 1, 0, 1, 1, 0, 0, 1, 0], 'F': [0, 0, 0, 0, 0, 0, 0, 0, 1, 0], 'G': [1, 0, 1, 0, 0, 0, 0, 1, 0, 1], 'H': [0, 1, 0, 1, 0, 0, 1, 0, 0, 0], 'I': [0, 0, 0, 0, 0, 0, 0, 0, 0, 0], 'J': [0, 0, 0, 0, 0, 0, 1, 0, 1, 1]}, '校医院西': {'A': [0, 1, 0, 1, 1, 0, 1, 1, 1, 0], 'B': [1, 1, 1, 1, 0, 1, 0, 1, 0, 1], 'C': [0, 1, 0, 1, 1, 0, 1, 1, 0, 1], 'D': [1, 1, 1, 0, 1, 0, 1, 1, 1, 1], 'E': [1, 1, 0, 1, 1, 1, 1, 1, 1, 1], 'F': [1, 0, 1, 1, 1, 1, 1, 1, 1, 1], 'G': [0, 0, 0, 0, 1, 1, 1, 1, 1, 0], 'H': [0, 1, 0, 0, 0, 0, 0, 0, 0, 0], 'I': [0, 0, 0, 0, 0, 1, 0, 0, 0, 0]}}
624143	2024-07-13 19:48:00.618000+08:00	2024-07-13 19:48:00.618000+08:00	{'东门北侧': {'A': [1, 1, 1, 1, 1, 0, 1, 0, 1, 1], 'B': [1, 1, 1, 1, 1, 1, 1, 1, 1, 1], 'C': [1, 1, 1, 0, 1, 0, 1, 0, 1, 0], 'D': [1, 0, 1, 1, 1, 0, 0, 1, 0, 0], 'E': [1, 1, 1, 1, 1, 0, 1, 1, 1, 1], 'F': [1, 1, 1, 1, 1, 1, 1, 1, 1, 1], 'G': [1, 1, 1, 1, 1, 1, 1, 1, 0, 0], 'H': [1, 1, 1, 1, 1, 1, 0, 1, 1, 1], 'I': [1, 0, 1, 1, 1, 1, 0, 1, 0, 1], 'J': [0, 1, 0, 1, 0, 0, 1, 1, 1, 0], 'K': [1, 1, 1, 0, 1, 1, 1, 1, 1, 0]}, '东门南侧': {'A': [0, 1, 1, 1, 0, 0, 0, 0, 1, 0], 'B': [0, 0, 0, 0, 0, 0, 0, 0, 0, 0]}, '西门北侧': {'A': [1, 1, 1, 1, 1, 1, 1, 1, 0, 0], 'B': [1, 1, 1, 1, 1, 1, 1, 0, 1, 0], 'C': [1, 1, 1, 1, 0, 1, 1, 0, 0, 0]}, '西门南侧': {'A': [0, 1, 1, 1, 1, 1, 1, 1, 1, 1], 'B': [1, 1, 1, 1, 1, 1, 1, 1, 1, 1], 'C': [1, 1, 1, 1, 0, 0, 1, 1, 1, 1]}, '南门西侧': {'A': [1, 1, 1, 1, 1, 1, 1, 1, 1, 1], 'B': [0, 0, 1, 0, 0, 0, 0, 0, 0, 0]}, '南门东侧': {'A': [1, 0, 0, 1, 1, 1, 1, 1, 1, 1], 'B': [1, 1, 1, 1, 1, 1, 1, 1, 1, 1]}, '北门东北侧': {'A': [1, 1, 1, 1, 1, 1, 1, 1, 1, 1], 'B': [1, 0, 0, 1, 1, 0, 0, 1, 0, 0], 'C': [0, 0, 0, 1, 1, 0, 0, 1, 1, 0], 'D': [0, 0, 1, 0, 0, 0, 0, 0, 0, 0]}, '北门东南侧': {'A': [1, 1, 1, 0, 1, 0, 1, 0, 0, 1], 'B': [0, 1, 0, 0, 0, 0, 0, 0, 1, 1], 'C': [1, 1, 1, 0, 0, 1, 1, 0, 0, 0], 'D': [0, 0, 0, 0, 0, 0, 0, 0, 1, 0], 'E': [0, 0, 0, 1, 0, 0, 0, 0, 0, 0], 'F': [1, 0, 1, 1, 1, 1, 1, 0, 1, 1]}, '橘园北侧南': {'A': [0, 1, 0, 0, 0, 0, 0, 1, 1, 1], 'B': [0, 1, 1, 1, 0, 0, 1, 1, 1, 1], 'C': [1, 0, 1, 1, 0, 1, 1, 0, 0, 0], 'D': [1, 1, 1, 1, 1, 0, 0, 1, 1, 0], 'E': [0, 1, 1, 0, 1, 1, 0, 0, 1, 0], 'F': [0, 0, 0, 0, 0, 0, 0, 0, 1, 0], 'G': [1, 0, 1, 0, 0, 0, 0, 1, 0, 1], 'H': [0, 1, 0, 1, 0, 0, 1, 0, 0, 0], 'I': [0, 0, 0, 0, 0, 0, 0, 0, 0, 0], 'J': [0, 0, 0, 0, 0, 0, 1, 0, 1, 1]}, '校医院西': {'A': [0, 1, 0, 1, 1, 0, 1, 1, 1, 0], 'B': [1, 1, 1, 1, 0, 1, 0, 1, 0, 1], 'C': [0, 1, 0, 1, 1, 0, 1, 1, 0, 1], 'D': [1, 1, 1, 0, 1, 0, 1, 1, 1, 1], 'E': [1, 1, 0, 1, 1, 1, 1, 1, 1, 1], 'F': [1, 0, 1, 1, 1, 1, 1, 1, 1, 1], 'G': [0, 0, 0, 0, 1, 1, 1, 1, 1, 0], 'H': [0, 1, 0, 0, 0, 0, 0, 0, 0, 0], 'I': [0, 0, 0, 0, 0, 1, 0, 0, 0, 0]}}
624144	2024-07-13 19:49:01.539000+08:00	2024-07-13 19:49:01.539000+08:00	{'东门北侧': {'A': [1, 1, 1, 1, 1, 0, 1, 0, 1, 1], 'B': [1, 1, 1, 1, 1, 1, 1, 1, 1, 1], 'C': [1, 1, 1, 0, 1, 0, 1, 0, 1, 0], 'D': [1, 0, 1, 1, 1, 0, 0, 1, 0, 0], 'E': [1, 1, 1, 1, 1, 0, 1, 1, 1, 1], 'F': [1, 1, 1, 1, 1, 1, 1, 1, 1, 1], 'G': [1, 1, 1, 1, 1, 1, 1, 1, 0, 0], 'H': [1, 1, 1, 1, 1, 1, 0, 1, 1, 1], 'I': [1, 0, 1, 1, 1, 1, 0, 1, 0, 1], 'J': [0, 1, 0, 1, 0, 0, 1, 1, 1, 0], 'K': [1, 1, 1, 0, 1, 1, 1, 1, 1, 0]}, '东门南侧': {'A': [0, 1, 1, 1, 0, 0, 0, 0, 1, 0], 'B': [0, 0, 0, 0, 0, 0, 0, 0, 0, 0]}, '西门北侧': {'A': [1, 1, 1, 1, 1, 1, 1, 1, 0, 0], 'B': [1, 1, 1, 1, 1, 1, 1, 0, 1, 0], 'C': [1, 1, 1, 1, 0, 1, 1, 0, 0, 0]}, '西门南侧': {'A': [0, 1, 1, 1, 1, 1, 1, 1, 1, 1], 'B': [1, 1, 1, 1, 1, 1, 1, 1, 1, 1], 'C': [1, 1, 1, 1, 0, 0, 1, 1, 1, 1]}, '南门西侧': {'A': [1, 1, 1, 1, 1, 1, 1, 1, 1, 1], 'B': [0, 0, 1, 0, 0, 0, 0, 0, 0, 0]}, '南门东侧': {'A': [1, 0, 0, 1, 1, 1, 1, 1, 1, 1], 'B': [1, 1, 1, 1, 1, 1, 1, 1, 1, 1]}, '北门东北侧': {'A': [1, 1, 1, 1, 1, 1, 1, 1, 1, 1], 'B': [1, 0, 0, 1, 1, 0, 0, 1, 0, 0], 'C': [0, 0, 0, 1, 1, 0, 0, 1, 1, 0], 'D': [0, 0, 0, 0, 0, 0, 0, 0, 0, 0]}, '北门东南侧': {'A': [1, 1, 1, 0, 1, 0, 1, 0, 0, 1], 'B': [0, 1, 0, 0, 0, 0, 0, 0, 1, 1], 'C': [1, 1, 1, 0, 0, 1, 1, 0, 0, 0], 'D': [0, 0, 0, 0, 0, 0, 0, 0, 1, 0], 'E': [0, 0, 0, 1, 0, 0, 0, 0, 0, 0], 'F': [1, 0, 1, 1, 1, 1, 1, 0, 1, 1]}, '橘园北侧南': {'A': [0, 1, 0, 0, 0, 0, 0, 1, 1, 1], 'B': [0, 1, 1, 1, 0, 0, 1, 1, 1, 1], 'C': [1, 0, 1, 1, 0, 1, 1, 0, 0, 0], 'D': [1, 1, 1, 1, 1, 0, 0, 1, 1, 0], 'E': [0, 1, 1, 0, 1, 1, 0, 0, 1, 0], 'F': [0, 0, 0, 0, 0, 0, 0, 0, 1, 0], 'G': [1, 0, 1, 0, 0, 0, 0, 1, 0, 1], 'H': [0, 1, 0, 1, 0, 0, 1, 0, 0, 0], 'I': [0, 0, 0, 0, 0, 0, 0, 0, 0, 0], 'J': [0, 0, 0, 0, 0, 0, 1, 0, 1, 1]}, '校医院西': {'A': [0, 1, 0, 1, 1, 0, 1, 1, 1, 0], 'B': [1, 1, 1, 1, 0, 1, 0, 1, 0, 1], 'C': [0, 1, 0, 1, 1, 0, 1, 1, 0, 1], 'D': [1, 1, 1, 0, 1, 0, 1, 1, 1, 1], 'E': [1, 1, 0, 1, 1, 1, 1, 1, 1, 1], 'F': [1, 0, 1, 1, 1, 1, 1, 1, 1, 1], 'G': [0, 0, 0, 0, 1, 1, 1, 1, 1, 0], 'H': [0, 1, 0, 0, 0, 0, 0, 0, 0, 0], 'I': [0, 0, 0, 0, 0, 1, 0, 0, 0, 0]}}
624145	2024-07-13 19:50:01.713000+08:00	2024-07-13 19:50:01.713000+08:00	{'东门北侧': {'A': [1, 1, 1, 1, 1, 0, 1, 0, 1, 1], 'B': [1, 1, 1, 1, 1, 1, 1, 1, 1, 1], 'C': [1, 1, 1, 0, 1, 0, 1, 0, 1, 0], 'D': [1, 0, 1, 1, 1, 0, 0, 1, 0, 0], 'E': [1, 1, 1, 1, 1, 0, 1, 1, 1, 1], 'F': [1, 1, 1, 1, 1, 1, 1, 1, 1, 1], 'G': [1, 1, 1, 1, 1, 1, 1, 1, 0, 0], 'H': [1, 1, 1, 1, 1, 1, 0, 1, 1, 1], 'I': [1, 0, 1, 1, 1, 1, 0, 1, 0, 1], 'J': [0, 1, 0, 1, 0, 0, 1, 1, 1, 0], 'K': [1, 1, 1, 0, 1, 1, 1, 1, 1, 0]}, '东门南侧': {'A': [0, 1, 1, 1, 0, 0, 0, 0, 1, 0], 'B': [0, 0, 0, 0, 0, 0, 0, 0, 0, 0]}, '西门北侧': {'A': [1, 1, 1, 1, 1, 1, 1, 1, 0, 0], 'B': [1, 1, 1, 1, 1, 1, 1, 0, 1, 0], 'C': [1, 1, 1, 1, 0, 1, 1, 0, 0, 0]}, '西门南侧': {'A': [0, 1, 1, 1, 1, 1, 1, 1, 1, 1], 'B': [1, 1, 1, 1, 1, 1, 1, 1, 1, 1], 'C': [1, 1, 1, 1, 0, 0, 1, 1, 1, 1]}, '南门西侧': {'A': [1, 1, 1, 1, 1, 1, 1, 1, 1, 1], 'B': [0, 0, 1, 0, 0, 0, 0, 0, 0, 0]}, '南门东侧': {'A': [1, 0, 0, 1, 1, 1, 1, 1, 1, 1], 'B': [1, 1, 1, 1, 1, 1, 1, 1, 1, 1]}, '北门东北侧': {'A': [1, 1, 1, 1, 1, 1, 1, 1, 1, 1], 'B': [1, 0, 0, 1, 1, 0, 0, 1, 0, 0], 'C': [0, 0, 0, 1, 1, 0, 0, 1, 1, 0], 'D': [0, 0, 0, 0, 0, 0, 0, 0, 0, 0]}, '北门东南侧': {'A': [1, 1, 1, 0, 1, 0, 1, 0, 0, 1], 'B': [0, 1, 0, 0, 0, 0, 0, 0, 1, 1], 'C': [1, 1, 1, 0, 0, 1, 1, 0, 0, 0], 'D': [0, 0, 0, 0, 0, 0, 0, 0, 1, 0], 'E': [0, 0, 0, 1, 0, 0, 0, 0, 0, 0], 'F': [1, 0, 1, 1, 1, 1, 1, 0, 1, 1]}, '橘园北侧南': {'A': [0, 1, 0, 0, 0, 0, 0, 1, 1, 1], 'B': [0, 1, 1, 1, 0, 0, 1, 1, 1, 1], 'C': [1, 0, 1, 1, 0, 1, 1, 0, 0, 0], 'D': [1, 1, 1, 1, 1, 0, 0, 1, 1, 0], 'E': [0, 1, 1, 0, 1, 1, 0, 0, 1, 0], 'F': [0, 0, 0, 0, 0, 0, 0, 0, 1, 0], 'G': [1, 0, 1, 0, 0, 0, 0, 1, 0, 1], 'H': [0, 1, 0, 1, 0, 0, 1, 0, 0, 0], 'I': [0, 0, 0, 0, 0, 0, 0, 0, 0, 0], 'J': [0, 0, 0, 0, 0, 0, 1, 0, 1, 1]}, '校医院西': {'A': [0, 1, 0, 1, 1, 0, 1, 1, 1, 0], 'B': [1, 1, 1, 1, 0, 1, 0, 1, 0, 1], 'C': [0, 1, 0, 1, 1, 0, 1, 1, 0, 1], 'D': [1, 1, 1, 0, 1, 0, 1, 1, 1, 1], 'E': [1, 1, 0, 1, 1, 1, 1, 1, 1, 1], 'F': [1, 0, 1, 1, 1, 1, 1, 1, 1, 1], 'G': [0, 0, 0, 0, 1, 1, 1, 1, 1, 0], 'H': [0, 1, 0, 0, 0, 0, 0, 0, 0, 0], 'I': [0, 0, 0, 0, 0, 1, 0, 0, 0, 0]}}
624146	2024-07-13 19:50:59.655000+08:00	2024-07-13 19:50:59.655000+08:00	{'东门北侧': {'A': [1, 1, 1, 1, 1, 0, 1, 0, 1, 1], 'B': [1, 1, 1, 1, 1, 1, 1, 1, 1, 1], 'C': [1, 1, 1, 0, 1, 0, 1, 0, 1, 0], 'D': [1, 0, 1, 1, 1, 0, 0, 1, 0, 0], 'E': [1, 1, 1, 1, 1, 0, 1, 1, 1, 1], 'F': [1, 1, 1, 1, 1, 1, 1, 1, 1, 1], 'G': [1, 1, 1, 1, 1, 1, 1, 1, 0, 0], 'H': [1, 1, 1, 1, 1, 1, 0, 1, 1, 1], 'I': [1, 0, 1, 1, 1, 1, 0, 1, 0, 1], 'J': [0, 1, 0, 1, 0, 0, 1, 1, 1, 0], 'K': [1, 1, 1, 0, 1, 1, 1, 1, 1, 0]}, '东门南侧': {'A': [0, 1, 1, 1, 0, 0, 0, 0, 1, 0], 'B': [0, 0, 0, 0, 0, 0, 0, 0, 0, 0]}, '西门北侧': {'A': [1, 1, 1, 1, 1, 1, 1, 1, 0, 0], 'B': [1, 1, 1, 1, 1, 1, 1, 0, 1, 0], 'C': [1, 1, 1, 1, 0, 1, 1, 0, 0, 0]}, '西门南侧': {'A': [0, 1, 1, 1, 1, 1, 1, 1, 1, 1], 'B': [1, 1, 1, 1, 1, 1, 1, 1, 1, 1], 'C': [1, 1, 1, 1, 0, 0, 1, 1, 1, 1]}, '南门西侧': {'A': [1, 1, 1, 1, 1, 1, 1, 1, 1, 1], 'B': [0, 0, 1, 0, 0, 0, 0, 0, 0, 0]}, '南门东侧': {'A': [1, 0, 0, 1, 1, 1, 1, 1, 1, 1], 'B': [1, 1, 1, 1, 1, 1, 1, 1, 1, 1]}, '北门东北侧': {'A': [1, 1, 1, 1, 1, 1, 1, 1, 1, 1], 'B': [1, 0, 0, 1, 1, 0, 0, 1, 0, 0], 'C': [0, 0, 0, 1, 1, 0, 0, 1, 1, 0], 'D': [0, 0, 0, 0, 0, 0, 0, 0, 0, 0]}, '北门东南侧': {'A': [1, 1, 1, 0, 1, 0, 1, 0, 0, 1], 'B': [0, 1, 0, 0, 0, 0, 0, 0, 1, 1], 'C': [1, 1, 1, 0, 0, 1, 1, 0, 0, 0], 'D': [0, 0, 0, 0, 0, 0, 0, 0, 1, 0], 'E': [0, 0, 0, 1, 0, 0, 0, 0, 0, 0], 'F': [1, 1, 1, 1, 1, 1, 1, 0, 1, 1]}, '橘园北侧南': {'A': [0, 1, 0, 0, 0, 0, 0, 1, 1, 1], 'B': [0, 1, 1, 1, 0, 0, 1, 1, 1, 1], 'C': [1, 0, 1, 1, 0, 1, 1, 0, 0, 0], 'D': [1, 1, 1, 1, 1, 0, 0, 1, 1, 0], 'E': [0, 1, 1, 0, 1, 1, 0, 0, 1, 0], 'F': [0, 0, 0, 0, 0, 0, 0, 0, 1, 0], 'G': [1, 0, 1, 0, 0, 0, 0, 1, 0, 1], 'H': [0, 1, 0, 1, 0, 0, 1, 0, 0, 0], 'I': [0, 0, 0, 0, 0, 0, 0, 0, 0, 0], 'J': [0, 0, 0, 0, 0, 0, 1, 0, 1, 1]}, '校医院西': {'A': [0, 1, 0, 1, 1, 0, 1, 1, 1, 0], 'B': [1, 1, 1, 1, 0, 1, 0, 1, 0, 1], 'C': [0, 1, 0, 1, 1, 0, 1, 1, 0, 1], 'D': [1, 1, 1, 0, 1, 0, 1, 1, 1, 1], 'E': [1, 1, 0, 1, 1, 1, 1, 1, 1, 1], 'F': [1, 0, 1, 1, 1, 1, 1, 1, 1, 1], 'G': [0, 0, 0, 0, 1, 1, 1, 1, 1, 0], 'H': [0, 1, 0, 0, 0, 0, 0, 0, 0, 0], 'I': [0, 0, 0, 0, 0, 1, 0, 0, 0, 0]}}
624147	2024-07-13 19:52:00.725000+08:00	2024-07-13 19:52:00.725000+08:00	{'东门北侧': {'A': [1, 1, 1, 1, 1, 0, 1, 0, 1, 1], 'B': [1, 1, 1, 1, 1, 1, 1, 1, 1, 1], 'C': [1, 1, 1, 0, 1, 0, 1, 0, 1, 0], 'D': [1, 0, 1, 1, 1, 0, 0, 1, 0, 0], 'E': [1, 1, 1, 1, 1, 0, 1, 1, 1, 1], 'F': [1, 1, 1, 1, 1, 1, 1, 1, 1, 1], 'G': [1, 1, 1, 1, 1, 1, 1, 1, 0, 0], 'H': [1, 1, 1, 1, 1, 1, 0, 1, 1, 1], 'I': [1, 0, 1, 1, 1, 1, 0, 1, 0, 1], 'J': [0, 1, 0, 1, 0, 0, 1, 1, 1, 0], 'K': [1, 1, 1, 0, 1, 1, 1, 1, 1, 0]}, '东门南侧': {'A': [0, 1, 1, 1, 0, 0, 0, 0, 1, 0], 'B': [0, 0, 0, 0, 0, 0, 0, 0, 0, 0]}, '西门北侧': {'A': [1, 1, 1, 1, 1, 1, 1, 1, 0, 0], 'B': [1, 1, 1, 1, 1, 1, 1, 0, 1, 0], 'C': [1, 1, 1, 1, 0, 1, 1, 0, 0, 0]}, '西门南侧': {'A': [0, 1, 1, 1, 1, 1, 1, 1, 1, 1], 'B': [1, 1, 1, 1, 1, 1, 1, 1, 1, 1], 'C': [1, 1, 1, 1, 0, 0, 1, 1, 1, 1]}, '南门西侧': {'A': [1, 1, 1, 1, 1, 1, 1, 1, 1, 1], 'B': [0, 0, 1, 0, 0, 0, 0, 0, 0, 0]}, '南门东侧': {'A': [1, 0, 0, 1, 1, 1, 1, 1, 1, 1], 'B': [1, 1, 1, 1, 1, 1, 1, 1, 1, 1]}, '北门东北侧': {'A': [1, 1, 1, 1, 1, 1, 1, 1, 1, 1], 'B': [1, 0, 0, 1, 1, 0, 0, 1, 0, 0], 'C': [0, 0, 0, 1, 1, 0, 0, 1, 1, 0], 'D': [0, 0, 0, 0, 0, 0, 0, 0, 0, 0]}, '北门东南侧': {'A': [1, 1, 1, 0, 1, 0, 1, 0, 0, 1], 'B': [0, 1, 0, 0, 0, 0, 0, 0, 1, 1], 'C': [1, 1, 1, 0, 0, 1, 1, 0, 0, 0], 'D': [0, 0, 0, 0, 0, 0, 0, 0, 1, 0], 'E': [0, 0, 0, 1, 0, 0, 0, 0, 0, 0], 'F': [1, 1, 1, 1, 0, 1, 1, 0, 1, 1]}, '橘园北侧南': {'A': [0, 1, 0, 0, 0, 0, 0, 1, 1, 1], 'B': [0, 1, 1, 1, 0, 0, 1, 1, 1, 1], 'C': [1, 0, 1, 1, 0, 1, 1, 0, 0, 0], 'D': [1, 1, 1, 1, 1, 0, 0, 1, 1, 0], 'E': [0, 1, 1, 0, 1, 1, 0, 0, 1, 0], 'F': [0, 0, 0, 0, 0, 0, 0, 0, 1, 0], 'G': [1, 0, 1, 0, 0, 0, 0, 1, 0, 1], 'H': [0, 1, 0, 1, 0, 0, 1, 0, 0, 0], 'I': [0, 0, 0, 0, 0, 0, 0, 0, 0, 0], 'J': [0, 0, 0, 0, 0, 0, 1, 0, 1, 1]}, '校医院西': {'A': [0, 1, 0, 1, 1, 0, 1, 1, 1, 0], 'B': [1, 1, 1, 1, 0, 1, 0, 1, 0, 1], 'C': [0, 1, 0, 1, 1, 0, 1, 1, 0, 1], 'D': [1, 1, 1, 0, 1, 0, 1, 1, 1, 1], 'E': [1, 1, 0, 1, 1, 1, 1, 1, 1, 1], 'F': [1, 0, 1, 1, 1, 1, 1, 1, 1, 1], 'G': [0, 0, 0, 0, 1, 1, 1, 1, 1, 0], 'H': [0, 1, 0, 0, 0, 0, 0, 0, 0, 0], 'I': [0, 0, 0, 0, 0, 1, 0, 0, 0, 0]}}
624148	2024-07-13 19:52:59.469000+08:00	2024-07-13 19:52:59.469000+08:00	{'东门北侧': {'A': [1, 1, 1, 1, 1, 0, 1, 0, 1, 1], 'B': [1, 1, 1, 1, 1, 1, 1, 1, 1, 1], 'C': [1, 1, 1, 0, 1, 0, 1, 0, 1, 0], 'D': [1, 0, 1, 1, 1, 0, 0, 1, 0, 0], 'E': [1, 1, 1, 1, 1, 0, 1, 1, 1, 1], 'F': [1, 1, 1, 1, 1, 1, 1, 1, 1, 1], 'G': [1, 1, 1, 1, 1, 1, 1, 1, 0, 0], 'H': [1, 1, 1, 1, 1, 1, 0, 1, 1, 1], 'I': [1, 0, 1, 1, 1, 1, 0, 1, 0, 1], 'J': [0, 1, 0, 1, 0, 0, 1, 1, 1, 0], 'K': [1, 1, 1, 0, 1, 1, 1, 1, 1, 0]}, '东门南侧': {'A': [0, 1, 1, 1, 0, 0, 0, 0, 1, 0], 'B': [0, 0, 0, 0, 0, 0, 0, 0, 0, 0]}, '西门北侧': {'A': [1, 1, 1, 1, 1, 1, 1, 1, 0, 0], 'B': [1, 1, 1, 1, 1, 1, 1, 0, 1, 0], 'C': [1, 1, 1, 1, 0, 1, 1, 0, 0, 0]}, '西门南侧': {'A': [0, 1, 1, 1, 1, 1, 1, 1, 1, 1], 'B': [1, 1, 1, 1, 1, 1, 1, 1, 1, 1], 'C': [1, 1, 1, 1, 0, 0, 1, 1, 1, 1]}, '南门西侧': {'A': [1, 1, 1, 1, 1, 1, 1, 1, 1, 1], 'B': [0, 0, 1, 0, 0, 0, 0, 0, 0, 0]}, '南门东侧': {'A': [1, 0, 0, 1, 1, 1, 1, 1, 1, 1], 'B': [1, 1, 1, 1, 1, 1, 1, 1, 1, 1]}, '北门东北侧': {'A': [1, 1, 1, 1, 1, 1, 1, 1, 1, 1], 'B': [1, 0, 0, 1, 1, 0, 0, 1, 0, 0], 'C': [0, 0, 0, 1, 0, 0, 0, 1, 1, 0], 'D': [0, 0, 0, 0, 0, 0, 0, 0, 0, 0]}, '北门东南侧': {'A': [1, 1, 1, 0, 1, 0, 1, 0, 0, 1], 'B': [0, 1, 0, 0, 0, 0, 0, 0, 1, 1], 'C': [1, 1, 1, 0, 0, 1, 1, 0, 0, 0], 'D': [0, 0, 0, 0, 0, 0, 0, 0, 1, 0], 'E': [0, 0, 0, 1, 0, 0, 0, 0, 0, 0], 'F': [1, 1, 1, 1, 0, 1, 1, 0, 1, 1]}, '橘园北侧南': {'A': [0, 1, 0, 0, 0, 0, 0, 1, 1, 1], 'B': [0, 1, 1, 1, 0, 0, 1, 1, 1, 1], 'C': [1, 0, 1, 1, 0, 1, 1, 0, 0, 0], 'D': [1, 1, 1, 1, 1, 0, 0, 1, 1, 0], 'E': [0, 1, 1, 0, 1, 1, 0, 0, 1, 0], 'F': [0, 0, 0, 1, 0, 0, 0, 0, 1, 0], 'G': [1, 0, 1, 0, 0, 0, 0, 1, 0, 1], 'H': [0, 1, 0, 1, 0, 0, 1, 0, 0, 0], 'I': [0, 0, 0, 0, 0, 0, 0, 0, 0, 0], 'J': [0, 0, 0, 0, 0, 0, 1, 0, 1, 1]}, '校医院西': {'A': [0, 1, 0, 1, 1, 0, 1, 1, 1, 0], 'B': [1, 1, 1, 1, 0, 1, 0, 1, 0, 1], 'C': [0, 1, 0, 1, 1, 0, 1, 1, 0, 1], 'D': [1, 1, 1, 0, 1, 0, 1, 1, 1, 1], 'E': [1, 1, 0, 1, 1, 1, 1, 1, 1, 1], 'F': [1, 0, 1, 1, 1, 1, 1, 1, 1, 1], 'G': [0, 0, 0, 0, 1, 1, 1, 1, 1, 0], 'H': [0, 1, 0, 0, 0, 0, 0, 0, 0, 0], 'I': [0, 0, 0, 0, 0, 0, 0, 0, 0, 0]}}
624149	2024-07-13 19:54:00.454000+08:00	2024-07-13 19:54:00.454000+08:00	{'东门北侧': {'A': [1, 1, 1, 1, 1, 0, 1, 0, 1, 1], 'B': [1, 1, 1, 1, 1, 1, 1, 1, 1, 1], 'C': [1, 1, 1, 0, 1, 0, 1, 0, 1, 0], 'D': [1, 0, 1, 1, 1, 0, 0, 1, 0, 0], 'E': [1, 1, 1, 1, 1, 0, 1, 1, 1, 1], 'F': [1, 1, 1, 1, 1, 1, 1, 1, 1, 1], 'G': [1, 1, 1, 1, 1, 1, 1, 1, 0, 0], 'H': [1, 1, 1, 1, 1, 1, 0, 1, 1, 1], 'I': [1, 0, 1, 1, 1, 1, 0, 1, 0, 1], 'J': [0, 1, 0, 1, 0, 0, 1, 1, 1, 0], 'K': [1, 1, 1, 0, 1, 1, 1, 1, 1, 0]}, '东门南侧': {'A': [0, 1, 1, 1, 0, 0, 0, 0, 1, 0], 'B': [0, 0, 0, 0, 0, 0, 0, 0, 0, 0]}, '西门北侧': {'A': [1, 1, 1, 1, 1, 1, 1, 1, 0, 0], 'B': [1, 1, 1, 1, 1, 1, 1, 0, 1, 0], 'C': [1, 1, 1, 1, 0, 1, 1, 0, 0, 0]}, '西门南侧': {'A': [0, 1, 1, 1, 1, 1, 1, 1, 1, 1], 'B': [1, 1, 1, 1, 1, 1, 1, 1, 1, 1], 'C': [1, 1, 1, 1, 0, 0, 1, 1, 1, 1]}, '南门西侧': {'A': [1, 1, 1, 1, 1, 1, 1, 1, 1, 1], 'B': [0, 0, 1, 0, 0, 0, 0, 0, 0, 0]}, '南门东侧': {'A': [1, 0, 0, 1, 1, 1, 1, 1, 1, 1], 'B': [1, 1, 1, 1, 1, 1, 1, 1, 1, 1]}, '北门东北侧': {'A': [1, 1, 1, 1, 1, 1, 1, 1, 1, 1], 'B': [1, 0, 0, 1, 1, 0, 0, 1, 0, 0], 'C': [0, 0, 0, 1, 0, 0, 0, 1, 1, 0], 'D': [0, 0, 0, 0, 0, 0, 0, 0, 0, 0]}, '北门东南侧': {'A': [1, 1, 1, 0, 1, 0, 1, 0, 0, 1], 'B': [0, 1, 0, 0, 0, 0, 0, 0, 1, 1], 'C': [1, 1, 1, 0, 0, 1, 1, 0, 0, 0], 'D': [0, 0, 0, 0, 0, 0, 0, 0, 1, 0], 'E': [0, 0, 0, 1, 0, 0, 0, 0, 0, 0], 'F': [1, 1, 1, 1, 0, 1, 1, 0, 1, 1]}, '橘园北侧南': {'A': [0, 1, 0, 0, 0, 0, 0, 1, 1, 1], 'B': [0, 1, 1, 1, 0, 0, 1, 1, 1, 1], 'C': [1, 0, 1, 1, 0, 1, 1, 0, 0, 0], 'D': [1, 1, 1, 1, 1, 0, 0, 1, 1, 0], 'E': [0, 1, 1, 0, 1, 1, 0, 0, 1, 0], 'F': [0, 0, 0, 1, 0, 0, 0, 0, 1, 0], 'G': [1, 0, 1, 0, 0, 0, 0, 1, 0, 1], 'H': [0, 1, 0, 1, 0, 0, 1, 0, 0, 0], 'I': [0, 0, 0, 0, 0, 0, 0, 0, 0, 0], 'J': [0, 0, 0, 0, 0, 0, 1, 0, 1, 1]}, '校医院西': {'A': [0, 1, 0, 1, 1, 0, 1, 1, 1, 0], 'B': [1, 1, 1, 1, 0, 1, 0, 1, 0, 1], 'C': [0, 1, 0, 1, 1, 0, 1, 1, 0, 1], 'D': [1, 1, 1, 0, 1, 0, 1, 1, 1, 1], 'E': [1, 1, 0, 1, 1, 1, 1, 1, 1, 1], 'F': [1, 0, 1, 1, 1, 1, 1, 1, 1, 1], 'G': [0, 0, 0, 0, 1, 1, 1, 1, 1, 0], 'H': [0, 1, 0, 0, 0, 0, 0, 0, 0, 0], 'I': [0, 0, 0, 0, 0, 0, 0, 0, 0, 0]}}
624150	2024-07-13 19:55:00.858000+08:00	2024-07-13 19:55:00.858000+08:00	{'东门北侧': {'A': [1, 1, 1, 1, 1, 0, 1, 0, 1, 1], 'B': [1, 1, 1, 1, 1, 1, 1, 1, 1, 1], 'C': [1, 1, 1, 0, 1, 0, 1, 0, 1, 0], 'D': [1, 0, 1, 1, 1, 0, 0, 1, 0, 0], 'E': [1, 1, 1, 1, 1, 0, 1, 1, 1, 1], 'F': [1, 1, 1, 1, 1, 1, 1, 1, 1, 1], 'G': [1, 1, 1, 1, 1, 1, 1, 1, 0, 0], 'H': [1, 1, 1, 1, 1, 1, 0, 1, 0, 1], 'I': [1, 0, 1, 1, 1, 1, 0, 1, 0, 1], 'J': [0, 1, 0, 1, 0, 0, 1, 1, 1, 0], 'K': [1, 1, 1, 0, 1, 1, 1, 1, 1, 0]}, '东门南侧': {'A': [0, 1, 1, 1, 0, 0, 0, 0, 1, 0], 'B': [0, 0, 0, 0, 0, 0, 0, 0, 0, 0]}, '西门北侧': {'A': [1, 1, 1, 1, 1, 1, 1, 1, 0, 0], 'B': [1, 1, 1, 1, 1, 1, 1, 0, 1, 0], 'C': [1, 1, 1, 1, 0, 1, 1, 0, 0, 0]}, '西门南侧': {'A': [0, 1, 1, 1, 1, 1, 1, 1, 1, 1], 'B': [1, 1, 1, 1, 1, 1, 1, 1, 1, 1], 'C': [1, 1, 1, 1, 0, 0, 1, 1, 1, 1]}, '南门西侧': {'A': [1, 1, 1, 1, 1, 1, 1, 1, 1, 1], 'B': [0, 0, 1, 0, 0, 0, 0, 0, 0, 0]}, '南门东侧': {'A': [1, 0, 0, 1, 1, 1, 1, 1, 1, 1], 'B': [1, 1, 1, 1, 1, 1, 1, 1, 1, 1]}, '北门东北侧': {'A': [1, 1, 1, 1, 1, 1, 1, 1, 1, 1], 'B': [1, 0, 0, 1, 1, 0, 0, 1, 0, 0], 'C': [0, 0, 0, 1, 0, 0, 0, 1, 1, 0], 'D': [0, 0, 0, 0, 0, 0, 0, 0, 0, 0]}, '北门东南侧': {'A': [1, 1, 1, 0, 1, 0, 1, 0, 0, 1], 'B': [0, 1, 0, 0, 0, 0, 0, 0, 1, 1], 'C': [1, 1, 1, 0, 0, 1, 1, 0, 0, 0], 'D': [0, 0, 0, 0, 0, 0, 0, 0, 0, 0], 'E': [0, 0, 0, 1, 0, 0, 0, 0, 0, 0], 'F': [1, 1, 1, 1, 0, 1, 1, 0, 1, 1]}, '橘园北侧南': {'A': [0, 1, 0, 0, 0, 0, 0, 1, 1, 1], 'B': [0, 1, 1, 1, 0, 0, 1, 1, 1, 1], 'C': [1, 0, 1, 1, 0, 1, 1, 0, 0, 0], 'D': [1, 1, 1, 1, 1, 0, 0, 1, 1, 0], 'E': [0, 1, 1, 0, 1, 1, 0, 0, 1, 0], 'F': [0, 0, 0, 1, 0, 0, 0, 0, 1, 0], 'G': [1, 0, 1, 0, 0, 0, 0, 1, 0, 1], 'H': [0, 1, 0, 1, 0, 0, 1, 0, 0, 0], 'I': [0, 0, 0, 0, 0, 0, 0, 0, 0, 0], 'J': [0, 0, 0, 0, 0, 0, 1, 0, 1, 1]}, '校医院西': {'A': [0, 1, 0, 1, 1, 0, 1, 1, 1, 0], 'B': [1, 1, 1, 1, 0, 1, 0, 1, 0, 1], 'C': [0, 1, 0, 1, 1, 0, 1, 1, 0, 1], 'D': [1, 1, 1, 0, 1, 0, 1, 1, 1, 1], 'E': [1, 1, 0, 1, 1, 1, 1, 1, 1, 1], 'F': [1, 0, 1, 1, 1, 1, 1, 1, 1, 1], 'G': [0, 0, 0, 0, 1, 1, 1, 1, 1, 0], 'H': [0, 1, 0, 0, 0, 0, 0, 0, 0, 0], 'I': [0, 0, 0, 0, 0, 0, 0, 0, 0, 0]}}
624151	2024-07-13 19:55:58.611000+08:00	2024-07-13 19:55:58.611000+08:00	{'东门北侧': {'A': [1, 1, 1, 1, 1, 0, 1, 0, 1, 1], 'B': [1, 1, 1, 1, 1, 1, 1, 1, 1, 1], 'C': [1, 1, 1, 0, 1, 0, 1, 0, 1, 0], 'D': [1, 0, 1, 1, 1, 0, 0, 1, 0, 0], 'E': [1, 1, 1, 1, 1, 0, 1, 1, 1, 1], 'F': [1, 1, 1, 1, 1, 1, 1, 1, 1, 1], 'G': [1, 1, 1, 1, 1, 1, 1, 1, 0, 0], 'H': [1, 1, 1, 1, 1, 1, 0, 1, 0, 1], 'I': [1, 0, 1, 1, 1, 1, 0, 1, 0, 1], 'J': [0, 1, 0, 1, 0, 0, 1, 1, 1, 0], 'K': [1, 1, 1, 0, 1, 1, 1, 1, 1, 0]}, '东门南侧': {'A': [0, 1, 1, 1, 0, 0, 0, 0, 1, 0], 'B': [0, 0, 0, 0, 0, 0, 0, 0, 0, 0]}, '西门北侧': {'A': [1, 1, 1, 1, 1, 1, 1, 1, 0, 0], 'B': [1, 1, 1, 1, 1, 1, 1, 0, 1, 0], 'C': [1, 1, 1, 1, 0, 1, 1, 0, 0, 0]}, '西门南侧': {'A': [0, 1, 1, 1, 1, 1, 1, 1, 1, 1], 'B': [1, 1, 1, 1, 1, 1, 1, 1, 1, 1], 'C': [1, 1, 1, 1, 0, 0, 1, 1, 1, 1]}, '南门西侧': {'A': [1, 1, 1, 1, 1, 1, 1, 1, 1, 1], 'B': [0, 0, 1, 0, 0, 0, 0, 0, 0, 0]}, '南门东侧': {'A': [1, 0, 0, 1, 1, 1, 1, 1, 1, 1], 'B': [1, 1, 1, 1, 1, 1, 1, 1, 1, 1]}, '北门东北侧': {'A': [1, 1, 1, 1, 1, 1, 1, 1, 1, 1], 'B': [1, 0, 0, 1, 1, 0, 0, 1, 0, 0], 'C': [0, 0, 0, 1, 0, 0, 0, 1, 1, 0], 'D': [0, 0, 0, 0, 0, 0, 0, 0, 0, 0]}, '北门东南侧': {'A': [1, 1, 1, 0, 1, 0, 1, 0, 0, 1], 'B': [0, 1, 0, 0, 0, 0, 0, 0, 1, 1], 'C': [1, 1, 1, 0, 0, 1, 1, 0, 0, 0], 'D': [0, 0, 0, 0, 0, 0, 0, 0, 0, 0], 'E': [0, 0, 0, 1, 0, 0, 0, 0, 1, 0], 'F': [1, 1, 1, 1, 0, 1, 1, 0, 1, 1]}, '橘园北侧南': {'A': [0, 1, 0, 0, 0, 0, 0, 1, 1, 1], 'B': [0, 1, 1, 1, 0, 0, 1, 1, 1, 1], 'C': [1, 0, 1, 1, 0, 1, 1, 0, 0, 0], 'D': [1, 1, 1, 1, 1, 0, 0, 1, 1, 0], 'E': [0, 1, 1, 0, 1, 1, 0, 0, 1, 0], 'F': [0, 0, 0, 1, 0, 0, 0, 0, 1, 0], 'G': [1, 0, 1, 0, 0, 0, 0, 1, 0, 1], 'H': [0, 1, 0, 1, 0, 0, 1, 0, 0, 0], 'I': [0, 0, 0, 0, 0, 0, 0, 0, 0, 0], 'J': [0, 0, 0, 0, 0, 0, 1, 0, 1, 1]}, '校医院西': {'A': [0, 1, 0, 1, 1, 1, 1, 1, 1, 0], 'B': [1, 1, 1, 1, 0, 1, 0, 1, 0, 1], 'C': [0, 1, 0, 1, 1, 0, 1, 1, 0, 1], 'D': [1, 1, 1, 0, 1, 0, 1, 1, 1, 1], 'E': [1, 1, 0, 1, 1, 1, 1, 1, 1, 1], 'F': [1, 0, 1, 1, 1, 1, 1, 1, 1, 1], 'G': [0, 0, 0, 0, 1, 1, 1, 1, 1, 0], 'H': [0, 1, 0, 0, 0, 0, 0, 0, 0, 0], 'I': [0, 0, 0, 0, 0, 0, 0, 0, 0, 0]}}
624152	2024-07-13 19:57:00.225000+08:00	2024-07-13 19:57:00.225000+08:00	{'东门北侧': {'A': [1, 1, 1, 1, 1, 0, 1, 0, 1, 1], 'B': [1, 1, 1, 1, 1, 1, 1, 1, 1, 1], 'C': [1, 1, 1, 0, 1, 0, 1, 0, 1, 0], 'D': [1, 0, 1, 1, 1, 0, 0, 1, 0, 0], 'E': [1, 1, 1, 1, 1, 0, 1, 1, 1, 1], 'F': [1, 1, 1, 1, 1, 1, 1, 1, 1, 1], 'G': [1, 1, 1, 1, 1, 1, 1, 1, 0, 0], 'H': [1, 1, 1, 1, 1, 1, 0, 1, 0, 1], 'I': [1, 0, 1, 1, 1, 1, 0, 1, 0, 1], 'J': [0, 1, 0, 1, 0, 0, 1, 1, 1, 0], 'K': [1, 1, 1, 0, 1, 1, 1, 1, 1, 0]}, '东门南侧': {'A': [0, 1, 1, 1, 0, 0, 0, 0, 1, 0], 'B': [0, 0, 0, 0, 0, 0, 0, 0, 0, 0]}, '西门北侧': {'A': [1, 1, 1, 1, 1, 1, 1, 1, 0, 0], 'B': [1, 1, 1, 1, 1, 1, 1, 0, 1, 0], 'C': [1, 1, 1, 1, 0, 1, 1, 0, 0, 0]}, '西门南侧': {'A': [0, 1, 1, 1, 1, 1, 1, 1, 1, 1], 'B': [1, 1, 1, 1, 1, 1, 1, 1, 1, 1], 'C': [1, 1, 1, 1, 0, 0, 1, 1, 1, 1]}, '南门西侧': {'A': [1, 1, 1, 1, 1, 1, 1, 1, 1, 1], 'B': [0, 0, 1, 0, 0, 0, 0, 0, 0, 0]}, '南门东侧': {'A': [1, 0, 0, 1, 1, 1, 1, 1, 1, 1], 'B': [1, 1, 1, 1, 1, 1, 1, 1, 1, 1]}, '北门东北侧': {'A': [1, 1, 1, 1, 1, 1, 1, 1, 1, 1], 'B': [1, 0, 0, 1, 1, 0, 0, 1, 0, 0], 'C': [0, 0, 0, 1, 0, 0, 0, 1, 1, 0], 'D': [0, 0, 0, 0, 0, 0, 0, 0, 0, 0]}, '北门东南侧': {'A': [1, 1, 1, 0, 1, 0, 1, 0, 0, 1], 'B': [0, 1, 0, 0, 0, 0, 0, 0, 1, 1], 'C': [1, 1, 1, 0, 0, 1, 1, 0, 0, 0], 'D': [0, 0, 0, 0, 0, 0, 0, 0, 0, 0], 'E': [0, 0, 0, 1, 0, 0, 0, 0, 1, 0], 'F': [1, 1, 1, 1, 0, 1, 1, 0, 1, 1]}, '橘园北侧南': {'A': [0, 1, 0, 0, 0, 0, 0, 1, 1, 1], 'B': [0, 1, 1, 1, 0, 0, 1, 1, 1, 1], 'C': [1, 0, 1, 1, 0, 1, 1, 0, 0, 0], 'D': [1, 1, 1, 1, 1, 0, 0, 1, 1, 0], 'E': [0, 1, 1, 0, 1, 1, 0, 0, 1, 0], 'F': [0, 0, 0, 1, 0, 0, 0, 0, 1, 0], 'G': [1, 0, 1, 0, 0, 0, 0, 1, 0, 1], 'H': [0, 1, 0, 1, 0, 0, 1, 0, 0, 0], 'I': [0, 0, 0, 0, 0, 0, 0, 0, 0, 0], 'J': [0, 0, 0, 0, 0, 0, 1, 0, 1, 1]}, '校医院西': {'A': [0, 1, 0, 1, 1, 1, 1, 1, 1, 0], 'B': [1, 1, 1, 1, 0, 1, 0, 1, 0, 1], 'C': [0, 1, 0, 1, 1, 0, 1, 1, 0, 1], 'D': [1, 1, 1, 0, 1, 0, 1, 1, 1, 1], 'E': [1, 1, 0, 1, 1, 1, 1, 1, 1, 1], 'F': [1, 0, 1, 1, 1, 1, 1, 1, 1, 1], 'G': [0, 0, 0, 0, 1, 1, 1, 1, 1, 0], 'H': [0, 1, 0, 0, 0, 0, 0, 0, 0, 0], 'I': [0, 0, 0, 0, 0, 0, 0, 0, 0, 0]}}
624153	2024-07-13 19:57:59.481000+08:00	2024-07-13 19:57:59.481000+08:00	{'东门北侧': {'A': [1, 1, 1, 1, 1, 0, 1, 0, 1, 1], 'B': [1, 1, 1, 1, 1, 1, 1, 1, 1, 1], 'C': [1, 1, 1, 0, 1, 0, 1, 0, 1, 0], 'D': [1, 0, 1, 1, 1, 0, 0, 1, 0, 0], 'E': [1, 1, 1, 1, 1, 0, 1, 1, 1, 1], 'F': [1, 1, 1, 1, 1, 1, 1, 1, 1, 1], 'G': [1, 1, 1, 1, 1, 1, 1, 1, 0, 0], 'H': [1, 1, 1, 1, 1, 1, 0, 1, 0, 1], 'I': [1, 0, 1, 1, 1, 1, 0, 1, 0, 1], 'J': [0, 1, 0, 1, 0, 0, 1, 1, 1, 0], 'K': [1, 1, 1, 0, 1, 1, 1, 1, 1, 0]}, '东门南侧': {'A': [0, 1, 1, 1, 0, 0, 0, 0, 1, 0], 'B': [0, 0, 0, 0, 0, 0, 0, 0, 0, 0]}, '西门北侧': {'A': [1, 1, 1, 1, 1, 1, 1, 1, 0, 0], 'B': [1, 1, 1, 1, 1, 1, 1, 0, 1, 0], 'C': [1, 1, 1, 1, 0, 1, 1, 0, 0, 0]}, '西门南侧': {'A': [0, 1, 1, 1, 1, 1, 1, 1, 1, 1], 'B': [1, 1, 1, 1, 1, 1, 1, 1, 1, 1], 'C': [1, 1, 1, 1, 0, 0, 1, 1, 1, 1]}, '南门西侧': {'A': [1, 1, 1, 1, 1, 1, 1, 1, 1, 1], 'B': [0, 0, 1, 0, 0, 0, 0, 0, 0, 0]}, '南门东侧': {'A': [1, 0, 0, 1, 1, 1, 1, 1, 1, 1], 'B': [1, 1, 1, 1, 1, 1, 1, 1, 1, 1]}, '北门东北侧': {'A': [1, 1, 1, 1, 1, 1, 1, 1, 1, 1], 'B': [1, 0, 0, 1, 1, 0, 0, 1, 0, 0], 'C': [0, 0, 0, 1, 0, 0, 0, 1, 1, 0], 'D': [0, 0, 0, 0, 0, 0, 0, 0, 0, 0]}, '北门东南侧': {'A': [1, 1, 1, 0, 1, 0, 1, 1, 0, 1], 'B': [0, 1, 0, 0, 0, 0, 0, 0, 1, 1], 'C': [1, 1, 1, 0, 1, 1, 1, 0, 0, 0], 'D': [0, 0, 0, 0, 0, 0, 0, 0, 0, 0], 'E': [0, 0, 0, 1, 0, 0, 0, 0, 1, 0], 'F': [1, 1, 1, 1, 0, 1, 1, 0, 1, 1]}, '橘园北侧南': {'A': [0, 1, 0, 0, 0, 0, 0, 1, 1, 1], 'B': [0, 1, 1, 1, 0, 0, 1, 1, 1, 1], 'C': [1, 0, 1, 1, 0, 1, 1, 0, 0, 0], 'D': [1, 1, 1, 1, 1, 0, 0, 1, 1, 0], 'E': [0, 1, 1, 0, 1, 1, 0, 0, 1, 0], 'F': [0, 0, 0, 1, 0, 0, 0, 0, 1, 0], 'G': [1, 0, 1, 0, 0, 0, 0, 1, 0, 1], 'H': [0, 1, 0, 1, 0, 0, 1, 0, 0, 0], 'I': [0, 0, 0, 0, 0, 0, 0, 0, 0, 0], 'J': [0, 0, 0, 0, 0, 0, 1, 0, 1, 1]}, '校医院西': {'A': [0, 1, 0, 1, 1, 1, 1, 1, 1, 0], 'B': [1, 1, 1, 1, 0, 1, 0, 1, 0, 1], 'C': [0, 1, 0, 1, 1, 0, 1, 1, 0, 1], 'D': [1, 1, 1, 0, 1, 0, 1, 1, 1, 1], 'E': [1, 1, 0, 1, 1, 1, 1, 1, 1, 1], 'F': [1, 0, 1, 1, 1, 1, 1, 1, 1, 1], 'G': [0, 0, 0, 0, 1, 1, 1, 1, 1, 0], 'H': [0, 1, 0, 0, 0, 0, 0, 0, 0, 0], 'I': [0, 0, 0, 0, 0, 0, 0, 1, 0, 0]}}
624154	2024-07-13 19:58:59.344000+08:00	2024-07-13 19:58:59.344000+08:00	{'东门北侧': {'A': [1, 1, 1, 1, 1, 0, 1, 0, 1, 1], 'B': [1, 1, 1, 1, 1, 1, 1, 1, 1, 1], 'C': [1, 1, 1, 0, 1, 0, 1, 0, 1, 0], 'D': [1, 0, 1, 1, 1, 0, 0, 1, 0, 0], 'E': [1, 1, 1, 1, 1, 0, 1, 1, 1, 1], 'F': [1, 1, 1, 1, 1, 1, 1, 1, 1, 1], 'G': [1, 1, 1, 1, 1, 1, 1, 1, 0, 0], 'H': [1, 1, 1, 1, 1, 1, 0, 1, 0, 1], 'I': [1, 0, 1, 1, 1, 1, 0, 1, 0, 1], 'J': [0, 1, 0, 1, 0, 0, 1, 1, 1, 0], 'K': [1, 1, 1, 0, 1, 1, 1, 1, 1, 0]}, '东门南侧': {'A': [0, 1, 1, 1, 0, 0, 0, 0, 1, 0], 'B': [0, 0, 0, 0, 0, 0, 0, 0, 0, 0]}, '西门北侧': {'A': [1, 1, 1, 1, 1, 1, 1, 1, 0, 0], 'B': [1, 1, 1, 1, 1, 1, 1, 0, 1, 0], 'C': [1, 1, 1, 1, 0, 1, 1, 0, 0, 0]}, '西门南侧': {'A': [0, 1, 1, 1, 1, 1, 1, 1, 1, 1], 'B': [1, 1, 1, 1, 1, 1, 1, 1, 1, 1], 'C': [1, 1, 1, 1, 0, 0, 1, 1, 1, 1]}, '南门西侧': {'A': [1, 1, 1, 1, 1, 1, 1, 1, 1, 1], 'B': [0, 0, 1, 0, 0, 0, 0, 0, 0, 0]}, '南门东侧': {'A': [1, 0, 0, 1, 1, 1, 1, 1, 1, 1], 'B': [1, 1, 1, 1, 1, 1, 1, 1, 1, 1]}, '北门东北侧': {'A': [1, 1, 1, 1, 1, 1, 1, 1, 1, 1], 'B': [1, 0, 0, 1, 1, 0, 0, 1, 0, 0], 'C': [0, 0, 0, 1, 0, 0, 0, 1, 1, 0], 'D': [0, 0, 0, 0, 0, 0, 0, 0, 0, 0]}, '北门东南侧': {'A': [1, 1, 1, 0, 1, 0, 1, 1, 0, 1], 'B': [0, 1, 0, 0, 0, 0, 0, 0, 1, 1], 'C': [1, 1, 1, 0, 1, 1, 1, 0, 0, 0], 'D': [0, 0, 0, 0, 0, 0, 0, 0, 0, 0], 'E': [0, 0, 0, 1, 0, 0, 0, 0, 1, 0], 'F': [1, 1, 1, 1, 0, 1, 1, 0, 1, 1]}, '橘园北侧南': {'A': [0, 1, 0, 0, 0, 0, 0, 1, 1, 1], 'B': [0, 1, 1, 1, 0, 0, 1, 1, 1, 1], 'C': [1, 0, 1, 1, 0, 1, 1, 0, 0, 0], 'D': [1, 1, 1, 1, 1, 0, 0, 1, 1, 0], 'E': [0, 1, 1, 0, 1, 1, 0, 0, 1, 0], 'F': [0, 0, 0, 1, 0, 0, 0, 0, 1, 0], 'G': [1, 0, 1, 0, 0, 0, 0, 1, 0, 1], 'H': [0, 1, 0, 1, 0, 0, 1, 0, 0, 0], 'I': [0, 0, 0, 0, 0, 0, 0, 0, 0, 0], 'J': [0, 0, 0, 0, 0, 0, 1, 0, 1, 1]}, '校医院西': {'A': [0, 1, 0, 1, 1, 1, 1, 1, 1, 0], 'B': [1, 1, 1, 1, 0, 1, 0, 1, 0, 1], 'C': [0, 1, 0, 1, 1, 0, 1, 1, 0, 1], 'D': [1, 1, 1, 0, 1, 0, 1, 1, 1, 1], 'E': [1, 1, 0, 1, 1, 1, 1, 1, 1, 1], 'F': [1, 0, 1, 1, 1, 1, 1, 1, 1, 1], 'G': [0, 0, 0, 0, 1, 1, 1, 1, 1, 0], 'H': [0, 1, 0, 0, 0, 0, 0, 0, 0, 0], 'I': [0, 0, 0, 0, 0, 0, 0, 1, 0, 0]}}
624155	2024-07-13 20:00:00.642000+08:00	2024-07-13 20:00:00.642000+08:00	{'东门北侧': {'A': [1, 1, 1, 1, 1, 0, 1, 0, 1, 1], 'B': [1, 1, 1, 1, 1, 1, 1, 1, 1, 1], 'C': [1, 1, 1, 0, 1, 0, 1, 0, 1, 0], 'D': [1, 0, 1, 1, 1, 0, 0, 1, 0, 0], 'E': [1, 1, 1, 1, 1, 0, 1, 1, 1, 1], 'F': [1, 1, 1, 1, 1, 1, 1, 1, 1, 1], 'G': [1, 1, 1, 1, 1, 1, 1, 1, 0, 0], 'H': [1, 1, 1, 1, 1, 1, 0, 1, 0, 1], 'I': [1, 0, 1, 1, 1, 1, 0, 1, 0, 1], 'J': [0, 1, 0, 1, 0, 0, 1, 1, 1, 0], 'K': [1, 1, 1, 0, 1, 1, 1, 1, 1, 0]}, '东门南侧': {'A': [0, 1, 1, 1, 0, 0, 0, 0, 1, 0], 'B': [0, 0, 0, 0, 0, 0, 0, 0, 0, 0]}, '西门北侧': {'A': [1, 1, 1, 1, 1, 1, 1, 1, 0, 0], 'B': [1, 1, 1, 1, 1, 1, 1, 0, 1, 0], 'C': [1, 1, 1, 1, 0, 1, 1, 0, 0, 0]}, '西门南侧': {'A': [0, 1, 1, 1, 1, 1, 1, 1, 1, 1], 'B': [1, 1, 1, 1, 1, 1, 1, 1, 1, 1], 'C': [1, 1, 1, 1, 0, 0, 1, 1, 1, 1]}, '南门西侧': {'A': [1, 1, 1, 1, 1, 1, 1, 1, 1, 1], 'B': [0, 0, 1, 0, 0, 0, 0, 0, 0, 0]}, '南门东侧': {'A': [1, 0, 0, 1, 1, 1, 1, 1, 1, 1], 'B': [1, 1, 1, 1, 1, 1, 1, 1, 1, 1]}, '北门东北侧': {'A': [1, 1, 1, 1, 1, 1, 1, 1, 1, 1], 'B': [1, 0, 0, 1, 1, 0, 0, 1, 0, 0], 'C': [0, 0, 0, 1, 0, 0, 0, 1, 1, 0], 'D': [0, 0, 0, 0, 0, 0, 0, 0, 0, 0]}, '北门东南侧': {'A': [1, 1, 1, 0, 1, 0, 1, 1, 0, 1], 'B': [0, 1, 0, 0, 0, 0, 0, 0, 1, 1], 'C': [1, 1, 1, 0, 1, 1, 1, 0, 0, 0], 'D': [0, 0, 0, 0, 0, 0, 0, 0, 0, 0], 'E': [0, 0, 0, 1, 0, 0, 0, 0, 1, 0], 'F': [1, 1, 1, 1, 0, 1, 1, 0, 1, 1]}, '橘园北侧南': {'A': [0, 1, 0, 0, 0, 0, 0, 1, 1, 1], 'B': [0, 1, 1, 1, 0, 0, 1, 1, 1, 1], 'C': [1, 0, 1, 1, 0, 1, 1, 0, 0, 0], 'D': [1, 1, 1, 1, 1, 0, 0, 1, 1, 0], 'E': [0, 1, 1, 0, 1, 1, 0, 0, 1, 0], 'F': [0, 0, 0, 1, 0, 0, 0, 0, 1, 0], 'G': [1, 0, 1, 0, 0, 0, 0, 1, 0, 1], 'H': [0, 1, 0, 1, 0, 0, 1, 0, 0, 0], 'I': [0, 0, 0, 0, 0, 0, 0, 0, 0, 0], 'J': [0, 0, 0, 0, 0, 0, 1, 0, 1, 1]}, '校医院西': {'A': [0, 1, 0, 1, 1, 1, 1, 1, 1, 0], 'B': [1, 1, 1, 1, 0, 1, 0, 1, 0, 1], 'C': [0, 1, 0, 1, 1, 0, 1, 1, 0, 1], 'D': [1, 1, 1, 0, 1, 0, 1, 1, 1, 1], 'E': [1, 1, 0, 1, 1, 1, 1, 1, 1, 1], 'F': [1, 0, 1, 1, 1, 1, 1, 1, 1, 1], 'G': [0, 0, 0, 0, 1, 1, 1, 1, 1, 0], 'H': [0, 1, 0, 0, 0, 0, 0, 0, 0, 0], 'I': [0, 0, 0, 0, 0, 0, 0, 1, 0, 0]}}
624156	2024-07-13 20:01:01.573000+08:00	2024-07-13 20:01:01.573000+08:00	{'东门北侧': {'A': [1, 1, 1, 1, 1, 0, 1, 0, 1, 1], 'B': [1, 1, 1, 1, 1, 1, 1, 1, 1, 1], 'C': [1, 1, 1, 0, 1, 0, 1, 0, 1, 0], 'D': [1, 0, 1, 1, 1, 0, 0, 1, 0, 0], 'E': [1, 1, 1, 1, 1, 0, 1, 1, 1, 1], 'F': [1, 1, 1, 1, 1, 1, 1, 1, 1, 1], 'G': [1, 1, 1, 1, 1, 1, 1, 1, 0, 0], 'H': [1, 1, 1, 1, 1, 1, 0, 1, 0, 1], 'I': [1, 0, 1, 1, 1, 1, 0, 1, 0, 1], 'J': [0, 1, 0, 1, 0, 0, 1, 1, 1, 0], 'K': [1, 1, 1, 0, 1, 1, 1, 1, 1, 0]}, '东门南侧': {'A': [0, 1, 1, 1, 0, 0, 0, 0, 1, 0], 'B': [0, 0, 0, 0, 0, 0, 0, 0, 0, 0]}, '西门北侧': {'A': [1, 1, 1, 1, 1, 1, 1, 1, 0, 0], 'B': [1, 1, 1, 1, 1, 1, 1, 0, 1, 0], 'C': [1, 1, 1, 1, 0, 1, 1, 0, 0, 0]}, '西门南侧': {'A': [0, 1, 1, 1, 1, 1, 1, 1, 1, 1], 'B': [1, 1, 1, 1, 1, 1, 1, 1, 1, 1], 'C': [1, 1, 1, 1, 0, 0, 1, 1, 1, 1]}, '南门西侧': {'A': [1, 1, 1, 1, 1, 1, 1, 1, 1, 1], 'B': [0, 0, 1, 0, 0, 0, 0, 0, 0, 0]}, '南门东侧': {'A': [1, 0, 0, 1, 1, 1, 1, 1, 1, 1], 'B': [1, 1, 1, 1, 1, 1, 1, 1, 1, 1]}, '北门东北侧': {'A': [1, 1, 1, 1, 1, 1, 1, 1, 1, 1], 'B': [1, 0, 0, 1, 1, 0, 0, 1, 0, 0], 'C': [0, 0, 0, 1, 0, 0, 0, 1, 1, 0], 'D': [0, 0, 0, 0, 0, 0, 0, 0, 1, 0]}, '北门东南侧': {'A': [1, 1, 1, 0, 1, 0, 1, 1, 0, 1], 'B': [0, 1, 0, 0, 0, 0, 0, 0, 1, 1], 'C': [1, 1, 1, 0, 1, 0, 1, 0, 0, 0], 'D': [0, 0, 0, 0, 0, 0, 0, 0, 0, 0], 'E': [0, 0, 0, 1, 0, 0, 0, 0, 1, 0], 'F': [1, 1, 1, 1, 0, 1, 1, 0, 1, 1]}, '橘园北侧南': {'A': [0, 1, 0, 0, 0, 0, 0, 1, 1, 1], 'B': [0, 1, 1, 1, 0, 0, 1, 1, 1, 1], 'C': [1, 0, 1, 1, 0, 1, 1, 0, 0, 0], 'D': [1, 1, 1, 1, 1, 0, 0, 1, 1, 0], 'E': [0, 1, 1, 0, 1, 1, 0, 0, 1, 0], 'F': [0, 0, 0, 1, 0, 0, 0, 0, 1, 0], 'G': [1, 0, 1, 0, 0, 0, 0, 1, 0, 1], 'H': [0, 1, 0, 1, 0, 0, 1, 0, 0, 0], 'I': [0, 0, 0, 0, 0, 0, 0, 0, 0, 0], 'J': [0, 0, 0, 0, 0, 0, 1, 0, 1, 1]}, '校医院西': {'A': [0, 1, 0, 1, 1, 1, 1, 1, 1, 0], 'B': [1, 1, 1, 1, 0, 1, 0, 1, 0, 1], 'C': [0, 1, 0, 1, 1, 0, 1, 1, 0, 1], 'D': [1, 1, 1, 0, 1, 0, 1, 1, 1, 1], 'E': [1, 1, 0, 1, 1, 1, 1, 1, 1, 1], 'F': [1, 0, 1, 1, 1, 1, 1, 1, 1, 1], 'G': [0, 0, 0, 0, 1, 1, 1, 1, 1, 0], 'H': [0, 1, 0, 0, 0, 0, 0, 0, 0, 0], 'I': [0, 0, 0, 0, 0, 0, 0, 1, 0, 0]}}
624157	2024-07-13 20:02:01.891000+08:00	2024-07-13 20:02:01.891000+08:00	{'东门北侧': {'A': [1, 1, 1, 1, 1, 0, 1, 0, 1, 1], 'B': [1, 1, 1, 1, 1, 1, 1, 1, 1, 1], 'C': [1, 1, 1, 0, 1, 0, 1, 0, 1, 0], 'D': [1, 0, 1, 1, 1, 0, 0, 1, 0, 0], 'E': [1, 1, 1, 1, 1, 0, 1, 1, 1, 1], 'F': [1, 1, 1, 1, 1, 1, 1, 1, 1, 1], 'G': [1, 1, 1, 1, 1, 1, 1, 1, 0, 0], 'H': [1, 1, 1, 1, 1, 1, 0, 1, 0, 1], 'I': [1, 0, 1, 1, 1, 1, 0, 1, 0, 1], 'J': [0, 1, 0, 1, 0, 0, 1, 1, 1, 0], 'K': [1, 1, 1, 0, 1, 1, 1, 1, 1, 0]}, '东门南侧': {'A': [0, 1, 1, 1, 0, 0, 0, 0, 1, 0], 'B': [0, 0, 0, 0, 0, 0, 0, 0, 0, 0]}, '西门北侧': {'A': [1, 1, 1, 1, 1, 1, 1, 1, 0, 0], 'B': [1, 1, 1, 1, 1, 1, 1, 0, 1, 0], 'C': [1, 1, 1, 1, 0, 1, 1, 0, 0, 0]}, '西门南侧': {'A': [0, 1, 1, 1, 1, 1, 1, 1, 1, 1], 'B': [1, 1, 1, 1, 1, 1, 1, 1, 1, 1], 'C': [1, 1, 1, 1, 0, 0, 1, 1, 1, 1]}, '南门西侧': {'A': [1, 1, 1, 1, 1, 1, 1, 1, 1, 1], 'B': [0, 0, 1, 0, 0, 0, 0, 0, 0, 0]}, '南门东侧': {'A': [1, 0, 0, 1, 1, 1, 1, 1, 1, 1], 'B': [1, 1, 1, 1, 1, 1, 1, 1, 1, 1]}, '北门东北侧': {'A': [1, 1, 1, 1, 1, 1, 1, 1, 1, 1], 'B': [1, 0, 0, 1, 1, 0, 0, 1, 0, 0], 'C': [0, 0, 0, 1, 0, 0, 0, 1, 1, 0], 'D': [0, 0, 0, 0, 0, 0, 0, 0, 1, 0]}, '北门东南侧': {'A': [1, 1, 1, 0, 1, 0, 1, 1, 0, 1], 'B': [0, 1, 0, 0, 0, 0, 0, 0, 1, 1], 'C': [1, 1, 1, 0, 1, 0, 1, 0, 0, 0], 'D': [0, 0, 0, 0, 0, 0, 0, 1, 0, 0], 'E': [0, 0, 0, 1, 0, 0, 0, 0, 1, 0], 'F': [1, 1, 1, 1, 0, 1, 1, 0, 1, 1]}, '橘园北侧南': {'A': [0, 1, 0, 0, 0, 0, 0, 1, 1, 1], 'B': [0, 1, 1, 1, 0, 0, 1, 1, 1, 1], 'C': [1, 0, 1, 1, 0, 1, 1, 0, 0, 0], 'D': [1, 1, 1, 1, 1, 0, 0, 1, 1, 0], 'E': [0, 1, 1, 0, 1, 1, 0, 0, 1, 0], 'F': [0, 0, 0, 1, 0, 0, 0, 0, 1, 0], 'G': [1, 0, 1, 0, 0, 0, 0, 1, 0, 1], 'H': [0, 1, 0, 1, 0, 0, 1, 0, 0, 0], 'I': [0, 0, 0, 0, 0, 0, 0, 0, 0, 0], 'J': [0, 0, 0, 0, 0, 0, 1, 0, 1, 1]}, '校医院西': {'A': [0, 1, 0, 1, 1, 1, 1, 1, 1, 0], 'B': [1, 1, 1, 1, 0, 1, 0, 1, 0, 1], 'C': [0, 1, 0, 1, 1, 0, 1, 1, 0, 1], 'D': [1, 1, 1, 0, 1, 0, 1, 1, 1, 1], 'E': [1, 1, 0, 1, 1, 1, 1, 1, 1, 1], 'F': [1, 0, 1, 1, 1, 1, 1, 1, 1, 1], 'G': [0, 0, 0, 0, 1, 1, 1, 1, 1, 0], 'H': [0, 1, 0, 0, 0, 0, 0, 0, 0, 0], 'I': [0, 0, 0, 0, 0, 0, 0, 1, 0, 0]}}
624158	2024-07-13 20:02:59.398000+08:00	2024-07-13 20:02:59.398000+08:00	{'东门北侧': {'A': [1, 1, 1, 1, 1, 0, 1, 0, 1, 1], 'B': [1, 1, 1, 1, 1, 1, 1, 1, 1, 1], 'C': [1, 1, 1, 0, 1, 0, 1, 0, 1, 0], 'D': [1, 0, 1, 1, 1, 0, 0, 1, 0, 0], 'E': [1, 1, 1, 1, 1, 0, 1, 1, 1, 1], 'F': [1, 1, 1, 1, 1, 1, 1, 1, 1, 1], 'G': [1, 1, 1, 1, 1, 1, 1, 1, 0, 0], 'H': [1, 1, 1, 1, 1, 1, 0, 1, 0, 1], 'I': [1, 0, 1, 1, 1, 1, 0, 1, 0, 1], 'J': [0, 1, 0, 1, 0, 0, 1, 1, 1, 0], 'K': [1, 1, 1, 0, 1, 1, 1, 1, 1, 0]}, '东门南侧': {'A': [0, 1, 1, 1, 0, 0, 0, 0, 1, 0], 'B': [0, 0, 0, 0, 0, 0, 0, 0, 0, 0]}, '西门北侧': {'A': [1, 1, 1, 1, 1, 1, 1, 1, 0, 0], 'B': [1, 1, 1, 1, 1, 1, 1, 0, 1, 0], 'C': [1, 1, 1, 1, 0, 1, 1, 0, 0, 0]}, '西门南侧': {'A': [0, 1, 1, 1, 1, 1, 1, 1, 1, 1], 'B': [1, 1, 1, 1, 1, 1, 1, 1, 1, 1], 'C': [1, 1, 1, 1, 0, 0, 1, 1, 1, 1]}, '南门西侧': {'A': [1, 1, 1, 1, 1, 1, 1, 1, 1, 1], 'B': [0, 0, 1, 0, 0, 0, 0, 0, 0, 0]}, '南门东侧': {'A': [1, 0, 0, 1, 1, 1, 1, 1, 1, 1], 'B': [1, 1, 1, 1, 1, 1, 1, 1, 1, 1]}, '北门东北侧': {'A': [1, 1, 1, 1, 1, 1, 1, 1, 1, 1], 'B': [1, 0, 0, 1, 1, 0, 0, 1, 0, 0], 'C': [0, 0, 0, 1, 0, 0, 0, 1, 1, 0], 'D': [0, 0, 0, 0, 0, 0, 0, 0, 1, 0]}, '北门东南侧': {'A': [1, 1, 1, 0, 1, 0, 1, 1, 0, 1], 'B': [0, 1, 0, 0, 0, 0, 0, 0, 1, 1], 'C': [1, 1, 1, 0, 1, 0, 1, 0, 0, 0], 'D': [0, 0, 0, 0, 0, 0, 0, 1, 0, 0], 'E': [0, 0, 0, 1, 0, 0, 0, 0, 1, 0], 'F': [1, 1, 1, 1, 0, 1, 1, 0, 1, 1]}, '橘园北侧南': {'A': [0, 1, 0, 0, 0, 0, 0, 1, 1, 1], 'B': [0, 1, 1, 1, 0, 0, 1, 1, 1, 1], 'C': [1, 0, 1, 1, 0, 1, 1, 0, 0, 0], 'D': [1, 1, 1, 1, 1, 0, 0, 1, 1, 0], 'E': [0, 1, 1, 0, 1, 1, 0, 0, 1, 0], 'F': [0, 0, 0, 1, 0, 0, 0, 0, 1, 0], 'G': [1, 0, 1, 0, 0, 0, 0, 1, 0, 1], 'H': [0, 1, 0, 1, 0, 0, 1, 0, 0, 0], 'I': [0, 0, 0, 0, 0, 0, 0, 0, 0, 0], 'J': [0, 0, 0, 0, 0, 0, 1, 0, 1, 1]}, '校医院西': {'A': [0, 1, 0, 1, 1, 1, 1, 1, 1, 0], 'B': [1, 1, 1, 1, 0, 1, 0, 1, 0, 1], 'C': [0, 1, 0, 1, 1, 0, 1, 1, 0, 1], 'D': [1, 1, 1, 0, 1, 0, 1, 1, 1, 1], 'E': [1, 1, 0, 1, 1, 1, 1, 1, 1, 1], 'F': [1, 0, 1, 1, 1, 1, 1, 1, 1, 1], 'G': [0, 0, 0, 0, 1, 1, 1, 1, 1, 0], 'H': [0, 1, 0, 0, 0, 0, 0, 0, 0, 0], 'I': [0, 0, 0, 0, 0, 0, 0, 1, 0, 0]}}
624159	2024-07-13 20:04:01.656000+08:00	2024-07-13 20:04:01.656000+08:00	{'东门北侧': {'A': [1, 1, 1, 1, 1, 0, 1, 0, 1, 1], 'B': [1, 1, 1, 1, 1, 1, 1, 1, 1, 1], 'C': [1, 1, 1, 0, 1, 0, 1, 0, 1, 0], 'D': [1, 0, 1, 1, 1, 0, 0, 1, 0, 0], 'E': [1, 1, 1, 1, 1, 0, 1, 1, 1, 1], 'F': [1, 1, 1, 1, 1, 1, 1, 1, 1, 1], 'G': [1, 1, 1, 1, 1, 1, 1, 1, 0, 0], 'H': [1, 1, 1, 1, 1, 1, 0, 1, 0, 1], 'I': [1, 0, 1, 1, 1, 1, 0, 1, 0, 1], 'J': [0, 1, 0, 1, 0, 0, 1, 1, 1, 0], 'K': [1, 1, 1, 0, 1, 1, 1, 1, 1, 0]}, '东门南侧': {'A': [0, 1, 1, 1, 0, 0, 0, 0, 1, 0], 'B': [0, 0, 0, 0, 0, 0, 0, 0, 0, 0]}, '西门北侧': {'A': [1, 1, 1, 1, 1, 1, 1, 1, 0, 0], 'B': [1, 1, 1, 1, 0, 1, 1, 0, 1, 0], 'C': [1, 1, 1, 1, 0, 1, 1, 0, 0, 0]}, '西门南侧': {'A': [0, 1, 1, 1, 1, 1, 1, 1, 1, 1], 'B': [1, 1, 1, 1, 1, 1, 1, 1, 1, 1], 'C': [1, 1, 1, 1, 0, 0, 1, 1, 1, 1]}, '南门西侧': {'A': [1, 1, 1, 1, 1, 1, 1, 1, 1, 1], 'B': [0, 0, 1, 0, 0, 0, 0, 0, 0, 0]}, '南门东侧': {'A': [1, 0, 0, 1, 1, 1, 1, 1, 1, 1], 'B': [1, 1, 1, 1, 1, 1, 1, 1, 1, 1]}, '北门东北侧': {'A': [1, 1, 1, 1, 1, 1, 1, 1, 1, 1], 'B': [1, 0, 0, 1, 1, 0, 0, 1, 0, 0], 'C': [0, 0, 0, 1, 0, 0, 0, 1, 1, 0], 'D': [0, 0, 0, 0, 0, 0, 0, 0, 1, 0]}, '北门东南侧': {'A': [1, 1, 1, 0, 1, 0, 1, 1, 0, 1], 'B': [0, 1, 0, 0, 0, 0, 0, 0, 1, 1], 'C': [1, 1, 1, 0, 1, 0, 1, 0, 0, 0], 'D': [0, 0, 0, 0, 0, 0, 0, 1, 0, 0], 'E': [0, 0, 0, 1, 0, 0, 0, 0, 1, 0], 'F': [1, 1, 1, 1, 0, 1, 1, 0, 1, 1]}, '橘园北侧南': {'A': [0, 1, 1, 0, 0, 0, 0, 1, 1, 1], 'B': [0, 1, 1, 1, 0, 0, 1, 1, 1, 1], 'C': [1, 0, 1, 1, 0, 1, 1, 0, 0, 0], 'D': [1, 1, 1, 1, 1, 0, 0, 1, 1, 0], 'E': [0, 1, 1, 0, 1, 1, 0, 0, 1, 0], 'F': [0, 0, 0, 1, 0, 0, 0, 0, 1, 0], 'G': [1, 0, 1, 0, 0, 0, 0, 1, 0, 1], 'H': [0, 1, 0, 1, 0, 0, 1, 0, 0, 0], 'I': [0, 0, 0, 0, 0, 0, 0, 0, 0, 0], 'J': [0, 0, 0, 0, 0, 0, 1, 1, 1, 1]}, '校医院西': {'A': [0, 1, 0, 1, 1, 1, 1, 1, 1, 0], 'B': [1, 1, 1, 1, 0, 1, 0, 1, 0, 1], 'C': [0, 1, 0, 1, 1, 0, 1, 1, 0, 1], 'D': [1, 1, 1, 0, 1, 0, 1, 1, 1, 1], 'E': [1, 1, 0, 1, 1, 1, 1, 1, 1, 1], 'F': [1, 0, 1, 1, 1, 1, 1, 1, 1, 1], 'G': [0, 0, 0, 0, 1, 1, 1, 1, 1, 0], 'H': [0, 1, 0, 0, 0, 0, 0, 0, 0, 0], 'I': [0, 0, 0, 0, 0, 0, 0, 1, 0, 0]}}
624160	2024-07-13 20:05:02.756000+08:00	2024-07-13 20:05:02.756000+08:00	{'东门北侧': {'A': [1, 1, 1, 1, 1, 0, 1, 0, 1, 1], 'B': [1, 1, 1, 1, 1, 1, 1, 1, 1, 1], 'C': [1, 1, 1, 0, 1, 0, 1, 0, 1, 0], 'D': [1, 0, 1, 1, 1, 0, 0, 1, 0, 0], 'E': [1, 1, 1, 1, 1, 0, 1, 1, 1, 1], 'F': [1, 1, 1, 1, 1, 1, 1, 1, 1, 1], 'G': [1, 1, 1, 1, 1, 1, 1, 1, 0, 0], 'H': [1, 1, 1, 1, 1, 1, 0, 1, 0, 1], 'I': [1, 0, 1, 1, 1, 1, 0, 1, 0, 1], 'J': [0, 1, 0, 1, 0, 0, 1, 1, 1, 0], 'K': [1, 1, 1, 0, 1, 1, 1, 1, 1, 0]}, '东门南侧': {'A': [0, 1, 1, 1, 0, 0, 0, 0, 1, 0], 'B': [0, 0, 0, 0, 0, 0, 0, 0, 0, 0]}, '西门北侧': {'A': [1, 1, 1, 1, 1, 1, 1, 1, 0, 0], 'B': [1, 1, 1, 1, 0, 1, 1, 0, 1, 0], 'C': [1, 1, 1, 1, 0, 1, 1, 0, 0, 0]}, '西门南侧': {'A': [0, 1, 1, 1, 1, 1, 1, 1, 1, 1], 'B': [1, 1, 1, 1, 1, 1, 1, 1, 1, 1], 'C': [1, 1, 1, 1, 0, 0, 1, 1, 1, 1]}, '南门西侧': {'A': [1, 1, 1, 1, 1, 1, 1, 1, 1, 1], 'B': [0, 0, 1, 0, 0, 0, 0, 0, 0, 0]}, '南门东侧': {'A': [1, 0, 0, 1, 1, 1, 1, 1, 1, 1], 'B': [1, 1, 1, 1, 1, 1, 1, 1, 1, 1]}, '北门东北侧': {'A': [1, 1, 1, 1, 1, 1, 1, 1, 1, 1], 'B': [1, 0, 0, 1, 1, 0, 0, 1, 0, 0], 'C': [0, 0, 0, 1, 0, 0, 0, 1, 1, 0], 'D': [0, 0, 0, 0, 0, 0, 0, 0, 1, 0]}, '北门东南侧': {'A': [1, 1, 1, 0, 1, 0, 1, 1, 0, 1], 'B': [0, 1, 0, 0, 0, 0, 0, 0, 1, 1], 'C': [1, 1, 1, 0, 1, 0, 1, 0, 0, 0], 'D': [0, 0, 0, 0, 0, 0, 0, 0, 0, 0], 'E': [0, 0, 0, 1, 0, 0, 0, 0, 0, 0], 'F': [1, 1, 1, 1, 0, 1, 1, 0, 1, 1]}, '橘园北侧南': {'A': [0, 1, 1, 0, 0, 0, 0, 1, 1, 1], 'B': [0, 1, 1, 1, 0, 0, 1, 1, 1, 1], 'C': [1, 0, 1, 1, 0, 1, 1, 0, 0, 0], 'D': [1, 1, 1, 1, 1, 0, 0, 1, 1, 0], 'E': [0, 1, 1, 0, 1, 1, 0, 0, 1, 0], 'F': [0, 0, 0, 1, 0, 0, 0, 0, 1, 0], 'G': [1, 0, 1, 0, 0, 0, 0, 1, 0, 1], 'H': [0, 1, 0, 1, 0, 0, 1, 0, 0, 0], 'I': [0, 0, 0, 0, 0, 0, 0, 0, 0, 0], 'J': [0, 0, 0, 0, 0, 0, 1, 1, 1, 1]}, '校医院西': {'A': [0, 1, 0, 1, 1, 1, 1, 1, 1, 0], 'B': [1, 1, 1, 1, 0, 1, 0, 1, 0, 1], 'C': [0, 1, 0, 1, 1, 0, 1, 1, 0, 1], 'D': [1, 1, 1, 0, 1, 0, 1, 1, 1, 1], 'E': [1, 1, 0, 1, 1, 1, 1, 1, 1, 1], 'F': [1, 0, 1, 1, 1, 1, 1, 1, 1, 1], 'G': [0, 0, 0, 0, 1, 1, 1, 1, 1, 0], 'H': [0, 1, 0, 0, 0, 0, 0, 0, 0, 0], 'I': [0, 0, 0, 0, 0, 0, 0, 1, 0, 0]}}
624161	2024-07-13 20:06:01.673000+08:00	2024-07-13 20:06:01.673000+08:00	{'东门北侧': {'A': [1, 1, 1, 1, 1, 0, 1, 0, 1, 1], 'B': [1, 1, 1, 1, 1, 1, 1, 1, 1, 1], 'C': [1, 1, 1, 0, 1, 0, 1, 0, 1, 0], 'D': [1, 0, 1, 1, 1, 0, 0, 1, 0, 0], 'E': [1, 1, 1, 1, 1, 0, 1, 1, 1, 1], 'F': [1, 1, 1, 1, 1, 1, 1, 1, 1, 1], 'G': [1, 1, 1, 1, 1, 1, 1, 1, 0, 0], 'H': [1, 1, 1, 1, 1, 1, 0, 1, 0, 1], 'I': [1, 0, 1, 1, 1, 1, 0, 1, 0, 1], 'J': [0, 1, 0, 1, 0, 0, 1, 1, 1, 0], 'K': [1, 1, 1, 0, 1, 1, 1, 1, 1, 0]}, '东门南侧': {'A': [0, 1, 1, 1, 0, 0, 0, 0, 1, 0], 'B': [0, 0, 0, 0, 0, 0, 0, 0, 0, 0]}, '西门北侧': {'A': [1, 1, 1, 1, 1, 1, 1, 1, 0, 0], 'B': [1, 1, 1, 1, 0, 1, 1, 0, 1, 0], 'C': [1, 1, 1, 1, 0, 1, 1, 0, 0, 0]}, '西门南侧': {'A': [0, 1, 1, 1, 1, 1, 1, 1, 1, 1], 'B': [1, 1, 1, 1, 1, 1, 1, 1, 1, 1], 'C': [1, 1, 1, 1, 0, 0, 1, 1, 1, 1]}, '南门西侧': {'A': [1, 1, 1, 1, 1, 1, 1, 1, 1, 1], 'B': [0, 0, 1, 0, 0, 0, 0, 0, 0, 0]}, '南门东侧': {'A': [1, 0, 0, 1, 1, 1, 1, 1, 1, 1], 'B': [1, 1, 1, 1, 1, 1, 1, 1, 1, 1]}, '北门东北侧': {'A': [1, 1, 1, 1, 1, 1, 1, 1, 1, 1], 'B': [1, 0, 0, 1, 1, 0, 0, 1, 0, 0], 'C': [0, 0, 0, 1, 0, 0, 0, 1, 1, 0], 'D': [0, 0, 0, 0, 0, 0, 0, 0, 1, 0]}, '北门东南侧': {'A': [1, 1, 1, 0, 1, 0, 1, 1, 0, 1], 'B': [0, 1, 0, 0, 0, 0, 0, 0, 1, 1], 'C': [1, 0, 1, 0, 1, 0, 1, 0, 0, 0], 'D': [0, 0, 0, 0, 0, 0, 0, 0, 0, 0], 'E': [0, 0, 0, 1, 0, 0, 0, 0, 0, 0], 'F': [1, 1, 1, 1, 0, 1, 1, 0, 1, 1]}, '橘园北侧南': {'A': [0, 1, 1, 0, 0, 0, 0, 1, 1, 1], 'B': [0, 1, 1, 1, 0, 0, 1, 1, 1, 1], 'C': [1, 0, 1, 1, 0, 1, 1, 0, 0, 0], 'D': [1, 1, 1, 1, 1, 0, 0, 1, 1, 0], 'E': [0, 1, 1, 0, 1, 1, 0, 0, 1, 0], 'F': [0, 0, 0, 1, 0, 0, 0, 0, 1, 0], 'G': [1, 0, 1, 0, 0, 0, 0, 1, 0, 1], 'H': [0, 1, 0, 1, 0, 0, 1, 0, 0, 0], 'I': [0, 0, 0, 0, 0, 0, 0, 0, 0, 0], 'J': [0, 0, 0, 0, 0, 0, 1, 1, 1, 1]}, '校医院西': {'A': [0, 1, 0, 1, 1, 1, 1, 1, 1, 0], 'B': [1, 1, 1, 1, 0, 1, 0, 1, 0, 1], 'C': [0, 1, 0, 1, 1, 0, 1, 1, 0, 1], 'D': [1, 1, 1, 0, 1, 0, 1, 1, 1, 1], 'E': [1, 1, 0, 1, 1, 1, 1, 1, 1, 1], 'F': [1, 0, 1, 1, 1, 1, 1, 1, 1, 1], 'G': [0, 0, 0, 0, 1, 1, 1, 1, 1, 0], 'H': [0, 1, 0, 0, 0, 0, 0, 0, 0, 0], 'I': [0, 0, 0, 0, 0, 0, 0, 1, 0, 0]}}
624162	2024-07-13 20:06:59.688000+08:00	2024-07-13 20:06:59.688000+08:00	{'东门北侧': {'A': [1, 1, 1, 1, 1, 0, 1, 0, 1, 1], 'B': [1, 1, 1, 1, 1, 1, 1, 1, 1, 1], 'C': [1, 1, 1, 0, 1, 0, 1, 0, 1, 0], 'D': [1, 0, 1, 1, 1, 0, 0, 1, 0, 0], 'E': [1, 1, 1, 1, 1, 0, 1, 1, 1, 1], 'F': [1, 1, 1, 1, 1, 1, 1, 1, 1, 1], 'G': [1, 1, 1, 1, 1, 1, 1, 1, 0, 0], 'H': [1, 1, 1, 1, 1, 1, 0, 1, 0, 1], 'I': [1, 0, 1, 1, 1, 1, 0, 1, 0, 1], 'J': [0, 1, 0, 1, 0, 0, 1, 1, 1, 0], 'K': [1, 1, 1, 0, 1, 1, 1, 1, 1, 0]}, '东门南侧': {'A': [0, 1, 1, 1, 0, 0, 0, 1, 1, 0], 'B': [0, 0, 0, 0, 0, 0, 0, 0, 0, 0]}, '西门北侧': {'A': [1, 1, 1, 1, 1, 1, 1, 1, 0, 0], 'B': [1, 1, 1, 1, 0, 1, 1, 0, 1, 0], 'C': [1, 1, 1, 1, 0, 1, 1, 0, 0, 0]}, '西门南侧': {'A': [0, 1, 1, 1, 1, 1, 1, 1, 1, 1], 'B': [1, 1, 1, 1, 1, 1, 1, 1, 1, 1], 'C': [1, 1, 1, 1, 0, 0, 1, 1, 1, 1]}, '南门西侧': {'A': [1, 1, 1, 1, 1, 1, 1, 1, 1, 1], 'B': [0, 0, 1, 0, 0, 0, 0, 0, 0, 0]}, '南门东侧': {'A': [1, 0, 0, 1, 1, 1, 1, 1, 1, 1], 'B': [1, 1, 1, 1, 1, 1, 1, 1, 1, 1]}, '北门东北侧': {'A': [1, 1, 1, 1, 1, 1, 1, 1, 1, 1], 'B': [1, 0, 0, 1, 1, 0, 0, 1, 0, 0], 'C': [0, 0, 0, 1, 0, 0, 0, 1, 1, 0], 'D': [0, 0, 0, 0, 0, 0, 0, 0, 0, 0]}, '北门东南侧': {'A': [1, 1, 1, 0, 1, 0, 1, 1, 0, 1], 'B': [0, 1, 0, 0, 0, 0, 0, 0, 1, 1], 'C': [1, 0, 1, 0, 1, 0, 1, 0, 0, 0], 'D': [0, 0, 0, 0, 0, 0, 0, 0, 0, 0], 'E': [0, 0, 0, 1, 0, 0, 0, 0, 0, 0], 'F': [1, 1, 1, 1, 0, 1, 1, 0, 1, 1]}, '橘园北侧南': {'A': [0, 1, 1, 0, 0, 0, 0, 1, 1, 1], 'B': [0, 1, 1, 1, 0, 0, 1, 1, 1, 1], 'C': [1, 0, 1, 1, 0, 1, 1, 0, 0, 0], 'D': [1, 1, 1, 1, 1, 0, 0, 1, 1, 0], 'E': [0, 1, 1, 0, 1, 1, 0, 0, 1, 0], 'F': [0, 0, 0, 1, 0, 0, 0, 0, 1, 0], 'G': [1, 0, 1, 0, 0, 0, 0, 1, 0, 1], 'H': [0, 1, 0, 1, 0, 0, 1, 0, 0, 0], 'I': [0, 0, 0, 0, 0, 0, 0, 0, 0, 0], 'J': [0, 0, 0, 0, 0, 0, 1, 1, 1, 1]}, '校医院西': {'A': [0, 1, 0, 1, 1, 1, 1, 1, 1, 0], 'B': [1, 1, 1, 1, 0, 1, 0, 1, 0, 1], 'C': [0, 1, 0, 1, 1, 0, 1, 1, 0, 1], 'D': [1, 1, 1, 0, 1, 0, 1, 1, 1, 1], 'E': [1, 1, 0, 1, 1, 1, 1, 1, 1, 1], 'F': [1, 0, 1, 1, 1, 1, 1, 1, 1, 1], 'G': [0, 0, 0, 0, 1, 1, 1, 1, 1, 0], 'H': [0, 1, 0, 0, 0, 0, 0, 0, 0, 0], 'I': [0, 0, 0, 0, 0, 0, 0, 1, 0, 0]}}
624163	2024-07-13 20:07:59.695000+08:00	2024-07-13 20:07:59.695000+08:00	{'东门北侧': {'A': [1, 1, 1, 1, 1, 0, 1, 0, 1, 1], 'B': [1, 1, 1, 1, 1, 1, 1, 1, 1, 1], 'C': [1, 1, 1, 0, 1, 0, 1, 0, 1, 0], 'D': [1, 0, 1, 1, 1, 0, 0, 1, 0, 0], 'E': [1, 1, 1, 1, 1, 0, 1, 1, 1, 1], 'F': [1, 1, 1, 1, 1, 1, 1, 1, 1, 1], 'G': [1, 1, 1, 1, 1, 1, 1, 1, 0, 0], 'H': [1, 1, 1, 1, 1, 1, 0, 1, 0, 1], 'I': [1, 0, 1, 1, 1, 1, 0, 1, 0, 1], 'J': [0, 1, 0, 1, 0, 0, 1, 1, 1, 0], 'K': [1, 1, 1, 0, 1, 1, 1, 1, 1, 0]}, '东门南侧': {'A': [0, 1, 1, 1, 0, 0, 0, 1, 1, 0], 'B': [0, 0, 0, 0, 0, 0, 0, 0, 0, 0]}, '西门北侧': {'A': [1, 1, 1, 1, 1, 1, 1, 1, 0, 0], 'B': [1, 1, 1, 1, 0, 1, 1, 0, 1, 0], 'C': [1, 1, 1, 1, 0, 1, 1, 0, 0, 0]}, '西门南侧': {'A': [0, 1, 1, 1, 1, 1, 1, 1, 1, 1], 'B': [1, 1, 1, 1, 1, 1, 1, 1, 1, 1], 'C': [1, 1, 1, 1, 0, 0, 1, 1, 1, 1]}, '南门西侧': {'A': [1, 1, 1, 1, 1, 1, 1, 1, 1, 1], 'B': [0, 0, 1, 0, 0, 0, 0, 0, 0, 0]}, '南门东侧': {'A': [1, 0, 0, 1, 1, 1, 1, 1, 1, 1], 'B': [1, 1, 1, 1, 1, 1, 1, 1, 1, 1]}, '北门东北侧': {'A': [1, 1, 1, 1, 1, 1, 1, 1, 1, 1], 'B': [1, 0, 0, 1, 1, 0, 0, 1, 0, 0], 'C': [0, 0, 0, 1, 0, 0, 0, 1, 1, 0], 'D': [0, 0, 0, 0, 0, 0, 0, 0, 0, 0]}, '北门东南侧': {'A': [1, 1, 1, 0, 1, 0, 1, 1, 0, 1], 'B': [0, 1, 0, 0, 0, 0, 0, 0, 1, 1], 'C': [1, 0, 1, 0, 1, 0, 1, 0, 0, 0], 'D': [0, 0, 0, 0, 0, 0, 0, 0, 0, 0], 'E': [0, 0, 0, 1, 0, 0, 0, 0, 0, 0], 'F': [1, 1, 1, 1, 0, 1, 1, 0, 1, 1]}, '橘园北侧南': {'A': [0, 1, 1, 0, 0, 0, 0, 1, 1, 1], 'B': [0, 1, 1, 1, 0, 0, 1, 1, 1, 1], 'C': [1, 0, 1, 1, 0, 1, 1, 0, 0, 0], 'D': [1, 1, 1, 1, 1, 0, 0, 1, 1, 0], 'E': [0, 1, 1, 0, 1, 1, 0, 0, 1, 0], 'F': [0, 0, 0, 1, 0, 0, 0, 0, 1, 0], 'G': [1, 0, 1, 0, 0, 0, 0, 1, 0, 1], 'H': [0, 1, 0, 1, 0, 0, 1, 0, 0, 0], 'I': [0, 0, 0, 0, 0, 0, 0, 0, 0, 0], 'J': [0, 0, 0, 0, 0, 0, 1, 1, 1, 1]}, '校医院西': {'A': [0, 1, 0, 1, 1, 1, 1, 1, 1, 0], 'B': [1, 1, 1, 1, 0, 1, 0, 1, 0, 1], 'C': [0, 1, 0, 1, 1, 0, 1, 1, 0, 1], 'D': [1, 1, 1, 0, 1, 0, 1, 1, 1, 1], 'E': [1, 1, 0, 1, 1, 1, 1, 1, 1, 1], 'F': [1, 0, 1, 1, 1, 1, 1, 1, 1, 1], 'G': [0, 0, 0, 0, 1, 1, 1, 1, 1, 0], 'H': [0, 1, 0, 0, 0, 0, 0, 0, 0, 0], 'I': [0, 0, 0, 0, 0, 0, 0, 1, 0, 0]}}
624164	2024-07-13 20:09:00.412000+08:00	2024-07-13 20:09:00.412000+08:00	{'东门北侧': {'A': [1, 1, 1, 1, 1, 0, 1, 0, 1, 1], 'B': [1, 1, 1, 1, 1, 1, 1, 1, 1, 1], 'C': [1, 1, 1, 0, 1, 0, 1, 0, 1, 0], 'D': [1, 0, 1, 1, 1, 0, 0, 1, 0, 0], 'E': [1, 1, 1, 1, 1, 0, 1, 1, 1, 1], 'F': [1, 1, 1, 1, 1, 1, 1, 1, 1, 1], 'G': [1, 1, 1, 1, 1, 1, 1, 1, 0, 0], 'H': [1, 1, 1, 1, 1, 1, 0, 1, 0, 1], 'I': [1, 0, 1, 1, 1, 1, 0, 1, 0, 1], 'J': [1, 1, 0, 1, 0, 0, 1, 1, 1, 0], 'K': [1, 1, 1, 0, 1, 1, 1, 1, 1, 0]}, '东门南侧': {'A': [0, 1, 1, 1, 0, 0, 0, 1, 1, 0], 'B': [0, 0, 0, 0, 0, 0, 0, 0, 0, 0]}, '西门北侧': {'A': [1, 1, 1, 1, 1, 1, 1, 1, 0, 0], 'B': [1, 1, 1, 1, 0, 1, 1, 0, 1, 0], 'C': [1, 1, 1, 1, 0, 1, 1, 0, 0, 0]}, '西门南侧': {'A': [0, 1, 1, 1, 1, 1, 1, 1, 1, 1], 'B': [1, 1, 1, 1, 1, 1, 1, 1, 1, 1], 'C': [1, 1, 1, 1, 0, 0, 1, 1, 1, 1]}, '南门西侧': {'A': [1, 1, 1, 1, 1, 1, 1, 1, 1, 1], 'B': [0, 0, 1, 0, 0, 0, 0, 0, 0, 0]}, '南门东侧': {'A': [1, 0, 0, 1, 1, 1, 1, 1, 1, 1], 'B': [1, 1, 1, 1, 1, 1, 1, 1, 1, 1]}, '北门东北侧': {'A': [1, 1, 1, 1, 1, 1, 1, 1, 1, 1], 'B': [1, 0, 0, 1, 1, 0, 0, 1, 0, 0], 'C': [0, 0, 0, 1, 0, 0, 0, 1, 1, 0], 'D': [0, 0, 0, 0, 0, 0, 0, 0, 0, 0]}, '北门东南侧': {'A': [1, 1, 1, 0, 1, 0, 1, 1, 0, 1], 'B': [0, 1, 0, 0, 0, 0, 0, 0, 1, 1], 'C': [1, 0, 1, 0, 1, 0, 1, 0, 0, 0], 'D': [0, 0, 0, 0, 0, 0, 0, 0, 0, 0], 'E': [0, 0, 0, 1, 0, 0, 0, 0, 0, 0], 'F': [1, 1, 1, 1, 0, 1, 1, 0, 1, 1]}, '橘园北侧南': {'A': [0, 1, 1, 0, 0, 0, 0, 1, 1, 1], 'B': [0, 1, 1, 1, 0, 0, 1, 1, 1, 1], 'C': [1, 0, 1, 1, 0, 1, 1, 0, 0, 0], 'D': [1, 1, 1, 1, 1, 0, 0, 1, 1, 0], 'E': [0, 1, 1, 0, 1, 1, 0, 0, 1, 0], 'F': [0, 0, 0, 1, 0, 0, 0, 0, 1, 0], 'G': [1, 0, 1, 0, 0, 0, 0, 1, 0, 1], 'H': [0, 1, 0, 1, 0, 0, 1, 0, 0, 0], 'I': [0, 0, 0, 0, 0, 0, 0, 0, 0, 0], 'J': [0, 0, 0, 0, 0, 0, 1, 1, 1, 1]}, '校医院西': {'A': [0, 1, 0, 1, 1, 1, 1, 1, 1, 0], 'B': [1, 1, 1, 1, 0, 1, 0, 1, 0, 1], 'C': [0, 1, 0, 1, 1, 0, 1, 1, 0, 1], 'D': [1, 1, 1, 0, 1, 0, 1, 1, 1, 1], 'E': [1, 1, 0, 1, 1, 1, 1, 1, 1, 1], 'F': [1, 0, 1, 1, 1, 1, 1, 1, 1, 1], 'G': [0, 0, 0, 0, 1, 1, 1, 1, 1, 0], 'H': [0, 1, 0, 0, 0, 0, 0, 0, 0, 0], 'I': [0, 0, 0, 0, 0, 0, 0, 1, 0, 0]}}
624165	2024-07-13 20:09:58.597000+08:00	2024-07-13 20:09:58.597000+08:00	{'东门北侧': {'A': [1, 1, 1, 1, 1, 0, 1, 0, 1, 1], 'B': [1, 1, 1, 1, 1, 1, 1, 1, 1, 1], 'C': [1, 1, 1, 0, 1, 0, 1, 0, 1, 0], 'D': [1, 0, 1, 1, 1, 0, 0, 1, 0, 0], 'E': [1, 1, 1, 1, 1, 0, 1, 1, 1, 1], 'F': [1, 1, 1, 1, 1, 1, 1, 1, 1, 1], 'G': [1, 1, 1, 1, 1, 1, 1, 1, 0, 0], 'H': [1, 1, 1, 1, 1, 1, 0, 1, 0, 1], 'I': [1, 0, 1, 1, 1, 1, 0, 1, 0, 1], 'J': [1, 1, 0, 1, 0, 0, 1, 1, 1, 0], 'K': [1, 1, 1, 0, 1, 1, 1, 1, 1, 0]}, '东门南侧': {'A': [0, 1, 1, 1, 0, 0, 0, 1, 1, 0], 'B': [0, 0, 0, 0, 0, 0, 0, 0, 0, 0]}, '西门北侧': {'A': [1, 1, 1, 1, 1, 1, 1, 1, 0, 0], 'B': [1, 1, 1, 1, 0, 1, 1, 0, 1, 0], 'C': [1, 1, 1, 1, 0, 1, 1, 0, 0, 0]}, '西门南侧': {'A': [0, 1, 1, 1, 1, 1, 1, 1, 1, 1], 'B': [1, 1, 1, 1, 1, 1, 1, 1, 1, 1], 'C': [1, 1, 1, 1, 0, 0, 1, 1, 1, 1]}, '南门西侧': {'A': [1, 1, 1, 1, 1, 1, 1, 1, 1, 1], 'B': [0, 0, 1, 0, 0, 0, 0, 0, 0, 0]}, '南门东侧': {'A': [1, 0, 0, 1, 1, 1, 1, 1, 1, 1], 'B': [1, 1, 1, 1, 1, 1, 1, 1, 1, 1]}, '北门东北侧': {'A': [1, 1, 1, 1, 1, 1, 1, 1, 1, 1], 'B': [1, 0, 0, 1, 1, 0, 0, 1, 0, 0], 'C': [0, 0, 0, 1, 0, 0, 0, 1, 1, 0], 'D': [0, 0, 0, 0, 0, 0, 0, 0, 0, 0]}, '北门东南侧': {'A': [1, 1, 1, 0, 1, 0, 1, 1, 0, 1], 'B': [0, 1, 0, 0, 0, 0, 0, 0, 1, 1], 'C': [1, 0, 1, 0, 1, 0, 1, 0, 0, 0], 'D': [0, 0, 0, 0, 0, 0, 0, 0, 0, 0], 'E': [0, 0, 0, 1, 0, 0, 0, 0, 0, 0], 'F': [1, 1, 1, 1, 0, 1, 1, 0, 1, 1]}, '橘园北侧南': {'A': [0, 1, 1, 0, 0, 0, 0, 1, 1, 1], 'B': [0, 1, 1, 1, 0, 0, 1, 1, 1, 1], 'C': [1, 0, 1, 1, 0, 1, 1, 0, 0, 0], 'D': [1, 1, 1, 1, 1, 0, 0, 1, 1, 0], 'E': [0, 1, 1, 0, 1, 1, 0, 0, 1, 0], 'F': [0, 0, 0, 1, 0, 0, 0, 0, 1, 0], 'G': [1, 0, 1, 0, 0, 0, 0, 1, 0, 1], 'H': [0, 1, 0, 1, 0, 0, 1, 0, 0, 0], 'I': [0, 0, 0, 0, 0, 0, 0, 0, 0, 0], 'J': [0, 0, 0, 0, 0, 0, 1, 1, 1, 1]}, '校医院西': {'A': [0, 1, 0, 1, 1, 1, 1, 1, 1, 0], 'B': [1, 1, 1, 1, 0, 1, 0, 1, 0, 1], 'C': [0, 1, 0, 1, 1, 0, 1, 1, 0, 1], 'D': [1, 1, 1, 0, 1, 0, 1, 1, 1, 1], 'E': [1, 1, 0, 1, 1, 1, 1, 1, 1, 1], 'F': [1, 0, 1, 1, 1, 1, 1, 1, 1, 1], 'G': [0, 0, 0, 0, 1, 1, 1, 1, 1, 0], 'H': [0, 1, 0, 0, 0, 0, 0, 0, 0, 0], 'I': [0, 0, 0, 0, 0, 0, 0, 1, 0, 0]}}
624166	2024-07-13 20:10:59.899000+08:00	2024-07-13 20:10:59.899000+08:00	{'东门北侧': {'A': [1, 1, 1, 1, 1, 0, 1, 0, 1, 1], 'B': [1, 1, 1, 1, 1, 1, 1, 1, 1, 1], 'C': [1, 1, 1, 0, 1, 0, 1, 0, 1, 0], 'D': [1, 0, 1, 1, 1, 0, 0, 1, 0, 0], 'E': [1, 1, 1, 1, 1, 0, 1, 1, 1, 1], 'F': [1, 1, 1, 1, 1, 1, 1, 1, 1, 1], 'G': [1, 1, 1, 1, 1, 1, 1, 1, 0, 0], 'H': [1, 1, 1, 1, 1, 1, 0, 1, 0, 1], 'I': [1, 0, 1, 1, 1, 1, 0, 1, 0, 1], 'J': [1, 1, 0, 1, 0, 0, 1, 1, 1, 0], 'K': [1, 1, 1, 0, 1, 1, 1, 1, 1, 0]}, '东门南侧': {'A': [0, 1, 1, 1, 0, 0, 0, 1, 1, 0], 'B': [0, 0, 0, 0, 0, 0, 0, 0, 0, 0]}, '西门北侧': {'A': [1, 1, 1, 1, 1, 1, 1, 1, 0, 0], 'B': [1, 1, 1, 1, 0, 1, 1, 0, 1, 0], 'C': [1, 1, 1, 1, 0, 1, 1, 0, 0, 0]}, '西门南侧': {'A': [0, 1, 1, 1, 1, 1, 1, 1, 1, 1], 'B': [1, 1, 1, 1, 1, 1, 1, 1, 1, 1], 'C': [1, 1, 1, 1, 0, 0, 1, 1, 1, 1]}, '南门西侧': {'A': [1, 1, 1, 1, 1, 1, 1, 1, 1, 1], 'B': [0, 0, 1, 0, 0, 0, 0, 0, 0, 0]}, '南门东侧': {'A': [1, 0, 0, 1, 1, 1, 1, 1, 1, 1], 'B': [1, 1, 1, 1, 1, 1, 1, 1, 1, 1]}, '北门东北侧': {'A': [1, 1, 1, 1, 1, 1, 1, 1, 1, 1], 'B': [1, 0, 0, 1, 1, 0, 0, 1, 0, 0], 'C': [0, 0, 0, 1, 0, 0, 0, 1, 1, 0], 'D': [0, 0, 0, 0, 0, 0, 0, 0, 0, 0]}, '北门东南侧': {'A': [1, 1, 1, 0, 1, 0, 1, 1, 0, 1], 'B': [0, 1, 0, 0, 0, 0, 0, 0, 1, 1], 'C': [1, 0, 1, 0, 1, 0, 1, 0, 0, 0], 'D': [0, 0, 0, 0, 0, 0, 0, 0, 0, 0], 'E': [0, 0, 0, 1, 0, 0, 0, 0, 0, 0], 'F': [1, 1, 1, 1, 0, 1, 1, 0, 1, 1]}, '橘园北侧南': {'A': [0, 1, 1, 0, 0, 0, 0, 1, 1, 1], 'B': [0, 1, 1, 1, 0, 0, 1, 1, 1, 1], 'C': [1, 0, 1, 1, 0, 1, 1, 0, 0, 0], 'D': [1, 1, 1, 1, 1, 0, 0, 1, 1, 0], 'E': [0, 1, 1, 0, 1, 1, 0, 0, 1, 0], 'F': [0, 0, 0, 1, 0, 0, 0, 0, 1, 0], 'G': [1, 0, 1, 0, 0, 0, 0, 1, 0, 1], 'H': [0, 1, 0, 1, 0, 0, 1, 0, 0, 0], 'I': [0, 0, 0, 0, 0, 0, 0, 0, 0, 0], 'J': [0, 0, 0, 0, 0, 0, 1, 1, 1, 1]}, '校医院西': {'A': [0, 1, 0, 1, 1, 1, 1, 1, 1, 0], 'B': [1, 1, 1, 1, 0, 1, 0, 1, 0, 1], 'C': [0, 1, 0, 1, 1, 0, 1, 1, 0, 1], 'D': [1, 1, 1, 0, 1, 0, 1, 1, 1, 1], 'E': [1, 1, 0, 1, 1, 1, 1, 1, 1, 1], 'F': [1, 0, 1, 1, 1, 1, 1, 1, 1, 1], 'G': [0, 0, 0, 0, 1, 1, 1, 1, 1, 0], 'H': [0, 1, 0, 0, 0, 0, 0, 0, 0, 0], 'I': [0, 0, 0, 0, 0, 0, 0, 1, 0, 0]}}
624167	2024-07-13 20:11:26.644000+08:00	2024-07-13 20:11:26.644000+08:00	{'东门北侧': {'A': [1, 1, 1, 1, 1, 0, 1, 0, 1, 1], 'B': [1, 1, 1, 1, 1, 1, 1, 1, 1, 1], 'C': [1, 1, 1, 0, 1, 0, 1, 0, 1, 0], 'D': [1, 0, 1, 1, 1, 0, 0, 1, 0, 0], 'E': [1, 1, 1, 1, 1, 0, 1, 1, 1, 1], 'F': [1, 1, 1, 1, 1, 1, 1, 1, 1, 1], 'G': [1, 1, 1, 1, 1, 1, 1, 1, 0, 0], 'H': [1, 1, 1, 1, 1, 1, 0, 1, 0, 1], 'I': [1, 0, 1, 1, 1, 1, 0, 1, 0, 1], 'J': [1, 1, 0, 1, 0, 0, 1, 1, 1, 0], 'K': [1, 1, 1, 0, 1, 1, 1, 1, 1, 0]}, '东门南侧': {'A': [0, 1, 1, 1, 0, 0, 0, 1, 1, 0], 'B': [0, 0, 0, 0, 0, 0, 0, 0, 0, 0]}, '西门北侧': {'A': [1, 1, 1, 1, 1, 1, 1, 1, 0, 0], 'B': [1, 1, 1, 1, 0, 1, 1, 0, 1, 0], 'C': [1, 1, 1, 1, 0, 1, 1, 0, 0, 0]}, '西门南侧': {'A': [0, 1, 1, 1, 1, 1, 1, 1, 1, 1], 'B': [1, 1, 1, 1, 1, 1, 1, 1, 1, 1], 'C': [1, 1, 1, 1, 0, 0, 1, 1, 1, 1]}, '南门西侧': {'A': [1, 1, 1, 1, 1, 1, 1, 1, 1, 1], 'B': [0, 0, 1, 0, 0, 0, 0, 0, 0, 0]}, '南门东侧': {'A': [1, 0, 0, 1, 1, 1, 1, 1, 1, 1], 'B': [1, 1, 1, 1, 1, 1, 1, 1, 1, 1]}, '北门东北侧': {'A': [1, 1, 1, 1, 1, 1, 1, 1, 1, 1], 'B': [1, 0, 0, 1, 1, 0, 0, 1, 0, 0], 'C': [0, 0, 0, 1, 0, 0, 0, 1, 1, 0], 'D': [0, 0, 0, 0, 0, 0, 0, 0, 0, 0]}, '北门东南侧': {'A': [1, 1, 1, 0, 1, 0, 1, 1, 0, 1], 'B': [0, 1, 0, 0, 0, 0, 0, 0, 1, 1], 'C': [1, 0, 1, 0, 1, 0, 1, 0, 0, 0], 'D': [0, 0, 0, 0, 0, 0, 0, 0, 0, 0], 'E': [0, 0, 0, 1, 0, 0, 0, 0, 0, 0], 'F': [1, 1, 1, 1, 0, 1, 1, 0, 1, 1]}, '橘园北侧南': {'A': [0, 1, 1, 0, 0, 0, 0, 1, 1, 1], 'B': [0, 1, 1, 1, 0, 0, 1, 1, 1, 1], 'C': [1, 0, 1, 1, 0, 1, 1, 0, 0, 0], 'D': [1, 1, 1, 1, 1, 0, 0, 1, 1, 0], 'E': [0, 1, 1, 0, 1, 1, 0, 0, 1, 0], 'F': [0, 0, 0, 1, 0, 0, 0, 0, 1, 0], 'G': [1, 0, 1, 0, 0, 0, 0, 1, 0, 1], 'H': [0, 1, 0, 1, 0, 0, 1, 0, 0, 0], 'I': [0, 0, 0, 0, 0, 0, 0, 0, 0, 0], 'J': [0, 0, 0, 0, 0, 0, 1, 1, 1, 1]}, '校医院西': {'A': [0, 1, 0, 1, 1, 1, 1, 1, 1, 0], 'B': [1, 1, 1, 1, 0, 1, 0, 1, 0, 1], 'C': [0, 1, 0, 1, 1, 0, 1, 1, 0, 1], 'D': [1, 1, 1, 0, 1, 0, 1, 1, 1, 1], 'E': [1, 1, 0, 1, 1, 1, 1, 1, 1, 1], 'F': [1, 0, 1, 1, 1, 1, 1, 1, 1, 1], 'G': [0, 0, 0, 0, 1, 1, 1, 1, 1, 0], 'H': [0, 1, 0, 0, 0, 0, 0, 0, 0, 0], 'I': [0, 0, 0, 0, 0, 0, 0, 1, 0, 0]}}
624168	2024-07-13 20:12:20.695000+08:00	2024-07-13 20:12:20.695000+08:00	{'东门北侧': {'A': [1, 1, 1, 1, 1, 0, 1, 0, 1, 1], 'B': [1, 1, 1, 1, 1, 1, 1, 1, 1, 1], 'C': [1, 1, 1, 0, 1, 0, 1, 0, 1, 0], 'D': [1, 0, 1, 1, 1, 0, 0, 1, 0, 0], 'E': [1, 1, 1, 1, 1, 0, 1, 1, 1, 1], 'F': [1, 1, 1, 1, 1, 1, 1, 1, 1, 1], 'G': [1, 1, 1, 1, 1, 1, 1, 1, 0, 0], 'H': [1, 1, 1, 1, 1, 1, 0, 1, 0, 1], 'I': [1, 0, 1, 1, 1, 1, 0, 1, 0, 1], 'J': [1, 1, 0, 1, 0, 0, 1, 1, 1, 0], 'K': [1, 1, 1, 0, 1, 1, 1, 1, 1, 0]}, '东门南侧': {'A': [0, 1, 1, 1, 0, 0, 0, 1, 1, 0], 'B': [0, 0, 0, 0, 0, 0, 0, 0, 0, 0]}, '西门北侧': {'A': [1, 1, 1, 1, 1, 1, 1, 1, 0, 0], 'B': [1, 1, 1, 1, 0, 1, 1, 0, 1, 0], 'C': [1, 1, 1, 1, 0, 1, 1, 0, 0, 0]}, '西门南侧': {'A': [0, 1, 1, 1, 1, 1, 1, 1, 1, 1], 'B': [1, 1, 1, 1, 1, 1, 1, 1, 1, 1], 'C': [1, 1, 1, 1, 0, 0, 1, 1, 1, 1]}, '南门西侧': {'A': [1, 1, 1, 1, 1, 1, 1, 1, 1, 1], 'B': [0, 0, 1, 0, 0, 0, 0, 0, 1, 0]}, '南门东侧': {'A': [1, 0, 0, 1, 1, 1, 1, 1, 1, 1], 'B': [1, 1, 1, 1, 1, 1, 1, 1, 1, 1]}, '北门东北侧': {'A': [1, 1, 1, 1, 1, 1, 1, 1, 1, 1], 'B': [1, 0, 0, 1, 1, 0, 0, 1, 0, 0], 'C': [0, 0, 0, 1, 0, 0, 0, 1, 1, 0], 'D': [0, 0, 0, 0, 0, 0, 0, 0, 0, 0]}, '北门东南侧': {'A': [1, 1, 1, 0, 1, 0, 1, 1, 0, 1], 'B': [0, 1, 0, 0, 0, 0, 0, 0, 1, 1], 'C': [1, 0, 1, 0, 1, 0, 1, 0, 0, 0], 'D': [0, 0, 0, 0, 0, 0, 0, 0, 0, 0], 'E': [0, 0, 0, 1, 0, 0, 0, 0, 0, 0], 'F': [1, 1, 1, 1, 0, 1, 1, 0, 1, 1]}, '橘园北侧南': {'A': [0, 1, 1, 0, 0, 0, 0, 1, 1, 1], 'B': [0, 1, 1, 1, 0, 0, 1, 1, 1, 1], 'C': [1, 0, 1, 1, 0, 1, 1, 0, 0, 0], 'D': [1, 1, 1, 1, 1, 0, 0, 1, 1, 0], 'E': [0, 1, 1, 0, 1, 1, 0, 0, 1, 0], 'F': [0, 0, 0, 1, 0, 0, 0, 0, 1, 0], 'G': [1, 0, 1, 0, 0, 0, 0, 1, 0, 1], 'H': [0, 1, 0, 1, 0, 0, 1, 0, 0, 0], 'I': [0, 0, 0, 0, 0, 0, 0, 0, 0, 0], 'J': [0, 0, 0, 0, 0, 0, 1, 1, 1, 1]}, '校医院西': {'A': [0, 1, 0, 1, 1, 1, 1, 1, 1, 0], 'B': [1, 1, 1, 1, 0, 1, 0, 1, 0, 1], 'C': [0, 1, 0, 1, 1, 0, 1, 1, 0, 1], 'D': [1, 1, 1, 0, 1, 0, 1, 1, 1, 1], 'E': [1, 1, 0, 1, 1, 1, 1, 1, 1, 1], 'F': [1, 0, 1, 1, 1, 1, 1, 1, 1, 1], 'G': [0, 0, 0, 0, 1, 1, 1, 1, 1, 0], 'H': [0, 1, 0, 0, 0, 0, 0, 0, 0, 0], 'I': [0, 0, 0, 0, 0, 0, 0, 1, 0, 0]}}
624169	2024-07-13 20:13:21.933000+08:00	2024-07-13 20:13:21.933000+08:00	{'东门北侧': {'A': [1, 1, 1, 1, 1, 0, 1, 0, 1, 1], 'B': [1, 1, 1, 1, 1, 1, 1, 1, 1, 1], 'C': [1, 1, 1, 0, 1, 0, 1, 0, 1, 0], 'D': [1, 0, 1, 1, 1, 0, 0, 1, 0, 0], 'E': [1, 1, 1, 1, 1, 0, 1, 1, 1, 1], 'F': [1, 1, 1, 1, 1, 1, 1, 1, 1, 1], 'G': [1, 1, 1, 1, 1, 1, 1, 1, 0, 0], 'H': [1, 1, 1, 1, 1, 1, 0, 1, 0, 1], 'I': [1, 0, 1, 1, 1, 1, 0, 1, 0, 1], 'J': [1, 1, 0, 1, 0, 0, 1, 1, 1, 0], 'K': [1, 1, 1, 0, 1, 1, 1, 1, 1, 0]}, '东门南侧': {'A': [0, 1, 1, 1, 0, 0, 0, 1, 1, 0], 'B': [0, 0, 0, 0, 0, 0, 0, 0, 0, 0]}, '西门北侧': {'A': [1, 1, 1, 1, 1, 1, 1, 1, 0, 0], 'B': [1, 1, 1, 1, 0, 1, 1, 0, 1, 0], 'C': [1, 1, 1, 1, 0, 1, 1, 0, 0, 0]}, '西门南侧': {'A': [0, 1, 1, 1, 1, 1, 1, 1, 1, 1], 'B': [1, 1, 1, 1, 1, 1, 1, 1, 1, 1], 'C': [1, 1, 1, 1, 0, 0, 1, 1, 1, 1]}, '南门西侧': {'A': [1, 1, 1, 1, 1, 1, 1, 1, 1, 1], 'B': [0, 0, 1, 0, 0, 0, 0, 0, 1, 0]}, '南门东侧': {'A': [1, 0, 0, 1, 1, 1, 1, 1, 1, 1], 'B': [1, 1, 1, 1, 1, 1, 1, 1, 1, 1]}, '北门东北侧': {'A': [1, 1, 1, 1, 1, 1, 1, 1, 1, 1], 'B': [1, 0, 0, 1, 1, 0, 0, 1, 0, 0], 'C': [0, 0, 0, 1, 0, 0, 0, 1, 1, 0], 'D': [0, 0, 0, 0, 0, 0, 0, 0, 0, 0]}, '北门东南侧': {'A': [1, 1, 1, 0, 1, 0, 1, 1, 0, 1], 'B': [0, 1, 0, 0, 0, 0, 0, 0, 1, 1], 'C': [1, 0, 1, 0, 1, 0, 1, 0, 0, 0], 'D': [0, 0, 0, 0, 0, 0, 0, 0, 0, 0], 'E': [0, 0, 0, 1, 0, 0, 0, 0, 0, 0], 'F': [1, 1, 1, 1, 0, 1, 1, 0, 1, 1]}, '橘园北侧南': {'A': [0, 1, 1, 0, 0, 0, 0, 1, 1, 1], 'B': [0, 1, 1, 1, 0, 0, 1, 1, 1, 1], 'C': [1, 0, 1, 1, 0, 1, 1, 0, 1, 0], 'D': [1, 1, 1, 1, 1, 0, 0, 1, 1, 0], 'E': [0, 1, 1, 0, 1, 1, 0, 0, 1, 0], 'F': [0, 0, 0, 1, 0, 0, 0, 0, 1, 0], 'G': [1, 0, 1, 0, 0, 0, 0, 1, 0, 1], 'H': [0, 1, 0, 1, 0, 0, 1, 0, 0, 0], 'I': [0, 0, 0, 0, 0, 0, 0, 0, 0, 0], 'J': [0, 0, 0, 0, 0, 0, 1, 1, 1, 1]}, '校医院西': {'A': [0, 1, 0, 1, 1, 1, 1, 1, 1, 0], 'B': [1, 1, 1, 1, 0, 1, 0, 1, 0, 1], 'C': [0, 1, 0, 1, 1, 0, 1, 1, 0, 1], 'D': [1, 1, 1, 0, 1, 0, 1, 1, 1, 1], 'E': [1, 1, 0, 1, 1, 1, 1, 1, 1, 1], 'F': [1, 0, 1, 1, 1, 1, 1, 1, 1, 1], 'G': [0, 0, 0, 0, 1, 1, 1, 1, 1, 0], 'H': [0, 1, 0, 0, 0, 0, 0, 0, 0, 0], 'I': [0, 0, 0, 0, 0, 0, 0, 1, 0, 0]}}
624170	2024-07-13 20:14:21.827000+08:00	2024-07-13 20:14:21.827000+08:00	{'东门北侧': {'A': [1, 1, 1, 1, 1, 0, 1, 0, 1, 1], 'B': [1, 1, 1, 1, 1, 1, 1, 1, 1, 1], 'C': [1, 1, 1, 0, 1, 0, 1, 0, 1, 0], 'D': [1, 0, 1, 1, 1, 0, 0, 1, 0, 0], 'E': [1, 1, 1, 1, 1, 0, 1, 1, 1, 1], 'F': [1, 1, 1, 1, 1, 1, 1, 1, 1, 1], 'G': [1, 1, 1, 1, 1, 1, 1, 1, 0, 0], 'H': [1, 1, 1, 1, 1, 1, 0, 1, 0, 1], 'I': [1, 0, 1, 1, 1, 1, 0, 1, 0, 1], 'J': [1, 1, 0, 1, 0, 0, 1, 1, 1, 0], 'K': [1, 1, 1, 0, 1, 1, 1, 1, 1, 0]}, '东门南侧': {'A': [0, 1, 1, 1, 0, 0, 0, 1, 1, 0], 'B': [0, 0, 0, 0, 0, 0, 0, 0, 0, 0]}, '西门北侧': {'A': [1, 1, 1, 1, 1, 1, 1, 1, 0, 0], 'B': [1, 1, 1, 1, 0, 1, 1, 0, 1, 0], 'C': [1, 1, 1, 1, 0, 1, 1, 0, 0, 0]}, '西门南侧': {'A': [0, 1, 1, 1, 1, 1, 1, 1, 1, 1], 'B': [1, 1, 1, 1, 1, 1, 1, 1, 1, 1], 'C': [1, 1, 1, 1, 0, 0, 1, 1, 1, 1]}, '南门西侧': {'A': [1, 1, 1, 1, 1, 1, 1, 1, 1, 1], 'B': [0, 0, 1, 0, 0, 0, 0, 0, 1, 0]}, '南门东侧': {'A': [1, 0, 0, 1, 1, 1, 1, 1, 1, 1], 'B': [1, 1, 1, 1, 1, 1, 1, 1, 1, 1]}, '北门东北侧': {'A': [1, 1, 1, 1, 1, 1, 1, 1, 1, 1], 'B': [1, 0, 0, 1, 1, 0, 0, 1, 0, 0], 'C': [0, 0, 0, 1, 0, 0, 0, 1, 1, 0], 'D': [0, 0, 0, 0, 0, 0, 0, 0, 0, 0]}, '北门东南侧': {'A': [1, 1, 1, 0, 1, 0, 1, 1, 0, 1], 'B': [0, 1, 0, 0, 0, 0, 0, 0, 1, 1], 'C': [1, 0, 1, 0, 1, 0, 1, 0, 0, 0], 'D': [1, 0, 0, 0, 0, 0, 0, 0, 0, 0], 'E': [0, 0, 0, 1, 0, 0, 0, 0, 0, 0], 'F': [1, 1, 1, 1, 0, 1, 1, 0, 1, 1]}, '橘园北侧南': {'A': [0, 1, 1, 0, 0, 0, 0, 1, 1, 1], 'B': [0, 1, 1, 1, 0, 0, 1, 1, 1, 1], 'C': [1, 0, 1, 1, 0, 1, 1, 0, 1, 0], 'D': [1, 1, 1, 1, 1, 0, 0, 1, 1, 0], 'E': [0, 1, 1, 0, 1, 1, 0, 0, 1, 0], 'F': [0, 0, 0, 1, 0, 0, 0, 0, 1, 0], 'G': [1, 0, 1, 0, 0, 0, 0, 1, 0, 1], 'H': [0, 1, 0, 1, 0, 0, 1, 0, 0, 0], 'I': [0, 0, 0, 0, 0, 0, 0, 0, 0, 0], 'J': [0, 0, 0, 0, 0, 0, 1, 1, 1, 1]}, '校医院西': {'A': [0, 1, 0, 1, 1, 1, 1, 1, 1, 0], 'B': [1, 1, 1, 1, 0, 1, 0, 1, 0, 1], 'C': [0, 1, 0, 1, 1, 0, 1, 1, 0, 1], 'D': [1, 1, 1, 0, 1, 0, 1, 1, 1, 1], 'E': [1, 1, 0, 1, 1, 1, 1, 1, 1, 1], 'F': [1, 0, 1, 1, 1, 1, 1, 1, 1, 1], 'G': [0, 0, 0, 0, 1, 1, 1, 1, 1, 0], 'H': [0, 1, 0, 0, 0, 0, 0, 0, 0, 0], 'I': [0, 0, 0, 0, 0, 0, 0, 1, 0, 0]}}
624171	2024-07-13 20:15:22.237000+08:00	2024-07-13 20:15:22.237000+08:00	{'东门北侧': {'A': [1, 1, 1, 1, 1, 0, 1, 0, 1, 1], 'B': [1, 1, 1, 1, 1, 1, 1, 1, 1, 1], 'C': [1, 1, 1, 0, 1, 0, 1, 0, 1, 0], 'D': [1, 0, 1, 1, 1, 0, 0, 1, 0, 0], 'E': [1, 1, 1, 1, 1, 0, 1, 1, 1, 1], 'F': [1, 1, 1, 1, 1, 1, 1, 1, 1, 1], 'G': [1, 1, 1, 1, 1, 1, 1, 1, 0, 0], 'H': [1, 1, 1, 1, 1, 1, 0, 1, 0, 1], 'I': [1, 0, 1, 1, 1, 1, 0, 1, 0, 1], 'J': [1, 1, 0, 1, 0, 0, 1, 1, 1, 0], 'K': [1, 1, 1, 0, 1, 1, 1, 1, 1, 0]}, '东门南侧': {'A': [0, 1, 1, 1, 0, 0, 0, 1, 1, 0], 'B': [0, 0, 0, 0, 0, 0, 0, 0, 0, 0]}, '西门北侧': {'A': [1, 1, 1, 1, 1, 1, 1, 1, 1, 0], 'B': [1, 1, 1, 1, 0, 1, 1, 0, 1, 0], 'C': [1, 1, 1, 1, 0, 1, 1, 0, 0, 0]}, '西门南侧': {'A': [0, 1, 1, 1, 1, 1, 1, 1, 1, 1], 'B': [1, 1, 1, 1, 1, 1, 1, 1, 1, 1], 'C': [1, 1, 1, 1, 0, 0, 1, 1, 1, 1]}, '南门西侧': {'A': [1, 1, 1, 1, 1, 1, 1, 1, 1, 1], 'B': [0, 0, 1, 0, 0, 0, 0, 0, 1, 0]}, '南门东侧': {'A': [1, 0, 0, 1, 1, 1, 1, 1, 1, 1], 'B': [1, 1, 1, 1, 1, 1, 1, 1, 1, 1]}, '北门东北侧': {'A': [1, 1, 1, 1, 1, 1, 1, 1, 1, 1], 'B': [1, 0, 0, 1, 1, 0, 0, 1, 0, 0], 'C': [0, 0, 0, 1, 0, 0, 0, 1, 1, 0], 'D': [0, 0, 0, 0, 0, 0, 0, 0, 0, 0]}, '北门东南侧': {'A': [1, 1, 1, 0, 1, 0, 1, 1, 0, 1], 'B': [0, 1, 0, 0, 0, 0, 0, 0, 1, 1], 'C': [1, 0, 1, 0, 1, 0, 1, 0, 0, 0], 'D': [1, 0, 0, 0, 0, 0, 0, 0, 0, 0], 'E': [0, 0, 0, 1, 0, 0, 0, 0, 0, 0], 'F': [1, 1, 1, 1, 0, 1, 1, 0, 1, 1]}, '橘园北侧南': {'A': [0, 1, 1, 0, 0, 0, 0, 1, 1, 1], 'B': [0, 1, 1, 1, 0, 0, 1, 1, 1, 1], 'C': [1, 0, 1, 1, 0, 1, 1, 0, 1, 0], 'D': [1, 1, 1, 1, 1, 0, 0, 1, 1, 0], 'E': [0, 1, 1, 0, 1, 1, 0, 0, 1, 0], 'F': [0, 0, 0, 1, 0, 0, 0, 0, 1, 0], 'G': [1, 0, 1, 0, 0, 0, 0, 1, 0, 1], 'H': [0, 1, 0, 1, 0, 0, 1, 0, 0, 0], 'I': [0, 0, 0, 0, 0, 0, 0, 0, 0, 0], 'J': [0, 0, 0, 0, 0, 0, 1, 1, 1, 1]}, '校医院西': {'A': [0, 1, 0, 1, 1, 1, 1, 1, 1, 0], 'B': [1, 1, 1, 1, 0, 1, 0, 1, 0, 1], 'C': [0, 1, 0, 1, 1, 0, 1, 1, 0, 1], 'D': [1, 1, 1, 0, 1, 0, 1, 1, 1, 1], 'E': [1, 1, 0, 1, 1, 1, 1, 1, 1, 1], 'F': [1, 0, 1, 1, 1, 1, 1, 1, 1, 1], 'G': [0, 0, 0, 0, 1, 1, 1, 1, 1, 0], 'H': [0, 1, 0, 0, 0, 0, 0, 0, 0, 0], 'I': [0, 0, 0, 0, 0, 0, 0, 1, 0, 0]}}
624172	2024-07-13 20:16:21.814000+08:00	2024-07-13 20:16:21.814000+08:00	{'东门北侧': {'A': [1, 1, 1, 1, 1, 0, 1, 0, 1, 1], 'B': [1, 1, 1, 1, 1, 1, 1, 1, 1, 1], 'C': [1, 1, 1, 0, 1, 0, 1, 0, 1, 0], 'D': [1, 0, 1, 1, 1, 0, 0, 1, 0, 0], 'E': [1, 1, 1, 1, 1, 0, 1, 1, 1, 1], 'F': [1, 1, 1, 1, 1, 1, 1, 1, 1, 1], 'G': [1, 1, 1, 1, 1, 1, 1, 1, 0, 0], 'H': [1, 1, 1, 1, 1, 1, 0, 1, 0, 1], 'I': [1, 0, 1, 1, 1, 1, 0, 1, 0, 1], 'J': [1, 1, 0, 1, 0, 0, 1, 1, 1, 0], 'K': [1, 1, 1, 0, 1, 1, 1, 1, 1, 0]}, '东门南侧': {'A': [0, 1, 1, 1, 0, 0, 0, 1, 1, 0], 'B': [0, 0, 0, 0, 0, 0, 0, 0, 0, 0]}, '西门北侧': {'A': [1, 1, 1, 1, 1, 1, 1, 1, 1, 0], 'B': [1, 1, 1, 1, 0, 1, 1, 0, 1, 0], 'C': [1, 1, 1, 1, 0, 1, 1, 0, 0, 0]}, '西门南侧': {'A': [0, 1, 1, 1, 1, 1, 1, 1, 1, 1], 'B': [1, 1, 1, 1, 1, 1, 1, 1, 1, 1], 'C': [1, 1, 1, 1, 0, 0, 1, 1, 1, 1]}, '南门西侧': {'A': [1, 1, 1, 1, 1, 1, 1, 1, 1, 1], 'B': [0, 0, 1, 0, 0, 0, 0, 0, 1, 0]}, '南门东侧': {'A': [1, 0, 0, 1, 1, 1, 1, 1, 1, 1], 'B': [1, 1, 1, 1, 1, 1, 1, 1, 1, 1]}, '北门东北侧': {'A': [1, 1, 1, 1, 1, 1, 1, 1, 1, 1], 'B': [1, 0, 0, 1, 1, 0, 0, 1, 0, 0], 'C': [0, 0, 0, 1, 0, 0, 0, 1, 1, 0], 'D': [0, 0, 0, 0, 0, 0, 0, 0, 0, 0]}, '北门东南侧': {'A': [1, 1, 1, 0, 1, 0, 1, 1, 0, 1], 'B': [0, 1, 0, 0, 0, 0, 0, 0, 1, 1], 'C': [1, 0, 1, 0, 1, 0, 1, 0, 0, 0], 'D': [1, 0, 0, 0, 0, 0, 0, 0, 0, 0], 'E': [0, 0, 0, 1, 0, 0, 0, 0, 0, 0], 'F': [1, 1, 1, 1, 0, 1, 1, 0, 1, 1]}, '橘园北侧南': {'A': [0, 1, 1, 0, 0, 0, 0, 1, 1, 1], 'B': [0, 1, 1, 1, 0, 0, 1, 1, 1, 1], 'C': [1, 0, 1, 1, 0, 1, 1, 0, 1, 0], 'D': [1, 1, 1, 1, 1, 0, 0, 1, 1, 0], 'E': [0, 1, 1, 0, 1, 1, 0, 0, 1, 0], 'F': [0, 0, 0, 1, 0, 0, 0, 0, 1, 0], 'G': [1, 0, 1, 0, 0, 0, 0, 1, 0, 1], 'H': [0, 1, 0, 1, 0, 0, 1, 0, 0, 0], 'I': [0, 0, 0, 0, 0, 0, 0, 0, 0, 0], 'J': [0, 0, 0, 0, 0, 0, 1, 1, 1, 1]}, '校医院西': {'A': [0, 1, 0, 1, 1, 1, 1, 1, 1, 0], 'B': [1, 1, 1, 1, 0, 1, 0, 1, 0, 1], 'C': [0, 1, 0, 1, 1, 0, 1, 1, 0, 1], 'D': [1, 1, 1, 0, 1, 0, 1, 1, 1, 1], 'E': [1, 1, 0, 1, 1, 1, 1, 1, 1, 1], 'F': [1, 0, 1, 1, 1, 1, 1, 1, 1, 1], 'G': [0, 0, 0, 0, 1, 1, 1, 1, 1, 0], 'H': [0, 1, 0, 0, 0, 0, 0, 0, 0, 0], 'I': [0, 0, 0, 0, 0, 0, 0, 1, 0, 0]}}
624173	2024-07-13 20:17:20.462000+08:00	2024-07-13 20:17:20.462000+08:00	{'东门北侧': {'A': [1, 1, 1, 1, 1, 0, 1, 0, 1, 1], 'B': [1, 1, 1, 1, 1, 1, 1, 1, 1, 1], 'C': [1, 1, 1, 0, 1, 0, 1, 0, 1, 0], 'D': [1, 0, 1, 1, 1, 0, 0, 1, 0, 0], 'E': [1, 1, 1, 1, 1, 0, 1, 1, 1, 1], 'F': [1, 1, 1, 1, 1, 1, 1, 1, 1, 1], 'G': [1, 1, 1, 1, 1, 1, 1, 1, 0, 0], 'H': [1, 1, 1, 1, 1, 1, 0, 1, 0, 1], 'I': [1, 0, 1, 1, 1, 1, 0, 1, 0, 1], 'J': [1, 1, 0, 1, 0, 0, 1, 1, 1, 0], 'K': [1, 1, 1, 0, 1, 1, 1, 1, 1, 0]}, '东门南侧': {'A': [0, 1, 1, 1, 0, 0, 0, 1, 1, 0], 'B': [0, 0, 0, 0, 0, 0, 0, 0, 0, 0]}, '西门北侧': {'A': [1, 1, 1, 1, 1, 1, 1, 1, 1, 0], 'B': [1, 1, 1, 1, 0, 1, 1, 1, 1, 0], 'C': [1, 1, 1, 1, 0, 1, 1, 0, 0, 0]}, '西门南侧': {'A': [0, 1, 1, 1, 1, 1, 1, 1, 1, 1], 'B': [1, 1, 1, 1, 1, 1, 1, 1, 1, 1], 'C': [1, 1, 1, 1, 0, 0, 1, 1, 1, 1]}, '南门西侧': {'A': [1, 1, 1, 1, 1, 1, 1, 1, 1, 1], 'B': [0, 0, 1, 0, 0, 0, 0, 0, 1, 0]}, '南门东侧': {'A': [1, 0, 0, 1, 1, 1, 1, 1, 1, 1], 'B': [1, 1, 1, 1, 1, 1, 1, 1, 1, 1]}, '北门东北侧': {'A': [1, 1, 1, 1, 1, 1, 1, 1, 1, 1], 'B': [1, 0, 0, 1, 1, 0, 0, 1, 0, 0], 'C': [0, 0, 0, 1, 0, 0, 0, 1, 1, 0], 'D': [0, 0, 0, 0, 0, 0, 0, 0, 0, 0]}, '北门东南侧': {'A': [1, 1, 1, 0, 1, 0, 1, 1, 0, 1], 'B': [0, 1, 0, 0, 0, 0, 0, 0, 1, 1], 'C': [1, 0, 1, 0, 1, 0, 1, 0, 0, 0], 'D': [1, 0, 0, 0, 0, 0, 0, 0, 0, 0], 'E': [0, 0, 0, 1, 0, 0, 0, 0, 0, 0], 'F': [1, 1, 1, 1, 0, 1, 1, 0, 1, 1]}, '橘园北侧南': {'A': [0, 1, 1, 0, 0, 0, 0, 1, 1, 1], 'B': [0, 1, 1, 1, 0, 0, 1, 1, 1, 1], 'C': [1, 0, 1, 1, 0, 1, 1, 0, 1, 0], 'D': [1, 1, 1, 1, 1, 0, 0, 1, 1, 0], 'E': [0, 1, 1, 0, 1, 1, 0, 0, 1, 0], 'F': [0, 0, 0, 1, 0, 0, 0, 0, 1, 0], 'G': [1, 0, 1, 0, 0, 0, 0, 1, 0, 1], 'H': [0, 1, 0, 1, 0, 0, 1, 0, 0, 0], 'I': [0, 0, 0, 0, 0, 0, 0, 0, 0, 0], 'J': [0, 0, 0, 0, 0, 0, 1, 1, 1, 1]}, '校医院西': {'A': [0, 1, 0, 1, 1, 1, 1, 1, 1, 0], 'B': [1, 1, 1, 1, 0, 1, 0, 1, 0, 1], 'C': [0, 1, 0, 1, 1, 0, 1, 1, 0, 1], 'D': [1, 1, 1, 0, 1, 0, 1, 1, 1, 1], 'E': [1, 1, 0, 1, 1, 1, 1, 1, 1, 1], 'F': [1, 0, 1, 1, 1, 1, 1, 1, 1, 1], 'G': [0, 0, 0, 0, 1, 1, 1, 1, 1, 0], 'H': [0, 1, 0, 0, 0, 0, 0, 0, 0, 0], 'I': [0, 0, 0, 0, 0, 0, 0, 1, 0, 0]}}
624174	2024-07-13 20:18:22.313000+08:00	2024-07-13 20:18:22.313000+08:00	{'东门北侧': {'A': [1, 1, 1, 1, 1, 0, 1, 0, 1, 1], 'B': [1, 1, 1, 1, 1, 1, 1, 1, 1, 1], 'C': [1, 1, 1, 0, 1, 0, 1, 0, 1, 0], 'D': [1, 0, 1, 1, 1, 0, 0, 1, 0, 0], 'E': [1, 1, 1, 1, 1, 0, 1, 1, 1, 1], 'F': [1, 1, 1, 1, 1, 1, 1, 1, 1, 1], 'G': [1, 1, 1, 1, 1, 1, 1, 1, 0, 0], 'H': [1, 1, 1, 1, 1, 1, 0, 1, 0, 1], 'I': [1, 0, 1, 1, 1, 1, 0, 1, 0, 1], 'J': [1, 1, 0, 1, 0, 0, 1, 1, 1, 0], 'K': [1, 1, 1, 0, 1, 1, 1, 1, 1, 0]}, '东门南侧': {'A': [0, 1, 1, 1, 0, 0, 0, 1, 1, 0], 'B': [0, 0, 0, 0, 0, 0, 0, 0, 0, 0]}, '西门北侧': {'A': [1, 1, 1, 1, 1, 1, 1, 1, 1, 0], 'B': [1, 1, 1, 1, 0, 1, 1, 1, 1, 0], 'C': [1, 1, 1, 1, 0, 1, 1, 0, 0, 0]}, '西门南侧': {'A': [0, 1, 1, 1, 1, 1, 1, 1, 1, 1], 'B': [1, 1, 1, 1, 1, 1, 1, 1, 1, 1], 'C': [1, 1, 1, 1, 0, 0, 1, 1, 1, 1]}, '南门西侧': {'A': [1, 1, 1, 1, 1, 1, 1, 1, 1, 1], 'B': [0, 0, 1, 0, 0, 0, 0, 0, 1, 0]}, '南门东侧': {'A': [1, 0, 0, 1, 1, 1, 1, 1, 1, 1], 'B': [1, 1, 1, 1, 1, 1, 1, 1, 1, 1]}, '北门东北侧': {'A': [1, 1, 1, 1, 1, 1, 1, 1, 1, 1], 'B': [1, 0, 0, 1, 1, 0, 0, 1, 0, 0], 'C': [0, 0, 0, 1, 0, 0, 0, 1, 1, 0], 'D': [0, 0, 0, 0, 0, 0, 0, 0, 0, 0]}, '北门东南侧': {'A': [1, 1, 1, 0, 1, 0, 1, 1, 0, 1], 'B': [0, 1, 0, 0, 1, 0, 0, 0, 1, 1], 'C': [1, 0, 1, 0, 1, 0, 1, 0, 0, 0], 'D': [1, 0, 0, 0, 0, 0, 0, 0, 0, 0], 'E': [0, 0, 0, 1, 0, 0, 0, 0, 0, 0], 'F': [1, 1, 1, 1, 0, 1, 1, 0, 1, 1]}, '橘园北侧南': {'A': [0, 1, 1, 0, 0, 0, 0, 1, 1, 1], 'B': [0, 1, 1, 1, 0, 0, 1, 1, 1, 1], 'C': [1, 0, 1, 1, 0, 1, 1, 0, 1, 0], 'D': [1, 1, 1, 1, 1, 0, 0, 1, 1, 0], 'E': [0, 1, 1, 0, 1, 1, 0, 0, 1, 0], 'F': [0, 0, 0, 1, 0, 0, 0, 0, 1, 0], 'G': [1, 0, 1, 0, 0, 0, 0, 1, 0, 1], 'H': [0, 1, 0, 1, 0, 0, 1, 0, 0, 0], 'I': [0, 0, 0, 0, 0, 0, 0, 0, 0, 0], 'J': [0, 0, 0, 0, 0, 0, 1, 1, 1, 1]}, '校医院西': {'A': [0, 1, 0, 1, 1, 1, 1, 1, 1, 0], 'B': [1, 1, 1, 1, 0, 1, 0, 1, 0, 1], 'C': [0, 1, 0, 1, 1, 0, 1, 1, 0, 1], 'D': [1, 1, 1, 0, 1, 0, 1, 1, 1, 1], 'E': [1, 1, 0, 1, 1, 1, 1, 1, 1, 1], 'F': [1, 0, 1, 1, 1, 1, 1, 1, 1, 1], 'G': [0, 0, 0, 0, 1, 1, 1, 1, 1, 0], 'H': [0, 1, 0, 0, 0, 0, 0, 0, 0, 0], 'I': [0, 0, 0, 0, 0, 0, 0, 1, 0, 0]}}
624175	2024-07-13 20:19:24.604000+08:00	2024-07-13 20:19:24.604000+08:00	{'东门北侧': {'A': [1, 1, 1, 1, 1, 0, 1, 0, 1, 1], 'B': [1, 1, 1, 1, 1, 1, 1, 1, 1, 1], 'C': [1, 1, 1, 0, 1, 0, 1, 0, 1, 0], 'D': [1, 0, 1, 1, 1, 0, 0, 1, 0, 0], 'E': [1, 1, 1, 1, 1, 0, 1, 1, 1, 1], 'F': [1, 1, 1, 1, 1, 1, 1, 1, 1, 1], 'G': [1, 1, 1, 1, 1, 1, 1, 1, 0, 0], 'H': [1, 1, 1, 1, 1, 1, 0, 1, 0, 1], 'I': [1, 0, 1, 1, 1, 1, 0, 1, 0, 1], 'J': [1, 1, 0, 1, 0, 0, 1, 1, 1, 0], 'K': [1, 1, 1, 0, 1, 1, 1, 1, 1, 0]}, '东门南侧': {'A': [0, 1, 1, 1, 0, 0, 0, 1, 1, 0], 'B': [0, 0, 0, 0, 0, 0, 0, 0, 0, 0]}, '西门北侧': {'A': [1, 1, 1, 1, 1, 1, 1, 1, 1, 0], 'B': [1, 1, 1, 1, 0, 1, 1, 1, 1, 0], 'C': [1, 1, 1, 1, 0, 1, 1, 0, 0, 0]}, '西门南侧': {'A': [0, 1, 1, 1, 1, 1, 1, 1, 1, 1], 'B': [1, 1, 1, 1, 1, 1, 1, 1, 1, 1], 'C': [1, 1, 1, 1, 0, 0, 1, 1, 1, 1]}, '南门西侧': {'A': [1, 1, 1, 1, 1, 1, 1, 1, 1, 1], 'B': [0, 0, 1, 0, 0, 0, 0, 0, 1, 0]}, '南门东侧': {'A': [1, 0, 0, 1, 1, 1, 1, 1, 1, 1], 'B': [1, 1, 1, 1, 1, 1, 1, 1, 1, 1]}, '北门东北侧': {'A': [1, 1, 1, 1, 1, 1, 1, 1, 1, 1], 'B': [1, 0, 0, 1, 1, 0, 0, 1, 0, 0], 'C': [0, 0, 0, 1, 0, 0, 0, 1, 1, 0], 'D': [0, 0, 0, 0, 0, 0, 0, 0, 0, 0]}, '北门东南侧': {'A': [1, 1, 1, 0, 1, 0, 1, 1, 0, 1], 'B': [0, 1, 0, 0, 1, 0, 0, 0, 1, 1], 'C': [1, 0, 1, 0, 1, 0, 1, 0, 0, 0], 'D': [1, 0, 0, 0, 0, 0, 0, 0, 0, 0], 'E': [0, 0, 0, 1, 0, 0, 0, 0, 0, 0], 'F': [1, 1, 1, 1, 0, 1, 1, 0, 1, 1]}, '橘园北侧南': {'A': [0, 1, 1, 0, 0, 0, 0, 1, 1, 1], 'B': [0, 1, 1, 1, 0, 0, 1, 1, 1, 1], 'C': [1, 0, 1, 1, 0, 1, 1, 0, 1, 0], 'D': [1, 1, 1, 1, 1, 0, 0, 1, 1, 0], 'E': [0, 1, 1, 0, 1, 1, 0, 0, 1, 0], 'F': [0, 0, 0, 1, 0, 0, 0, 0, 1, 0], 'G': [1, 0, 1, 0, 0, 0, 0, 1, 0, 1], 'H': [0, 1, 0, 1, 0, 0, 1, 0, 0, 0], 'I': [0, 0, 0, 0, 0, 0, 0, 0, 0, 0], 'J': [0, 0, 0, 0, 0, 0, 1, 1, 1, 1]}, '校医院西': {'A': [0, 1, 0, 1, 1, 1, 1, 1, 1, 0], 'B': [1, 1, 1, 1, 0, 1, 0, 1, 0, 1], 'C': [0, 1, 0, 1, 1, 0, 1, 1, 0, 1], 'D': [1, 1, 1, 0, 1, 0, 1, 1, 1, 1], 'E': [1, 1, 0, 1, 1, 1, 1, 1, 1, 1], 'F': [1, 0, 1, 1, 1, 1, 1, 1, 1, 1], 'G': [0, 0, 0, 0, 1, 1, 1, 1, 1, 0], 'H': [0, 1, 0, 0, 0, 0, 0, 0, 0, 0], 'I': [0, 0, 0, 0, 0, 0, 0, 1, 0, 0]}}
624176	2024-07-13 20:20:22.787000+08:00	2024-07-13 20:20:22.787000+08:00	{'东门北侧': {'A': [1, 1, 1, 1, 1, 0, 1, 0, 1, 1], 'B': [1, 1, 1, 1, 1, 1, 1, 1, 1, 1], 'C': [1, 1, 1, 0, 1, 0, 1, 0, 1, 0], 'D': [1, 0, 1, 1, 1, 0, 0, 1, 0, 0], 'E': [1, 1, 1, 1, 1, 0, 1, 1, 1, 1], 'F': [1, 1, 1, 1, 1, 1, 1, 1, 1, 1], 'G': [1, 1, 1, 1, 1, 1, 1, 1, 0, 0], 'H': [1, 1, 1, 1, 1, 1, 0, 1, 0, 1], 'I': [1, 0, 1, 1, 1, 1, 0, 1, 0, 1], 'J': [1, 1, 0, 1, 0, 0, 1, 1, 1, 0], 'K': [1, 1, 1, 0, 1, 1, 1, 1, 1, 0]}, '东门南侧': {'A': [0, 1, 1, 1, 0, 0, 0, 1, 1, 0], 'B': [0, 0, 0, 0, 0, 0, 0, 0, 0, 0]}, '西门北侧': {'A': [1, 1, 1, 1, 1, 1, 1, 1, 1, 0], 'B': [1, 1, 1, 1, 0, 1, 1, 1, 1, 0], 'C': [1, 1, 1, 1, 0, 1, 1, 0, 0, 0]}, '西门南侧': {'A': [0, 1, 1, 1, 1, 1, 1, 1, 1, 1], 'B': [1, 1, 1, 1, 1, 1, 1, 1, 1, 1], 'C': [1, 1, 1, 1, 0, 0, 1, 1, 1, 1]}, '南门西侧': {'A': [1, 1, 1, 1, 1, 1, 1, 1, 1, 1], 'B': [0, 0, 1, 0, 0, 0, 0, 0, 1, 0]}, '南门东侧': {'A': [1, 0, 0, 1, 1, 1, 1, 1, 1, 1], 'B': [1, 1, 1, 1, 1, 1, 1, 1, 1, 1]}, '北门东北侧': {'A': [1, 1, 1, 1, 1, 1, 1, 1, 1, 1], 'B': [1, 0, 0, 1, 1, 0, 0, 1, 0, 0], 'C': [0, 0, 0, 1, 0, 0, 0, 1, 1, 0], 'D': [0, 0, 0, 0, 0, 0, 0, 0, 0, 0]}, '北门东南侧': {'A': [1, 1, 1, 0, 1, 0, 1, 1, 0, 1], 'B': [0, 1, 0, 0, 1, 0, 0, 0, 1, 1], 'C': [1, 0, 1, 0, 1, 0, 1, 0, 0, 0], 'D': [1, 0, 0, 0, 0, 0, 0, 0, 0, 0], 'E': [0, 0, 0, 1, 0, 0, 0, 0, 0, 0], 'F': [1, 1, 1, 1, 0, 1, 1, 0, 1, 1]}, '橘园北侧南': {'A': [0, 1, 1, 0, 0, 0, 0, 1, 1, 1], 'B': [0, 1, 1, 1, 0, 0, 1, 1, 1, 1], 'C': [1, 0, 1, 1, 0, 1, 1, 0, 1, 0], 'D': [1, 1, 1, 1, 1, 0, 0, 1, 1, 0], 'E': [0, 1, 1, 0, 1, 1, 0, 0, 1, 0], 'F': [0, 0, 0, 1, 0, 0, 0, 0, 1, 0], 'G': [1, 0, 1, 0, 0, 0, 0, 1, 0, 1], 'H': [0, 1, 0, 1, 0, 0, 1, 0, 0, 0], 'I': [0, 0, 0, 0, 0, 0, 0, 0, 0, 0], 'J': [0, 0, 0, 0, 0, 0, 1, 1, 1, 1]}, '校医院西': {'A': [0, 1, 0, 1, 1, 1, 1, 1, 1, 0], 'B': [1, 1, 1, 1, 0, 1, 0, 1, 0, 1], 'C': [0, 1, 0, 1, 1, 0, 1, 1, 0, 1], 'D': [1, 1, 1, 0, 1, 0, 1, 1, 1, 1], 'E': [1, 1, 0, 1, 1, 1, 1, 1, 1, 1], 'F': [1, 0, 1, 1, 1, 1, 1, 1, 1, 1], 'G': [0, 0, 0, 0, 1, 1, 1, 1, 1, 0], 'H': [0, 1, 0, 0, 0, 0, 0, 0, 0, 0], 'I': [0, 0, 0, 0, 0, 0, 0, 1, 0, 0]}}
624177	2024-07-13 20:21:23.033000+08:00	2024-07-13 20:21:23.033000+08:00	{'东门北侧': {'A': [1, 1, 1, 1, 1, 0, 1, 0, 1, 1], 'B': [1, 1, 1, 1, 1, 1, 1, 1, 1, 1], 'C': [1, 1, 1, 0, 1, 0, 1, 0, 1, 0], 'D': [1, 0, 1, 1, 1, 0, 0, 1, 0, 0], 'E': [1, 1, 1, 1, 1, 0, 1, 1, 1, 1], 'F': [1, 1, 1, 1, 1, 1, 1, 1, 1, 1], 'G': [1, 1, 1, 1, 1, 1, 1, 1, 0, 0], 'H': [1, 1, 1, 1, 1, 1, 0, 1, 0, 1], 'I': [1, 0, 1, 1, 1, 1, 0, 1, 0, 1], 'J': [1, 1, 0, 1, 0, 0, 1, 1, 1, 0], 'K': [1, 1, 1, 0, 1, 1, 1, 1, 1, 0]}, '东门南侧': {'A': [0, 1, 1, 1, 0, 0, 0, 1, 1, 0], 'B': [0, 0, 0, 0, 0, 0, 0, 0, 0, 0]}, '西门北侧': {'A': [1, 1, 1, 1, 1, 1, 1, 1, 1, 0], 'B': [1, 1, 1, 1, 0, 1, 1, 1, 1, 0], 'C': [1, 1, 1, 1, 0, 1, 1, 0, 0, 0]}, '西门南侧': {'A': [0, 1, 1, 1, 1, 1, 1, 1, 1, 1], 'B': [1, 1, 1, 1, 1, 1, 1, 1, 1, 1], 'C': [1, 1, 1, 1, 0, 0, 1, 1, 1, 1]}, '南门西侧': {'A': [1, 1, 1, 1, 1, 1, 1, 1, 1, 1], 'B': [0, 0, 1, 0, 0, 0, 0, 0, 1, 0]}, '南门东侧': {'A': [1, 0, 0, 1, 1, 1, 1, 1, 1, 1], 'B': [1, 1, 1, 1, 1, 1, 1, 1, 1, 1]}, '北门东北侧': {'A': [1, 1, 1, 1, 1, 1, 1, 1, 1, 1], 'B': [1, 0, 0, 1, 1, 0, 0, 1, 0, 0], 'C': [0, 0, 0, 1, 0, 0, 0, 1, 1, 0], 'D': [0, 0, 0, 0, 0, 0, 0, 0, 0, 0]}, '北门东南侧': {'A': [1, 1, 1, 0, 1, 0, 1, 1, 0, 1], 'B': [0, 1, 0, 0, 1, 0, 0, 0, 1, 1], 'C': [1, 0, 1, 0, 1, 0, 1, 0, 0, 0], 'D': [1, 0, 0, 0, 0, 0, 0, 0, 0, 0], 'E': [0, 0, 0, 1, 0, 0, 0, 0, 0, 0], 'F': [1, 1, 1, 1, 0, 1, 1, 0, 1, 1]}, '橘园北侧南': {'A': [0, 1, 1, 0, 0, 0, 0, 1, 1, 1], 'B': [0, 1, 1, 1, 0, 0, 1, 1, 1, 1], 'C': [1, 0, 1, 1, 0, 1, 1, 0, 1, 0], 'D': [1, 1, 1, 1, 1, 0, 0, 1, 1, 0], 'E': [0, 1, 1, 0, 1, 1, 0, 0, 1, 0], 'F': [0, 0, 0, 1, 0, 0, 0, 0, 1, 0], 'G': [1, 0, 1, 0, 0, 0, 0, 1, 0, 1], 'H': [0, 1, 0, 1, 0, 0, 1, 0, 0, 0], 'I': [0, 0, 0, 0, 0, 0, 0, 0, 0, 0], 'J': [0, 0, 0, 0, 0, 0, 1, 1, 1, 1]}, '校医院西': {'A': [0, 1, 0, 1, 1, 1, 1, 1, 1, 0], 'B': [1, 1, 1, 1, 0, 1, 0, 1, 0, 1], 'C': [0, 1, 0, 1, 1, 0, 1, 1, 0, 1], 'D': [1, 1, 1, 0, 1, 0, 1, 1, 1, 1], 'E': [1, 1, 0, 1, 1, 1, 1, 1, 1, 1], 'F': [1, 0, 1, 1, 1, 1, 1, 1, 1, 1], 'G': [0, 0, 0, 0, 1, 1, 1, 1, 1, 0], 'H': [0, 1, 0, 0, 0, 0, 0, 0, 0, 0], 'I': [0, 0, 0, 0, 0, 0, 0, 1, 0, 0]}}
624178	2024-07-13 20:22:19.889000+08:00	2024-07-13 20:22:19.889000+08:00	{'东门北侧': {'A': [1, 1, 1, 1, 1, 0, 1, 0, 1, 1], 'B': [1, 1, 1, 1, 1, 1, 1, 1, 1, 1], 'C': [1, 1, 1, 0, 1, 0, 1, 0, 1, 0], 'D': [1, 0, 1, 1, 1, 0, 0, 1, 0, 0], 'E': [1, 1, 1, 1, 1, 0, 1, 1, 1, 1], 'F': [1, 1, 1, 1, 1, 1, 1, 1, 1, 1], 'G': [1, 1, 1, 1, 1, 1, 1, 1, 0, 0], 'H': [1, 1, 1, 1, 1, 1, 0, 1, 0, 1], 'I': [1, 0, 1, 1, 1, 1, 0, 1, 0, 1], 'J': [1, 1, 0, 1, 0, 0, 1, 1, 1, 0], 'K': [1, 1, 1, 0, 1, 1, 1, 1, 1, 0]}, '东门南侧': {'A': [0, 1, 1, 1, 0, 0, 0, 1, 1, 0], 'B': [0, 0, 0, 0, 0, 0, 0, 0, 0, 0]}, '西门北侧': {'A': [1, 1, 1, 1, 1, 1, 1, 1, 1, 0], 'B': [1, 1, 1, 1, 0, 1, 1, 1, 1, 0], 'C': [1, 1, 1, 1, 0, 1, 1, 0, 0, 0]}, '西门南侧': {'A': [0, 1, 1, 1, 1, 1, 1, 1, 1, 1], 'B': [1, 1, 1, 1, 1, 1, 1, 1, 1, 1], 'C': [1, 1, 1, 1, 0, 0, 1, 1, 1, 1]}, '南门西侧': {'A': [1, 1, 1, 1, 1, 1, 1, 1, 1, 1], 'B': [0, 0, 1, 0, 0, 0, 0, 0, 1, 0]}, '南门东侧': {'A': [1, 0, 0, 1, 1, 1, 1, 1, 1, 1], 'B': [1, 1, 1, 1, 1, 1, 1, 1, 1, 1]}, '北门东北侧': {'A': [1, 1, 1, 1, 1, 1, 1, 1, 1, 1], 'B': [1, 0, 0, 1, 1, 0, 0, 1, 0, 0], 'C': [0, 0, 0, 1, 0, 0, 0, 1, 1, 0], 'D': [0, 0, 0, 0, 0, 0, 0, 0, 0, 0]}, '北门东南侧': {'A': [1, 1, 1, 0, 1, 0, 1, 1, 0, 1], 'B': [0, 1, 0, 0, 1, 0, 0, 0, 1, 1], 'C': [1, 0, 1, 0, 1, 0, 1, 0, 0, 0], 'D': [1, 0, 0, 0, 0, 0, 0, 0, 0, 0], 'E': [0, 0, 0, 1, 0, 0, 0, 0, 0, 0], 'F': [1, 1, 1, 1, 0, 1, 1, 0, 1, 1]}, '橘园北侧南': {'A': [0, 1, 1, 0, 0, 0, 0, 1, 1, 1], 'B': [0, 1, 1, 1, 0, 0, 1, 1, 1, 1], 'C': [1, 0, 1, 1, 0, 1, 1, 0, 1, 0], 'D': [1, 1, 1, 1, 1, 0, 0, 1, 1, 0], 'E': [0, 1, 1, 0, 1, 1, 0, 0, 1, 0], 'F': [0, 0, 0, 1, 0, 0, 0, 0, 1, 0], 'G': [1, 0, 1, 0, 0, 0, 0, 1, 0, 1], 'H': [0, 1, 0, 1, 0, 0, 1, 0, 0, 0], 'I': [0, 0, 0, 0, 0, 0, 0, 0, 0, 0], 'J': [0, 0, 0, 0, 0, 0, 1, 1, 1, 1]}, '校医院西': {'A': [0, 1, 0, 1, 1, 1, 1, 1, 1, 0], 'B': [1, 1, 1, 1, 0, 1, 0, 1, 0, 1], 'C': [0, 1, 0, 1, 1, 0, 1, 1, 0, 1], 'D': [1, 1, 1, 0, 1, 0, 1, 1, 1, 1], 'E': [1, 1, 0, 1, 1, 1, 1, 1, 1, 1], 'F': [1, 0, 1, 1, 1, 1, 1, 1, 1, 1], 'G': [0, 0, 0, 0, 1, 1, 1, 1, 1, 0], 'H': [0, 1, 0, 0, 0, 0, 0, 0, 0, 0], 'I': [0, 0, 0, 0, 0, 0, 0, 1, 0, 0]}}
624179	2024-07-13 20:23:24.299000+08:00	2024-07-13 20:23:24.299000+08:00	{'东门北侧': {'A': [1, 1, 1, 1, 1, 0, 1, 0, 1, 1], 'B': [1, 1, 1, 1, 1, 1, 1, 1, 1, 1], 'C': [1, 1, 1, 0, 1, 0, 1, 0, 1, 0], 'D': [1, 0, 1, 1, 1, 0, 0, 1, 0, 0], 'E': [1, 1, 1, 1, 1, 0, 1, 1, 1, 1], 'F': [1, 1, 1, 1, 1, 1, 1, 1, 1, 1], 'G': [1, 1, 1, 1, 1, 1, 1, 1, 0, 0], 'H': [1, 1, 1, 1, 1, 1, 0, 1, 0, 1], 'I': [1, 0, 1, 1, 1, 1, 0, 1, 0, 1], 'J': [1, 1, 0, 1, 0, 0, 1, 1, 1, 0], 'K': [1, 1, 1, 0, 1, 1, 1, 1, 1, 0]}, '东门南侧': {'A': [0, 1, 1, 1, 0, 0, 0, 1, 1, 0], 'B': [0, 0, 0, 0, 0, 0, 0, 0, 0, 0]}, '西门北侧': {'A': [1, 1, 1, 1, 1, 1, 1, 1, 1, 0], 'B': [1, 1, 1, 1, 0, 1, 1, 1, 1, 0], 'C': [1, 1, 1, 1, 0, 1, 1, 0, 0, 0]}, '西门南侧': {'A': [0, 1, 1, 1, 1, 1, 1, 1, 1, 1], 'B': [1, 1, 1, 1, 1, 1, 1, 1, 1, 1], 'C': [1, 1, 1, 1, 0, 0, 1, 1, 1, 1]}, '南门西侧': {'A': [1, 1, 1, 1, 1, 1, 1, 1, 1, 1], 'B': [0, 0, 1, 0, 0, 0, 0, 0, 1, 0]}, '南门东侧': {'A': [1, 0, 0, 1, 1, 1, 1, 1, 1, 1], 'B': [1, 1, 1, 1, 1, 1, 1, 1, 1, 1]}, '北门东北侧': {'A': [1, 1, 1, 1, 1, 1, 1, 1, 1, 1], 'B': [1, 0, 0, 1, 1, 0, 1, 1, 0, 0], 'C': [1, 0, 0, 1, 0, 0, 0, 1, 1, 0], 'D': [0, 0, 0, 0, 0, 0, 0, 0, 0, 0]}, '北门东南侧': {'A': [1, 1, 1, 0, 1, 0, 1, 1, 0, 1], 'B': [0, 1, 0, 0, 1, 0, 0, 0, 1, 1], 'C': [1, 0, 1, 0, 1, 0, 1, 0, 0, 0], 'D': [1, 0, 0, 0, 0, 0, 0, 0, 0, 0], 'E': [0, 0, 0, 1, 0, 0, 0, 0, 0, 0], 'F': [1, 1, 1, 1, 0, 1, 1, 0, 1, 1]}, '橘园北侧南': {'A': [0, 1, 1, 0, 0, 0, 0, 1, 1, 1], 'B': [0, 1, 1, 1, 0, 0, 1, 1, 1, 1], 'C': [1, 0, 1, 1, 0, 1, 1, 0, 1, 0], 'D': [1, 1, 1, 1, 1, 0, 0, 1, 1, 0], 'E': [0, 1, 1, 0, 1, 1, 0, 0, 1, 0], 'F': [0, 0, 0, 1, 0, 0, 0, 0, 1, 0], 'G': [1, 0, 1, 0, 0, 0, 0, 1, 0, 1], 'H': [0, 1, 0, 1, 0, 0, 1, 0, 0, 0], 'I': [0, 0, 0, 0, 0, 0, 0, 0, 0, 0], 'J': [0, 0, 0, 0, 0, 0, 1, 1, 1, 1]}, '校医院西': {'A': [0, 1, 0, 1, 1, 1, 1, 1, 1, 0], 'B': [1, 1, 1, 1, 0, 1, 0, 1, 0, 1], 'C': [0, 1, 0, 1, 1, 0, 1, 1, 0, 1], 'D': [1, 1, 1, 0, 1, 0, 1, 1, 1, 1], 'E': [1, 1, 0, 1, 1, 1, 1, 1, 1, 1], 'F': [1, 0, 1, 1, 1, 1, 1, 1, 1, 1], 'G': [0, 0, 0, 0, 1, 1, 1, 1, 1, 0], 'H': [0, 1, 0, 0, 0, 0, 0, 0, 0, 0], 'I': [0, 0, 0, 0, 0, 0, 0, 1, 0, 0]}}
624180	2024-07-13 20:24:20.333000+08:00	2024-07-13 20:24:20.333000+08:00	{'东门北侧': {'A': [1, 1, 1, 1, 1, 0, 1, 0, 1, 1], 'B': [1, 1, 1, 1, 1, 1, 1, 1, 1, 1], 'C': [1, 1, 1, 0, 1, 0, 1, 0, 1, 0], 'D': [1, 0, 1, 1, 1, 0, 0, 1, 0, 0], 'E': [1, 1, 1, 1, 1, 0, 1, 1, 1, 1], 'F': [1, 1, 1, 1, 1, 1, 1, 1, 1, 1], 'G': [1, 1, 1, 1, 1, 1, 1, 1, 0, 0], 'H': [1, 1, 1, 1, 1, 1, 0, 1, 0, 1], 'I': [1, 0, 1, 1, 1, 1, 0, 1, 0, 1], 'J': [1, 1, 0, 1, 0, 0, 1, 1, 1, 0], 'K': [1, 1, 1, 0, 1, 1, 1, 1, 1, 0]}, '东门南侧': {'A': [0, 1, 1, 1, 0, 0, 0, 1, 1, 0], 'B': [0, 0, 0, 0, 0, 0, 0, 0, 0, 0]}, '西门北侧': {'A': [1, 1, 1, 1, 1, 1, 1, 1, 1, 0], 'B': [1, 1, 1, 1, 0, 1, 1, 1, 1, 0], 'C': [1, 1, 1, 1, 0, 1, 1, 0, 0, 1]}, '西门南侧': {'A': [0, 1, 1, 1, 1, 1, 1, 1, 1, 1], 'B': [1, 1, 1, 1, 1, 1, 1, 1, 1, 1], 'C': [1, 1, 1, 1, 0, 0, 1, 1, 1, 1]}, '南门西侧': {'A': [1, 1, 1, 1, 1, 1, 1, 1, 1, 1], 'B': [0, 0, 1, 0, 0, 0, 0, 0, 1, 0]}, '南门东侧': {'A': [1, 0, 0, 1, 1, 1, 1, 1, 1, 1], 'B': [1, 1, 1, 1, 1, 1, 1, 1, 1, 1]}, '北门东北侧': {'A': [1, 1, 1, 1, 1, 1, 1, 1, 1, 1], 'B': [1, 0, 0, 1, 1, 0, 1, 1, 0, 0], 'C': [1, 0, 0, 1, 0, 0, 0, 1, 1, 0], 'D': [0, 0, 0, 0, 0, 0, 0, 0, 0, 0]}, '北门东南侧': {'A': [1, 1, 1, 0, 1, 0, 1, 1, 0, 1], 'B': [0, 1, 0, 0, 1, 0, 0, 0, 1, 1], 'C': [1, 0, 1, 0, 1, 0, 1, 0, 0, 0], 'D': [1, 0, 0, 0, 0, 0, 0, 0, 0, 0], 'E': [0, 0, 0, 1, 0, 0, 0, 0, 0, 0], 'F': [1, 1, 1, 1, 0, 1, 1, 0, 1, 1]}, '橘园北侧南': {'A': [0, 1, 1, 0, 0, 0, 0, 1, 1, 1], 'B': [0, 1, 1, 1, 0, 0, 1, 1, 1, 1], 'C': [1, 0, 1, 1, 0, 1, 1, 0, 1, 0], 'D': [1, 1, 1, 1, 1, 0, 0, 1, 1, 0], 'E': [0, 1, 1, 0, 1, 1, 0, 0, 1, 0], 'F': [0, 0, 0, 1, 0, 0, 0, 0, 1, 0], 'G': [1, 0, 1, 0, 0, 0, 0, 1, 0, 1], 'H': [0, 1, 0, 1, 0, 0, 1, 0, 0, 0], 'I': [0, 0, 0, 0, 0, 0, 0, 0, 0, 0], 'J': [0, 0, 0, 0, 0, 0, 1, 1, 1, 1]}, '校医院西': {'A': [0, 1, 0, 1, 1, 1, 1, 1, 1, 0], 'B': [1, 1, 1, 1, 0, 1, 0, 1, 0, 1], 'C': [0, 1, 0, 1, 1, 0, 1, 1, 0, 1], 'D': [1, 1, 1, 0, 1, 0, 1, 1, 1, 1], 'E': [1, 1, 0, 1, 1, 1, 1, 1, 1, 1], 'F': [1, 0, 1, 1, 1, 1, 1, 1, 1, 1], 'G': [0, 0, 0, 0, 1, 1, 1, 1, 1, 0], 'H': [0, 1, 0, 0, 0, 0, 0, 0, 0, 0], 'I': [0, 0, 0, 0, 0, 0, 0, 1, 0, 0]}}
624181	2024-07-13 20:25:23.388000+08:00	2024-07-13 20:25:23.388000+08:00	{'东门北侧': {'A': [1, 1, 1, 1, 1, 0, 1, 0, 1, 1], 'B': [1, 1, 1, 1, 1, 1, 1, 1, 1, 1], 'C': [1, 1, 1, 0, 1, 0, 1, 0, 1, 0], 'D': [1, 0, 1, 1, 1, 0, 0, 1, 0, 0], 'E': [1, 1, 1, 1, 1, 0, 1, 1, 1, 1], 'F': [1, 1, 1, 1, 1, 1, 1, 1, 1, 1], 'G': [1, 1, 1, 1, 1, 1, 1, 1, 0, 0], 'H': [1, 1, 1, 1, 1, 1, 0, 1, 0, 1], 'I': [1, 0, 1, 1, 1, 1, 0, 1, 0, 1], 'J': [1, 1, 0, 1, 0, 0, 1, 1, 1, 0], 'K': [1, 1, 1, 0, 1, 1, 1, 1, 1, 0]}, '东门南侧': {'A': [0, 1, 1, 1, 0, 0, 0, 1, 1, 0], 'B': [0, 0, 0, 0, 0, 0, 0, 0, 0, 0]}, '西门北侧': {'A': [1, 1, 1, 1, 1, 1, 1, 1, 1, 0], 'B': [1, 1, 1, 1, 0, 1, 1, 1, 1, 0], 'C': [1, 1, 1, 1, 0, 1, 1, 0, 0, 1]}, '西门南侧': {'A': [0, 1, 1, 1, 1, 1, 1, 1, 1, 1], 'B': [1, 1, 1, 1, 1, 1, 1, 1, 1, 1], 'C': [1, 1, 1, 1, 0, 0, 1, 1, 1, 1]}, '南门西侧': {'A': [1, 1, 1, 1, 1, 1, 1, 1, 1, 1], 'B': [0, 0, 1, 0, 0, 0, 0, 0, 1, 0]}, '南门东侧': {'A': [1, 0, 0, 1, 1, 1, 1, 1, 1, 1], 'B': [1, 1, 1, 1, 1, 1, 1, 1, 1, 1]}, '北门东北侧': {'A': [1, 1, 1, 1, 1, 1, 1, 1, 1, 1], 'B': [1, 0, 0, 1, 1, 0, 1, 1, 0, 0], 'C': [1, 0, 0, 1, 0, 0, 0, 1, 1, 0], 'D': [0, 0, 0, 0, 0, 0, 0, 0, 0, 0]}, '北门东南侧': {'A': [1, 1, 1, 0, 1, 0, 1, 1, 0, 1], 'B': [0, 1, 0, 0, 1, 0, 0, 0, 1, 1], 'C': [1, 0, 1, 0, 1, 0, 1, 0, 0, 0], 'D': [1, 0, 0, 0, 0, 0, 0, 0, 0, 0], 'E': [0, 0, 0, 1, 0, 0, 0, 0, 0, 0], 'F': [1, 1, 1, 1, 0, 1, 1, 0, 1, 1]}, '橘园北侧南': {'A': [0, 1, 1, 0, 0, 0, 0, 1, 1, 1], 'B': [0, 1, 1, 1, 0, 0, 1, 1, 1, 1], 'C': [1, 0, 1, 1, 0, 1, 1, 0, 1, 0], 'D': [1, 1, 1, 1, 1, 0, 0, 1, 1, 0], 'E': [0, 1, 1, 0, 1, 1, 0, 0, 1, 0], 'F': [0, 0, 0, 1, 0, 0, 0, 0, 1, 0], 'G': [1, 0, 1, 0, 0, 0, 0, 1, 0, 1], 'H': [0, 1, 0, 1, 0, 0, 1, 0, 0, 0], 'I': [0, 0, 0, 0, 0, 0, 0, 0, 0, 0], 'J': [0, 0, 0, 0, 0, 0, 1, 1, 1, 1]}, '校医院西': {'A': [0, 1, 0, 1, 1, 1, 1, 1, 1, 0], 'B': [1, 1, 1, 1, 0, 1, 0, 1, 0, 1], 'C': [0, 1, 0, 1, 1, 0, 1, 1, 0, 1], 'D': [1, 1, 1, 0, 1, 0, 1, 1, 1, 1], 'E': [1, 1, 0, 1, 1, 1, 1, 1, 1, 1], 'F': [1, 0, 1, 1, 1, 1, 1, 1, 1, 1], 'G': [0, 0, 0, 0, 1, 1, 1, 1, 1, 0], 'H': [0, 1, 0, 0, 0, 0, 0, 0, 0, 0], 'I': [0, 0, 0, 0, 0, 0, 0, 1, 0, 0]}}
624182	2024-07-13 20:26:19.070000+08:00	2024-07-13 20:26:19.070000+08:00	{'东门北侧': {'A': [1, 1, 1, 1, 1, 0, 1, 0, 1, 1], 'B': [1, 1, 1, 1, 1, 1, 1, 1, 1, 1], 'C': [1, 1, 1, 0, 1, 0, 1, 0, 1, 0], 'D': [1, 0, 1, 1, 1, 0, 0, 1, 0, 0], 'E': [1, 1, 1, 1, 1, 0, 1, 1, 1, 1], 'F': [1, 1, 1, 1, 1, 1, 1, 1, 1, 1], 'G': [1, 1, 1, 1, 1, 1, 1, 1, 0, 0], 'H': [1, 1, 1, 1, 1, 1, 0, 1, 0, 1], 'I': [1, 0, 1, 1, 1, 1, 0, 1, 0, 1], 'J': [1, 1, 0, 1, 0, 0, 1, 1, 1, 0], 'K': [1, 1, 1, 0, 1, 1, 1, 1, 1, 0]}, '东门南侧': {'A': [0, 1, 1, 1, 0, 0, 0, 1, 1, 0], 'B': [0, 0, 0, 0, 0, 0, 0, 0, 0, 0]}, '西门北侧': {'A': [1, 1, 1, 1, 1, 1, 1, 1, 1, 0], 'B': [1, 1, 1, 1, 0, 1, 1, 1, 1, 0], 'C': [1, 1, 1, 1, 0, 1, 1, 0, 0, 1]}, '西门南侧': {'A': [0, 1, 1, 1, 1, 1, 1, 1, 1, 1], 'B': [1, 1, 1, 1, 1, 1, 1, 1, 1, 1], 'C': [1, 1, 1, 1, 0, 0, 1, 1, 1, 1]}, '南门西侧': {'A': [1, 1, 1, 1, 1, 1, 1, 1, 1, 1], 'B': [0, 0, 1, 0, 0, 0, 0, 0, 1, 0]}, '南门东侧': {'A': [1, 0, 0, 1, 1, 1, 1, 1, 1, 1], 'B': [1, 1, 1, 1, 1, 1, 1, 1, 1, 1]}, '北门东北侧': {'A': [1, 1, 1, 1, 1, 1, 1, 1, 1, 1], 'B': [1, 0, 0, 1, 1, 0, 1, 1, 0, 0], 'C': [1, 0, 0, 1, 0, 0, 0, 1, 1, 0], 'D': [0, 0, 0, 0, 0, 0, 0, 0, 0, 0]}, '北门东南侧': {'A': [1, 1, 1, 0, 1, 0, 1, 1, 0, 1], 'B': [0, 1, 0, 0, 1, 0, 0, 0, 1, 1], 'C': [1, 0, 1, 0, 1, 0, 1, 0, 0, 0], 'D': [1, 0, 0, 0, 0, 0, 0, 0, 0, 0], 'E': [0, 0, 0, 1, 0, 0, 0, 0, 0, 0], 'F': [1, 1, 1, 1, 0, 1, 1, 0, 1, 1]}, '橘园北侧南': {'A': [0, 1, 1, 0, 0, 0, 0, 1, 1, 1], 'B': [0, 1, 1, 1, 0, 0, 1, 1, 1, 1], 'C': [1, 0, 1, 1, 0, 1, 1, 0, 1, 0], 'D': [1, 1, 1, 1, 1, 0, 0, 1, 1, 0], 'E': [0, 1, 1, 0, 1, 1, 0, 0, 1, 0], 'F': [0, 0, 0, 1, 0, 0, 0, 0, 1, 0], 'G': [1, 0, 1, 0, 0, 0, 0, 1, 0, 1], 'H': [0, 1, 0, 1, 0, 0, 1, 0, 0, 0], 'I': [0, 0, 0, 0, 0, 0, 0, 0, 0, 0], 'J': [0, 0, 0, 0, 0, 0, 1, 1, 1, 1]}, '校医院西': {'A': [0, 1, 0, 1, 1, 1, 1, 1, 1, 0], 'B': [1, 1, 1, 1, 0, 1, 0, 1, 0, 1], 'C': [0, 1, 0, 1, 1, 0, 1, 1, 0, 1], 'D': [1, 1, 1, 0, 1, 0, 1, 1, 1, 1], 'E': [1, 1, 0, 1, 1, 1, 1, 1, 1, 1], 'F': [1, 0, 1, 1, 1, 1, 1, 1, 1, 1], 'G': [0, 0, 0, 0, 1, 1, 1, 1, 1, 0], 'H': [0, 1, 0, 0, 0, 0, 0, 0, 0, 0], 'I': [0, 0, 0, 0, 0, 0, 0, 1, 0, 0]}}
624183	2024-07-13 20:27:23.512000+08:00	2024-07-13 20:27:23.512000+08:00	{'东门北侧': {'A': [1, 1, 1, 1, 1, 0, 1, 0, 1, 1], 'B': [1, 1, 1, 1, 1, 1, 1, 1, 1, 1], 'C': [1, 1, 1, 0, 1, 0, 1, 0, 1, 0], 'D': [1, 0, 1, 1, 1, 0, 0, 1, 0, 0], 'E': [1, 1, 1, 1, 1, 0, 1, 1, 1, 1], 'F': [1, 1, 1, 1, 1, 1, 1, 1, 1, 1], 'G': [1, 1, 1, 1, 1, 1, 1, 1, 0, 0], 'H': [1, 1, 1, 1, 1, 1, 0, 1, 0, 1], 'I': [1, 0, 1, 1, 1, 1, 0, 1, 0, 1], 'J': [1, 1, 0, 1, 0, 0, 1, 1, 1, 0], 'K': [1, 1, 1, 0, 1, 1, 1, 1, 1, 0]}, '东门南侧': {'A': [0, 1, 1, 1, 0, 0, 0, 1, 1, 0], 'B': [0, 0, 0, 0, 0, 0, 0, 0, 0, 0]}, '西门北侧': {'A': [1, 1, 1, 1, 1, 1, 1, 1, 1, 0], 'B': [1, 1, 1, 1, 0, 1, 1, 1, 1, 0], 'C': [1, 1, 1, 1, 0, 1, 1, 0, 0, 1]}, '西门南侧': {'A': [0, 1, 1, 1, 1, 1, 1, 1, 1, 1], 'B': [1, 1, 1, 1, 1, 1, 1, 1, 1, 1], 'C': [1, 1, 1, 1, 0, 0, 1, 1, 1, 1]}, '南门西侧': {'A': [1, 1, 1, 1, 1, 1, 1, 1, 1, 1], 'B': [0, 0, 1, 0, 0, 0, 0, 0, 1, 0]}, '南门东侧': {'A': [1, 0, 0, 1, 1, 1, 1, 1, 1, 1], 'B': [1, 1, 1, 1, 1, 1, 1, 1, 1, 1]}, '北门东北侧': {'A': [1, 1, 1, 1, 1, 1, 1, 1, 1, 1], 'B': [1, 0, 0, 1, 1, 0, 1, 1, 0, 0], 'C': [1, 0, 0, 1, 0, 0, 0, 1, 1, 0], 'D': [0, 0, 0, 0, 0, 0, 0, 0, 0, 0]}, '北门东南侧': {'A': [1, 1, 1, 0, 1, 0, 1, 1, 0, 1], 'B': [0, 1, 0, 0, 1, 0, 0, 0, 1, 1], 'C': [1, 0, 1, 0, 1, 0, 1, 0, 0, 0], 'D': [1, 0, 0, 0, 0, 0, 0, 0, 0, 0], 'E': [0, 0, 0, 1, 0, 0, 0, 0, 0, 0], 'F': [1, 1, 1, 1, 0, 1, 1, 0, 1, 1]}, '橘园北侧南': {'A': [0, 1, 1, 0, 0, 0, 0, 1, 1, 1], 'B': [0, 1, 1, 1, 0, 0, 1, 1, 1, 1], 'C': [1, 0, 1, 1, 0, 1, 1, 0, 1, 0], 'D': [1, 1, 1, 1, 1, 0, 0, 1, 1, 0], 'E': [0, 1, 1, 0, 1, 0, 0, 0, 1, 0], 'F': [0, 0, 0, 1, 0, 0, 0, 0, 1, 0], 'G': [1, 0, 1, 0, 0, 0, 0, 1, 0, 1], 'H': [0, 1, 0, 1, 0, 0, 1, 0, 0, 0], 'I': [0, 0, 0, 0, 0, 0, 0, 0, 0, 0], 'J': [0, 0, 0, 0, 0, 0, 1, 1, 1, 1]}, '校医院西': {'A': [0, 1, 0, 1, 1, 1, 1, 1, 1, 0], 'B': [1, 1, 1, 1, 0, 1, 0, 1, 0, 1], 'C': [0, 1, 0, 1, 1, 0, 1, 1, 0, 1], 'D': [1, 1, 1, 0, 1, 0, 1, 1, 1, 1], 'E': [1, 1, 0, 1, 1, 1, 1, 1, 1, 1], 'F': [1, 0, 1, 1, 1, 1, 1, 1, 1, 1], 'G': [0, 0, 0, 0, 1, 1, 1, 1, 1, 0], 'H': [0, 1, 0, 0, 0, 0, 0, 0, 0, 0], 'I': [0, 0, 0, 0, 0, 0, 0, 1, 0, 0]}}
624184	2024-07-13 20:28:26.571000+08:00	2024-07-13 20:28:26.571000+08:00	{'东门北侧': {'A': [1, 1, 1, 1, 1, 0, 1, 0, 1, 1], 'B': [1, 1, 1, 1, 1, 1, 1, 1, 1, 1], 'C': [1, 1, 1, 0, 1, 0, 1, 0, 1, 0], 'D': [1, 0, 1, 1, 1, 0, 0, 1, 0, 0], 'E': [1, 1, 1, 1, 1, 0, 1, 1, 1, 1], 'F': [1, 1, 1, 1, 1, 1, 1, 1, 1, 1], 'G': [1, 1, 1, 1, 1, 1, 1, 1, 0, 0], 'H': [1, 1, 1, 1, 1, 1, 0, 1, 0, 1], 'I': [1, 0, 1, 1, 1, 1, 0, 1, 0, 1], 'J': [1, 1, 0, 1, 0, 0, 1, 1, 1, 0], 'K': [1, 1, 1, 0, 1, 1, 1, 1, 1, 0]}, '东门南侧': {'A': [0, 1, 1, 1, 0, 0, 0, 1, 1, 0], 'B': [0, 0, 0, 0, 0, 0, 0, 0, 0, 0]}, '西门北侧': {'A': [1, 1, 1, 1, 1, 1, 1, 1, 1, 0], 'B': [1, 1, 1, 1, 0, 1, 1, 1, 1, 0], 'C': [1, 1, 1, 1, 0, 1, 1, 0, 0, 1]}, '西门南侧': {'A': [0, 1, 1, 1, 1, 1, 1, 1, 1, 1], 'B': [1, 1, 1, 1, 1, 1, 1, 1, 1, 1], 'C': [1, 1, 1, 1, 0, 0, 1, 1, 1, 1]}, '南门西侧': {'A': [1, 1, 1, 1, 1, 1, 1, 1, 1, 1], 'B': [0, 0, 1, 0, 0, 0, 0, 0, 1, 0]}, '南门东侧': {'A': [1, 0, 0, 1, 1, 1, 1, 1, 1, 1], 'B': [1, 1, 1, 1, 1, 1, 1, 1, 1, 1]}, '北门东北侧': {'A': [1, 1, 1, 1, 1, 1, 1, 1, 1, 1], 'B': [1, 0, 0, 1, 1, 0, 1, 1, 0, 0], 'C': [1, 0, 0, 1, 0, 0, 0, 1, 1, 0], 'D': [0, 0, 0, 0, 0, 0, 0, 0, 0, 0]}, '北门东南侧': {'A': [1, 1, 1, 0, 1, 0, 1, 1, 0, 1], 'B': [0, 1, 0, 0, 1, 0, 0, 0, 1, 1], 'C': [1, 0, 1, 0, 0, 0, 1, 0, 0, 0], 'D': [1, 0, 0, 0, 0, 0, 0, 0, 0, 0], 'E': [0, 0, 0, 1, 0, 0, 0, 0, 0, 0], 'F': [1, 1, 1, 1, 0, 1, 1, 0, 1, 1]}, '橘园北侧南': {'A': [0, 1, 1, 0, 0, 0, 0, 1, 1, 1], 'B': [0, 1, 1, 1, 0, 0, 1, 1, 1, 1], 'C': [1, 0, 1, 1, 0, 1, 1, 0, 1, 0], 'D': [1, 1, 1, 1, 1, 0, 0, 1, 1, 0], 'E': [0, 1, 1, 0, 1, 0, 0, 0, 1, 0], 'F': [1, 0, 0, 1, 0, 0, 0, 0, 1, 0], 'G': [1, 0, 1, 0, 0, 0, 0, 1, 0, 1], 'H': [0, 1, 0, 1, 0, 0, 1, 0, 0, 0], 'I': [0, 0, 0, 0, 0, 0, 0, 0, 0, 0], 'J': [0, 0, 0, 0, 0, 0, 1, 1, 1, 1]}, '校医院西': {'A': [0, 1, 0, 1, 1, 1, 1, 1, 1, 0], 'B': [1, 1, 1, 1, 0, 1, 0, 1, 0, 1], 'C': [0, 1, 0, 1, 1, 0, 1, 1, 0, 1], 'D': [1, 1, 1, 0, 1, 0, 1, 1, 1, 1], 'E': [1, 1, 0, 1, 1, 1, 1, 1, 1, 1], 'F': [1, 0, 1, 1, 1, 1, 1, 1, 1, 1], 'G': [0, 0, 0, 0, 1, 1, 1, 1, 1, 0], 'H': [0, 1, 0, 0, 0, 0, 0, 0, 0, 0], 'I': [0, 0, 0, 0, 0, 0, 1, 1, 0, 0]}}
624185	2024-07-13 20:29:23.210000+08:00	2024-07-13 20:29:23.210000+08:00	{'东门北侧': {'A': [1, 1, 1, 1, 1, 0, 1, 0, 1, 1], 'B': [1, 1, 1, 1, 1, 1, 1, 1, 1, 1], 'C': [1, 1, 1, 0, 1, 0, 1, 0, 1, 0], 'D': [1, 0, 1, 1, 1, 0, 0, 1, 0, 0], 'E': [1, 1, 1, 1, 1, 0, 1, 1, 1, 1], 'F': [1, 1, 1, 1, 1, 1, 1, 1, 1, 1], 'G': [1, 1, 1, 1, 1, 1, 1, 1, 0, 0], 'H': [1, 1, 1, 1, 1, 1, 0, 1, 0, 1], 'I': [1, 0, 1, 1, 1, 1, 0, 1, 0, 1], 'J': [1, 1, 0, 1, 0, 0, 1, 1, 1, 0], 'K': [1, 1, 1, 0, 1, 1, 1, 1, 1, 0]}, '东门南侧': {'A': [0, 1, 1, 1, 0, 0, 0, 1, 1, 0], 'B': [0, 0, 0, 0, 0, 0, 0, 0, 0, 0]}, '西门北侧': {'A': [1, 1, 1, 1, 1, 1, 1, 1, 1, 0], 'B': [1, 1, 1, 1, 0, 1, 1, 1, 1, 0], 'C': [1, 1, 1, 1, 0, 1, 1, 0, 0, 1]}, '西门南侧': {'A': [0, 1, 1, 1, 1, 1, 1, 1, 1, 1], 'B': [1, 1, 1, 1, 1, 1, 1, 1, 1, 1], 'C': [1, 1, 1, 1, 0, 0, 1, 1, 1, 1]}, '南门西侧': {'A': [1, 1, 1, 1, 1, 1, 1, 1, 1, 1], 'B': [0, 0, 1, 0, 0, 0, 0, 0, 1, 0]}, '南门东侧': {'A': [1, 0, 0, 1, 1, 1, 1, 1, 1, 1], 'B': [1, 1, 1, 1, 1, 1, 1, 1, 1, 1]}, '北门东北侧': {'A': [1, 1, 1, 1, 1, 1, 1, 1, 1, 1], 'B': [1, 0, 0, 1, 1, 0, 1, 1, 0, 0], 'C': [1, 0, 0, 1, 0, 0, 0, 1, 1, 0], 'D': [0, 0, 0, 0, 0, 0, 0, 0, 0, 0]}, '北门东南侧': {'A': [1, 1, 1, 0, 1, 0, 1, 1, 0, 1], 'B': [0, 1, 0, 0, 1, 0, 0, 0, 1, 1], 'C': [1, 0, 1, 0, 0, 0, 1, 0, 0, 0], 'D': [1, 0, 0, 0, 0, 0, 0, 0, 0, 0], 'E': [0, 0, 0, 1, 0, 0, 0, 0, 0, 0], 'F': [1, 1, 1, 1, 0, 1, 1, 0, 1, 1]}, '橘园北侧南': {'A': [0, 1, 1, 0, 0, 0, 0, 1, 1, 1], 'B': [0, 1, 1, 1, 0, 0, 1, 1, 1, 1], 'C': [1, 0, 1, 1, 0, 1, 1, 0, 1, 0], 'D': [1, 1, 1, 1, 1, 0, 0, 1, 1, 0], 'E': [0, 1, 1, 0, 1, 0, 0, 0, 1, 0], 'F': [1, 0, 0, 1, 0, 0, 0, 0, 1, 0], 'G': [1, 0, 1, 0, 0, 0, 0, 1, 0, 1], 'H': [0, 1, 0, 1, 0, 0, 1, 0, 0, 0], 'I': [0, 0, 0, 0, 0, 0, 0, 0, 0, 0], 'J': [0, 0, 0, 0, 0, 0, 1, 1, 1, 1]}, '校医院西': {'A': [0, 1, 0, 1, 1, 1, 1, 1, 1, 0], 'B': [1, 1, 1, 1, 0, 1, 0, 1, 0, 1], 'C': [0, 1, 0, 1, 1, 0, 1, 1, 0, 1], 'D': [1, 1, 1, 0, 1, 0, 1, 1, 1, 1], 'E': [1, 1, 0, 1, 1, 1, 1, 1, 1, 1], 'F': [1, 0, 1, 1, 1, 1, 1, 1, 1, 1], 'G': [0, 0, 0, 0, 1, 1, 1, 1, 1, 0], 'H': [0, 1, 0, 0, 0, 0, 0, 0, 0, 0], 'I': [0, 0, 0, 0, 0, 0, 1, 1, 0, 0]}}
624186	2024-07-13 20:30:25.940000+08:00	2024-07-13 20:30:25.940000+08:00	{'东门北侧': {'A': [1, 1, 1, 1, 1, 0, 1, 0, 1, 1], 'B': [1, 1, 1, 1, 1, 1, 1, 1, 1, 1], 'C': [1, 1, 1, 0, 1, 0, 1, 0, 1, 0], 'D': [1, 0, 1, 1, 1, 0, 0, 1, 0, 0], 'E': [1, 1, 1, 1, 1, 0, 1, 1, 1, 1], 'F': [1, 1, 1, 1, 1, 1, 1, 1, 1, 1], 'G': [1, 1, 1, 1, 1, 1, 1, 1, 0, 0], 'H': [1, 1, 1, 1, 1, 1, 0, 1, 0, 1], 'I': [1, 0, 1, 1, 1, 1, 0, 1, 0, 1], 'J': [1, 1, 0, 1, 0, 0, 1, 1, 1, 0], 'K': [1, 1, 1, 0, 1, 1, 1, 1, 1, 0]}, '东门南侧': {'A': [0, 1, 1, 1, 0, 0, 0, 1, 1, 0], 'B': [0, 0, 0, 0, 0, 0, 0, 0, 0, 0]}, '西门北侧': {'A': [1, 1, 1, 1, 1, 1, 1, 1, 1, 0], 'B': [1, 1, 1, 1, 0, 1, 1, 1, 1, 0], 'C': [1, 1, 1, 1, 0, 1, 1, 0, 0, 1]}, '西门南侧': {'A': [0, 1, 1, 1, 1, 1, 1, 1, 1, 1], 'B': [1, 1, 1, 1, 1, 1, 1, 1, 1, 1], 'C': [1, 1, 1, 1, 0, 0, 1, 1, 1, 1]}, '南门西侧': {'A': [1, 1, 1, 1, 1, 1, 1, 1, 1, 1], 'B': [0, 0, 1, 0, 0, 0, 0, 0, 1, 0]}, '南门东侧': {'A': [1, 0, 0, 1, 1, 1, 1, 1, 1, 1], 'B': [1, 1, 1, 1, 1, 1, 1, 1, 1, 1]}, '北门东北侧': {'A': [1, 1, 1, 1, 1, 1, 1, 1, 1, 1], 'B': [1, 0, 0, 1, 1, 0, 1, 1, 0, 0], 'C': [1, 0, 0, 1, 0, 0, 0, 1, 1, 0], 'D': [0, 0, 0, 0, 0, 0, 0, 0, 0, 0]}, '北门东南侧': {'A': [1, 1, 1, 0, 1, 0, 1, 1, 0, 1], 'B': [0, 1, 0, 0, 1, 0, 0, 0, 1, 1], 'C': [1, 0, 1, 0, 0, 0, 1, 0, 0, 0], 'D': [1, 0, 0, 0, 0, 0, 0, 0, 0, 0], 'E': [0, 0, 0, 1, 0, 0, 0, 0, 0, 0], 'F': [1, 1, 1, 1, 0, 1, 1, 0, 1, 1]}, '橘园北侧南': {'A': [0, 1, 1, 0, 0, 0, 0, 1, 1, 1], 'B': [0, 1, 1, 1, 0, 0, 1, 1, 1, 1], 'C': [1, 0, 1, 1, 0, 1, 1, 0, 1, 0], 'D': [1, 1, 1, 1, 1, 0, 0, 1, 1, 0], 'E': [0, 1, 1, 0, 1, 0, 0, 0, 1, 0], 'F': [1, 0, 0, 1, 0, 0, 0, 0, 1, 0], 'G': [1, 0, 1, 0, 0, 0, 0, 1, 0, 1], 'H': [0, 1, 0, 1, 0, 0, 1, 0, 0, 0], 'I': [0, 0, 0, 0, 0, 0, 0, 0, 0, 0], 'J': [0, 0, 0, 0, 0, 0, 1, 1, 1, 1]}, '校医院西': {'A': [0, 1, 0, 1, 1, 1, 1, 1, 1, 0], 'B': [1, 1, 1, 1, 0, 1, 0, 1, 1, 1], 'C': [0, 1, 0, 1, 1, 0, 1, 1, 0, 1], 'D': [1, 1, 1, 0, 1, 0, 1, 1, 1, 1], 'E': [1, 1, 0, 1, 1, 1, 1, 1, 1, 1], 'F': [1, 0, 1, 1, 1, 1, 1, 1, 1, 1], 'G': [0, 0, 0, 0, 1, 1, 1, 1, 1, 0], 'H': [0, 1, 0, 0, 0, 0, 0, 0, 0, 0], 'I': [0, 0, 0, 0, 0, 0, 1, 1, 0, 0]}}
624187	2024-07-13 20:31:22.589000+08:00	2024-07-13 20:31:22.589000+08:00	{'东门北侧': {'A': [1, 1, 1, 1, 1, 0, 1, 0, 1, 1], 'B': [1, 1, 1, 1, 1, 1, 1, 1, 1, 1], 'C': [1, 1, 1, 0, 1, 0, 1, 0, 1, 0], 'D': [1, 0, 1, 1, 1, 0, 0, 1, 0, 0], 'E': [1, 1, 1, 1, 1, 0, 1, 1, 1, 1], 'F': [1, 1, 1, 1, 1, 1, 1, 1, 1, 1], 'G': [1, 1, 1, 1, 1, 1, 1, 1, 0, 0], 'H': [1, 1, 1, 1, 1, 1, 0, 1, 0, 1], 'I': [1, 0, 1, 1, 1, 1, 0, 1, 0, 1], 'J': [1, 1, 0, 1, 0, 0, 1, 1, 1, 0], 'K': [1, 1, 1, 0, 1, 1, 1, 1, 1, 0]}, '东门南侧': {'A': [0, 1, 1, 1, 0, 0, 0, 1, 1, 0], 'B': [0, 0, 0, 0, 0, 0, 0, 0, 0, 0]}, '西门北侧': {'A': [1, 1, 1, 1, 1, 1, 1, 1, 1, 0], 'B': [1, 1, 1, 1, 0, 1, 1, 1, 1, 0], 'C': [1, 1, 1, 1, 0, 1, 1, 0, 0, 1]}, '西门南侧': {'A': [0, 1, 1, 1, 1, 1, 1, 1, 1, 1], 'B': [1, 1, 1, 1, 1, 1, 1, 1, 1, 1], 'C': [1, 1, 1, 1, 0, 0, 1, 1, 1, 1]}, '南门西侧': {'A': [1, 1, 1, 1, 1, 1, 1, 1, 1, 1], 'B': [0, 0, 1, 0, 0, 0, 0, 0, 1, 0]}, '南门东侧': {'A': [1, 0, 0, 1, 1, 1, 1, 1, 1, 1], 'B': [1, 1, 1, 1, 1, 1, 1, 1, 1, 1]}, '北门东北侧': {'A': [1, 1, 1, 1, 1, 1, 1, 1, 1, 1], 'B': [1, 0, 0, 1, 1, 0, 1, 1, 0, 0], 'C': [1, 0, 0, 1, 0, 0, 0, 1, 1, 0], 'D': [0, 0, 0, 0, 0, 0, 0, 0, 0, 0]}, '北门东南侧': {'A': [1, 1, 1, 0, 1, 0, 1, 1, 0, 1], 'B': [0, 1, 0, 0, 1, 0, 0, 0, 1, 1], 'C': [1, 0, 1, 0, 0, 0, 1, 0, 0, 0], 'D': [1, 0, 0, 0, 0, 0, 0, 0, 0, 0], 'E': [0, 0, 0, 1, 0, 0, 0, 0, 0, 0], 'F': [1, 1, 1, 1, 0, 1, 1, 0, 1, 1]}, '橘园北侧南': {'A': [0, 1, 1, 0, 0, 0, 0, 1, 1, 1], 'B': [0, 1, 1, 1, 0, 0, 1, 1, 1, 1], 'C': [1, 0, 1, 1, 0, 1, 1, 0, 1, 0], 'D': [1, 1, 1, 1, 1, 0, 0, 1, 1, 0], 'E': [0, 1, 1, 0, 1, 0, 0, 0, 1, 0], 'F': [1, 0, 0, 1, 0, 0, 0, 0, 1, 0], 'G': [1, 0, 1, 0, 0, 0, 0, 1, 0, 1], 'H': [0, 1, 0, 1, 0, 0, 1, 0, 0, 0], 'I': [0, 0, 0, 0, 0, 0, 0, 0, 0, 0], 'J': [0, 0, 0, 0, 0, 0, 1, 1, 1, 1]}, '校医院西': {'A': [0, 1, 0, 1, 1, 1, 1, 1, 1, 0], 'B': [1, 1, 1, 1, 0, 1, 0, 1, 1, 1], 'C': [0, 1, 0, 1, 1, 0, 1, 1, 0, 1], 'D': [1, 1, 1, 0, 1, 0, 1, 1, 1, 1], 'E': [1, 1, 0, 1, 1, 1, 1, 1, 1, 1], 'F': [1, 0, 1, 1, 1, 1, 1, 1, 1, 1], 'G': [0, 0, 0, 0, 1, 1, 1, 1, 1, 0], 'H': [0, 0, 0, 0, 0, 0, 0, 0, 0, 0], 'I': [0, 0, 0, 0, 0, 0, 1, 1, 0, 0]}}
624188	2024-07-13 20:32:23.563000+08:00	2024-07-13 20:32:23.563000+08:00	{'东门北侧': {'A': [1, 1, 1, 1, 1, 0, 1, 0, 1, 1], 'B': [1, 1, 1, 1, 1, 1, 1, 1, 1, 1], 'C': [1, 1, 1, 0, 1, 0, 1, 0, 1, 0], 'D': [1, 0, 1, 1, 1, 0, 0, 1, 0, 0], 'E': [1, 1, 1, 1, 1, 0, 1, 1, 1, 1], 'F': [1, 1, 1, 1, 1, 1, 1, 1, 1, 1], 'G': [1, 1, 1, 1, 1, 1, 1, 1, 0, 0], 'H': [1, 1, 1, 1, 1, 1, 0, 1, 0, 1], 'I': [1, 0, 1, 1, 1, 1, 0, 1, 0, 1], 'J': [1, 1, 0, 1, 0, 0, 1, 1, 1, 0], 'K': [1, 1, 1, 0, 1, 1, 1, 1, 1, 0]}, '东门南侧': {'A': [0, 1, 1, 1, 0, 0, 0, 1, 1, 0], 'B': [0, 0, 0, 0, 0, 0, 0, 0, 0, 0]}, '西门北侧': {'A': [1, 1, 1, 1, 1, 1, 1, 1, 1, 0], 'B': [1, 1, 1, 1, 0, 1, 1, 1, 1, 0], 'C': [1, 1, 1, 1, 0, 1, 1, 0, 0, 1]}, '西门南侧': {'A': [0, 1, 1, 1, 1, 1, 1, 1, 1, 1], 'B': [1, 1, 1, 1, 1, 1, 1, 1, 1, 1], 'C': [1, 1, 1, 1, 0, 0, 1, 1, 1, 1]}, '南门西侧': {'A': [1, 1, 1, 1, 1, 1, 1, 1, 1, 1], 'B': [0, 0, 1, 0, 0, 0, 0, 0, 1, 0]}, '南门东侧': {'A': [1, 0, 0, 1, 1, 1, 1, 1, 1, 1], 'B': [1, 1, 1, 1, 1, 1, 1, 1, 1, 1]}, '北门东北侧': {'A': [1, 1, 1, 1, 1, 1, 1, 1, 1, 1], 'B': [1, 0, 0, 1, 1, 0, 1, 1, 0, 0], 'C': [1, 0, 0, 1, 0, 0, 0, 1, 1, 0], 'D': [0, 0, 0, 0, 0, 0, 0, 0, 0, 0]}, '北门东南侧': {'A': [1, 1, 1, 0, 1, 0, 1, 1, 0, 1], 'B': [0, 1, 0, 0, 1, 0, 0, 0, 1, 1], 'C': [1, 0, 1, 0, 0, 0, 1, 0, 0, 0], 'D': [1, 0, 0, 0, 0, 0, 0, 0, 0, 0], 'E': [0, 0, 0, 1, 0, 0, 0, 0, 0, 0], 'F': [1, 1, 1, 1, 0, 1, 1, 0, 1, 1]}, '橘园北侧南': {'A': [0, 1, 1, 0, 0, 0, 0, 1, 1, 1], 'B': [0, 1, 1, 1, 0, 0, 1, 1, 1, 1], 'C': [1, 0, 1, 1, 0, 1, 1, 0, 1, 0], 'D': [1, 1, 1, 1, 1, 0, 0, 1, 1, 0], 'E': [0, 1, 1, 0, 1, 0, 0, 0, 1, 0], 'F': [1, 0, 0, 1, 0, 0, 0, 0, 1, 0], 'G': [1, 0, 1, 0, 0, 0, 0, 1, 0, 1], 'H': [0, 1, 0, 1, 0, 0, 1, 0, 0, 0], 'I': [0, 0, 0, 0, 0, 0, 0, 0, 0, 0], 'J': [0, 0, 0, 0, 0, 0, 1, 1, 1, 1]}, '校医院西': {'A': [0, 1, 0, 1, 1, 1, 1, 1, 1, 0], 'B': [1, 1, 1, 1, 0, 1, 0, 1, 1, 1], 'C': [0, 1, 0, 1, 1, 0, 1, 1, 0, 1], 'D': [1, 1, 1, 0, 1, 0, 1, 1, 1, 1], 'E': [1, 1, 0, 1, 1, 1, 1, 1, 1, 1], 'F': [1, 0, 1, 1, 1, 1, 1, 1, 1, 1], 'G': [0, 0, 0, 0, 1, 1, 1, 1, 1, 0], 'H': [0, 0, 0, 0, 0, 0, 0, 0, 0, 0], 'I': [0, 0, 0, 0, 0, 0, 1, 1, 0, 0]}}
624189	2024-07-13 20:33:20.958000+08:00	2024-07-13 20:33:20.958000+08:00	{'东门北侧': {'A': [1, 1, 1, 1, 1, 0, 1, 0, 1, 1], 'B': [1, 1, 1, 1, 1, 1, 1, 1, 1, 1], 'C': [1, 1, 1, 0, 1, 0, 1, 0, 1, 0], 'D': [1, 0, 1, 1, 1, 0, 0, 1, 0, 0], 'E': [1, 1, 1, 1, 1, 0, 1, 1, 1, 1], 'F': [1, 1, 1, 1, 1, 1, 1, 1, 1, 1], 'G': [1, 1, 1, 1, 1, 1, 1, 1, 0, 0], 'H': [1, 1, 1, 1, 1, 1, 0, 1, 0, 1], 'I': [1, 0, 1, 1, 1, 1, 0, 1, 0, 1], 'J': [1, 1, 0, 1, 0, 0, 1, 1, 1, 0], 'K': [1, 1, 1, 0, 1, 1, 1, 1, 1, 0]}, '东门南侧': {'A': [0, 1, 1, 1, 0, 0, 0, 1, 1, 0], 'B': [0, 0, 0, 0, 0, 0, 0, 0, 0, 0]}, '西门北侧': {'A': [1, 1, 1, 1, 1, 1, 1, 1, 1, 0], 'B': [1, 1, 1, 1, 0, 1, 1, 1, 1, 0], 'C': [1, 1, 1, 1, 0, 1, 1, 0, 0, 1]}, '西门南侧': {'A': [0, 1, 1, 1, 1, 1, 1, 1, 1, 1], 'B': [1, 1, 1, 1, 1, 1, 1, 1, 1, 1], 'C': [1, 1, 1, 1, 0, 0, 1, 1, 1, 1]}, '南门西侧': {'A': [1, 1, 1, 1, 1, 1, 1, 1, 1, 1], 'B': [0, 0, 1, 0, 0, 0, 0, 0, 1, 0]}, '南门东侧': {'A': [1, 0, 0, 1, 1, 1, 1, 1, 1, 1], 'B': [1, 1, 1, 1, 1, 1, 1, 1, 1, 1]}, '北门东北侧': {'A': [1, 1, 1, 1, 1, 1, 1, 1, 1, 1], 'B': [1, 0, 0, 1, 1, 0, 1, 1, 0, 0], 'C': [1, 0, 0, 1, 0, 0, 0, 1, 1, 0], 'D': [0, 0, 0, 0, 0, 0, 0, 0, 0, 0]}, '北门东南侧': {'A': [1, 1, 1, 0, 1, 0, 1, 1, 0, 1], 'B': [0, 1, 0, 0, 1, 0, 0, 0, 1, 1], 'C': [1, 0, 1, 0, 0, 0, 1, 0, 0, 0], 'D': [0, 0, 0, 0, 0, 0, 0, 0, 0, 0], 'E': [0, 0, 0, 1, 0, 0, 0, 0, 0, 0], 'F': [1, 1, 1, 1, 0, 1, 1, 0, 1, 1]}, '橘园北侧南': {'A': [0, 1, 1, 0, 0, 0, 0, 1, 1, 1], 'B': [0, 1, 1, 1, 0, 0, 1, 1, 1, 1], 'C': [1, 0, 1, 1, 0, 1, 1, 0, 1, 0], 'D': [1, 1, 1, 1, 1, 0, 0, 1, 1, 0], 'E': [0, 1, 1, 0, 1, 0, 0, 0, 1, 0], 'F': [0, 0, 0, 1, 0, 0, 0, 0, 1, 0], 'G': [1, 0, 1, 0, 0, 0, 0, 1, 0, 1], 'H': [0, 1, 0, 1, 0, 0, 1, 0, 0, 0], 'I': [0, 0, 0, 0, 0, 0, 0, 0, 0, 0], 'J': [0, 0, 0, 0, 0, 0, 1, 1, 1, 1]}, '校医院西': {'A': [0, 1, 0, 1, 1, 1, 1, 1, 1, 0], 'B': [1, 1, 1, 1, 0, 1, 0, 1, 1, 1], 'C': [0, 1, 0, 1, 1, 0, 1, 1, 0, 1], 'D': [1, 1, 1, 0, 1, 0, 1, 1, 1, 1], 'E': [1, 1, 0, 1, 1, 1, 1, 1, 1, 1], 'F': [1, 0, 1, 1, 1, 1, 1, 1, 1, 1], 'G': [0, 0, 0, 0, 1, 1, 1, 1, 1, 0], 'H': [0, 0, 0, 0, 0, 0, 0, 0, 0, 0], 'I': [0, 0, 0, 0, 0, 0, 1, 1, 0, 0]}}
624190	2024-07-13 20:34:21.715000+08:00	2024-07-13 20:34:21.715000+08:00	{'东门北侧': {'A': [1, 1, 1, 1, 1, 0, 1, 0, 1, 1], 'B': [1, 1, 1, 1, 1, 1, 1, 1, 1, 1], 'C': [1, 1, 1, 0, 1, 0, 1, 0, 1, 0], 'D': [1, 0, 1, 1, 1, 0, 0, 1, 0, 0], 'E': [1, 1, 1, 1, 1, 0, 1, 1, 1, 1], 'F': [1, 1, 1, 1, 1, 1, 1, 1, 1, 1], 'G': [1, 1, 1, 1, 1, 1, 1, 1, 0, 0], 'H': [1, 1, 1, 1, 1, 1, 0, 1, 0, 1], 'I': [1, 0, 1, 1, 1, 1, 0, 1, 0, 1], 'J': [1, 1, 0, 1, 0, 0, 1, 1, 1, 0], 'K': [1, 1, 1, 0, 1, 1, 1, 1, 1, 0]}, '东门南侧': {'A': [0, 1, 1, 1, 0, 0, 0, 1, 1, 0], 'B': [0, 0, 0, 0, 0, 0, 0, 0, 0, 0]}, '西门北侧': {'A': [1, 1, 1, 1, 1, 1, 1, 1, 1, 0], 'B': [1, 1, 1, 1, 0, 1, 1, 1, 1, 0], 'C': [1, 1, 1, 1, 0, 1, 1, 0, 0, 1]}, '西门南侧': {'A': [0, 1, 1, 1, 1, 1, 1, 1, 1, 1], 'B': [1, 1, 1, 1, 1, 1, 1, 1, 1, 1], 'C': [1, 1, 1, 1, 0, 0, 1, 1, 1, 1]}, '南门西侧': {'A': [1, 1, 1, 1, 1, 1, 1, 1, 1, 1], 'B': [0, 0, 1, 0, 0, 0, 0, 0, 1, 0]}, '南门东侧': {'A': [1, 0, 0, 1, 1, 1, 1, 1, 1, 1], 'B': [1, 1, 1, 1, 1, 1, 1, 1, 1, 1]}, '北门东北侧': {'A': [1, 1, 1, 1, 1, 1, 1, 1, 1, 1], 'B': [1, 0, 0, 1, 1, 0, 1, 1, 0, 0], 'C': [1, 0, 0, 1, 0, 0, 0, 1, 1, 0], 'D': [0, 0, 0, 0, 0, 0, 0, 0, 0, 0]}, '北门东南侧': {'A': [1, 1, 1, 0, 1, 0, 1, 1, 0, 1], 'B': [0, 1, 0, 0, 1, 0, 0, 0, 1, 1], 'C': [1, 0, 1, 0, 0, 0, 1, 0, 0, 0], 'D': [0, 0, 0, 0, 0, 0, 0, 0, 0, 0], 'E': [0, 0, 0, 1, 0, 0, 0, 0, 0, 0], 'F': [1, 1, 1, 1, 0, 1, 1, 0, 1, 1]}, '橘园北侧南': {'A': [0, 1, 1, 0, 0, 0, 0, 1, 1, 1], 'B': [0, 1, 1, 1, 0, 0, 1, 1, 1, 1], 'C': [1, 0, 1, 1, 0, 1, 1, 0, 1, 0], 'D': [1, 1, 1, 1, 1, 0, 0, 1, 1, 0], 'E': [0, 1, 1, 0, 1, 0, 0, 0, 1, 0], 'F': [0, 0, 0, 1, 0, 0, 0, 0, 1, 0], 'G': [1, 0, 1, 0, 0, 0, 0, 1, 0, 1], 'H': [0, 1, 0, 1, 0, 0, 1, 0, 0, 0], 'I': [0, 0, 0, 0, 0, 0, 0, 0, 0, 0], 'J': [0, 0, 0, 0, 0, 0, 1, 1, 1, 1]}, '校医院西': {'A': [0, 1, 0, 1, 1, 1, 1, 1, 1, 0], 'B': [1, 1, 1, 1, 0, 1, 0, 1, 1, 1], 'C': [0, 1, 0, 1, 1, 0, 1, 1, 0, 1], 'D': [1, 1, 1, 0, 1, 0, 1, 1, 1, 1], 'E': [1, 1, 0, 1, 1, 1, 1, 1, 1, 1], 'F': [1, 0, 1, 1, 1, 1, 1, 1, 1, 1], 'G': [0, 0, 0, 0, 1, 1, 1, 1, 1, 0], 'H': [0, 0, 0, 0, 0, 0, 0, 0, 0, 0], 'I': [0, 0, 0, 0, 0, 0, 1, 1, 0, 0]}}
624191	2024-07-13 20:35:20.718000+08:00	2024-07-13 20:35:20.718000+08:00	{'东门北侧': {'A': [1, 1, 1, 1, 1, 0, 1, 0, 1, 1], 'B': [1, 1, 1, 1, 1, 1, 1, 1, 1, 1], 'C': [1, 1, 1, 0, 1, 0, 1, 0, 1, 0], 'D': [1, 0, 1, 1, 1, 0, 0, 1, 0, 0], 'E': [1, 1, 1, 1, 1, 0, 1, 1, 1, 1], 'F': [1, 1, 1, 1, 1, 1, 1, 1, 1, 1], 'G': [1, 1, 1, 1, 1, 1, 1, 1, 0, 0], 'H': [1, 1, 1, 1, 1, 1, 0, 1, 0, 1], 'I': [1, 0, 1, 1, 1, 1, 0, 1, 0, 1], 'J': [1, 1, 0, 1, 0, 0, 1, 1, 1, 0], 'K': [1, 1, 1, 0, 1, 1, 1, 1, 1, 0]}, '东门南侧': {'A': [0, 1, 1, 1, 0, 0, 0, 1, 1, 0], 'B': [0, 0, 0, 0, 0, 0, 0, 0, 0, 0]}, '西门北侧': {'A': [1, 1, 1, 1, 1, 1, 1, 1, 1, 0], 'B': [1, 1, 1, 1, 0, 1, 1, 1, 1, 0], 'C': [1, 1, 1, 1, 0, 1, 1, 0, 0, 1]}, '西门南侧': {'A': [0, 1, 1, 1, 1, 1, 1, 1, 1, 1], 'B': [1, 1, 1, 1, 1, 1, 1, 1, 1, 1], 'C': [1, 1, 1, 1, 0, 0, 1, 1, 1, 1]}, '南门西侧': {'A': [1, 1, 1, 1, 1, 1, 1, 1, 1, 1], 'B': [0, 0, 1, 0, 0, 0, 0, 0, 1, 0]}, '南门东侧': {'A': [1, 0, 0, 1, 1, 1, 1, 1, 1, 1], 'B': [1, 1, 1, 1, 1, 1, 1, 1, 1, 1]}, '北门东北侧': {'A': [1, 1, 1, 1, 1, 1, 1, 1, 1, 1], 'B': [1, 0, 0, 1, 1, 0, 1, 1, 0, 0], 'C': [1, 0, 0, 1, 0, 0, 0, 1, 1, 0], 'D': [0, 0, 0, 0, 0, 0, 0, 0, 0, 0]}, '北门东南侧': {'A': [1, 1, 1, 0, 1, 0, 1, 1, 0, 1], 'B': [0, 1, 0, 0, 1, 0, 0, 0, 1, 1], 'C': [1, 0, 1, 0, 0, 0, 1, 0, 0, 0], 'D': [0, 0, 0, 0, 0, 0, 0, 0, 0, 0], 'E': [0, 0, 0, 1, 0, 0, 0, 0, 0, 0], 'F': [1, 1, 1, 1, 0, 1, 1, 0, 1, 1]}, '橘园北侧南': {'A': [0, 1, 1, 0, 0, 0, 0, 1, 1, 1], 'B': [0, 1, 1, 1, 0, 0, 1, 1, 1, 1], 'C': [1, 0, 1, 1, 0, 1, 1, 0, 1, 0], 'D': [1, 1, 1, 1, 1, 0, 0, 1, 1, 0], 'E': [0, 1, 1, 0, 1, 0, 0, 0, 1, 0], 'F': [0, 0, 0, 1, 0, 0, 0, 0, 1, 0], 'G': [1, 0, 1, 0, 0, 0, 0, 1, 0, 1], 'H': [0, 1, 0, 1, 0, 0, 1, 0, 0, 0], 'I': [0, 0, 0, 0, 0, 0, 0, 0, 0, 0], 'J': [0, 0, 0, 0, 0, 0, 1, 1, 1, 1]}, '校医院西': {'A': [0, 1, 0, 1, 1, 1, 1, 1, 1, 0], 'B': [1, 1, 1, 1, 0, 1, 0, 1, 1, 1], 'C': [0, 1, 0, 1, 1, 0, 1, 1, 0, 1], 'D': [1, 1, 1, 0, 1, 0, 1, 1, 1, 1], 'E': [1, 1, 0, 1, 1, 1, 1, 1, 1, 1], 'F': [1, 0, 1, 1, 1, 1, 1, 1, 1, 1], 'G': [0, 0, 0, 0, 1, 1, 1, 1, 1, 0], 'H': [0, 0, 0, 0, 0, 0, 0, 0, 0, 0], 'I': [0, 0, 0, 0, 0, 0, 1, 1, 0, 0]}}
624192	2024-07-13 20:36:36.581000+08:00	2024-07-13 20:36:36.581000+08:00	{'东门北侧': {'A': [1, 1, 1, 1, 1, 0, 1, 0, 1, 1], 'B': [1, 1, 1, 1, 1, 1, 1, 1, 1, 1], 'C': [1, 1, 1, 0, 1, 0, 1, 0, 1, 0], 'D': [1, 0, 1, 1, 1, 0, 0, 1, 0, 0], 'E': [1, 1, 1, 1, 1, 0, 1, 1, 1, 1], 'F': [1, 1, 1, 1, 1, 1, 1, 1, 1, 1], 'G': [1, 1, 1, 1, 1, 1, 1, 1, 0, 0], 'H': [1, 1, 1, 1, 1, 1, 0, 1, 0, 1], 'I': [1, 0, 1, 1, 1, 1, 0, 1, 0, 1], 'J': [1, 1, 0, 1, 0, 0, 1, 1, 1, 0], 'K': [1, 1, 1, 0, 1, 1, 1, 1, 1, 0]}, '东门南侧': {'A': [0, 1, 1, 1, 0, 0, 0, 1, 1, 0], 'B': [0, 0, 0, 0, 0, 0, 0, 0, 0, 0]}, '西门北侧': {'A': [1, 1, 1, 1, 1, 1, 1, 1, 1, 0], 'B': [1, 1, 1, 1, 0, 1, 1, 1, 1, 0], 'C': [1, 1, 1, 1, 0, 1, 1, 0, 0, 1]}, '西门南侧': {'A': [0, 1, 1, 1, 1, 1, 1, 1, 1, 1], 'B': [1, 1, 1, 1, 1, 1, 1, 1, 1, 1], 'C': [1, 1, 1, 1, 0, 0, 1, 1, 1, 1]}, '南门西侧': {'A': [1, 1, 1, 1, 1, 1, 1, 1, 1, 1], 'B': [0, 0, 1, 0, 0, 0, 0, 0, 1, 0]}, '南门东侧': {'A': [1, 0, 0, 1, 1, 1, 1, 1, 1, 1], 'B': [1, 1, 1, 1, 1, 1, 1, 1, 1, 1]}, '北门东北侧': {'A': [1, 1, 1, 1, 1, 1, 1, 1, 1, 1], 'B': [1, 0, 0, 1, 1, 0, 1, 1, 0, 0], 'C': [1, 0, 0, 1, 0, 0, 0, 1, 1, 0], 'D': [0, 0, 0, 0, 0, 0, 0, 0, 0, 0]}, '北门东南侧': {'A': [1, 1, 1, 0, 1, 0, 1, 1, 0, 1], 'B': [0, 1, 0, 0, 1, 0, 0, 0, 1, 1], 'C': [1, 0, 1, 0, 0, 0, 0, 0, 0, 0], 'D': [0, 0, 0, 0, 0, 0, 0, 0, 0, 0], 'E': [0, 0, 0, 1, 0, 0, 0, 0, 0, 0], 'F': [1, 1, 1, 1, 0, 1, 1, 0, 1, 1]}, '橘园北侧南': {'A': [0, 1, 1, 0, 0, 0, 0, 1, 1, 1], 'B': [0, 1, 1, 1, 0, 0, 1, 1, 1, 1], 'C': [1, 0, 1, 1, 0, 1, 1, 0, 1, 0], 'D': [1, 1, 1, 1, 1, 0, 0, 1, 1, 0], 'E': [0, 1, 1, 0, 1, 0, 0, 0, 1, 0], 'F': [0, 0, 0, 1, 0, 0, 0, 0, 1, 0], 'G': [1, 0, 1, 0, 0, 0, 0, 1, 0, 1], 'H': [0, 1, 0, 1, 0, 0, 1, 0, 0, 0], 'I': [0, 0, 0, 0, 0, 0, 0, 0, 0, 0], 'J': [0, 0, 0, 0, 0, 0, 1, 1, 1, 1]}, '校医院西': {'A': [0, 1, 0, 1, 1, 1, 1, 1, 1, 0], 'B': [1, 1, 1, 1, 0, 1, 0, 1, 1, 1], 'C': [0, 1, 0, 1, 1, 0, 1, 1, 0, 1], 'D': [1, 1, 1, 0, 1, 0, 1, 1, 1, 1], 'E': [1, 1, 0, 1, 1, 1, 1, 1, 1, 1], 'F': [1, 0, 1, 1, 1, 1, 1, 1, 1, 1], 'G': [0, 0, 0, 0, 1, 1, 1, 1, 1, 0], 'H': [0, 0, 0, 0, 0, 0, 0, 0, 0, 0], 'I': [0, 0, 0, 0, 0, 0, 1, 1, 0, 0]}}
624193	2024-07-13 20:37:21.039000+08:00	2024-07-13 20:37:21.039000+08:00	{'东门北侧': {'A': [1, 1, 1, 1, 1, 0, 1, 0, 1, 1], 'B': [1, 1, 1, 1, 1, 1, 1, 1, 1, 1], 'C': [1, 1, 1, 1, 1, 0, 1, 0, 1, 0], 'D': [1, 0, 1, 1, 1, 0, 0, 1, 0, 0], 'E': [1, 1, 1, 1, 1, 0, 1, 1, 1, 1], 'F': [1, 1, 1, 1, 1, 1, 1, 1, 1, 1], 'G': [1, 1, 1, 1, 1, 1, 1, 1, 0, 0], 'H': [1, 1, 1, 1, 1, 1, 0, 1, 0, 1], 'I': [1, 0, 1, 1, 1, 1, 0, 1, 0, 1], 'J': [1, 1, 0, 1, 0, 0, 1, 1, 1, 0], 'K': [1, 1, 1, 0, 1, 1, 1, 1, 1, 0]}, '东门南侧': {'A': [0, 1, 1, 1, 0, 0, 0, 1, 1, 0], 'B': [0, 0, 0, 0, 0, 0, 0, 0, 0, 0]}, '西门北侧': {'A': [1, 1, 1, 1, 1, 1, 1, 1, 1, 0], 'B': [1, 1, 1, 1, 0, 1, 1, 1, 1, 0], 'C': [1, 1, 1, 1, 0, 1, 1, 0, 0, 1]}, '西门南侧': {'A': [0, 1, 1, 1, 1, 1, 1, 1, 1, 1], 'B': [1, 1, 1, 1, 1, 1, 1, 1, 1, 1], 'C': [1, 1, 1, 1, 0, 0, 1, 1, 1, 1]}, '南门西侧': {'A': [1, 1, 1, 1, 1, 1, 1, 1, 1, 1], 'B': [0, 0, 1, 0, 0, 0, 0, 0, 1, 0]}, '南门东侧': {'A': [1, 0, 0, 1, 1, 1, 1, 1, 1, 1], 'B': [1, 1, 1, 1, 1, 1, 1, 1, 1, 1]}, '北门东北侧': {'A': [1, 1, 1, 1, 1, 1, 1, 1, 1, 1], 'B': [1, 0, 0, 1, 1, 0, 1, 1, 0, 0], 'C': [1, 0, 0, 1, 0, 0, 0, 1, 1, 0], 'D': [0, 0, 0, 0, 0, 0, 0, 0, 0, 0]}, '北门东南侧': {'A': [1, 1, 1, 0, 1, 0, 1, 1, 0, 1], 'B': [0, 1, 0, 0, 1, 0, 0, 0, 1, 1], 'C': [1, 0, 1, 0, 0, 0, 0, 0, 0, 0], 'D': [0, 0, 0, 0, 0, 0, 0, 0, 0, 0], 'E': [0, 0, 0, 1, 0, 0, 0, 0, 0, 0], 'F': [1, 1, 1, 1, 0, 1, 1, 0, 1, 1]}, '橘园北侧南': {'A': [0, 1, 1, 0, 0, 0, 0, 1, 1, 1], 'B': [0, 1, 1, 1, 0, 0, 1, 1, 1, 1], 'C': [1, 0, 1, 1, 0, 1, 1, 0, 1, 0], 'D': [1, 1, 1, 1, 1, 0, 0, 1, 1, 0], 'E': [0, 1, 1, 0, 1, 0, 1, 0, 1, 0], 'F': [0, 0, 0, 1, 0, 0, 0, 0, 1, 0], 'G': [1, 0, 1, 0, 0, 0, 0, 1, 0, 1], 'H': [0, 1, 0, 1, 0, 0, 1, 0, 0, 0], 'I': [0, 0, 0, 0, 0, 0, 0, 0, 0, 0], 'J': [0, 0, 0, 0, 0, 0, 1, 1, 1, 1]}, '校医院西': {'A': [0, 1, 0, 1, 1, 1, 1, 1, 1, 0], 'B': [1, 1, 1, 1, 0, 1, 0, 1, 1, 1], 'C': [0, 1, 0, 1, 1, 0, 1, 1, 0, 1], 'D': [1, 1, 1, 0, 1, 0, 1, 1, 1, 1], 'E': [1, 1, 0, 1, 1, 1, 1, 1, 1, 1], 'F': [1, 0, 1, 1, 1, 1, 1, 1, 1, 1], 'G': [0, 0, 0, 0, 1, 1, 1, 1, 1, 0], 'H': [0, 0, 0, 0, 0, 0, 0, 0, 0, 0], 'I': [0, 0, 0, 0, 0, 0, 1, 1, 0, 0]}}
624194	2024-07-13 20:38:21.236000+08:00	2024-07-13 20:38:21.236000+08:00	{'东门北侧': {'A': [1, 1, 1, 1, 1, 0, 1, 0, 1, 1], 'B': [1, 1, 1, 1, 1, 1, 1, 1, 1, 1], 'C': [1, 1, 1, 1, 1, 0, 1, 0, 1, 0], 'D': [1, 0, 1, 1, 1, 0, 0, 1, 0, 0], 'E': [1, 1, 1, 1, 1, 0, 1, 1, 1, 1], 'F': [1, 1, 1, 1, 1, 1, 1, 1, 1, 1], 'G': [1, 1, 1, 1, 1, 1, 1, 1, 0, 0], 'H': [1, 1, 1, 1, 1, 1, 0, 1, 0, 1], 'I': [1, 0, 1, 1, 1, 1, 0, 1, 0, 1], 'J': [1, 1, 0, 1, 0, 0, 1, 1, 1, 0], 'K': [1, 1, 1, 0, 1, 1, 1, 1, 1, 0]}, '东门南侧': {'A': [0, 1, 1, 1, 0, 0, 0, 1, 1, 0], 'B': [0, 0, 0, 0, 0, 0, 0, 0, 0, 0]}, '西门北侧': {'A': [1, 1, 1, 1, 1, 1, 1, 1, 1, 0], 'B': [1, 1, 1, 1, 0, 1, 1, 1, 1, 0], 'C': [1, 1, 1, 1, 0, 1, 1, 0, 0, 1]}, '西门南侧': {'A': [0, 1, 1, 1, 1, 1, 1, 1, 1, 1], 'B': [1, 1, 1, 1, 1, 1, 1, 1, 1, 1], 'C': [1, 1, 1, 1, 0, 0, 1, 1, 1, 1]}, '南门西侧': {'A': [1, 1, 1, 1, 1, 1, 1, 1, 1, 1], 'B': [0, 0, 1, 0, 0, 0, 0, 0, 1, 0]}, '南门东侧': {'A': [1, 0, 0, 1, 1, 1, 1, 1, 1, 1], 'B': [1, 1, 1, 1, 1, 1, 1, 1, 1, 1]}, '北门东北侧': {'A': [1, 1, 1, 1, 1, 1, 1, 1, 1, 1], 'B': [1, 0, 0, 1, 1, 0, 1, 1, 0, 0], 'C': [1, 0, 0, 1, 0, 0, 0, 1, 1, 0], 'D': [0, 0, 0, 0, 0, 0, 0, 0, 0, 0]}, '北门东南侧': {'A': [1, 1, 1, 0, 1, 0, 1, 1, 0, 1], 'B': [0, 1, 0, 0, 1, 0, 0, 0, 1, 1], 'C': [1, 0, 1, 0, 0, 0, 0, 0, 0, 0], 'D': [0, 0, 0, 0, 0, 0, 0, 0, 0, 0], 'E': [0, 0, 0, 1, 0, 0, 0, 0, 0, 0], 'F': [1, 1, 1, 1, 0, 1, 1, 0, 1, 1]}, '橘园北侧南': {'A': [0, 1, 1, 0, 0, 0, 0, 1, 1, 1], 'B': [0, 1, 1, 1, 0, 0, 1, 1, 1, 1], 'C': [1, 0, 1, 1, 0, 1, 1, 0, 1, 0], 'D': [1, 1, 1, 1, 1, 0, 0, 1, 1, 0], 'E': [0, 1, 1, 0, 1, 0, 1, 0, 1, 0], 'F': [0, 0, 0, 1, 0, 0, 0, 0, 1, 0], 'G': [1, 0, 1, 0, 0, 0, 0, 1, 0, 1], 'H': [0, 1, 0, 1, 0, 0, 1, 0, 0, 0], 'I': [0, 0, 0, 0, 0, 0, 0, 0, 0, 0], 'J': [0, 0, 0, 0, 0, 0, 1, 1, 1, 1]}, '校医院西': {'A': [0, 1, 0, 1, 1, 1, 1, 1, 1, 0], 'B': [1, 1, 1, 1, 0, 1, 0, 1, 1, 1], 'C': [0, 1, 0, 1, 1, 0, 1, 1, 0, 1], 'D': [1, 1, 1, 0, 1, 0, 1, 1, 1, 1], 'E': [1, 1, 0, 1, 1, 1, 1, 1, 1, 1], 'F': [1, 0, 1, 1, 1, 1, 1, 1, 1, 1], 'G': [0, 0, 0, 0, 1, 1, 1, 1, 1, 0], 'H': [0, 0, 0, 0, 0, 0, 0, 0, 0, 0], 'I': [0, 0, 0, 0, 0, 0, 1, 1, 0, 0]}}
624195	2024-07-13 20:39:23.263000+08:00	2024-07-13 20:39:23.263000+08:00	{'东门北侧': {'A': [1, 1, 1, 1, 1, 0, 1, 0, 1, 1], 'B': [1, 1, 1, 1, 1, 1, 1, 1, 1, 1], 'C': [1, 1, 1, 1, 1, 0, 1, 0, 1, 0], 'D': [1, 0, 1, 1, 1, 0, 0, 1, 0, 0], 'E': [1, 1, 1, 1, 1, 0, 1, 1, 1, 1], 'F': [1, 1, 1, 1, 1, 1, 1, 1, 1, 1], 'G': [1, 1, 1, 1, 1, 1, 1, 1, 0, 0], 'H': [1, 1, 1, 1, 1, 1, 0, 1, 0, 1], 'I': [1, 0, 1, 1, 1, 1, 0, 1, 0, 1], 'J': [1, 1, 0, 1, 0, 0, 1, 1, 1, 0], 'K': [1, 1, 1, 0, 1, 1, 1, 1, 1, 0]}, '东门南侧': {'A': [0, 1, 1, 1, 0, 0, 0, 1, 1, 0], 'B': [0, 0, 0, 0, 0, 0, 0, 0, 0, 0]}, '西门北侧': {'A': [1, 1, 1, 1, 1, 1, 1, 1, 1, 0], 'B': [1, 1, 1, 1, 0, 1, 1, 1, 1, 0], 'C': [1, 1, 1, 1, 0, 1, 1, 0, 0, 1]}, '西门南侧': {'A': [0, 1, 1, 1, 1, 1, 1, 1, 1, 1], 'B': [1, 1, 1, 1, 1, 1, 1, 1, 1, 1], 'C': [1, 1, 1, 1, 0, 0, 1, 1, 1, 1]}, '南门西侧': {'A': [1, 1, 1, 1, 1, 1, 1, 1, 1, 1], 'B': [0, 0, 1, 0, 0, 0, 0, 0, 1, 0]}, '南门东侧': {'A': [1, 0, 0, 1, 1, 1, 1, 1, 1, 1], 'B': [1, 1, 1, 1, 1, 1, 1, 1, 1, 1]}, '北门东北侧': {'A': [1, 1, 1, 1, 1, 1, 1, 1, 1, 1], 'B': [1, 0, 0, 1, 1, 0, 1, 1, 0, 0], 'C': [1, 0, 0, 1, 0, 0, 0, 1, 1, 0], 'D': [0, 0, 0, 0, 0, 0, 0, 0, 0, 0]}, '北门东南侧': {'A': [1, 1, 1, 0, 1, 0, 1, 1, 0, 1], 'B': [0, 1, 0, 0, 1, 0, 0, 0, 1, 1], 'C': [1, 0, 1, 0, 0, 0, 0, 0, 0, 0], 'D': [0, 0, 0, 0, 0, 0, 0, 0, 0, 0], 'E': [0, 0, 0, 1, 0, 0, 0, 0, 0, 0], 'F': [1, 1, 1, 1, 0, 1, 1, 0, 1, 1]}, '橘园北侧南': {'A': [0, 1, 1, 0, 0, 0, 0, 1, 1, 1], 'B': [0, 1, 1, 1, 0, 0, 1, 1, 1, 1], 'C': [1, 0, 1, 1, 0, 1, 1, 0, 1, 0], 'D': [1, 1, 1, 1, 1, 0, 0, 1, 1, 0], 'E': [0, 1, 1, 0, 1, 0, 1, 0, 1, 0], 'F': [0, 0, 0, 1, 0, 0, 0, 0, 1, 0], 'G': [1, 0, 1, 0, 0, 0, 0, 1, 0, 1], 'H': [0, 1, 0, 1, 0, 0, 1, 0, 0, 0], 'I': [0, 0, 0, 0, 0, 0, 0, 0, 0, 0], 'J': [0, 0, 0, 0, 0, 0, 1, 1, 1, 0]}, '校医院西': {'A': [0, 1, 0, 1, 1, 1, 1, 1, 1, 0], 'B': [1, 1, 1, 1, 0, 1, 0, 1, 1, 1], 'C': [0, 1, 0, 1, 1, 0, 1, 1, 0, 1], 'D': [1, 1, 1, 0, 1, 0, 1, 1, 1, 1], 'E': [1, 1, 0, 1, 1, 1, 1, 1, 1, 1], 'F': [1, 0, 1, 1, 1, 1, 1, 1, 1, 1], 'G': [0, 0, 0, 0, 1, 1, 1, 1, 1, 1], 'H': [0, 0, 0, 0, 0, 0, 0, 0, 0, 0], 'I': [0, 0, 0, 0, 0, 0, 1, 1, 0, 0]}}
624196	2024-07-13 20:40:22.971000+08:00	2024-07-13 20:40:22.971000+08:00	{'东门北侧': {'A': [1, 1, 1, 1, 1, 0, 1, 0, 1, 1], 'B': [1, 1, 1, 1, 1, 1, 1, 1, 1, 1], 'C': [1, 1, 1, 1, 1, 0, 1, 0, 1, 0], 'D': [1, 0, 1, 1, 1, 0, 0, 1, 0, 0], 'E': [1, 1, 1, 1, 1, 0, 1, 1, 1, 1], 'F': [1, 1, 1, 1, 1, 1, 1, 1, 1, 1], 'G': [1, 1, 1, 1, 1, 1, 1, 1, 0, 0], 'H': [1, 1, 1, 1, 1, 1, 0, 1, 0, 1], 'I': [1, 0, 1, 1, 1, 1, 0, 1, 0, 1], 'J': [1, 1, 0, 1, 0, 0, 1, 1, 1, 0], 'K': [1, 1, 1, 0, 1, 1, 1, 1, 1, 0]}, '东门南侧': {'A': [0, 1, 1, 1, 0, 0, 0, 1, 1, 0], 'B': [0, 0, 0, 0, 0, 0, 0, 0, 0, 0]}, '西门北侧': {'A': [1, 1, 1, 1, 1, 1, 1, 1, 1, 0], 'B': [1, 1, 1, 1, 0, 1, 1, 1, 1, 0], 'C': [1, 1, 1, 1, 0, 1, 1, 0, 0, 1]}, '西门南侧': {'A': [0, 1, 1, 1, 1, 1, 1, 1, 1, 1], 'B': [1, 1, 1, 1, 1, 1, 1, 1, 1, 1], 'C': [1, 1, 1, 1, 0, 0, 1, 1, 1, 1]}, '南门西侧': {'A': [1, 1, 1, 1, 1, 1, 1, 1, 1, 1], 'B': [0, 0, 1, 0, 0, 0, 0, 0, 1, 0]}, '南门东侧': {'A': [1, 0, 0, 1, 1, 1, 1, 1, 1, 1], 'B': [1, 1, 1, 1, 1, 1, 1, 1, 1, 1]}, '北门东北侧': {'A': [1, 1, 1, 1, 1, 1, 1, 1, 1, 1], 'B': [1, 0, 0, 1, 1, 0, 1, 1, 0, 0], 'C': [1, 0, 0, 1, 0, 0, 0, 1, 1, 0], 'D': [0, 0, 0, 0, 0, 0, 0, 0, 0, 0]}, '北门东南侧': {'A': [1, 1, 1, 0, 1, 0, 1, 1, 0, 1], 'B': [0, 1, 0, 0, 1, 0, 0, 0, 1, 1], 'C': [1, 0, 1, 0, 0, 0, 0, 0, 0, 0], 'D': [0, 0, 0, 0, 0, 0, 0, 0, 0, 0], 'E': [0, 0, 0, 1, 0, 0, 0, 0, 0, 0], 'F': [1, 1, 1, 1, 0, 1, 1, 0, 1, 1]}, '橘园北侧南': {'A': [0, 1, 1, 0, 0, 0, 0, 1, 1, 1], 'B': [0, 1, 1, 1, 0, 0, 1, 1, 1, 1], 'C': [1, 0, 1, 1, 0, 1, 1, 0, 1, 0], 'D': [1, 1, 1, 1, 1, 0, 0, 1, 1, 0], 'E': [0, 1, 1, 0, 1, 0, 1, 0, 1, 0], 'F': [0, 0, 0, 1, 0, 0, 0, 0, 1, 0], 'G': [1, 0, 1, 0, 0, 0, 0, 1, 0, 1], 'H': [0, 1, 0, 1, 0, 0, 1, 0, 0, 0], 'I': [0, 0, 0, 0, 0, 0, 0, 0, 0, 0], 'J': [0, 0, 0, 0, 0, 0, 1, 1, 1, 0]}, '校医院西': {'A': [0, 1, 0, 1, 1, 1, 1, 1, 1, 0], 'B': [1, 1, 1, 1, 0, 1, 0, 1, 1, 1], 'C': [0, 1, 0, 1, 1, 0, 1, 1, 0, 1], 'D': [1, 1, 1, 0, 1, 0, 1, 1, 1, 1], 'E': [1, 1, 0, 1, 1, 1, 1, 1, 1, 1], 'F': [1, 0, 1, 1, 1, 1, 1, 1, 1, 1], 'G': [0, 0, 0, 0, 1, 1, 1, 1, 1, 1], 'H': [0, 0, 0, 0, 0, 0, 0, 0, 0, 0], 'I': [0, 0, 0, 0, 0, 0, 1, 1, 0, 0]}}
624197	2024-07-13 20:41:21.989000+08:00	2024-07-13 20:41:21.989000+08:00	{'东门北侧': {'A': [1, 1, 1, 1, 1, 0, 1, 0, 1, 1], 'B': [1, 1, 1, 1, 1, 1, 1, 1, 1, 1], 'C': [1, 1, 1, 1, 1, 0, 1, 0, 1, 0], 'D': [1, 0, 1, 1, 1, 0, 0, 1, 0, 0], 'E': [1, 1, 1, 1, 1, 0, 1, 1, 1, 1], 'F': [1, 1, 1, 1, 1, 1, 1, 1, 1, 1], 'G': [1, 1, 1, 1, 1, 1, 1, 1, 0, 0], 'H': [1, 1, 1, 1, 1, 1, 0, 1, 0, 1], 'I': [1, 0, 1, 1, 1, 1, 0, 1, 0, 1], 'J': [1, 1, 0, 1, 0, 0, 1, 1, 1, 0], 'K': [1, 1, 1, 0, 1, 1, 1, 1, 1, 0]}, '东门南侧': {'A': [0, 1, 1, 1, 0, 0, 0, 1, 1, 0], 'B': [0, 0, 0, 0, 0, 0, 0, 0, 0, 0]}, '西门北侧': {'A': [1, 1, 1, 1, 1, 1, 1, 1, 1, 0], 'B': [1, 1, 1, 1, 0, 1, 1, 1, 1, 0], 'C': [1, 1, 1, 1, 0, 1, 1, 0, 0, 1]}, '西门南侧': {'A': [0, 1, 1, 1, 1, 1, 1, 1, 1, 1], 'B': [1, 1, 1, 1, 1, 1, 1, 1, 1, 1], 'C': [1, 1, 1, 1, 0, 0, 1, 1, 1, 1]}, '南门西侧': {'A': [1, 1, 1, 1, 1, 1, 1, 1, 1, 1], 'B': [0, 0, 1, 0, 0, 0, 0, 0, 1, 0]}, '南门东侧': {'A': [1, 0, 0, 1, 1, 1, 1, 1, 1, 1], 'B': [1, 1, 1, 1, 1, 1, 1, 1, 1, 1]}, '北门东北侧': {'A': [1, 1, 1, 1, 1, 1, 1, 1, 1, 1], 'B': [1, 0, 0, 1, 1, 0, 1, 1, 0, 0], 'C': [1, 0, 0, 1, 0, 0, 0, 1, 1, 0], 'D': [0, 0, 0, 0, 0, 0, 0, 0, 0, 0]}, '北门东南侧': {'A': [1, 1, 1, 0, 1, 0, 1, 1, 0, 1], 'B': [0, 1, 0, 0, 1, 0, 0, 0, 1, 1], 'C': [1, 0, 1, 0, 0, 0, 0, 0, 0, 0], 'D': [0, 0, 0, 0, 0, 0, 0, 0, 0, 0], 'E': [0, 0, 0, 1, 0, 0, 0, 0, 0, 0], 'F': [1, 1, 1, 1, 0, 1, 1, 0, 1, 1]}, '橘园北侧南': {'A': [0, 1, 1, 0, 0, 0, 0, 1, 1, 1], 'B': [0, 1, 1, 1, 0, 0, 1, 1, 1, 1], 'C': [1, 0, 1, 1, 0, 1, 1, 0, 1, 0], 'D': [1, 1, 1, 1, 1, 0, 0, 1, 1, 0], 'E': [0, 1, 1, 0, 1, 0, 1, 0, 1, 0], 'F': [0, 0, 0, 1, 0, 0, 0, 0, 1, 1], 'G': [1, 0, 1, 0, 0, 0, 0, 1, 0, 1], 'H': [0, 1, 0, 1, 0, 0, 1, 0, 0, 0], 'I': [0, 0, 0, 0, 0, 0, 0, 0, 0, 0], 'J': [0, 0, 0, 0, 0, 0, 1, 1, 1, 0]}, '校医院西': {'A': [0, 1, 0, 1, 1, 1, 1, 1, 1, 0], 'B': [1, 1, 1, 1, 0, 1, 0, 1, 1, 1], 'C': [0, 1, 0, 1, 1, 0, 1, 1, 0, 1], 'D': [1, 1, 1, 0, 1, 0, 1, 1, 1, 1], 'E': [1, 1, 0, 1, 1, 1, 1, 1, 1, 1], 'F': [1, 0, 1, 1, 1, 1, 1, 1, 1, 1], 'G': [0, 0, 0, 0, 1, 1, 1, 1, 1, 1], 'H': [0, 0, 0, 0, 0, 0, 0, 0, 0, 0], 'I': [0, 0, 0, 0, 0, 0, 0, 1, 0, 0]}}
624198	2024-07-13 20:42:21.769000+08:00	2024-07-13 20:42:21.769000+08:00	{'东门北侧': {'A': [1, 1, 1, 1, 1, 0, 1, 0, 1, 1], 'B': [1, 1, 1, 1, 1, 1, 1, 1, 1, 1], 'C': [1, 1, 1, 1, 1, 0, 1, 0, 1, 0], 'D': [1, 0, 1, 1, 1, 0, 0, 1, 0, 0], 'E': [1, 1, 1, 1, 1, 0, 1, 1, 1, 1], 'F': [1, 1, 1, 1, 1, 1, 1, 1, 1, 1], 'G': [1, 1, 1, 1, 1, 1, 1, 1, 0, 0], 'H': [1, 1, 1, 1, 1, 1, 0, 1, 0, 1], 'I': [1, 0, 1, 1, 1, 1, 0, 1, 0, 1], 'J': [1, 1, 0, 1, 0, 0, 1, 1, 1, 0], 'K': [1, 1, 1, 0, 1, 1, 1, 1, 1, 0]}, '东门南侧': {'A': [0, 1, 1, 1, 0, 0, 0, 1, 1, 0], 'B': [0, 0, 0, 0, 0, 0, 0, 0, 0, 0]}, '西门北侧': {'A': [1, 1, 1, 1, 1, 1, 1, 1, 1, 0], 'B': [1, 1, 1, 1, 0, 1, 1, 1, 1, 0], 'C': [1, 1, 1, 1, 0, 1, 1, 0, 0, 1]}, '西门南侧': {'A': [0, 1, 1, 1, 1, 1, 1, 1, 1, 1], 'B': [1, 1, 1, 1, 1, 1, 1, 1, 1, 1], 'C': [1, 1, 1, 1, 0, 0, 1, 1, 1, 1]}, '南门西侧': {'A': [1, 1, 1, 1, 1, 1, 1, 1, 1, 1], 'B': [0, 0, 1, 0, 0, 0, 0, 0, 1, 0]}, '南门东侧': {'A': [1, 0, 0, 1, 1, 1, 1, 1, 1, 1], 'B': [1, 1, 1, 1, 1, 1, 1, 1, 1, 1]}, '北门东北侧': {'A': [1, 1, 1, 1, 1, 1, 1, 1, 1, 1], 'B': [1, 0, 0, 1, 1, 0, 1, 1, 0, 0], 'C': [1, 0, 0, 1, 0, 0, 0, 1, 1, 0], 'D': [0, 0, 0, 0, 0, 0, 0, 0, 0, 0]}, '北门东南侧': {'A': [1, 1, 1, 0, 1, 0, 1, 1, 0, 1], 'B': [0, 1, 0, 0, 1, 0, 0, 0, 1, 1], 'C': [1, 0, 1, 0, 0, 0, 0, 0, 0, 0], 'D': [0, 0, 0, 0, 0, 0, 0, 0, 0, 0], 'E': [0, 0, 0, 1, 0, 0, 0, 0, 0, 0], 'F': [1, 1, 1, 1, 0, 1, 1, 0, 1, 1]}, '橘园北侧南': {'A': [0, 1, 1, 0, 0, 0, 0, 1, 1, 1], 'B': [0, 1, 1, 1, 0, 0, 1, 1, 1, 1], 'C': [1, 0, 1, 1, 0, 1, 1, 0, 1, 0], 'D': [1, 1, 1, 1, 1, 0, 0, 1, 1, 0], 'E': [0, 1, 1, 0, 1, 0, 1, 0, 1, 0], 'F': [0, 0, 0, 1, 0, 0, 0, 0, 1, 1], 'G': [1, 0, 1, 0, 0, 0, 0, 1, 0, 1], 'H': [0, 1, 0, 1, 0, 0, 1, 0, 0, 0], 'I': [0, 0, 0, 0, 0, 0, 0, 0, 0, 0], 'J': [0, 0, 0, 0, 0, 0, 1, 1, 1, 0]}, '校医院西': {'A': [0, 1, 0, 1, 1, 1, 1, 1, 1, 0], 'B': [1, 1, 1, 1, 0, 1, 0, 1, 1, 1], 'C': [0, 1, 0, 1, 1, 0, 1, 1, 0, 1], 'D': [1, 1, 1, 1, 1, 0, 1, 1, 1, 1], 'E': [1, 1, 0, 1, 1, 1, 1, 1, 1, 1], 'F': [1, 0, 1, 1, 1, 1, 1, 1, 1, 1], 'G': [0, 0, 0, 0, 1, 1, 1, 1, 1, 1], 'H': [0, 0, 0, 0, 0, 0, 0, 0, 0, 0], 'I': [0, 0, 0, 0, 0, 0, 0, 1, 0, 0]}}
624199	2024-07-13 20:43:23.001000+08:00	2024-07-13 20:43:23.001000+08:00	{'东门北侧': {'A': [1, 1, 1, 1, 1, 0, 1, 0, 1, 1], 'B': [1, 1, 1, 1, 1, 1, 1, 1, 1, 1], 'C': [1, 1, 1, 1, 1, 0, 1, 0, 1, 0], 'D': [1, 0, 1, 1, 1, 0, 0, 1, 0, 0], 'E': [1, 1, 1, 1, 1, 0, 1, 1, 1, 1], 'F': [1, 1, 1, 1, 1, 1, 1, 1, 1, 1], 'G': [1, 1, 1, 1, 1, 1, 1, 1, 0, 0], 'H': [1, 1, 1, 1, 1, 1, 0, 1, 0, 1], 'I': [1, 0, 1, 1, 1, 1, 0, 1, 0, 1], 'J': [1, 1, 0, 1, 0, 0, 1, 1, 1, 0], 'K': [1, 1, 1, 0, 1, 1, 1, 1, 1, 0]}, '东门南侧': {'A': [0, 1, 1, 1, 0, 0, 0, 1, 1, 0], 'B': [0, 0, 0, 0, 0, 0, 0, 0, 0, 0]}, '西门北侧': {'A': [1, 1, 1, 1, 1, 1, 1, 1, 1, 0], 'B': [1, 1, 1, 1, 0, 1, 1, 1, 1, 0], 'C': [1, 1, 1, 1, 0, 1, 1, 0, 0, 1]}, '西门南侧': {'A': [0, 1, 1, 1, 1, 1, 1, 1, 1, 1], 'B': [1, 1, 1, 1, 1, 1, 1, 1, 1, 1], 'C': [1, 1, 1, 1, 0, 0, 1, 1, 1, 1]}, '南门西侧': {'A': [1, 1, 1, 1, 1, 1, 1, 1, 1, 1], 'B': [0, 0, 1, 0, 0, 0, 0, 0, 1, 0]}, '南门东侧': {'A': [1, 0, 0, 1, 1, 1, 1, 1, 1, 1], 'B': [1, 1, 1, 1, 1, 1, 1, 1, 1, 1]}, '北门东北侧': {'A': [1, 1, 1, 1, 1, 1, 1, 1, 1, 1], 'B': [1, 0, 0, 1, 1, 0, 1, 1, 0, 0], 'C': [1, 0, 0, 1, 0, 0, 0, 1, 1, 0], 'D': [0, 0, 0, 0, 0, 0, 0, 0, 0, 0]}, '北门东南侧': {'A': [1, 1, 1, 0, 1, 0, 1, 1, 0, 1], 'B': [0, 1, 0, 0, 1, 0, 0, 0, 1, 1], 'C': [1, 0, 1, 0, 0, 0, 0, 0, 0, 0], 'D': [0, 0, 0, 0, 0, 0, 0, 0, 0, 0], 'E': [0, 0, 0, 1, 0, 0, 0, 0, 0, 0], 'F': [1, 1, 1, 1, 0, 1, 1, 0, 1, 1]}, '橘园北侧南': {'A': [0, 1, 1, 0, 0, 0, 0, 1, 1, 1], 'B': [0, 1, 1, 1, 0, 0, 1, 1, 1, 1], 'C': [1, 0, 1, 1, 1, 1, 1, 0, 1, 0], 'D': [1, 1, 1, 1, 1, 0, 0, 1, 1, 0], 'E': [0, 1, 1, 0, 1, 0, 1, 0, 1, 0], 'F': [0, 0, 0, 1, 0, 0, 0, 0, 1, 1], 'G': [1, 0, 1, 0, 0, 0, 0, 1, 0, 1], 'H': [0, 1, 0, 1, 0, 0, 1, 0, 0, 0], 'I': [0, 0, 0, 0, 0, 0, 0, 0, 0, 0], 'J': [0, 0, 0, 0, 0, 0, 1, 1, 1, 0]}, '校医院西': {'A': [0, 1, 0, 1, 1, 1, 1, 1, 1, 0], 'B': [1, 1, 1, 1, 0, 1, 0, 1, 1, 1], 'C': [0, 1, 0, 1, 1, 0, 1, 1, 0, 1], 'D': [1, 1, 1, 1, 1, 0, 1, 1, 1, 1], 'E': [1, 1, 0, 1, 1, 1, 1, 1, 1, 1], 'F': [1, 0, 1, 1, 1, 1, 1, 1, 1, 1], 'G': [0, 0, 0, 0, 1, 1, 1, 1, 1, 1], 'H': [0, 0, 0, 0, 0, 0, 0, 0, 0, 0], 'I': [0, 0, 0, 0, 0, 0, 0, 1, 0, 0]}}
624200	2024-07-13 20:44:25.468000+08:00	2024-07-13 20:44:25.468000+08:00	{'东门北侧': {'A': [1, 1, 1, 1, 1, 0, 1, 0, 1, 1], 'B': [1, 1, 1, 1, 1, 1, 1, 1, 1, 1], 'C': [1, 1, 1, 1, 1, 0, 1, 0, 1, 0], 'D': [1, 0, 1, 1, 1, 0, 0, 1, 0, 0], 'E': [1, 1, 1, 1, 1, 0, 1, 1, 1, 1], 'F': [1, 1, 1, 1, 1, 1, 1, 1, 1, 1], 'G': [1, 1, 1, 1, 1, 1, 1, 1, 0, 0], 'H': [1, 1, 1, 1, 1, 1, 0, 1, 0, 1], 'I': [1, 0, 1, 1, 1, 1, 0, 1, 0, 1], 'J': [1, 1, 0, 1, 0, 0, 1, 1, 1, 0], 'K': [1, 1, 1, 0, 1, 1, 1, 1, 1, 0]}, '东门南侧': {'A': [0, 1, 1, 1, 0, 0, 0, 1, 1, 0], 'B': [0, 0, 0, 0, 0, 0, 0, 0, 0, 0]}, '西门北侧': {'A': [1, 1, 1, 1, 1, 1, 1, 1, 1, 0], 'B': [1, 1, 1, 1, 0, 1, 1, 1, 1, 0], 'C': [1, 1, 1, 1, 0, 1, 1, 0, 0, 1]}, '西门南侧': {'A': [0, 1, 1, 1, 1, 1, 1, 1, 1, 1], 'B': [1, 1, 1, 1, 1, 1, 1, 1, 1, 1], 'C': [1, 1, 1, 1, 0, 0, 1, 1, 1, 1]}, '南门西侧': {'A': [1, 1, 1, 1, 1, 1, 1, 1, 1, 1], 'B': [0, 0, 1, 0, 0, 0, 0, 0, 1, 0]}, '南门东侧': {'A': [1, 0, 0, 1, 1, 1, 1, 1, 1, 1], 'B': [1, 1, 1, 1, 1, 1, 1, 1, 1, 1]}, '北门东北侧': {'A': [1, 1, 1, 1, 1, 1, 1, 1, 1, 1], 'B': [1, 0, 0, 1, 1, 0, 1, 1, 0, 0], 'C': [1, 0, 0, 1, 0, 0, 0, 1, 1, 0], 'D': [0, 0, 0, 0, 0, 0, 0, 0, 0, 0]}, '北门东南侧': {'A': [1, 1, 1, 0, 1, 0, 1, 1, 0, 1], 'B': [0, 1, 0, 0, 1, 0, 0, 0, 1, 1], 'C': [1, 0, 1, 0, 0, 0, 0, 0, 0, 0], 'D': [0, 0, 0, 0, 0, 0, 0, 0, 0, 0], 'E': [0, 0, 0, 1, 0, 0, 0, 0, 0, 0], 'F': [1, 1, 1, 1, 0, 1, 1, 0, 1, 1]}, '橘园北侧南': {'A': [0, 1, 1, 0, 0, 0, 0, 1, 1, 1], 'B': [0, 1, 1, 1, 0, 0, 1, 1, 1, 1], 'C': [1, 0, 1, 1, 1, 1, 1, 0, 1, 0], 'D': [1, 1, 1, 1, 1, 0, 0, 1, 1, 0], 'E': [0, 1, 1, 0, 1, 0, 1, 0, 1, 0], 'F': [0, 0, 0, 1, 0, 0, 0, 0, 1, 1], 'G': [1, 0, 1, 0, 0, 0, 0, 1, 0, 1], 'H': [0, 1, 0, 1, 0, 0, 1, 0, 0, 0], 'I': [0, 0, 0, 0, 0, 0, 0, 0, 0, 0], 'J': [0, 0, 0, 0, 0, 0, 1, 1, 1, 0]}, '校医院西': {'A': [0, 1, 0, 1, 1, 1, 1, 1, 1, 0], 'B': [1, 1, 1, 1, 0, 1, 0, 1, 1, 1], 'C': [0, 1, 0, 1, 1, 0, 1, 1, 0, 1], 'D': [1, 1, 1, 1, 1, 0, 1, 1, 1, 1], 'E': [1, 1, 0, 1, 1, 1, 1, 1, 1, 1], 'F': [1, 0, 1, 1, 1, 1, 1, 1, 1, 1], 'G': [0, 0, 0, 0, 1, 1, 1, 1, 1, 1], 'H': [0, 0, 0, 0, 0, 0, 0, 0, 0, 0], 'I': [0, 0, 0, 0, 0, 0, 0, 1, 0, 0]}}
624201	2024-07-13 20:45:23.759000+08:00	2024-07-13 20:45:23.759000+08:00	{'东门北侧': {'A': [1, 1, 1, 1, 1, 0, 1, 0, 1, 1], 'B': [1, 1, 1, 1, 1, 1, 1, 1, 1, 1], 'C': [1, 1, 1, 1, 1, 0, 1, 0, 1, 0], 'D': [1, 0, 1, 1, 1, 0, 0, 1, 0, 0], 'E': [1, 1, 1, 1, 1, 0, 1, 1, 1, 1], 'F': [1, 1, 1, 1, 1, 1, 1, 1, 1, 1], 'G': [1, 1, 1, 1, 1, 1, 1, 1, 0, 0], 'H': [1, 1, 1, 1, 1, 1, 0, 1, 0, 1], 'I': [1, 0, 1, 1, 1, 1, 0, 1, 0, 1], 'J': [1, 1, 0, 1, 0, 0, 1, 1, 1, 0], 'K': [1, 1, 1, 0, 1, 1, 1, 1, 1, 0]}, '东门南侧': {'A': [0, 1, 1, 1, 0, 0, 0, 1, 1, 0], 'B': [0, 0, 0, 0, 0, 0, 0, 0, 0, 0]}, '西门北侧': {'A': [1, 1, 1, 1, 1, 1, 1, 1, 1, 0], 'B': [1, 1, 1, 1, 0, 1, 1, 1, 1, 0], 'C': [1, 1, 1, 1, 0, 1, 1, 0, 0, 1]}, '西门南侧': {'A': [0, 1, 1, 1, 1, 1, 1, 1, 1, 1], 'B': [1, 1, 1, 1, 1, 1, 1, 1, 1, 1], 'C': [1, 1, 1, 1, 0, 0, 1, 1, 1, 1]}, '南门西侧': {'A': [1, 1, 1, 1, 1, 1, 1, 1, 1, 1], 'B': [0, 0, 1, 0, 0, 0, 0, 0, 1, 0]}, '南门东侧': {'A': [1, 0, 0, 1, 1, 1, 1, 1, 1, 1], 'B': [1, 1, 1, 1, 1, 1, 1, 1, 1, 1]}, '北门东北侧': {'A': [1, 1, 1, 1, 1, 1, 1, 1, 1, 1], 'B': [1, 0, 0, 1, 1, 0, 1, 1, 0, 0], 'C': [1, 0, 0, 1, 0, 0, 0, 1, 1, 0], 'D': [0, 0, 0, 0, 0, 0, 0, 0, 0, 0]}, '北门东南侧': {'A': [1, 1, 1, 0, 1, 0, 1, 1, 0, 1], 'B': [0, 1, 0, 0, 1, 0, 0, 0, 1, 1], 'C': [1, 0, 1, 0, 0, 0, 0, 0, 0, 0], 'D': [0, 0, 0, 0, 0, 0, 0, 0, 0, 0], 'E': [0, 0, 0, 1, 0, 0, 0, 0, 0, 0], 'F': [1, 1, 1, 1, 0, 1, 1, 0, 1, 1]}, '橘园北侧南': {'A': [0, 1, 1, 0, 0, 0, 0, 1, 1, 1], 'B': [0, 1, 1, 1, 0, 0, 1, 1, 1, 1], 'C': [1, 0, 1, 1, 1, 1, 1, 0, 1, 0], 'D': [1, 1, 1, 1, 1, 0, 0, 1, 1, 0], 'E': [0, 1, 1, 0, 1, 0, 1, 0, 1, 0], 'F': [0, 0, 0, 1, 1, 0, 0, 0, 1, 1], 'G': [1, 0, 1, 0, 0, 0, 0, 1, 0, 1], 'H': [0, 1, 0, 1, 0, 0, 1, 0, 0, 0], 'I': [0, 0, 0, 0, 0, 0, 0, 0, 0, 0], 'J': [0, 0, 0, 0, 0, 0, 1, 1, 1, 0]}, '校医院西': {'A': [0, 1, 0, 1, 1, 1, 1, 1, 1, 0], 'B': [1, 1, 1, 1, 0, 1, 0, 1, 1, 1], 'C': [0, 1, 0, 1, 1, 0, 1, 1, 0, 1], 'D': [1, 1, 1, 1, 1, 0, 1, 1, 1, 1], 'E': [1, 1, 0, 1, 1, 1, 1, 1, 1, 1], 'F': [1, 0, 1, 1, 1, 1, 1, 1, 1, 1], 'G': [0, 0, 0, 0, 0, 1, 1, 1, 1, 1], 'H': [0, 0, 0, 0, 0, 0, 0, 0, 0, 1], 'I': [0, 0, 0, 0, 0, 0, 0, 1, 0, 0]}}
624202	2024-07-13 20:46:18.735000+08:00	2024-07-13 20:46:18.735000+08:00	{'东门北侧': {'A': [1, 1, 1, 1, 1, 0, 1, 0, 1, 1], 'B': [1, 1, 1, 1, 1, 1, 1, 1, 1, 1], 'C': [1, 1, 1, 1, 1, 0, 1, 0, 1, 0], 'D': [1, 0, 1, 1, 1, 0, 0, 1, 0, 0], 'E': [1, 1, 1, 1, 1, 0, 1, 1, 1, 1], 'F': [1, 1, 1, 1, 1, 1, 1, 1, 1, 1], 'G': [1, 1, 1, 1, 1, 1, 1, 1, 0, 0], 'H': [1, 1, 1, 1, 1, 1, 0, 1, 0, 1], 'I': [1, 0, 1, 1, 1, 1, 0, 1, 0, 1], 'J': [1, 1, 0, 1, 0, 0, 1, 1, 1, 0], 'K': [1, 1, 1, 0, 1, 1, 1, 1, 1, 0]}, '东门南侧': {'A': [0, 1, 1, 1, 0, 0, 0, 1, 1, 0], 'B': [0, 0, 0, 0, 0, 0, 0, 0, 0, 0]}, '西门北侧': {'A': [1, 1, 1, 1, 1, 1, 1, 1, 1, 0], 'B': [1, 1, 1, 1, 0, 1, 1, 1, 1, 0], 'C': [1, 1, 1, 1, 0, 1, 1, 0, 0, 1]}, '西门南侧': {'A': [0, 1, 1, 1, 1, 1, 1, 1, 1, 1], 'B': [1, 1, 1, 1, 1, 1, 1, 1, 1, 1], 'C': [1, 1, 1, 1, 0, 0, 1, 1, 1, 1]}, '南门西侧': {'A': [1, 1, 1, 1, 1, 1, 1, 1, 1, 1], 'B': [0, 0, 1, 0, 0, 0, 0, 0, 1, 0]}, '南门东侧': {'A': [1, 0, 0, 1, 1, 1, 1, 1, 1, 1], 'B': [1, 1, 1, 1, 1, 1, 1, 1, 1, 1]}, '北门东北侧': {'A': [1, 1, 1, 1, 1, 1, 1, 1, 1, 1], 'B': [1, 0, 0, 1, 1, 0, 1, 1, 0, 0], 'C': [1, 0, 1, 1, 0, 0, 0, 1, 1, 0], 'D': [0, 0, 0, 0, 0, 0, 0, 0, 0, 0]}, '北门东南侧': {'A': [1, 1, 1, 0, 1, 0, 1, 1, 0, 1], 'B': [0, 1, 0, 0, 1, 0, 0, 0, 1, 1], 'C': [1, 0, 1, 0, 0, 0, 0, 0, 0, 0], 'D': [0, 0, 0, 0, 0, 0, 0, 0, 0, 0], 'E': [0, 0, 0, 1, 0, 0, 0, 0, 0, 0], 'F': [1, 1, 1, 1, 0, 1, 1, 0, 1, 1]}, '橘园北侧南': {'A': [0, 1, 1, 0, 0, 0, 0, 1, 1, 1], 'B': [0, 1, 1, 1, 0, 0, 1, 1, 1, 1], 'C': [1, 0, 1, 1, 1, 1, 1, 0, 1, 0], 'D': [1, 1, 1, 1, 1, 0, 0, 1, 1, 0], 'E': [0, 1, 1, 0, 1, 0, 1, 0, 1, 0], 'F': [0, 0, 0, 1, 1, 0, 0, 0, 1, 1], 'G': [1, 0, 1, 0, 0, 0, 0, 1, 0, 1], 'H': [0, 1, 0, 1, 0, 0, 1, 0, 0, 0], 'I': [0, 0, 0, 0, 0, 0, 0, 0, 0, 0], 'J': [0, 0, 0, 0, 0, 0, 1, 1, 1, 0]}, '校医院西': {'A': [0, 1, 0, 1, 1, 1, 1, 1, 1, 0], 'B': [1, 1, 1, 1, 0, 1, 0, 1, 1, 1], 'C': [0, 1, 0, 1, 1, 0, 1, 1, 0, 1], 'D': [1, 1, 1, 1, 1, 0, 1, 1, 1, 1], 'E': [1, 1, 0, 1, 1, 1, 1, 1, 1, 1], 'F': [1, 0, 1, 1, 1, 1, 1, 1, 1, 1], 'G': [0, 0, 0, 0, 0, 1, 1, 1, 1, 1], 'H': [0, 0, 0, 0, 0, 0, 0, 0, 0, 1], 'I': [0, 0, 0, 0, 0, 0, 0, 1, 0, 0]}}
624203	2024-07-13 20:47:22.569000+08:00	2024-07-13 20:47:22.569000+08:00	{'东门北侧': {'A': [1, 1, 1, 1, 1, 0, 1, 0, 1, 1], 'B': [1, 1, 1, 1, 1, 1, 1, 1, 1, 1], 'C': [1, 1, 1, 1, 1, 0, 1, 0, 1, 0], 'D': [1, 0, 1, 1, 1, 0, 0, 1, 0, 0], 'E': [1, 1, 1, 1, 1, 0, 1, 1, 1, 1], 'F': [1, 1, 1, 1, 1, 1, 1, 1, 1, 1], 'G': [1, 1, 1, 1, 1, 1, 1, 1, 0, 0], 'H': [1, 1, 1, 1, 1, 1, 0, 1, 0, 1], 'I': [1, 0, 1, 1, 1, 1, 0, 1, 0, 1], 'J': [1, 1, 0, 1, 0, 0, 1, 1, 1, 0], 'K': [1, 1, 1, 0, 1, 1, 1, 1, 1, 0]}, '东门南侧': {'A': [0, 1, 1, 1, 0, 0, 0, 1, 1, 0], 'B': [0, 0, 0, 0, 0, 0, 0, 0, 0, 0]}, '西门北侧': {'A': [1, 1, 1, 1, 1, 1, 1, 1, 1, 0], 'B': [1, 1, 1, 1, 0, 1, 1, 1, 1, 0], 'C': [1, 1, 1, 1, 0, 1, 1, 0, 0, 1]}, '西门南侧': {'A': [0, 1, 1, 1, 1, 1, 1, 1, 1, 1], 'B': [1, 1, 1, 1, 1, 1, 1, 1, 1, 1], 'C': [1, 1, 1, 1, 0, 0, 1, 1, 1, 1]}, '南门西侧': {'A': [1, 1, 1, 1, 1, 1, 1, 1, 1, 1], 'B': [0, 0, 1, 0, 0, 0, 0, 0, 1, 0]}, '南门东侧': {'A': [1, 0, 0, 1, 1, 1, 1, 1, 1, 1], 'B': [1, 1, 1, 1, 1, 1, 1, 1, 1, 1]}, '北门东北侧': {'A': [1, 1, 1, 1, 1, 1, 1, 1, 1, 1], 'B': [1, 0, 0, 1, 1, 0, 1, 1, 0, 0], 'C': [1, 0, 1, 1, 0, 0, 0, 1, 1, 0], 'D': [0, 0, 0, 0, 0, 0, 0, 0, 0, 0]}, '北门东南侧': {'A': [1, 1, 1, 0, 1, 0, 1, 1, 0, 1], 'B': [0, 1, 0, 0, 1, 0, 0, 0, 1, 1], 'C': [1, 0, 1, 0, 0, 0, 0, 0, 0, 0], 'D': [0, 0, 0, 0, 0, 0, 0, 0, 0, 0], 'E': [0, 0, 0, 1, 0, 0, 0, 0, 0, 0], 'F': [1, 1, 1, 1, 0, 1, 1, 0, 1, 1]}, '橘园北侧南': {'A': [0, 1, 1, 0, 0, 0, 0, 1, 1, 1], 'B': [0, 1, 1, 1, 0, 0, 0, 1, 1, 1], 'C': [1, 0, 1, 1, 1, 1, 1, 0, 1, 0], 'D': [1, 1, 1, 1, 1, 0, 0, 1, 1, 0], 'E': [0, 1, 1, 0, 1, 0, 1, 0, 1, 0], 'F': [0, 0, 0, 1, 1, 0, 0, 0, 1, 1], 'G': [1, 0, 1, 0, 0, 0, 0, 1, 0, 1], 'H': [0, 1, 0, 1, 0, 0, 1, 0, 0, 0], 'I': [0, 0, 0, 0, 0, 0, 0, 0, 0, 0], 'J': [0, 0, 0, 0, 0, 0, 1, 1, 1, 0]}, '校医院西': {'A': [0, 1, 0, 1, 1, 1, 1, 1, 1, 0], 'B': [1, 1, 1, 1, 0, 1, 0, 1, 1, 1], 'C': [0, 1, 0, 1, 1, 0, 1, 1, 0, 1], 'D': [1, 1, 1, 1, 1, 0, 1, 1, 1, 1], 'E': [1, 1, 0, 1, 1, 1, 1, 1, 1, 1], 'F': [1, 0, 1, 1, 1, 1, 1, 1, 1, 1], 'G': [0, 0, 0, 0, 0, 1, 1, 1, 1, 1], 'H': [0, 0, 0, 0, 0, 0, 0, 0, 0, 1], 'I': [0, 0, 0, 0, 0, 0, 0, 1, 0, 0]}}
624204	2024-07-13 20:48:18.730000+08:00	2024-07-13 20:48:18.730000+08:00	{'东门北侧': {'A': [1, 1, 1, 1, 1, 0, 1, 0, 1, 1], 'B': [1, 1, 1, 1, 1, 1, 1, 1, 1, 1], 'C': [1, 1, 1, 1, 1, 0, 1, 0, 1, 0], 'D': [1, 0, 1, 1, 1, 0, 0, 1, 0, 0], 'E': [1, 1, 1, 1, 1, 0, 1, 1, 1, 1], 'F': [1, 1, 1, 1, 1, 1, 1, 1, 1, 1], 'G': [1, 1, 1, 1, 1, 1, 1, 1, 0, 0], 'H': [1, 1, 1, 1, 1, 1, 0, 1, 0, 1], 'I': [1, 0, 1, 1, 1, 1, 0, 1, 0, 1], 'J': [1, 1, 0, 1, 0, 0, 1, 1, 1, 0], 'K': [1, 1, 1, 0, 1, 1, 1, 1, 1, 0]}, '东门南侧': {'A': [0, 1, 1, 1, 0, 0, 0, 1, 1, 0], 'B': [0, 0, 0, 0, 0, 0, 0, 0, 0, 0]}, '西门北侧': {'A': [1, 1, 1, 1, 1, 1, 1, 1, 1, 0], 'B': [1, 1, 1, 1, 0, 1, 1, 1, 1, 0], 'C': [1, 1, 1, 1, 0, 1, 1, 0, 0, 1]}, '西门南侧': {'A': [0, 1, 1, 1, 1, 1, 1, 1, 1, 1], 'B': [1, 1, 1, 1, 1, 1, 1, 1, 1, 1], 'C': [1, 1, 1, 1, 0, 0, 1, 1, 1, 1]}, '南门西侧': {'A': [1, 1, 1, 1, 1, 1, 1, 1, 1, 1], 'B': [0, 0, 1, 0, 0, 0, 0, 0, 1, 0]}, '南门东侧': {'A': [1, 0, 0, 1, 1, 1, 1, 1, 1, 1], 'B': [1, 1, 1, 1, 1, 1, 1, 1, 1, 1]}, '北门东北侧': {'A': [1, 1, 1, 1, 1, 1, 1, 1, 1, 1], 'B': [1, 0, 0, 1, 1, 0, 1, 1, 0, 0], 'C': [1, 0, 1, 1, 0, 0, 0, 1, 1, 0], 'D': [0, 0, 0, 0, 0, 0, 0, 0, 0, 0]}, '北门东南侧': {'A': [1, 1, 1, 0, 1, 0, 1, 1, 0, 1], 'B': [0, 1, 0, 0, 1, 0, 0, 0, 1, 1], 'C': [1, 0, 1, 0, 0, 0, 0, 0, 0, 0], 'D': [0, 0, 0, 0, 0, 0, 0, 0, 0, 0], 'E': [0, 0, 0, 1, 0, 0, 0, 0, 0, 0], 'F': [1, 1, 1, 1, 0, 1, 1, 0, 1, 1]}, '橘园北侧南': {'A': [0, 1, 1, 0, 0, 0, 0, 1, 1, 1], 'B': [0, 1, 1, 1, 0, 0, 0, 1, 1, 1], 'C': [1, 0, 1, 1, 1, 1, 1, 0, 1, 0], 'D': [1, 1, 1, 1, 1, 0, 0, 1, 1, 0], 'E': [0, 1, 1, 0, 1, 0, 1, 0, 1, 0], 'F': [0, 0, 0, 1, 1, 0, 0, 0, 1, 1], 'G': [1, 0, 1, 0, 0, 0, 0, 1, 0, 1], 'H': [0, 1, 0, 1, 0, 0, 1, 0, 0, 0], 'I': [0, 0, 0, 0, 0, 0, 0, 0, 0, 0], 'J': [0, 0, 0, 0, 0, 0, 1, 1, 1, 0]}, '校医院西': {'A': [0, 1, 0, 1, 1, 1, 1, 1, 1, 0], 'B': [1, 1, 1, 1, 0, 1, 0, 1, 1, 1], 'C': [0, 1, 0, 1, 1, 0, 1, 1, 0, 1], 'D': [1, 1, 1, 1, 1, 0, 1, 1, 1, 1], 'E': [1, 1, 0, 1, 1, 1, 1, 1, 1, 1], 'F': [1, 0, 1, 1, 1, 1, 1, 1, 1, 1], 'G': [0, 0, 0, 0, 0, 1, 1, 1, 1, 1], 'H': [0, 0, 0, 0, 0, 0, 0, 0, 0, 1], 'I': [0, 0, 0, 0, 0, 0, 0, 1, 0, 0]}}
624205	2024-07-13 20:49:19.745000+08:00	2024-07-13 20:49:19.745000+08:00	{'东门北侧': {'A': [1, 1, 1, 1, 1, 0, 1, 0, 1, 1], 'B': [1, 1, 1, 1, 1, 1, 1, 1, 1, 1], 'C': [1, 1, 1, 1, 1, 0, 1, 0, 1, 0], 'D': [1, 0, 1, 1, 1, 0, 0, 1, 0, 0], 'E': [1, 1, 1, 1, 1, 0, 1, 1, 1, 1], 'F': [1, 1, 1, 1, 1, 1, 1, 1, 1, 1], 'G': [1, 1, 1, 1, 1, 1, 1, 1, 0, 0], 'H': [1, 1, 1, 1, 1, 1, 0, 1, 0, 1], 'I': [1, 0, 1, 1, 1, 1, 0, 1, 0, 1], 'J': [1, 1, 0, 1, 0, 0, 1, 1, 1, 0], 'K': [1, 1, 1, 0, 1, 1, 1, 1, 1, 0]}, '东门南侧': {'A': [0, 1, 1, 1, 0, 0, 0, 1, 1, 0], 'B': [0, 0, 0, 0, 0, 0, 0, 0, 0, 0]}, '西门北侧': {'A': [1, 1, 1, 1, 1, 1, 1, 1, 1, 0], 'B': [1, 1, 1, 1, 0, 1, 1, 1, 1, 0], 'C': [1, 1, 1, 1, 0, 1, 1, 0, 0, 1]}, '西门南侧': {'A': [0, 1, 1, 1, 1, 1, 1, 1, 1, 1], 'B': [1, 1, 1, 1, 1, 1, 1, 1, 1, 1], 'C': [1, 1, 1, 1, 0, 0, 1, 1, 1, 1]}, '南门西侧': {'A': [1, 1, 1, 1, 1, 1, 1, 1, 1, 1], 'B': [0, 0, 0, 0, 0, 0, 0, 0, 1, 0]}, '南门东侧': {'A': [1, 0, 0, 1, 1, 1, 1, 1, 1, 1], 'B': [1, 1, 1, 1, 1, 1, 1, 1, 1, 1]}, '北门东北侧': {'A': [1, 1, 1, 1, 1, 1, 1, 1, 1, 1], 'B': [1, 0, 0, 1, 1, 0, 1, 1, 0, 0], 'C': [1, 0, 1, 1, 0, 0, 0, 1, 1, 0], 'D': [0, 0, 0, 0, 0, 0, 0, 0, 0, 0]}, '北门东南侧': {'A': [1, 1, 1, 0, 1, 0, 1, 1, 0, 1], 'B': [0, 1, 0, 0, 1, 0, 0, 0, 1, 1], 'C': [1, 0, 1, 0, 0, 0, 0, 0, 0, 0], 'D': [0, 0, 0, 0, 0, 0, 0, 0, 0, 0], 'E': [0, 0, 0, 1, 0, 0, 0, 0, 0, 0], 'F': [1, 1, 1, 1, 0, 1, 1, 0, 1, 1]}, '橘园北侧南': {'A': [0, 1, 1, 0, 0, 0, 0, 1, 1, 1], 'B': [0, 1, 1, 1, 0, 0, 0, 1, 1, 1], 'C': [1, 0, 1, 1, 1, 1, 1, 0, 1, 0], 'D': [1, 1, 1, 1, 1, 0, 0, 1, 1, 0], 'E': [0, 1, 1, 0, 1, 0, 1, 0, 1, 0], 'F': [0, 0, 0, 1, 1, 0, 0, 0, 1, 1], 'G': [0, 0, 1, 0, 0, 0, 0, 1, 0, 1], 'H': [0, 1, 0, 1, 0, 0, 1, 0, 0, 0], 'I': [1, 0, 0, 0, 0, 0, 0, 0, 0, 0], 'J': [0, 0, 0, 0, 0, 0, 1, 1, 1, 0]}, '校医院西': {'A': [0, 1, 0, 1, 1, 1, 1, 1, 1, 0], 'B': [1, 1, 1, 1, 0, 1, 0, 1, 1, 1], 'C': [0, 1, 0, 1, 1, 0, 1, 1, 0, 1], 'D': [1, 1, 1, 1, 1, 0, 1, 1, 1, 1], 'E': [1, 1, 0, 1, 1, 1, 1, 1, 1, 1], 'F': [1, 0, 1, 1, 1, 1, 1, 1, 1, 1], 'G': [0, 0, 0, 0, 0, 1, 1, 1, 1, 1], 'H': [0, 0, 0, 0, 0, 0, 0, 0, 0, 1], 'I': [0, 0, 0, 0, 0, 0, 0, 1, 0, 0]}}
624206	2024-07-13 20:50:20.572000+08:00	2024-07-13 20:50:20.572000+08:00	{'东门北侧': {'A': [1, 1, 1, 1, 1, 0, 1, 0, 1, 1], 'B': [1, 1, 1, 1, 1, 1, 1, 1, 1, 1], 'C': [1, 1, 1, 1, 1, 0, 1, 0, 1, 0], 'D': [1, 0, 1, 1, 1, 0, 0, 1, 0, 0], 'E': [1, 1, 1, 1, 1, 0, 1, 1, 1, 1], 'F': [1, 1, 1, 1, 1, 1, 1, 1, 1, 1], 'G': [1, 1, 1, 1, 1, 1, 1, 1, 0, 0], 'H': [1, 1, 1, 1, 1, 1, 0, 1, 0, 1], 'I': [1, 0, 1, 1, 1, 1, 0, 1, 0, 1], 'J': [1, 1, 0, 1, 0, 0, 1, 1, 1, 0], 'K': [1, 1, 1, 0, 1, 1, 1, 1, 1, 0]}, '东门南侧': {'A': [0, 1, 1, 1, 0, 0, 0, 1, 1, 0], 'B': [0, 0, 0, 0, 0, 0, 0, 0, 0, 0]}, '西门北侧': {'A': [1, 1, 1, 1, 1, 1, 1, 1, 1, 0], 'B': [1, 1, 1, 1, 0, 1, 1, 1, 1, 0], 'C': [1, 1, 1, 1, 0, 1, 1, 0, 0, 1]}, '西门南侧': {'A': [0, 1, 1, 1, 1, 1, 1, 1, 1, 1], 'B': [1, 1, 1, 1, 1, 1, 1, 1, 1, 1], 'C': [1, 1, 1, 1, 0, 0, 1, 1, 1, 1]}, '南门西侧': {'A': [1, 1, 1, 1, 1, 1, 1, 1, 1, 1], 'B': [0, 0, 0, 0, 0, 0, 0, 0, 1, 0]}, '南门东侧': {'A': [1, 0, 0, 1, 1, 1, 1, 1, 1, 1], 'B': [1, 1, 1, 1, 1, 1, 1, 1, 1, 1]}, '北门东北侧': {'A': [1, 1, 1, 1, 1, 1, 1, 1, 1, 1], 'B': [1, 0, 0, 1, 1, 0, 1, 1, 0, 0], 'C': [1, 0, 1, 1, 0, 0, 0, 1, 1, 0], 'D': [0, 0, 0, 0, 0, 0, 0, 0, 0, 0]}, '北门东南侧': {'A': [1, 1, 1, 0, 1, 0, 1, 1, 0, 1], 'B': [0, 1, 0, 0, 1, 0, 0, 0, 1, 1], 'C': [1, 0, 1, 0, 0, 0, 0, 0, 0, 0], 'D': [0, 0, 0, 0, 0, 0, 0, 0, 0, 0], 'E': [0, 0, 0, 1, 0, 0, 0, 0, 0, 0], 'F': [1, 1, 1, 1, 0, 1, 1, 0, 1, 1]}, '橘园北侧南': {'A': [0, 1, 1, 0, 0, 0, 0, 1, 1, 1], 'B': [0, 1, 1, 1, 0, 0, 0, 1, 1, 1], 'C': [1, 0, 1, 1, 1, 1, 1, 0, 1, 0], 'D': [1, 1, 1, 1, 1, 0, 0, 1, 1, 0], 'E': [0, 1, 1, 0, 1, 0, 1, 0, 1, 0], 'F': [0, 0, 0, 1, 1, 0, 0, 0, 1, 1], 'G': [0, 0, 1, 0, 0, 0, 0, 1, 0, 1], 'H': [0, 1, 0, 1, 0, 0, 1, 0, 0, 0], 'I': [1, 0, 0, 0, 0, 0, 0, 0, 0, 0], 'J': [0, 0, 0, 0, 0, 0, 1, 1, 1, 0]}, '校医院西': {'A': [0, 1, 0, 1, 1, 1, 1, 1, 1, 0], 'B': [1, 1, 1, 1, 0, 1, 0, 1, 1, 1], 'C': [0, 1, 0, 1, 1, 0, 1, 1, 0, 1], 'D': [1, 1, 1, 1, 1, 0, 1, 1, 1, 1], 'E': [1, 1, 0, 1, 1, 1, 1, 1, 1, 1], 'F': [1, 0, 1, 1, 1, 1, 1, 1, 1, 1], 'G': [0, 0, 0, 0, 0, 1, 1, 1, 1, 0], 'H': [0, 0, 0, 0, 0, 0, 0, 0, 0, 1], 'I': [0, 0, 0, 0, 0, 0, 0, 1, 0, 0]}}
624207	2024-07-13 20:51:22.546000+08:00	2024-07-13 20:51:22.546000+08:00	{'东门北侧': {'A': [1, 1, 1, 1, 1, 0, 1, 0, 1, 1], 'B': [1, 1, 1, 1, 1, 1, 1, 1, 1, 1], 'C': [1, 1, 1, 1, 1, 0, 1, 0, 1, 0], 'D': [1, 0, 1, 1, 1, 0, 0, 1, 0, 0], 'E': [1, 1, 1, 1, 1, 0, 1, 1, 1, 1], 'F': [1, 1, 1, 1, 1, 1, 1, 1, 1, 1], 'G': [1, 1, 1, 1, 1, 1, 1, 1, 0, 0], 'H': [1, 1, 1, 1, 1, 1, 0, 1, 0, 1], 'I': [1, 0, 1, 1, 1, 1, 0, 1, 0, 1], 'J': [1, 1, 0, 1, 0, 0, 1, 1, 1, 0], 'K': [1, 1, 1, 0, 1, 1, 1, 1, 1, 0]}, '东门南侧': {'A': [0, 1, 1, 1, 0, 0, 0, 1, 1, 0], 'B': [0, 0, 0, 0, 0, 0, 0, 0, 0, 0]}, '西门北侧': {'A': [1, 1, 1, 1, 1, 1, 1, 1, 1, 0], 'B': [1, 1, 1, 1, 0, 1, 1, 1, 1, 0], 'C': [1, 1, 1, 1, 0, 1, 1, 0, 0, 1]}, '西门南侧': {'A': [0, 1, 1, 1, 1, 1, 1, 1, 1, 1], 'B': [1, 1, 1, 1, 1, 1, 1, 1, 1, 1], 'C': [1, 1, 1, 1, 0, 0, 1, 1, 1, 1]}, '南门西侧': {'A': [1, 1, 1, 1, 1, 1, 1, 1, 1, 1], 'B': [0, 0, 0, 0, 0, 0, 0, 0, 1, 0]}, '南门东侧': {'A': [1, 0, 0, 1, 1, 1, 1, 1, 1, 1], 'B': [1, 1, 1, 1, 1, 1, 1, 1, 1, 1]}, '北门东北侧': {'A': [1, 1, 1, 1, 1, 1, 1, 1, 1, 1], 'B': [1, 0, 0, 1, 1, 0, 1, 1, 0, 0], 'C': [1, 0, 1, 1, 0, 0, 0, 1, 1, 0], 'D': [0, 0, 0, 0, 0, 0, 0, 0, 0, 0]}, '北门东南侧': {'A': [1, 1, 1, 0, 1, 0, 1, 1, 0, 1], 'B': [0, 1, 0, 0, 1, 0, 0, 0, 1, 1], 'C': [1, 0, 1, 0, 0, 0, 0, 0, 0, 0], 'D': [0, 0, 0, 0, 0, 0, 0, 0, 0, 0], 'E': [0, 0, 0, 1, 0, 0, 0, 0, 0, 0], 'F': [1, 1, 1, 1, 0, 1, 1, 0, 1, 1]}, '橘园北侧南': {'A': [0, 1, 1, 0, 0, 0, 0, 1, 1, 1], 'B': [0, 1, 1, 1, 0, 0, 0, 1, 1, 1], 'C': [1, 0, 1, 1, 1, 1, 1, 0, 1, 0], 'D': [1, 1, 1, 1, 1, 0, 0, 1, 1, 0], 'E': [0, 1, 1, 0, 1, 0, 1, 0, 1, 0], 'F': [0, 0, 0, 1, 1, 0, 0, 0, 1, 1], 'G': [0, 0, 1, 0, 0, 0, 0, 1, 0, 1], 'H': [0, 1, 0, 1, 0, 0, 1, 0, 0, 0], 'I': [1, 0, 0, 0, 0, 0, 0, 0, 0, 0], 'J': [0, 0, 0, 0, 0, 0, 1, 1, 1, 0]}, '校医院西': {'A': [0, 1, 0, 1, 1, 1, 1, 1, 1, 0], 'B': [1, 1, 1, 1, 0, 1, 0, 1, 1, 1], 'C': [0, 1, 0, 1, 1, 0, 1, 1, 0, 1], 'D': [1, 1, 1, 1, 1, 0, 1, 1, 1, 1], 'E': [1, 1, 0, 1, 1, 1, 1, 1, 1, 1], 'F': [1, 0, 1, 1, 1, 1, 1, 1, 1, 1], 'G': [0, 0, 0, 0, 0, 1, 1, 1, 1, 0], 'H': [0, 0, 0, 0, 0, 0, 0, 0, 0, 1], 'I': [0, 0, 0, 0, 0, 0, 0, 1, 0, 0]}}
624208	2024-07-13 20:52:22.920000+08:00	2024-07-13 20:52:22.920000+08:00	{'东门北侧': {'A': [1, 1, 1, 1, 1, 0, 1, 0, 1, 1], 'B': [1, 1, 1, 1, 1, 1, 1, 1, 1, 1], 'C': [1, 1, 1, 1, 1, 0, 1, 0, 1, 0], 'D': [1, 0, 1, 1, 1, 0, 0, 1, 0, 0], 'E': [1, 1, 1, 1, 1, 0, 1, 1, 1, 1], 'F': [1, 1, 1, 1, 1, 1, 1, 1, 1, 1], 'G': [1, 1, 1, 1, 1, 1, 1, 1, 0, 0], 'H': [1, 1, 1, 1, 1, 1, 0, 1, 0, 1], 'I': [1, 0, 1, 1, 1, 1, 0, 1, 0, 1], 'J': [1, 1, 0, 1, 0, 0, 1, 1, 1, 0], 'K': [1, 1, 1, 0, 1, 1, 1, 1, 1, 0]}, '东门南侧': {'A': [0, 1, 1, 1, 0, 0, 0, 1, 1, 0], 'B': [0, 0, 0, 0, 0, 0, 0, 0, 0, 0]}, '西门北侧': {'A': [1, 1, 1, 1, 1, 1, 1, 1, 1, 0], 'B': [1, 1, 1, 1, 0, 1, 1, 1, 1, 0], 'C': [1, 1, 1, 1, 0, 1, 1, 0, 0, 1]}, '西门南侧': {'A': [0, 1, 1, 1, 1, 1, 1, 1, 1, 1], 'B': [1, 1, 1, 1, 1, 1, 1, 1, 1, 1], 'C': [1, 1, 1, 1, 0, 0, 1, 1, 1, 1]}, '南门西侧': {'A': [1, 1, 1, 1, 1, 1, 1, 1, 1, 1], 'B': [0, 0, 0, 0, 0, 0, 0, 0, 1, 0]}, '南门东侧': {'A': [1, 0, 0, 1, 1, 1, 1, 1, 1, 1], 'B': [1, 1, 1, 1, 1, 1, 1, 1, 1, 1]}, '北门东北侧': {'A': [1, 1, 1, 1, 1, 1, 1, 1, 1, 1], 'B': [1, 0, 0, 1, 1, 0, 1, 1, 0, 0], 'C': [1, 0, 1, 1, 0, 0, 0, 1, 1, 0], 'D': [0, 0, 0, 0, 0, 0, 0, 0, 0, 0]}, '北门东南侧': {'A': [1, 1, 1, 0, 1, 0, 1, 1, 0, 1], 'B': [0, 1, 0, 0, 1, 0, 0, 0, 1, 1], 'C': [1, 0, 1, 0, 0, 0, 0, 0, 0, 0], 'D': [0, 0, 0, 0, 0, 0, 0, 0, 0, 0], 'E': [0, 0, 0, 1, 0, 0, 0, 0, 0, 0], 'F': [1, 1, 1, 1, 0, 1, 1, 0, 1, 1]}, '橘园北侧南': {'A': [0, 1, 1, 0, 0, 0, 0, 1, 1, 1], 'B': [0, 1, 1, 1, 1, 0, 0, 1, 1, 1], 'C': [1, 0, 1, 1, 1, 1, 1, 0, 1, 0], 'D': [1, 1, 1, 1, 1, 0, 0, 1, 1, 0], 'E': [0, 1, 1, 0, 1, 0, 1, 0, 1, 0], 'F': [0, 0, 0, 1, 1, 0, 0, 0, 1, 1], 'G': [0, 0, 1, 0, 0, 0, 0, 1, 0, 1], 'H': [0, 1, 0, 1, 0, 0, 1, 0, 0, 0], 'I': [1, 0, 0, 0, 0, 0, 0, 0, 0, 0], 'J': [0, 0, 0, 0, 0, 0, 1, 1, 1, 0]}, '校医院西': {'A': [0, 1, 0, 1, 1, 1, 1, 1, 1, 0], 'B': [1, 1, 1, 1, 0, 1, 0, 1, 1, 1], 'C': [0, 1, 0, 1, 1, 0, 1, 1, 0, 1], 'D': [1, 1, 1, 1, 1, 0, 1, 1, 1, 1], 'E': [1, 1, 0, 1, 1, 1, 1, 1, 1, 1], 'F': [1, 0, 1, 1, 1, 1, 1, 1, 1, 1], 'G': [0, 0, 0, 0, 0, 1, 1, 1, 1, 1], 'H': [0, 0, 0, 0, 0, 0, 0, 0, 0, 1], 'I': [0, 0, 0, 0, 0, 0, 0, 1, 0, 0]}}
624209	2024-07-13 20:53:18.735000+08:00	2024-07-13 20:53:18.735000+08:00	{'东门北侧': {'A': [1, 1, 1, 1, 1, 0, 1, 0, 1, 1], 'B': [1, 1, 1, 1, 1, 1, 1, 1, 1, 1], 'C': [1, 1, 1, 1, 1, 0, 1, 0, 1, 0], 'D': [1, 0, 1, 1, 1, 0, 0, 1, 0, 0], 'E': [1, 0, 1, 1, 1, 0, 1, 1, 1, 1], 'F': [1, 1, 1, 1, 1, 1, 1, 1, 1, 1], 'G': [1, 1, 1, 1, 1, 1, 1, 1, 0, 0], 'H': [1, 1, 1, 1, 1, 1, 0, 1, 0, 1], 'I': [1, 0, 1, 1, 1, 1, 0, 1, 0, 1], 'J': [1, 1, 0, 1, 0, 0, 1, 1, 1, 0], 'K': [1, 1, 1, 0, 1, 1, 1, 1, 1, 0]}, '东门南侧': {'A': [0, 1, 1, 1, 0, 0, 0, 1, 1, 0], 'B': [0, 0, 0, 0, 0, 0, 0, 0, 0, 0]}, '西门北侧': {'A': [1, 1, 1, 1, 1, 1, 1, 1, 1, 0], 'B': [1, 1, 1, 1, 0, 1, 1, 1, 1, 0], 'C': [1, 1, 1, 1, 0, 1, 1, 0, 0, 1]}, '西门南侧': {'A': [0, 1, 1, 1, 1, 1, 1, 1, 1, 1], 'B': [1, 1, 1, 1, 1, 1, 1, 1, 1, 1], 'C': [1, 1, 1, 1, 0, 0, 1, 1, 1, 1]}, '南门西侧': {'A': [1, 1, 1, 1, 1, 1, 1, 1, 1, 1], 'B': [0, 0, 0, 0, 0, 0, 0, 0, 1, 0]}, '南门东侧': {'A': [1, 0, 0, 1, 1, 1, 1, 1, 1, 1], 'B': [1, 1, 1, 1, 1, 1, 1, 1, 1, 1]}, '北门东北侧': {'A': [1, 1, 1, 1, 1, 1, 1, 1, 1, 1], 'B': [1, 0, 0, 1, 1, 0, 1, 1, 0, 0], 'C': [1, 0, 1, 1, 0, 0, 0, 1, 1, 0], 'D': [0, 0, 0, 0, 0, 0, 0, 0, 0, 0]}, '北门东南侧': {'A': [1, 1, 1, 0, 1, 0, 1, 1, 0, 1], 'B': [0, 1, 0, 0, 1, 0, 0, 0, 1, 1], 'C': [1, 0, 1, 0, 0, 0, 0, 0, 0, 0], 'D': [0, 0, 0, 0, 0, 0, 0, 0, 0, 0], 'E': [0, 0, 0, 1, 0, 0, 0, 0, 0, 0], 'F': [1, 1, 1, 1, 0, 1, 1, 0, 1, 1]}, '橘园北侧南': {'A': [0, 1, 1, 0, 0, 0, 0, 1, 1, 1], 'B': [0, 1, 1, 1, 1, 0, 0, 1, 1, 1], 'C': [1, 0, 1, 1, 1, 1, 1, 0, 1, 0], 'D': [1, 1, 1, 1, 1, 0, 0, 1, 1, 1], 'E': [0, 1, 1, 0, 1, 0, 1, 0, 1, 0], 'F': [0, 0, 0, 1, 1, 0, 0, 0, 1, 1], 'G': [0, 0, 1, 0, 0, 0, 0, 1, 0, 1], 'H': [0, 1, 0, 1, 0, 0, 1, 0, 0, 0], 'I': [1, 0, 0, 0, 0, 0, 0, 0, 0, 0], 'J': [0, 0, 0, 0, 0, 0, 1, 1, 1, 0]}, '校医院西': {'A': [0, 1, 0, 1, 1, 1, 1, 1, 1, 0], 'B': [1, 1, 1, 1, 0, 1, 0, 1, 1, 1], 'C': [0, 1, 0, 1, 1, 0, 1, 1, 0, 1], 'D': [1, 1, 1, 1, 1, 0, 1, 1, 1, 1], 'E': [1, 1, 0, 1, 1, 1, 1, 1, 1, 1], 'F': [1, 0, 1, 1, 1, 1, 1, 1, 1, 1], 'G': [0, 0, 0, 0, 0, 1, 1, 1, 1, 1], 'H': [0, 0, 0, 0, 0, 0, 0, 0, 0, 0], 'I': [0, 0, 0, 0, 0, 0, 0, 1, 0, 0]}}
624210	2024-07-13 20:54:22.495000+08:00	2024-07-13 20:54:22.495000+08:00	{'东门北侧': {'A': [1, 1, 1, 1, 1, 0, 1, 0, 1, 1], 'B': [1, 1, 1, 1, 1, 1, 1, 1, 1, 1], 'C': [1, 1, 1, 1, 1, 0, 1, 0, 1, 0], 'D': [1, 0, 1, 1, 1, 0, 0, 1, 0, 0], 'E': [1, 0, 1, 1, 1, 0, 1, 1, 1, 1], 'F': [1, 1, 1, 1, 1, 1, 1, 1, 1, 1], 'G': [1, 1, 1, 1, 1, 1, 1, 1, 0, 0], 'H': [1, 1, 1, 1, 1, 1, 0, 1, 0, 1], 'I': [1, 0, 1, 1, 1, 1, 0, 1, 0, 1], 'J': [1, 1, 0, 1, 0, 0, 1, 1, 1, 0], 'K': [1, 1, 1, 0, 1, 1, 1, 1, 1, 0]}, '东门南侧': {'A': [0, 1, 1, 1, 0, 0, 0, 0, 1, 0], 'B': [0, 0, 0, 0, 0, 0, 0, 0, 0, 0]}, '西门北侧': {'A': [1, 1, 1, 1, 1, 1, 1, 1, 1, 0], 'B': [1, 1, 1, 1, 0, 1, 1, 1, 1, 0], 'C': [1, 1, 1, 1, 0, 1, 1, 0, 0, 1]}, '西门南侧': {'A': [0, 1, 1, 1, 1, 1, 1, 1, 1, 1], 'B': [1, 1, 1, 1, 1, 1, 1, 1, 1, 1], 'C': [1, 1, 1, 1, 0, 0, 1, 1, 1, 1]}, '南门西侧': {'A': [1, 1, 1, 1, 1, 1, 1, 1, 1, 1], 'B': [0, 0, 0, 0, 0, 0, 0, 0, 1, 0]}, '南门东侧': {'A': [1, 0, 0, 1, 1, 1, 1, 1, 1, 1], 'B': [1, 1, 1, 1, 1, 1, 1, 1, 1, 1]}, '北门东北侧': {'A': [1, 1, 1, 1, 1, 1, 1, 1, 1, 1], 'B': [0, 0, 0, 1, 1, 0, 1, 1, 0, 0], 'C': [1, 0, 1, 1, 0, 0, 0, 1, 1, 0], 'D': [0, 0, 0, 0, 0, 0, 0, 0, 0, 0]}, '北门东南侧': {'A': [1, 1, 1, 0, 1, 0, 1, 1, 0, 1], 'B': [0, 1, 0, 0, 1, 0, 0, 0, 1, 1], 'C': [1, 0, 1, 0, 0, 0, 0, 0, 0, 0], 'D': [0, 0, 0, 0, 0, 0, 0, 0, 0, 0], 'E': [0, 0, 0, 1, 0, 0, 0, 0, 0, 0], 'F': [1, 1, 1, 1, 0, 1, 1, 0, 1, 1]}, '橘园北侧南': {'A': [0, 1, 1, 0, 0, 0, 0, 1, 1, 1], 'B': [0, 1, 1, 1, 1, 0, 0, 1, 1, 1], 'C': [1, 0, 1, 1, 1, 1, 1, 0, 1, 0], 'D': [1, 1, 1, 1, 1, 0, 0, 1, 1, 1], 'E': [0, 1, 1, 0, 1, 0, 1, 0, 1, 0], 'F': [0, 0, 0, 1, 1, 0, 0, 0, 1, 1], 'G': [0, 0, 1, 0, 0, 0, 0, 1, 0, 1], 'H': [0, 1, 0, 1, 0, 0, 1, 0, 0, 0], 'I': [1, 0, 0, 0, 0, 0, 0, 0, 0, 0], 'J': [0, 0, 0, 0, 0, 0, 1, 1, 1, 0]}, '校医院西': {'A': [0, 1, 0, 1, 1, 1, 1, 1, 1, 0], 'B': [1, 1, 1, 1, 0, 1, 0, 1, 1, 1], 'C': [0, 1, 0, 1, 1, 0, 1, 1, 0, 1], 'D': [1, 1, 1, 1, 1, 0, 1, 1, 1, 1], 'E': [1, 1, 0, 1, 1, 1, 1, 1, 1, 1], 'F': [1, 0, 1, 1, 1, 1, 1, 1, 1, 1], 'G': [0, 0, 0, 0, 0, 1, 1, 1, 1, 1], 'H': [0, 0, 0, 0, 0, 0, 0, 0, 0, 0], 'I': [0, 0, 0, 0, 0, 0, 0, 1, 0, 0]}}
624211	2024-07-13 20:55:18.974000+08:00	2024-07-13 20:55:18.974000+08:00	{'东门北侧': {'A': [1, 1, 1, 1, 1, 0, 1, 0, 1, 1], 'B': [1, 1, 1, 1, 1, 1, 1, 1, 1, 1], 'C': [1, 1, 1, 1, 1, 0, 1, 0, 1, 0], 'D': [1, 0, 1, 1, 1, 0, 0, 1, 0, 0], 'E': [1, 0, 1, 1, 1, 0, 1, 1, 1, 1], 'F': [1, 1, 1, 1, 1, 1, 1, 1, 1, 1], 'G': [1, 1, 1, 1, 1, 1, 1, 1, 0, 0], 'H': [1, 1, 1, 1, 1, 1, 0, 1, 0, 1], 'I': [1, 0, 1, 1, 1, 1, 0, 1, 0, 1], 'J': [1, 1, 0, 1, 0, 0, 1, 1, 1, 0], 'K': [1, 1, 1, 0, 1, 1, 1, 1, 1, 0]}, '东门南侧': {'A': [0, 1, 1, 1, 0, 0, 0, 0, 1, 0], 'B': [0, 0, 0, 0, 0, 0, 0, 0, 0, 0]}, '西门北侧': {'A': [1, 1, 1, 1, 1, 1, 1, 1, 1, 0], 'B': [1, 1, 1, 1, 0, 1, 1, 1, 1, 0], 'C': [1, 1, 1, 1, 0, 1, 1, 0, 0, 1]}, '西门南侧': {'A': [0, 1, 1, 1, 1, 1, 1, 0, 1, 1], 'B': [1, 1, 1, 1, 1, 1, 1, 1, 1, 1], 'C': [1, 1, 1, 1, 0, 0, 1, 1, 1, 1]}, '南门西侧': {'A': [1, 1, 1, 1, 1, 1, 1, 1, 1, 1], 'B': [0, 0, 0, 0, 0, 0, 0, 0, 1, 0]}, '南门东侧': {'A': [1, 0, 0, 1, 1, 1, 1, 1, 1, 1], 'B': [1, 1, 1, 1, 1, 1, 1, 1, 1, 1]}, '北门东北侧': {'A': [1, 1, 1, 1, 1, 1, 1, 1, 1, 1], 'B': [0, 0, 0, 1, 1, 0, 1, 1, 0, 0], 'C': [1, 0, 1, 1, 0, 0, 0, 1, 1, 0], 'D': [0, 0, 0, 0, 0, 0, 0, 0, 0, 0]}, '北门东南侧': {'A': [1, 1, 1, 0, 1, 0, 1, 1, 0, 1], 'B': [0, 1, 0, 0, 1, 0, 0, 0, 1, 1], 'C': [1, 0, 1, 0, 0, 0, 0, 0, 0, 0], 'D': [0, 0, 0, 0, 0, 0, 0, 0, 0, 0], 'E': [0, 0, 0, 1, 0, 0, 0, 0, 0, 0], 'F': [1, 1, 1, 1, 0, 1, 1, 0, 1, 1]}, '橘园北侧南': {'A': [0, 1, 1, 0, 0, 0, 0, 1, 1, 1], 'B': [0, 1, 1, 1, 1, 0, 0, 1, 1, 1], 'C': [1, 0, 1, 1, 1, 1, 1, 0, 1, 0], 'D': [1, 1, 1, 1, 1, 0, 0, 1, 1, 1], 'E': [0, 1, 1, 0, 1, 0, 1, 0, 1, 0], 'F': [0, 0, 0, 1, 1, 0, 0, 0, 1, 1], 'G': [0, 0, 1, 0, 0, 0, 0, 1, 0, 1], 'H': [0, 1, 0, 1, 0, 0, 1, 0, 0, 0], 'I': [1, 0, 0, 0, 0, 0, 0, 0, 0, 0], 'J': [0, 0, 0, 0, 0, 0, 1, 1, 1, 0]}, '校医院西': {'A': [0, 1, 0, 1, 1, 1, 1, 1, 1, 0], 'B': [1, 1, 1, 1, 0, 1, 0, 1, 1, 1], 'C': [0, 1, 0, 1, 1, 0, 1, 1, 0, 1], 'D': [1, 1, 1, 1, 1, 0, 1, 1, 1, 1], 'E': [1, 1, 0, 1, 1, 1, 1, 1, 1, 1], 'F': [1, 0, 1, 1, 1, 1, 1, 1, 1, 1], 'G': [0, 0, 0, 0, 0, 1, 1, 1, 1, 1], 'H': [0, 0, 0, 0, 0, 0, 0, 0, 0, 0], 'I': [0, 0, 0, 0, 0, 0, 0, 1, 0, 0]}}
624212	2024-07-13 20:56:23.372000+08:00	2024-07-13 20:56:23.372000+08:00	{'东门北侧': {'A': [1, 1, 1, 1, 1, 0, 1, 0, 1, 1], 'B': [1, 1, 1, 1, 1, 1, 1, 1, 1, 1], 'C': [1, 1, 1, 1, 1, 0, 1, 0, 1, 0], 'D': [1, 0, 1, 1, 1, 0, 0, 1, 0, 0], 'E': [1, 0, 1, 1, 1, 0, 1, 1, 1, 1], 'F': [1, 1, 1, 1, 1, 1, 1, 1, 1, 1], 'G': [1, 1, 1, 1, 1, 1, 1, 1, 0, 0], 'H': [1, 1, 1, 1, 1, 1, 0, 1, 0, 1], 'I': [1, 0, 1, 1, 1, 1, 0, 1, 0, 1], 'J': [1, 1, 0, 1, 0, 0, 1, 1, 1, 0], 'K': [1, 1, 1, 0, 1, 1, 1, 1, 1, 0]}, '东门南侧': {'A': [0, 1, 1, 1, 0, 0, 0, 0, 1, 1], 'B': [0, 0, 0, 0, 0, 0, 0, 0, 0, 0]}, '西门北侧': {'A': [1, 1, 1, 1, 1, 1, 1, 1, 1, 0], 'B': [1, 1, 1, 1, 0, 1, 1, 1, 1, 0], 'C': [1, 1, 1, 1, 0, 1, 1, 0, 0, 1]}, '西门南侧': {'A': [0, 1, 1, 1, 1, 1, 1, 0, 1, 1], 'B': [1, 1, 1, 1, 1, 1, 1, 1, 1, 1], 'C': [1, 1, 1, 1, 0, 0, 1, 1, 1, 1]}, '南门西侧': {'A': [1, 1, 1, 1, 1, 1, 1, 1, 1, 1], 'B': [0, 0, 0, 0, 0, 0, 0, 0, 1, 0]}, '南门东侧': {'A': [1, 0, 0, 1, 1, 1, 1, 1, 1, 1], 'B': [1, 1, 1, 1, 1, 1, 1, 1, 1, 1]}, '北门东北侧': {'A': [1, 1, 1, 1, 1, 1, 1, 1, 1, 1], 'B': [0, 0, 0, 1, 1, 0, 1, 1, 0, 0], 'C': [1, 0, 1, 1, 0, 0, 0, 1, 1, 0], 'D': [0, 0, 0, 0, 0, 0, 0, 0, 0, 0]}, '北门东南侧': {'A': [1, 1, 1, 0, 1, 0, 1, 1, 0, 1], 'B': [0, 1, 0, 0, 1, 0, 0, 0, 1, 1], 'C': [1, 0, 1, 0, 0, 0, 0, 0, 0, 0], 'D': [0, 0, 0, 0, 0, 0, 0, 0, 0, 0], 'E': [0, 0, 0, 1, 0, 0, 0, 0, 0, 0], 'F': [1, 1, 1, 1, 0, 1, 1, 0, 1, 1]}, '橘园北侧南': {'A': [0, 1, 1, 0, 1, 0, 0, 1, 1, 1], 'B': [0, 1, 1, 1, 1, 0, 0, 1, 1, 1], 'C': [1, 0, 1, 1, 1, 1, 0, 0, 1, 0], 'D': [1, 1, 1, 1, 1, 0, 0, 1, 1, 1], 'E': [0, 1, 1, 0, 1, 0, 1, 0, 1, 0], 'F': [0, 0, 0, 1, 1, 0, 0, 0, 1, 1], 'G': [0, 0, 1, 0, 0, 0, 0, 1, 0, 1], 'H': [0, 1, 0, 1, 0, 0, 1, 0, 0, 0], 'I': [1, 0, 1, 0, 0, 0, 0, 0, 0, 0], 'J': [0, 0, 0, 0, 0, 0, 1, 1, 1, 0]}, '校医院西': {'A': [0, 1, 0, 1, 1, 1, 1, 1, 1, 0], 'B': [1, 1, 1, 1, 0, 1, 0, 1, 1, 1], 'C': [0, 1, 0, 1, 1, 0, 1, 1, 0, 1], 'D': [1, 1, 1, 1, 1, 0, 1, 1, 1, 1], 'E': [1, 1, 0, 1, 1, 1, 1, 1, 1, 1], 'F': [1, 0, 1, 1, 1, 1, 1, 1, 1, 1], 'G': [0, 0, 0, 0, 0, 1, 1, 1, 1, 1], 'H': [0, 0, 0, 0, 0, 0, 0, 0, 0, 0], 'I': [0, 0, 0, 0, 0, 0, 0, 1, 0, 0]}}
624213	2024-07-13 20:57:19.562000+08:00	2024-07-13 20:57:19.562000+08:00	{'东门北侧': {'A': [1, 1, 1, 1, 1, 0, 1, 0, 1, 1], 'B': [1, 1, 1, 1, 1, 1, 1, 1, 1, 1], 'C': [1, 1, 1, 1, 1, 0, 1, 0, 1, 0], 'D': [1, 0, 1, 1, 1, 0, 0, 1, 0, 0], 'E': [1, 0, 1, 1, 1, 0, 1, 1, 1, 1], 'F': [1, 1, 1, 1, 1, 1, 1, 1, 1, 1], 'G': [1, 1, 1, 1, 1, 1, 1, 1, 0, 0], 'H': [1, 1, 1, 1, 1, 1, 0, 1, 0, 1], 'I': [1, 0, 1, 1, 1, 1, 0, 1, 0, 1], 'J': [1, 1, 0, 1, 0, 0, 1, 1, 1, 0], 'K': [1, 1, 1, 0, 1, 1, 1, 1, 1, 0]}, '东门南侧': {'A': [0, 1, 1, 1, 0, 0, 0, 0, 0, 1], 'B': [0, 0, 0, 0, 0, 0, 0, 0, 0, 0]}, '西门北侧': {'A': [1, 1, 1, 1, 1, 1, 1, 1, 1, 0], 'B': [1, 1, 1, 1, 0, 1, 1, 1, 1, 0], 'C': [1, 1, 1, 1, 0, 1, 1, 0, 0, 1]}, '西门南侧': {'A': [0, 1, 1, 1, 1, 1, 1, 0, 1, 1], 'B': [1, 1, 1, 1, 1, 1, 1, 1, 1, 1], 'C': [1, 1, 1, 1, 0, 0, 1, 1, 1, 1]}, '南门西侧': {'A': [1, 1, 1, 1, 1, 1, 1, 1, 1, 1], 'B': [0, 0, 0, 0, 0, 0, 0, 0, 1, 0]}, '南门东侧': {'A': [1, 0, 0, 1, 1, 1, 1, 1, 1, 1], 'B': [1, 1, 1, 1, 1, 1, 1, 1, 1, 1]}, '北门东北侧': {'A': [1, 1, 1, 1, 1, 1, 1, 1, 1, 1], 'B': [0, 0, 0, 1, 1, 0, 1, 1, 0, 0], 'C': [1, 0, 1, 1, 0, 0, 0, 1, 1, 0], 'D': [0, 0, 0, 0, 0, 0, 0, 0, 0, 0]}, '北门东南侧': {'A': [1, 1, 1, 0, 1, 0, 1, 1, 0, 1], 'B': [0, 1, 0, 0, 1, 0, 0, 0, 1, 1], 'C': [1, 0, 1, 0, 0, 0, 0, 0, 0, 0], 'D': [0, 0, 0, 0, 0, 0, 0, 0, 0, 0], 'E': [0, 0, 0, 1, 0, 0, 0, 0, 0, 0], 'F': [1, 1, 1, 1, 0, 1, 1, 0, 1, 1]}, '橘园北侧南': {'A': [0, 1, 1, 0, 1, 0, 0, 1, 1, 1], 'B': [0, 1, 1, 1, 1, 0, 0, 1, 1, 1], 'C': [1, 0, 1, 1, 1, 1, 0, 0, 1, 0], 'D': [1, 1, 1, 1, 1, 0, 0, 1, 1, 1], 'E': [0, 1, 1, 0, 1, 0, 1, 0, 1, 0], 'F': [0, 0, 0, 1, 1, 0, 0, 0, 1, 1], 'G': [0, 0, 1, 0, 0, 0, 0, 1, 0, 1], 'H': [0, 1, 0, 1, 0, 0, 1, 0, 0, 0], 'I': [1, 0, 1, 0, 0, 0, 0, 0, 0, 0], 'J': [0, 0, 0, 0, 0, 0, 1, 1, 1, 0]}, '校医院西': {'A': [0, 1, 0, 1, 1, 1, 1, 1, 1, 0], 'B': [1, 1, 1, 1, 0, 1, 0, 1, 1, 1], 'C': [0, 1, 0, 1, 1, 0, 1, 1, 0, 1], 'D': [1, 1, 1, 1, 1, 0, 1, 1, 1, 1], 'E': [1, 1, 0, 1, 1, 1, 1, 1, 1, 1], 'F': [1, 0, 1, 1, 1, 1, 1, 1, 1, 1], 'G': [0, 0, 0, 0, 0, 1, 1, 1, 1, 1], 'H': [0, 0, 0, 0, 0, 1, 0, 0, 0, 0], 'I': [0, 0, 0, 0, 0, 0, 0, 1, 0, 0]}}
624214	2024-07-13 20:58:20.335000+08:00	2024-07-13 20:58:20.335000+08:00	{'东门北侧': {'A': [1, 1, 1, 1, 1, 0, 1, 0, 1, 1], 'B': [1, 1, 1, 1, 1, 1, 1, 1, 1, 1], 'C': [1, 1, 1, 1, 1, 0, 1, 0, 1, 0], 'D': [1, 0, 1, 1, 1, 0, 0, 1, 0, 0], 'E': [1, 0, 1, 1, 1, 0, 1, 1, 1, 1], 'F': [1, 1, 1, 1, 1, 1, 1, 1, 1, 1], 'G': [1, 1, 1, 1, 1, 1, 1, 1, 0, 0], 'H': [1, 1, 1, 1, 1, 1, 0, 1, 0, 1], 'I': [1, 0, 1, 1, 1, 1, 0, 1, 0, 1], 'J': [1, 1, 0, 1, 0, 0, 1, 1, 1, 0], 'K': [1, 1, 1, 0, 1, 1, 1, 1, 1, 0]}, '东门南侧': {'A': [0, 1, 1, 1, 0, 0, 0, 0, 0, 1], 'B': [0, 0, 0, 0, 0, 0, 0, 0, 0, 0]}, '西门北侧': {'A': [1, 1, 1, 1, 1, 1, 1, 1, 1, 0], 'B': [1, 1, 1, 1, 0, 1, 1, 1, 1, 0], 'C': [1, 1, 1, 1, 0, 1, 1, 0, 0, 1]}, '西门南侧': {'A': [0, 1, 1, 1, 1, 1, 1, 0, 1, 1], 'B': [1, 1, 1, 1, 1, 1, 1, 1, 1, 1], 'C': [1, 1, 1, 1, 0, 0, 1, 1, 1, 1]}, '南门西侧': {'A': [1, 1, 1, 1, 1, 1, 1, 1, 1, 1], 'B': [0, 0, 0, 0, 0, 0, 0, 0, 1, 0]}, '南门东侧': {'A': [1, 0, 0, 1, 1, 1, 1, 1, 1, 1], 'B': [1, 1, 1, 1, 1, 1, 1, 1, 1, 1]}, '北门东北侧': {'A': [1, 1, 1, 1, 1, 1, 1, 1, 1, 1], 'B': [0, 0, 0, 1, 1, 0, 1, 1, 0, 0], 'C': [1, 0, 1, 1, 0, 0, 0, 1, 1, 0], 'D': [0, 0, 0, 0, 0, 0, 0, 0, 0, 0]}, '北门东南侧': {'A': [1, 1, 1, 0, 1, 0, 1, 1, 0, 1], 'B': [0, 1, 0, 0, 1, 0, 0, 0, 1, 1], 'C': [1, 0, 1, 0, 0, 0, 0, 0, 0, 0], 'D': [0, 0, 0, 0, 0, 0, 0, 0, 0, 0], 'E': [0, 0, 0, 1, 0, 0, 0, 0, 0, 0], 'F': [1, 1, 1, 1, 0, 1, 1, 0, 1, 1]}, '橘园北侧南': {'A': [0, 1, 1, 0, 1, 0, 0, 1, 1, 1], 'B': [0, 1, 1, 1, 1, 0, 0, 1, 1, 1], 'C': [1, 0, 1, 1, 1, 1, 0, 0, 1, 0], 'D': [1, 1, 1, 1, 1, 0, 0, 1, 1, 1], 'E': [0, 1, 1, 0, 1, 0, 1, 0, 1, 0], 'F': [0, 0, 0, 1, 1, 0, 0, 0, 1, 1], 'G': [0, 0, 1, 0, 0, 0, 0, 1, 0, 1], 'H': [0, 1, 0, 1, 0, 0, 1, 0, 0, 0], 'I': [1, 0, 1, 0, 0, 0, 0, 0, 0, 0], 'J': [0, 0, 0, 0, 0, 0, 1, 1, 1, 0]}, '校医院西': {'A': [0, 1, 0, 1, 1, 1, 1, 1, 1, 0], 'B': [1, 1, 1, 1, 0, 1, 0, 1, 1, 1], 'C': [0, 1, 0, 1, 1, 0, 1, 1, 0, 1], 'D': [1, 1, 1, 1, 1, 0, 1, 1, 1, 1], 'E': [1, 1, 0, 1, 1, 1, 1, 1, 1, 1], 'F': [1, 0, 1, 1, 1, 1, 1, 1, 1, 1], 'G': [0, 0, 0, 0, 0, 1, 1, 1, 1, 1], 'H': [0, 0, 0, 0, 0, 1, 0, 0, 0, 0], 'I': [0, 0, 0, 0, 0, 0, 0, 1, 0, 0]}}
624215	2024-07-13 20:59:22.047000+08:00	2024-07-13 20:59:22.047000+08:00	{'东门北侧': {'A': [1, 1, 1, 1, 1, 0, 1, 0, 1, 1], 'B': [1, 1, 1, 1, 1, 1, 1, 1, 1, 1], 'C': [1, 1, 1, 1, 1, 0, 1, 0, 1, 0], 'D': [1, 0, 1, 1, 1, 0, 0, 1, 0, 0], 'E': [1, 0, 1, 1, 1, 0, 1, 1, 1, 1], 'F': [1, 1, 1, 1, 1, 1, 1, 1, 1, 1], 'G': [1, 1, 1, 1, 1, 1, 1, 1, 0, 0], 'H': [1, 1, 1, 1, 1, 1, 0, 1, 0, 1], 'I': [1, 0, 1, 1, 1, 1, 0, 1, 0, 1], 'J': [1, 1, 0, 1, 0, 0, 1, 1, 1, 0], 'K': [1, 1, 1, 0, 1, 1, 1, 1, 1, 0]}, '东门南侧': {'A': [0, 1, 1, 1, 0, 0, 0, 0, 0, 1], 'B': [0, 0, 0, 0, 0, 0, 0, 0, 0, 0]}, '西门北侧': {'A': [1, 1, 1, 1, 1, 1, 1, 1, 1, 0], 'B': [1, 1, 1, 1, 0, 1, 1, 1, 1, 0], 'C': [1, 1, 1, 1, 0, 1, 1, 0, 0, 1]}, '西门南侧': {'A': [0, 1, 1, 1, 1, 1, 1, 0, 1, 1], 'B': [1, 1, 1, 1, 1, 1, 1, 1, 1, 1], 'C': [1, 1, 1, 1, 0, 0, 1, 1, 1, 1]}, '南门西侧': {'A': [1, 1, 1, 1, 1, 1, 1, 1, 1, 1], 'B': [0, 0, 0, 0, 0, 0, 0, 0, 1, 0]}, '南门东侧': {'A': [1, 0, 0, 1, 1, 1, 1, 1, 1, 1], 'B': [1, 1, 1, 1, 1, 1, 1, 1, 1, 1]}, '北门东北侧': {'A': [1, 1, 1, 1, 1, 1, 1, 1, 1, 1], 'B': [0, 0, 0, 1, 1, 0, 1, 1, 0, 0], 'C': [1, 0, 1, 1, 0, 0, 0, 1, 1, 0], 'D': [0, 0, 0, 0, 0, 0, 0, 0, 0, 0]}, '北门东南侧': {'A': [1, 1, 1, 0, 1, 0, 1, 1, 0, 1], 'B': [0, 1, 0, 0, 1, 0, 0, 0, 1, 1], 'C': [1, 0, 1, 0, 0, 0, 0, 0, 0, 0], 'D': [0, 0, 0, 0, 0, 0, 0, 0, 0, 0], 'E': [0, 0, 0, 1, 0, 0, 0, 0, 0, 0], 'F': [1, 1, 1, 1, 0, 1, 1, 0, 1, 1]}, '橘园北侧南': {'A': [0, 1, 1, 0, 1, 0, 0, 1, 1, 1], 'B': [0, 1, 1, 1, 1, 0, 0, 0, 1, 1], 'C': [1, 0, 1, 1, 1, 1, 0, 0, 1, 0], 'D': [1, 1, 1, 1, 1, 0, 0, 1, 1, 1], 'E': [0, 1, 1, 0, 1, 0, 1, 0, 1, 0], 'F': [0, 0, 0, 1, 1, 0, 0, 0, 1, 1], 'G': [0, 0, 1, 0, 0, 0, 0, 1, 0, 1], 'H': [0, 1, 0, 1, 0, 0, 1, 0, 0, 0], 'I': [1, 0, 1, 0, 0, 0, 0, 0, 0, 0], 'J': [0, 0, 0, 0, 0, 0, 1, 1, 1, 0]}, '校医院西': {'A': [0, 1, 0, 1, 1, 1, 1, 1, 1, 0], 'B': [1, 1, 1, 1, 0, 1, 0, 1, 1, 1], 'C': [0, 1, 0, 1, 1, 0, 1, 1, 0, 1], 'D': [1, 1, 1, 1, 1, 0, 1, 1, 1, 1], 'E': [1, 1, 0, 1, 1, 1, 1, 1, 1, 1], 'F': [1, 0, 1, 1, 1, 1, 1, 1, 1, 1], 'G': [0, 0, 0, 0, 0, 1, 1, 1, 1, 1], 'H': [0, 0, 0, 0, 0, 1, 0, 0, 0, 0], 'I': [0, 0, 0, 0, 0, 0, 0, 1, 0, 0]}}
624216	2024-07-13 21:00:21.729000+08:00	2024-07-13 21:00:21.729000+08:00	{'东门北侧': {'A': [1, 1, 1, 1, 1, 0, 1, 0, 1, 1], 'B': [1, 1, 1, 1, 1, 1, 1, 1, 1, 1], 'C': [1, 1, 1, 1, 1, 0, 1, 0, 1, 0], 'D': [1, 0, 1, 1, 1, 0, 0, 1, 0, 0], 'E': [1, 0, 1, 1, 1, 0, 1, 1, 1, 1], 'F': [1, 1, 1, 1, 1, 1, 1, 1, 1, 1], 'G': [1, 1, 1, 1, 1, 1, 1, 1, 0, 0], 'H': [1, 1, 1, 1, 1, 1, 0, 1, 0, 1], 'I': [1, 0, 1, 1, 1, 1, 0, 1, 0, 1], 'J': [1, 1, 0, 1, 0, 0, 1, 1, 1, 0], 'K': [1, 1, 1, 0, 1, 1, 1, 1, 1, 0]}, '东门南侧': {'A': [0, 1, 1, 1, 0, 0, 0, 0, 0, 1], 'B': [0, 0, 0, 0, 0, 0, 0, 0, 0, 0]}, '西门北侧': {'A': [1, 1, 1, 1, 1, 1, 1, 1, 1, 0], 'B': [1, 1, 1, 1, 0, 1, 1, 1, 1, 0], 'C': [1, 1, 1, 1, 0, 1, 1, 0, 0, 1]}, '西门南侧': {'A': [0, 1, 1, 1, 1, 1, 1, 0, 1, 1], 'B': [1, 1, 1, 1, 1, 1, 1, 1, 1, 1], 'C': [1, 1, 1, 1, 0, 0, 1, 1, 1, 1]}, '南门西侧': {'A': [1, 1, 1, 1, 1, 1, 1, 1, 1, 1], 'B': [0, 0, 0, 0, 0, 0, 0, 0, 1, 0]}, '南门东侧': {'A': [1, 0, 0, 1, 1, 1, 1, 1, 1, 1], 'B': [1, 1, 1, 1, 1, 1, 1, 1, 1, 1]}, '北门东北侧': {'A': [1, 1, 1, 1, 1, 1, 1, 1, 1, 1], 'B': [0, 0, 0, 1, 1, 0, 1, 1, 0, 0], 'C': [1, 0, 1, 1, 0, 0, 0, 1, 1, 0], 'D': [0, 0, 0, 0, 0, 0, 0, 0, 0, 0]}, '北门东南侧': {'A': [1, 1, 1, 0, 1, 0, 1, 1, 0, 1], 'B': [0, 1, 0, 0, 1, 0, 0, 0, 1, 1], 'C': [1, 0, 1, 0, 0, 0, 0, 0, 0, 0], 'D': [0, 0, 0, 0, 0, 0, 0, 0, 0, 0], 'E': [0, 0, 0, 1, 0, 0, 0, 0, 0, 0], 'F': [1, 1, 1, 1, 0, 1, 1, 0, 1, 1]}, '橘园北侧南': {'A': [0, 1, 1, 0, 1, 0, 0, 1, 1, 1], 'B': [0, 1, 1, 1, 1, 0, 0, 0, 1, 1], 'C': [1, 0, 1, 1, 1, 1, 0, 0, 1, 0], 'D': [1, 1, 1, 1, 1, 0, 0, 1, 1, 1], 'E': [0, 1, 1, 0, 1, 0, 1, 0, 1, 0], 'F': [0, 0, 0, 1, 1, 0, 0, 0, 1, 1], 'G': [0, 0, 1, 0, 0, 0, 0, 1, 0, 1], 'H': [0, 1, 0, 1, 0, 0, 1, 0, 0, 0], 'I': [1, 0, 1, 0, 0, 0, 0, 0, 0, 0], 'J': [0, 0, 0, 0, 0, 0, 1, 1, 1, 0]}, '校医院西': {'A': [0, 1, 0, 1, 1, 1, 1, 1, 1, 0], 'B': [1, 1, 1, 1, 0, 1, 0, 1, 1, 1], 'C': [0, 1, 0, 1, 1, 0, 1, 1, 0, 1], 'D': [1, 1, 1, 1, 1, 0, 1, 1, 1, 1], 'E': [1, 1, 0, 1, 1, 1, 1, 1, 1, 1], 'F': [1, 0, 1, 1, 1, 1, 1, 1, 1, 1], 'G': [0, 0, 0, 0, 0, 1, 1, 1, 1, 1], 'H': [0, 0, 0, 0, 0, 1, 0, 0, 0, 0], 'I': [0, 0, 0, 0, 0, 0, 0, 1, 0, 0]}}
624217	2024-07-13 21:01:19.736000+08:00	2024-07-13 21:01:19.736000+08:00	{'东门北侧': {'A': [1, 1, 1, 1, 1, 0, 1, 0, 1, 1], 'B': [1, 1, 1, 1, 1, 1, 1, 1, 1, 1], 'C': [1, 1, 0, 1, 1, 0, 1, 0, 1, 0], 'D': [1, 0, 1, 1, 1, 0, 0, 1, 0, 0], 'E': [1, 0, 1, 1, 1, 0, 1, 1, 1, 1], 'F': [1, 1, 1, 1, 1, 1, 1, 1, 1, 1], 'G': [1, 1, 1, 1, 1, 1, 1, 1, 0, 0], 'H': [1, 1, 1, 1, 1, 1, 0, 1, 0, 1], 'I': [1, 0, 1, 1, 1, 1, 0, 1, 0, 1], 'J': [1, 1, 0, 1, 0, 0, 1, 1, 1, 0], 'K': [1, 1, 1, 0, 1, 1, 1, 1, 1, 0]}, '东门南侧': {'A': [0, 1, 1, 1, 0, 0, 0, 0, 0, 1], 'B': [0, 0, 0, 0, 0, 0, 0, 0, 0, 0]}, '西门北侧': {'A': [1, 1, 1, 1, 1, 1, 1, 1, 1, 0], 'B': [1, 1, 1, 1, 0, 1, 1, 1, 1, 0], 'C': [1, 1, 1, 1, 0, 1, 1, 0, 0, 1]}, '西门南侧': {'A': [0, 1, 1, 1, 1, 1, 1, 0, 1, 1], 'B': [1, 1, 1, 1, 1, 1, 1, 1, 1, 1], 'C': [1, 1, 1, 1, 0, 0, 1, 1, 1, 1]}, '南门西侧': {'A': [1, 1, 1, 1, 1, 1, 1, 1, 1, 1], 'B': [0, 0, 0, 0, 0, 0, 0, 0, 1, 0]}, '南门东侧': {'A': [1, 0, 0, 1, 1, 1, 1, 1, 1, 1], 'B': [1, 1, 1, 1, 1, 1, 1, 1, 1, 1]}, '北门东北侧': {'A': [1, 1, 1, 1, 1, 1, 1, 1, 1, 1], 'B': [0, 0, 0, 1, 1, 0, 1, 1, 0, 0], 'C': [1, 0, 1, 1, 0, 0, 0, 1, 1, 0], 'D': [0, 0, 0, 0, 0, 0, 0, 0, 0, 0]}, '北门东南侧': {'A': [1, 1, 1, 0, 1, 0, 1, 1, 0, 1], 'B': [0, 1, 0, 0, 1, 0, 0, 0, 1, 1], 'C': [1, 0, 1, 0, 0, 0, 0, 0, 0, 0], 'D': [0, 0, 0, 0, 0, 0, 0, 0, 0, 0], 'E': [0, 0, 0, 1, 0, 0, 0, 0, 0, 0], 'F': [1, 1, 1, 1, 0, 1, 1, 0, 1, 1]}, '橘园北侧南': {'A': [0, 1, 1, 0, 1, 0, 0, 1, 1, 1], 'B': [0, 1, 1, 1, 1, 0, 0, 0, 1, 1], 'C': [1, 0, 1, 1, 1, 1, 0, 0, 1, 0], 'D': [1, 1, 1, 1, 1, 0, 0, 1, 1, 1], 'E': [0, 1, 1, 0, 1, 0, 1, 0, 1, 0], 'F': [0, 0, 0, 1, 1, 0, 0, 0, 1, 1], 'G': [0, 0, 1, 0, 0, 0, 0, 1, 0, 1], 'H': [0, 1, 0, 1, 0, 0, 1, 0, 0, 0], 'I': [1, 0, 1, 0, 0, 0, 0, 0, 0, 0], 'J': [0, 0, 0, 0, 0, 0, 1, 1, 1, 0]}, '校医院西': {'A': [0, 1, 0, 1, 1, 1, 1, 1, 1, 0], 'B': [1, 1, 1, 1, 0, 1, 0, 1, 1, 1], 'C': [0, 1, 0, 1, 1, 0, 1, 1, 0, 1], 'D': [1, 1, 1, 1, 1, 0, 1, 1, 1, 1], 'E': [1, 1, 0, 1, 1, 1, 1, 1, 1, 1], 'F': [1, 0, 1, 1, 1, 1, 1, 1, 1, 1], 'G': [0, 0, 0, 0, 0, 1, 1, 1, 1, 1], 'H': [0, 0, 0, 0, 0, 1, 0, 0, 0, 0], 'I': [0, 0, 0, 0, 0, 0, 0, 0, 0, 0]}}
624218	2024-07-13 21:02:21.614000+08:00	2024-07-13 21:02:21.614000+08:00	{'东门北侧': {'A': [1, 1, 1, 1, 1, 0, 1, 0, 1, 1], 'B': [1, 1, 1, 1, 1, 1, 1, 1, 1, 1], 'C': [1, 1, 1, 1, 1, 0, 1, 0, 1, 0], 'D': [1, 0, 1, 1, 1, 0, 0, 1, 0, 0], 'E': [1, 0, 1, 1, 1, 0, 1, 1, 1, 1], 'F': [1, 1, 1, 1, 1, 1, 1, 1, 1, 1], 'G': [1, 1, 1, 1, 1, 1, 1, 1, 0, 0], 'H': [1, 1, 1, 1, 1, 1, 0, 1, 0, 1], 'I': [1, 1, 1, 1, 1, 1, 0, 1, 1, 1], 'J': [1, 1, 0, 1, 0, 0, 1, 1, 1, 0], 'K': [1, 1, 1, 0, 1, 1, 1, 1, 1, 0]}, '东门南侧': {'A': [0, 1, 1, 1, 0, 0, 0, 0, 0, 1], 'B': [0, 0, 0, 0, 0, 0, 0, 0, 0, 0]}, '西门北侧': {'A': [1, 1, 0, 1, 1, 1, 1, 1, 1, 0], 'B': [1, 1, 1, 1, 0, 1, 1, 1, 1, 0], 'C': [1, 1, 1, 1, 0, 1, 1, 0, 0, 1]}, '西门南侧': {'A': [0, 1, 1, 1, 1, 1, 1, 0, 1, 1], 'B': [1, 1, 1, 1, 1, 1, 1, 1, 1, 1], 'C': [1, 1, 1, 1, 0, 0, 1, 1, 1, 1]}, '南门西侧': {'A': [1, 1, 1, 1, 1, 1, 1, 1, 1, 1], 'B': [0, 0, 0, 0, 0, 0, 0, 0, 1, 0]}, '南门东侧': {'A': [1, 0, 0, 1, 1, 1, 1, 1, 1, 1], 'B': [1, 1, 1, 1, 1, 1, 1, 1, 1, 1]}, '北门东北侧': {'A': [1, 1, 1, 1, 1, 1, 1, 1, 1, 1], 'B': [0, 0, 0, 1, 1, 0, 1, 1, 0, 0], 'C': [1, 0, 1, 1, 0, 0, 0, 1, 1, 0], 'D': [0, 0, 0, 0, 0, 0, 0, 0, 0, 0]}, '北门东南侧': {'A': [1, 1, 1, 0, 1, 0, 1, 1, 0, 1], 'B': [0, 1, 0, 0, 1, 0, 0, 0, 1, 1], 'C': [1, 0, 1, 0, 0, 0, 0, 0, 0, 0], 'D': [0, 0, 0, 0, 0, 0, 0, 0, 0, 0], 'E': [0, 0, 0, 1, 0, 0, 0, 0, 0, 0], 'F': [1, 1, 1, 1, 0, 1, 1, 0, 1, 1]}, '橘园北侧南': {'A': [0, 1, 1, 0, 1, 0, 0, 1, 1, 1], 'B': [0, 1, 1, 1, 1, 0, 0, 0, 1, 1], 'C': [1, 0, 1, 1, 1, 1, 0, 0, 1, 0], 'D': [1, 1, 1, 1, 1, 0, 0, 1, 1, 1], 'E': [0, 1, 1, 0, 1, 0, 1, 0, 1, 0], 'F': [0, 0, 0, 1, 1, 0, 0, 0, 1, 1], 'G': [0, 0, 1, 0, 0, 0, 0, 1, 0, 1], 'H': [0, 1, 0, 1, 0, 0, 1, 0, 0, 0], 'I': [1, 0, 1, 0, 0, 0, 0, 0, 0, 0], 'J': [0, 0, 0, 0, 0, 0, 1, 1, 1, 0]}, '校医院西': {'A': [0, 1, 0, 1, 1, 1, 1, 1, 1, 0], 'B': [1, 1, 1, 1, 0, 1, 0, 1, 1, 1], 'C': [0, 1, 0, 1, 1, 0, 1, 1, 0, 1], 'D': [1, 1, 1, 1, 1, 0, 1, 1, 1, 1], 'E': [1, 1, 0, 1, 1, 1, 1, 1, 1, 1], 'F': [1, 0, 1, 1, 1, 1, 1, 1, 1, 1], 'G': [0, 0, 0, 0, 0, 1, 0, 1, 1, 1], 'H': [0, 0, 0, 0, 0, 1, 0, 0, 0, 0], 'I': [0, 0, 0, 0, 0, 0, 0, 0, 0, 0]}}
624219	2024-07-13 21:03:20.249000+08:00	2024-07-13 21:03:20.249000+08:00	{'东门北侧': {'A': [1, 1, 1, 1, 1, 0, 1, 0, 1, 1], 'B': [1, 1, 1, 1, 1, 1, 1, 1, 1, 1], 'C': [1, 1, 0, 1, 1, 0, 1, 0, 1, 0], 'D': [1, 0, 1, 1, 1, 0, 0, 1, 0, 0], 'E': [1, 0, 1, 1, 1, 0, 1, 1, 1, 1], 'F': [1, 1, 1, 1, 1, 1, 1, 1, 1, 1], 'G': [1, 1, 1, 1, 1, 1, 1, 1, 0, 0], 'H': [1, 1, 1, 1, 1, 1, 0, 1, 0, 1], 'I': [1, 1, 1, 1, 1, 1, 0, 1, 1, 1], 'J': [1, 1, 0, 1, 0, 0, 1, 1, 1, 0], 'K': [1, 1, 1, 0, 1, 1, 1, 1, 1, 0]}, '东门南侧': {'A': [0, 1, 1, 1, 0, 0, 0, 0, 0, 1], 'B': [0, 0, 0, 0, 0, 0, 0, 0, 0, 0]}, '西门北侧': {'A': [1, 1, 0, 1, 1, 1, 1, 1, 1, 0], 'B': [1, 1, 1, 1, 0, 1, 1, 1, 1, 0], 'C': [1, 1, 1, 1, 0, 1, 1, 0, 0, 1]}, '西门南侧': {'A': [0, 1, 1, 1, 1, 1, 1, 0, 1, 1], 'B': [1, 1, 1, 1, 1, 1, 1, 1, 1, 1], 'C': [1, 1, 1, 1, 0, 0, 1, 1, 1, 1]}, '南门西侧': {'A': [1, 1, 1, 1, 1, 1, 1, 1, 1, 1], 'B': [0, 0, 0, 0, 0, 0, 0, 0, 1, 0]}, '南门东侧': {'A': [1, 0, 0, 1, 1, 1, 1, 1, 1, 1], 'B': [1, 1, 1, 1, 1, 1, 1, 1, 1, 1]}, '北门东北侧': {'A': [1, 1, 1, 1, 1, 1, 1, 1, 1, 1], 'B': [0, 0, 0, 1, 1, 0, 1, 1, 0, 0], 'C': [1, 0, 1, 1, 0, 0, 0, 1, 1, 0], 'D': [0, 0, 0, 0, 0, 0, 0, 0, 0, 0]}, '北门东南侧': {'A': [1, 1, 1, 0, 1, 0, 1, 1, 0, 1], 'B': [0, 1, 0, 0, 1, 0, 0, 0, 1, 1], 'C': [1, 0, 1, 0, 0, 0, 0, 0, 0, 0], 'D': [0, 0, 0, 0, 0, 0, 0, 0, 0, 0], 'E': [0, 0, 0, 1, 0, 0, 0, 0, 0, 0], 'F': [1, 1, 1, 1, 0, 1, 1, 0, 1, 1]}, '橘园北侧南': {'A': [0, 1, 1, 0, 1, 0, 0, 1, 1, 1], 'B': [0, 1, 1, 1, 1, 0, 0, 0, 1, 1], 'C': [1, 0, 1, 1, 1, 1, 0, 0, 1, 0], 'D': [1, 1, 1, 1, 1, 0, 0, 1, 1, 1], 'E': [0, 1, 1, 0, 1, 0, 1, 0, 1, 0], 'F': [0, 0, 0, 1, 1, 0, 0, 0, 1, 1], 'G': [0, 0, 1, 0, 0, 0, 0, 1, 0, 1], 'H': [0, 1, 0, 1, 0, 0, 1, 0, 0, 0], 'I': [1, 0, 1, 0, 0, 0, 0, 0, 0, 0], 'J': [0, 0, 0, 0, 0, 0, 1, 1, 1, 0]}, '校医院西': {'A': [0, 1, 0, 1, 1, 1, 1, 1, 1, 0], 'B': [1, 1, 1, 1, 0, 1, 0, 1, 1, 1], 'C': [0, 1, 0, 1, 1, 0, 1, 1, 0, 1], 'D': [1, 1, 1, 1, 1, 0, 1, 1, 1, 1], 'E': [1, 1, 0, 1, 1, 1, 1, 1, 1, 1], 'F': [1, 0, 1, 1, 1, 1, 1, 1, 1, 1], 'G': [0, 0, 0, 0, 0, 1, 0, 1, 1, 1], 'H': [0, 0, 0, 0, 0, 1, 0, 0, 0, 0], 'I': [0, 0, 0, 0, 0, 0, 0, 0, 0, 0]}}
624220	2024-07-13 21:04:23.024000+08:00	2024-07-13 21:04:23.024000+08:00	{'东门北侧': {'A': [1, 1, 1, 1, 1, 0, 1, 0, 1, 1], 'B': [1, 1, 1, 1, 1, 1, 1, 1, 1, 1], 'C': [1, 1, 0, 1, 1, 0, 1, 0, 1, 0], 'D': [1, 0, 1, 1, 1, 0, 0, 1, 0, 0], 'E': [1, 0, 1, 1, 1, 0, 1, 1, 1, 1], 'F': [1, 1, 1, 1, 1, 1, 1, 1, 1, 1], 'G': [1, 1, 1, 1, 1, 1, 1, 1, 0, 0], 'H': [1, 1, 1, 1, 1, 1, 0, 1, 0, 1], 'I': [1, 1, 1, 1, 1, 1, 0, 1, 1, 1], 'J': [1, 1, 0, 1, 0, 0, 1, 1, 1, 0], 'K': [1, 1, 1, 0, 1, 1, 1, 1, 1, 0]}, '东门南侧': {'A': [0, 1, 1, 1, 0, 0, 0, 0, 0, 1], 'B': [0, 0, 0, 0, 0, 0, 0, 0, 0, 0]}, '西门北侧': {'A': [1, 1, 0, 1, 1, 1, 1, 1, 1, 0], 'B': [1, 1, 1, 1, 0, 1, 1, 1, 1, 0], 'C': [1, 1, 1, 1, 0, 1, 1, 0, 0, 1]}, '西门南侧': {'A': [0, 1, 1, 1, 1, 1, 1, 0, 1, 1], 'B': [1, 1, 1, 1, 1, 1, 1, 1, 1, 1], 'C': [1, 1, 1, 1, 0, 0, 1, 1, 1, 1]}, '南门西侧': {'A': [1, 1, 1, 1, 1, 1, 1, 1, 1, 1], 'B': [0, 0, 0, 0, 0, 0, 0, 0, 1, 0]}, '南门东侧': {'A': [1, 0, 0, 1, 1, 1, 1, 1, 1, 1], 'B': [1, 1, 1, 1, 1, 1, 1, 1, 1, 1]}, '北门东北侧': {'A': [1, 1, 1, 1, 1, 1, 1, 1, 1, 1], 'B': [0, 0, 0, 1, 1, 0, 1, 1, 0, 0], 'C': [1, 0, 1, 1, 0, 0, 0, 1, 1, 0], 'D': [0, 0, 0, 0, 0, 0, 0, 0, 0, 0]}, '北门东南侧': {'A': [1, 1, 1, 0, 1, 0, 1, 1, 0, 1], 'B': [0, 1, 0, 0, 1, 0, 0, 0, 1, 1], 'C': [1, 0, 1, 0, 0, 0, 0, 0, 0, 0], 'D': [0, 0, 0, 0, 0, 0, 0, 0, 0, 0], 'E': [0, 0, 0, 1, 0, 0, 0, 0, 0, 0], 'F': [1, 1, 1, 1, 0, 1, 1, 0, 1, 1]}, '橘园北侧南': {'A': [0, 1, 1, 0, 1, 0, 0, 1, 1, 1], 'B': [0, 1, 1, 1, 1, 0, 0, 0, 1, 1], 'C': [1, 0, 1, 1, 1, 1, 0, 0, 1, 0], 'D': [1, 1, 1, 1, 1, 0, 0, 1, 1, 1], 'E': [0, 1, 1, 0, 1, 0, 1, 0, 1, 0], 'F': [0, 0, 0, 0, 1, 0, 0, 0, 1, 1], 'G': [0, 0, 1, 0, 0, 0, 0, 1, 0, 1], 'H': [0, 1, 0, 1, 0, 0, 1, 0, 0, 0], 'I': [1, 0, 1, 0, 0, 0, 0, 0, 0, 0], 'J': [0, 0, 0, 0, 0, 0, 1, 1, 1, 0]}, '校医院西': {'A': [0, 1, 0, 1, 1, 1, 1, 1, 1, 0], 'B': [1, 1, 1, 1, 0, 1, 0, 1, 1, 1], 'C': [0, 1, 0, 1, 1, 0, 1, 1, 0, 1], 'D': [1, 1, 1, 1, 1, 0, 1, 1, 1, 1], 'E': [1, 1, 0, 1, 1, 1, 1, 1, 1, 1], 'F': [1, 0, 1, 1, 1, 1, 1, 1, 1, 1], 'G': [0, 0, 0, 0, 0, 1, 0, 1, 1, 1], 'H': [0, 0, 0, 0, 0, 1, 0, 0, 0, 0], 'I': [0, 0, 0, 0, 0, 0, 0, 0, 0, 0]}}
624221	2024-07-13 21:05:19.278000+08:00	2024-07-13 21:05:19.278000+08:00	{'东门北侧': {'A': [1, 1, 1, 1, 1, 0, 1, 0, 1, 1], 'B': [1, 1, 1, 1, 1, 1, 1, 1, 1, 1], 'C': [1, 1, 0, 1, 1, 0, 1, 0, 1, 0], 'D': [1, 0, 1, 1, 1, 0, 0, 1, 0, 0], 'E': [1, 0, 1, 1, 1, 0, 1, 1, 1, 1], 'F': [1, 1, 1, 1, 1, 1, 1, 1, 1, 1], 'G': [1, 1, 1, 1, 1, 1, 1, 1, 0, 0], 'H': [1, 1, 1, 1, 1, 1, 0, 1, 0, 1], 'I': [1, 1, 1, 1, 1, 1, 0, 1, 1, 1], 'J': [1, 1, 0, 1, 0, 0, 1, 1, 1, 0], 'K': [1, 1, 1, 0, 1, 1, 1, 1, 1, 0]}, '东门南侧': {'A': [0, 1, 1, 1, 0, 0, 0, 0, 0, 1], 'B': [0, 0, 0, 0, 0, 0, 0, 0, 0, 0]}, '西门北侧': {'A': [1, 1, 0, 1, 1, 1, 1, 1, 1, 0], 'B': [1, 1, 1, 1, 0, 1, 1, 1, 1, 0], 'C': [1, 1, 1, 1, 0, 1, 1, 0, 0, 1]}, '西门南侧': {'A': [0, 1, 1, 1, 1, 1, 1, 0, 1, 1], 'B': [1, 1, 1, 1, 1, 1, 1, 1, 1, 1], 'C': [1, 1, 1, 1, 0, 0, 1, 1, 1, 1]}, '南门西侧': {'A': [1, 1, 1, 1, 1, 1, 1, 1, 1, 1], 'B': [0, 0, 0, 0, 0, 0, 0, 0, 1, 0]}, '南门东侧': {'A': [1, 0, 0, 1, 1, 1, 1, 1, 1, 1], 'B': [1, 1, 1, 1, 1, 1, 1, 1, 1, 1]}, '北门东北侧': {'A': [1, 1, 1, 1, 1, 1, 1, 1, 1, 1], 'B': [0, 0, 0, 1, 1, 0, 1, 1, 0, 0], 'C': [1, 0, 1, 1, 0, 0, 0, 1, 1, 0], 'D': [0, 0, 0, 0, 0, 0, 0, 0, 0, 0]}, '北门东南侧': {'A': [1, 1, 1, 0, 1, 0, 1, 1, 0, 1], 'B': [0, 1, 0, 0, 1, 0, 0, 0, 1, 1], 'C': [1, 0, 1, 0, 0, 0, 0, 0, 0, 0], 'D': [0, 0, 0, 0, 0, 0, 0, 0, 0, 0], 'E': [0, 0, 0, 1, 0, 0, 0, 0, 0, 0], 'F': [1, 1, 1, 1, 0, 1, 1, 0, 1, 1]}, '橘园北侧南': {'A': [0, 1, 1, 0, 1, 0, 0, 1, 1, 1], 'B': [0, 1, 1, 1, 1, 0, 0, 0, 1, 1], 'C': [1, 0, 1, 1, 1, 1, 0, 0, 1, 0], 'D': [1, 1, 1, 1, 1, 0, 0, 1, 1, 1], 'E': [0, 1, 1, 0, 1, 0, 1, 0, 1, 0], 'F': [0, 0, 0, 0, 1, 0, 0, 0, 1, 1], 'G': [0, 0, 1, 0, 0, 0, 0, 1, 0, 1], 'H': [0, 1, 0, 1, 0, 0, 1, 0, 0, 0], 'I': [1, 0, 1, 0, 0, 0, 0, 0, 0, 0], 'J': [0, 0, 0, 0, 0, 0, 1, 1, 1, 0]}, '校医院西': {'A': [0, 1, 0, 1, 1, 1, 1, 1, 1, 0], 'B': [1, 1, 1, 1, 0, 1, 0, 1, 1, 1], 'C': [0, 1, 0, 1, 1, 0, 1, 1, 0, 1], 'D': [1, 1, 1, 1, 1, 0, 1, 1, 1, 1], 'E': [1, 1, 0, 1, 1, 1, 1, 1, 1, 1], 'F': [1, 0, 1, 1, 1, 1, 1, 1, 1, 1], 'G': [0, 0, 0, 0, 0, 1, 0, 1, 1, 1], 'H': [0, 0, 0, 0, 0, 1, 0, 0, 0, 0], 'I': [0, 0, 0, 0, 0, 0, 0, 0, 0, 0]}}
624222	2024-07-13 21:06:20.442000+08:00	2024-07-13 21:06:20.442000+08:00	{'东门北侧': {'A': [1, 1, 1, 1, 1, 0, 1, 0, 1, 1], 'B': [1, 1, 1, 1, 1, 1, 1, 1, 1, 1], 'C': [1, 1, 0, 1, 1, 0, 1, 0, 1, 0], 'D': [1, 0, 1, 1, 1, 0, 0, 1, 0, 0], 'E': [1, 0, 1, 1, 1, 0, 1, 1, 1, 1], 'F': [1, 1, 1, 1, 1, 1, 1, 1, 1, 1], 'G': [1, 1, 1, 1, 1, 1, 1, 1, 0, 0], 'H': [1, 1, 1, 1, 1, 1, 0, 1, 0, 1], 'I': [1, 1, 1, 1, 1, 1, 0, 1, 1, 1], 'J': [1, 1, 0, 1, 0, 0, 1, 1, 1, 0], 'K': [1, 1, 1, 0, 1, 1, 1, 1, 1, 0]}, '东门南侧': {'A': [0, 1, 1, 1, 0, 0, 0, 0, 0, 1], 'B': [0, 0, 0, 0, 0, 0, 0, 0, 0, 0]}, '西门北侧': {'A': [1, 1, 0, 1, 1, 1, 1, 1, 1, 0], 'B': [1, 1, 1, 1, 0, 1, 1, 1, 1, 0], 'C': [1, 1, 1, 1, 0, 1, 1, 0, 0, 1]}, '西门南侧': {'A': [0, 1, 1, 1, 1, 1, 1, 0, 1, 1], 'B': [1, 1, 1, 1, 1, 1, 1, 1, 1, 1], 'C': [1, 1, 1, 1, 0, 0, 1, 1, 1, 1]}, '南门西侧': {'A': [1, 1, 1, 1, 1, 1, 1, 1, 1, 1], 'B': [0, 0, 0, 0, 0, 0, 0, 0, 1, 0]}, '南门东侧': {'A': [1, 0, 0, 1, 1, 1, 1, 1, 1, 1], 'B': [1, 1, 1, 1, 1, 1, 1, 1, 1, 1]}, '北门东北侧': {'A': [1, 1, 1, 1, 1, 1, 1, 1, 1, 1], 'B': [0, 0, 0, 1, 1, 0, 1, 1, 0, 0], 'C': [1, 0, 1, 1, 0, 0, 0, 1, 1, 0], 'D': [0, 0, 0, 0, 0, 0, 0, 0, 0, 0]}, '北门东南侧': {'A': [1, 1, 1, 0, 1, 0, 1, 1, 0, 1], 'B': [0, 1, 0, 0, 1, 0, 0, 0, 1, 1], 'C': [1, 0, 1, 0, 0, 0, 0, 0, 0, 0], 'D': [0, 0, 0, 0, 0, 0, 0, 0, 0, 0], 'E': [0, 0, 0, 1, 0, 0, 0, 0, 0, 0], 'F': [1, 1, 1, 1, 0, 1, 1, 0, 1, 1]}, '橘园北侧南': {'A': [0, 1, 1, 0, 1, 0, 0, 1, 1, 1], 'B': [0, 1, 1, 1, 1, 0, 0, 0, 1, 1], 'C': [1, 0, 1, 1, 1, 1, 0, 0, 1, 0], 'D': [1, 1, 1, 1, 1, 0, 0, 1, 1, 1], 'E': [0, 1, 1, 0, 1, 0, 1, 0, 1, 0], 'F': [0, 0, 0, 0, 1, 0, 0, 0, 1, 1], 'G': [0, 0, 1, 0, 0, 0, 0, 1, 0, 1], 'H': [0, 1, 0, 1, 0, 0, 1, 0, 0, 0], 'I': [1, 0, 1, 0, 0, 0, 0, 0, 0, 0], 'J': [0, 0, 0, 0, 0, 0, 1, 1, 1, 0]}, '校医院西': {'A': [0, 1, 0, 1, 1, 1, 1, 1, 1, 0], 'B': [1, 1, 1, 1, 0, 1, 0, 1, 1, 1], 'C': [0, 1, 0, 1, 1, 0, 1, 1, 0, 1], 'D': [1, 1, 1, 1, 1, 0, 1, 1, 1, 1], 'E': [1, 1, 0, 1, 1, 1, 1, 1, 1, 1], 'F': [1, 0, 1, 1, 1, 1, 1, 1, 1, 1], 'G': [0, 0, 0, 0, 0, 1, 0, 1, 1, 1], 'H': [0, 0, 0, 0, 0, 1, 0, 0, 0, 0], 'I': [0, 0, 0, 0, 0, 0, 0, 0, 0, 0]}}
624223	2024-07-13 21:07:19.748000+08:00	2024-07-13 21:07:19.748000+08:00	{'东门北侧': {'A': [1, 1, 1, 1, 1, 0, 1, 0, 1, 1], 'B': [1, 1, 1, 1, 1, 1, 1, 1, 1, 1], 'C': [1, 1, 0, 1, 1, 0, 1, 0, 1, 0], 'D': [1, 0, 1, 1, 1, 0, 0, 1, 0, 0], 'E': [1, 0, 1, 1, 1, 0, 1, 1, 1, 1], 'F': [1, 1, 1, 1, 1, 1, 1, 1, 1, 1], 'G': [1, 1, 1, 1, 1, 1, 1, 1, 0, 0], 'H': [1, 1, 1, 1, 1, 1, 0, 1, 0, 1], 'I': [1, 1, 1, 1, 1, 1, 0, 1, 1, 1], 'J': [1, 1, 0, 1, 0, 0, 1, 1, 1, 0], 'K': [1, 1, 1, 0, 1, 1, 1, 1, 1, 0]}, '东门南侧': {'A': [0, 1, 1, 1, 0, 1, 0, 0, 0, 1], 'B': [0, 0, 0, 0, 0, 0, 0, 0, 0, 0]}, '西门北侧': {'A': [1, 1, 0, 1, 1, 1, 1, 1, 1, 0], 'B': [1, 1, 1, 1, 0, 1, 1, 1, 1, 0], 'C': [1, 1, 1, 1, 0, 1, 1, 0, 0, 1]}, '西门南侧': {'A': [0, 1, 1, 1, 1, 1, 1, 0, 1, 1], 'B': [1, 1, 1, 1, 1, 1, 1, 1, 1, 1], 'C': [1, 1, 1, 1, 0, 0, 1, 1, 1, 1]}, '南门西侧': {'A': [1, 1, 1, 1, 1, 1, 1, 1, 1, 1], 'B': [0, 0, 0, 0, 0, 0, 0, 0, 1, 0]}, '南门东侧': {'A': [1, 0, 0, 1, 1, 1, 1, 1, 1, 1], 'B': [1, 1, 1, 1, 1, 1, 1, 1, 1, 1]}, '北门东北侧': {'A': [1, 1, 1, 1, 1, 1, 1, 1, 1, 1], 'B': [0, 0, 0, 1, 1, 0, 1, 1, 0, 0], 'C': [1, 0, 1, 1, 0, 0, 0, 1, 1, 0], 'D': [0, 0, 0, 0, 0, 0, 0, 0, 0, 0]}, '北门东南侧': {'A': [1, 1, 1, 0, 1, 0, 1, 1, 0, 1], 'B': [0, 1, 0, 0, 1, 0, 0, 0, 1, 1], 'C': [1, 0, 1, 0, 0, 0, 0, 0, 0, 0], 'D': [0, 0, 0, 0, 0, 0, 0, 0, 0, 0], 'E': [0, 0, 0, 1, 0, 0, 0, 0, 0, 0], 'F': [1, 1, 1, 1, 0, 1, 1, 0, 1, 1]}, '橘园北侧南': {'A': [0, 1, 1, 0, 1, 0, 0, 1, 1, 1], 'B': [0, 1, 1, 1, 1, 0, 0, 0, 1, 1], 'C': [1, 0, 1, 1, 1, 1, 0, 0, 1, 0], 'D': [1, 1, 1, 1, 1, 0, 0, 1, 1, 1], 'E': [0, 1, 1, 0, 1, 0, 1, 0, 1, 0], 'F': [0, 0, 0, 0, 1, 0, 0, 0, 1, 1], 'G': [0, 0, 1, 0, 0, 0, 0, 1, 0, 1], 'H': [0, 1, 0, 1, 0, 0, 1, 0, 0, 0], 'I': [1, 0, 1, 0, 0, 0, 0, 0, 0, 0], 'J': [0, 0, 0, 0, 0, 0, 1, 1, 1, 0]}, '校医院西': {'A': [0, 1, 0, 1, 1, 1, 1, 1, 1, 0], 'B': [1, 1, 1, 1, 0, 1, 0, 1, 1, 1], 'C': [0, 1, 0, 1, 1, 0, 1, 1, 0, 1], 'D': [1, 1, 1, 1, 1, 0, 1, 1, 1, 1], 'E': [1, 1, 0, 1, 1, 1, 1, 1, 1, 1], 'F': [1, 0, 1, 1, 1, 1, 1, 1, 1, 1], 'G': [0, 0, 0, 0, 0, 1, 0, 1, 1, 1], 'H': [0, 0, 0, 0, 0, 0, 0, 0, 0, 0], 'I': [0, 0, 0, 0, 0, 0, 0, 0, 0, 0]}}
624224	2024-07-13 21:08:23.239000+08:00	2024-07-13 21:08:23.239000+08:00	{'东门北侧': {'A': [1, 1, 1, 1, 1, 0, 1, 0, 1, 1], 'B': [1, 1, 1, 1, 1, 1, 1, 1, 1, 1], 'C': [1, 1, 0, 1, 1, 0, 1, 0, 1, 0], 'D': [1, 0, 1, 1, 1, 0, 0, 1, 0, 0], 'E': [1, 0, 1, 1, 1, 0, 1, 1, 1, 1], 'F': [1, 1, 1, 1, 1, 1, 1, 1, 1, 1], 'G': [1, 1, 1, 1, 1, 1, 1, 1, 0, 0], 'H': [1, 1, 1, 1, 1, 1, 0, 1, 0, 1], 'I': [1, 1, 1, 1, 1, 1, 0, 1, 1, 1], 'J': [1, 1, 0, 1, 0, 0, 1, 1, 1, 0], 'K': [1, 1, 1, 0, 1, 1, 1, 1, 1, 0]}, '东门南侧': {'A': [0, 1, 1, 1, 0, 1, 0, 0, 0, 1], 'B': [0, 0, 0, 0, 0, 0, 0, 0, 0, 0]}, '西门北侧': {'A': [1, 1, 0, 1, 1, 1, 1, 1, 1, 0], 'B': [1, 1, 1, 1, 0, 1, 1, 1, 1, 0], 'C': [1, 1, 1, 1, 0, 1, 1, 0, 0, 1]}, '西门南侧': {'A': [0, 1, 1, 1, 1, 1, 1, 0, 1, 1], 'B': [1, 1, 1, 1, 1, 1, 1, 1, 1, 1], 'C': [1, 1, 1, 1, 0, 0, 1, 1, 1, 1]}, '南门西侧': {'A': [1, 1, 1, 1, 1, 1, 1, 1, 1, 1], 'B': [0, 0, 0, 0, 0, 0, 0, 0, 1, 0]}, '南门东侧': {'A': [1, 0, 0, 1, 1, 1, 1, 1, 1, 1], 'B': [1, 1, 1, 1, 1, 1, 1, 1, 1, 1]}, '北门东北侧': {'A': [1, 1, 1, 1, 1, 1, 1, 1, 1, 1], 'B': [0, 0, 0, 1, 1, 0, 1, 1, 0, 0], 'C': [1, 0, 1, 1, 0, 0, 0, 1, 1, 0], 'D': [0, 0, 0, 0, 0, 0, 0, 0, 0, 0]}, '北门东南侧': {'A': [1, 1, 1, 0, 1, 0, 1, 1, 0, 1], 'B': [0, 1, 0, 0, 1, 0, 0, 0, 1, 1], 'C': [1, 0, 1, 0, 0, 0, 0, 0, 0, 0], 'D': [0, 0, 0, 0, 0, 0, 0, 0, 0, 0], 'E': [0, 0, 0, 1, 0, 0, 0, 0, 0, 0], 'F': [1, 1, 1, 1, 0, 1, 1, 0, 1, 1]}, '橘园北侧南': {'A': [0, 1, 1, 0, 1, 0, 0, 1, 1, 1], 'B': [0, 1, 1, 1, 1, 0, 0, 0, 1, 1], 'C': [1, 0, 1, 1, 1, 1, 0, 0, 1, 0], 'D': [1, 1, 1, 1, 1, 0, 0, 1, 1, 1], 'E': [0, 1, 1, 0, 1, 0, 1, 0, 1, 0], 'F': [0, 0, 0, 0, 1, 0, 0, 0, 1, 1], 'G': [0, 0, 1, 0, 0, 0, 0, 1, 0, 1], 'H': [0, 1, 0, 1, 0, 0, 1, 0, 0, 0], 'I': [1, 0, 1, 0, 0, 0, 0, 0, 0, 0], 'J': [0, 0, 0, 0, 0, 0, 1, 1, 1, 0]}, '校医院西': {'A': [0, 1, 0, 1, 1, 1, 1, 1, 1, 0], 'B': [1, 1, 1, 1, 0, 1, 0, 1, 1, 1], 'C': [0, 1, 0, 1, 1, 0, 1, 1, 0, 1], 'D': [1, 1, 1, 1, 1, 0, 1, 1, 1, 1], 'E': [1, 1, 0, 1, 1, 1, 1, 1, 1, 1], 'F': [1, 0, 1, 1, 1, 1, 1, 1, 1, 1], 'G': [0, 0, 0, 0, 0, 1, 0, 1, 1, 1], 'H': [0, 0, 0, 0, 0, 0, 0, 0, 0, 0], 'I': [0, 0, 0, 0, 0, 0, 0, 0, 0, 0]}}
624225	2024-07-13 21:09:22.235000+08:00	2024-07-13 21:09:22.235000+08:00	{'东门北侧': {'A': [1, 1, 1, 1, 1, 0, 1, 0, 1, 1], 'B': [1, 1, 1, 1, 1, 1, 1, 1, 1, 1], 'C': [1, 1, 0, 1, 1, 0, 1, 0, 1, 0], 'D': [1, 0, 1, 1, 1, 0, 0, 1, 0, 0], 'E': [1, 0, 1, 1, 1, 0, 1, 1, 1, 1], 'F': [1, 1, 1, 1, 1, 1, 1, 1, 1, 1], 'G': [1, 1, 1, 1, 1, 1, 1, 1, 0, 0], 'H': [1, 1, 1, 1, 1, 1, 0, 1, 0, 1], 'I': [1, 1, 1, 1, 1, 1, 0, 1, 1, 1], 'J': [1, 1, 0, 1, 0, 0, 1, 1, 1, 0], 'K': [1, 1, 1, 0, 1, 1, 1, 1, 1, 0]}, '东门南侧': {'A': [0, 1, 1, 1, 0, 1, 0, 0, 0, 1], 'B': [0, 0, 0, 0, 0, 0, 0, 0, 0, 0]}, '西门北侧': {'A': [1, 1, 0, 1, 1, 1, 1, 1, 1, 0], 'B': [1, 1, 1, 1, 0, 1, 1, 1, 1, 0], 'C': [1, 1, 1, 1, 0, 1, 1, 0, 0, 1]}, '西门南侧': {'A': [0, 1, 1, 1, 1, 1, 1, 0, 1, 1], 'B': [1, 1, 1, 1, 1, 1, 1, 1, 1, 1], 'C': [1, 1, 1, 1, 0, 0, 1, 1, 1, 1]}, '南门西侧': {'A': [1, 1, 1, 1, 1, 1, 1, 1, 1, 1], 'B': [0, 0, 0, 0, 0, 0, 0, 0, 1, 0]}, '南门东侧': {'A': [1, 0, 0, 1, 1, 1, 1, 1, 1, 1], 'B': [1, 1, 1, 1, 1, 1, 1, 1, 1, 1]}, '北门东北侧': {'A': [1, 1, 1, 1, 1, 1, 1, 1, 1, 1], 'B': [0, 0, 0, 1, 1, 0, 1, 1, 0, 0], 'C': [1, 0, 1, 1, 0, 0, 0, 1, 1, 0], 'D': [0, 0, 0, 0, 0, 0, 0, 0, 0, 0]}, '北门东南侧': {'A': [1, 1, 1, 0, 1, 0, 1, 1, 0, 1], 'B': [0, 1, 0, 0, 1, 0, 0, 0, 1, 1], 'C': [1, 0, 1, 0, 0, 0, 0, 0, 0, 0], 'D': [0, 0, 0, 0, 0, 0, 0, 0, 0, 0], 'E': [0, 0, 0, 1, 0, 0, 0, 0, 0, 0], 'F': [1, 1, 1, 1, 0, 1, 1, 0, 1, 1]}, '橘园北侧南': {'A': [0, 1, 1, 0, 1, 0, 0, 1, 1, 1], 'B': [0, 1, 1, 1, 1, 0, 0, 0, 1, 1], 'C': [1, 0, 1, 1, 1, 1, 0, 0, 1, 0], 'D': [1, 1, 1, 1, 1, 0, 0, 1, 1, 1], 'E': [0, 1, 1, 0, 1, 0, 1, 0, 1, 0], 'F': [0, 0, 0, 0, 1, 0, 0, 0, 1, 1], 'G': [0, 0, 1, 0, 0, 0, 0, 1, 0, 1], 'H': [0, 1, 0, 1, 0, 0, 1, 0, 0, 0], 'I': [1, 0, 1, 0, 0, 0, 0, 0, 0, 0], 'J': [0, 0, 0, 0, 0, 0, 1, 1, 1, 0]}, '校医院西': {'A': [0, 1, 0, 1, 1, 1, 1, 1, 1, 0], 'B': [1, 1, 1, 1, 0, 1, 0, 1, 1, 1], 'C': [0, 1, 0, 1, 1, 0, 1, 1, 0, 1], 'D': [1, 1, 1, 1, 1, 0, 1, 1, 1, 1], 'E': [1, 1, 0, 1, 1, 1, 1, 1, 1, 1], 'F': [1, 0, 1, 1, 1, 1, 1, 1, 1, 1], 'G': [0, 0, 0, 0, 0, 1, 0, 1, 1, 1], 'H': [0, 0, 0, 0, 0, 0, 0, 0, 0, 0], 'I': [0, 0, 0, 0, 0, 0, 0, 0, 0, 0]}}
624226	2024-07-13 21:10:24+08:00	2024-07-13 21:10:24+08:00	{'东门北侧': {'A': [1, 1, 1, 1, 1, 0, 1, 0, 1, 1], 'B': [1, 1, 1, 1, 1, 1, 1, 1, 1, 1], 'C': [1, 1, 0, 1, 1, 0, 1, 0, 1, 0], 'D': [1, 0, 1, 1, 1, 0, 0, 1, 0, 0], 'E': [1, 0, 1, 1, 1, 0, 1, 1, 1, 1], 'F': [1, 1, 1, 1, 1, 1, 1, 1, 1, 1], 'G': [1, 1, 1, 1, 1, 1, 1, 1, 0, 0], 'H': [1, 1, 1, 1, 1, 1, 0, 1, 0, 1], 'I': [1, 1, 1, 1, 1, 1, 0, 1, 1, 1], 'J': [1, 1, 0, 1, 0, 0, 1, 1, 1, 0], 'K': [1, 1, 1, 0, 1, 1, 1, 1, 1, 0]}, '东门南侧': {'A': [0, 1, 1, 1, 0, 1, 0, 0, 0, 1], 'B': [0, 0, 0, 0, 0, 0, 0, 0, 0, 0]}, '西门北侧': {'A': [1, 1, 0, 1, 1, 1, 1, 1, 1, 0], 'B': [1, 1, 1, 1, 0, 1, 1, 1, 1, 0], 'C': [1, 1, 1, 1, 0, 1, 1, 0, 0, 1]}, '西门南侧': {'A': [0, 1, 1, 1, 1, 1, 1, 0, 1, 1], 'B': [1, 1, 1, 1, 1, 1, 1, 1, 1, 1], 'C': [1, 1, 1, 1, 0, 0, 1, 1, 1, 1]}, '南门西侧': {'A': [1, 1, 1, 1, 1, 1, 1, 1, 1, 1], 'B': [0, 0, 0, 0, 0, 0, 0, 0, 1, 0]}, '南门东侧': {'A': [1, 0, 0, 1, 1, 1, 1, 1, 1, 1], 'B': [1, 1, 1, 1, 1, 1, 1, 1, 1, 1]}, '北门东北侧': {'A': [1, 1, 1, 1, 1, 1, 1, 1, 1, 1], 'B': [0, 0, 0, 1, 1, 0, 1, 1, 0, 0], 'C': [1, 0, 1, 1, 0, 0, 0, 1, 1, 0], 'D': [0, 0, 0, 0, 0, 0, 0, 0, 0, 0]}, '北门东南侧': {'A': [1, 1, 1, 0, 1, 0, 1, 1, 0, 1], 'B': [0, 1, 0, 0, 1, 0, 0, 0, 1, 1], 'C': [1, 0, 1, 0, 0, 0, 0, 0, 0, 0], 'D': [0, 0, 0, 0, 0, 0, 0, 0, 0, 0], 'E': [0, 0, 0, 1, 0, 0, 0, 0, 0, 0], 'F': [1, 1, 1, 1, 0, 1, 1, 0, 1, 1]}, '橘园北侧南': {'A': [0, 1, 1, 0, 1, 0, 0, 1, 1, 1], 'B': [0, 1, 1, 1, 1, 0, 0, 0, 1, 1], 'C': [1, 0, 1, 1, 1, 1, 0, 0, 1, 0], 'D': [1, 1, 1, 1, 1, 0, 0, 1, 1, 1], 'E': [0, 1, 1, 0, 1, 0, 1, 0, 1, 0], 'F': [0, 0, 0, 0, 1, 0, 0, 0, 1, 1], 'G': [0, 0, 1, 0, 0, 0, 0, 1, 0, 1], 'H': [0, 1, 0, 1, 0, 0, 1, 0, 0, 0], 'I': [1, 0, 1, 0, 0, 0, 0, 0, 0, 0], 'J': [0, 0, 0, 0, 0, 0, 1, 1, 1, 0]}, '校医院西': {'A': [0, 1, 0, 1, 1, 1, 1, 1, 1, 0], 'B': [1, 1, 1, 1, 0, 1, 0, 1, 1, 1], 'C': [0, 1, 0, 1, 1, 0, 1, 1, 0, 1], 'D': [1, 1, 1, 1, 1, 0, 1, 1, 1, 1], 'E': [1, 1, 0, 1, 1, 1, 1, 1, 1, 1], 'F': [1, 0, 1, 1, 1, 1, 1, 1, 1, 1], 'G': [0, 0, 0, 0, 0, 1, 0, 1, 1, 1], 'H': [0, 0, 0, 0, 0, 0, 0, 0, 0, 0], 'I': [0, 0, 0, 0, 0, 0, 0, 0, 0, 0]}}
624227	2024-07-13 21:11:19.278000+08:00	2024-07-13 21:11:19.278000+08:00	{'东门北侧': {'A': [1, 1, 1, 1, 1, 0, 1, 0, 1, 1], 'B': [1, 1, 1, 1, 1, 1, 1, 1, 1, 1], 'C': [1, 1, 0, 1, 1, 0, 1, 0, 1, 0], 'D': [1, 0, 1, 1, 1, 0, 0, 1, 0, 0], 'E': [1, 0, 1, 1, 1, 0, 1, 1, 1, 1], 'F': [1, 1, 1, 1, 1, 1, 1, 1, 1, 1], 'G': [1, 1, 1, 1, 1, 1, 1, 1, 0, 0], 'H': [1, 1, 1, 1, 1, 1, 0, 1, 0, 1], 'I': [1, 1, 1, 1, 1, 1, 0, 1, 1, 1], 'J': [1, 1, 0, 1, 0, 0, 1, 1, 1, 0], 'K': [1, 1, 1, 0, 1, 1, 1, 1, 1, 0]}, '东门南侧': {'A': [0, 1, 1, 1, 0, 1, 0, 0, 0, 1], 'B': [0, 0, 0, 0, 0, 0, 0, 0, 0, 0]}, '西门北侧': {'A': [1, 1, 0, 1, 1, 1, 1, 1, 1, 0], 'B': [1, 1, 1, 1, 0, 1, 1, 1, 1, 0], 'C': [1, 1, 1, 1, 0, 1, 1, 0, 0, 1]}, '西门南侧': {'A': [0, 1, 1, 1, 1, 1, 1, 0, 1, 1], 'B': [1, 1, 1, 1, 1, 1, 1, 1, 1, 1], 'C': [1, 1, 1, 1, 0, 0, 1, 1, 1, 1]}, '南门西侧': {'A': [1, 1, 1, 1, 1, 1, 1, 1, 1, 1], 'B': [0, 0, 0, 0, 0, 0, 0, 0, 1, 0]}, '南门东侧': {'A': [1, 0, 0, 1, 1, 1, 1, 1, 1, 1], 'B': [1, 1, 1, 1, 1, 1, 1, 1, 1, 1]}, '北门东北侧': {'A': [1, 1, 1, 1, 1, 1, 1, 1, 1, 1], 'B': [0, 0, 0, 1, 1, 0, 1, 1, 0, 0], 'C': [1, 0, 1, 1, 0, 0, 0, 1, 1, 0], 'D': [0, 0, 0, 0, 0, 0, 0, 0, 0, 0]}, '北门东南侧': {'A': [1, 1, 1, 0, 1, 0, 1, 1, 0, 1], 'B': [0, 1, 0, 0, 1, 0, 0, 0, 0, 1], 'C': [1, 0, 1, 0, 0, 0, 0, 0, 0, 0], 'D': [0, 0, 0, 0, 0, 0, 0, 0, 0, 0], 'E': [0, 0, 0, 1, 0, 0, 0, 0, 0, 0], 'F': [1, 1, 1, 1, 0, 1, 1, 0, 1, 1]}, '橘园北侧南': {'A': [0, 1, 1, 0, 1, 0, 0, 1, 1, 1], 'B': [0, 1, 1, 1, 1, 0, 0, 0, 1, 1], 'C': [1, 0, 1, 1, 1, 1, 0, 0, 1, 0], 'D': [1, 1, 1, 1, 1, 0, 0, 1, 1, 1], 'E': [0, 1, 1, 0, 1, 0, 1, 0, 1, 0], 'F': [0, 0, 0, 0, 1, 0, 0, 0, 1, 1], 'G': [0, 0, 1, 0, 0, 0, 0, 1, 0, 1], 'H': [0, 1, 0, 1, 0, 0, 1, 0, 0, 0], 'I': [1, 0, 1, 0, 0, 0, 0, 0, 0, 0], 'J': [0, 0, 0, 0, 0, 0, 1, 1, 1, 0]}, '校医院西': {'A': [0, 1, 0, 1, 1, 1, 1, 1, 1, 0], 'B': [1, 1, 1, 1, 0, 1, 0, 1, 1, 1], 'C': [0, 1, 0, 1, 1, 0, 1, 1, 0, 1], 'D': [1, 1, 1, 1, 1, 0, 1, 1, 1, 1], 'E': [1, 1, 0, 1, 1, 1, 1, 1, 1, 1], 'F': [1, 0, 1, 1, 1, 1, 1, 1, 1, 1], 'G': [0, 0, 0, 0, 0, 1, 0, 1, 1, 1], 'H': [0, 0, 0, 0, 0, 0, 0, 0, 0, 0], 'I': [0, 0, 0, 0, 0, 0, 0, 0, 0, 0]}}
624228	2024-07-13 21:12:22.953000+08:00	2024-07-13 21:12:22.953000+08:00	{'东门北侧': {'A': [1, 1, 1, 1, 1, 0, 1, 0, 1, 1], 'B': [1, 1, 1, 1, 1, 1, 1, 1, 1, 1], 'C': [1, 1, 0, 1, 1, 0, 1, 0, 1, 0], 'D': [1, 0, 1, 1, 1, 0, 0, 1, 0, 0], 'E': [1, 0, 1, 1, 1, 0, 1, 1, 1, 1], 'F': [1, 1, 1, 1, 1, 1, 1, 1, 1, 1], 'G': [1, 1, 1, 1, 1, 1, 1, 1, 0, 0], 'H': [1, 1, 1, 1, 1, 1, 0, 1, 0, 1], 'I': [1, 1, 1, 1, 1, 1, 0, 1, 1, 1], 'J': [1, 1, 0, 1, 0, 0, 1, 1, 1, 0], 'K': [1, 1, 1, 0, 1, 1, 1, 1, 1, 0]}, '东门南侧': {'A': [0, 1, 1, 1, 0, 1, 0, 0, 0, 1], 'B': [0, 0, 0, 0, 0, 0, 0, 0, 0, 0]}, '西门北侧': {'A': [1, 1, 0, 1, 1, 1, 1, 1, 1, 0], 'B': [1, 1, 1, 1, 0, 1, 1, 1, 1, 0], 'C': [1, 1, 1, 1, 0, 1, 1, 0, 0, 1]}, '西门南侧': {'A': [0, 1, 1, 1, 1, 1, 1, 0, 1, 1], 'B': [1, 1, 1, 1, 1, 1, 1, 1, 1, 1], 'C': [1, 1, 1, 1, 0, 0, 1, 1, 1, 1]}, '南门西侧': {'A': [1, 1, 1, 1, 1, 1, 1, 1, 1, 1], 'B': [0, 0, 0, 0, 0, 0, 0, 0, 1, 0]}, '南门东侧': {'A': [1, 0, 0, 1, 1, 1, 1, 1, 1, 1], 'B': [1, 1, 1, 1, 1, 1, 1, 1, 1, 1]}, '北门东北侧': {'A': [1, 1, 1, 1, 1, 1, 1, 1, 1, 1], 'B': [0, 0, 0, 1, 1, 0, 1, 1, 0, 0], 'C': [1, 0, 1, 1, 0, 0, 0, 1, 1, 0], 'D': [0, 0, 0, 0, 0, 0, 0, 0, 0, 0]}, '北门东南侧': {'A': [1, 1, 1, 0, 1, 0, 1, 1, 0, 1], 'B': [0, 1, 0, 0, 1, 0, 0, 0, 0, 1], 'C': [1, 0, 1, 0, 0, 0, 0, 0, 0, 0], 'D': [0, 0, 0, 0, 0, 0, 0, 0, 0, 0], 'E': [0, 0, 0, 1, 0, 0, 0, 0, 0, 0], 'F': [1, 1, 1, 1, 0, 1, 1, 0, 1, 1]}, '橘园北侧南': {'A': [0, 1, 1, 0, 1, 0, 0, 1, 1, 1], 'B': [0, 1, 1, 1, 1, 0, 0, 0, 1, 1], 'C': [1, 0, 1, 1, 1, 1, 0, 0, 1, 0], 'D': [1, 1, 1, 1, 1, 0, 0, 1, 1, 1], 'E': [0, 1, 1, 0, 1, 0, 1, 0, 1, 0], 'F': [0, 0, 0, 0, 1, 0, 0, 0, 1, 1], 'G': [0, 0, 1, 0, 0, 0, 1, 1, 0, 1], 'H': [1, 1, 0, 1, 0, 0, 1, 0, 0, 0], 'I': [1, 0, 1, 0, 0, 0, 0, 0, 0, 0], 'J': [0, 0, 0, 0, 0, 0, 1, 1, 1, 0]}, '校医院西': {'A': [0, 1, 0, 1, 1, 1, 1, 1, 1, 0], 'B': [1, 1, 1, 1, 0, 1, 0, 1, 1, 1], 'C': [0, 1, 0, 1, 1, 0, 1, 1, 0, 1], 'D': [1, 1, 1, 1, 1, 0, 1, 1, 1, 1], 'E': [1, 1, 0, 1, 1, 1, 1, 1, 1, 1], 'F': [1, 0, 1, 1, 1, 1, 1, 1, 1, 1], 'G': [0, 0, 0, 0, 0, 1, 0, 1, 1, 1], 'H': [0, 0, 0, 0, 0, 0, 0, 0, 0, 0], 'I': [0, 0, 0, 0, 0, 0, 0, 0, 0, 0]}}
624229	2024-07-13 21:13:21.263000+08:00	2024-07-13 21:13:21.263000+08:00	{'东门北侧': {'A': [1, 1, 1, 1, 1, 0, 1, 0, 1, 1], 'B': [1, 1, 1, 1, 1, 1, 1, 1, 1, 1], 'C': [1, 1, 0, 1, 1, 0, 1, 0, 1, 0], 'D': [1, 0, 1, 1, 1, 0, 0, 1, 0, 0], 'E': [1, 0, 1, 1, 1, 0, 1, 1, 1, 1], 'F': [1, 1, 1, 1, 1, 1, 1, 1, 1, 1], 'G': [1, 1, 1, 1, 1, 1, 1, 1, 0, 0], 'H': [1, 1, 1, 1, 1, 1, 0, 1, 0, 1], 'I': [1, 1, 1, 1, 1, 1, 0, 1, 1, 1], 'J': [1, 1, 0, 1, 0, 0, 1, 1, 1, 0], 'K': [1, 1, 1, 0, 1, 1, 1, 1, 1, 0]}, '东门南侧': {'A': [0, 1, 1, 1, 0, 1, 0, 0, 0, 1], 'B': [0, 0, 0, 0, 0, 0, 0, 0, 0, 0]}, '西门北侧': {'A': [1, 1, 0, 1, 1, 1, 1, 1, 1, 0], 'B': [1, 1, 1, 1, 0, 1, 1, 1, 1, 0], 'C': [1, 1, 1, 1, 0, 1, 1, 0, 0, 1]}, '西门南侧': {'A': [0, 1, 1, 1, 1, 1, 1, 0, 1, 1], 'B': [1, 1, 1, 1, 1, 1, 1, 1, 1, 1], 'C': [1, 1, 1, 1, 0, 0, 1, 1, 1, 1]}, '南门西侧': {'A': [1, 1, 1, 1, 1, 1, 1, 1, 1, 1], 'B': [0, 0, 0, 0, 0, 0, 0, 0, 1, 0]}, '南门东侧': {'A': [1, 0, 0, 1, 0, 1, 1, 1, 1, 1], 'B': [1, 1, 1, 1, 1, 1, 1, 1, 1, 1]}, '北门东北侧': {'A': [1, 1, 1, 1, 1, 1, 1, 1, 1, 1], 'B': [0, 0, 0, 1, 1, 0, 1, 1, 0, 0], 'C': [1, 0, 1, 1, 0, 0, 0, 1, 1, 0], 'D': [0, 0, 0, 0, 0, 0, 0, 0, 0, 0]}, '北门东南侧': {'A': [1, 1, 1, 0, 1, 0, 1, 1, 0, 1], 'B': [0, 1, 0, 0, 1, 0, 0, 0, 0, 1], 'C': [1, 0, 1, 0, 0, 0, 0, 0, 0, 0], 'D': [0, 0, 0, 0, 0, 0, 0, 0, 0, 0], 'E': [0, 0, 0, 1, 0, 0, 0, 0, 0, 0], 'F': [1, 1, 1, 1, 0, 1, 1, 0, 1, 1]}, '橘园北侧南': {'A': [0, 1, 1, 0, 1, 0, 0, 1, 1, 1], 'B': [0, 1, 1, 1, 1, 0, 0, 0, 1, 1], 'C': [1, 0, 1, 1, 1, 1, 0, 0, 1, 0], 'D': [1, 1, 1, 1, 1, 0, 0, 1, 1, 1], 'E': [0, 1, 1, 0, 1, 0, 1, 0, 1, 0], 'F': [0, 0, 0, 0, 1, 0, 0, 0, 1, 1], 'G': [0, 0, 1, 0, 0, 0, 1, 1, 0, 1], 'H': [1, 1, 0, 1, 0, 0, 1, 0, 0, 0], 'I': [1, 0, 1, 0, 0, 0, 0, 0, 0, 0], 'J': [0, 0, 0, 0, 0, 0, 1, 1, 1, 0]}, '校医院西': {'A': [0, 1, 0, 1, 1, 1, 1, 1, 1, 0], 'B': [1, 1, 1, 1, 0, 1, 0, 1, 1, 1], 'C': [0, 1, 0, 1, 1, 0, 1, 1, 0, 1], 'D': [1, 1, 1, 1, 1, 0, 1, 1, 1, 1], 'E': [1, 1, 0, 1, 1, 1, 1, 1, 1, 1], 'F': [1, 0, 1, 1, 1, 1, 1, 1, 1, 1], 'G': [0, 0, 0, 0, 0, 1, 0, 1, 1, 1], 'H': [0, 0, 0, 0, 0, 1, 0, 0, 0, 0], 'I': [0, 0, 0, 0, 0, 0, 0, 0, 0, 0]}}
624230	2024-07-13 21:14:21.194000+08:00	2024-07-13 21:14:21.194000+08:00	{'东门北侧': {'A': [1, 1, 1, 1, 1, 0, 1, 0, 1, 1], 'B': [1, 1, 1, 1, 1, 1, 1, 1, 1, 1], 'C': [1, 1, 0, 1, 1, 0, 1, 0, 1, 0], 'D': [1, 0, 1, 1, 1, 0, 0, 1, 0, 0], 'E': [1, 0, 1, 1, 1, 0, 1, 1, 1, 1], 'F': [1, 1, 1, 1, 1, 1, 1, 1, 1, 1], 'G': [1, 1, 1, 1, 1, 1, 1, 1, 0, 0], 'H': [1, 1, 1, 1, 1, 1, 0, 1, 0, 1], 'I': [1, 1, 1, 1, 1, 1, 0, 1, 1, 1], 'J': [1, 1, 0, 1, 0, 0, 1, 1, 1, 0], 'K': [1, 1, 1, 0, 1, 1, 1, 1, 1, 0]}, '东门南侧': {'A': [0, 1, 1, 1, 0, 1, 0, 0, 0, 1], 'B': [0, 0, 0, 0, 0, 0, 0, 0, 0, 0]}, '西门北侧': {'A': [1, 1, 0, 1, 1, 1, 1, 1, 1, 0], 'B': [1, 1, 1, 1, 0, 1, 1, 1, 1, 0], 'C': [1, 1, 1, 1, 0, 1, 1, 0, 0, 1]}, '西门南侧': {'A': [0, 1, 1, 1, 1, 1, 1, 0, 1, 1], 'B': [1, 1, 1, 1, 1, 1, 1, 1, 1, 1], 'C': [1, 1, 1, 1, 0, 0, 1, 1, 1, 1]}, '南门西侧': {'A': [1, 1, 1, 1, 1, 1, 1, 1, 1, 1], 'B': [0, 0, 0, 0, 0, 0, 0, 0, 1, 0]}, '南门东侧': {'A': [1, 0, 0, 1, 0, 1, 1, 1, 1, 1], 'B': [1, 1, 1, 1, 1, 1, 1, 1, 1, 1]}, '北门东北侧': {'A': [1, 1, 1, 1, 1, 1, 1, 1, 1, 1], 'B': [0, 0, 0, 1, 1, 0, 1, 1, 0, 0], 'C': [1, 0, 1, 1, 0, 0, 0, 1, 1, 0], 'D': [0, 0, 0, 0, 0, 0, 0, 0, 0, 0]}, '北门东南侧': {'A': [1, 1, 1, 0, 1, 0, 1, 1, 0, 1], 'B': [0, 1, 0, 0, 1, 0, 0, 0, 0, 1], 'C': [1, 0, 1, 0, 0, 0, 0, 0, 0, 0], 'D': [0, 0, 0, 0, 0, 0, 0, 0, 0, 0], 'E': [0, 0, 0, 1, 0, 0, 0, 0, 0, 0], 'F': [1, 1, 1, 1, 0, 1, 1, 0, 1, 1]}, '橘园北侧南': {'A': [0, 1, 1, 0, 1, 0, 0, 1, 1, 1], 'B': [0, 1, 1, 1, 1, 0, 0, 0, 1, 1], 'C': [1, 0, 1, 1, 1, 1, 0, 0, 1, 0], 'D': [1, 1, 1, 1, 1, 0, 0, 1, 1, 1], 'E': [0, 1, 1, 0, 1, 0, 1, 0, 1, 0], 'F': [0, 0, 0, 0, 1, 0, 0, 0, 1, 1], 'G': [0, 0, 1, 0, 0, 0, 1, 1, 0, 1], 'H': [1, 1, 0, 1, 0, 0, 1, 0, 0, 0], 'I': [1, 0, 1, 0, 0, 0, 0, 0, 0, 0], 'J': [0, 0, 0, 0, 0, 0, 1, 1, 1, 0]}, '校医院西': {'A': [0, 1, 0, 1, 1, 1, 1, 1, 1, 0], 'B': [1, 1, 1, 1, 0, 1, 0, 1, 1, 1], 'C': [0, 1, 0, 1, 1, 0, 1, 1, 0, 1], 'D': [1, 1, 1, 1, 1, 0, 1, 1, 1, 1], 'E': [1, 1, 0, 1, 1, 1, 1, 1, 1, 1], 'F': [1, 0, 1, 1, 1, 1, 1, 1, 1, 1], 'G': [0, 0, 0, 0, 0, 1, 0, 1, 1, 1], 'H': [0, 0, 0, 0, 0, 1, 0, 0, 0, 0], 'I': [0, 0, 0, 0, 0, 0, 0, 0, 0, 0]}}
624231	2024-07-13 21:15:21.759000+08:00	2024-07-13 21:15:21.759000+08:00	{'东门北侧': {'A': [1, 1, 1, 1, 1, 0, 1, 0, 1, 1], 'B': [1, 1, 1, 1, 1, 1, 1, 1, 1, 1], 'C': [1, 1, 0, 1, 1, 0, 1, 0, 1, 0], 'D': [1, 0, 1, 1, 1, 0, 0, 1, 0, 0], 'E': [1, 0, 1, 1, 1, 0, 1, 1, 1, 1], 'F': [1, 1, 1, 1, 1, 1, 1, 1, 1, 1], 'G': [1, 1, 1, 1, 1, 1, 1, 1, 0, 0], 'H': [1, 1, 1, 1, 1, 1, 0, 1, 0, 1], 'I': [1, 1, 1, 1, 1, 1, 0, 1, 1, 1], 'J': [1, 1, 0, 1, 0, 0, 1, 1, 1, 0], 'K': [1, 1, 1, 0, 1, 1, 1, 1, 1, 0]}, '东门南侧': {'A': [0, 1, 1, 1, 0, 1, 0, 0, 0, 1], 'B': [0, 0, 0, 0, 0, 0, 0, 0, 0, 0]}, '西门北侧': {'A': [1, 1, 0, 1, 1, 1, 1, 1, 1, 0], 'B': [1, 1, 1, 1, 0, 1, 1, 1, 1, 0], 'C': [1, 1, 1, 1, 0, 1, 1, 0, 0, 1]}, '西门南侧': {'A': [0, 1, 1, 1, 1, 1, 1, 0, 1, 1], 'B': [1, 1, 1, 1, 1, 1, 1, 1, 1, 1], 'C': [1, 1, 1, 1, 0, 0, 1, 1, 1, 1]}, '南门西侧': {'A': [1, 1, 1, 1, 1, 1, 1, 1, 1, 1], 'B': [0, 0, 0, 0, 0, 0, 0, 0, 1, 0]}, '南门东侧': {'A': [1, 0, 0, 1, 0, 1, 1, 1, 1, 1], 'B': [1, 1, 1, 1, 1, 1, 1, 1, 1, 1]}, '北门东北侧': {'A': [1, 1, 1, 1, 1, 1, 1, 1, 1, 1], 'B': [0, 0, 0, 1, 1, 0, 1, 1, 0, 0], 'C': [1, 0, 1, 1, 0, 0, 0, 1, 1, 0], 'D': [0, 0, 0, 0, 0, 0, 0, 0, 0, 0]}, '北门东南侧': {'A': [1, 1, 1, 0, 1, 0, 1, 1, 0, 1], 'B': [0, 1, 0, 0, 1, 0, 0, 0, 0, 1], 'C': [1, 0, 1, 0, 0, 0, 0, 0, 0, 0], 'D': [0, 0, 0, 0, 0, 0, 0, 0, 0, 0], 'E': [0, 0, 0, 1, 0, 0, 0, 0, 0, 0], 'F': [1, 1, 1, 1, 0, 1, 1, 0, 1, 1]}, '橘园北侧南': {'A': [0, 1, 1, 0, 1, 0, 0, 1, 1, 1], 'B': [0, 1, 1, 1, 1, 0, 0, 0, 1, 1], 'C': [1, 0, 1, 1, 1, 1, 0, 0, 1, 0], 'D': [1, 1, 1, 1, 1, 0, 0, 1, 1, 1], 'E': [0, 1, 1, 0, 1, 0, 1, 0, 1, 0], 'F': [0, 0, 0, 0, 1, 0, 0, 0, 1, 1], 'G': [0, 0, 1, 0, 0, 0, 1, 1, 0, 1], 'H': [1, 1, 0, 1, 0, 0, 1, 0, 0, 0], 'I': [1, 0, 1, 0, 0, 0, 0, 0, 0, 0], 'J': [0, 0, 0, 0, 0, 0, 1, 1, 1, 0]}, '校医院西': {'A': [0, 1, 0, 1, 1, 1, 1, 1, 1, 0], 'B': [1, 1, 1, 1, 0, 1, 0, 1, 1, 1], 'C': [0, 1, 0, 1, 1, 0, 1, 1, 0, 1], 'D': [1, 1, 1, 1, 1, 0, 1, 1, 1, 1], 'E': [1, 1, 0, 1, 1, 1, 1, 1, 1, 1], 'F': [1, 0, 1, 1, 1, 1, 1, 1, 1, 1], 'G': [0, 0, 0, 0, 0, 1, 0, 1, 1, 1], 'H': [0, 0, 0, 0, 0, 1, 0, 0, 0, 0], 'I': [0, 0, 0, 1, 0, 0, 0, 0, 0, 0]}}
624232	2024-07-13 21:16:22.842000+08:00	2024-07-13 21:16:22.842000+08:00	{'东门北侧': {'A': [1, 1, 1, 1, 1, 0, 1, 0, 1, 1], 'B': [1, 1, 1, 1, 1, 1, 1, 1, 1, 1], 'C': [1, 1, 0, 1, 1, 0, 1, 0, 1, 0], 'D': [1, 0, 1, 1, 1, 0, 0, 1, 0, 0], 'E': [1, 0, 1, 1, 1, 0, 1, 1, 1, 1], 'F': [1, 1, 1, 1, 1, 1, 1, 1, 1, 1], 'G': [1, 1, 1, 1, 1, 1, 1, 1, 0, 0], 'H': [1, 1, 1, 1, 1, 1, 0, 1, 0, 1], 'I': [1, 1, 1, 1, 1, 1, 0, 1, 1, 1], 'J': [1, 1, 0, 1, 0, 0, 1, 1, 1, 0], 'K': [1, 1, 1, 0, 1, 1, 1, 1, 1, 0]}, '东门南侧': {'A': [0, 1, 1, 1, 0, 1, 0, 0, 0, 1], 'B': [0, 0, 0, 0, 0, 0, 0, 0, 0, 0]}, '西门北侧': {'A': [1, 1, 0, 1, 1, 1, 1, 1, 1, 0], 'B': [1, 1, 1, 1, 0, 1, 1, 1, 1, 0], 'C': [1, 1, 1, 1, 0, 1, 1, 0, 0, 1]}, '西门南侧': {'A': [0, 1, 1, 1, 1, 1, 1, 0, 1, 1], 'B': [1, 1, 1, 1, 1, 1, 1, 1, 1, 1], 'C': [1, 1, 1, 1, 0, 0, 1, 1, 1, 1]}, '南门西侧': {'A': [1, 1, 1, 1, 1, 1, 1, 1, 1, 1], 'B': [0, 0, 0, 0, 0, 0, 0, 0, 1, 0]}, '南门东侧': {'A': [1, 0, 0, 1, 0, 1, 1, 1, 1, 1], 'B': [1, 1, 1, 1, 1, 1, 1, 1, 1, 1]}, '北门东北侧': {'A': [1, 1, 1, 1, 1, 1, 1, 1, 1, 1], 'B': [0, 0, 0, 1, 1, 0, 1, 1, 0, 0], 'C': [1, 0, 1, 1, 0, 0, 0, 1, 1, 0], 'D': [0, 0, 0, 0, 0, 0, 0, 0, 0, 0]}, '北门东南侧': {'A': [1, 1, 1, 0, 1, 0, 1, 1, 0, 1], 'B': [0, 1, 0, 0, 1, 0, 0, 0, 0, 1], 'C': [1, 0, 1, 0, 0, 0, 0, 0, 0, 0], 'D': [0, 0, 0, 0, 0, 0, 0, 0, 0, 0], 'E': [0, 0, 0, 1, 0, 0, 0, 0, 0, 0], 'F': [1, 1, 1, 1, 0, 1, 1, 0, 1, 1]}, '橘园北侧南': {'A': [0, 1, 1, 0, 1, 0, 0, 1, 1, 1], 'B': [0, 1, 1, 1, 1, 0, 0, 0, 1, 1], 'C': [1, 0, 1, 1, 1, 1, 0, 0, 1, 0], 'D': [1, 1, 1, 1, 1, 0, 0, 1, 1, 1], 'E': [0, 1, 1, 0, 1, 0, 1, 0, 1, 0], 'F': [0, 0, 0, 0, 1, 0, 0, 0, 1, 1], 'G': [0, 0, 0, 0, 0, 0, 1, 1, 0, 1], 'H': [1, 1, 0, 1, 0, 0, 1, 0, 0, 0], 'I': [1, 0, 1, 0, 0, 0, 0, 0, 0, 0], 'J': [0, 0, 0, 0, 0, 0, 1, 1, 1, 0]}, '校医院西': {'A': [0, 1, 0, 1, 1, 1, 1, 1, 1, 0], 'B': [1, 1, 1, 1, 0, 1, 0, 1, 1, 1], 'C': [0, 1, 0, 1, 1, 0, 1, 1, 0, 1], 'D': [1, 1, 1, 1, 1, 0, 1, 1, 1, 1], 'E': [1, 1, 0, 1, 1, 1, 1, 1, 1, 1], 'F': [1, 0, 1, 1, 1, 1, 1, 1, 1, 1], 'G': [0, 0, 0, 0, 0, 1, 0, 1, 1, 1], 'H': [0, 0, 0, 0, 0, 1, 0, 0, 0, 0], 'I': [0, 0, 0, 1, 0, 0, 0, 0, 0, 0]}}
624233	2024-07-13 21:17:20.015000+08:00	2024-07-13 21:17:20.015000+08:00	{'东门北侧': {'A': [1, 1, 1, 1, 1, 0, 1, 0, 1, 1], 'B': [1, 1, 1, 1, 1, 1, 1, 1, 1, 1], 'C': [1, 1, 0, 1, 1, 0, 1, 0, 1, 0], 'D': [1, 0, 1, 1, 1, 0, 0, 1, 0, 0], 'E': [1, 0, 1, 1, 1, 0, 1, 1, 1, 1], 'F': [1, 1, 1, 1, 1, 1, 1, 1, 1, 1], 'G': [1, 1, 1, 1, 1, 1, 1, 1, 0, 0], 'H': [1, 1, 1, 1, 1, 1, 0, 1, 0, 1], 'I': [1, 1, 1, 1, 1, 1, 0, 1, 1, 1], 'J': [1, 1, 0, 1, 0, 0, 1, 1, 1, 0], 'K': [1, 1, 1, 0, 1, 1, 1, 1, 1, 0]}, '东门南侧': {'A': [0, 1, 1, 1, 0, 1, 0, 0, 0, 1], 'B': [0, 0, 0, 0, 0, 0, 0, 0, 0, 0]}, '西门北侧': {'A': [1, 1, 0, 1, 1, 1, 1, 1, 1, 0], 'B': [1, 1, 1, 1, 0, 1, 1, 1, 1, 0], 'C': [1, 1, 1, 1, 0, 1, 1, 0, 0, 1]}, '西门南侧': {'A': [0, 1, 1, 1, 1, 1, 1, 0, 1, 1], 'B': [1, 1, 1, 1, 1, 1, 1, 1, 1, 1], 'C': [1, 1, 1, 1, 0, 0, 1, 1, 1, 1]}, '南门西侧': {'A': [1, 1, 1, 1, 1, 1, 1, 1, 1, 1], 'B': [0, 0, 0, 0, 0, 0, 0, 0, 1, 0]}, '南门东侧': {'A': [1, 0, 0, 1, 0, 1, 1, 1, 1, 1], 'B': [1, 1, 1, 1, 1, 1, 1, 1, 1, 1]}, '北门东北侧': {'A': [1, 1, 1, 1, 1, 1, 1, 1, 1, 1], 'B': [0, 0, 0, 1, 1, 0, 1, 1, 0, 0], 'C': [1, 0, 1, 1, 0, 0, 0, 1, 1, 0], 'D': [0, 0, 0, 0, 0, 0, 0, 0, 0, 0]}, '北门东南侧': {'A': [1, 1, 1, 0, 1, 0, 1, 1, 0, 1], 'B': [0, 1, 0, 0, 1, 0, 0, 0, 0, 1], 'C': [1, 0, 1, 0, 0, 0, 0, 0, 0, 0], 'D': [0, 0, 0, 0, 0, 0, 0, 0, 0, 0], 'E': [0, 0, 0, 1, 0, 0, 0, 0, 0, 0], 'F': [1, 1, 1, 1, 0, 1, 1, 0, 1, 1]}, '橘园北侧南': {'A': [0, 1, 1, 0, 1, 0, 0, 1, 1, 1], 'B': [0, 1, 1, 1, 1, 0, 0, 0, 1, 1], 'C': [1, 0, 1, 1, 1, 1, 0, 0, 1, 0], 'D': [1, 1, 1, 1, 1, 0, 0, 1, 1, 1], 'E': [0, 1, 1, 0, 1, 0, 1, 0, 1, 0], 'F': [0, 0, 0, 0, 1, 0, 0, 0, 1, 1], 'G': [0, 0, 0, 0, 0, 0, 1, 1, 0, 1], 'H': [1, 1, 0, 1, 0, 0, 1, 0, 0, 0], 'I': [1, 0, 1, 0, 0, 0, 0, 0, 0, 0], 'J': [0, 0, 0, 0, 0, 0, 1, 1, 1, 0]}, '校医院西': {'A': [0, 1, 0, 1, 1, 1, 1, 1, 1, 0], 'B': [1, 1, 1, 1, 0, 1, 0, 1, 1, 1], 'C': [0, 1, 0, 1, 1, 0, 1, 1, 0, 1], 'D': [1, 1, 1, 1, 1, 0, 1, 1, 1, 1], 'E': [1, 1, 0, 1, 1, 1, 1, 1, 1, 1], 'F': [1, 0, 1, 1, 1, 1, 1, 1, 1, 1], 'G': [0, 0, 0, 0, 0, 1, 0, 1, 1, 1], 'H': [0, 0, 0, 0, 0, 1, 0, 0, 0, 0], 'I': [0, 0, 0, 1, 0, 0, 0, 0, 0, 0]}}
624234	2024-07-13 21:18:28.063000+08:00	2024-07-13 21:18:28.063000+08:00	{'东门北侧': {'A': [1, 1, 1, 1, 1, 0, 1, 0, 1, 1], 'B': [1, 1, 1, 1, 1, 1, 1, 1, 1, 1], 'C': [1, 1, 0, 1, 1, 0, 1, 0, 1, 0], 'D': [1, 0, 1, 1, 1, 0, 0, 1, 0, 0], 'E': [1, 0, 1, 1, 1, 0, 1, 1, 1, 1], 'F': [1, 1, 1, 1, 1, 1, 1, 1, 1, 1], 'G': [1, 1, 1, 1, 1, 1, 1, 1, 0, 0], 'H': [1, 1, 1, 1, 1, 1, 0, 1, 0, 1], 'I': [1, 1, 1, 1, 1, 1, 0, 1, 1, 1], 'J': [1, 1, 0, 1, 0, 0, 1, 1, 1, 0], 'K': [1, 1, 1, 0, 1, 1, 1, 1, 1, 0]}, '东门南侧': {'A': [0, 1, 1, 1, 0, 1, 0, 0, 0, 1], 'B': [0, 0, 0, 0, 0, 0, 0, 0, 0, 0]}, '西门北侧': {'A': [1, 1, 0, 1, 1, 1, 1, 1, 1, 0], 'B': [1, 1, 1, 1, 0, 1, 1, 1, 1, 0], 'C': [1, 1, 1, 1, 0, 1, 1, 0, 0, 1]}, '西门南侧': {'A': [0, 1, 1, 1, 1, 1, 1, 0, 1, 1], 'B': [1, 1, 1, 1, 1, 1, 1, 1, 1, 1], 'C': [1, 1, 1, 1, 0, 0, 1, 1, 1, 1]}, '南门西侧': {'A': [1, 1, 1, 1, 1, 1, 1, 1, 1, 1], 'B': [0, 0, 0, 0, 0, 0, 0, 0, 1, 0]}, '南门东侧': {'A': [1, 0, 0, 1, 0, 1, 1, 1, 1, 1], 'B': [1, 1, 1, 1, 1, 1, 1, 1, 1, 1]}, '北门东北侧': {'A': [1, 1, 1, 1, 1, 1, 1, 1, 1, 1], 'B': [0, 0, 0, 1, 1, 0, 1, 1, 0, 0], 'C': [1, 0, 1, 1, 0, 0, 0, 1, 1, 0], 'D': [0, 0, 0, 0, 0, 0, 0, 0, 0, 0]}, '北门东南侧': {'A': [1, 1, 1, 0, 1, 0, 1, 1, 0, 1], 'B': [0, 1, 0, 0, 1, 0, 0, 0, 0, 1], 'C': [1, 0, 1, 0, 0, 0, 0, 0, 0, 0], 'D': [0, 0, 0, 0, 0, 0, 0, 0, 0, 0], 'E': [0, 0, 0, 1, 0, 0, 0, 0, 0, 0], 'F': [1, 1, 1, 1, 0, 1, 1, 0, 1, 1]}, '橘园北侧南': {'A': [0, 1, 1, 0, 1, 0, 0, 1, 1, 1], 'B': [0, 1, 1, 1, 1, 0, 0, 0, 1, 1], 'C': [1, 0, 1, 1, 1, 1, 0, 0, 1, 0], 'D': [1, 1, 1, 1, 1, 0, 0, 1, 1, 1], 'E': [0, 1, 1, 0, 1, 0, 1, 0, 1, 0], 'F': [0, 0, 0, 0, 1, 0, 0, 0, 1, 1], 'G': [0, 0, 0, 0, 0, 0, 1, 1, 0, 1], 'H': [1, 1, 0, 1, 0, 0, 1, 0, 0, 0], 'I': [1, 0, 1, 0, 0, 0, 0, 0, 0, 0], 'J': [0, 0, 0, 0, 0, 0, 1, 1, 1, 0]}, '校医院西': {'A': [0, 1, 0, 1, 1, 1, 1, 1, 1, 0], 'B': [1, 1, 1, 1, 0, 1, 0, 1, 1, 1], 'C': [0, 1, 0, 1, 1, 0, 1, 1, 0, 1], 'D': [1, 1, 1, 1, 1, 0, 1, 1, 1, 1], 'E': [1, 1, 0, 1, 1, 1, 1, 1, 1, 1], 'F': [1, 0, 1, 1, 1, 1, 1, 1, 1, 1], 'G': [0, 0, 0, 0, 0, 1, 0, 1, 1, 1], 'H': [0, 0, 0, 0, 0, 1, 0, 0, 0, 0], 'I': [0, 0, 0, 1, 0, 0, 0, 0, 0, 0]}}
624235	2024-07-13 21:19:20.530000+08:00	2024-07-13 21:19:20.530000+08:00	{'东门北侧': {'A': [1, 1, 1, 1, 1, 0, 1, 0, 1, 1], 'B': [1, 1, 1, 1, 1, 1, 1, 1, 1, 1], 'C': [1, 1, 0, 1, 1, 0, 1, 0, 1, 0], 'D': [1, 0, 1, 1, 1, 0, 0, 1, 0, 0], 'E': [1, 0, 1, 1, 1, 0, 1, 1, 1, 1], 'F': [1, 1, 1, 1, 1, 1, 1, 1, 1, 1], 'G': [1, 1, 1, 1, 1, 1, 1, 1, 0, 0], 'H': [1, 1, 1, 1, 1, 1, 0, 1, 0, 1], 'I': [1, 1, 1, 1, 1, 1, 0, 1, 1, 1], 'J': [1, 1, 0, 1, 0, 0, 1, 1, 1, 0], 'K': [1, 1, 1, 0, 1, 1, 1, 1, 1, 0]}, '东门南侧': {'A': [0, 1, 1, 1, 0, 1, 0, 0, 0, 1], 'B': [0, 0, 0, 0, 0, 0, 0, 0, 0, 0]}, '西门北侧': {'A': [1, 1, 0, 1, 1, 1, 1, 1, 1, 0], 'B': [1, 1, 1, 1, 0, 1, 1, 1, 1, 0], 'C': [1, 1, 1, 1, 0, 1, 1, 0, 0, 1]}, '西门南侧': {'A': [0, 1, 1, 1, 1, 1, 1, 0, 1, 1], 'B': [1, 1, 1, 1, 1, 1, 1, 1, 1, 1], 'C': [1, 1, 1, 1, 0, 0, 1, 1, 1, 1]}, '南门西侧': {'A': [1, 1, 1, 1, 1, 1, 1, 1, 1, 1], 'B': [0, 0, 0, 0, 0, 0, 0, 0, 1, 0]}, '南门东侧': {'A': [1, 0, 0, 1, 0, 1, 1, 1, 1, 1], 'B': [1, 1, 1, 1, 1, 1, 1, 1, 1, 1]}, '北门东北侧': {'A': [1, 1, 1, 1, 1, 1, 1, 1, 1, 1], 'B': [0, 0, 0, 1, 1, 0, 1, 1, 0, 0], 'C': [1, 0, 1, 1, 0, 0, 0, 1, 1, 0], 'D': [0, 0, 0, 0, 0, 0, 0, 0, 0, 0]}, '北门东南侧': {'A': [1, 1, 1, 0, 1, 0, 1, 1, 0, 1], 'B': [0, 1, 0, 0, 1, 0, 0, 0, 0, 1], 'C': [1, 0, 1, 0, 0, 0, 0, 0, 0, 0], 'D': [0, 0, 0, 0, 0, 0, 0, 0, 0, 0], 'E': [0, 0, 0, 1, 0, 0, 0, 0, 0, 0], 'F': [1, 1, 1, 1, 0, 1, 1, 0, 1, 1]}, '橘园北侧南': {'A': [0, 1, 1, 0, 1, 0, 0, 1, 1, 1], 'B': [0, 1, 1, 1, 1, 0, 0, 0, 1, 1], 'C': [1, 0, 1, 1, 1, 1, 0, 0, 1, 0], 'D': [1, 1, 1, 1, 1, 0, 0, 1, 1, 1], 'E': [0, 1, 1, 0, 1, 0, 1, 0, 1, 0], 'F': [0, 0, 0, 0, 1, 0, 0, 0, 1, 1], 'G': [0, 0, 0, 0, 0, 0, 1, 1, 0, 1], 'H': [1, 1, 0, 1, 0, 0, 1, 0, 0, 0], 'I': [1, 0, 1, 0, 0, 0, 0, 0, 0, 0], 'J': [0, 0, 0, 0, 0, 0, 1, 1, 1, 0]}, '校医院西': {'A': [0, 1, 0, 1, 1, 1, 1, 1, 1, 0], 'B': [1, 1, 1, 1, 0, 1, 0, 1, 1, 1], 'C': [0, 1, 0, 1, 1, 0, 1, 1, 0, 1], 'D': [1, 1, 1, 1, 1, 0, 1, 1, 1, 1], 'E': [1, 1, 0, 1, 1, 1, 1, 1, 1, 1], 'F': [1, 0, 1, 1, 1, 1, 1, 1, 1, 1], 'G': [0, 0, 0, 0, 0, 1, 0, 1, 1, 1], 'H': [0, 0, 0, 0, 0, 1, 0, 0, 0, 0], 'I': [0, 0, 0, 1, 0, 0, 0, 0, 0, 0]}}
624236	2024-07-13 21:20:21.893000+08:00	2024-07-13 21:20:21.893000+08:00	{'东门北侧': {'A': [1, 1, 1, 1, 1, 0, 1, 0, 1, 1], 'B': [1, 1, 1, 1, 1, 1, 1, 1, 1, 1], 'C': [1, 1, 0, 1, 1, 0, 1, 0, 1, 0], 'D': [1, 0, 1, 1, 1, 1, 0, 1, 0, 0], 'E': [1, 0, 1, 1, 1, 0, 1, 1, 1, 1], 'F': [1, 1, 1, 1, 1, 1, 1, 1, 1, 1], 'G': [1, 1, 1, 1, 1, 1, 1, 1, 0, 0], 'H': [1, 1, 1, 1, 1, 1, 0, 1, 0, 1], 'I': [1, 1, 1, 1, 1, 1, 0, 1, 1, 1], 'J': [1, 1, 0, 1, 0, 0, 1, 1, 1, 0], 'K': [1, 1, 1, 0, 1, 1, 1, 1, 1, 0]}, '东门南侧': {'A': [0, 1, 1, 1, 0, 1, 0, 0, 0, 1], 'B': [0, 0, 0, 0, 0, 0, 0, 0, 0, 0]}, '西门北侧': {'A': [1, 1, 0, 1, 1, 1, 1, 1, 1, 0], 'B': [1, 1, 1, 1, 0, 1, 1, 1, 1, 0], 'C': [1, 1, 1, 1, 0, 1, 1, 0, 0, 1]}, '西门南侧': {'A': [0, 1, 1, 1, 1, 1, 1, 0, 1, 1], 'B': [1, 1, 1, 1, 1, 1, 1, 1, 1, 1], 'C': [1, 1, 1, 1, 0, 0, 1, 1, 1, 1]}, '南门西侧': {'A': [1, 1, 1, 1, 1, 1, 1, 1, 1, 1], 'B': [0, 0, 0, 0, 0, 0, 0, 0, 1, 0]}, '南门东侧': {'A': [1, 0, 0, 1, 0, 1, 1, 1, 1, 1], 'B': [1, 1, 1, 1, 1, 1, 1, 1, 1, 1]}, '北门东北侧': {'A': [1, 1, 1, 1, 1, 1, 1, 1, 1, 1], 'B': [0, 0, 0, 1, 1, 0, 1, 1, 0, 0], 'C': [1, 0, 1, 1, 0, 0, 0, 1, 1, 0], 'D': [0, 0, 0, 0, 0, 0, 0, 0, 0, 0]}, '北门东南侧': {'A': [1, 1, 1, 0, 1, 0, 1, 1, 0, 1], 'B': [0, 1, 0, 0, 1, 0, 0, 0, 0, 1], 'C': [1, 0, 1, 0, 0, 0, 0, 0, 0, 0], 'D': [0, 0, 0, 0, 0, 0, 0, 0, 0, 0], 'E': [0, 0, 0, 1, 0, 0, 0, 0, 0, 0], 'F': [1, 1, 1, 1, 0, 1, 1, 0, 1, 1]}, '橘园北侧南': {'A': [0, 1, 1, 0, 1, 0, 0, 1, 1, 1], 'B': [0, 1, 1, 1, 1, 0, 0, 0, 1, 1], 'C': [1, 0, 1, 1, 1, 1, 0, 0, 1, 0], 'D': [1, 1, 1, 1, 1, 0, 0, 1, 1, 1], 'E': [0, 1, 1, 0, 1, 0, 1, 0, 1, 0], 'F': [0, 0, 0, 0, 1, 0, 0, 0, 1, 1], 'G': [0, 0, 0, 0, 0, 0, 1, 1, 0, 1], 'H': [1, 1, 0, 1, 0, 0, 1, 0, 0, 0], 'I': [1, 0, 1, 0, 0, 0, 0, 0, 0, 0], 'J': [0, 0, 0, 0, 0, 0, 1, 1, 1, 0]}, '校医院西': {'A': [0, 1, 0, 1, 1, 1, 1, 1, 1, 0], 'B': [1, 1, 1, 1, 0, 1, 0, 1, 1, 1], 'C': [0, 1, 0, 1, 1, 0, 1, 1, 0, 1], 'D': [1, 1, 1, 1, 1, 0, 1, 1, 1, 1], 'E': [1, 1, 0, 1, 1, 1, 1, 1, 1, 1], 'F': [1, 0, 1, 1, 1, 1, 1, 1, 1, 1], 'G': [0, 0, 0, 0, 0, 1, 0, 1, 1, 1], 'H': [0, 0, 0, 0, 0, 1, 0, 0, 0, 0], 'I': [0, 0, 0, 1, 0, 0, 0, 0, 0, 0]}}
624237	2024-07-13 21:21:20.770000+08:00	2024-07-13 21:21:20.770000+08:00	{'东门北侧': {'A': [1, 1, 1, 1, 1, 0, 1, 0, 1, 1], 'B': [1, 1, 1, 1, 1, 1, 1, 1, 1, 1], 'C': [1, 1, 0, 1, 1, 0, 1, 0, 1, 0], 'D': [1, 0, 1, 1, 1, 1, 0, 1, 0, 0], 'E': [1, 0, 1, 1, 1, 0, 1, 1, 1, 1], 'F': [1, 1, 1, 1, 1, 1, 1, 1, 1, 1], 'G': [1, 1, 1, 1, 1, 1, 1, 1, 0, 0], 'H': [1, 1, 1, 1, 1, 1, 0, 1, 0, 1], 'I': [1, 1, 1, 1, 1, 1, 0, 1, 1, 1], 'J': [1, 1, 0, 1, 0, 0, 1, 1, 1, 0], 'K': [1, 1, 1, 0, 1, 1, 1, 1, 1, 0]}, '东门南侧': {'A': [0, 1, 1, 1, 0, 1, 0, 0, 0, 1], 'B': [0, 0, 0, 0, 0, 0, 0, 0, 0, 0]}, '西门北侧': {'A': [1, 1, 0, 1, 1, 1, 1, 1, 1, 0], 'B': [1, 1, 1, 1, 0, 1, 1, 1, 1, 0], 'C': [1, 1, 1, 1, 0, 1, 1, 0, 0, 1]}, '西门南侧': {'A': [0, 1, 1, 1, 1, 1, 1, 0, 1, 1], 'B': [1, 1, 1, 1, 1, 1, 1, 1, 1, 1], 'C': [1, 1, 1, 1, 0, 0, 1, 1, 1, 1]}, '南门西侧': {'A': [1, 1, 1, 1, 1, 1, 1, 1, 1, 1], 'B': [0, 0, 0, 0, 0, 0, 0, 0, 1, 1]}, '南门东侧': {'A': [1, 0, 0, 1, 0, 1, 1, 1, 1, 1], 'B': [1, 1, 1, 1, 1, 1, 1, 1, 1, 1]}, '北门东北侧': {'A': [1, 1, 1, 1, 1, 1, 1, 1, 1, 1], 'B': [0, 0, 0, 1, 1, 0, 1, 1, 0, 0], 'C': [1, 0, 1, 1, 0, 0, 1, 1, 1, 0], 'D': [0, 0, 0, 0, 0, 0, 0, 0, 0, 0]}, '北门东南侧': {'A': [1, 1, 1, 0, 1, 0, 1, 1, 0, 1], 'B': [0, 1, 0, 0, 1, 0, 0, 0, 0, 1], 'C': [1, 0, 1, 0, 0, 0, 0, 0, 0, 0], 'D': [0, 0, 0, 0, 0, 0, 0, 0, 0, 0], 'E': [0, 0, 0, 1, 0, 0, 0, 0, 0, 0], 'F': [1, 1, 1, 1, 0, 1, 1, 0, 1, 1]}, '橘园北侧南': {'A': [0, 1, 1, 0, 1, 0, 0, 1, 1, 1], 'B': [0, 1, 1, 1, 1, 0, 0, 0, 1, 1], 'C': [1, 0, 1, 1, 1, 1, 0, 0, 1, 0], 'D': [1, 1, 1, 1, 1, 0, 0, 1, 1, 1], 'E': [0, 1, 1, 0, 1, 0, 1, 0, 1, 0], 'F': [0, 0, 0, 0, 1, 0, 0, 0, 1, 1], 'G': [0, 0, 0, 0, 0, 0, 1, 1, 0, 1], 'H': [1, 1, 0, 1, 0, 0, 1, 0, 0, 0], 'I': [1, 0, 1, 0, 0, 0, 0, 0, 0, 0], 'J': [0, 0, 0, 0, 0, 0, 1, 1, 1, 0]}, '校医院西': {'A': [0, 1, 0, 1, 1, 1, 1, 1, 1, 0], 'B': [1, 1, 1, 1, 0, 1, 0, 1, 1, 1], 'C': [0, 1, 0, 1, 1, 0, 1, 1, 0, 1], 'D': [1, 1, 1, 1, 1, 0, 1, 1, 1, 1], 'E': [1, 1, 0, 1, 1, 1, 1, 1, 1, 1], 'F': [1, 0, 1, 1, 1, 1, 1, 1, 1, 1], 'G': [0, 0, 0, 0, 0, 1, 0, 1, 1, 1], 'H': [0, 0, 0, 0, 0, 1, 0, 0, 0, 0], 'I': [0, 0, 0, 1, 0, 0, 0, 0, 0, 0]}}
624238	2024-07-13 21:22:20.031000+08:00	2024-07-13 21:22:20.031000+08:00	{'东门北侧': {'A': [1, 1, 1, 1, 1, 0, 1, 0, 1, 1], 'B': [1, 1, 1, 1, 1, 1, 1, 1, 1, 1], 'C': [1, 1, 0, 1, 1, 0, 1, 0, 1, 0], 'D': [1, 0, 1, 1, 1, 1, 0, 1, 0, 0], 'E': [1, 0, 1, 1, 1, 0, 1, 1, 1, 1], 'F': [1, 1, 1, 1, 1, 1, 1, 1, 1, 1], 'G': [1, 1, 1, 1, 1, 1, 1, 1, 0, 0], 'H': [1, 1, 1, 1, 1, 1, 0, 1, 0, 1], 'I': [1, 1, 1, 1, 1, 1, 0, 1, 1, 1], 'J': [1, 1, 0, 1, 0, 0, 1, 1, 1, 0], 'K': [1, 1, 1, 0, 1, 1, 1, 1, 1, 0]}, '东门南侧': {'A': [0, 1, 1, 1, 0, 1, 0, 0, 0, 1], 'B': [0, 0, 0, 0, 0, 0, 0, 0, 0, 0]}, '西门北侧': {'A': [1, 1, 0, 1, 1, 1, 1, 1, 1, 0], 'B': [1, 1, 1, 1, 0, 1, 1, 1, 1, 0], 'C': [1, 1, 1, 1, 0, 1, 1, 0, 0, 1]}, '西门南侧': {'A': [0, 1, 1, 1, 1, 1, 1, 0, 1, 1], 'B': [1, 1, 1, 1, 1, 1, 1, 1, 1, 1], 'C': [1, 1, 1, 1, 0, 0, 1, 1, 1, 1]}, '南门西侧': {'A': [1, 1, 1, 1, 1, 1, 1, 1, 1, 1], 'B': [0, 0, 0, 0, 0, 0, 0, 0, 1, 1]}, '南门东侧': {'A': [1, 0, 0, 1, 0, 1, 1, 1, 1, 1], 'B': [1, 1, 1, 1, 1, 1, 1, 1, 1, 1]}, '北门东北侧': {'A': [1, 1, 1, 1, 1, 1, 1, 1, 1, 1], 'B': [0, 0, 0, 1, 1, 0, 1, 1, 0, 0], 'C': [1, 0, 1, 1, 0, 0, 1, 1, 1, 0], 'D': [0, 0, 0, 0, 0, 0, 0, 0, 0, 0]}, '北门东南侧': {'A': [1, 1, 1, 0, 1, 0, 1, 1, 0, 1], 'B': [0, 1, 0, 0, 1, 0, 0, 0, 0, 1], 'C': [1, 0, 1, 0, 0, 0, 0, 0, 0, 0], 'D': [0, 0, 0, 0, 0, 0, 0, 0, 0, 0], 'E': [0, 0, 0, 1, 0, 0, 0, 0, 0, 0], 'F': [1, 1, 1, 1, 0, 1, 1, 0, 1, 1]}, '橘园北侧南': {'A': [0, 1, 1, 0, 1, 0, 0, 1, 1, 1], 'B': [0, 1, 1, 1, 1, 0, 0, 0, 1, 1], 'C': [1, 0, 1, 1, 1, 1, 0, 0, 1, 0], 'D': [1, 1, 1, 1, 1, 0, 0, 1, 1, 1], 'E': [0, 1, 1, 0, 1, 0, 1, 0, 1, 0], 'F': [0, 0, 0, 0, 1, 0, 0, 0, 1, 1], 'G': [0, 0, 0, 0, 0, 0, 1, 1, 0, 1], 'H': [1, 1, 0, 1, 0, 0, 1, 0, 0, 0], 'I': [1, 0, 1, 0, 0, 0, 0, 0, 0, 0], 'J': [0, 0, 0, 0, 0, 0, 1, 1, 1, 0]}, '校医院西': {'A': [0, 1, 0, 1, 1, 1, 1, 1, 1, 0], 'B': [1, 1, 1, 1, 0, 1, 0, 1, 1, 1], 'C': [0, 1, 0, 1, 1, 0, 1, 1, 0, 1], 'D': [1, 1, 1, 1, 1, 0, 1, 1, 1, 1], 'E': [1, 1, 0, 1, 1, 1, 1, 1, 1, 1], 'F': [1, 0, 1, 1, 1, 1, 1, 1, 1, 1], 'G': [0, 0, 0, 0, 0, 1, 0, 1, 1, 1], 'H': [0, 0, 0, 0, 0, 1, 0, 0, 0, 0], 'I': [0, 0, 0, 1, 0, 0, 0, 0, 0, 0]}}
624239	2024-07-13 21:24:23.178000+08:00	2024-07-13 21:24:23.178000+08:00	{'东门北侧': {'A': [1, 1, 1, 1, 1, 0, 1, 0, 1, 1], 'B': [1, 1, 1, 1, 1, 1, 1, 1, 1, 1], 'C': [1, 1, 0, 1, 1, 0, 1, 0, 1, 0], 'D': [1, 0, 1, 1, 1, 1, 0, 1, 0, 0], 'E': [1, 0, 1, 1, 1, 0, 1, 1, 1, 1], 'F': [1, 1, 1, 1, 1, 1, 1, 1, 1, 1], 'G': [1, 1, 1, 1, 1, 1, 1, 1, 0, 0], 'H': [1, 1, 1, 1, 1, 1, 0, 1, 0, 1], 'I': [1, 1, 1, 1, 1, 1, 0, 1, 1, 1], 'J': [1, 1, 0, 1, 0, 0, 1, 1, 1, 0], 'K': [1, 1, 1, 0, 1, 1, 1, 1, 1, 0]}, '东门南侧': {'A': [0, 1, 1, 1, 0, 1, 0, 0, 0, 1], 'B': [0, 0, 0, 0, 0, 0, 0, 0, 0, 0]}, '西门北侧': {'A': [1, 1, 0, 1, 1, 1, 1, 1, 1, 0], 'B': [1, 1, 1, 1, 0, 1, 1, 1, 1, 0], 'C': [1, 1, 1, 1, 0, 1, 1, 0, 0, 1]}, '西门南侧': {'A': [0, 1, 1, 1, 1, 1, 1, 0, 1, 1], 'B': [1, 1, 1, 1, 1, 1, 1, 1, 1, 1], 'C': [1, 1, 1, 1, 0, 0, 1, 1, 1, 1]}, '南门西侧': {'A': [1, 1, 1, 1, 1, 1, 1, 1, 1, 1], 'B': [0, 0, 0, 0, 0, 0, 0, 0, 1, 1]}, '南门东侧': {'A': [1, 0, 0, 1, 0, 1, 1, 1, 1, 1], 'B': [1, 1, 1, 1, 1, 1, 1, 1, 1, 1]}, '北门东北侧': {'A': [1, 1, 1, 1, 1, 1, 1, 1, 1, 1], 'B': [0, 0, 0, 1, 1, 0, 1, 1, 0, 0], 'C': [1, 0, 1, 1, 0, 0, 1, 1, 1, 0], 'D': [0, 0, 0, 0, 0, 0, 0, 0, 0, 0]}, '北门东南侧': {'A': [1, 1, 1, 0, 1, 0, 1, 1, 0, 1], 'B': [0, 1, 0, 0, 1, 0, 0, 0, 0, 1], 'C': [1, 0, 1, 0, 0, 0, 0, 0, 0, 0], 'D': [0, 0, 0, 0, 0, 0, 0, 0, 0, 0], 'E': [0, 0, 0, 1, 0, 0, 0, 0, 0, 0], 'F': [1, 1, 1, 1, 0, 1, 1, 0, 1, 1]}, '橘园北侧南': {'A': [0, 1, 1, 0, 1, 0, 0, 1, 1, 1], 'B': [0, 1, 1, 1, 1, 0, 0, 0, 1, 1], 'C': [1, 0, 1, 1, 1, 1, 0, 0, 1, 0], 'D': [1, 1, 1, 1, 1, 0, 0, 1, 1, 1], 'E': [0, 1, 1, 0, 1, 0, 1, 0, 1, 0], 'F': [0, 0, 0, 0, 1, 0, 0, 0, 1, 1], 'G': [0, 0, 0, 0, 0, 0, 1, 1, 0, 1], 'H': [1, 1, 0, 1, 0, 0, 1, 0, 0, 0], 'I': [1, 0, 1, 0, 0, 0, 0, 0, 0, 0], 'J': [0, 0, 0, 0, 0, 0, 1, 1, 1, 0]}, '校医院西': {'A': [0, 1, 0, 1, 1, 1, 1, 1, 1, 0], 'B': [1, 0, 1, 1, 0, 1, 0, 1, 1, 1], 'C': [0, 1, 0, 1, 1, 0, 1, 1, 0, 1], 'D': [1, 1, 1, 1, 1, 0, 1, 1, 1, 1], 'E': [1, 1, 0, 1, 1, 1, 1, 1, 1, 1], 'F': [1, 0, 1, 1, 1, 0, 1, 1, 1, 1], 'G': [0, 0, 0, 0, 0, 1, 0, 1, 1, 1], 'H': [0, 0, 0, 0, 0, 0, 0, 0, 0, 0], 'I': [0, 0, 0, 1, 0, 0, 0, 0, 0, 0]}}
624240	2024-07-13 21:25:18.795000+08:00	2024-07-13 21:25:18.795000+08:00	{'东门北侧': {'A': [1, 1, 1, 1, 1, 0, 1, 0, 1, 1], 'B': [1, 1, 1, 1, 1, 1, 1, 1, 1, 1], 'C': [1, 1, 0, 1, 1, 0, 1, 0, 1, 0], 'D': [1, 0, 1, 1, 1, 1, 0, 1, 0, 0], 'E': [1, 0, 1, 1, 1, 0, 1, 1, 1, 1], 'F': [1, 1, 1, 1, 1, 1, 1, 1, 1, 1], 'G': [1, 1, 1, 1, 1, 1, 1, 1, 0, 0], 'H': [1, 1, 1, 1, 1, 1, 0, 1, 0, 1], 'I': [1, 1, 1, 1, 1, 1, 0, 1, 1, 1], 'J': [1, 1, 0, 1, 0, 0, 1, 1, 1, 0], 'K': [1, 1, 1, 0, 1, 1, 1, 1, 1, 0]}, '东门南侧': {'A': [0, 1, 1, 1, 0, 1, 0, 0, 0, 1], 'B': [0, 0, 0, 0, 0, 0, 0, 0, 0, 0]}, '西门北侧': {'A': [1, 1, 0, 1, 1, 1, 1, 1, 1, 0], 'B': [1, 1, 1, 1, 0, 1, 1, 1, 1, 0], 'C': [1, 1, 1, 1, 0, 1, 1, 0, 0, 1]}, '西门南侧': {'A': [0, 1, 1, 1, 1, 1, 1, 0, 1, 1], 'B': [1, 1, 1, 1, 1, 1, 1, 1, 1, 1], 'C': [1, 1, 1, 1, 0, 0, 1, 1, 1, 1]}, '南门西侧': {'A': [1, 1, 1, 1, 1, 1, 1, 1, 1, 1], 'B': [0, 0, 0, 0, 0, 0, 0, 0, 1, 1]}, '南门东侧': {'A': [1, 0, 0, 1, 0, 1, 1, 1, 1, 1], 'B': [1, 1, 1, 1, 1, 1, 1, 1, 1, 1]}, '北门东北侧': {'A': [1, 1, 1, 1, 1, 1, 1, 1, 1, 1], 'B': [0, 0, 0, 1, 1, 0, 1, 1, 0, 0], 'C': [1, 0, 1, 1, 0, 0, 1, 1, 1, 0], 'D': [0, 0, 0, 0, 0, 0, 0, 0, 0, 0]}, '北门东南侧': {'A': [1, 1, 1, 0, 1, 0, 1, 1, 0, 1], 'B': [0, 1, 0, 0, 1, 0, 0, 0, 0, 1], 'C': [1, 0, 1, 0, 0, 0, 0, 0, 0, 0], 'D': [0, 0, 0, 0, 0, 0, 0, 0, 0, 0], 'E': [0, 0, 0, 1, 0, 0, 0, 0, 0, 0], 'F': [1, 1, 1, 1, 0, 1, 1, 0, 1, 1]}, '橘园北侧南': {'A': [0, 1, 1, 0, 1, 0, 0, 1, 1, 1], 'B': [0, 1, 1, 1, 1, 0, 0, 0, 1, 1], 'C': [1, 0, 1, 1, 1, 1, 0, 0, 1, 0], 'D': [1, 1, 1, 1, 1, 0, 0, 1, 1, 1], 'E': [0, 1, 1, 0, 1, 0, 1, 0, 1, 0], 'F': [0, 0, 0, 0, 1, 0, 0, 0, 1, 1], 'G': [0, 0, 0, 0, 0, 0, 1, 1, 0, 1], 'H': [1, 1, 0, 1, 0, 0, 1, 0, 0, 0], 'I': [1, 0, 1, 0, 0, 0, 0, 0, 0, 0], 'J': [0, 0, 0, 0, 0, 0, 1, 1, 1, 0]}, '校医院西': {'A': [0, 1, 0, 1, 1, 1, 1, 1, 1, 0], 'B': [1, 0, 1, 1, 0, 1, 0, 1, 1, 1], 'C': [0, 1, 0, 1, 1, 0, 1, 1, 0, 1], 'D': [1, 1, 1, 1, 1, 0, 1, 1, 1, 1], 'E': [1, 1, 0, 1, 1, 1, 1, 1, 1, 1], 'F': [1, 0, 1, 1, 1, 0, 1, 1, 1, 1], 'G': [0, 0, 0, 0, 0, 1, 0, 1, 1, 1], 'H': [0, 0, 0, 0, 0, 0, 0, 0, 0, 0], 'I': [0, 0, 0, 1, 0, 0, 0, 0, 0, 0]}}
624241	2024-07-13 21:26:25.143000+08:00	2024-07-13 21:26:25.143000+08:00	{'东门北侧': {'A': [1, 1, 1, 1, 1, 0, 1, 0, 1, 1], 'B': [1, 1, 1, 1, 1, 1, 1, 1, 1, 1], 'C': [1, 1, 0, 1, 1, 0, 1, 0, 1, 0], 'D': [1, 0, 1, 1, 1, 1, 0, 1, 0, 0], 'E': [1, 0, 1, 1, 1, 0, 1, 1, 1, 1], 'F': [1, 1, 1, 1, 1, 1, 1, 1, 1, 1], 'G': [1, 1, 1, 1, 1, 1, 1, 1, 0, 0], 'H': [1, 1, 1, 1, 1, 1, 0, 1, 0, 1], 'I': [1, 1, 1, 1, 1, 1, 0, 1, 1, 1], 'J': [1, 1, 0, 1, 0, 0, 1, 1, 1, 0], 'K': [1, 1, 1, 0, 1, 1, 1, 1, 1, 0]}, '东门南侧': {'A': [0, 1, 1, 1, 0, 1, 0, 0, 0, 1], 'B': [0, 0, 0, 0, 0, 0, 0, 0, 0, 0]}, '西门北侧': {'A': [1, 1, 0, 1, 1, 1, 1, 1, 1, 0], 'B': [1, 1, 1, 1, 0, 1, 1, 1, 1, 0], 'C': [1, 1, 1, 1, 0, 1, 1, 0, 0, 1]}, '西门南侧': {'A': [0, 1, 1, 1, 1, 1, 1, 0, 1, 1], 'B': [1, 1, 1, 1, 1, 1, 1, 1, 1, 1], 'C': [1, 1, 1, 1, 0, 0, 1, 1, 1, 1]}, '南门西侧': {'A': [1, 1, 1, 1, 1, 1, 1, 1, 1, 1], 'B': [0, 0, 0, 0, 0, 0, 0, 0, 1, 1]}, '南门东侧': {'A': [1, 0, 0, 1, 0, 1, 1, 1, 1, 1], 'B': [1, 1, 1, 1, 1, 1, 1, 1, 1, 1]}, '北门东北侧': {'A': [1, 1, 1, 1, 1, 1, 1, 1, 1, 1], 'B': [0, 0, 0, 1, 1, 0, 1, 1, 0, 0], 'C': [1, 0, 1, 1, 0, 0, 1, 1, 1, 0], 'D': [0, 0, 0, 0, 0, 0, 0, 0, 0, 0]}, '北门东南侧': {'A': [1, 1, 1, 0, 1, 0, 1, 1, 0, 1], 'B': [0, 1, 0, 0, 1, 0, 0, 0, 0, 1], 'C': [1, 0, 1, 0, 0, 0, 0, 0, 0, 0], 'D': [0, 0, 0, 0, 0, 0, 0, 0, 0, 0], 'E': [0, 0, 0, 1, 0, 0, 0, 0, 0, 0], 'F': [1, 1, 1, 1, 0, 1, 1, 0, 1, 1]}, '橘园北侧南': {'A': [0, 1, 1, 0, 1, 0, 0, 1, 1, 1], 'B': [0, 1, 1, 1, 1, 0, 0, 0, 1, 1], 'C': [1, 0, 1, 1, 1, 1, 0, 0, 1, 0], 'D': [1, 1, 1, 1, 1, 0, 0, 1, 1, 1], 'E': [0, 1, 1, 0, 1, 0, 1, 0, 1, 0], 'F': [0, 0, 0, 0, 1, 0, 0, 0, 1, 1], 'G': [0, 0, 0, 0, 0, 0, 1, 1, 1, 1], 'H': [1, 1, 0, 1, 0, 0, 1, 0, 0, 0], 'I': [1, 0, 1, 0, 0, 0, 0, 0, 0, 0], 'J': [0, 0, 0, 0, 0, 0, 1, 1, 1, 0]}, '校医院西': {'A': [0, 1, 0, 1, 1, 1, 1, 1, 1, 0], 'B': [1, 0, 1, 1, 0, 1, 0, 1, 1, 1], 'C': [0, 1, 0, 1, 1, 0, 1, 1, 0, 1], 'D': [1, 1, 1, 1, 1, 0, 1, 1, 1, 1], 'E': [1, 1, 0, 1, 1, 1, 1, 1, 1, 1], 'F': [1, 0, 1, 1, 1, 0, 1, 1, 1, 1], 'G': [0, 0, 0, 0, 0, 1, 0, 1, 1, 1], 'H': [0, 0, 0, 0, 0, 0, 0, 0, 0, 0], 'I': [0, 0, 0, 1, 0, 0, 0, 0, 0, 0]}}
624242	2024-07-13 21:27:22.913000+08:00	2024-07-13 21:27:22.913000+08:00	{'东门北侧': {'A': [1, 1, 1, 1, 1, 0, 1, 0, 1, 1], 'B': [1, 1, 1, 1, 1, 1, 1, 1, 1, 1], 'C': [1, 1, 0, 1, 1, 0, 1, 0, 1, 0], 'D': [1, 0, 1, 1, 1, 1, 0, 1, 0, 0], 'E': [1, 0, 1, 1, 1, 0, 1, 1, 1, 1], 'F': [1, 1, 1, 1, 1, 1, 1, 1, 1, 1], 'G': [1, 1, 1, 1, 1, 1, 1, 1, 0, 0], 'H': [1, 1, 1, 1, 1, 1, 0, 1, 0, 1], 'I': [1, 1, 1, 1, 1, 1, 0, 1, 1, 1], 'J': [1, 1, 0, 1, 0, 0, 1, 1, 1, 0], 'K': [1, 1, 1, 0, 1, 1, 1, 1, 1, 0]}, '东门南侧': {'A': [0, 1, 1, 1, 0, 1, 0, 0, 0, 1], 'B': [0, 0, 0, 0, 0, 0, 0, 0, 0, 0]}, '西门北侧': {'A': [1, 1, 0, 1, 1, 1, 1, 1, 1, 1], 'B': [1, 1, 1, 1, 0, 1, 1, 1, 1, 0], 'C': [1, 1, 1, 1, 0, 1, 1, 0, 0, 1]}, '西门南侧': {'A': [0, 1, 1, 1, 1, 1, 1, 0, 1, 1], 'B': [1, 1, 1, 1, 1, 1, 1, 1, 1, 1], 'C': [1, 1, 1, 1, 0, 0, 1, 1, 1, 1]}, '南门西侧': {'A': [1, 1, 1, 1, 1, 1, 1, 1, 1, 1], 'B': [0, 0, 0, 0, 0, 0, 0, 0, 1, 1]}, '南门东侧': {'A': [1, 0, 0, 1, 0, 1, 1, 1, 1, 1], 'B': [1, 1, 1, 1, 1, 1, 1, 1, 1, 1]}, '北门东北侧': {'A': [1, 1, 1, 1, 1, 1, 1, 1, 1, 1], 'B': [0, 0, 0, 1, 1, 0, 1, 1, 0, 0], 'C': [1, 0, 1, 1, 0, 0, 1, 1, 1, 0], 'D': [0, 0, 0, 0, 0, 0, 0, 0, 0, 0]}, '北门东南侧': {'A': [1, 1, 1, 0, 1, 0, 1, 1, 0, 1], 'B': [0, 1, 0, 0, 1, 0, 0, 0, 0, 1], 'C': [1, 0, 1, 0, 0, 0, 0, 0, 0, 0], 'D': [0, 0, 0, 0, 0, 0, 0, 0, 0, 0], 'E': [0, 0, 0, 1, 0, 0, 0, 0, 0, 0], 'F': [1, 1, 1, 1, 0, 1, 1, 0, 1, 1]}, '橘园北侧南': {'A': [0, 1, 1, 0, 1, 0, 0, 1, 1, 1], 'B': [0, 1, 1, 1, 1, 0, 0, 0, 1, 1], 'C': [1, 0, 1, 1, 1, 1, 0, 0, 1, 0], 'D': [1, 1, 1, 1, 1, 0, 0, 1, 1, 1], 'E': [0, 1, 1, 0, 1, 0, 1, 0, 1, 0], 'F': [0, 0, 0, 0, 1, 0, 0, 0, 1, 1], 'G': [0, 0, 0, 0, 0, 0, 1, 1, 1, 1], 'H': [1, 1, 0, 1, 0, 0, 1, 0, 0, 0], 'I': [1, 0, 1, 0, 0, 0, 0, 0, 0, 0], 'J': [0, 0, 0, 0, 0, 0, 1, 1, 1, 0]}, '校医院西': {'A': [0, 1, 0, 1, 1, 1, 1, 1, 1, 0], 'B': [1, 0, 1, 1, 0, 1, 0, 1, 1, 1], 'C': [0, 1, 0, 1, 1, 0, 1, 1, 0, 1], 'D': [1, 1, 1, 1, 1, 0, 1, 1, 1, 1], 'E': [1, 1, 0, 1, 1, 1, 1, 1, 1, 1], 'F': [1, 0, 1, 1, 1, 0, 1, 1, 1, 1], 'G': [0, 0, 0, 0, 0, 1, 0, 1, 1, 1], 'H': [0, 0, 0, 0, 0, 0, 0, 0, 0, 0], 'I': [0, 0, 0, 1, 0, 0, 0, 0, 0, 0]}}
624243	2024-07-13 21:28:21.013000+08:00	2024-07-13 21:28:21.013000+08:00	{'东门北侧': {'A': [1, 1, 1, 1, 1, 0, 1, 0, 1, 1], 'B': [1, 1, 1, 1, 1, 1, 1, 1, 1, 1], 'C': [1, 1, 0, 1, 1, 0, 1, 0, 1, 0], 'D': [1, 0, 1, 1, 1, 1, 0, 1, 0, 0], 'E': [1, 0, 1, 1, 1, 0, 1, 1, 1, 1], 'F': [1, 1, 1, 1, 1, 1, 1, 1, 1, 1], 'G': [1, 1, 1, 1, 1, 1, 1, 1, 0, 0], 'H': [1, 1, 1, 1, 1, 1, 0, 1, 0, 1], 'I': [1, 1, 1, 1, 1, 1, 0, 1, 1, 1], 'J': [1, 1, 0, 1, 0, 0, 1, 1, 1, 0], 'K': [1, 1, 1, 0, 1, 1, 1, 1, 1, 0]}, '东门南侧': {'A': [0, 1, 1, 1, 0, 1, 0, 0, 0, 1], 'B': [0, 0, 0, 0, 0, 0, 0, 0, 0, 0]}, '西门北侧': {'A': [1, 1, 0, 1, 1, 1, 1, 1, 1, 1], 'B': [1, 1, 1, 1, 0, 1, 1, 1, 1, 0], 'C': [1, 1, 1, 1, 0, 1, 1, 0, 0, 1]}, '西门南侧': {'A': [0, 1, 1, 1, 1, 1, 1, 0, 1, 1], 'B': [1, 1, 1, 1, 1, 1, 1, 1, 1, 1], 'C': [1, 1, 1, 1, 0, 0, 1, 1, 1, 1]}, '南门西侧': {'A': [1, 1, 1, 1, 1, 1, 1, 1, 1, 1], 'B': [0, 0, 0, 0, 0, 0, 0, 0, 1, 1]}, '南门东侧': {'A': [1, 0, 0, 1, 0, 1, 1, 1, 1, 1], 'B': [1, 1, 1, 1, 1, 1, 1, 1, 1, 1]}, '北门东北侧': {'A': [1, 1, 1, 1, 1, 1, 1, 1, 1, 1], 'B': [0, 0, 0, 1, 1, 0, 1, 1, 0, 0], 'C': [1, 0, 1, 1, 0, 0, 1, 1, 1, 0], 'D': [0, 0, 0, 0, 0, 0, 0, 0, 0, 0]}, '北门东南侧': {'A': [1, 1, 1, 0, 1, 0, 1, 1, 0, 1], 'B': [0, 1, 0, 0, 1, 0, 0, 0, 0, 1], 'C': [1, 0, 1, 0, 0, 0, 0, 0, 0, 0], 'D': [0, 0, 0, 0, 0, 0, 0, 0, 0, 0], 'E': [0, 0, 0, 1, 0, 0, 0, 0, 0, 0], 'F': [1, 1, 1, 1, 0, 1, 1, 0, 1, 1]}, '橘园北侧南': {'A': [0, 1, 1, 0, 1, 0, 0, 1, 1, 1], 'B': [0, 1, 1, 1, 1, 0, 0, 0, 1, 1], 'C': [1, 0, 1, 1, 1, 1, 0, 0, 1, 0], 'D': [1, 1, 1, 1, 1, 0, 0, 1, 1, 1], 'E': [0, 1, 1, 0, 1, 0, 1, 0, 1, 0], 'F': [0, 0, 0, 0, 1, 0, 0, 0, 1, 1], 'G': [0, 0, 0, 0, 0, 0, 1, 1, 1, 1], 'H': [1, 1, 0, 1, 0, 0, 1, 0, 0, 0], 'I': [1, 0, 1, 0, 0, 0, 0, 0, 0, 0], 'J': [0, 0, 0, 0, 0, 0, 1, 1, 1, 0]}, '校医院西': {'A': [0, 1, 0, 1, 1, 1, 1, 1, 1, 0], 'B': [1, 0, 1, 1, 0, 1, 0, 1, 1, 1], 'C': [0, 1, 0, 1, 1, 0, 1, 1, 0, 1], 'D': [1, 1, 1, 1, 1, 0, 1, 1, 1, 1], 'E': [1, 1, 0, 1, 1, 1, 1, 1, 1, 1], 'F': [1, 0, 1, 1, 1, 0, 1, 1, 1, 1], 'G': [0, 0, 0, 0, 0, 1, 0, 1, 1, 1], 'H': [0, 0, 0, 0, 0, 0, 0, 0, 0, 0], 'I': [0, 0, 0, 1, 0, 0, 0, 0, 0, 0]}}
624244	2024-07-13 21:29:21.165000+08:00	2024-07-13 21:29:21.165000+08:00	{'东门北侧': {'A': [1, 1, 1, 1, 1, 0, 1, 0, 1, 1], 'B': [1, 1, 1, 1, 1, 1, 1, 1, 1, 1], 'C': [1, 1, 0, 1, 1, 0, 1, 0, 1, 0], 'D': [1, 0, 1, 1, 1, 1, 0, 1, 0, 0], 'E': [1, 0, 1, 1, 1, 0, 1, 1, 1, 1], 'F': [1, 1, 1, 1, 1, 1, 1, 1, 1, 1], 'G': [1, 1, 1, 1, 1, 1, 1, 1, 0, 0], 'H': [1, 1, 1, 1, 1, 1, 0, 1, 0, 1], 'I': [1, 1, 1, 1, 1, 1, 0, 1, 1, 1], 'J': [1, 1, 0, 1, 0, 0, 1, 1, 1, 0], 'K': [1, 1, 1, 0, 1, 1, 1, 1, 1, 0]}, '东门南侧': {'A': [0, 1, 1, 1, 0, 1, 0, 0, 0, 1], 'B': [0, 0, 0, 0, 0, 0, 0, 0, 0, 0]}, '西门北侧': {'A': [1, 1, 0, 1, 1, 1, 1, 1, 1, 1], 'B': [1, 1, 1, 1, 0, 1, 1, 1, 1, 0], 'C': [1, 1, 1, 1, 0, 1, 1, 0, 0, 1]}, '西门南侧': {'A': [0, 1, 1, 1, 1, 1, 1, 0, 1, 1], 'B': [1, 1, 1, 1, 1, 1, 1, 1, 1, 1], 'C': [1, 1, 1, 1, 0, 0, 1, 1, 1, 1]}, '南门西侧': {'A': [1, 1, 1, 1, 1, 1, 1, 1, 1, 1], 'B': [0, 0, 0, 0, 0, 0, 0, 0, 1, 1]}, '南门东侧': {'A': [1, 0, 0, 1, 0, 1, 1, 1, 1, 1], 'B': [1, 1, 1, 1, 1, 1, 1, 1, 1, 1]}, '北门东北侧': {'A': [1, 1, 1, 1, 1, 1, 1, 1, 1, 1], 'B': [0, 0, 0, 1, 1, 0, 1, 1, 0, 0], 'C': [1, 0, 1, 1, 0, 0, 1, 1, 1, 0], 'D': [0, 0, 0, 0, 0, 0, 0, 0, 0, 0]}, '北门东南侧': {'A': [1, 1, 1, 0, 1, 0, 1, 1, 0, 1], 'B': [0, 1, 0, 0, 1, 0, 0, 0, 0, 1], 'C': [1, 0, 1, 0, 0, 0, 0, 0, 0, 0], 'D': [0, 0, 0, 0, 0, 0, 0, 0, 0, 0], 'E': [0, 0, 0, 1, 0, 0, 0, 0, 0, 0], 'F': [1, 1, 1, 1, 0, 1, 1, 0, 1, 1]}, '橘园北侧南': {'A': [0, 1, 1, 0, 1, 0, 0, 1, 1, 1], 'B': [0, 1, 1, 1, 1, 0, 0, 0, 1, 1], 'C': [1, 0, 1, 1, 1, 1, 0, 0, 1, 0], 'D': [1, 1, 1, 1, 1, 0, 0, 1, 1, 1], 'E': [0, 1, 1, 0, 1, 0, 1, 0, 1, 0], 'F': [0, 0, 0, 0, 1, 0, 0, 0, 1, 1], 'G': [0, 0, 0, 0, 0, 0, 1, 1, 1, 1], 'H': [1, 1, 0, 1, 0, 0, 1, 0, 0, 0], 'I': [1, 0, 1, 0, 0, 0, 0, 0, 0, 0], 'J': [0, 0, 0, 0, 0, 0, 1, 1, 1, 0]}, '校医院西': {'A': [0, 1, 0, 1, 1, 1, 1, 1, 1, 0], 'B': [1, 0, 1, 1, 0, 1, 0, 1, 1, 1], 'C': [0, 1, 0, 1, 1, 0, 1, 1, 0, 1], 'D': [1, 1, 1, 1, 1, 0, 1, 1, 1, 1], 'E': [1, 1, 0, 1, 1, 1, 1, 1, 1, 1], 'F': [1, 0, 1, 1, 1, 0, 1, 1, 1, 1], 'G': [0, 0, 0, 0, 0, 1, 0, 1, 1, 1], 'H': [0, 0, 0, 0, 0, 0, 0, 0, 0, 0], 'I': [0, 0, 0, 1, 0, 0, 0, 0, 0, 0]}}
624245	2024-07-13 21:30:19.519000+08:00	2024-07-13 21:30:19.519000+08:00	{'东门北侧': {'A': [1, 1, 1, 1, 1, 0, 1, 0, 1, 1], 'B': [1, 1, 1, 1, 1, 1, 1, 1, 1, 1], 'C': [1, 1, 0, 1, 1, 0, 1, 0, 1, 0], 'D': [1, 0, 1, 1, 1, 1, 0, 1, 0, 0], 'E': [1, 0, 1, 1, 1, 0, 1, 1, 1, 1], 'F': [1, 1, 1, 1, 1, 1, 1, 1, 1, 1], 'G': [1, 1, 1, 1, 1, 1, 1, 1, 0, 0], 'H': [1, 1, 1, 1, 1, 1, 0, 1, 0, 1], 'I': [1, 1, 1, 1, 1, 1, 0, 1, 1, 1], 'J': [1, 1, 0, 1, 0, 0, 1, 1, 1, 0], 'K': [1, 1, 1, 0, 1, 1, 1, 1, 1, 0]}, '东门南侧': {'A': [0, 1, 1, 1, 0, 1, 0, 0, 0, 1], 'B': [0, 0, 0, 0, 0, 0, 0, 0, 0, 0]}, '西门北侧': {'A': [1, 1, 0, 1, 1, 1, 1, 1, 1, 1], 'B': [1, 1, 1, 1, 0, 1, 1, 1, 1, 0], 'C': [1, 1, 1, 1, 0, 1, 1, 0, 0, 1]}, '西门南侧': {'A': [0, 1, 1, 1, 1, 1, 1, 0, 1, 1], 'B': [1, 1, 1, 1, 1, 1, 1, 1, 1, 1], 'C': [1, 1, 1, 1, 0, 0, 1, 1, 1, 1]}, '南门西侧': {'A': [1, 1, 1, 1, 1, 1, 1, 1, 1, 1], 'B': [0, 0, 0, 0, 0, 0, 0, 0, 1, 1]}, '南门东侧': {'A': [1, 0, 0, 1, 0, 1, 1, 1, 1, 1], 'B': [1, 1, 1, 1, 1, 1, 1, 1, 1, 1]}, '北门东北侧': {'A': [1, 1, 1, 1, 1, 1, 1, 1, 1, 1], 'B': [0, 0, 0, 1, 1, 0, 1, 1, 0, 0], 'C': [1, 0, 1, 1, 0, 0, 1, 1, 1, 0], 'D': [0, 0, 0, 0, 0, 0, 0, 0, 0, 0]}, '北门东南侧': {'A': [1, 1, 1, 0, 1, 0, 1, 1, 0, 1], 'B': [0, 1, 0, 0, 1, 0, 0, 0, 0, 1], 'C': [1, 0, 1, 0, 0, 0, 0, 0, 0, 0], 'D': [0, 0, 0, 0, 0, 1, 0, 0, 0, 0], 'E': [0, 0, 0, 1, 0, 0, 0, 0, 0, 0], 'F': [1, 1, 1, 1, 0, 1, 1, 0, 1, 1]}, '橘园北侧南': {'A': [0, 1, 1, 0, 1, 0, 0, 1, 1, 1], 'B': [0, 1, 1, 1, 1, 0, 0, 0, 1, 1], 'C': [1, 0, 1, 1, 1, 1, 0, 0, 1, 0], 'D': [1, 1, 1, 1, 1, 0, 0, 1, 1, 1], 'E': [0, 1, 1, 0, 1, 0, 1, 0, 1, 0], 'F': [0, 0, 0, 0, 1, 0, 0, 0, 1, 1], 'G': [0, 0, 0, 0, 0, 0, 1, 1, 1, 1], 'H': [1, 1, 0, 1, 0, 0, 1, 0, 0, 0], 'I': [1, 0, 1, 0, 0, 0, 0, 0, 0, 0], 'J': [0, 0, 0, 0, 0, 0, 1, 1, 1, 0]}, '校医院西': {'A': [0, 1, 0, 1, 1, 1, 1, 1, 1, 0], 'B': [1, 0, 1, 1, 0, 1, 0, 1, 1, 1], 'C': [0, 1, 0, 1, 1, 0, 1, 1, 0, 1], 'D': [1, 1, 1, 1, 1, 0, 1, 1, 1, 1], 'E': [1, 1, 0, 1, 1, 1, 1, 1, 1, 1], 'F': [1, 0, 1, 1, 1, 0, 1, 1, 1, 1], 'G': [0, 0, 0, 0, 0, 1, 0, 1, 1, 1], 'H': [0, 0, 0, 0, 0, 0, 0, 0, 0, 0], 'I': [0, 0, 0, 1, 0, 0, 0, 0, 0, 0]}}
624246	2024-07-13 21:31:21.605000+08:00	2024-07-13 21:31:21.605000+08:00	{'东门北侧': {'A': [1, 1, 1, 1, 1, 0, 1, 0, 1, 1], 'B': [1, 1, 1, 1, 1, 1, 1, 1, 1, 1], 'C': [1, 1, 0, 1, 1, 0, 1, 0, 1, 0], 'D': [1, 0, 1, 1, 1, 1, 0, 1, 0, 0], 'E': [1, 0, 1, 1, 1, 0, 1, 1, 1, 1], 'F': [1, 1, 1, 1, 1, 1, 1, 1, 1, 1], 'G': [1, 1, 1, 1, 1, 1, 1, 1, 0, 0], 'H': [1, 1, 1, 1, 1, 1, 0, 1, 0, 1], 'I': [1, 1, 1, 1, 1, 1, 0, 1, 1, 1], 'J': [1, 1, 0, 1, 0, 0, 1, 1, 1, 0], 'K': [1, 1, 1, 0, 1, 1, 1, 1, 1, 0]}, '东门南侧': {'A': [0, 1, 1, 1, 0, 1, 0, 0, 0, 1], 'B': [0, 0, 0, 0, 0, 0, 0, 0, 0, 0]}, '西门北侧': {'A': [1, 1, 0, 1, 1, 1, 1, 1, 1, 1], 'B': [1, 1, 1, 1, 0, 1, 1, 1, 1, 0], 'C': [1, 1, 1, 1, 0, 1, 1, 0, 0, 1]}, '西门南侧': {'A': [0, 1, 1, 1, 1, 1, 1, 0, 1, 1], 'B': [1, 1, 1, 1, 1, 1, 1, 1, 1, 1], 'C': [1, 1, 1, 1, 0, 0, 1, 1, 1, 1]}, '南门西侧': {'A': [1, 1, 1, 1, 1, 1, 1, 1, 1, 1], 'B': [0, 0, 0, 0, 0, 0, 0, 0, 1, 1]}, '南门东侧': {'A': [1, 0, 0, 1, 0, 1, 1, 1, 1, 1], 'B': [1, 1, 1, 1, 1, 1, 1, 1, 1, 1]}, '北门东北侧': {'A': [1, 1, 1, 1, 1, 1, 1, 1, 1, 1], 'B': [0, 0, 0, 1, 1, 0, 1, 1, 0, 0], 'C': [1, 0, 1, 1, 0, 0, 1, 1, 1, 0], 'D': [0, 0, 0, 0, 0, 0, 0, 0, 0, 0]}, '北门东南侧': {'A': [1, 1, 1, 0, 1, 0, 1, 1, 0, 1], 'B': [0, 1, 0, 0, 1, 0, 0, 0, 0, 1], 'C': [1, 0, 1, 0, 0, 0, 0, 0, 0, 0], 'D': [0, 0, 0, 0, 0, 1, 0, 0, 0, 0], 'E': [0, 0, 0, 1, 0, 0, 0, 0, 0, 0], 'F': [1, 1, 1, 1, 0, 1, 1, 0, 1, 1]}, '橘园北侧南': {'A': [0, 1, 1, 0, 1, 0, 0, 1, 1, 1], 'B': [0, 1, 1, 1, 1, 0, 0, 0, 1, 1], 'C': [1, 0, 1, 1, 1, 1, 0, 0, 1, 0], 'D': [1, 1, 1, 1, 1, 0, 0, 1, 1, 1], 'E': [0, 1, 1, 0, 1, 0, 1, 0, 1, 0], 'F': [0, 0, 0, 0, 1, 0, 0, 0, 1, 1], 'G': [0, 0, 0, 0, 0, 0, 1, 1, 1, 1], 'H': [1, 1, 0, 1, 0, 0, 1, 0, 0, 0], 'I': [1, 0, 1, 0, 0, 0, 0, 0, 0, 0], 'J': [0, 0, 0, 0, 0, 0, 1, 1, 1, 0]}, '校医院西': {'A': [0, 1, 0, 1, 1, 1, 1, 1, 1, 0], 'B': [1, 0, 1, 1, 0, 1, 0, 1, 1, 1], 'C': [0, 1, 0, 1, 1, 0, 1, 1, 0, 1], 'D': [1, 1, 1, 1, 1, 0, 1, 1, 1, 1], 'E': [1, 1, 0, 1, 1, 1, 1, 1, 1, 1], 'F': [1, 0, 1, 1, 1, 0, 1, 1, 1, 1], 'G': [0, 0, 0, 0, 0, 1, 0, 1, 1, 1], 'H': [0, 0, 0, 0, 0, 0, 0, 0, 0, 0], 'I': [0, 0, 0, 1, 0, 0, 0, 0, 0, 0]}}
624247	2024-07-13 21:32:23.372000+08:00	2024-07-13 21:32:23.372000+08:00	{'东门北侧': {'A': [1, 1, 1, 1, 1, 0, 1, 0, 1, 1], 'B': [1, 1, 1, 1, 1, 1, 1, 1, 1, 1], 'C': [1, 1, 0, 1, 1, 0, 1, 0, 1, 0], 'D': [1, 0, 1, 1, 1, 1, 0, 1, 0, 0], 'E': [1, 0, 1, 1, 1, 0, 1, 1, 1, 1], 'F': [1, 1, 1, 1, 1, 1, 1, 1, 1, 1], 'G': [1, 1, 1, 1, 1, 1, 1, 1, 0, 0], 'H': [1, 1, 1, 1, 1, 1, 0, 1, 0, 1], 'I': [1, 1, 1, 1, 1, 1, 0, 1, 1, 1], 'J': [1, 1, 0, 1, 0, 0, 1, 1, 1, 0], 'K': [1, 1, 1, 0, 1, 1, 1, 1, 1, 0]}, '东门南侧': {'A': [0, 1, 1, 1, 0, 1, 0, 0, 0, 1], 'B': [0, 0, 0, 0, 0, 0, 0, 0, 0, 0]}, '西门北侧': {'A': [1, 1, 0, 1, 1, 1, 1, 1, 1, 1], 'B': [1, 1, 1, 1, 0, 1, 1, 1, 1, 0], 'C': [1, 1, 1, 1, 0, 1, 1, 0, 0, 1]}, '西门南侧': {'A': [0, 1, 1, 1, 1, 1, 1, 0, 1, 1], 'B': [1, 1, 1, 1, 1, 1, 1, 1, 1, 1], 'C': [1, 1, 1, 1, 0, 0, 1, 1, 1, 1]}, '南门西侧': {'A': [1, 1, 1, 1, 1, 1, 1, 1, 1, 1], 'B': [0, 0, 0, 0, 0, 0, 0, 0, 1, 1]}, '南门东侧': {'A': [1, 0, 0, 1, 0, 1, 1, 1, 1, 1], 'B': [1, 1, 1, 1, 1, 1, 1, 1, 1, 1]}, '北门东北侧': {'A': [1, 1, 1, 1, 1, 1, 1, 1, 1, 1], 'B': [0, 0, 0, 1, 1, 0, 1, 1, 0, 0], 'C': [1, 0, 1, 1, 0, 0, 1, 1, 1, 0], 'D': [0, 0, 0, 0, 0, 0, 0, 0, 0, 0]}, '北门东南侧': {'A': [1, 1, 1, 0, 1, 0, 1, 1, 0, 1], 'B': [0, 1, 0, 0, 1, 0, 0, 0, 0, 1], 'C': [1, 0, 1, 0, 0, 0, 0, 0, 0, 0], 'D': [0, 0, 0, 0, 0, 1, 0, 0, 0, 0], 'E': [0, 0, 0, 1, 0, 0, 0, 0, 0, 0], 'F': [1, 1, 1, 1, 0, 1, 1, 0, 1, 1]}, '橘园北侧南': {'A': [0, 1, 1, 0, 1, 0, 0, 1, 1, 1], 'B': [0, 1, 1, 1, 1, 0, 0, 0, 1, 1], 'C': [1, 0, 1, 1, 1, 1, 0, 0, 1, 0], 'D': [1, 1, 1, 1, 1, 0, 0, 1, 1, 1], 'E': [0, 1, 1, 0, 1, 0, 1, 0, 1, 0], 'F': [0, 0, 0, 0, 1, 0, 0, 0, 1, 1], 'G': [0, 0, 0, 0, 0, 0, 1, 1, 1, 1], 'H': [1, 1, 0, 1, 0, 0, 1, 0, 0, 0], 'I': [1, 0, 1, 0, 0, 0, 0, 0, 0, 0], 'J': [0, 0, 0, 0, 0, 0, 1, 1, 1, 0]}, '校医院西': {'A': [0, 1, 0, 1, 1, 1, 1, 1, 1, 0], 'B': [1, 0, 1, 1, 0, 1, 0, 1, 1, 1], 'C': [0, 1, 0, 1, 1, 0, 1, 1, 0, 1], 'D': [1, 1, 1, 1, 1, 0, 1, 1, 1, 1], 'E': [1, 1, 0, 1, 1, 1, 1, 1, 1, 1], 'F': [1, 0, 1, 1, 1, 0, 1, 1, 1, 1], 'G': [0, 0, 0, 0, 0, 1, 0, 1, 1, 1], 'H': [0, 0, 0, 0, 0, 0, 0, 0, 0, 0], 'I': [0, 0, 0, 1, 0, 0, 0, 0, 0, 0]}}
624248	2024-07-13 21:33:22.043000+08:00	2024-07-13 21:33:22.043000+08:00	{'东门北侧': {'A': [1, 1, 1, 1, 1, 0, 1, 0, 1, 1], 'B': [1, 1, 1, 1, 1, 1, 1, 1, 1, 1], 'C': [1, 1, 0, 1, 1, 0, 1, 0, 1, 0], 'D': [1, 0, 1, 1, 1, 1, 0, 1, 0, 0], 'E': [1, 0, 1, 1, 1, 0, 1, 1, 1, 1], 'F': [1, 1, 1, 1, 1, 1, 1, 1, 1, 1], 'G': [1, 1, 1, 1, 1, 1, 1, 1, 0, 0], 'H': [1, 1, 1, 1, 1, 1, 0, 1, 0, 1], 'I': [1, 1, 1, 1, 1, 1, 0, 1, 1, 1], 'J': [1, 1, 0, 1, 0, 0, 1, 1, 1, 0], 'K': [1, 1, 1, 0, 1, 1, 1, 1, 1, 0]}, '东门南侧': {'A': [0, 1, 1, 1, 0, 1, 0, 0, 0, 1], 'B': [0, 0, 0, 0, 0, 0, 0, 0, 0, 0]}, '西门北侧': {'A': [1, 1, 0, 1, 1, 1, 1, 1, 1, 1], 'B': [1, 1, 1, 1, 0, 1, 1, 1, 1, 0], 'C': [1, 1, 1, 1, 0, 1, 1, 0, 0, 1]}, '西门南侧': {'A': [0, 1, 1, 1, 1, 1, 1, 0, 1, 1], 'B': [1, 1, 1, 1, 1, 1, 1, 1, 1, 1], 'C': [1, 1, 0, 1, 0, 0, 1, 1, 1, 1]}, '南门西侧': {'A': [1, 1, 1, 1, 1, 1, 1, 1, 1, 1], 'B': [0, 0, 0, 0, 0, 0, 0, 0, 1, 1]}, '南门东侧': {'A': [1, 0, 0, 1, 0, 1, 1, 1, 1, 1], 'B': [1, 1, 1, 1, 1, 1, 1, 1, 1, 1]}, '北门东北侧': {'A': [1, 1, 1, 1, 1, 1, 1, 1, 1, 1], 'B': [0, 0, 0, 1, 1, 0, 1, 1, 0, 0], 'C': [1, 0, 1, 1, 0, 0, 1, 1, 1, 0], 'D': [0, 0, 0, 0, 0, 0, 0, 0, 0, 0]}, '北门东南侧': {'A': [1, 1, 1, 0, 1, 0, 1, 1, 0, 1], 'B': [0, 1, 0, 0, 1, 0, 0, 0, 0, 1], 'C': [1, 0, 1, 0, 0, 0, 0, 0, 0, 0], 'D': [0, 0, 0, 0, 0, 1, 0, 0, 0, 0], 'E': [0, 0, 0, 1, 0, 0, 0, 0, 0, 0], 'F': [1, 1, 1, 1, 0, 1, 1, 0, 1, 1]}, '橘园北侧南': {'A': [0, 1, 1, 0, 1, 0, 0, 1, 1, 1], 'B': [0, 1, 1, 1, 1, 0, 0, 0, 1, 1], 'C': [1, 0, 1, 1, 1, 1, 0, 0, 1, 0], 'D': [1, 1, 1, 1, 1, 0, 0, 1, 1, 1], 'E': [0, 1, 1, 0, 1, 0, 1, 0, 1, 0], 'F': [0, 0, 0, 0, 1, 0, 0, 0, 1, 1], 'G': [0, 0, 0, 0, 0, 0, 1, 1, 1, 1], 'H': [1, 1, 0, 1, 0, 0, 1, 0, 0, 0], 'I': [1, 0, 1, 0, 0, 0, 0, 0, 0, 0], 'J': [0, 0, 0, 0, 0, 0, 1, 1, 1, 0]}, '校医院西': {'A': [1, 1, 0, 1, 1, 1, 1, 1, 1, 0], 'B': [1, 0, 1, 1, 0, 1, 0, 1, 1, 1], 'C': [0, 1, 0, 1, 1, 0, 1, 1, 0, 1], 'D': [1, 1, 1, 1, 1, 0, 1, 1, 1, 1], 'E': [1, 1, 0, 1, 1, 1, 1, 1, 1, 1], 'F': [1, 0, 1, 1, 1, 0, 1, 1, 1, 1], 'G': [0, 0, 0, 0, 0, 1, 0, 1, 1, 1], 'H': [0, 0, 0, 0, 0, 0, 0, 0, 0, 0], 'I': [0, 0, 0, 1, 0, 0, 0, 0, 0, 0]}}
624249	2024-07-13 21:34:20.942000+08:00	2024-07-13 21:34:20.942000+08:00	{'东门北侧': {'A': [1, 1, 1, 1, 1, 0, 1, 0, 1, 1], 'B': [1, 1, 1, 1, 1, 1, 1, 1, 1, 1], 'C': [1, 1, 0, 1, 1, 0, 1, 0, 1, 0], 'D': [1, 0, 1, 1, 1, 1, 0, 1, 0, 0], 'E': [1, 0, 1, 1, 1, 0, 1, 1, 1, 1], 'F': [1, 1, 1, 1, 1, 1, 1, 1, 1, 1], 'G': [1, 1, 1, 1, 1, 1, 1, 1, 0, 0], 'H': [1, 1, 1, 1, 1, 1, 0, 1, 0, 1], 'I': [1, 1, 1, 1, 1, 1, 0, 1, 1, 1], 'J': [1, 1, 0, 1, 0, 0, 1, 1, 1, 0], 'K': [1, 1, 1, 0, 1, 1, 1, 1, 1, 0]}, '东门南侧': {'A': [0, 1, 1, 1, 0, 1, 0, 0, 0, 1], 'B': [0, 0, 0, 0, 0, 0, 0, 0, 0, 0]}, '西门北侧': {'A': [1, 1, 0, 1, 1, 1, 1, 1, 1, 1], 'B': [1, 1, 1, 1, 0, 1, 1, 1, 1, 0], 'C': [1, 1, 1, 1, 0, 1, 1, 0, 0, 1]}, '西门南侧': {'A': [0, 1, 1, 1, 1, 1, 1, 0, 1, 1], 'B': [1, 1, 1, 1, 1, 1, 1, 1, 1, 1], 'C': [1, 1, 0, 1, 0, 0, 1, 1, 1, 1]}, '南门西侧': {'A': [1, 1, 1, 1, 1, 1, 1, 1, 1, 1], 'B': [0, 0, 0, 0, 0, 0, 0, 0, 1, 1]}, '南门东侧': {'A': [1, 0, 0, 1, 0, 1, 1, 1, 1, 1], 'B': [1, 1, 1, 1, 1, 1, 1, 1, 1, 1]}, '北门东北侧': {'A': [1, 1, 1, 1, 1, 1, 1, 1, 1, 1], 'B': [0, 0, 0, 1, 1, 0, 1, 1, 0, 0], 'C': [1, 0, 1, 1, 0, 0, 1, 1, 1, 0], 'D': [0, 0, 0, 0, 0, 0, 0, 0, 0, 0]}, '北门东南侧': {'A': [1, 1, 1, 0, 1, 0, 1, 1, 0, 1], 'B': [0, 1, 0, 0, 1, 0, 0, 0, 0, 1], 'C': [1, 0, 1, 0, 0, 0, 0, 0, 0, 0], 'D': [0, 0, 0, 0, 0, 1, 0, 0, 0, 0], 'E': [0, 0, 0, 1, 0, 0, 0, 0, 0, 0], 'F': [1, 1, 1, 1, 0, 1, 1, 0, 1, 1]}, '橘园北侧南': {'A': [0, 1, 1, 0, 1, 0, 0, 1, 1, 1], 'B': [0, 1, 1, 1, 1, 0, 0, 0, 1, 1], 'C': [1, 0, 1, 1, 1, 1, 0, 0, 1, 0], 'D': [1, 1, 1, 1, 1, 0, 0, 0, 1, 1], 'E': [0, 1, 1, 0, 1, 0, 1, 0, 1, 0], 'F': [0, 0, 0, 0, 1, 0, 0, 0, 1, 1], 'G': [0, 0, 0, 0, 0, 0, 1, 1, 1, 1], 'H': [1, 1, 0, 1, 0, 0, 1, 0, 0, 0], 'I': [1, 0, 1, 0, 0, 0, 0, 0, 0, 0], 'J': [0, 0, 0, 0, 0, 0, 1, 1, 1, 0]}, '校医院西': {'A': [1, 1, 0, 1, 1, 1, 1, 1, 1, 0], 'B': [1, 0, 1, 1, 0, 1, 0, 1, 1, 1], 'C': [0, 1, 0, 1, 1, 0, 1, 1, 0, 1], 'D': [1, 1, 1, 1, 1, 0, 1, 1, 1, 1], 'E': [1, 1, 0, 1, 1, 1, 1, 1, 1, 1], 'F': [1, 0, 1, 1, 1, 0, 1, 1, 1, 1], 'G': [0, 0, 0, 0, 0, 1, 0, 1, 1, 1], 'H': [0, 0, 0, 0, 0, 0, 0, 0, 0, 0], 'I': [0, 0, 0, 1, 0, 0, 0, 0, 0, 0]}}
624250	2024-07-13 21:35:42.454000+08:00	2024-07-13 21:35:42.454000+08:00	{'东门北侧': {'A': [1, 1, 1, 1, 1, 0, 1, 0, 1, 1], 'B': [1, 1, 1, 1, 1, 1, 1, 1, 1, 1], 'C': [1, 1, 0, 1, 1, 0, 1, 0, 1, 0], 'D': [1, 0, 1, 1, 1, 1, 0, 1, 0, 0], 'E': [1, 0, 1, 1, 1, 0, 1, 1, 1, 1], 'F': [1, 1, 1, 1, 1, 1, 1, 1, 1, 1], 'G': [1, 1, 1, 1, 1, 1, 1, 1, 0, 0], 'H': [1, 1, 1, 1, 1, 1, 0, 1, 0, 1], 'I': [1, 1, 1, 1, 1, 1, 1, 1, 1, 1], 'J': [1, 1, 0, 1, 0, 0, 1, 1, 1, 0], 'K': [1, 1, 1, 0, 1, 1, 1, 1, 1, 0]}, '东门南侧': {'A': [0, 1, 1, 1, 0, 1, 0, 0, 0, 1], 'B': [0, 0, 0, 0, 0, 0, 0, 0, 0, 0]}, '西门北侧': {'A': [1, 1, 0, 1, 1, 1, 1, 1, 1, 1], 'B': [1, 1, 1, 1, 0, 1, 1, 1, 1, 0], 'C': [1, 1, 1, 1, 0, 1, 1, 0, 0, 1]}, '西门南侧': {'A': [0, 1, 1, 1, 1, 1, 1, 0, 1, 1], 'B': [1, 1, 1, 1, 1, 1, 1, 1, 1, 1], 'C': [1, 1, 0, 1, 0, 0, 1, 1, 1, 1]}, '南门西侧': {'A': [1, 1, 1, 1, 1, 1, 1, 1, 1, 1], 'B': [0, 0, 0, 0, 0, 0, 0, 0, 1, 1]}, '南门东侧': {'A': [1, 0, 0, 1, 0, 1, 1, 1, 1, 1], 'B': [1, 1, 1, 1, 1, 1, 1, 1, 1, 1]}, '北门东北侧': {'A': [1, 1, 1, 1, 1, 1, 1, 1, 1, 1], 'B': [0, 0, 0, 1, 1, 0, 1, 1, 0, 0], 'C': [1, 0, 1, 1, 0, 0, 1, 1, 1, 0], 'D': [0, 0, 0, 0, 0, 0, 0, 0, 0, 0]}, '北门东南侧': {'A': [1, 1, 1, 0, 1, 0, 1, 1, 0, 1], 'B': [0, 1, 0, 0, 1, 0, 0, 1, 0, 1], 'C': [1, 0, 1, 0, 0, 0, 0, 0, 0, 0], 'D': [0, 0, 0, 0, 0, 1, 0, 0, 0, 0], 'E': [0, 0, 0, 1, 0, 0, 0, 0, 0, 0], 'F': [1, 1, 1, 1, 0, 1, 1, 0, 1, 1]}, '橘园北侧南': {'A': [0, 1, 1, 0, 1, 0, 0, 1, 1, 1], 'B': [0, 1, 1, 1, 1, 0, 0, 0, 1, 1], 'C': [1, 0, 1, 1, 1, 1, 0, 0, 1, 0], 'D': [1, 1, 1, 1, 1, 0, 0, 0, 1, 1], 'E': [0, 1, 1, 0, 1, 0, 1, 0, 1, 0], 'F': [0, 0, 0, 0, 1, 0, 0, 0, 1, 1], 'G': [0, 0, 0, 0, 0, 0, 1, 1, 1, 1], 'H': [1, 1, 0, 1, 0, 0, 1, 0, 0, 0], 'I': [1, 0, 1, 0, 0, 0, 0, 0, 0, 0], 'J': [0, 0, 0, 0, 0, 0, 1, 1, 1, 0]}, '校医院西': {'A': [1, 1, 0, 1, 1, 1, 1, 1, 1, 0], 'B': [1, 0, 1, 1, 0, 1, 0, 1, 1, 1], 'C': [0, 1, 0, 1, 1, 0, 1, 1, 0, 1], 'D': [1, 1, 1, 1, 1, 0, 1, 1, 1, 1], 'E': [1, 1, 0, 1, 1, 1, 1, 1, 1, 1], 'F': [1, 0, 1, 1, 1, 0, 1, 1, 1, 1], 'G': [0, 0, 0, 0, 0, 1, 0, 1, 1, 1], 'H': [0, 0, 0, 0, 0, 0, 0, 0, 0, 0], 'I': [0, 0, 0, 1, 0, 0, 0, 0, 0, 0]}}
624251	2024-07-13 21:36:20.035000+08:00	2024-07-13 21:36:20.035000+08:00	{'东门北侧': {'A': [1, 1, 1, 1, 1, 0, 1, 0, 1, 1], 'B': [1, 1, 1, 1, 1, 1, 1, 1, 1, 1], 'C': [1, 1, 0, 1, 1, 0, 1, 0, 1, 0], 'D': [1, 0, 1, 1, 1, 1, 0, 1, 0, 0], 'E': [1, 0, 1, 1, 1, 0, 1, 1, 1, 1], 'F': [1, 1, 1, 1, 1, 1, 1, 1, 1, 1], 'G': [1, 1, 1, 1, 1, 1, 1, 1, 0, 0], 'H': [1, 1, 1, 1, 1, 1, 0, 1, 0, 1], 'I': [1, 1, 1, 1, 1, 1, 1, 1, 1, 1], 'J': [1, 1, 0, 1, 0, 0, 1, 1, 1, 0], 'K': [1, 1, 1, 0, 1, 1, 1, 1, 1, 0]}, '东门南侧': {'A': [0, 1, 1, 1, 0, 1, 0, 0, 0, 1], 'B': [0, 0, 0, 0, 0, 0, 0, 0, 0, 0]}, '西门北侧': {'A': [1, 1, 0, 1, 1, 1, 1, 1, 1, 1], 'B': [1, 1, 1, 1, 0, 1, 1, 1, 1, 0], 'C': [1, 1, 1, 1, 0, 1, 1, 0, 0, 1]}, '西门南侧': {'A': [0, 1, 1, 1, 1, 1, 1, 0, 1, 1], 'B': [1, 1, 1, 1, 1, 1, 1, 1, 1, 1], 'C': [1, 1, 0, 1, 0, 0, 1, 1, 1, 1]}, '南门西侧': {'A': [1, 1, 1, 1, 1, 1, 1, 1, 1, 1], 'B': [0, 0, 0, 0, 0, 0, 0, 0, 1, 1]}, '南门东侧': {'A': [1, 0, 0, 1, 0, 1, 1, 1, 1, 1], 'B': [1, 1, 1, 1, 1, 1, 1, 1, 1, 1]}, '北门东北侧': {'A': [1, 1, 1, 1, 1, 1, 1, 1, 1, 1], 'B': [0, 0, 0, 1, 1, 0, 1, 1, 0, 0], 'C': [1, 0, 1, 1, 0, 0, 1, 1, 1, 0], 'D': [0, 0, 0, 0, 0, 0, 0, 0, 0, 0]}, '北门东南侧': {'A': [1, 1, 1, 0, 1, 0, 1, 1, 0, 1], 'B': [0, 1, 0, 0, 1, 0, 0, 1, 0, 1], 'C': [1, 0, 1, 0, 0, 0, 0, 0, 0, 0], 'D': [0, 0, 0, 0, 0, 1, 0, 0, 0, 0], 'E': [0, 0, 0, 1, 0, 0, 0, 0, 0, 0], 'F': [1, 1, 1, 1, 0, 1, 1, 0, 1, 1]}, '橘园北侧南': {'A': [0, 1, 1, 0, 1, 0, 0, 1, 1, 1], 'B': [0, 1, 1, 1, 1, 0, 0, 0, 1, 1], 'C': [1, 0, 1, 1, 1, 1, 0, 0, 1, 0], 'D': [1, 1, 1, 1, 1, 0, 0, 0, 1, 1], 'E': [0, 1, 1, 0, 1, 0, 1, 0, 1, 0], 'F': [0, 0, 0, 0, 1, 0, 0, 0, 1, 1], 'G': [0, 0, 0, 0, 0, 0, 1, 1, 1, 1], 'H': [1, 1, 0, 1, 0, 0, 1, 0, 0, 0], 'I': [1, 0, 1, 0, 0, 0, 0, 0, 0, 0], 'J': [0, 0, 0, 0, 0, 0, 1, 1, 1, 0]}, '校医院西': {'A': [1, 1, 0, 1, 1, 1, 1, 1, 1, 0], 'B': [1, 0, 1, 1, 0, 1, 0, 1, 1, 1], 'C': [0, 1, 0, 1, 1, 0, 1, 1, 0, 1], 'D': [1, 1, 1, 1, 1, 0, 1, 1, 1, 1], 'E': [1, 1, 0, 1, 1, 1, 1, 1, 1, 1], 'F': [1, 0, 1, 1, 1, 0, 1, 1, 1, 1], 'G': [0, 0, 0, 0, 0, 1, 0, 1, 1, 1], 'H': [0, 0, 0, 0, 0, 0, 0, 0, 0, 0], 'I': [0, 0, 0, 1, 0, 0, 0, 0, 0, 0]}}
624252	2024-07-13 21:37:19.302000+08:00	2024-07-13 21:37:19.302000+08:00	{'东门北侧': {'A': [1, 1, 1, 1, 1, 0, 1, 0, 1, 1], 'B': [1, 1, 1, 1, 1, 1, 1, 1, 1, 1], 'C': [1, 1, 0, 1, 1, 0, 1, 0, 1, 0], 'D': [1, 0, 1, 1, 1, 1, 0, 1, 0, 0], 'E': [1, 0, 1, 1, 1, 0, 1, 1, 1, 1], 'F': [1, 1, 1, 1, 1, 1, 1, 1, 1, 1], 'G': [1, 1, 1, 1, 1, 1, 1, 1, 0, 0], 'H': [1, 1, 1, 1, 1, 1, 0, 1, 0, 1], 'I': [1, 1, 1, 1, 1, 1, 1, 1, 1, 1], 'J': [1, 1, 0, 1, 0, 0, 1, 1, 1, 0], 'K': [1, 1, 1, 0, 1, 1, 1, 1, 1, 0]}, '东门南侧': {'A': [0, 1, 1, 1, 0, 1, 0, 0, 0, 1], 'B': [0, 0, 0, 0, 0, 0, 0, 0, 0, 0]}, '西门北侧': {'A': [1, 1, 0, 1, 1, 1, 1, 1, 1, 1], 'B': [1, 1, 1, 1, 0, 1, 1, 1, 1, 0], 'C': [1, 1, 1, 1, 0, 1, 1, 0, 0, 1]}, '西门南侧': {'A': [0, 1, 1, 1, 1, 1, 1, 0, 1, 1], 'B': [1, 1, 1, 1, 1, 1, 1, 1, 1, 1], 'C': [1, 1, 0, 1, 0, 0, 1, 1, 1, 1]}, '南门西侧': {'A': [1, 1, 1, 1, 1, 1, 1, 1, 1, 1], 'B': [0, 0, 0, 0, 0, 0, 0, 0, 1, 1]}, '南门东侧': {'A': [1, 0, 0, 1, 0, 1, 1, 1, 1, 1], 'B': [1, 1, 1, 1, 1, 1, 1, 1, 1, 1]}, '北门东北侧': {'A': [1, 1, 1, 1, 1, 1, 1, 1, 1, 1], 'B': [0, 0, 0, 1, 1, 0, 1, 1, 0, 0], 'C': [1, 0, 1, 1, 0, 0, 1, 1, 1, 0], 'D': [0, 0, 0, 0, 0, 0, 0, 0, 0, 0]}, '北门东南侧': {'A': [1, 1, 1, 0, 1, 0, 1, 1, 0, 1], 'B': [0, 1, 0, 0, 1, 0, 0, 1, 0, 1], 'C': [1, 0, 1, 0, 0, 0, 0, 0, 0, 0], 'D': [0, 0, 0, 0, 0, 1, 0, 0, 0, 0], 'E': [0, 0, 0, 1, 0, 0, 0, 0, 0, 0], 'F': [1, 1, 1, 1, 0, 1, 1, 0, 1, 1]}, '橘园北侧南': {'A': [0, 1, 1, 0, 1, 0, 0, 1, 1, 1], 'B': [0, 1, 1, 1, 1, 0, 0, 0, 1, 1], 'C': [1, 0, 1, 1, 1, 1, 0, 0, 1, 0], 'D': [1, 1, 1, 1, 1, 0, 0, 0, 1, 1], 'E': [0, 1, 1, 0, 1, 0, 1, 0, 1, 0], 'F': [0, 0, 0, 0, 1, 0, 0, 0, 1, 1], 'G': [0, 0, 0, 0, 0, 0, 1, 1, 1, 1], 'H': [1, 1, 0, 1, 0, 0, 1, 0, 0, 0], 'I': [1, 0, 1, 0, 0, 0, 0, 0, 0, 0], 'J': [0, 0, 0, 0, 0, 0, 1, 1, 1, 0]}, '校医院西': {'A': [1, 1, 0, 1, 1, 1, 1, 1, 1, 0], 'B': [1, 0, 1, 1, 0, 1, 0, 1, 1, 1], 'C': [0, 1, 0, 1, 1, 0, 1, 1, 0, 1], 'D': [1, 1, 1, 1, 1, 0, 1, 1, 1, 1], 'E': [1, 1, 0, 1, 1, 1, 1, 1, 1, 1], 'F': [1, 0, 1, 1, 1, 0, 1, 1, 1, 1], 'G': [0, 0, 0, 0, 0, 1, 0, 1, 1, 1], 'H': [0, 0, 0, 0, 0, 0, 0, 0, 0, 0], 'I': [0, 0, 0, 1, 0, 0, 0, 0, 0, 0]}}
624253	2024-07-13 21:38:22.676000+08:00	2024-07-13 21:38:22.676000+08:00	{'东门北侧': {'A': [1, 1, 1, 1, 1, 0, 1, 0, 1, 1], 'B': [1, 1, 1, 1, 1, 1, 1, 1, 1, 1], 'C': [1, 1, 0, 1, 1, 0, 1, 0, 1, 0], 'D': [1, 0, 1, 1, 1, 1, 0, 1, 0, 0], 'E': [1, 0, 1, 1, 1, 0, 1, 1, 1, 1], 'F': [1, 1, 1, 1, 1, 1, 1, 1, 1, 1], 'G': [1, 1, 1, 1, 1, 1, 1, 1, 0, 0], 'H': [1, 1, 1, 1, 1, 1, 0, 1, 0, 1], 'I': [1, 1, 1, 1, 1, 1, 1, 1, 1, 1], 'J': [1, 1, 0, 1, 0, 0, 1, 1, 1, 0], 'K': [1, 1, 1, 0, 1, 1, 1, 1, 1, 0]}, '东门南侧': {'A': [0, 1, 1, 1, 0, 1, 0, 0, 0, 1], 'B': [0, 0, 0, 0, 0, 0, 0, 0, 0, 0]}, '西门北侧': {'A': [1, 1, 0, 1, 1, 1, 1, 1, 1, 1], 'B': [1, 1, 1, 1, 0, 1, 1, 1, 1, 0], 'C': [1, 1, 1, 1, 0, 1, 1, 0, 0, 1]}, '西门南侧': {'A': [0, 1, 1, 1, 1, 1, 1, 0, 1, 1], 'B': [1, 1, 1, 1, 1, 1, 1, 1, 1, 1], 'C': [1, 1, 0, 1, 0, 0, 1, 1, 1, 1]}, '南门西侧': {'A': [1, 1, 1, 1, 1, 1, 1, 1, 1, 1], 'B': [0, 0, 0, 0, 0, 0, 0, 0, 1, 1]}, '南门东侧': {'A': [1, 0, 0, 1, 0, 1, 1, 1, 1, 1], 'B': [1, 1, 1, 1, 1, 1, 1, 1, 1, 1]}, '北门东北侧': {'A': [1, 1, 1, 1, 1, 1, 1, 1, 1, 1], 'B': [0, 0, 0, 1, 1, 0, 1, 1, 0, 0], 'C': [1, 0, 1, 1, 0, 0, 1, 1, 1, 0], 'D': [0, 0, 0, 0, 0, 0, 0, 0, 0, 0]}, '北门东南侧': {'A': [0, 1, 1, 0, 1, 0, 1, 1, 0, 1], 'B': [0, 1, 0, 0, 1, 0, 0, 1, 0, 1], 'C': [1, 0, 1, 0, 0, 0, 0, 0, 0, 0], 'D': [0, 0, 0, 0, 0, 1, 0, 0, 0, 0], 'E': [0, 0, 0, 1, 0, 0, 0, 0, 0, 0], 'F': [1, 1, 1, 1, 0, 1, 1, 0, 1, 1]}, '橘园北侧南': {'A': [0, 1, 1, 0, 1, 0, 0, 1, 1, 1], 'B': [0, 1, 1, 1, 1, 0, 0, 0, 1, 1], 'C': [1, 0, 1, 1, 1, 1, 0, 0, 1, 0], 'D': [1, 1, 1, 1, 1, 0, 0, 0, 1, 1], 'E': [0, 1, 1, 0, 1, 0, 1, 0, 1, 0], 'F': [0, 0, 0, 0, 1, 0, 0, 0, 1, 1], 'G': [0, 0, 0, 0, 0, 0, 1, 1, 1, 1], 'H': [1, 1, 0, 1, 0, 0, 1, 0, 0, 0], 'I': [1, 0, 1, 0, 0, 0, 0, 0, 0, 0], 'J': [0, 0, 0, 0, 0, 0, 1, 1, 1, 0]}, '校医院西': {'A': [1, 1, 0, 1, 1, 1, 1, 1, 1, 0], 'B': [1, 0, 1, 1, 0, 1, 0, 1, 1, 1], 'C': [0, 1, 0, 1, 1, 0, 1, 1, 0, 1], 'D': [1, 1, 1, 1, 1, 0, 1, 1, 1, 1], 'E': [1, 1, 0, 1, 1, 1, 1, 1, 1, 1], 'F': [1, 0, 1, 1, 1, 0, 1, 1, 1, 1], 'G': [0, 0, 0, 0, 0, 1, 0, 1, 1, 1], 'H': [0, 0, 0, 0, 1, 0, 0, 0, 0, 0], 'I': [0, 0, 0, 1, 0, 0, 0, 0, 0, 0]}}
624254	2024-07-13 21:39:23.774000+08:00	2024-07-13 21:39:23.774000+08:00	{'东门北侧': {'A': [1, 1, 1, 1, 1, 0, 1, 0, 1, 1], 'B': [1, 1, 1, 1, 1, 1, 1, 1, 1, 1], 'C': [1, 1, 0, 1, 1, 0, 1, 0, 1, 0], 'D': [1, 0, 1, 1, 1, 1, 0, 1, 0, 0], 'E': [1, 0, 1, 1, 1, 0, 1, 1, 1, 1], 'F': [1, 1, 1, 1, 1, 1, 1, 1, 1, 1], 'G': [1, 1, 1, 1, 1, 1, 1, 1, 0, 0], 'H': [1, 1, 1, 1, 1, 1, 0, 1, 0, 1], 'I': [1, 1, 1, 1, 1, 1, 1, 1, 1, 1], 'J': [1, 1, 0, 1, 0, 0, 1, 1, 1, 0], 'K': [1, 1, 1, 0, 1, 1, 1, 1, 1, 0]}, '东门南侧': {'A': [0, 1, 1, 1, 0, 1, 0, 0, 0, 1], 'B': [0, 0, 0, 0, 0, 0, 0, 0, 0, 0]}, '西门北侧': {'A': [1, 1, 0, 1, 1, 1, 1, 1, 1, 1], 'B': [1, 1, 1, 1, 0, 1, 1, 1, 1, 0], 'C': [1, 1, 1, 1, 0, 1, 1, 0, 0, 1]}, '西门南侧': {'A': [0, 1, 1, 1, 1, 1, 1, 0, 1, 1], 'B': [1, 1, 1, 1, 1, 1, 1, 1, 1, 1], 'C': [1, 1, 0, 1, 0, 0, 1, 1, 1, 1]}, '南门西侧': {'A': [1, 1, 1, 1, 1, 1, 1, 1, 1, 1], 'B': [0, 0, 0, 0, 0, 0, 0, 0, 1, 1]}, '南门东侧': {'A': [1, 0, 0, 1, 0, 1, 1, 1, 1, 1], 'B': [1, 1, 1, 1, 1, 1, 1, 1, 1, 1]}, '北门东北侧': {'A': [1, 1, 1, 1, 1, 1, 1, 1, 1, 1], 'B': [0, 0, 0, 1, 1, 0, 1, 1, 0, 0], 'C': [1, 0, 1, 1, 0, 0, 1, 1, 1, 0], 'D': [0, 0, 0, 0, 0, 0, 0, 0, 0, 0]}, '北门东南侧': {'A': [0, 1, 1, 0, 1, 0, 1, 1, 0, 1], 'B': [0, 1, 0, 0, 1, 0, 0, 1, 0, 1], 'C': [1, 0, 1, 0, 0, 0, 0, 0, 0, 0], 'D': [0, 0, 0, 0, 0, 1, 0, 0, 0, 0], 'E': [0, 0, 0, 1, 0, 0, 0, 0, 0, 0], 'F': [1, 1, 1, 1, 0, 1, 1, 0, 1, 1]}, '橘园北侧南': {'A': [0, 1, 1, 0, 1, 0, 0, 1, 1, 1], 'B': [0, 1, 1, 1, 1, 0, 0, 0, 1, 1], 'C': [1, 0, 1, 1, 1, 1, 0, 0, 1, 0], 'D': [1, 1, 1, 1, 1, 0, 0, 0, 1, 1], 'E': [0, 1, 1, 0, 1, 0, 1, 0, 1, 0], 'F': [0, 0, 0, 0, 1, 0, 0, 0, 1, 1], 'G': [0, 0, 0, 0, 0, 0, 1, 1, 1, 1], 'H': [1, 1, 0, 1, 0, 0, 1, 0, 0, 0], 'I': [1, 0, 1, 0, 0, 0, 0, 0, 0, 0], 'J': [0, 0, 0, 0, 0, 0, 0, 1, 1, 0]}, '校医院西': {'A': [1, 1, 0, 1, 1, 1, 1, 1, 1, 0], 'B': [1, 0, 1, 1, 0, 1, 0, 1, 1, 1], 'C': [0, 1, 0, 1, 1, 0, 1, 1, 0, 1], 'D': [1, 1, 1, 1, 1, 0, 1, 1, 1, 1], 'E': [1, 1, 0, 1, 1, 1, 1, 1, 1, 1], 'F': [1, 0, 1, 1, 1, 0, 1, 1, 1, 1], 'G': [0, 0, 0, 0, 0, 1, 0, 1, 1, 1], 'H': [0, 0, 0, 0, 1, 0, 0, 0, 0, 0], 'I': [0, 0, 0, 1, 0, 0, 0, 0, 0, 0]}}
624255	2024-07-13 21:40:23.408000+08:00	2024-07-13 21:40:23.408000+08:00	{'东门北侧': {'A': [1, 1, 1, 1, 1, 0, 1, 0, 1, 1], 'B': [1, 1, 1, 1, 1, 1, 1, 1, 1, 1], 'C': [1, 1, 0, 1, 1, 0, 1, 0, 1, 0], 'D': [1, 0, 1, 1, 1, 1, 0, 1, 0, 0], 'E': [1, 0, 1, 1, 1, 0, 1, 1, 1, 1], 'F': [1, 1, 1, 1, 1, 1, 1, 1, 1, 1], 'G': [1, 1, 1, 1, 1, 1, 1, 1, 0, 0], 'H': [1, 1, 1, 1, 1, 1, 0, 1, 0, 1], 'I': [1, 1, 1, 1, 1, 1, 1, 1, 1, 1], 'J': [1, 1, 0, 1, 0, 0, 1, 1, 1, 0], 'K': [1, 1, 1, 0, 1, 1, 1, 1, 1, 0]}, '东门南侧': {'A': [0, 1, 1, 1, 0, 1, 0, 0, 0, 1], 'B': [0, 0, 0, 0, 0, 0, 0, 0, 0, 0]}, '西门北侧': {'A': [1, 1, 0, 1, 1, 1, 1, 1, 1, 1], 'B': [1, 1, 1, 1, 0, 1, 1, 1, 1, 0], 'C': [1, 1, 1, 1, 0, 1, 1, 0, 0, 1]}, '西门南侧': {'A': [0, 1, 1, 1, 1, 1, 1, 0, 1, 1], 'B': [1, 1, 1, 1, 1, 1, 1, 1, 1, 1], 'C': [1, 1, 0, 1, 0, 0, 1, 1, 1, 1]}, '南门西侧': {'A': [1, 1, 1, 1, 1, 1, 1, 1, 1, 1], 'B': [0, 0, 0, 0, 0, 0, 0, 0, 1, 1]}, '南门东侧': {'A': [1, 0, 0, 1, 0, 1, 1, 1, 1, 1], 'B': [1, 1, 1, 1, 1, 1, 1, 1, 1, 1]}, '北门东北侧': {'A': [1, 1, 1, 1, 1, 1, 1, 1, 1, 1], 'B': [0, 0, 0, 1, 1, 0, 1, 1, 0, 0], 'C': [1, 0, 1, 1, 0, 0, 1, 1, 1, 0], 'D': [0, 0, 0, 0, 0, 0, 0, 0, 0, 0]}, '北门东南侧': {'A': [0, 1, 1, 0, 1, 0, 1, 1, 0, 1], 'B': [0, 1, 0, 0, 1, 0, 0, 1, 0, 1], 'C': [1, 0, 1, 0, 0, 0, 0, 0, 0, 0], 'D': [0, 0, 0, 0, 0, 1, 0, 0, 0, 0], 'E': [0, 0, 0, 1, 0, 0, 0, 0, 0, 0], 'F': [1, 1, 1, 1, 0, 1, 1, 0, 1, 1]}, '橘园北侧南': {'A': [0, 1, 1, 0, 1, 0, 0, 1, 1, 1], 'B': [0, 1, 1, 1, 1, 0, 0, 0, 1, 1], 'C': [1, 0, 1, 1, 1, 1, 0, 0, 1, 0], 'D': [1, 1, 1, 1, 1, 0, 0, 0, 1, 1], 'E': [0, 1, 1, 0, 1, 0, 1, 0, 1, 0], 'F': [0, 0, 0, 0, 1, 0, 0, 0, 1, 1], 'G': [0, 0, 0, 0, 0, 0, 1, 1, 1, 1], 'H': [1, 1, 0, 1, 0, 0, 1, 0, 0, 0], 'I': [1, 0, 1, 0, 0, 0, 0, 0, 0, 0], 'J': [0, 0, 0, 0, 0, 0, 0, 1, 1, 0]}, '校医院西': {'A': [1, 1, 0, 1, 1, 1, 1, 1, 1, 0], 'B': [1, 0, 1, 1, 0, 1, 0, 1, 1, 1], 'C': [0, 1, 0, 1, 1, 0, 1, 1, 0, 1], 'D': [1, 1, 1, 1, 1, 0, 1, 1, 1, 1], 'E': [1, 1, 0, 1, 1, 1, 1, 1, 1, 1], 'F': [1, 0, 1, 1, 1, 0, 1, 1, 1, 1], 'G': [0, 0, 0, 0, 0, 1, 0, 1, 1, 1], 'H': [0, 0, 0, 0, 1, 0, 0, 0, 0, 0], 'I': [0, 0, 0, 0, 0, 0, 0, 0, 0, 1]}}
624256	2024-07-13 21:41:23.164000+08:00	2024-07-13 21:41:23.164000+08:00	{'东门北侧': {'A': [1, 1, 1, 1, 1, 0, 1, 0, 1, 1], 'B': [1, 1, 1, 1, 1, 1, 1, 1, 1, 1], 'C': [1, 1, 0, 1, 1, 0, 1, 0, 1, 0], 'D': [1, 0, 1, 1, 1, 1, 0, 1, 0, 0], 'E': [1, 0, 1, 1, 1, 0, 1, 1, 1, 1], 'F': [1, 1, 1, 1, 1, 1, 1, 1, 1, 1], 'G': [1, 1, 1, 1, 1, 1, 1, 1, 0, 0], 'H': [1, 1, 1, 1, 1, 1, 0, 1, 0, 1], 'I': [1, 1, 1, 1, 1, 1, 1, 1, 1, 1], 'J': [1, 1, 0, 1, 0, 0, 1, 1, 1, 0], 'K': [1, 1, 1, 0, 1, 1, 1, 1, 1, 0]}, '东门南侧': {'A': [0, 1, 1, 1, 0, 1, 0, 0, 0, 1], 'B': [0, 0, 0, 0, 0, 0, 0, 0, 0, 0]}, '西门北侧': {'A': [1, 1, 0, 1, 1, 1, 1, 1, 1, 1], 'B': [1, 1, 1, 1, 0, 1, 1, 1, 1, 0], 'C': [1, 1, 1, 1, 0, 1, 1, 0, 0, 1]}, '西门南侧': {'A': [0, 1, 1, 1, 1, 1, 1, 0, 1, 1], 'B': [1, 1, 1, 1, 1, 1, 1, 1, 1, 1], 'C': [1, 1, 0, 1, 0, 0, 1, 1, 1, 1]}, '南门西侧': {'A': [1, 1, 1, 1, 1, 1, 1, 1, 1, 1], 'B': [0, 0, 0, 0, 0, 0, 0, 0, 1, 1]}, '南门东侧': {'A': [1, 0, 0, 1, 0, 1, 1, 1, 1, 1], 'B': [1, 1, 1, 1, 1, 1, 1, 1, 1, 1]}, '北门东北侧': {'A': [1, 1, 1, 1, 1, 1, 1, 1, 1, 1], 'B': [0, 0, 0, 1, 1, 0, 1, 1, 0, 0], 'C': [1, 0, 1, 1, 0, 0, 1, 1, 1, 0], 'D': [0, 0, 0, 0, 0, 0, 0, 0, 0, 0]}, '北门东南侧': {'A': [0, 1, 1, 0, 1, 0, 1, 1, 0, 1], 'B': [0, 1, 0, 0, 1, 0, 0, 1, 0, 1], 'C': [1, 0, 1, 0, 0, 0, 0, 0, 0, 0], 'D': [0, 0, 0, 0, 0, 1, 0, 0, 0, 0], 'E': [0, 0, 0, 1, 0, 0, 0, 0, 0, 0], 'F': [1, 1, 1, 1, 0, 1, 1, 0, 1, 1]}, '橘园北侧南': {'A': [0, 1, 1, 0, 1, 0, 0, 1, 1, 1], 'B': [0, 1, 1, 1, 1, 0, 0, 0, 1, 1], 'C': [1, 0, 1, 1, 1, 1, 0, 0, 1, 0], 'D': [1, 1, 1, 1, 1, 0, 0, 0, 1, 1], 'E': [0, 1, 1, 0, 1, 0, 1, 0, 1, 0], 'F': [0, 0, 0, 0, 1, 0, 0, 0, 1, 1], 'G': [0, 0, 0, 0, 0, 0, 1, 1, 1, 1], 'H': [1, 1, 0, 1, 0, 0, 1, 0, 0, 0], 'I': [1, 0, 1, 0, 0, 0, 0, 0, 0, 0], 'J': [0, 0, 0, 0, 0, 0, 0, 1, 1, 0]}, '校医院西': {'A': [1, 1, 0, 1, 1, 1, 1, 1, 1, 0], 'B': [1, 0, 1, 1, 0, 1, 0, 1, 1, 1], 'C': [0, 1, 0, 1, 1, 0, 1, 1, 0, 1], 'D': [1, 1, 1, 1, 1, 0, 1, 1, 1, 1], 'E': [1, 1, 0, 1, 1, 1, 1, 1, 1, 1], 'F': [1, 0, 1, 1, 1, 0, 1, 1, 1, 1], 'G': [0, 0, 0, 0, 0, 1, 0, 1, 1, 1], 'H': [0, 0, 0, 0, 1, 0, 0, 0, 0, 0], 'I': [0, 0, 0, 0, 0, 0, 0, 0, 0, 1]}}
624257	2024-07-13 21:42:22.027000+08:00	2024-07-13 21:42:22.027000+08:00	{'东门北侧': {'A': [1, 1, 1, 1, 1, 0, 1, 0, 1, 1], 'B': [1, 1, 1, 1, 1, 1, 1, 1, 1, 1], 'C': [1, 1, 0, 1, 1, 0, 1, 0, 1, 0], 'D': [1, 0, 1, 1, 1, 1, 0, 1, 0, 0], 'E': [1, 0, 1, 1, 1, 0, 1, 1, 1, 1], 'F': [1, 1, 1, 1, 1, 1, 1, 1, 1, 1], 'G': [1, 1, 1, 1, 1, 1, 1, 1, 0, 0], 'H': [1, 1, 1, 1, 1, 1, 0, 1, 0, 1], 'I': [1, 1, 1, 1, 1, 1, 1, 1, 1, 1], 'J': [1, 1, 0, 1, 0, 0, 1, 1, 1, 0], 'K': [1, 1, 1, 0, 1, 1, 1, 1, 1, 0]}, '东门南侧': {'A': [0, 1, 1, 1, 0, 1, 0, 0, 0, 1], 'B': [0, 0, 0, 0, 0, 0, 0, 0, 0, 0]}, '西门北侧': {'A': [1, 1, 0, 1, 1, 1, 1, 1, 1, 1], 'B': [1, 1, 1, 1, 0, 1, 1, 1, 1, 0], 'C': [1, 1, 1, 1, 0, 1, 1, 0, 0, 1]}, '西门南侧': {'A': [0, 1, 1, 1, 1, 1, 1, 0, 1, 1], 'B': [1, 1, 1, 1, 1, 1, 1, 1, 1, 1], 'C': [1, 1, 0, 1, 0, 0, 1, 1, 1, 1]}, '南门西侧': {'A': [1, 1, 1, 1, 1, 1, 1, 1, 1, 1], 'B': [0, 0, 0, 0, 0, 0, 0, 0, 1, 1]}, '南门东侧': {'A': [1, 0, 0, 1, 0, 1, 1, 1, 1, 1], 'B': [1, 1, 1, 1, 1, 1, 1, 1, 1, 1]}, '北门东北侧': {'A': [1, 1, 1, 1, 1, 1, 1, 1, 1, 1], 'B': [0, 0, 0, 1, 1, 0, 1, 1, 0, 0], 'C': [1, 0, 1, 1, 0, 0, 1, 1, 1, 0], 'D': [0, 0, 0, 0, 0, 0, 0, 0, 0, 0]}, '北门东南侧': {'A': [0, 1, 1, 0, 1, 0, 1, 1, 0, 1], 'B': [0, 1, 0, 0, 1, 0, 0, 1, 0, 1], 'C': [1, 0, 1, 0, 0, 0, 0, 0, 0, 0], 'D': [0, 0, 0, 0, 0, 1, 1, 0, 0, 0], 'E': [0, 0, 0, 1, 0, 0, 0, 0, 0, 0], 'F': [1, 1, 1, 1, 0, 1, 1, 0, 1, 1]}, '橘园北侧南': {'A': [0, 1, 1, 0, 1, 0, 0, 1, 1, 1], 'B': [0, 1, 1, 1, 1, 0, 0, 0, 1, 1], 'C': [1, 0, 1, 1, 1, 1, 0, 0, 1, 0], 'D': [1, 1, 1, 1, 1, 0, 0, 0, 1, 1], 'E': [0, 1, 1, 0, 1, 0, 1, 0, 1, 0], 'F': [0, 0, 0, 0, 1, 0, 0, 0, 1, 1], 'G': [0, 1, 0, 0, 0, 0, 1, 1, 1, 1], 'H': [1, 1, 0, 1, 0, 0, 1, 0, 0, 0], 'I': [1, 0, 1, 0, 0, 0, 0, 0, 0, 0], 'J': [0, 0, 0, 0, 0, 0, 0, 1, 1, 0]}, '校医院西': {'A': [1, 1, 0, 1, 1, 1, 1, 1, 1, 0], 'B': [1, 0, 1, 1, 0, 1, 0, 1, 1, 1], 'C': [0, 1, 0, 1, 1, 0, 1, 1, 0, 1], 'D': [1, 1, 1, 1, 1, 0, 1, 1, 1, 1], 'E': [1, 1, 0, 1, 1, 1, 1, 1, 1, 1], 'F': [1, 0, 1, 1, 1, 0, 1, 1, 1, 1], 'G': [0, 0, 0, 0, 0, 1, 0, 1, 1, 1], 'H': [0, 0, 0, 0, 1, 0, 0, 0, 0, 0], 'I': [0, 0, 0, 0, 0, 0, 0, 0, 0, 1]}}
624258	2024-07-13 21:43:21.467000+08:00	2024-07-13 21:43:21.467000+08:00	{'东门北侧': {'A': [1, 1, 1, 1, 1, 0, 1, 0, 1, 1], 'B': [1, 1, 1, 1, 1, 1, 1, 1, 1, 1], 'C': [1, 1, 0, 1, 1, 0, 1, 0, 1, 0], 'D': [1, 0, 1, 1, 1, 1, 0, 1, 0, 0], 'E': [1, 0, 1, 1, 1, 0, 1, 1, 1, 1], 'F': [1, 1, 1, 1, 1, 1, 1, 1, 1, 1], 'G': [1, 1, 1, 1, 1, 1, 1, 1, 0, 0], 'H': [1, 1, 1, 1, 1, 1, 0, 1, 0, 1], 'I': [1, 1, 1, 1, 1, 1, 1, 1, 1, 1], 'J': [1, 1, 0, 1, 0, 0, 1, 1, 1, 0], 'K': [1, 1, 1, 0, 1, 1, 1, 1, 1, 0]}, '东门南侧': {'A': [0, 1, 1, 1, 0, 1, 0, 0, 0, 1], 'B': [0, 0, 0, 0, 0, 0, 0, 0, 0, 0]}, '西门北侧': {'A': [1, 1, 0, 1, 1, 1, 1, 1, 1, 1], 'B': [1, 1, 1, 1, 0, 1, 1, 1, 1, 0], 'C': [1, 1, 1, 1, 0, 1, 1, 0, 0, 1]}, '西门南侧': {'A': [0, 1, 1, 1, 1, 1, 1, 0, 1, 1], 'B': [1, 1, 1, 1, 1, 1, 1, 1, 1, 1], 'C': [1, 1, 0, 1, 0, 0, 1, 1, 1, 1]}, '南门西侧': {'A': [1, 1, 1, 1, 1, 1, 1, 1, 1, 1], 'B': [0, 0, 0, 0, 0, 0, 0, 0, 1, 1]}, '南门东侧': {'A': [1, 0, 0, 1, 0, 1, 1, 1, 1, 1], 'B': [1, 1, 1, 1, 1, 1, 1, 1, 1, 1]}, '北门东北侧': {'A': [1, 1, 1, 1, 1, 1, 1, 1, 1, 1], 'B': [0, 0, 0, 1, 1, 0, 1, 1, 0, 0], 'C': [1, 0, 1, 1, 0, 0, 1, 1, 1, 0], 'D': [0, 0, 0, 0, 0, 0, 0, 0, 0, 0]}, '北门东南侧': {'A': [0, 1, 1, 0, 1, 0, 1, 1, 0, 1], 'B': [0, 1, 0, 0, 1, 0, 0, 1, 0, 1], 'C': [1, 0, 1, 0, 0, 0, 0, 0, 0, 0], 'D': [0, 0, 0, 0, 0, 1, 1, 0, 0, 0], 'E': [0, 0, 0, 1, 0, 0, 0, 0, 0, 0], 'F': [1, 1, 1, 1, 0, 1, 1, 0, 1, 1]}, '橘园北侧南': {'A': [0, 1, 1, 0, 1, 0, 0, 1, 1, 1], 'B': [0, 1, 1, 1, 1, 0, 0, 0, 1, 1], 'C': [1, 0, 1, 1, 1, 1, 0, 0, 1, 0], 'D': [1, 1, 1, 1, 1, 0, 0, 0, 1, 1], 'E': [0, 1, 1, 0, 1, 0, 1, 0, 1, 0], 'F': [0, 0, 0, 0, 1, 0, 0, 0, 1, 1], 'G': [0, 1, 0, 0, 0, 0, 1, 1, 1, 1], 'H': [1, 1, 0, 1, 0, 0, 1, 0, 0, 0], 'I': [1, 0, 1, 0, 0, 0, 0, 0, 0, 0], 'J': [0, 0, 0, 0, 0, 0, 0, 1, 1, 0]}, '校医院西': {'A': [1, 1, 0, 1, 1, 1, 1, 1, 1, 0], 'B': [1, 0, 1, 1, 0, 1, 0, 1, 1, 1], 'C': [0, 1, 0, 1, 1, 0, 1, 1, 0, 1], 'D': [1, 1, 1, 1, 1, 0, 1, 1, 1, 1], 'E': [1, 1, 0, 1, 1, 1, 1, 1, 1, 1], 'F': [1, 0, 1, 1, 1, 0, 1, 1, 1, 1], 'G': [0, 0, 0, 0, 0, 1, 0, 1, 1, 1], 'H': [0, 0, 0, 0, 1, 0, 0, 0, 0, 0], 'I': [0, 0, 0, 0, 0, 0, 0, 0, 0, 1]}}
624259	2024-07-13 21:44:23.281000+08:00	2024-07-13 21:44:23.281000+08:00	{'东门北侧': {'A': [1, 1, 1, 1, 1, 0, 1, 0, 1, 1], 'B': [1, 1, 1, 1, 1, 1, 1, 1, 1, 1], 'C': [1, 1, 0, 1, 1, 0, 1, 0, 1, 0], 'D': [1, 0, 1, 1, 1, 1, 0, 1, 0, 0], 'E': [1, 0, 1, 1, 1, 0, 1, 1, 1, 1], 'F': [1, 1, 1, 1, 1, 1, 1, 1, 1, 1], 'G': [1, 1, 1, 1, 1, 1, 1, 1, 0, 0], 'H': [1, 1, 1, 1, 1, 1, 0, 1, 0, 1], 'I': [1, 1, 1, 1, 1, 1, 1, 1, 1, 1], 'J': [1, 1, 0, 1, 0, 0, 1, 1, 1, 0], 'K': [1, 1, 1, 0, 1, 1, 1, 1, 1, 0]}, '东门南侧': {'A': [0, 1, 1, 1, 0, 1, 0, 0, 0, 1], 'B': [0, 0, 0, 0, 0, 0, 0, 0, 0, 0]}, '西门北侧': {'A': [1, 1, 0, 1, 1, 1, 1, 1, 1, 1], 'B': [1, 1, 1, 1, 0, 1, 1, 1, 1, 0], 'C': [1, 1, 1, 1, 0, 1, 1, 0, 0, 1]}, '西门南侧': {'A': [0, 1, 1, 1, 1, 1, 1, 0, 1, 1], 'B': [1, 1, 1, 1, 1, 1, 1, 1, 1, 1], 'C': [1, 1, 0, 1, 0, 0, 1, 1, 1, 1]}, '南门西侧': {'A': [1, 1, 1, 1, 1, 1, 1, 1, 1, 1], 'B': [0, 0, 0, 0, 0, 0, 0, 0, 1, 1]}, '南门东侧': {'A': [1, 0, 0, 1, 0, 1, 1, 1, 1, 1], 'B': [1, 1, 1, 1, 1, 1, 1, 1, 1, 1]}, '北门东北侧': {'A': [1, 1, 1, 1, 1, 1, 1, 1, 1, 1], 'B': [0, 0, 0, 1, 1, 0, 1, 1, 0, 0], 'C': [1, 0, 0, 1, 0, 0, 1, 1, 1, 0], 'D': [0, 0, 0, 0, 0, 0, 0, 0, 0, 0]}, '北门东南侧': {'A': [0, 1, 1, 0, 1, 0, 1, 1, 0, 1], 'B': [0, 1, 0, 0, 1, 0, 0, 1, 0, 1], 'C': [1, 0, 1, 0, 0, 0, 0, 0, 0, 0], 'D': [0, 0, 0, 0, 0, 1, 1, 0, 0, 0], 'E': [0, 0, 0, 1, 0, 0, 0, 0, 0, 0], 'F': [1, 1, 1, 1, 0, 1, 1, 0, 1, 1]}, '橘园北侧南': {'A': [0, 1, 1, 0, 1, 0, 0, 1, 0, 1], 'B': [0, 1, 1, 1, 1, 0, 0, 0, 1, 1], 'C': [1, 0, 1, 1, 1, 1, 0, 0, 1, 0], 'D': [1, 1, 1, 1, 1, 0, 0, 0, 1, 1], 'E': [0, 1, 1, 0, 1, 0, 1, 0, 1, 0], 'F': [0, 0, 0, 0, 1, 0, 0, 0, 1, 1], 'G': [0, 1, 0, 0, 0, 0, 1, 1, 1, 1], 'H': [1, 1, 0, 1, 0, 0, 1, 0, 0, 0], 'I': [1, 0, 1, 0, 0, 0, 0, 0, 0, 0], 'J': [0, 0, 0, 0, 0, 0, 0, 1, 1, 0]}, '校医院西': {'A': [1, 1, 0, 1, 1, 1, 1, 1, 1, 0], 'B': [1, 0, 1, 1, 0, 1, 0, 1, 1, 1], 'C': [0, 1, 0, 1, 1, 0, 1, 1, 0, 1], 'D': [1, 1, 1, 1, 1, 0, 1, 1, 1, 1], 'E': [1, 1, 0, 1, 1, 1, 1, 1, 1, 1], 'F': [1, 0, 1, 1, 1, 0, 1, 1, 1, 1], 'G': [0, 0, 0, 0, 0, 1, 0, 1, 1, 1], 'H': [0, 0, 0, 0, 1, 0, 0, 0, 0, 0], 'I': [0, 0, 0, 0, 0, 0, 0, 0, 0, 1]}}
624260	2024-07-13 21:45:24.507000+08:00	2024-07-13 21:45:24.507000+08:00	{'东门北侧': {'A': [1, 1, 1, 1, 1, 0, 1, 0, 1, 1], 'B': [1, 1, 1, 1, 1, 1, 1, 1, 1, 1], 'C': [1, 1, 0, 1, 1, 0, 1, 0, 1, 0], 'D': [1, 0, 1, 1, 1, 1, 0, 1, 0, 0], 'E': [1, 0, 1, 1, 1, 0, 1, 1, 1, 1], 'F': [1, 1, 1, 1, 1, 1, 1, 1, 1, 1], 'G': [1, 1, 1, 1, 1, 1, 1, 1, 0, 0], 'H': [1, 1, 1, 1, 1, 1, 0, 1, 0, 1], 'I': [1, 1, 1, 1, 1, 1, 1, 1, 1, 1], 'J': [1, 1, 0, 1, 0, 0, 1, 1, 1, 0], 'K': [1, 1, 1, 0, 1, 1, 1, 1, 1, 0]}, '东门南侧': {'A': [0, 1, 1, 1, 0, 1, 0, 0, 0, 1], 'B': [0, 0, 0, 0, 0, 0, 0, 0, 0, 0]}, '西门北侧': {'A': [1, 1, 0, 1, 1, 1, 1, 1, 1, 1], 'B': [1, 1, 1, 1, 0, 1, 1, 1, 1, 0], 'C': [1, 1, 1, 1, 0, 1, 1, 0, 0, 1]}, '西门南侧': {'A': [0, 1, 1, 1, 1, 1, 1, 0, 1, 1], 'B': [1, 1, 1, 1, 1, 1, 1, 1, 1, 1], 'C': [1, 1, 0, 1, 0, 0, 1, 1, 1, 1]}, '南门西侧': {'A': [1, 1, 1, 1, 1, 1, 1, 1, 1, 1], 'B': [0, 0, 0, 0, 0, 0, 0, 0, 1, 1]}, '南门东侧': {'A': [1, 0, 0, 1, 0, 1, 1, 1, 1, 1], 'B': [1, 1, 1, 1, 1, 1, 1, 1, 1, 1]}, '北门东北侧': {'A': [1, 1, 1, 1, 1, 1, 1, 1, 1, 1], 'B': [0, 0, 0, 1, 1, 0, 1, 1, 0, 0], 'C': [1, 0, 0, 1, 0, 0, 1, 1, 1, 0], 'D': [0, 0, 0, 0, 0, 0, 0, 0, 0, 0]}, '北门东南侧': {'A': [0, 1, 1, 0, 1, 0, 1, 1, 0, 1], 'B': [0, 1, 0, 0, 1, 0, 0, 1, 0, 1], 'C': [1, 0, 1, 0, 0, 0, 0, 0, 0, 0], 'D': [0, 0, 0, 0, 0, 1, 1, 0, 0, 0], 'E': [0, 0, 0, 1, 0, 0, 0, 0, 0, 0], 'F': [1, 1, 1, 1, 0, 1, 1, 0, 1, 1]}, '橘园北侧南': {'A': [0, 1, 1, 0, 1, 0, 0, 1, 0, 1], 'B': [0, 1, 1, 1, 1, 0, 0, 0, 1, 1], 'C': [1, 0, 1, 1, 1, 1, 0, 0, 1, 0], 'D': [1, 1, 1, 1, 1, 0, 0, 0, 1, 1], 'E': [0, 1, 1, 0, 1, 0, 1, 0, 1, 0], 'F': [0, 0, 0, 0, 1, 0, 0, 0, 1, 1], 'G': [0, 1, 0, 0, 0, 0, 1, 1, 1, 1], 'H': [1, 1, 0, 1, 0, 0, 1, 0, 0, 0], 'I': [1, 0, 1, 0, 0, 0, 0, 0, 0, 0], 'J': [0, 0, 0, 0, 0, 0, 0, 1, 1, 0]}, '校医院西': {'A': [1, 1, 0, 1, 1, 1, 1, 1, 1, 0], 'B': [1, 0, 1, 1, 0, 1, 0, 1, 1, 1], 'C': [0, 1, 0, 1, 1, 0, 1, 1, 0, 1], 'D': [1, 1, 1, 1, 1, 0, 1, 1, 1, 1], 'E': [1, 1, 0, 1, 1, 1, 1, 1, 1, 1], 'F': [1, 0, 1, 1, 1, 0, 1, 1, 1, 1], 'G': [0, 0, 0, 0, 0, 1, 0, 1, 1, 1], 'H': [0, 0, 0, 0, 1, 0, 0, 0, 0, 0], 'I': [0, 0, 0, 0, 0, 0, 0, 0, 0, 1]}}
624261	2024-07-13 21:46:22.460000+08:00	2024-07-13 21:46:22.460000+08:00	{'东门北侧': {'A': [1, 1, 1, 1, 1, 0, 1, 0, 1, 1], 'B': [1, 1, 1, 1, 1, 1, 1, 1, 1, 1], 'C': [1, 1, 0, 1, 1, 0, 1, 0, 1, 0], 'D': [1, 0, 1, 1, 1, 1, 0, 1, 0, 0], 'E': [1, 0, 1, 1, 1, 0, 1, 1, 1, 1], 'F': [1, 1, 1, 1, 1, 1, 1, 1, 1, 1], 'G': [1, 1, 1, 1, 1, 1, 1, 1, 0, 0], 'H': [1, 1, 1, 1, 1, 1, 0, 1, 0, 1], 'I': [1, 1, 1, 1, 1, 1, 1, 1, 1, 1], 'J': [1, 1, 0, 1, 0, 0, 1, 1, 1, 0], 'K': [1, 1, 1, 0, 1, 1, 1, 1, 1, 0]}, '东门南侧': {'A': [0, 1, 1, 1, 0, 1, 0, 0, 0, 1], 'B': [0, 0, 0, 0, 0, 0, 0, 0, 0, 0]}, '西门北侧': {'A': [1, 1, 0, 1, 1, 1, 1, 1, 1, 1], 'B': [1, 1, 1, 1, 0, 1, 1, 1, 1, 0], 'C': [1, 1, 1, 1, 0, 1, 1, 0, 0, 1]}, '西门南侧': {'A': [0, 1, 1, 1, 1, 1, 1, 0, 1, 1], 'B': [1, 1, 1, 1, 1, 1, 1, 1, 1, 1], 'C': [1, 1, 0, 1, 0, 0, 1, 1, 1, 1]}, '南门西侧': {'A': [1, 1, 1, 1, 1, 1, 1, 1, 1, 1], 'B': [0, 0, 0, 0, 0, 0, 0, 0, 1, 1]}, '南门东侧': {'A': [1, 0, 0, 1, 0, 1, 1, 1, 1, 1], 'B': [1, 1, 1, 1, 1, 1, 1, 1, 1, 1]}, '北门东北侧': {'A': [1, 1, 1, 1, 1, 1, 1, 1, 1, 1], 'B': [0, 0, 0, 1, 1, 0, 1, 1, 0, 0], 'C': [1, 1, 0, 1, 0, 0, 1, 1, 1, 0], 'D': [0, 0, 0, 0, 0, 0, 0, 0, 0, 0]}, '北门东南侧': {'A': [0, 1, 1, 0, 1, 0, 1, 1, 0, 1], 'B': [0, 1, 0, 0, 1, 0, 0, 1, 0, 1], 'C': [1, 0, 1, 0, 0, 0, 0, 0, 0, 0], 'D': [0, 0, 0, 0, 0, 1, 1, 0, 0, 0], 'E': [0, 0, 0, 1, 0, 0, 0, 0, 0, 0], 'F': [1, 1, 1, 1, 0, 1, 1, 0, 1, 1]}, '橘园北侧南': {'A': [0, 1, 1, 0, 1, 0, 0, 1, 0, 1], 'B': [0, 1, 1, 1, 1, 0, 0, 0, 1, 1], 'C': [1, 0, 1, 1, 1, 1, 0, 0, 1, 0], 'D': [1, 1, 1, 1, 1, 0, 0, 0, 1, 1], 'E': [0, 1, 1, 0, 1, 0, 1, 0, 1, 0], 'F': [0, 0, 0, 0, 1, 0, 0, 0, 1, 1], 'G': [0, 1, 0, 0, 0, 0, 1, 1, 1, 1], 'H': [1, 1, 0, 1, 0, 0, 1, 0, 0, 0], 'I': [1, 0, 0, 0, 0, 0, 0, 0, 0, 0], 'J': [0, 0, 0, 0, 0, 0, 0, 1, 1, 0]}, '校医院西': {'A': [1, 1, 0, 1, 1, 1, 1, 1, 1, 0], 'B': [1, 0, 1, 1, 0, 1, 0, 1, 1, 1], 'C': [0, 1, 0, 1, 1, 0, 1, 1, 0, 1], 'D': [1, 1, 1, 1, 1, 0, 1, 1, 1, 1], 'E': [1, 1, 0, 1, 1, 1, 1, 1, 1, 1], 'F': [1, 0, 1, 1, 1, 0, 1, 1, 1, 1], 'G': [0, 0, 0, 0, 0, 1, 0, 1, 1, 1], 'H': [0, 0, 0, 0, 1, 0, 0, 0, 0, 0], 'I': [0, 0, 0, 0, 0, 0, 0, 0, 0, 1]}}
624262	2024-07-13 21:47:19.929000+08:00	2024-07-13 21:47:19.929000+08:00	{'东门北侧': {'A': [1, 1, 1, 1, 1, 0, 1, 0, 1, 1], 'B': [1, 1, 1, 1, 1, 1, 1, 1, 1, 1], 'C': [1, 1, 0, 1, 1, 0, 1, 0, 1, 0], 'D': [1, 0, 1, 1, 1, 1, 0, 1, 0, 0], 'E': [1, 0, 1, 1, 1, 0, 1, 1, 1, 1], 'F': [1, 1, 1, 1, 1, 1, 1, 1, 1, 1], 'G': [1, 1, 1, 1, 1, 1, 1, 1, 0, 0], 'H': [1, 1, 1, 1, 1, 1, 0, 1, 0, 1], 'I': [1, 1, 1, 1, 1, 1, 1, 1, 1, 1], 'J': [1, 1, 0, 1, 0, 0, 1, 1, 1, 0], 'K': [1, 1, 1, 0, 1, 1, 1, 1, 1, 0]}, '东门南侧': {'A': [0, 1, 1, 1, 0, 1, 0, 0, 0, 1], 'B': [0, 0, 0, 0, 0, 0, 0, 0, 0, 0]}, '西门北侧': {'A': [1, 1, 0, 1, 1, 1, 1, 1, 1, 1], 'B': [1, 1, 1, 1, 0, 1, 1, 1, 1, 0], 'C': [1, 1, 1, 1, 0, 1, 1, 0, 0, 1]}, '西门南侧': {'A': [0, 1, 1, 1, 1, 1, 1, 0, 1, 1], 'B': [1, 1, 1, 1, 1, 1, 1, 1, 1, 1], 'C': [1, 1, 0, 1, 0, 0, 1, 1, 1, 1]}, '南门西侧': {'A': [1, 1, 1, 1, 1, 1, 1, 1, 1, 1], 'B': [0, 0, 0, 0, 0, 0, 0, 0, 1, 1]}, '南门东侧': {'A': [1, 0, 0, 1, 0, 1, 1, 1, 1, 1], 'B': [1, 1, 1, 1, 1, 1, 1, 1, 1, 1]}, '北门东北侧': {'A': [1, 1, 1, 1, 1, 1, 1, 1, 1, 1], 'B': [0, 0, 0, 1, 1, 0, 1, 1, 0, 0], 'C': [1, 1, 0, 1, 0, 0, 1, 1, 1, 0], 'D': [0, 0, 0, 0, 0, 0, 0, 0, 0, 0]}, '北门东南侧': {'A': [0, 1, 1, 0, 1, 0, 1, 1, 0, 1], 'B': [0, 1, 0, 0, 1, 0, 0, 1, 0, 1], 'C': [1, 0, 1, 0, 0, 0, 0, 0, 0, 0], 'D': [0, 0, 0, 0, 0, 1, 1, 0, 0, 0], 'E': [0, 0, 0, 1, 0, 0, 0, 0, 0, 0], 'F': [1, 1, 1, 1, 0, 1, 1, 0, 1, 1]}, '橘园北侧南': {'A': [0, 1, 1, 0, 1, 0, 0, 1, 0, 1], 'B': [0, 1, 1, 1, 1, 0, 0, 0, 1, 1], 'C': [1, 0, 1, 1, 1, 1, 0, 0, 1, 0], 'D': [1, 1, 1, 1, 1, 0, 0, 0, 1, 1], 'E': [0, 1, 1, 0, 1, 0, 1, 0, 1, 0], 'F': [0, 0, 0, 0, 1, 0, 0, 0, 1, 1], 'G': [0, 1, 0, 0, 0, 0, 1, 1, 1, 1], 'H': [1, 1, 0, 1, 0, 0, 1, 0, 0, 0], 'I': [1, 0, 0, 0, 0, 0, 0, 0, 0, 0], 'J': [0, 0, 0, 0, 0, 0, 0, 1, 1, 0]}, '校医院西': {'A': [1, 1, 0, 1, 1, 1, 1, 1, 1, 0], 'B': [1, 0, 1, 1, 0, 1, 0, 1, 1, 1], 'C': [0, 1, 0, 1, 1, 0, 1, 1, 0, 1], 'D': [1, 1, 1, 1, 1, 0, 1, 1, 1, 1], 'E': [1, 1, 0, 1, 1, 1, 1, 1, 1, 1], 'F': [1, 0, 1, 1, 1, 0, 1, 1, 1, 1], 'G': [0, 0, 0, 0, 0, 1, 0, 1, 1, 1], 'H': [0, 0, 0, 0, 1, 0, 0, 0, 0, 0], 'I': [0, 0, 0, 0, 0, 0, 0, 0, 0, 1]}}
624263	2024-07-13 21:48:19.313000+08:00	2024-07-13 21:48:19.313000+08:00	{'东门北侧': {'A': [1, 1, 1, 1, 1, 0, 1, 0, 1, 1], 'B': [1, 1, 1, 1, 1, 1, 1, 1, 1, 1], 'C': [1, 1, 0, 1, 1, 0, 1, 0, 1, 0], 'D': [1, 0, 1, 1, 1, 1, 0, 1, 0, 0], 'E': [1, 0, 1, 1, 1, 0, 1, 1, 1, 1], 'F': [1, 1, 1, 1, 1, 1, 1, 1, 1, 1], 'G': [1, 1, 1, 1, 1, 1, 1, 1, 0, 0], 'H': [1, 1, 1, 1, 1, 1, 0, 1, 0, 1], 'I': [1, 1, 1, 1, 1, 1, 1, 1, 1, 1], 'J': [1, 1, 0, 1, 0, 0, 1, 1, 1, 0], 'K': [1, 1, 1, 0, 1, 1, 1, 1, 1, 0]}, '东门南侧': {'A': [0, 1, 1, 1, 0, 1, 0, 0, 0, 1], 'B': [0, 0, 0, 0, 0, 0, 0, 0, 0, 0]}, '西门北侧': {'A': [1, 1, 0, 1, 1, 1, 1, 1, 1, 1], 'B': [1, 1, 1, 1, 0, 1, 1, 1, 1, 0], 'C': [1, 1, 1, 1, 0, 1, 1, 0, 0, 1]}, '西门南侧': {'A': [0, 1, 1, 1, 1, 1, 1, 0, 1, 1], 'B': [1, 1, 1, 1, 1, 1, 1, 1, 1, 1], 'C': [1, 1, 0, 1, 0, 0, 1, 1, 1, 1]}, '南门西侧': {'A': [1, 1, 1, 1, 1, 1, 1, 1, 1, 1], 'B': [0, 0, 0, 0, 0, 0, 0, 0, 1, 1]}, '南门东侧': {'A': [1, 0, 0, 1, 0, 1, 1, 1, 1, 1], 'B': [1, 1, 1, 1, 1, 1, 1, 1, 1, 1]}, '北门东北侧': {'A': [1, 1, 1, 1, 1, 1, 1, 1, 1, 1], 'B': [0, 0, 0, 1, 1, 0, 1, 1, 0, 0], 'C': [1, 1, 0, 1, 0, 0, 1, 1, 1, 0], 'D': [0, 0, 0, 0, 0, 0, 0, 0, 0, 0]}, '北门东南侧': {'A': [0, 1, 1, 0, 1, 0, 1, 1, 0, 1], 'B': [0, 1, 0, 0, 1, 0, 0, 1, 0, 1], 'C': [1, 0, 1, 0, 0, 0, 0, 0, 1, 0], 'D': [0, 0, 0, 0, 0, 1, 1, 0, 0, 0], 'E': [0, 0, 0, 1, 0, 0, 0, 0, 0, 0], 'F': [1, 1, 1, 1, 0, 1, 1, 0, 1, 1]}, '橘园北侧南': {'A': [0, 1, 1, 0, 1, 0, 0, 1, 0, 1], 'B': [0, 1, 1, 1, 1, 0, 0, 0, 1, 1], 'C': [1, 0, 1, 1, 1, 1, 0, 0, 1, 0], 'D': [1, 1, 1, 1, 1, 0, 0, 0, 1, 1], 'E': [0, 1, 1, 0, 1, 0, 1, 0, 1, 0], 'F': [0, 0, 0, 0, 1, 0, 0, 0, 1, 1], 'G': [0, 1, 0, 0, 0, 0, 1, 1, 1, 1], 'H': [1, 1, 0, 1, 0, 0, 1, 0, 0, 0], 'I': [1, 0, 0, 0, 0, 0, 0, 0, 0, 0], 'J': [0, 0, 0, 0, 0, 0, 0, 1, 1, 0]}, '校医院西': {'A': [1, 1, 0, 1, 1, 1, 1, 1, 1, 0], 'B': [1, 0, 1, 1, 0, 1, 0, 1, 1, 1], 'C': [0, 1, 0, 1, 1, 0, 1, 1, 0, 1], 'D': [1, 1, 1, 1, 1, 0, 1, 1, 1, 1], 'E': [1, 1, 0, 1, 1, 1, 1, 1, 1, 1], 'F': [1, 0, 1, 1, 1, 0, 1, 1, 1, 1], 'G': [0, 0, 0, 0, 0, 1, 0, 1, 1, 1], 'H': [0, 0, 0, 0, 1, 0, 0, 0, 0, 0], 'I': [0, 0, 0, 0, 0, 0, 0, 0, 0, 0]}}
624264	2024-07-13 21:50:20.257000+08:00	2024-07-13 21:50:20.257000+08:00	{'东门北侧': {'A': [1, 1, 1, 1, 1, 0, 1, 0, 1, 1], 'B': [1, 1, 1, 1, 1, 1, 1, 1, 1, 1], 'C': [1, 1, 0, 1, 1, 0, 1, 0, 1, 0], 'D': [1, 0, 1, 1, 1, 1, 0, 1, 0, 0], 'E': [1, 0, 1, 1, 1, 0, 1, 1, 1, 1], 'F': [1, 1, 1, 1, 1, 1, 1, 1, 1, 1], 'G': [1, 1, 1, 1, 1, 1, 1, 1, 0, 0], 'H': [1, 1, 1, 1, 1, 1, 0, 1, 0, 1], 'I': [1, 1, 1, 1, 1, 1, 1, 1, 1, 1], 'J': [1, 1, 0, 1, 0, 0, 1, 1, 1, 0], 'K': [1, 1, 1, 0, 1, 1, 1, 1, 1, 0]}, '东门南侧': {'A': [0, 1, 1, 1, 0, 1, 0, 0, 0, 1], 'B': [0, 0, 0, 0, 0, 0, 0, 0, 0, 0]}, '西门北侧': {'A': [1, 1, 0, 1, 1, 1, 1, 1, 1, 1], 'B': [1, 1, 1, 1, 0, 1, 1, 1, 1, 0], 'C': [1, 1, 1, 1, 0, 1, 1, 0, 0, 1]}, '西门南侧': {'A': [0, 1, 1, 1, 1, 1, 1, 0, 1, 1], 'B': [1, 1, 1, 1, 1, 1, 1, 1, 1, 1], 'C': [1, 1, 0, 1, 0, 0, 1, 1, 1, 1]}, '南门西侧': {'A': [1, 1, 1, 1, 1, 1, 1, 1, 1, 1], 'B': [0, 0, 0, 0, 0, 0, 0, 0, 1, 1]}, '南门东侧': {'A': [1, 0, 0, 1, 0, 1, 1, 1, 1, 1], 'B': [1, 1, 1, 1, 1, 1, 1, 1, 1, 1]}, '北门东北侧': {'A': [1, 1, 1, 1, 1, 1, 1, 1, 1, 1], 'B': [0, 0, 0, 1, 1, 0, 1, 1, 0, 0], 'C': [1, 1, 0, 1, 0, 0, 1, 1, 1, 0], 'D': [1, 0, 0, 0, 0, 0, 0, 0, 0, 0]}, '北门东南侧': {'A': [0, 1, 1, 0, 1, 0, 1, 1, 0, 1], 'B': [0, 1, 0, 1, 1, 0, 0, 1, 0, 1], 'C': [1, 0, 1, 0, 0, 0, 0, 0, 1, 1], 'D': [0, 0, 0, 0, 0, 1, 1, 0, 0, 0], 'E': [0, 0, 0, 1, 0, 0, 0, 0, 0, 0], 'F': [1, 1, 1, 1, 0, 1, 1, 0, 1, 1]}, '橘园北侧南': {'A': [0, 1, 1, 0, 1, 0, 0, 1, 0, 1], 'B': [0, 1, 1, 1, 1, 0, 0, 0, 1, 1], 'C': [1, 0, 0, 1, 1, 1, 0, 0, 1, 0], 'D': [1, 1, 1, 1, 1, 0, 0, 0, 1, 1], 'E': [0, 1, 1, 0, 1, 0, 1, 0, 1, 0], 'F': [0, 0, 0, 0, 1, 0, 0, 0, 1, 1], 'G': [0, 1, 0, 0, 0, 0, 1, 1, 1, 1], 'H': [1, 1, 0, 1, 0, 0, 1, 0, 0, 0], 'I': [1, 0, 0, 0, 0, 0, 0, 0, 0, 0], 'J': [0, 0, 0, 0, 0, 0, 0, 1, 1, 0]}, '校医院西': {'A': [1, 1, 0, 1, 1, 1, 1, 1, 1, 0], 'B': [1, 0, 1, 1, 0, 1, 0, 1, 1, 1], 'C': [0, 1, 0, 1, 1, 0, 1, 1, 0, 1], 'D': [1, 1, 1, 1, 1, 0, 1, 1, 1, 1], 'E': [1, 1, 0, 1, 1, 1, 1, 1, 1, 1], 'F': [1, 0, 1, 1, 1, 0, 1, 1, 1, 1], 'G': [0, 0, 0, 0, 0, 1, 0, 1, 1, 1], 'H': [0, 0, 0, 0, 1, 0, 0, 0, 0, 0], 'I': [0, 0, 0, 0, 0, 0, 0, 0, 0, 0]}}
624265	2024-07-13 21:51:21.448000+08:00	2024-07-13 21:51:21.448000+08:00	{'东门北侧': {'A': [1, 1, 1, 1, 1, 0, 1, 0, 1, 1], 'B': [1, 1, 1, 1, 1, 1, 1, 1, 1, 1], 'C': [1, 1, 0, 1, 1, 0, 1, 0, 1, 0], 'D': [1, 0, 1, 1, 1, 1, 0, 1, 0, 0], 'E': [1, 0, 1, 1, 1, 0, 1, 1, 1, 1], 'F': [1, 1, 1, 1, 1, 1, 1, 1, 1, 1], 'G': [1, 1, 1, 1, 1, 1, 1, 1, 0, 0], 'H': [1, 1, 1, 1, 1, 1, 0, 1, 0, 1], 'I': [1, 1, 1, 1, 1, 1, 1, 1, 1, 1], 'J': [1, 1, 0, 1, 0, 0, 1, 1, 1, 0], 'K': [1, 1, 1, 0, 1, 1, 1, 1, 1, 0]}, '东门南侧': {'A': [0, 1, 1, 1, 0, 1, 0, 0, 0, 1], 'B': [0, 0, 0, 0, 0, 0, 0, 0, 0, 0]}, '西门北侧': {'A': [1, 1, 0, 1, 1, 1, 1, 1, 1, 1], 'B': [1, 1, 1, 1, 0, 1, 1, 1, 1, 0], 'C': [1, 1, 1, 1, 0, 1, 1, 0, 0, 1]}, '西门南侧': {'A': [0, 1, 1, 1, 1, 1, 1, 0, 1, 1], 'B': [1, 1, 1, 1, 1, 1, 1, 1, 1, 1], 'C': [1, 1, 0, 1, 0, 0, 1, 1, 1, 1]}, '南门西侧': {'A': [1, 1, 1, 1, 1, 1, 1, 1, 1, 1], 'B': [0, 0, 0, 0, 0, 0, 0, 0, 1, 1]}, '南门东侧': {'A': [1, 0, 0, 1, 0, 1, 1, 1, 1, 1], 'B': [1, 1, 1, 1, 1, 1, 1, 1, 1, 1]}, '北门东北侧': {'A': [1, 1, 1, 1, 1, 1, 1, 1, 1, 1], 'B': [0, 0, 0, 1, 1, 0, 1, 1, 0, 0], 'C': [1, 1, 0, 1, 0, 0, 1, 1, 1, 0], 'D': [1, 0, 0, 0, 0, 0, 0, 0, 0, 0]}, '北门东南侧': {'A': [0, 1, 1, 0, 1, 0, 1, 1, 0, 1], 'B': [0, 1, 0, 1, 1, 0, 0, 1, 0, 1], 'C': [1, 0, 1, 0, 0, 0, 0, 0, 1, 1], 'D': [0, 0, 0, 0, 0, 1, 1, 0, 0, 0], 'E': [0, 0, 0, 1, 0, 0, 0, 0, 0, 0], 'F': [1, 1, 1, 1, 0, 1, 1, 0, 1, 1]}, '橘园北侧南': {'A': [0, 1, 1, 0, 1, 0, 0, 1, 0, 1], 'B': [0, 1, 1, 1, 1, 0, 0, 0, 1, 1], 'C': [1, 0, 0, 1, 1, 1, 0, 0, 1, 0], 'D': [1, 1, 1, 1, 1, 0, 0, 0, 1, 1], 'E': [0, 1, 1, 0, 1, 0, 1, 0, 1, 0], 'F': [0, 0, 0, 0, 1, 0, 0, 0, 1, 1], 'G': [0, 1, 0, 0, 0, 0, 1, 1, 1, 1], 'H': [1, 1, 0, 1, 0, 0, 1, 0, 0, 0], 'I': [1, 0, 0, 0, 0, 0, 0, 0, 0, 0], 'J': [0, 0, 0, 0, 0, 0, 0, 1, 1, 0]}, '校医院西': {'A': [1, 1, 0, 1, 1, 1, 1, 1, 1, 0], 'B': [1, 0, 1, 1, 0, 1, 0, 1, 1, 1], 'C': [0, 1, 0, 1, 1, 0, 1, 1, 0, 1], 'D': [1, 1, 1, 1, 1, 0, 1, 1, 1, 1], 'E': [1, 1, 0, 1, 1, 1, 1, 1, 1, 1], 'F': [1, 0, 1, 1, 1, 0, 1, 1, 1, 1], 'G': [0, 0, 0, 0, 0, 1, 0, 1, 1, 1], 'H': [0, 0, 0, 0, 1, 0, 0, 0, 0, 0], 'I': [0, 0, 0, 0, 0, 0, 0, 0, 0, 0]}}
624266	2024-07-13 21:52:22.675000+08:00	2024-07-13 21:52:22.675000+08:00	{'东门北侧': {'A': [1, 1, 1, 1, 1, 0, 1, 0, 1, 1], 'B': [1, 1, 1, 1, 1, 1, 1, 1, 1, 1], 'C': [1, 1, 0, 1, 1, 0, 1, 0, 1, 0], 'D': [1, 0, 1, 1, 1, 1, 0, 1, 0, 0], 'E': [1, 0, 1, 1, 1, 0, 1, 1, 1, 1], 'F': [1, 1, 1, 1, 1, 1, 1, 1, 1, 1], 'G': [1, 1, 1, 1, 1, 1, 1, 1, 0, 0], 'H': [1, 1, 1, 1, 1, 1, 0, 1, 0, 1], 'I': [1, 1, 1, 1, 1, 1, 1, 1, 1, 1], 'J': [1, 1, 0, 1, 0, 0, 1, 1, 1, 0], 'K': [1, 1, 1, 0, 1, 1, 1, 1, 1, 0]}, '东门南侧': {'A': [0, 1, 1, 1, 0, 1, 0, 0, 0, 1], 'B': [0, 0, 0, 0, 0, 0, 0, 0, 0, 0]}, '西门北侧': {'A': [1, 1, 0, 1, 1, 1, 1, 1, 1, 1], 'B': [1, 1, 1, 1, 0, 1, 1, 1, 1, 0], 'C': [1, 1, 1, 1, 0, 1, 1, 0, 0, 1]}, '西门南侧': {'A': [0, 1, 1, 1, 1, 1, 1, 0, 1, 1], 'B': [1, 1, 1, 1, 1, 1, 1, 1, 1, 1], 'C': [1, 1, 0, 1, 0, 0, 1, 1, 1, 1]}, '南门西侧': {'A': [1, 1, 1, 1, 1, 1, 1, 1, 1, 1], 'B': [0, 0, 0, 0, 0, 0, 0, 0, 1, 1]}, '南门东侧': {'A': [1, 0, 0, 1, 0, 1, 1, 1, 1, 1], 'B': [1, 1, 1, 1, 1, 1, 1, 1, 1, 1]}, '北门东北侧': {'A': [1, 1, 1, 1, 1, 1, 1, 1, 1, 1], 'B': [0, 0, 0, 1, 1, 0, 1, 1, 0, 0], 'C': [1, 1, 0, 1, 0, 0, 1, 1, 1, 0], 'D': [1, 0, 0, 0, 0, 0, 0, 0, 0, 0]}, '北门东南侧': {'A': [0, 1, 1, 0, 1, 0, 1, 1, 0, 1], 'B': [0, 1, 0, 1, 1, 0, 0, 1, 0, 1], 'C': [1, 0, 1, 0, 0, 0, 0, 0, 1, 1], 'D': [0, 0, 0, 0, 0, 1, 1, 0, 0, 0], 'E': [0, 0, 0, 1, 0, 0, 0, 0, 0, 0], 'F': [1, 1, 1, 1, 0, 1, 1, 0, 1, 1]}, '橘园北侧南': {'A': [0, 1, 1, 0, 1, 0, 0, 1, 0, 1], 'B': [0, 1, 1, 1, 1, 0, 0, 0, 1, 1], 'C': [1, 0, 0, 1, 1, 1, 0, 0, 1, 0], 'D': [1, 1, 1, 1, 1, 0, 0, 0, 1, 1], 'E': [0, 1, 1, 0, 1, 0, 1, 0, 1, 0], 'F': [0, 0, 0, 0, 1, 0, 0, 0, 1, 1], 'G': [0, 1, 0, 0, 0, 0, 1, 1, 1, 1], 'H': [1, 1, 0, 1, 0, 0, 1, 0, 0, 0], 'I': [1, 0, 0, 0, 0, 0, 0, 0, 0, 0], 'J': [0, 0, 0, 0, 0, 0, 0, 1, 1, 0]}, '校医院西': {'A': [1, 1, 0, 1, 1, 1, 1, 1, 1, 0], 'B': [1, 0, 1, 1, 0, 1, 0, 1, 1, 1], 'C': [0, 1, 0, 1, 1, 0, 1, 1, 0, 1], 'D': [1, 1, 1, 1, 1, 0, 1, 1, 1, 1], 'E': [1, 1, 0, 1, 1, 1, 1, 1, 1, 1], 'F': [1, 0, 1, 1, 1, 0, 1, 1, 1, 1], 'G': [0, 0, 0, 0, 0, 1, 0, 1, 1, 1], 'H': [0, 0, 0, 0, 1, 0, 0, 0, 0, 0], 'I': [0, 0, 0, 0, 0, 0, 0, 0, 0, 0]}}
624267	2024-07-13 21:53:21.223000+08:00	2024-07-13 21:53:21.223000+08:00	{'东门北侧': {'A': [1, 1, 1, 1, 1, 0, 1, 0, 1, 1], 'B': [1, 1, 1, 1, 1, 1, 1, 1, 1, 1], 'C': [0, 1, 0, 1, 1, 0, 1, 0, 1, 0], 'D': [1, 0, 1, 1, 1, 1, 0, 1, 0, 0], 'E': [1, 0, 1, 1, 1, 0, 1, 1, 1, 1], 'F': [1, 1, 1, 1, 1, 1, 1, 1, 1, 1], 'G': [1, 1, 1, 1, 1, 1, 1, 1, 0, 0], 'H': [1, 1, 1, 1, 1, 1, 0, 1, 0, 1], 'I': [1, 1, 1, 1, 1, 1, 1, 1, 1, 1], 'J': [1, 1, 0, 1, 0, 0, 1, 1, 1, 0], 'K': [1, 1, 1, 0, 1, 1, 1, 1, 1, 0]}, '东门南侧': {'A': [0, 1, 1, 1, 0, 1, 0, 0, 0, 1], 'B': [0, 0, 0, 0, 0, 0, 0, 0, 0, 0]}, '西门北侧': {'A': [1, 1, 0, 1, 1, 1, 1, 1, 1, 1], 'B': [1, 1, 1, 1, 0, 1, 1, 1, 1, 0], 'C': [1, 1, 1, 1, 0, 1, 1, 0, 0, 1]}, '西门南侧': {'A': [0, 1, 1, 1, 1, 1, 1, 0, 1, 1], 'B': [1, 1, 1, 1, 1, 1, 1, 1, 1, 1], 'C': [1, 1, 0, 1, 0, 0, 1, 1, 1, 1]}, '南门西侧': {'A': [1, 1, 1, 1, 1, 1, 1, 1, 1, 1], 'B': [0, 0, 0, 0, 0, 0, 0, 0, 1, 1]}, '南门东侧': {'A': [1, 0, 0, 1, 0, 1, 1, 1, 1, 1], 'B': [1, 1, 1, 1, 1, 1, 1, 1, 1, 1]}, '北门东北侧': {'A': [1, 1, 1, 1, 1, 1, 1, 1, 1, 1], 'B': [0, 0, 0, 1, 1, 0, 1, 1, 0, 0], 'C': [1, 1, 0, 1, 0, 0, 1, 1, 1, 0], 'D': [1, 0, 0, 0, 0, 0, 0, 0, 0, 0]}, '北门东南侧': {'A': [0, 1, 1, 0, 1, 0, 1, 1, 0, 1], 'B': [0, 1, 0, 1, 1, 0, 0, 1, 0, 1], 'C': [1, 0, 1, 0, 0, 0, 0, 0, 1, 1], 'D': [0, 0, 0, 0, 0, 1, 1, 0, 0, 0], 'E': [0, 0, 0, 1, 0, 0, 0, 0, 0, 0], 'F': [1, 1, 1, 1, 0, 1, 1, 0, 1, 1]}, '橘园北侧南': {'A': [0, 1, 1, 0, 1, 0, 0, 1, 0, 1], 'B': [0, 1, 1, 1, 1, 0, 0, 0, 1, 1], 'C': [1, 0, 0, 1, 1, 1, 0, 0, 1, 0], 'D': [1, 1, 1, 1, 1, 0, 0, 0, 1, 1], 'E': [0, 1, 1, 0, 1, 0, 1, 0, 1, 0], 'F': [0, 0, 0, 0, 1, 0, 0, 0, 1, 1], 'G': [0, 1, 0, 0, 0, 0, 1, 1, 1, 1], 'H': [1, 1, 0, 1, 0, 0, 1, 0, 0, 0], 'I': [1, 0, 0, 0, 0, 0, 0, 0, 0, 0], 'J': [0, 0, 0, 0, 0, 0, 0, 1, 1, 0]}, '校医院西': {'A': [1, 1, 0, 1, 1, 1, 1, 1, 1, 0], 'B': [1, 0, 1, 1, 0, 1, 0, 1, 1, 1], 'C': [0, 1, 0, 1, 1, 0, 1, 1, 0, 1], 'D': [1, 1, 1, 1, 1, 0, 1, 1, 1, 1], 'E': [1, 1, 0, 1, 1, 1, 1, 1, 1, 1], 'F': [1, 0, 1, 1, 1, 0, 1, 1, 1, 1], 'G': [0, 0, 0, 0, 0, 1, 0, 1, 1, 1], 'H': [0, 0, 0, 0, 1, 0, 0, 0, 0, 0], 'I': [0, 0, 0, 0, 0, 0, 0, 0, 0, 0]}}
624268	2024-07-13 21:54:24.660000+08:00	2024-07-13 21:54:24.660000+08:00	{'东门北侧': {'A': [1, 1, 1, 1, 1, 0, 1, 0, 1, 1], 'B': [1, 1, 1, 1, 1, 1, 1, 1, 1, 1], 'C': [0, 1, 0, 1, 1, 0, 1, 0, 1, 0], 'D': [1, 0, 1, 1, 1, 1, 0, 1, 0, 0], 'E': [1, 0, 1, 1, 1, 0, 1, 1, 1, 1], 'F': [1, 1, 1, 1, 1, 1, 1, 1, 1, 1], 'G': [1, 1, 1, 1, 1, 1, 1, 1, 0, 0], 'H': [1, 1, 1, 1, 1, 1, 0, 1, 0, 1], 'I': [1, 1, 1, 1, 1, 1, 1, 1, 1, 1], 'J': [1, 1, 0, 1, 0, 0, 1, 1, 1, 0], 'K': [1, 1, 1, 0, 1, 1, 1, 1, 1, 0]}, '东门南侧': {'A': [0, 1, 1, 1, 0, 1, 0, 0, 0, 1], 'B': [0, 0, 0, 0, 0, 0, 0, 0, 0, 0]}, '西门北侧': {'A': [1, 1, 0, 1, 1, 1, 1, 1, 1, 1], 'B': [1, 1, 1, 1, 0, 1, 1, 1, 1, 0], 'C': [1, 1, 1, 1, 0, 1, 1, 0, 0, 1]}, '西门南侧': {'A': [0, 1, 1, 1, 1, 1, 1, 0, 1, 1], 'B': [1, 1, 1, 1, 1, 1, 1, 1, 1, 1], 'C': [1, 1, 0, 1, 0, 0, 1, 1, 1, 1]}, '南门西侧': {'A': [1, 1, 1, 1, 1, 1, 1, 1, 1, 1], 'B': [0, 0, 0, 0, 0, 0, 0, 0, 1, 1]}, '南门东侧': {'A': [1, 0, 0, 1, 0, 1, 1, 1, 1, 1], 'B': [1, 1, 1, 1, 1, 1, 1, 1, 1, 1]}, '北门东北侧': {'A': [1, 1, 1, 1, 1, 1, 1, 1, 1, 1], 'B': [0, 0, 0, 1, 1, 0, 1, 1, 0, 0], 'C': [1, 1, 0, 1, 0, 0, 1, 1, 1, 0], 'D': [1, 0, 0, 0, 0, 0, 0, 0, 0, 0]}, '北门东南侧': {'A': [0, 1, 1, 0, 1, 0, 1, 1, 0, 1], 'B': [0, 1, 0, 1, 1, 0, 0, 1, 0, 1], 'C': [1, 0, 1, 0, 0, 0, 0, 0, 1, 1], 'D': [0, 0, 0, 0, 0, 1, 1, 0, 0, 0], 'E': [0, 0, 0, 1, 0, 0, 0, 0, 0, 0], 'F': [1, 1, 1, 1, 0, 1, 1, 0, 1, 1]}, '橘园北侧南': {'A': [0, 1, 1, 0, 1, 0, 0, 1, 0, 1], 'B': [0, 1, 1, 1, 1, 0, 0, 0, 1, 1], 'C': [1, 0, 0, 1, 1, 1, 0, 0, 1, 0], 'D': [1, 1, 1, 1, 1, 0, 0, 0, 1, 1], 'E': [0, 1, 1, 0, 1, 0, 1, 0, 1, 0], 'F': [0, 0, 0, 0, 1, 0, 0, 0, 1, 1], 'G': [0, 1, 0, 0, 0, 0, 1, 1, 1, 1], 'H': [1, 1, 0, 1, 0, 0, 0, 0, 0, 0], 'I': [1, 0, 0, 0, 0, 0, 0, 0, 0, 0], 'J': [0, 0, 0, 0, 0, 0, 0, 1, 1, 0]}, '校医院西': {'A': [1, 1, 0, 1, 1, 1, 1, 1, 1, 0], 'B': [1, 0, 1, 1, 0, 1, 0, 1, 1, 1], 'C': [0, 1, 0, 1, 1, 0, 1, 1, 0, 1], 'D': [1, 1, 1, 1, 1, 0, 1, 1, 1, 1], 'E': [1, 1, 0, 1, 1, 1, 1, 1, 1, 1], 'F': [1, 0, 1, 1, 1, 0, 1, 1, 1, 1], 'G': [0, 0, 0, 0, 0, 1, 0, 1, 1, 1], 'H': [0, 0, 0, 0, 1, 0, 0, 0, 0, 0], 'I': [0, 0, 0, 0, 0, 0, 0, 0, 0, 0]}}
624269	2024-07-13 21:55:21.327000+08:00	2024-07-13 21:55:21.327000+08:00	{'东门北侧': {'A': [1, 1, 1, 1, 1, 0, 1, 0, 1, 1], 'B': [1, 1, 1, 1, 1, 1, 1, 1, 1, 1], 'C': [0, 1, 0, 1, 1, 0, 1, 0, 1, 0], 'D': [1, 0, 1, 1, 1, 1, 0, 1, 0, 0], 'E': [1, 0, 1, 1, 1, 0, 1, 1, 1, 1], 'F': [1, 1, 1, 1, 1, 1, 1, 1, 1, 1], 'G': [1, 1, 1, 1, 1, 1, 1, 1, 0, 0], 'H': [1, 1, 1, 1, 1, 1, 0, 1, 0, 1], 'I': [1, 1, 1, 1, 1, 1, 1, 1, 1, 1], 'J': [1, 1, 0, 1, 0, 0, 1, 1, 1, 0], 'K': [1, 1, 1, 0, 1, 1, 1, 1, 1, 0]}, '东门南侧': {'A': [0, 1, 1, 1, 0, 1, 0, 0, 0, 1], 'B': [0, 0, 0, 0, 0, 0, 0, 0, 0, 0]}, '西门北侧': {'A': [1, 1, 0, 1, 1, 1, 1, 1, 1, 1], 'B': [1, 1, 1, 1, 0, 1, 1, 1, 1, 0], 'C': [1, 1, 1, 1, 0, 1, 1, 0, 0, 1]}, '西门南侧': {'A': [0, 1, 1, 1, 1, 1, 1, 0, 1, 1], 'B': [1, 1, 1, 1, 1, 1, 1, 1, 1, 1], 'C': [1, 1, 0, 1, 0, 0, 1, 1, 1, 1]}, '南门西侧': {'A': [1, 1, 1, 1, 1, 1, 1, 1, 1, 1], 'B': [0, 0, 0, 0, 0, 0, 0, 0, 1, 1]}, '南门东侧': {'A': [1, 0, 0, 1, 0, 1, 1, 1, 1, 1], 'B': [1, 1, 1, 1, 1, 1, 1, 1, 1, 1]}, '北门东北侧': {'A': [1, 1, 1, 1, 1, 1, 1, 1, 1, 1], 'B': [0, 0, 0, 1, 1, 0, 1, 1, 0, 0], 'C': [1, 1, 0, 1, 0, 0, 1, 1, 1, 0], 'D': [1, 0, 0, 0, 0, 0, 0, 0, 0, 0]}, '北门东南侧': {'A': [0, 1, 1, 0, 1, 0, 1, 1, 0, 1], 'B': [0, 1, 0, 1, 1, 0, 0, 1, 0, 1], 'C': [1, 0, 1, 0, 0, 0, 0, 0, 1, 1], 'D': [0, 0, 0, 0, 0, 1, 1, 0, 0, 0], 'E': [0, 0, 0, 1, 0, 0, 0, 0, 0, 0], 'F': [1, 1, 1, 1, 0, 1, 1, 0, 1, 1]}, '橘园北侧南': {'A': [0, 1, 1, 0, 1, 0, 0, 1, 0, 1], 'B': [0, 1, 1, 1, 1, 0, 0, 0, 1, 1], 'C': [1, 0, 0, 1, 1, 1, 0, 0, 1, 0], 'D': [1, 1, 1, 1, 1, 0, 0, 0, 1, 1], 'E': [0, 1, 1, 0, 1, 0, 1, 0, 1, 0], 'F': [0, 0, 0, 0, 1, 0, 0, 0, 1, 1], 'G': [0, 1, 0, 0, 0, 0, 1, 1, 1, 1], 'H': [1, 1, 0, 1, 0, 0, 0, 0, 0, 0], 'I': [1, 0, 0, 0, 0, 0, 0, 0, 0, 0], 'J': [0, 0, 0, 0, 0, 0, 0, 1, 1, 0]}, '校医院西': {'A': [1, 1, 0, 1, 1, 1, 1, 1, 1, 0], 'B': [1, 0, 1, 1, 0, 1, 0, 1, 1, 1], 'C': [0, 1, 0, 1, 1, 0, 1, 1, 0, 1], 'D': [1, 1, 1, 1, 1, 0, 1, 1, 1, 1], 'E': [1, 1, 0, 1, 1, 1, 1, 1, 1, 1], 'F': [1, 0, 1, 1, 1, 0, 1, 1, 1, 1], 'G': [0, 1, 0, 0, 0, 1, 0, 1, 1, 1], 'H': [0, 0, 0, 0, 1, 0, 0, 0, 0, 0], 'I': [0, 0, 0, 0, 0, 0, 0, 0, 0, 0]}}
624270	2024-07-13 21:56:21.680000+08:00	2024-07-13 21:56:21.680000+08:00	{'东门北侧': {'A': [1, 1, 1, 1, 1, 0, 1, 0, 1, 1], 'B': [1, 1, 1, 1, 1, 1, 1, 1, 1, 1], 'C': [0, 1, 0, 1, 1, 0, 1, 0, 1, 0], 'D': [1, 0, 1, 1, 1, 1, 0, 1, 0, 0], 'E': [1, 0, 1, 1, 1, 0, 1, 1, 1, 1], 'F': [1, 1, 1, 1, 1, 1, 1, 1, 1, 1], 'G': [1, 1, 1, 1, 1, 1, 1, 1, 0, 0], 'H': [1, 1, 1, 1, 1, 1, 0, 1, 0, 1], 'I': [1, 1, 1, 1, 1, 1, 1, 1, 1, 1], 'J': [1, 1, 0, 1, 0, 0, 1, 1, 1, 0], 'K': [1, 1, 1, 0, 1, 1, 1, 1, 1, 0]}, '东门南侧': {'A': [0, 1, 1, 1, 0, 1, 0, 0, 0, 1], 'B': [0, 0, 0, 0, 0, 0, 0, 0, 0, 0]}, '西门北侧': {'A': [1, 1, 0, 1, 1, 1, 1, 1, 1, 1], 'B': [1, 1, 1, 1, 0, 1, 1, 1, 1, 0], 'C': [1, 1, 1, 1, 0, 1, 1, 0, 0, 1]}, '西门南侧': {'A': [0, 1, 1, 1, 1, 1, 1, 0, 1, 1], 'B': [1, 1, 1, 1, 1, 1, 1, 1, 1, 1], 'C': [1, 1, 0, 1, 0, 0, 1, 1, 1, 1]}, '南门西侧': {'A': [1, 1, 1, 1, 1, 1, 1, 1, 1, 1], 'B': [0, 0, 0, 0, 0, 0, 0, 0, 1, 1]}, '南门东侧': {'A': [1, 0, 0, 1, 0, 1, 1, 1, 1, 1], 'B': [1, 1, 1, 1, 1, 1, 1, 1, 1, 1]}, '北门东北侧': {'A': [1, 1, 1, 1, 1, 1, 1, 1, 1, 1], 'B': [0, 0, 0, 1, 1, 0, 1, 1, 0, 0], 'C': [1, 1, 0, 1, 0, 0, 1, 1, 1, 0], 'D': [1, 0, 0, 0, 0, 0, 0, 0, 0, 0]}, '北门东南侧': {'A': [0, 1, 1, 0, 1, 0, 1, 1, 0, 1], 'B': [0, 1, 0, 1, 1, 0, 0, 1, 0, 1], 'C': [1, 0, 1, 0, 0, 0, 0, 0, 1, 1], 'D': [0, 0, 0, 0, 0, 1, 1, 0, 0, 0], 'E': [0, 0, 0, 1, 0, 0, 0, 0, 0, 0], 'F': [1, 1, 1, 1, 0, 1, 1, 0, 1, 1]}, '橘园北侧南': {'A': [0, 1, 1, 0, 1, 0, 0, 1, 0, 1], 'B': [0, 1, 1, 1, 1, 0, 0, 0, 1, 1], 'C': [1, 0, 0, 1, 1, 1, 0, 0, 1, 0], 'D': [1, 1, 1, 1, 1, 0, 0, 0, 1, 1], 'E': [0, 1, 1, 0, 1, 0, 1, 0, 1, 0], 'F': [0, 0, 0, 0, 1, 0, 0, 0, 1, 1], 'G': [0, 1, 0, 0, 0, 0, 1, 1, 1, 1], 'H': [1, 1, 0, 1, 0, 0, 0, 0, 0, 0], 'I': [1, 0, 0, 0, 0, 0, 0, 0, 0, 0], 'J': [0, 0, 0, 0, 0, 0, 0, 1, 1, 0]}, '校医院西': {'A': [1, 1, 0, 1, 1, 1, 1, 1, 1, 0], 'B': [1, 0, 1, 1, 0, 0, 0, 1, 1, 1], 'C': [0, 1, 0, 1, 1, 0, 1, 1, 0, 1], 'D': [1, 1, 1, 1, 1, 0, 1, 1, 1, 1], 'E': [1, 1, 0, 1, 1, 1, 1, 1, 1, 1], 'F': [1, 0, 1, 1, 1, 0, 1, 1, 1, 1], 'G': [0, 1, 0, 0, 0, 1, 0, 1, 1, 1], 'H': [0, 0, 0, 0, 1, 0, 0, 0, 0, 0], 'I': [0, 0, 0, 0, 0, 0, 0, 0, 0, 0]}}
624271	2024-07-13 21:57:27.649000+08:00	2024-07-13 21:57:27.649000+08:00	{'东门北侧': {'A': [1, 1, 1, 1, 1, 0, 1, 0, 1, 1], 'B': [1, 1, 1, 1, 1, 1, 1, 1, 1, 1], 'C': [0, 1, 0, 1, 1, 0, 1, 0, 1, 0], 'D': [1, 0, 1, 1, 1, 1, 0, 1, 0, 0], 'E': [1, 0, 1, 1, 1, 0, 1, 1, 1, 1], 'F': [1, 1, 1, 1, 1, 1, 1, 1, 1, 1], 'G': [1, 1, 1, 1, 1, 1, 1, 1, 0, 0], 'H': [1, 1, 1, 1, 1, 1, 0, 1, 0, 1], 'I': [1, 1, 1, 1, 1, 1, 1, 1, 1, 1], 'J': [1, 1, 0, 1, 0, 0, 1, 1, 1, 0], 'K': [1, 1, 1, 0, 1, 1, 1, 1, 1, 0]}, '东门南侧': {'A': [0, 1, 1, 1, 0, 1, 0, 0, 0, 1], 'B': [0, 0, 0, 0, 0, 0, 0, 0, 0, 0]}, '西门北侧': {'A': [1, 1, 0, 1, 1, 1, 1, 1, 1, 1], 'B': [1, 1, 1, 1, 0, 1, 1, 1, 1, 0], 'C': [1, 1, 1, 1, 0, 1, 1, 0, 0, 1]}, '西门南侧': {'A': [0, 1, 1, 1, 1, 1, 1, 0, 1, 1], 'B': [1, 1, 1, 1, 1, 1, 1, 1, 1, 1], 'C': [1, 1, 0, 1, 0, 0, 1, 1, 1, 1]}, '南门西侧': {'A': [1, 1, 1, 1, 1, 1, 1, 1, 1, 1], 'B': [0, 0, 0, 0, 0, 0, 0, 0, 1, 1]}, '南门东侧': {'A': [1, 0, 0, 1, 0, 1, 1, 1, 1, 1], 'B': [1, 1, 1, 1, 1, 1, 1, 1, 1, 1]}, '北门东北侧': {'A': [1, 1, 1, 1, 1, 1, 1, 1, 1, 1], 'B': [0, 0, 0, 1, 1, 0, 1, 1, 0, 0], 'C': [1, 1, 0, 1, 0, 0, 1, 1, 1, 0], 'D': [1, 0, 0, 0, 0, 0, 0, 0, 0, 0]}, '北门东南侧': {'A': [0, 1, 1, 0, 1, 0, 1, 1, 0, 1], 'B': [0, 1, 0, 1, 1, 0, 0, 1, 0, 1], 'C': [1, 0, 1, 0, 0, 0, 0, 0, 1, 1], 'D': [0, 0, 0, 0, 0, 1, 1, 0, 0, 0], 'E': [0, 0, 0, 1, 0, 0, 0, 0, 0, 0], 'F': [1, 1, 1, 1, 0, 1, 1, 0, 1, 1]}, '橘园北侧南': {'A': [0, 1, 1, 0, 1, 0, 0, 1, 0, 1], 'B': [0, 1, 1, 1, 1, 0, 0, 0, 1, 1], 'C': [1, 0, 0, 1, 1, 1, 0, 0, 1, 0], 'D': [1, 1, 1, 1, 1, 0, 0, 0, 1, 1], 'E': [0, 1, 1, 0, 1, 0, 1, 0, 1, 1], 'F': [0, 0, 0, 0, 1, 0, 0, 0, 1, 1], 'G': [0, 1, 0, 0, 0, 0, 1, 1, 1, 1], 'H': [1, 1, 0, 1, 0, 0, 0, 0, 0, 0], 'I': [1, 0, 0, 0, 0, 0, 0, 0, 0, 0], 'J': [0, 0, 0, 0, 0, 0, 0, 1, 1, 0]}, '校医院西': {'A': [1, 1, 0, 1, 1, 1, 1, 1, 1, 0], 'B': [1, 0, 1, 1, 0, 0, 0, 1, 1, 1], 'C': [0, 1, 0, 1, 1, 0, 1, 1, 0, 1], 'D': [1, 1, 1, 1, 1, 0, 1, 1, 1, 1], 'E': [1, 1, 0, 1, 1, 1, 1, 1, 1, 1], 'F': [1, 0, 1, 1, 1, 0, 1, 1, 1, 1], 'G': [0, 1, 0, 0, 0, 1, 0, 1, 1, 1], 'H': [0, 0, 0, 0, 1, 0, 0, 0, 0, 0], 'I': [0, 0, 0, 0, 0, 0, 0, 0, 0, 0]}}
624272	2024-07-13 21:58:23.034000+08:00	2024-07-13 21:58:23.034000+08:00	{'东门北侧': {'A': [1, 1, 1, 1, 1, 0, 1, 0, 1, 1], 'B': [1, 1, 1, 1, 1, 1, 1, 1, 1, 1], 'C': [0, 1, 0, 1, 1, 0, 1, 0, 1, 0], 'D': [1, 0, 1, 1, 1, 1, 0, 1, 1, 1], 'E': [1, 0, 1, 1, 1, 0, 1, 1, 1, 1], 'F': [1, 1, 1, 1, 1, 1, 1, 1, 1, 1], 'G': [1, 1, 1, 1, 1, 1, 1, 1, 0, 1], 'H': [1, 1, 1, 1, 1, 1, 0, 1, 0, 1], 'I': [1, 1, 1, 1, 1, 1, 1, 1, 1, 1], 'J': [1, 1, 0, 1, 0, 0, 1, 1, 1, 0], 'K': [1, 1, 1, 0, 1, 1, 1, 1, 1, 0]}, '东门南侧': {'A': [0, 1, 1, 1, 0, 1, 0, 0, 0, 1], 'B': [0, 0, 0, 0, 0, 0, 0, 0, 0, 0]}, '西门北侧': {'A': [1, 1, 0, 1, 1, 1, 1, 1, 1, 1], 'B': [1, 1, 1, 1, 0, 1, 1, 1, 1, 0], 'C': [1, 1, 1, 1, 0, 1, 1, 0, 0, 1]}, '西门南侧': {'A': [0, 1, 1, 1, 1, 1, 1, 0, 1, 1], 'B': [1, 1, 1, 1, 1, 1, 1, 1, 1, 1], 'C': [1, 1, 0, 1, 0, 0, 1, 1, 1, 1]}, '南门西侧': {'A': [1, 1, 1, 1, 1, 1, 1, 1, 1, 1], 'B': [0, 0, 0, 0, 0, 0, 0, 0, 1, 1]}, '南门东侧': {'A': [1, 0, 0, 1, 0, 1, 1, 1, 1, 1], 'B': [1, 1, 1, 1, 1, 1, 1, 1, 1, 1]}, '北门东北侧': {'A': [1, 1, 1, 1, 1, 1, 1, 1, 1, 1], 'B': [0, 0, 0, 1, 1, 0, 1, 1, 0, 0], 'C': [1, 1, 0, 1, 0, 0, 1, 1, 1, 0], 'D': [1, 0, 0, 0, 0, 0, 0, 0, 0, 0]}, '北门东南侧': {'A': [0, 1, 1, 0, 1, 0, 1, 1, 0, 1], 'B': [0, 1, 0, 1, 1, 0, 0, 1, 0, 1], 'C': [1, 0, 1, 0, 0, 0, 0, 0, 1, 1], 'D': [0, 0, 0, 0, 0, 1, 1, 0, 0, 0], 'E': [0, 0, 0, 1, 0, 0, 0, 0, 0, 0], 'F': [1, 1, 1, 1, 0, 1, 1, 0, 1, 1]}, '橘园北侧南': {'A': [0, 1, 1, 0, 1, 0, 0, 1, 0, 1], 'B': [0, 1, 1, 1, 1, 0, 0, 0, 1, 1], 'C': [1, 0, 0, 1, 1, 1, 0, 0, 1, 0], 'D': [1, 1, 1, 1, 1, 0, 0, 0, 1, 1], 'E': [0, 1, 1, 0, 1, 0, 1, 0, 1, 1], 'F': [0, 0, 0, 0, 1, 0, 0, 0, 1, 1], 'G': [0, 1, 0, 0, 0, 0, 1, 1, 1, 1], 'H': [1, 1, 0, 1, 0, 0, 0, 0, 0, 0], 'I': [1, 0, 0, 0, 0, 0, 0, 0, 0, 0], 'J': [0, 0, 0, 0, 0, 0, 0, 1, 1, 0]}, '校医院西': {'A': [0, 1, 0, 1, 1, 1, 1, 1, 1, 0], 'B': [1, 0, 1, 1, 0, 0, 0, 1, 1, 1], 'C': [0, 1, 0, 1, 1, 0, 1, 1, 0, 1], 'D': [1, 1, 1, 1, 1, 0, 1, 1, 1, 1], 'E': [1, 1, 0, 1, 1, 1, 1, 1, 1, 1], 'F': [1, 0, 1, 1, 1, 0, 1, 1, 1, 1], 'G': [0, 1, 0, 0, 0, 1, 0, 1, 1, 1], 'H': [0, 0, 0, 0, 1, 0, 0, 0, 0, 0], 'I': [0, 0, 0, 0, 0, 0, 0, 0, 0, 0]}}
624273	2024-07-13 21:59:21.443000+08:00	2024-07-13 21:59:21.443000+08:00	{'东门北侧': {'A': [1, 1, 1, 1, 1, 0, 1, 0, 1, 1], 'B': [1, 1, 1, 1, 1, 1, 1, 1, 1, 1], 'C': [0, 1, 0, 1, 1, 0, 1, 0, 1, 0], 'D': [1, 0, 1, 1, 1, 1, 0, 1, 1, 1], 'E': [1, 0, 1, 1, 1, 0, 1, 1, 1, 1], 'F': [1, 1, 1, 1, 1, 1, 1, 1, 1, 1], 'G': [1, 1, 1, 1, 1, 1, 1, 1, 0, 1], 'H': [1, 1, 1, 1, 1, 1, 0, 1, 0, 1], 'I': [1, 1, 1, 1, 1, 1, 1, 1, 1, 1], 'J': [1, 1, 0, 1, 0, 0, 1, 1, 1, 0], 'K': [1, 1, 1, 0, 1, 1, 1, 1, 1, 0]}, '东门南侧': {'A': [0, 1, 1, 1, 0, 1, 0, 0, 0, 1], 'B': [0, 0, 0, 0, 0, 0, 0, 0, 0, 0]}, '西门北侧': {'A': [1, 1, 0, 1, 1, 1, 1, 1, 1, 1], 'B': [1, 1, 1, 1, 0, 1, 1, 1, 1, 0], 'C': [1, 1, 1, 1, 0, 1, 1, 0, 0, 1]}, '西门南侧': {'A': [0, 1, 1, 1, 1, 1, 1, 0, 1, 1], 'B': [1, 1, 1, 1, 1, 1, 1, 1, 1, 1], 'C': [1, 1, 0, 1, 0, 0, 1, 1, 1, 1]}, '南门西侧': {'A': [1, 1, 1, 1, 1, 1, 1, 1, 1, 1], 'B': [0, 0, 0, 0, 0, 0, 0, 0, 1, 1]}, '南门东侧': {'A': [1, 0, 0, 1, 0, 1, 1, 1, 1, 1], 'B': [1, 1, 1, 1, 1, 1, 1, 1, 1, 1]}, '北门东北侧': {'A': [0, 1, 1, 1, 1, 1, 1, 1, 1, 1], 'B': [0, 0, 0, 1, 1, 0, 1, 1, 0, 0], 'C': [1, 1, 0, 1, 0, 0, 1, 1, 1, 0], 'D': [1, 0, 0, 0, 0, 0, 0, 0, 0, 0]}, '北门东南侧': {'A': [0, 1, 1, 0, 1, 0, 1, 1, 0, 1], 'B': [0, 1, 0, 1, 1, 0, 0, 1, 0, 1], 'C': [1, 0, 1, 0, 0, 0, 0, 0, 1, 1], 'D': [0, 0, 0, 0, 0, 1, 1, 0, 0, 0], 'E': [0, 0, 0, 1, 0, 0, 0, 0, 0, 0], 'F': [1, 1, 1, 1, 0, 1, 1, 0, 1, 1]}, '橘园北侧南': {'A': [0, 1, 1, 0, 1, 0, 0, 1, 0, 1], 'B': [0, 1, 1, 1, 1, 0, 0, 0, 1, 1], 'C': [1, 0, 0, 1, 1, 1, 0, 0, 0, 0], 'D': [1, 1, 1, 1, 1, 0, 0, 0, 1, 1], 'E': [0, 1, 1, 0, 1, 0, 1, 0, 1, 1], 'F': [0, 0, 0, 0, 1, 0, 0, 0, 1, 1], 'G': [0, 1, 0, 0, 0, 0, 1, 1, 1, 1], 'H': [1, 1, 0, 1, 0, 0, 0, 0, 0, 0], 'I': [1, 0, 0, 0, 0, 0, 0, 0, 0, 0], 'J': [0, 0, 0, 0, 0, 0, 0, 1, 1, 0]}, '校医院西': {'A': [0, 1, 0, 1, 1, 1, 1, 1, 1, 0], 'B': [1, 0, 1, 1, 0, 0, 0, 1, 1, 1], 'C': [0, 1, 0, 1, 1, 0, 1, 1, 0, 1], 'D': [1, 1, 1, 1, 1, 0, 1, 1, 1, 1], 'E': [1, 1, 0, 1, 1, 1, 1, 1, 1, 1], 'F': [1, 0, 1, 1, 1, 0, 1, 1, 1, 1], 'G': [0, 1, 0, 0, 0, 1, 0, 1, 1, 1], 'H': [0, 0, 0, 0, 1, 0, 0, 0, 0, 0], 'I': [0, 0, 0, 0, 0, 0, 0, 0, 0, 0]}}
624274	2024-07-13 22:00:21.245000+08:00	2024-07-13 22:00:21.245000+08:00	{'东门北侧': {'A': [1, 1, 1, 1, 1, 0, 1, 0, 1, 1], 'B': [1, 1, 1, 1, 1, 1, 1, 1, 1, 1], 'C': [0, 1, 0, 1, 1, 0, 1, 0, 1, 0], 'D': [1, 0, 1, 1, 1, 1, 0, 1, 1, 1], 'E': [1, 0, 1, 1, 1, 0, 1, 1, 1, 1], 'F': [1, 1, 1, 1, 1, 1, 1, 1, 1, 1], 'G': [1, 1, 1, 1, 1, 1, 1, 1, 0, 1], 'H': [1, 1, 1, 1, 1, 1, 0, 1, 0, 1], 'I': [1, 1, 1, 1, 1, 1, 1, 1, 1, 1], 'J': [1, 1, 0, 1, 0, 0, 1, 1, 1, 0], 'K': [1, 1, 1, 0, 1, 1, 1, 1, 1, 0]}, '东门南侧': {'A': [0, 1, 1, 1, 0, 1, 0, 0, 0, 1], 'B': [0, 0, 0, 0, 0, 0, 0, 0, 0, 0]}, '西门北侧': {'A': [1, 1, 0, 1, 1, 1, 1, 1, 1, 1], 'B': [1, 1, 1, 1, 0, 1, 1, 1, 1, 0], 'C': [1, 1, 1, 1, 0, 1, 1, 0, 0, 1]}, '西门南侧': {'A': [0, 1, 1, 1, 1, 1, 1, 0, 1, 1], 'B': [1, 1, 1, 1, 1, 1, 1, 1, 1, 1], 'C': [1, 1, 0, 1, 0, 0, 1, 1, 1, 1]}, '南门西侧': {'A': [1, 1, 1, 1, 1, 1, 1, 1, 1, 1], 'B': [0, 0, 0, 0, 0, 0, 0, 0, 1, 1]}, '南门东侧': {'A': [1, 0, 0, 1, 0, 1, 1, 1, 1, 1], 'B': [1, 1, 1, 1, 1, 1, 1, 1, 1, 1]}, '北门东北侧': {'A': [1, 1, 1, 1, 1, 1, 1, 1, 1, 1], 'B': [0, 0, 0, 1, 1, 0, 1, 1, 0, 0], 'C': [1, 1, 0, 1, 0, 0, 1, 1, 1, 0], 'D': [1, 0, 0, 0, 0, 0, 0, 0, 0, 0]}, '北门东南侧': {'A': [0, 1, 1, 0, 1, 0, 1, 1, 0, 1], 'B': [0, 1, 0, 1, 1, 0, 0, 1, 0, 1], 'C': [1, 0, 1, 0, 0, 0, 0, 0, 1, 1], 'D': [0, 0, 0, 0, 0, 1, 1, 0, 0, 0], 'E': [0, 0, 0, 1, 0, 0, 1, 0, 0, 0], 'F': [1, 1, 1, 1, 0, 1, 1, 0, 1, 1]}, '橘园北侧南': {'A': [0, 1, 1, 0, 1, 0, 0, 1, 0, 1], 'B': [0, 1, 1, 1, 1, 0, 0, 0, 1, 1], 'C': [1, 0, 0, 1, 1, 1, 0, 0, 0, 0], 'D': [1, 1, 1, 1, 1, 0, 0, 0, 1, 1], 'E': [0, 1, 1, 0, 1, 0, 1, 0, 1, 1], 'F': [0, 0, 0, 0, 1, 0, 0, 0, 1, 1], 'G': [0, 1, 0, 0, 0, 0, 1, 1, 1, 1], 'H': [1, 1, 0, 1, 0, 0, 0, 0, 0, 0], 'I': [1, 0, 0, 0, 0, 0, 0, 0, 0, 0], 'J': [0, 0, 0, 0, 0, 0, 0, 1, 1, 0]}, '校医院西': {'A': [0, 1, 0, 1, 1, 1, 1, 1, 1, 0], 'B': [1, 0, 1, 1, 0, 0, 0, 1, 1, 1], 'C': [0, 1, 0, 1, 1, 0, 1, 1, 0, 1], 'D': [1, 1, 1, 1, 1, 0, 1, 1, 1, 1], 'E': [1, 1, 0, 1, 1, 1, 1, 1, 1, 1], 'F': [1, 0, 1, 1, 1, 0, 1, 1, 1, 1], 'G': [0, 0, 0, 0, 0, 1, 0, 1, 1, 1], 'H': [0, 0, 1, 0, 1, 0, 0, 0, 0, 0], 'I': [0, 0, 0, 0, 0, 0, 0, 0, 0, 0]}}
624275	2024-07-13 22:01:22.049000+08:00	2024-07-13 22:01:22.049000+08:00	{'东门北侧': {'A': [1, 1, 1, 1, 1, 0, 1, 0, 1, 1], 'B': [1, 1, 1, 1, 1, 1, 1, 1, 1, 1], 'C': [0, 1, 0, 1, 1, 0, 1, 0, 1, 0], 'D': [1, 0, 1, 1, 1, 1, 0, 1, 1, 1], 'E': [1, 0, 1, 1, 1, 0, 1, 1, 1, 1], 'F': [1, 1, 1, 1, 1, 1, 1, 1, 1, 1], 'G': [1, 1, 1, 1, 1, 1, 1, 1, 0, 1], 'H': [1, 1, 1, 1, 1, 1, 0, 1, 0, 1], 'I': [1, 1, 1, 1, 1, 1, 1, 1, 1, 1], 'J': [1, 1, 0, 1, 0, 0, 1, 1, 1, 0], 'K': [1, 1, 1, 0, 1, 1, 1, 1, 1, 0]}, '东门南侧': {'A': [0, 1, 1, 1, 0, 1, 0, 0, 0, 1], 'B': [0, 0, 0, 0, 0, 0, 0, 0, 0, 0]}, '西门北侧': {'A': [1, 1, 0, 1, 1, 1, 1, 1, 1, 1], 'B': [1, 1, 1, 1, 0, 1, 1, 1, 1, 0], 'C': [1, 1, 1, 1, 0, 1, 1, 0, 0, 1]}, '西门南侧': {'A': [0, 1, 1, 1, 1, 1, 1, 0, 1, 1], 'B': [1, 1, 1, 1, 1, 1, 1, 1, 1, 1], 'C': [1, 1, 0, 1, 0, 0, 1, 1, 1, 1]}, '南门西侧': {'A': [1, 1, 1, 1, 1, 1, 1, 1, 1, 1], 'B': [0, 0, 0, 0, 0, 0, 0, 0, 1, 1]}, '南门东侧': {'A': [1, 0, 0, 1, 0, 1, 1, 1, 1, 1], 'B': [1, 1, 1, 1, 1, 1, 1, 1, 1, 1]}, '北门东北侧': {'A': [1, 1, 1, 1, 1, 1, 1, 1, 1, 1], 'B': [0, 0, 0, 1, 1, 0, 1, 1, 0, 0], 'C': [1, 1, 0, 1, 0, 0, 1, 1, 1, 0], 'D': [1, 0, 0, 0, 0, 0, 0, 0, 0, 0]}, '北门东南侧': {'A': [0, 1, 1, 0, 1, 0, 1, 1, 0, 1], 'B': [0, 1, 0, 1, 1, 0, 0, 1, 0, 1], 'C': [1, 0, 1, 0, 0, 0, 0, 0, 1, 1], 'D': [0, 0, 0, 0, 0, 1, 1, 0, 0, 0], 'E': [0, 0, 0, 1, 0, 0, 1, 0, 0, 0], 'F': [1, 1, 1, 1, 0, 1, 1, 0, 1, 1]}, '橘园北侧南': {'A': [0, 1, 1, 0, 1, 0, 0, 1, 0, 1], 'B': [0, 1, 1, 1, 1, 0, 0, 0, 1, 1], 'C': [1, 0, 0, 1, 1, 1, 0, 0, 0, 0], 'D': [1, 1, 1, 1, 1, 0, 0, 0, 1, 1], 'E': [0, 1, 1, 0, 1, 0, 1, 0, 1, 1], 'F': [0, 0, 0, 0, 1, 0, 0, 0, 1, 1], 'G': [0, 1, 0, 0, 0, 0, 1, 1, 1, 1], 'H': [1, 1, 0, 1, 0, 0, 0, 0, 0, 0], 'I': [1, 0, 0, 0, 0, 0, 0, 0, 0, 0], 'J': [0, 0, 0, 0, 0, 0, 0, 1, 1, 0]}, '校医院西': {'A': [0, 1, 0, 1, 1, 1, 1, 1, 1, 0], 'B': [1, 0, 1, 1, 0, 0, 0, 1, 1, 1], 'C': [0, 1, 0, 1, 1, 0, 1, 1, 0, 1], 'D': [1, 1, 1, 1, 1, 0, 1, 1, 1, 1], 'E': [1, 1, 0, 1, 1, 1, 1, 1, 1, 1], 'F': [1, 0, 1, 1, 1, 0, 1, 1, 1, 1], 'G': [0, 0, 0, 0, 0, 1, 0, 1, 1, 1], 'H': [0, 0, 1, 0, 1, 0, 0, 0, 0, 0], 'I': [0, 0, 0, 0, 0, 0, 0, 0, 0, 0]}}
624276	2024-07-13 22:02:22.951000+08:00	2024-07-13 22:02:22.951000+08:00	{'东门北侧': {'A': [1, 1, 1, 1, 1, 0, 1, 0, 1, 1], 'B': [1, 1, 1, 1, 1, 1, 1, 1, 1, 1], 'C': [0, 1, 0, 1, 1, 0, 1, 0, 1, 0], 'D': [1, 0, 1, 1, 1, 1, 0, 1, 1, 1], 'E': [1, 0, 1, 1, 1, 0, 1, 1, 1, 1], 'F': [1, 1, 1, 1, 1, 1, 1, 1, 1, 1], 'G': [1, 1, 1, 1, 1, 1, 1, 1, 0, 1], 'H': [1, 1, 1, 1, 1, 1, 0, 1, 0, 1], 'I': [0, 1, 1, 1, 1, 1, 1, 1, 1, 1], 'J': [1, 1, 0, 1, 0, 0, 1, 1, 1, 0], 'K': [1, 1, 1, 0, 1, 1, 1, 1, 1, 0]}, '东门南侧': {'A': [0, 1, 1, 1, 0, 1, 0, 0, 0, 1], 'B': [0, 0, 0, 0, 0, 0, 0, 0, 0, 0]}, '西门北侧': {'A': [1, 1, 0, 1, 1, 1, 1, 1, 1, 1], 'B': [1, 1, 1, 1, 0, 1, 1, 1, 1, 0], 'C': [1, 1, 1, 1, 0, 1, 1, 0, 0, 1]}, '西门南侧': {'A': [0, 1, 1, 1, 1, 1, 1, 0, 1, 1], 'B': [1, 1, 1, 1, 1, 1, 1, 1, 1, 1], 'C': [1, 1, 0, 1, 0, 0, 1, 1, 1, 1]}, '南门西侧': {'A': [1, 1, 1, 1, 1, 1, 1, 1, 1, 1], 'B': [0, 0, 0, 0, 0, 0, 0, 0, 1, 1]}, '南门东侧': {'A': [1, 0, 0, 1, 0, 1, 1, 1, 1, 1], 'B': [1, 1, 1, 1, 1, 1, 1, 1, 1, 1]}, '北门东北侧': {'A': [1, 1, 1, 1, 1, 1, 1, 1, 1, 1], 'B': [0, 0, 0, 1, 1, 0, 1, 1, 0, 0], 'C': [1, 1, 0, 1, 0, 0, 1, 1, 1, 0], 'D': [1, 0, 0, 0, 0, 0, 0, 0, 0, 0]}, '北门东南侧': {'A': [0, 1, 1, 0, 1, 0, 1, 1, 0, 1], 'B': [0, 1, 0, 1, 1, 0, 0, 1, 0, 1], 'C': [1, 0, 1, 0, 0, 0, 0, 0, 1, 1], 'D': [0, 0, 0, 0, 0, 1, 1, 0, 0, 0], 'E': [0, 0, 0, 1, 0, 0, 1, 0, 0, 0], 'F': [1, 1, 1, 1, 0, 1, 1, 0, 1, 1]}, '橘园北侧南': {'A': [0, 1, 1, 0, 1, 0, 0, 1, 0, 1], 'B': [0, 1, 1, 1, 1, 0, 0, 0, 1, 1], 'C': [1, 0, 0, 1, 1, 1, 0, 0, 0, 0], 'D': [1, 1, 1, 1, 1, 0, 0, 0, 1, 1], 'E': [0, 1, 1, 0, 1, 0, 1, 0, 1, 1], 'F': [0, 0, 0, 0, 1, 0, 0, 0, 1, 1], 'G': [0, 1, 0, 0, 0, 0, 1, 1, 1, 1], 'H': [1, 1, 0, 1, 0, 0, 0, 0, 0, 0], 'I': [1, 0, 0, 0, 0, 0, 0, 1, 0, 0], 'J': [0, 0, 0, 0, 0, 0, 0, 1, 1, 0]}, '校医院西': {'A': [0, 1, 0, 1, 1, 1, 1, 1, 1, 0], 'B': [1, 0, 1, 1, 0, 0, 0, 1, 1, 1], 'C': [0, 1, 0, 1, 1, 0, 1, 1, 0, 1], 'D': [1, 1, 1, 1, 1, 0, 1, 1, 1, 1], 'E': [1, 1, 0, 1, 1, 1, 1, 1, 1, 1], 'F': [1, 0, 1, 1, 1, 0, 1, 1, 1, 1], 'G': [0, 0, 0, 0, 0, 1, 0, 1, 1, 1], 'H': [0, 0, 1, 0, 1, 0, 0, 0, 0, 0], 'I': [0, 0, 0, 0, 0, 0, 0, 0, 0, 0]}}
624277	2024-07-13 22:03:27.631000+08:00	2024-07-13 22:03:27.631000+08:00	{'东门北侧': {'A': [1, 1, 1, 1, 1, 0, 1, 0, 1, 1], 'B': [1, 1, 1, 1, 1, 1, 1, 1, 1, 1], 'C': [0, 1, 0, 1, 1, 0, 1, 0, 1, 0], 'D': [1, 0, 1, 1, 1, 1, 0, 1, 1, 1], 'E': [1, 0, 1, 1, 1, 0, 1, 1, 1, 1], 'F': [1, 1, 1, 1, 1, 1, 1, 1, 1, 1], 'G': [1, 1, 1, 1, 1, 1, 1, 1, 0, 1], 'H': [1, 1, 1, 1, 1, 1, 0, 1, 0, 1], 'I': [0, 1, 1, 1, 1, 1, 1, 1, 1, 1], 'J': [1, 1, 0, 1, 0, 0, 1, 1, 1, 0], 'K': [1, 1, 1, 0, 1, 1, 1, 1, 1, 0]}, '东门南侧': {'A': [0, 1, 1, 1, 0, 1, 0, 0, 0, 1], 'B': [0, 0, 0, 0, 0, 0, 0, 0, 0, 0]}, '西门北侧': {'A': [1, 1, 0, 1, 1, 1, 1, 1, 1, 1], 'B': [1, 1, 1, 1, 0, 1, 1, 1, 1, 0], 'C': [1, 1, 1, 1, 0, 1, 1, 0, 0, 1]}, '西门南侧': {'A': [0, 1, 1, 1, 1, 1, 1, 0, 1, 1], 'B': [1, 1, 1, 1, 1, 1, 1, 1, 1, 1], 'C': [1, 1, 0, 1, 0, 0, 1, 1, 1, 1]}, '南门西侧': {'A': [1, 1, 1, 1, 1, 1, 1, 1, 1, 1], 'B': [0, 0, 0, 0, 0, 0, 0, 0, 1, 1]}, '南门东侧': {'A': [1, 0, 0, 1, 0, 1, 1, 1, 1, 1], 'B': [1, 1, 1, 1, 1, 1, 1, 1, 1, 1]}, '北门东北侧': {'A': [1, 1, 1, 1, 1, 1, 1, 1, 1, 1], 'B': [0, 0, 0, 1, 1, 0, 1, 1, 0, 0], 'C': [1, 1, 0, 1, 0, 0, 1, 1, 1, 0], 'D': [1, 0, 0, 0, 0, 0, 0, 0, 0, 0]}, '北门东南侧': {'A': [0, 1, 1, 0, 1, 0, 1, 1, 0, 1], 'B': [0, 1, 0, 1, 1, 0, 0, 1, 0, 1], 'C': [1, 0, 1, 0, 0, 0, 0, 0, 1, 1], 'D': [0, 0, 0, 0, 0, 1, 1, 0, 0, 0], 'E': [0, 0, 0, 1, 0, 0, 1, 0, 0, 0], 'F': [1, 1, 1, 1, 0, 1, 1, 0, 1, 1]}, '橘园北侧南': {'A': [0, 1, 1, 0, 1, 0, 0, 1, 0, 1], 'B': [0, 1, 1, 1, 1, 0, 0, 0, 1, 1], 'C': [1, 0, 0, 1, 1, 1, 0, 0, 0, 0], 'D': [1, 1, 1, 1, 1, 0, 0, 0, 1, 1], 'E': [0, 1, 1, 0, 1, 0, 1, 0, 1, 1], 'F': [0, 0, 0, 0, 1, 0, 0, 0, 1, 1], 'G': [0, 1, 0, 0, 0, 0, 1, 1, 1, 1], 'H': [1, 1, 0, 1, 0, 0, 0, 0, 0, 0], 'I': [1, 0, 0, 0, 0, 0, 0, 1, 0, 0], 'J': [0, 0, 0, 0, 0, 0, 0, 1, 1, 0]}, '校医院西': {'A': [0, 1, 0, 1, 1, 1, 1, 1, 1, 0], 'B': [1, 0, 1, 1, 0, 0, 0, 1, 1, 1], 'C': [0, 1, 0, 1, 1, 0, 1, 1, 0, 1], 'D': [1, 1, 1, 1, 1, 0, 1, 1, 1, 1], 'E': [1, 1, 0, 1, 1, 1, 1, 1, 1, 1], 'F': [1, 0, 1, 1, 1, 0, 1, 1, 1, 1], 'G': [0, 0, 0, 0, 0, 1, 0, 1, 1, 1], 'H': [0, 0, 1, 0, 1, 0, 0, 0, 0, 0], 'I': [0, 0, 0, 0, 0, 0, 0, 0, 0, 0]}}
624278	2024-07-13 22:04:22.312000+08:00	2024-07-13 22:04:22.312000+08:00	{'东门北侧': {'A': [1, 1, 1, 1, 1, 0, 1, 0, 1, 1], 'B': [1, 1, 1, 1, 1, 1, 1, 1, 1, 1], 'C': [0, 1, 0, 1, 1, 0, 1, 0, 1, 0], 'D': [1, 0, 1, 1, 1, 1, 0, 1, 1, 1], 'E': [1, 0, 1, 1, 1, 0, 1, 1, 1, 1], 'F': [1, 1, 1, 1, 1, 1, 1, 1, 1, 1], 'G': [1, 1, 1, 1, 1, 1, 1, 1, 0, 1], 'H': [1, 1, 1, 1, 1, 1, 0, 1, 0, 1], 'I': [0, 1, 1, 1, 1, 1, 1, 1, 1, 1], 'J': [1, 1, 0, 1, 0, 0, 1, 1, 1, 0], 'K': [1, 1, 1, 0, 1, 1, 1, 1, 1, 0]}, '东门南侧': {'A': [0, 1, 1, 1, 0, 1, 0, 0, 0, 1], 'B': [0, 0, 0, 0, 0, 0, 0, 0, 0, 0]}, '西门北侧': {'A': [1, 1, 0, 1, 1, 1, 1, 1, 1, 1], 'B': [1, 1, 1, 1, 0, 1, 1, 1, 1, 0], 'C': [1, 1, 1, 1, 0, 1, 1, 0, 0, 1]}, '西门南侧': {'A': [0, 1, 1, 1, 1, 1, 1, 0, 1, 1], 'B': [1, 1, 1, 1, 1, 1, 1, 1, 1, 1], 'C': [1, 1, 0, 1, 0, 0, 1, 1, 1, 1]}, '南门西侧': {'A': [1, 1, 1, 1, 1, 1, 1, 1, 1, 1], 'B': [0, 0, 0, 0, 0, 0, 0, 0, 1, 1]}, '南门东侧': {'A': [1, 0, 0, 1, 0, 1, 1, 1, 1, 1], 'B': [1, 1, 1, 1, 1, 1, 1, 1, 1, 1]}, '北门东北侧': {'A': [1, 1, 1, 1, 1, 1, 1, 1, 1, 1], 'B': [0, 0, 0, 1, 1, 0, 1, 1, 0, 0], 'C': [1, 1, 0, 1, 0, 0, 1, 1, 1, 0], 'D': [1, 0, 0, 0, 0, 0, 0, 0, 0, 0]}, '北门东南侧': {'A': [0, 1, 1, 0, 1, 0, 1, 1, 0, 1], 'B': [0, 1, 0, 1, 1, 0, 0, 1, 0, 1], 'C': [1, 0, 1, 0, 0, 0, 0, 0, 1, 1], 'D': [0, 0, 0, 0, 0, 1, 1, 0, 0, 0], 'E': [0, 0, 0, 1, 0, 0, 1, 0, 0, 0], 'F': [1, 1, 1, 1, 0, 1, 1, 0, 1, 1]}, '橘园北侧南': {'A': [0, 1, 0, 0, 1, 0, 0, 1, 0, 1], 'B': [0, 1, 1, 1, 1, 0, 0, 0, 1, 1], 'C': [1, 0, 0, 1, 1, 1, 0, 0, 0, 0], 'D': [1, 1, 1, 1, 1, 0, 0, 0, 1, 1], 'E': [0, 1, 1, 0, 1, 0, 1, 0, 1, 1], 'F': [0, 0, 0, 0, 1, 0, 0, 0, 1, 1], 'G': [0, 1, 0, 0, 0, 1, 1, 1, 1, 1], 'H': [1, 1, 0, 1, 0, 0, 0, 0, 0, 0], 'I': [1, 0, 0, 0, 0, 0, 0, 1, 0, 0], 'J': [0, 0, 0, 0, 0, 0, 0, 1, 1, 0]}, '校医院西': {'A': [0, 1, 0, 1, 1, 1, 1, 1, 1, 0], 'B': [1, 0, 1, 1, 0, 0, 0, 1, 1, 1], 'C': [0, 1, 0, 1, 1, 0, 1, 1, 0, 1], 'D': [1, 1, 1, 1, 1, 0, 1, 1, 1, 1], 'E': [1, 1, 0, 1, 1, 1, 1, 1, 1, 1], 'F': [1, 0, 1, 1, 1, 0, 1, 1, 1, 1], 'G': [0, 0, 0, 0, 0, 1, 0, 1, 1, 1], 'H': [0, 0, 1, 0, 1, 0, 0, 0, 0, 0], 'I': [0, 0, 0, 0, 0, 0, 0, 0, 0, 0]}}
624279	2024-07-13 22:05:19.303000+08:00	2024-07-13 22:05:19.303000+08:00	{'东门北侧': {'A': [1, 1, 1, 1, 1, 0, 1, 0, 1, 1], 'B': [1, 1, 1, 1, 1, 1, 1, 1, 1, 1], 'C': [0, 1, 0, 1, 1, 0, 1, 0, 1, 0], 'D': [1, 0, 1, 1, 1, 1, 0, 1, 1, 1], 'E': [1, 0, 1, 1, 1, 0, 1, 1, 1, 1], 'F': [1, 1, 1, 1, 1, 1, 1, 1, 1, 1], 'G': [1, 1, 1, 1, 1, 1, 1, 1, 0, 1], 'H': [1, 1, 1, 1, 1, 1, 0, 1, 0, 1], 'I': [0, 1, 1, 1, 1, 1, 1, 1, 1, 1], 'J': [1, 1, 0, 1, 0, 0, 1, 1, 1, 0], 'K': [1, 1, 1, 0, 1, 1, 1, 1, 1, 0]}, '东门南侧': {'A': [0, 0, 1, 1, 0, 1, 0, 0, 0, 1], 'B': [0, 0, 0, 0, 0, 0, 0, 0, 0, 0]}, '西门北侧': {'A': [1, 1, 0, 1, 1, 1, 1, 1, 1, 1], 'B': [1, 1, 1, 1, 0, 1, 1, 1, 1, 0], 'C': [1, 1, 1, 1, 0, 1, 1, 0, 0, 1]}, '西门南侧': {'A': [0, 1, 1, 1, 1, 1, 1, 0, 1, 1], 'B': [1, 1, 1, 1, 1, 1, 1, 1, 1, 1], 'C': [1, 1, 0, 1, 0, 0, 1, 1, 1, 1]}, '南门西侧': {'A': [1, 1, 1, 1, 1, 1, 1, 1, 1, 1], 'B': [0, 0, 0, 0, 0, 0, 0, 0, 1, 1]}, '南门东侧': {'A': [1, 0, 0, 1, 0, 1, 1, 1, 1, 1], 'B': [1, 1, 1, 1, 1, 1, 1, 1, 1, 1]}, '北门东北侧': {'A': [1, 1, 1, 1, 1, 1, 1, 1, 1, 1], 'B': [0, 0, 0, 1, 1, 0, 1, 1, 0, 0], 'C': [1, 1, 0, 1, 0, 0, 1, 1, 1, 0], 'D': [1, 0, 0, 0, 0, 0, 0, 0, 0, 0]}, '北门东南侧': {'A': [0, 1, 1, 0, 1, 0, 1, 1, 0, 1], 'B': [0, 1, 0, 1, 1, 0, 0, 1, 0, 1], 'C': [1, 0, 1, 0, 0, 0, 0, 0, 1, 1], 'D': [0, 0, 0, 0, 0, 1, 1, 0, 0, 0], 'E': [0, 0, 0, 1, 0, 0, 1, 0, 0, 0], 'F': [1, 1, 1, 1, 0, 1, 1, 0, 1, 1]}, '橘园北侧南': {'A': [0, 1, 0, 0, 1, 0, 0, 1, 0, 1], 'B': [0, 1, 1, 1, 1, 0, 0, 0, 1, 1], 'C': [1, 0, 0, 1, 1, 1, 0, 0, 0, 0], 'D': [1, 1, 1, 1, 1, 0, 0, 0, 1, 1], 'E': [0, 1, 1, 0, 1, 0, 1, 0, 1, 1], 'F': [0, 0, 0, 0, 1, 0, 0, 0, 0, 1], 'G': [0, 1, 0, 0, 0, 1, 1, 1, 1, 1], 'H': [1, 1, 0, 1, 0, 0, 0, 0, 0, 0], 'I': [1, 0, 0, 0, 0, 0, 0, 1, 0, 0], 'J': [0, 0, 0, 0, 0, 0, 0, 1, 1, 0]}, '校医院西': {'A': [0, 1, 0, 1, 1, 1, 1, 1, 1, 0], 'B': [1, 0, 1, 1, 0, 0, 0, 1, 1, 1], 'C': [0, 1, 0, 1, 1, 0, 1, 1, 0, 1], 'D': [1, 1, 1, 1, 1, 0, 1, 1, 1, 1], 'E': [1, 1, 0, 1, 1, 1, 1, 1, 1, 1], 'F': [1, 0, 1, 1, 1, 0, 1, 1, 1, 1], 'G': [0, 0, 0, 0, 0, 1, 0, 1, 1, 1], 'H': [0, 0, 1, 0, 1, 0, 0, 0, 0, 0], 'I': [0, 0, 0, 0, 0, 0, 0, 0, 0, 0]}}
624280	2024-07-13 22:07:05.272000+08:00	2024-07-13 22:07:05.272000+08:00	{'东门北侧': {'A': [1, 1, 1, 1, 1, 0, 1, 0, 1, 1], 'B': [1, 1, 1, 1, 1, 1, 1, 1, 1, 1], 'C': [0, 1, 0, 1, 1, 0, 1, 0, 1, 0], 'D': [1, 0, 1, 1, 1, 1, 0, 1, 1, 1], 'E': [1, 0, 1, 1, 1, 0, 1, 1, 1, 1], 'F': [1, 1, 1, 1, 1, 1, 1, 1, 1, 1], 'G': [1, 1, 1, 1, 1, 1, 1, 1, 0, 1], 'H': [1, 1, 1, 1, 1, 1, 0, 1, 0, 1], 'I': [0, 1, 1, 1, 1, 1, 1, 1, 1, 1], 'J': [1, 1, 0, 1, 0, 0, 1, 1, 1, 0], 'K': [1, 1, 1, 0, 1, 1, 1, 1, 1, 0]}, '东门南侧': {'A': [0, 0, 1, 1, 0, 0, 0, 0, 0, 1], 'B': [0, 0, 0, 0, 0, 0, 0, 0, 0, 0]}, '西门北侧': {'A': [1, 1, 0, 1, 1, 1, 1, 1, 1, 1], 'B': [1, 1, 1, 1, 0, 1, 1, 1, 1, 0], 'C': [1, 1, 1, 1, 0, 1, 1, 0, 0, 1]}, '西门南侧': {'A': [0, 1, 1, 1, 1, 1, 1, 0, 1, 1], 'B': [1, 1, 1, 1, 1, 1, 1, 1, 0, 1], 'C': [1, 1, 0, 1, 0, 0, 1, 1, 1, 1]}, '南门西侧': {'A': [1, 1, 1, 1, 1, 1, 1, 1, 1, 1], 'B': [0, 0, 0, 0, 0, 0, 0, 0, 1, 1]}, '南门东侧': {'A': [1, 0, 0, 1, 0, 1, 1, 1, 1, 1], 'B': [1, 1, 1, 1, 1, 1, 1, 1, 1, 1]}, '北门东北侧': {'A': [1, 1, 1, 1, 1, 1, 1, 1, 1, 1], 'B': [0, 0, 0, 1, 1, 0, 1, 1, 0, 0], 'C': [1, 1, 0, 1, 0, 0, 1, 1, 1, 0], 'D': [1, 0, 0, 0, 0, 0, 0, 0, 0, 0]}, '北门东南侧': {'A': [0, 1, 1, 0, 1, 0, 1, 1, 0, 1], 'B': [0, 1, 0, 1, 1, 0, 0, 1, 0, 1], 'C': [1, 0, 1, 0, 0, 0, 0, 0, 1, 1], 'D': [0, 0, 0, 0, 0, 1, 1, 0, 0, 0], 'E': [0, 0, 0, 1, 0, 0, 1, 0, 0, 0], 'F': [1, 1, 1, 1, 0, 1, 1, 0, 1, 1]}, '橘园北侧南': {'A': [0, 1, 0, 0, 1, 0, 0, 1, 0, 1], 'B': [0, 1, 1, 1, 1, 0, 0, 0, 1, 1], 'C': [1, 0, 0, 1, 1, 1, 0, 0, 0, 0], 'D': [1, 1, 1, 1, 1, 0, 0, 0, 1, 1], 'E': [0, 1, 1, 0, 1, 0, 1, 0, 1, 1], 'F': [0, 0, 0, 0, 1, 0, 0, 0, 0, 1], 'G': [0, 1, 0, 0, 0, 1, 1, 1, 1, 1], 'H': [1, 1, 0, 1, 0, 0, 0, 0, 0, 0], 'I': [1, 0, 0, 0, 0, 0, 0, 1, 0, 0], 'J': [0, 0, 0, 0, 0, 0, 0, 1, 1, 0]}, '校医院西': {'A': [0, 1, 0, 1, 1, 1, 1, 1, 1, 0], 'B': [1, 0, 1, 1, 0, 0, 0, 1, 1, 1], 'C': [0, 1, 0, 1, 1, 0, 1, 1, 1, 1], 'D': [1, 1, 1, 1, 1, 0, 1, 1, 1, 1], 'E': [1, 1, 0, 1, 1, 1, 1, 1, 1, 1], 'F': [1, 0, 1, 1, 1, 0, 1, 1, 1, 1], 'G': [0, 0, 0, 0, 0, 1, 0, 1, 1, 1], 'H': [0, 0, 1, 0, 1, 0, 0, 0, 0, 0], 'I': [0, 0, 0, 0, 0, 0, 0, 0, 0, 0]}}
624281	2024-07-13 22:07:22.285000+08:00	2024-07-13 22:07:22.285000+08:00	{'东门北侧': {'A': [1, 1, 1, 1, 1, 0, 1, 0, 1, 1], 'B': [1, 1, 1, 1, 1, 1, 1, 1, 1, 1], 'C': [0, 1, 0, 1, 1, 0, 1, 0, 1, 0], 'D': [1, 0, 1, 1, 1, 1, 0, 1, 1, 1], 'E': [1, 0, 1, 1, 1, 0, 1, 1, 1, 1], 'F': [1, 1, 1, 1, 1, 1, 1, 1, 1, 1], 'G': [1, 1, 1, 1, 1, 1, 1, 1, 0, 1], 'H': [1, 1, 1, 1, 1, 1, 0, 1, 0, 1], 'I': [0, 1, 1, 1, 1, 1, 1, 1, 1, 1], 'J': [1, 1, 0, 1, 0, 0, 1, 1, 1, 0], 'K': [1, 1, 1, 0, 1, 1, 1, 1, 1, 0]}, '东门南侧': {'A': [0, 0, 1, 1, 0, 0, 0, 0, 0, 1], 'B': [0, 0, 0, 0, 0, 0, 0, 0, 0, 0]}, '西门北侧': {'A': [1, 1, 0, 1, 1, 1, 1, 1, 1, 1], 'B': [1, 1, 1, 1, 0, 1, 1, 1, 1, 0], 'C': [1, 1, 1, 1, 0, 1, 1, 0, 0, 1]}, '西门南侧': {'A': [0, 1, 1, 1, 1, 1, 1, 0, 1, 1], 'B': [1, 1, 1, 1, 1, 1, 1, 1, 0, 1], 'C': [1, 1, 0, 1, 0, 0, 1, 1, 1, 1]}, '南门西侧': {'A': [1, 1, 1, 1, 1, 1, 1, 1, 1, 1], 'B': [0, 0, 0, 0, 0, 0, 0, 0, 1, 1]}, '南门东侧': {'A': [1, 0, 0, 1, 0, 1, 1, 1, 1, 1], 'B': [1, 1, 1, 1, 1, 1, 1, 1, 1, 1]}, '北门东北侧': {'A': [1, 1, 1, 1, 1, 1, 1, 1, 1, 1], 'B': [0, 0, 0, 1, 1, 0, 1, 1, 0, 0], 'C': [1, 1, 0, 1, 0, 0, 1, 1, 1, 0], 'D': [1, 0, 0, 0, 0, 0, 0, 0, 0, 0]}, '北门东南侧': {'A': [0, 1, 1, 0, 1, 0, 1, 1, 0, 1], 'B': [0, 1, 0, 1, 1, 0, 0, 1, 0, 1], 'C': [1, 0, 1, 0, 0, 0, 0, 0, 1, 1], 'D': [0, 0, 0, 0, 0, 1, 1, 0, 0, 0], 'E': [0, 0, 0, 1, 0, 0, 1, 0, 0, 0], 'F': [1, 1, 1, 1, 0, 1, 1, 0, 1, 1]}, '橘园北侧南': {'A': [0, 1, 0, 0, 1, 0, 0, 1, 0, 1], 'B': [0, 1, 1, 1, 1, 0, 0, 0, 1, 1], 'C': [1, 0, 0, 1, 1, 1, 0, 0, 0, 0], 'D': [1, 1, 1, 1, 1, 0, 0, 0, 1, 1], 'E': [0, 1, 1, 0, 1, 0, 1, 0, 1, 1], 'F': [0, 0, 0, 0, 1, 0, 0, 0, 0, 1], 'G': [0, 1, 0, 0, 0, 0, 1, 1, 1, 1], 'H': [1, 1, 0, 1, 0, 0, 0, 0, 0, 0], 'I': [1, 0, 0, 0, 0, 0, 0, 1, 0, 0], 'J': [0, 0, 0, 0, 0, 0, 0, 1, 1, 0]}, '校医院西': {'A': [0, 1, 0, 1, 1, 1, 1, 1, 1, 0], 'B': [1, 0, 1, 1, 0, 0, 0, 1, 1, 1], 'C': [0, 1, 0, 1, 1, 0, 1, 1, 1, 1], 'D': [1, 1, 1, 1, 1, 0, 1, 1, 1, 1], 'E': [1, 1, 0, 1, 1, 1, 1, 1, 1, 1], 'F': [1, 0, 1, 1, 1, 0, 1, 1, 1, 1], 'G': [0, 0, 0, 0, 0, 1, 0, 1, 1, 1], 'H': [0, 0, 1, 0, 0, 0, 0, 0, 0, 0], 'I': [0, 0, 1, 0, 0, 0, 0, 0, 0, 0]}}
624282	2024-07-13 22:08:20.430000+08:00	2024-07-13 22:08:20.430000+08:00	{'东门北侧': {'A': [1, 1, 1, 1, 1, 0, 1, 0, 1, 1], 'B': [1, 1, 1, 1, 1, 1, 1, 1, 1, 1], 'C': [0, 1, 0, 1, 1, 0, 1, 0, 1, 0], 'D': [1, 0, 1, 1, 1, 1, 0, 1, 1, 1], 'E': [1, 0, 1, 1, 1, 0, 1, 1, 1, 1], 'F': [1, 1, 1, 1, 1, 1, 1, 1, 1, 1], 'G': [1, 1, 1, 1, 1, 1, 1, 1, 0, 1], 'H': [1, 1, 1, 1, 1, 1, 0, 1, 0, 1], 'I': [0, 1, 1, 1, 1, 1, 1, 1, 1, 1], 'J': [1, 1, 0, 1, 0, 0, 1, 1, 1, 0], 'K': [0, 1, 1, 0, 1, 1, 1, 1, 1, 0]}, '东门南侧': {'A': [0, 0, 1, 1, 0, 0, 0, 0, 0, 1], 'B': [0, 0, 0, 0, 0, 0, 0, 0, 0, 0]}, '西门北侧': {'A': [1, 1, 0, 1, 1, 1, 1, 1, 1, 1], 'B': [1, 1, 1, 1, 0, 1, 1, 1, 1, 0], 'C': [1, 1, 1, 1, 0, 1, 1, 0, 0, 1]}, '西门南侧': {'A': [0, 1, 1, 1, 1, 1, 1, 0, 1, 1], 'B': [1, 1, 1, 1, 1, 1, 1, 1, 0, 1], 'C': [1, 1, 0, 1, 0, 0, 1, 1, 1, 1]}, '南门西侧': {'A': [1, 1, 1, 1, 1, 1, 1, 1, 1, 1], 'B': [0, 0, 0, 0, 0, 0, 0, 0, 1, 1]}, '南门东侧': {'A': [1, 0, 0, 1, 0, 1, 1, 1, 1, 1], 'B': [1, 1, 1, 1, 1, 1, 1, 1, 1, 1]}, '北门东北侧': {'A': [1, 1, 1, 1, 1, 1, 1, 1, 1, 1], 'B': [0, 0, 0, 1, 1, 0, 1, 1, 0, 0], 'C': [1, 1, 0, 1, 0, 0, 1, 1, 1, 0], 'D': [1, 0, 0, 0, 0, 0, 0, 0, 0, 0]}, '北门东南侧': {'A': [0, 1, 1, 0, 1, 0, 1, 1, 0, 1], 'B': [0, 1, 0, 1, 1, 0, 0, 1, 0, 1], 'C': [1, 0, 1, 0, 0, 0, 0, 0, 1, 1], 'D': [0, 0, 0, 0, 0, 1, 1, 0, 0, 0], 'E': [0, 0, 0, 1, 0, 0, 1, 0, 0, 0], 'F': [1, 1, 1, 1, 0, 1, 1, 0, 1, 1]}, '橘园北侧南': {'A': [0, 1, 0, 0, 1, 0, 0, 1, 0, 1], 'B': [0, 1, 1, 1, 1, 0, 0, 0, 1, 1], 'C': [1, 0, 0, 1, 1, 1, 0, 0, 0, 0], 'D': [1, 1, 1, 1, 1, 0, 0, 0, 1, 1], 'E': [0, 1, 1, 0, 1, 0, 1, 0, 1, 1], 'F': [0, 0, 0, 0, 1, 0, 0, 0, 0, 1], 'G': [0, 1, 0, 0, 0, 0, 1, 1, 1, 1], 'H': [1, 1, 0, 1, 0, 0, 0, 0, 0, 0], 'I': [0, 0, 0, 0, 0, 0, 0, 1, 0, 0], 'J': [0, 0, 0, 0, 0, 0, 0, 1, 1, 0]}, '校医院西': {'A': [0, 1, 0, 1, 1, 1, 1, 1, 1, 0], 'B': [1, 0, 1, 1, 0, 0, 0, 1, 1, 1], 'C': [0, 1, 0, 1, 1, 0, 1, 1, 1, 1], 'D': [1, 1, 1, 1, 1, 0, 1, 1, 1, 1], 'E': [1, 1, 0, 1, 1, 1, 1, 1, 1, 1], 'F': [1, 0, 1, 1, 1, 0, 1, 1, 1, 1], 'G': [0, 0, 0, 0, 0, 1, 0, 1, 1, 1], 'H': [0, 0, 1, 0, 0, 0, 0, 0, 0, 0], 'I': [0, 0, 1, 0, 0, 0, 0, 0, 0, 0]}}
624283	2024-07-13 22:09:19.247000+08:00	2024-07-13 22:09:19.247000+08:00	{'东门北侧': {'A': [1, 1, 1, 1, 1, 0, 1, 0, 1, 1], 'B': [1, 1, 1, 1, 1, 1, 1, 1, 1, 1], 'C': [0, 1, 0, 1, 1, 0, 1, 0, 1, 0], 'D': [1, 0, 1, 1, 1, 1, 0, 1, 1, 1], 'E': [1, 0, 1, 1, 1, 0, 1, 1, 1, 1], 'F': [1, 1, 1, 1, 1, 1, 1, 1, 1, 1], 'G': [1, 1, 1, 1, 1, 1, 1, 1, 0, 1], 'H': [1, 1, 1, 1, 1, 1, 0, 1, 0, 1], 'I': [0, 1, 1, 1, 1, 1, 1, 1, 1, 1], 'J': [1, 1, 0, 1, 0, 0, 1, 1, 1, 0], 'K': [0, 1, 1, 0, 1, 1, 1, 1, 1, 0]}, '东门南侧': {'A': [0, 0, 1, 1, 0, 0, 0, 0, 0, 1], 'B': [0, 0, 0, 0, 0, 0, 0, 0, 0, 0]}, '西门北侧': {'A': [1, 1, 0, 1, 1, 1, 1, 1, 1, 1], 'B': [1, 1, 1, 1, 0, 1, 1, 1, 1, 0], 'C': [1, 1, 1, 1, 0, 1, 1, 0, 0, 1]}, '西门南侧': {'A': [0, 1, 1, 1, 1, 1, 1, 0, 1, 1], 'B': [1, 1, 1, 1, 1, 1, 1, 1, 0, 1], 'C': [1, 1, 0, 1, 0, 0, 1, 1, 1, 1]}, '南门西侧': {'A': [1, 1, 1, 1, 1, 1, 1, 1, 1, 1], 'B': [0, 0, 0, 0, 0, 0, 0, 0, 1, 1]}, '南门东侧': {'A': [1, 0, 0, 1, 0, 1, 1, 1, 1, 1], 'B': [1, 1, 1, 1, 1, 1, 1, 1, 1, 1]}, '北门东北侧': {'A': [1, 1, 1, 1, 1, 1, 1, 1, 1, 1], 'B': [0, 0, 0, 1, 1, 0, 0, 1, 0, 0], 'C': [1, 1, 0, 1, 0, 0, 1, 1, 1, 0], 'D': [1, 0, 0, 0, 0, 0, 0, 0, 0, 0]}, '北门东南侧': {'A': [0, 1, 1, 0, 1, 0, 1, 1, 0, 1], 'B': [0, 1, 0, 1, 1, 0, 0, 1, 0, 1], 'C': [1, 0, 1, 0, 0, 0, 0, 0, 1, 1], 'D': [0, 0, 0, 0, 0, 1, 1, 0, 0, 0], 'E': [1, 0, 0, 1, 0, 0, 1, 0, 0, 0], 'F': [1, 1, 1, 1, 0, 1, 1, 0, 1, 1]}, '橘园北侧南': {'A': [0, 1, 0, 0, 1, 0, 0, 1, 0, 1], 'B': [0, 1, 1, 1, 1, 0, 0, 0, 1, 1], 'C': [1, 0, 0, 1, 1, 1, 0, 0, 0, 0], 'D': [1, 1, 1, 1, 1, 0, 0, 0, 1, 1], 'E': [0, 1, 1, 0, 1, 0, 1, 0, 1, 1], 'F': [0, 0, 0, 0, 1, 0, 0, 0, 0, 1], 'G': [0, 1, 0, 0, 0, 0, 1, 1, 1, 0], 'H': [1, 1, 0, 1, 0, 0, 0, 0, 0, 0], 'I': [0, 0, 0, 0, 0, 0, 0, 1, 0, 0], 'J': [0, 0, 0, 0, 0, 0, 0, 1, 1, 0]}, '校医院西': {'A': [0, 1, 0, 1, 1, 1, 1, 1, 1, 0], 'B': [1, 0, 1, 1, 0, 0, 0, 1, 1, 1], 'C': [0, 1, 0, 1, 1, 0, 1, 1, 1, 1], 'D': [1, 1, 1, 1, 1, 0, 1, 1, 1, 1], 'E': [1, 1, 0, 1, 1, 1, 1, 1, 1, 1], 'F': [1, 0, 1, 1, 1, 0, 1, 1, 1, 1], 'G': [0, 0, 0, 0, 0, 1, 0, 1, 1, 1], 'H': [0, 0, 1, 0, 0, 0, 0, 0, 0, 0], 'I': [0, 0, 1, 0, 0, 0, 0, 0, 0, 0]}}
624284	2024-07-13 22:10:20.633000+08:00	2024-07-13 22:10:20.633000+08:00	{'东门北侧': {'A': [1, 1, 1, 1, 1, 0, 1, 0, 1, 1], 'B': [1, 1, 1, 1, 1, 1, 1, 1, 1, 1], 'C': [0, 1, 0, 1, 1, 0, 1, 0, 1, 0], 'D': [1, 0, 1, 1, 1, 1, 0, 1, 1, 1], 'E': [1, 0, 1, 1, 1, 0, 1, 1, 1, 1], 'F': [1, 1, 1, 1, 1, 1, 1, 1, 1, 1], 'G': [1, 1, 1, 1, 1, 1, 1, 1, 0, 1], 'H': [1, 1, 1, 1, 1, 1, 0, 1, 0, 1], 'I': [0, 1, 1, 1, 1, 1, 1, 1, 1, 1], 'J': [1, 1, 0, 1, 0, 0, 1, 1, 1, 0], 'K': [0, 1, 1, 0, 1, 1, 1, 1, 1, 0]}, '东门南侧': {'A': [0, 0, 1, 1, 0, 0, 0, 0, 0, 1], 'B': [0, 0, 0, 0, 0, 0, 0, 0, 0, 0]}, '西门北侧': {'A': [1, 1, 0, 1, 1, 1, 1, 1, 1, 1], 'B': [1, 1, 1, 1, 0, 1, 1, 1, 1, 0], 'C': [1, 1, 1, 1, 0, 1, 1, 0, 0, 1]}, '西门南侧': {'A': [0, 1, 1, 1, 1, 1, 1, 0, 1, 1], 'B': [1, 1, 1, 1, 1, 1, 1, 1, 0, 1], 'C': [1, 1, 0, 1, 0, 0, 1, 1, 1, 1]}, '南门西侧': {'A': [1, 1, 1, 1, 1, 1, 1, 1, 1, 1], 'B': [0, 0, 0, 0, 0, 0, 0, 0, 1, 1]}, '南门东侧': {'A': [1, 0, 0, 1, 0, 1, 1, 1, 1, 1], 'B': [1, 1, 1, 1, 1, 1, 1, 1, 1, 1]}, '北门东北侧': {'A': [1, 1, 1, 1, 1, 1, 1, 1, 1, 1], 'B': [0, 0, 0, 1, 1, 0, 0, 1, 0, 0], 'C': [1, 1, 0, 1, 0, 0, 1, 1, 1, 0], 'D': [1, 0, 0, 0, 0, 0, 0, 0, 0, 0]}, '北门东南侧': {'A': [1, 1, 1, 0, 1, 0, 1, 1, 0, 1], 'B': [0, 1, 0, 1, 1, 0, 0, 1, 0, 1], 'C': [1, 0, 1, 0, 0, 0, 0, 0, 1, 1], 'D': [0, 0, 0, 0, 0, 1, 1, 0, 0, 0], 'E': [1, 0, 0, 1, 0, 0, 1, 0, 0, 0], 'F': [1, 1, 1, 1, 0, 1, 1, 0, 1, 1]}, '橘园北侧南': {'A': [0, 1, 0, 0, 1, 0, 0, 1, 0, 1], 'B': [0, 1, 1, 1, 1, 0, 0, 0, 1, 1], 'C': [1, 0, 0, 1, 1, 1, 0, 0, 0, 0], 'D': [1, 1, 1, 1, 1, 0, 0, 0, 1, 1], 'E': [0, 1, 1, 0, 1, 0, 1, 0, 1, 1], 'F': [0, 0, 0, 0, 1, 0, 0, 0, 0, 1], 'G': [0, 1, 0, 0, 0, 0, 1, 1, 1, 0], 'H': [1, 1, 0, 1, 0, 0, 0, 0, 0, 0], 'I': [0, 0, 0, 0, 0, 0, 0, 1, 0, 0], 'J': [0, 0, 0, 0, 0, 0, 0, 1, 1, 0]}, '校医院西': {'A': [0, 1, 0, 1, 1, 1, 1, 1, 1, 0], 'B': [1, 0, 1, 1, 0, 0, 0, 1, 1, 1], 'C': [0, 1, 0, 1, 1, 0, 1, 1, 1, 1], 'D': [1, 1, 1, 1, 1, 0, 1, 1, 1, 1], 'E': [1, 1, 0, 1, 1, 1, 1, 1, 1, 1], 'F': [1, 0, 1, 1, 1, 0, 1, 1, 1, 1], 'G': [0, 0, 0, 0, 0, 1, 0, 1, 1, 1], 'H': [0, 0, 1, 0, 0, 0, 0, 0, 0, 0], 'I': [0, 0, 1, 0, 0, 0, 0, 0, 0, 0]}}
624285	2024-07-13 22:11:22.318000+08:00	2024-07-13 22:11:22.318000+08:00	{'东门北侧': {'A': [1, 1, 1, 1, 1, 0, 1, 0, 1, 1], 'B': [1, 1, 1, 1, 1, 1, 1, 1, 1, 1], 'C': [0, 1, 0, 1, 1, 0, 1, 0, 1, 0], 'D': [1, 0, 1, 1, 1, 1, 0, 1, 1, 1], 'E': [1, 0, 1, 1, 1, 0, 1, 1, 1, 1], 'F': [1, 1, 1, 1, 1, 1, 1, 1, 1, 1], 'G': [1, 1, 1, 1, 1, 1, 1, 1, 0, 1], 'H': [1, 1, 1, 1, 1, 1, 0, 1, 0, 1], 'I': [0, 1, 1, 1, 1, 1, 1, 1, 1, 1], 'J': [1, 1, 0, 1, 0, 0, 1, 1, 1, 0], 'K': [0, 1, 1, 0, 1, 1, 1, 1, 1, 0]}, '东门南侧': {'A': [0, 0, 1, 1, 0, 0, 0, 0, 0, 1], 'B': [0, 0, 0, 0, 0, 0, 0, 0, 0, 0]}, '西门北侧': {'A': [1, 1, 0, 1, 1, 1, 1, 1, 1, 1], 'B': [1, 1, 1, 1, 0, 1, 1, 1, 1, 0], 'C': [1, 1, 1, 1, 0, 1, 1, 0, 0, 1]}, '西门南侧': {'A': [0, 1, 1, 1, 1, 1, 1, 0, 1, 1], 'B': [1, 1, 1, 1, 1, 1, 1, 1, 0, 1], 'C': [1, 1, 0, 1, 0, 0, 1, 1, 1, 1]}, '南门西侧': {'A': [1, 1, 1, 1, 1, 1, 1, 1, 1, 1], 'B': [0, 0, 0, 0, 0, 0, 0, 0, 1, 1]}, '南门东侧': {'A': [1, 0, 0, 1, 0, 1, 1, 1, 1, 1], 'B': [1, 1, 1, 1, 1, 1, 1, 1, 1, 1]}, '北门东北侧': {'A': [1, 1, 1, 1, 1, 1, 1, 1, 1, 1], 'B': [0, 0, 0, 1, 1, 0, 0, 1, 0, 0], 'C': [1, 1, 0, 1, 0, 0, 1, 1, 1, 0], 'D': [1, 0, 0, 0, 0, 0, 0, 0, 0, 0]}, '北门东南侧': {'A': [1, 1, 1, 0, 1, 0, 1, 1, 0, 1], 'B': [0, 1, 0, 1, 1, 0, 0, 1, 0, 1], 'C': [1, 0, 1, 0, 0, 0, 0, 0, 1, 1], 'D': [0, 0, 0, 0, 0, 1, 1, 0, 0, 0], 'E': [1, 0, 0, 1, 0, 0, 1, 0, 0, 0], 'F': [1, 1, 1, 1, 0, 1, 1, 0, 1, 1]}, '橘园北侧南': {'A': [0, 1, 0, 0, 1, 0, 0, 1, 0, 1], 'B': [0, 1, 1, 1, 1, 0, 0, 0, 1, 1], 'C': [1, 0, 0, 1, 1, 1, 0, 0, 0, 0], 'D': [1, 1, 1, 1, 1, 0, 0, 0, 1, 1], 'E': [0, 1, 1, 0, 1, 0, 1, 0, 1, 1], 'F': [0, 0, 0, 0, 1, 0, 0, 0, 0, 1], 'G': [0, 1, 0, 0, 0, 0, 1, 1, 1, 0], 'H': [1, 1, 0, 1, 0, 0, 0, 0, 0, 0], 'I': [0, 0, 0, 0, 0, 0, 0, 1, 0, 0], 'J': [0, 0, 0, 0, 0, 0, 0, 1, 1, 0]}, '校医院西': {'A': [0, 1, 0, 1, 1, 1, 1, 1, 1, 0], 'B': [1, 0, 1, 0, 0, 0, 0, 1, 1, 1], 'C': [0, 1, 0, 1, 1, 0, 1, 1, 1, 1], 'D': [1, 1, 1, 1, 1, 0, 1, 1, 1, 1], 'E': [1, 1, 0, 1, 1, 1, 1, 1, 1, 1], 'F': [1, 0, 1, 1, 1, 0, 1, 1, 1, 1], 'G': [0, 0, 0, 0, 0, 1, 0, 1, 1, 1], 'H': [0, 0, 1, 0, 0, 0, 0, 0, 0, 0], 'I': [0, 0, 1, 0, 0, 0, 0, 0, 0, 0]}}
624286	2024-07-13 22:12:48.695000+08:00	2024-07-13 22:12:48.695000+08:00	{'东门北侧': {'A': [1, 1, 1, 1, 1, 0, 1, 0, 1, 1], 'B': [1, 1, 1, 1, 1, 1, 1, 1, 1, 1], 'C': [0, 1, 0, 1, 1, 0, 1, 0, 1, 0], 'D': [1, 0, 1, 1, 1, 1, 0, 1, 1, 1], 'E': [1, 0, 1, 1, 1, 0, 1, 1, 1, 1], 'F': [1, 1, 1, 1, 1, 1, 1, 1, 1, 1], 'G': [1, 1, 1, 1, 1, 1, 1, 1, 0, 1], 'H': [1, 1, 1, 1, 1, 0, 0, 1, 0, 1], 'I': [0, 1, 1, 1, 1, 1, 1, 1, 1, 1], 'J': [1, 1, 0, 1, 0, 0, 1, 1, 1, 0], 'K': [0, 1, 1, 0, 1, 1, 1, 1, 1, 0]}, '东门南侧': {'A': [0, 0, 1, 1, 0, 0, 0, 0, 0, 1], 'B': [0, 0, 0, 0, 0, 0, 0, 0, 0, 0]}, '西门北侧': {'A': [1, 1, 0, 1, 1, 1, 1, 1, 1, 1], 'B': [1, 1, 1, 1, 0, 1, 1, 1, 1, 0], 'C': [1, 1, 1, 1, 0, 1, 1, 0, 0, 1]}, '西门南侧': {'A': [0, 1, 1, 1, 1, 1, 1, 0, 1, 1], 'B': [1, 1, 1, 1, 1, 1, 1, 1, 0, 1], 'C': [1, 1, 0, 1, 0, 0, 1, 1, 1, 1]}, '南门西侧': {'A': [1, 1, 1, 1, 1, 1, 1, 1, 1, 1], 'B': [0, 0, 0, 0, 0, 0, 0, 0, 1, 1]}, '南门东侧': {'A': [1, 0, 0, 1, 0, 1, 1, 1, 1, 1], 'B': [1, 1, 1, 1, 1, 1, 1, 1, 1, 1]}, '北门东北侧': {'A': [1, 1, 1, 1, 1, 1, 1, 1, 1, 1], 'B': [0, 0, 0, 1, 1, 0, 0, 1, 0, 0], 'C': [1, 1, 0, 1, 0, 0, 1, 1, 1, 0], 'D': [1, 0, 0, 0, 0, 0, 0, 0, 0, 0]}, '北门东南侧': {'A': [1, 1, 1, 0, 1, 0, 1, 1, 0, 1], 'B': [0, 1, 0, 1, 1, 0, 0, 1, 0, 1], 'C': [1, 0, 1, 0, 0, 0, 0, 0, 1, 1], 'D': [0, 0, 0, 0, 0, 1, 1, 0, 0, 0], 'E': [1, 0, 0, 1, 0, 0, 1, 0, 0, 0], 'F': [1, 1, 1, 1, 0, 1, 1, 0, 1, 1]}, '橘园北侧南': {'A': [0, 1, 0, 0, 1, 0, 0, 1, 0, 1], 'B': [0, 1, 1, 1, 1, 0, 0, 0, 1, 1], 'C': [1, 0, 0, 1, 1, 1, 0, 0, 0, 0], 'D': [1, 1, 1, 1, 1, 0, 0, 0, 1, 1], 'E': [0, 1, 1, 0, 1, 0, 1, 0, 1, 1], 'F': [0, 0, 0, 0, 1, 0, 0, 0, 0, 1], 'G': [0, 1, 0, 0, 0, 0, 1, 1, 1, 0], 'H': [1, 1, 0, 0, 0, 0, 0, 0, 0, 0], 'I': [0, 0, 0, 0, 0, 0, 0, 1, 0, 0], 'J': [0, 0, 0, 0, 0, 0, 0, 1, 1, 0]}, '校医院西': {'A': [0, 1, 0, 1, 1, 1, 1, 1, 1, 0], 'B': [1, 0, 1, 0, 0, 0, 0, 1, 1, 1], 'C': [0, 1, 0, 1, 1, 0, 1, 1, 1, 1], 'D': [1, 1, 1, 1, 1, 0, 1, 1, 1, 1], 'E': [1, 1, 0, 1, 1, 1, 1, 1, 1, 1], 'F': [1, 0, 1, 1, 1, 0, 1, 1, 1, 1], 'G': [0, 0, 0, 0, 0, 1, 0, 1, 1, 1], 'H': [0, 0, 1, 0, 0, 0, 0, 0, 0, 0], 'I': [0, 0, 1, 0, 0, 0, 0, 0, 0, 0]}}
624287	2024-07-13 22:13:21.216000+08:00	2024-07-13 22:13:21.216000+08:00	{'东门北侧': {'A': [1, 1, 1, 1, 1, 0, 1, 0, 1, 1], 'B': [1, 1, 1, 1, 1, 1, 1, 1, 1, 1], 'C': [0, 1, 0, 1, 1, 0, 1, 0, 1, 0], 'D': [1, 0, 1, 1, 1, 1, 0, 1, 1, 1], 'E': [1, 0, 1, 1, 1, 0, 1, 1, 1, 1], 'F': [1, 1, 1, 1, 1, 1, 1, 1, 1, 1], 'G': [1, 1, 1, 1, 1, 1, 1, 1, 0, 1], 'H': [1, 1, 1, 1, 1, 0, 0, 1, 0, 1], 'I': [0, 1, 1, 1, 1, 1, 1, 1, 1, 1], 'J': [1, 1, 0, 1, 0, 0, 1, 1, 1, 0], 'K': [0, 1, 1, 0, 1, 1, 1, 1, 1, 0]}, '东门南侧': {'A': [0, 0, 1, 1, 0, 0, 0, 0, 0, 1], 'B': [0, 0, 0, 0, 0, 0, 0, 0, 0, 0]}, '西门北侧': {'A': [1, 1, 0, 1, 1, 1, 1, 1, 1, 1], 'B': [1, 1, 1, 1, 0, 1, 1, 1, 1, 0], 'C': [1, 1, 1, 1, 0, 1, 1, 0, 0, 1]}, '西门南侧': {'A': [0, 1, 1, 1, 1, 1, 1, 0, 1, 1], 'B': [1, 1, 1, 1, 1, 1, 1, 1, 0, 1], 'C': [1, 1, 0, 1, 0, 0, 1, 1, 1, 1]}, '南门西侧': {'A': [1, 1, 1, 1, 1, 1, 1, 1, 1, 1], 'B': [0, 0, 0, 0, 0, 0, 0, 0, 1, 1]}, '南门东侧': {'A': [1, 0, 0, 1, 0, 1, 1, 1, 1, 1], 'B': [1, 1, 1, 1, 1, 1, 1, 1, 1, 1]}, '北门东北侧': {'A': [1, 1, 1, 1, 1, 1, 1, 1, 1, 1], 'B': [0, 0, 0, 1, 1, 0, 0, 1, 0, 0], 'C': [1, 1, 0, 1, 0, 0, 1, 1, 1, 0], 'D': [1, 0, 0, 0, 0, 0, 0, 0, 0, 0]}, '北门东南侧': {'A': [1, 1, 1, 0, 1, 0, 1, 1, 0, 1], 'B': [0, 1, 0, 1, 1, 0, 0, 1, 0, 1], 'C': [1, 0, 1, 0, 0, 0, 0, 0, 1, 1], 'D': [0, 0, 0, 0, 0, 1, 1, 0, 0, 0], 'E': [1, 0, 0, 1, 0, 0, 1, 0, 0, 0], 'F': [1, 1, 1, 1, 0, 1, 1, 0, 1, 1]}, '橘园北侧南': {'A': [0, 1, 0, 0, 1, 0, 0, 1, 0, 1], 'B': [0, 1, 1, 1, 1, 0, 0, 0, 1, 1], 'C': [1, 0, 0, 1, 1, 1, 0, 0, 0, 0], 'D': [1, 1, 1, 1, 1, 0, 0, 0, 1, 1], 'E': [0, 1, 1, 0, 1, 0, 1, 0, 1, 0], 'F': [0, 0, 1, 0, 1, 0, 0, 0, 0, 1], 'G': [0, 1, 0, 0, 0, 0, 1, 1, 1, 0], 'H': [1, 1, 0, 0, 0, 0, 0, 0, 0, 0], 'I': [0, 0, 0, 0, 0, 0, 0, 1, 0, 0], 'J': [0, 0, 0, 0, 0, 0, 0, 1, 1, 0]}, '校医院西': {'A': [0, 1, 0, 1, 1, 1, 1, 1, 1, 0], 'B': [1, 0, 1, 0, 0, 0, 0, 1, 1, 1], 'C': [0, 1, 0, 1, 1, 0, 1, 1, 1, 1], 'D': [1, 1, 1, 1, 1, 0, 1, 1, 1, 1], 'E': [1, 1, 0, 1, 1, 1, 1, 1, 1, 1], 'F': [1, 0, 1, 1, 1, 0, 1, 1, 1, 1], 'G': [0, 0, 0, 0, 0, 1, 0, 1, 1, 1], 'H': [0, 0, 1, 0, 0, 0, 0, 0, 0, 0], 'I': [0, 0, 1, 0, 0, 0, 0, 0, 0, 0]}}
624288	2024-07-13 22:14:19.964000+08:00	2024-07-13 22:14:19.964000+08:00	{'东门北侧': {'A': [1, 1, 1, 1, 1, 0, 1, 0, 1, 1], 'B': [1, 1, 1, 1, 1, 1, 1, 1, 1, 1], 'C': [0, 1, 0, 1, 1, 0, 1, 0, 1, 0], 'D': [1, 0, 1, 1, 1, 1, 0, 1, 1, 1], 'E': [1, 0, 1, 1, 1, 0, 1, 1, 1, 1], 'F': [1, 1, 1, 1, 1, 1, 1, 1, 1, 1], 'G': [1, 1, 1, 1, 1, 1, 1, 1, 0, 1], 'H': [1, 1, 1, 1, 1, 0, 0, 1, 0, 1], 'I': [0, 1, 1, 1, 1, 1, 1, 1, 1, 1], 'J': [1, 1, 0, 1, 0, 0, 1, 1, 1, 0], 'K': [0, 1, 1, 0, 1, 1, 1, 1, 1, 0]}, '东门南侧': {'A': [0, 0, 1, 1, 0, 0, 0, 0, 0, 0], 'B': [0, 0, 0, 0, 0, 0, 0, 0, 0, 0]}, '西门北侧': {'A': [1, 1, 0, 1, 1, 1, 1, 1, 1, 1], 'B': [1, 1, 1, 1, 0, 1, 1, 1, 1, 0], 'C': [1, 1, 1, 1, 0, 1, 1, 0, 0, 1]}, '西门南侧': {'A': [0, 1, 1, 1, 1, 1, 1, 0, 1, 1], 'B': [1, 1, 1, 1, 1, 1, 1, 1, 0, 1], 'C': [1, 1, 0, 1, 0, 0, 1, 1, 1, 1]}, '南门西侧': {'A': [1, 1, 1, 1, 1, 1, 1, 1, 1, 1], 'B': [0, 0, 0, 0, 0, 0, 0, 0, 1, 1]}, '南门东侧': {'A': [1, 0, 0, 1, 0, 1, 1, 1, 1, 1], 'B': [1, 1, 1, 1, 1, 1, 1, 1, 1, 1]}, '北门东北侧': {'A': [1, 1, 1, 1, 1, 1, 1, 1, 1, 1], 'B': [0, 0, 0, 1, 1, 0, 0, 1, 0, 0], 'C': [1, 1, 0, 1, 0, 0, 1, 1, 1, 0], 'D': [1, 0, 0, 0, 0, 0, 0, 0, 0, 0]}, '北门东南侧': {'A': [1, 1, 1, 0, 1, 0, 1, 1, 0, 1], 'B': [0, 1, 0, 1, 1, 0, 0, 1, 0, 1], 'C': [1, 0, 1, 0, 0, 0, 0, 0, 1, 1], 'D': [0, 0, 0, 0, 0, 1, 1, 0, 0, 0], 'E': [1, 0, 0, 1, 0, 0, 1, 0, 0, 0], 'F': [1, 1, 1, 1, 0, 1, 1, 0, 1, 1]}, '橘园北侧南': {'A': [0, 1, 1, 0, 1, 0, 0, 1, 0, 1], 'B': [0, 1, 1, 1, 1, 0, 0, 0, 1, 1], 'C': [1, 0, 0, 1, 1, 1, 0, 0, 0, 0], 'D': [1, 1, 1, 1, 1, 0, 0, 0, 1, 1], 'E': [0, 1, 1, 0, 1, 0, 1, 0, 1, 0], 'F': [0, 0, 1, 0, 1, 0, 0, 0, 0, 1], 'G': [0, 1, 0, 0, 0, 0, 1, 1, 1, 0], 'H': [1, 1, 0, 0, 0, 0, 0, 0, 0, 0], 'I': [0, 0, 0, 0, 0, 0, 0, 1, 0, 0], 'J': [0, 0, 0, 0, 0, 0, 0, 1, 1, 0]}, '校医院西': {'A': [0, 1, 0, 1, 1, 1, 1, 1, 1, 0], 'B': [1, 0, 1, 0, 0, 0, 0, 1, 1, 1], 'C': [0, 1, 0, 1, 1, 0, 1, 1, 1, 1], 'D': [1, 1, 1, 1, 1, 0, 1, 1, 1, 1], 'E': [1, 1, 0, 1, 1, 1, 1, 1, 1, 1], 'F': [1, 0, 1, 1, 1, 0, 1, 1, 1, 1], 'G': [0, 0, 0, 0, 0, 1, 0, 1, 1, 1], 'H': [0, 0, 1, 0, 0, 0, 0, 0, 0, 0], 'I': [0, 0, 1, 0, 0, 0, 0, 0, 0, 0]}}
624289	2024-07-13 22:15:22.396000+08:00	2024-07-13 22:15:22.396000+08:00	{'东门北侧': {'A': [1, 1, 1, 1, 1, 0, 1, 0, 1, 1], 'B': [1, 1, 1, 1, 1, 1, 1, 1, 1, 1], 'C': [0, 1, 0, 1, 1, 0, 1, 0, 1, 0], 'D': [1, 0, 1, 1, 1, 1, 0, 1, 1, 1], 'E': [1, 0, 1, 1, 1, 0, 1, 1, 1, 1], 'F': [1, 1, 1, 1, 1, 1, 1, 1, 1, 1], 'G': [1, 1, 1, 1, 1, 1, 1, 1, 0, 1], 'H': [1, 1, 1, 1, 1, 0, 0, 1, 0, 1], 'I': [0, 1, 1, 1, 1, 1, 1, 1, 1, 1], 'J': [1, 1, 0, 1, 0, 0, 1, 1, 1, 0], 'K': [0, 1, 1, 0, 1, 1, 1, 1, 1, 0]}, '东门南侧': {'A': [0, 0, 1, 1, 0, 0, 0, 0, 0, 0], 'B': [0, 0, 0, 0, 0, 0, 0, 0, 0, 0]}, '西门北侧': {'A': [1, 1, 0, 1, 1, 1, 1, 1, 1, 1], 'B': [1, 1, 1, 1, 0, 1, 1, 1, 1, 0], 'C': [1, 1, 1, 1, 0, 1, 1, 0, 0, 1]}, '西门南侧': {'A': [0, 1, 1, 1, 1, 1, 1, 0, 1, 1], 'B': [1, 1, 1, 1, 1, 1, 1, 1, 0, 1], 'C': [1, 1, 0, 1, 0, 0, 1, 1, 1, 1]}, '南门西侧': {'A': [1, 1, 1, 1, 1, 1, 1, 1, 1, 1], 'B': [1, 0, 0, 0, 0, 0, 0, 0, 1, 1]}, '南门东侧': {'A': [1, 0, 0, 1, 0, 1, 1, 1, 1, 1], 'B': [1, 1, 1, 1, 1, 1, 1, 1, 1, 1]}, '北门东北侧': {'A': [1, 1, 1, 1, 1, 1, 1, 1, 1, 1], 'B': [0, 0, 0, 1, 1, 0, 0, 1, 0, 0], 'C': [1, 1, 0, 1, 0, 0, 1, 1, 1, 0], 'D': [1, 0, 0, 0, 0, 0, 0, 0, 0, 0]}, '北门东南侧': {'A': [1, 1, 1, 0, 1, 0, 1, 1, 0, 1], 'B': [0, 1, 0, 1, 1, 0, 0, 1, 0, 1], 'C': [1, 0, 1, 0, 0, 0, 0, 0, 1, 1], 'D': [0, 0, 0, 0, 0, 1, 1, 0, 0, 0], 'E': [1, 0, 0, 1, 0, 0, 1, 0, 0, 0], 'F': [1, 1, 1, 1, 0, 1, 1, 0, 1, 1]}, '橘园北侧南': {'A': [0, 1, 1, 0, 1, 0, 0, 1, 0, 1], 'B': [0, 1, 1, 1, 1, 0, 0, 0, 1, 1], 'C': [1, 0, 0, 1, 1, 1, 0, 0, 0, 0], 'D': [1, 1, 1, 1, 1, 0, 0, 0, 1, 1], 'E': [0, 1, 1, 0, 1, 0, 1, 0, 1, 0], 'F': [0, 0, 1, 0, 1, 0, 0, 0, 0, 1], 'G': [0, 1, 0, 0, 0, 0, 1, 1, 1, 0], 'H': [1, 1, 0, 0, 0, 0, 0, 0, 0, 0], 'I': [0, 0, 0, 0, 0, 0, 0, 1, 0, 0], 'J': [0, 0, 0, 0, 0, 0, 0, 1, 1, 0]}, '校医院西': {'A': [0, 1, 0, 1, 1, 1, 1, 1, 1, 0], 'B': [1, 0, 1, 0, 0, 0, 0, 1, 1, 1], 'C': [0, 1, 0, 1, 1, 0, 1, 1, 1, 1], 'D': [1, 1, 1, 1, 1, 0, 1, 1, 1, 1], 'E': [1, 1, 0, 1, 1, 1, 1, 1, 1, 1], 'F': [1, 1, 1, 1, 1, 0, 1, 1, 1, 1], 'G': [0, 0, 0, 0, 0, 1, 0, 1, 1, 1], 'H': [0, 0, 1, 0, 0, 0, 0, 0, 0, 0], 'I': [0, 0, 1, 0, 0, 0, 0, 0, 0, 0]}}
624290	2024-07-13 22:16:21.767000+08:00	2024-07-13 22:16:21.767000+08:00	{'东门北侧': {'A': [1, 1, 1, 1, 1, 0, 1, 0, 1, 1], 'B': [1, 1, 1, 1, 1, 1, 1, 1, 1, 1], 'C': [0, 1, 0, 1, 1, 0, 1, 0, 1, 0], 'D': [1, 0, 1, 1, 1, 1, 0, 1, 1, 1], 'E': [1, 0, 1, 1, 1, 0, 1, 1, 1, 1], 'F': [1, 1, 1, 1, 1, 1, 1, 1, 1, 1], 'G': [1, 1, 1, 1, 1, 1, 1, 1, 0, 1], 'H': [1, 1, 1, 1, 1, 0, 0, 1, 0, 1], 'I': [0, 1, 1, 1, 1, 1, 1, 1, 1, 1], 'J': [1, 1, 0, 1, 0, 0, 1, 1, 1, 0], 'K': [0, 1, 1, 0, 1, 1, 1, 1, 1, 0]}, '东门南侧': {'A': [0, 0, 1, 1, 0, 0, 1, 0, 0, 0], 'B': [0, 0, 0, 0, 0, 0, 0, 0, 0, 0]}, '西门北侧': {'A': [1, 1, 0, 1, 1, 1, 1, 1, 1, 1], 'B': [1, 1, 1, 1, 0, 1, 1, 1, 1, 0], 'C': [1, 1, 1, 1, 0, 1, 1, 0, 0, 1]}, '西门南侧': {'A': [0, 1, 1, 1, 1, 1, 1, 0, 1, 1], 'B': [1, 1, 1, 1, 1, 1, 1, 1, 0, 1], 'C': [1, 1, 0, 1, 0, 0, 1, 1, 1, 1]}, '南门西侧': {'A': [1, 1, 1, 1, 1, 1, 1, 1, 1, 1], 'B': [1, 0, 0, 0, 0, 0, 0, 0, 1, 1]}, '南门东侧': {'A': [1, 0, 0, 1, 0, 1, 1, 1, 1, 1], 'B': [1, 1, 1, 1, 1, 1, 1, 1, 1, 1]}, '北门东北侧': {'A': [1, 1, 1, 1, 1, 1, 1, 1, 1, 1], 'B': [0, 0, 0, 1, 1, 0, 0, 1, 0, 0], 'C': [1, 1, 0, 1, 0, 0, 1, 1, 1, 0], 'D': [1, 0, 0, 0, 0, 0, 0, 0, 0, 0]}, '北门东南侧': {'A': [1, 1, 1, 0, 1, 0, 1, 1, 0, 1], 'B': [0, 1, 0, 1, 1, 0, 0, 1, 0, 1], 'C': [1, 0, 1, 0, 0, 0, 0, 0, 1, 1], 'D': [0, 0, 0, 0, 0, 1, 1, 0, 0, 0], 'E': [1, 0, 0, 1, 0, 0, 1, 0, 0, 0], 'F': [1, 1, 1, 1, 0, 1, 1, 0, 1, 1]}, '橘园北侧南': {'A': [0, 1, 1, 0, 1, 0, 0, 1, 0, 1], 'B': [0, 1, 1, 1, 1, 0, 0, 0, 1, 1], 'C': [1, 0, 0, 1, 1, 1, 0, 0, 0, 0], 'D': [1, 1, 1, 1, 1, 0, 0, 0, 0, 1], 'E': [0, 1, 1, 0, 1, 0, 1, 0, 1, 0], 'F': [0, 0, 1, 0, 1, 0, 0, 0, 0, 1], 'G': [0, 1, 0, 0, 0, 0, 1, 1, 1, 0], 'H': [1, 1, 0, 0, 0, 0, 0, 0, 0, 0], 'I': [0, 0, 0, 0, 0, 0, 0, 1, 0, 0], 'J': [0, 0, 0, 0, 0, 0, 0, 1, 1, 0]}, '校医院西': {'A': [0, 1, 0, 1, 1, 1, 1, 1, 1, 0], 'B': [1, 0, 1, 0, 0, 0, 0, 1, 1, 1], 'C': [0, 1, 0, 1, 1, 0, 1, 1, 1, 1], 'D': [1, 1, 1, 1, 1, 0, 1, 1, 1, 1], 'E': [1, 1, 0, 1, 1, 1, 1, 1, 1, 1], 'F': [1, 1, 1, 1, 1, 0, 1, 1, 1, 1], 'G': [0, 0, 0, 0, 0, 1, 0, 1, 1, 1], 'H': [0, 0, 1, 0, 0, 0, 0, 0, 0, 0], 'I': [0, 0, 1, 0, 0, 0, 0, 0, 0, 0]}}
624291	2024-07-13 22:17:21.113000+08:00	2024-07-13 22:17:21.113000+08:00	{'东门北侧': {'A': [1, 1, 1, 1, 1, 0, 1, 0, 1, 1], 'B': [1, 1, 1, 1, 1, 1, 1, 1, 1, 1], 'C': [0, 1, 0, 1, 1, 0, 1, 0, 1, 0], 'D': [1, 0, 1, 1, 1, 1, 0, 1, 1, 1], 'E': [1, 0, 1, 1, 1, 0, 1, 1, 1, 1], 'F': [1, 1, 1, 1, 1, 1, 1, 1, 1, 1], 'G': [1, 1, 1, 1, 1, 0, 1, 1, 0, 1], 'H': [1, 1, 1, 1, 1, 0, 0, 1, 0, 1], 'I': [0, 1, 1, 1, 1, 1, 1, 1, 1, 1], 'J': [1, 1, 0, 1, 0, 0, 1, 1, 1, 0], 'K': [0, 1, 1, 0, 1, 1, 1, 1, 1, 0]}, '东门南侧': {'A': [0, 0, 1, 1, 0, 0, 1, 0, 0, 0], 'B': [0, 0, 0, 0, 0, 0, 0, 0, 0, 0]}, '西门北侧': {'A': [1, 1, 0, 1, 1, 1, 1, 1, 1, 1], 'B': [1, 1, 1, 1, 0, 1, 1, 1, 1, 0], 'C': [1, 1, 1, 1, 0, 1, 1, 0, 0, 1]}, '西门南侧': {'A': [0, 1, 1, 1, 1, 1, 1, 0, 1, 1], 'B': [1, 1, 1, 1, 1, 1, 1, 1, 0, 1], 'C': [1, 1, 0, 1, 0, 0, 1, 1, 1, 1]}, '南门西侧': {'A': [1, 1, 1, 1, 1, 1, 1, 1, 1, 1], 'B': [1, 0, 0, 0, 0, 0, 0, 0, 1, 1]}, '南门东侧': {'A': [1, 0, 0, 1, 0, 1, 1, 1, 1, 1], 'B': [1, 1, 1, 1, 1, 1, 1, 1, 1, 1]}, '北门东北侧': {'A': [1, 1, 1, 1, 1, 1, 1, 1, 1, 1], 'B': [0, 0, 0, 1, 1, 0, 0, 1, 0, 0], 'C': [1, 1, 0, 1, 0, 0, 1, 1, 1, 0], 'D': [1, 0, 0, 0, 0, 0, 0, 0, 0, 0]}, '北门东南侧': {'A': [1, 1, 1, 0, 1, 0, 1, 1, 0, 1], 'B': [0, 1, 0, 1, 1, 0, 0, 1, 0, 1], 'C': [1, 0, 1, 0, 0, 0, 0, 0, 1, 1], 'D': [0, 0, 0, 0, 0, 1, 1, 0, 0, 0], 'E': [1, 0, 0, 1, 0, 0, 1, 0, 0, 0], 'F': [1, 1, 1, 1, 0, 1, 1, 0, 1, 1]}, '橘园北侧南': {'A': [0, 1, 1, 0, 1, 0, 0, 1, 0, 1], 'B': [0, 1, 1, 1, 1, 0, 0, 0, 1, 1], 'C': [1, 0, 0, 1, 1, 1, 0, 0, 0, 0], 'D': [1, 1, 1, 1, 1, 0, 0, 0, 0, 1], 'E': [0, 1, 1, 0, 1, 0, 1, 0, 1, 0], 'F': [0, 0, 1, 0, 1, 0, 0, 0, 0, 1], 'G': [0, 1, 0, 0, 0, 0, 1, 1, 1, 0], 'H': [1, 1, 0, 0, 0, 0, 0, 0, 0, 0], 'I': [0, 0, 0, 0, 0, 0, 0, 1, 0, 0], 'J': [0, 0, 0, 0, 0, 0, 0, 1, 1, 0]}, '校医院西': {'A': [0, 1, 0, 1, 1, 1, 1, 1, 1, 0], 'B': [1, 0, 1, 0, 0, 0, 0, 1, 1, 1], 'C': [0, 1, 0, 1, 1, 0, 1, 1, 1, 1], 'D': [1, 1, 1, 1, 1, 0, 1, 1, 1, 1], 'E': [1, 1, 0, 1, 1, 1, 1, 1, 1, 1], 'F': [1, 1, 1, 1, 1, 0, 1, 1, 1, 1], 'G': [1, 0, 0, 0, 0, 1, 0, 1, 1, 1], 'H': [0, 0, 1, 0, 0, 0, 0, 0, 0, 0], 'I': [0, 0, 1, 0, 0, 0, 0, 0, 0, 0]}}
624292	2024-07-13 22:18:24.270000+08:00	2024-07-13 22:18:24.270000+08:00	{'东门北侧': {'A': [1, 1, 1, 1, 1, 0, 1, 0, 1, 1], 'B': [1, 1, 1, 1, 1, 1, 1, 1, 1, 1], 'C': [0, 1, 0, 1, 1, 0, 1, 0, 1, 0], 'D': [1, 0, 1, 1, 1, 1, 0, 1, 1, 1], 'E': [1, 0, 1, 1, 1, 0, 1, 1, 1, 1], 'F': [1, 1, 1, 1, 1, 1, 1, 1, 1, 1], 'G': [1, 1, 1, 1, 1, 0, 1, 1, 0, 1], 'H': [1, 1, 1, 1, 1, 0, 0, 1, 0, 1], 'I': [0, 1, 1, 1, 1, 1, 1, 1, 1, 1], 'J': [1, 1, 0, 1, 0, 0, 1, 1, 1, 0], 'K': [0, 1, 1, 0, 1, 1, 1, 1, 1, 0]}, '东门南侧': {'A': [0, 0, 1, 1, 0, 0, 1, 0, 0, 0], 'B': [0, 0, 0, 0, 0, 0, 0, 0, 0, 0]}, '西门北侧': {'A': [1, 1, 0, 1, 1, 1, 0, 1, 1, 1], 'B': [1, 1, 1, 1, 0, 1, 1, 1, 1, 0], 'C': [1, 1, 1, 1, 0, 1, 1, 0, 0, 1]}, '西门南侧': {'A': [0, 1, 1, 1, 1, 1, 1, 0, 1, 1], 'B': [1, 1, 1, 1, 1, 1, 1, 1, 0, 1], 'C': [1, 1, 0, 1, 0, 0, 1, 1, 1, 1]}, '南门西侧': {'A': [1, 1, 1, 1, 1, 1, 1, 1, 1, 1], 'B': [1, 0, 0, 0, 0, 0, 0, 0, 1, 1]}, '南门东侧': {'A': [1, 0, 0, 1, 0, 1, 1, 1, 1, 1], 'B': [1, 1, 1, 1, 1, 1, 1, 1, 1, 1]}, '北门东北侧': {'A': [1, 1, 1, 1, 1, 1, 1, 1, 1, 1], 'B': [0, 0, 0, 1, 1, 0, 0, 1, 0, 0], 'C': [1, 1, 0, 1, 0, 0, 0, 1, 1, 0], 'D': [1, 0, 0, 0, 0, 0, 0, 0, 0, 0]}, '北门东南侧': {'A': [1, 1, 1, 0, 1, 0, 1, 1, 0, 1], 'B': [0, 1, 0, 1, 1, 0, 0, 1, 0, 1], 'C': [1, 0, 1, 0, 0, 0, 0, 0, 1, 1], 'D': [0, 0, 0, 0, 0, 1, 1, 0, 0, 0], 'E': [1, 0, 0, 1, 0, 0, 1, 0, 0, 0], 'F': [1, 1, 1, 1, 0, 1, 1, 0, 1, 1]}, '橘园北侧南': {'A': [0, 1, 1, 0, 1, 0, 0, 1, 0, 1], 'B': [0, 1, 1, 1, 1, 0, 0, 0, 1, 1], 'C': [1, 0, 0, 1, 1, 1, 0, 0, 0, 0], 'D': [1, 1, 1, 1, 1, 0, 0, 0, 0, 1], 'E': [0, 1, 1, 0, 1, 0, 1, 0, 1, 0], 'F': [0, 0, 1, 0, 1, 0, 0, 0, 0, 1], 'G': [0, 1, 0, 0, 0, 0, 1, 1, 1, 0], 'H': [1, 1, 0, 0, 0, 0, 0, 0, 0, 0], 'I': [0, 0, 0, 0, 0, 0, 0, 1, 0, 0], 'J': [0, 0, 0, 0, 0, 0, 0, 1, 1, 0]}, '校医院西': {'A': [0, 1, 0, 1, 1, 1, 1, 1, 1, 0], 'B': [1, 0, 1, 0, 0, 0, 0, 1, 1, 1], 'C': [0, 1, 0, 1, 1, 0, 1, 1, 1, 1], 'D': [1, 1, 1, 1, 1, 0, 1, 1, 1, 1], 'E': [1, 1, 0, 1, 1, 1, 1, 1, 1, 1], 'F': [1, 1, 1, 1, 1, 0, 1, 1, 1, 1], 'G': [1, 0, 0, 0, 0, 1, 0, 1, 1, 1], 'H': [0, 0, 1, 0, 0, 0, 0, 0, 0, 0], 'I': [0, 0, 1, 0, 0, 0, 0, 0, 0, 0]}}
624293	2024-07-13 22:19:22.098000+08:00	2024-07-13 22:19:22.098000+08:00	{'东门北侧': {'A': [1, 1, 1, 1, 1, 0, 1, 0, 1, 1], 'B': [1, 1, 1, 1, 1, 1, 1, 1, 1, 1], 'C': [0, 1, 0, 1, 1, 0, 1, 0, 1, 0], 'D': [1, 0, 1, 1, 1, 1, 0, 1, 1, 1], 'E': [1, 0, 1, 1, 1, 0, 1, 1, 1, 1], 'F': [1, 1, 1, 1, 1, 1, 1, 1, 1, 1], 'G': [1, 1, 1, 1, 1, 0, 1, 1, 0, 1], 'H': [1, 1, 1, 1, 1, 0, 0, 1, 0, 1], 'I': [0, 1, 1, 1, 1, 1, 1, 1, 1, 1], 'J': [1, 1, 0, 1, 0, 0, 1, 1, 1, 0], 'K': [0, 1, 1, 0, 1, 1, 1, 1, 1, 0]}, '东门南侧': {'A': [0, 0, 1, 1, 0, 0, 1, 0, 0, 0], 'B': [0, 0, 0, 0, 0, 0, 0, 0, 0, 0]}, '西门北侧': {'A': [1, 1, 0, 1, 1, 1, 0, 1, 1, 1], 'B': [1, 1, 1, 1, 0, 1, 1, 1, 1, 0], 'C': [1, 1, 1, 1, 0, 1, 1, 0, 0, 1]}, '西门南侧': {'A': [0, 1, 1, 1, 1, 1, 1, 0, 1, 1], 'B': [1, 1, 1, 1, 1, 1, 1, 1, 0, 1], 'C': [1, 1, 0, 1, 0, 0, 1, 1, 1, 1]}, '南门西侧': {'A': [1, 1, 1, 1, 1, 1, 1, 1, 1, 1], 'B': [1, 0, 0, 0, 0, 1, 0, 0, 1, 1]}, '南门东侧': {'A': [1, 0, 0, 1, 0, 1, 1, 1, 1, 1], 'B': [1, 1, 1, 1, 1, 1, 1, 1, 1, 1]}, '北门东北侧': {'A': [1, 1, 1, 1, 1, 1, 1, 1, 1, 1], 'B': [0, 0, 0, 1, 1, 0, 0, 1, 0, 0], 'C': [1, 1, 0, 1, 0, 0, 0, 1, 1, 0], 'D': [1, 0, 0, 0, 0, 0, 0, 0, 0, 0]}, '北门东南侧': {'A': [1, 1, 1, 0, 1, 0, 1, 1, 0, 1], 'B': [0, 1, 0, 1, 1, 0, 0, 1, 0, 1], 'C': [1, 0, 1, 0, 0, 0, 0, 0, 1, 1], 'D': [0, 0, 0, 0, 0, 1, 1, 0, 0, 0], 'E': [1, 0, 0, 1, 0, 0, 1, 0, 0, 0], 'F': [1, 1, 1, 1, 0, 1, 1, 0, 1, 1]}, '橘园北侧南': {'A': [0, 1, 1, 0, 1, 0, 0, 1, 0, 1], 'B': [0, 1, 1, 1, 1, 0, 0, 0, 1, 1], 'C': [1, 0, 0, 1, 1, 1, 0, 0, 0, 0], 'D': [1, 1, 1, 1, 1, 0, 0, 0, 0, 1], 'E': [0, 1, 1, 0, 1, 0, 1, 0, 1, 0], 'F': [0, 0, 0, 0, 1, 0, 0, 0, 0, 1], 'G': [0, 1, 0, 0, 0, 0, 1, 1, 1, 0], 'H': [1, 1, 0, 0, 0, 0, 0, 0, 0, 0], 'I': [0, 0, 0, 0, 0, 0, 0, 1, 0, 0], 'J': [0, 0, 0, 0, 0, 0, 0, 1, 1, 0]}, '校医院西': {'A': [0, 1, 0, 1, 1, 1, 1, 1, 1, 0], 'B': [1, 0, 1, 0, 0, 0, 0, 1, 1, 1], 'C': [0, 1, 0, 1, 1, 0, 1, 1, 1, 1], 'D': [1, 1, 1, 1, 1, 0, 1, 1, 1, 1], 'E': [1, 1, 0, 1, 1, 1, 1, 1, 1, 1], 'F': [1, 1, 1, 1, 1, 0, 1, 1, 1, 1], 'G': [1, 0, 0, 0, 0, 1, 0, 1, 1, 1], 'H': [0, 0, 1, 0, 0, 0, 0, 0, 0, 0], 'I': [0, 0, 1, 0, 0, 0, 0, 0, 0, 0]}}
624294	2024-07-13 22:20:22.499000+08:00	2024-07-13 22:20:22.499000+08:00	{'东门北侧': {'A': [1, 1, 1, 1, 1, 0, 1, 0, 1, 1], 'B': [1, 1, 1, 1, 1, 1, 1, 1, 1, 1], 'C': [0, 1, 0, 1, 1, 0, 1, 0, 1, 0], 'D': [1, 0, 1, 1, 1, 1, 0, 1, 1, 1], 'E': [1, 0, 1, 1, 1, 0, 1, 1, 1, 1], 'F': [1, 1, 1, 1, 1, 1, 1, 1, 1, 1], 'G': [1, 1, 1, 1, 1, 0, 1, 1, 0, 1], 'H': [1, 1, 1, 1, 1, 0, 0, 1, 0, 1], 'I': [0, 1, 1, 1, 1, 1, 1, 1, 1, 1], 'J': [1, 1, 0, 1, 0, 0, 1, 1, 1, 0], 'K': [0, 1, 1, 0, 1, 1, 1, 1, 1, 0]}, '东门南侧': {'A': [0, 0, 1, 1, 0, 0, 1, 0, 0, 0], 'B': [0, 0, 0, 0, 0, 0, 0, 0, 0, 0]}, '西门北侧': {'A': [1, 1, 0, 1, 1, 1, 0, 1, 1, 1], 'B': [1, 1, 1, 1, 0, 1, 1, 1, 1, 0], 'C': [1, 1, 1, 1, 0, 1, 1, 0, 0, 1]}, '西门南侧': {'A': [0, 1, 1, 1, 1, 1, 1, 0, 1, 1], 'B': [1, 1, 1, 1, 1, 1, 1, 1, 0, 1], 'C': [1, 1, 0, 1, 0, 0, 1, 1, 1, 1]}, '南门西侧': {'A': [1, 1, 1, 1, 1, 1, 1, 1, 1, 1], 'B': [1, 0, 0, 0, 0, 1, 0, 1, 1, 1]}, '南门东侧': {'A': [1, 0, 0, 1, 0, 1, 1, 1, 1, 1], 'B': [1, 1, 1, 1, 1, 1, 1, 1, 1, 1]}, '北门东北侧': {'A': [1, 1, 1, 1, 1, 1, 1, 1, 1, 1], 'B': [0, 0, 0, 1, 1, 0, 0, 1, 0, 0], 'C': [1, 1, 0, 1, 0, 0, 0, 1, 1, 0], 'D': [1, 0, 0, 0, 0, 0, 0, 0, 0, 0]}, '北门东南侧': {'A': [1, 1, 1, 0, 1, 0, 1, 1, 0, 1], 'B': [0, 1, 0, 1, 1, 0, 0, 1, 0, 1], 'C': [1, 0, 1, 0, 0, 0, 0, 0, 1, 1], 'D': [0, 0, 0, 0, 0, 1, 1, 0, 0, 0], 'E': [1, 0, 0, 1, 0, 0, 1, 0, 0, 0], 'F': [1, 1, 1, 1, 0, 1, 1, 0, 1, 1]}, '橘园北侧南': {'A': [0, 1, 1, 0, 1, 0, 0, 1, 0, 1], 'B': [0, 1, 1, 1, 1, 0, 0, 0, 1, 1], 'C': [1, 0, 0, 1, 1, 1, 0, 0, 0, 0], 'D': [1, 1, 1, 1, 1, 0, 0, 0, 0, 1], 'E': [0, 1, 1, 0, 1, 0, 1, 0, 1, 0], 'F': [0, 0, 0, 0, 1, 0, 0, 0, 0, 1], 'G': [0, 1, 0, 0, 0, 0, 1, 1, 1, 0], 'H': [1, 1, 0, 0, 0, 0, 0, 0, 0, 0], 'I': [0, 0, 0, 0, 0, 0, 0, 1, 0, 0], 'J': [0, 0, 0, 0, 0, 0, 0, 1, 1, 0]}, '校医院西': {'A': [0, 1, 0, 1, 1, 1, 1, 1, 1, 0], 'B': [1, 0, 1, 0, 0, 0, 0, 1, 1, 1], 'C': [0, 1, 0, 1, 1, 0, 1, 1, 1, 1], 'D': [1, 1, 1, 1, 1, 0, 1, 1, 1, 1], 'E': [1, 1, 0, 1, 1, 1, 1, 1, 1, 1], 'F': [1, 1, 1, 1, 1, 0, 1, 1, 1, 1], 'G': [1, 0, 0, 0, 0, 1, 0, 1, 1, 1], 'H': [0, 0, 1, 0, 0, 0, 0, 0, 0, 0], 'I': [0, 0, 1, 0, 0, 0, 0, 0, 0, 0]}}
624295	2024-07-13 22:21:21.653000+08:00	2024-07-13 22:21:21.653000+08:00	{'东门北侧': {'A': [1, 1, 1, 1, 1, 0, 1, 0, 1, 1], 'B': [1, 1, 1, 1, 1, 1, 1, 1, 1, 1], 'C': [0, 1, 0, 1, 1, 0, 1, 0, 1, 0], 'D': [1, 0, 1, 1, 1, 1, 0, 1, 1, 1], 'E': [1, 0, 1, 1, 1, 0, 1, 1, 1, 1], 'F': [1, 1, 1, 1, 1, 1, 1, 1, 1, 1], 'G': [1, 1, 1, 1, 1, 0, 1, 1, 0, 1], 'H': [1, 1, 1, 1, 1, 0, 0, 1, 0, 1], 'I': [0, 1, 0, 1, 1, 1, 1, 1, 1, 1], 'J': [1, 1, 0, 1, 0, 0, 1, 1, 1, 0], 'K': [0, 1, 1, 0, 1, 1, 1, 1, 1, 0]}, '东门南侧': {'A': [0, 0, 1, 1, 0, 0, 1, 0, 0, 0], 'B': [0, 0, 0, 0, 0, 0, 0, 0, 0, 0]}, '西门北侧': {'A': [1, 1, 0, 1, 1, 1, 0, 1, 1, 1], 'B': [1, 1, 1, 1, 0, 1, 1, 1, 1, 0], 'C': [1, 1, 1, 1, 0, 1, 1, 0, 0, 1]}, '西门南侧': {'A': [0, 1, 1, 1, 1, 1, 1, 0, 1, 1], 'B': [1, 1, 1, 1, 1, 1, 1, 1, 0, 1], 'C': [1, 1, 0, 1, 0, 0, 1, 1, 1, 1]}, '南门西侧': {'A': [1, 1, 1, 1, 1, 1, 1, 1, 1, 1], 'B': [1, 0, 0, 0, 0, 1, 0, 1, 1, 1]}, '南门东侧': {'A': [1, 0, 0, 1, 0, 1, 1, 1, 1, 1], 'B': [1, 1, 1, 1, 1, 1, 1, 1, 1, 1]}, '北门东北侧': {'A': [1, 1, 1, 1, 1, 1, 1, 1, 1, 1], 'B': [0, 0, 0, 1, 1, 0, 0, 1, 0, 0], 'C': [1, 1, 0, 1, 0, 0, 0, 1, 1, 0], 'D': [1, 0, 0, 0, 0, 0, 0, 0, 0, 0]}, '北门东南侧': {'A': [1, 1, 1, 0, 1, 0, 1, 1, 0, 1], 'B': [0, 1, 0, 1, 1, 0, 0, 1, 0, 1], 'C': [1, 0, 1, 0, 0, 0, 0, 0, 1, 1], 'D': [0, 0, 0, 0, 0, 1, 1, 0, 0, 0], 'E': [1, 0, 0, 1, 0, 0, 1, 0, 0, 0], 'F': [1, 1, 1, 1, 0, 1, 1, 0, 1, 1]}, '橘园北侧南': {'A': [0, 1, 1, 0, 1, 0, 0, 1, 0, 1], 'B': [0, 1, 1, 1, 1, 0, 0, 0, 1, 1], 'C': [1, 0, 0, 1, 1, 1, 0, 0, 0, 0], 'D': [1, 1, 1, 1, 1, 0, 0, 0, 0, 1], 'E': [0, 1, 1, 0, 1, 0, 1, 0, 1, 0], 'F': [0, 0, 0, 0, 1, 0, 0, 0, 0, 1], 'G': [0, 1, 0, 0, 0, 0, 1, 1, 1, 0], 'H': [1, 1, 0, 0, 0, 0, 0, 0, 0, 0], 'I': [0, 0, 0, 0, 0, 0, 0, 1, 0, 0], 'J': [0, 0, 0, 0, 0, 0, 0, 1, 1, 0]}, '校医院西': {'A': [0, 1, 0, 1, 1, 1, 1, 1, 1, 0], 'B': [1, 0, 1, 0, 0, 0, 0, 1, 1, 1], 'C': [0, 1, 0, 1, 1, 0, 1, 1, 1, 1], 'D': [1, 1, 1, 1, 1, 0, 1, 1, 1, 1], 'E': [1, 1, 0, 1, 1, 1, 1, 1, 1, 1], 'F': [1, 1, 1, 1, 1, 0, 1, 1, 1, 1], 'G': [1, 0, 0, 0, 0, 1, 0, 1, 1, 1], 'H': [0, 0, 1, 0, 0, 0, 0, 0, 0, 0], 'I': [0, 0, 1, 0, 0, 0, 0, 0, 0, 0]}}
624296	2024-07-13 22:22:20.866000+08:00	2024-07-13 22:22:20.866000+08:00	{'东门北侧': {'A': [1, 1, 1, 1, 1, 0, 1, 0, 1, 1], 'B': [1, 1, 1, 1, 1, 1, 1, 1, 1, 1], 'C': [0, 1, 0, 1, 1, 0, 1, 0, 1, 0], 'D': [1, 0, 1, 1, 1, 1, 0, 1, 1, 1], 'E': [1, 0, 1, 1, 1, 0, 1, 1, 1, 1], 'F': [1, 1, 1, 1, 1, 1, 1, 1, 1, 1], 'G': [1, 1, 1, 1, 1, 0, 1, 1, 0, 1], 'H': [1, 1, 1, 1, 1, 0, 0, 1, 0, 1], 'I': [0, 1, 0, 1, 1, 1, 1, 1, 1, 1], 'J': [1, 1, 0, 1, 0, 0, 1, 1, 1, 0], 'K': [0, 1, 1, 0, 1, 1, 1, 1, 1, 0]}, '东门南侧': {'A': [0, 0, 1, 1, 0, 0, 1, 0, 0, 0], 'B': [0, 0, 0, 0, 0, 0, 0, 0, 0, 0]}, '西门北侧': {'A': [1, 1, 0, 1, 1, 1, 0, 1, 1, 1], 'B': [1, 1, 1, 1, 0, 1, 1, 1, 1, 0], 'C': [1, 1, 1, 1, 0, 1, 1, 0, 0, 1]}, '西门南侧': {'A': [0, 1, 1, 1, 1, 1, 1, 0, 1, 1], 'B': [1, 1, 1, 1, 1, 1, 1, 1, 0, 1], 'C': [1, 1, 0, 1, 0, 0, 1, 1, 1, 1]}, '南门西侧': {'A': [1, 1, 1, 1, 1, 1, 1, 1, 1, 1], 'B': [1, 0, 0, 0, 0, 1, 0, 1, 1, 1]}, '南门东侧': {'A': [1, 0, 0, 1, 0, 1, 1, 1, 1, 1], 'B': [1, 1, 1, 1, 1, 1, 1, 1, 1, 1]}, '北门东北侧': {'A': [1, 1, 1, 1, 1, 1, 1, 1, 1, 1], 'B': [0, 0, 0, 1, 1, 0, 0, 1, 0, 0], 'C': [1, 1, 0, 1, 0, 0, 0, 1, 1, 0], 'D': [1, 0, 0, 0, 0, 0, 0, 0, 0, 0]}, '北门东南侧': {'A': [1, 1, 1, 0, 1, 0, 1, 1, 0, 1], 'B': [0, 1, 0, 1, 1, 0, 0, 1, 0, 1], 'C': [1, 0, 1, 0, 0, 0, 0, 0, 1, 1], 'D': [0, 0, 0, 0, 0, 1, 1, 0, 0, 0], 'E': [1, 0, 0, 1, 0, 0, 1, 0, 0, 0], 'F': [1, 1, 1, 1, 0, 1, 1, 0, 1, 1]}, '橘园北侧南': {'A': [0, 1, 1, 0, 1, 0, 0, 1, 0, 1], 'B': [0, 1, 1, 1, 1, 0, 0, 0, 1, 1], 'C': [1, 0, 0, 1, 1, 1, 0, 0, 0, 0], 'D': [1, 1, 1, 1, 1, 0, 0, 0, 0, 1], 'E': [0, 1, 1, 0, 1, 0, 1, 0, 1, 0], 'F': [0, 0, 0, 0, 1, 0, 0, 0, 0, 1], 'G': [0, 1, 0, 0, 0, 0, 1, 1, 1, 0], 'H': [1, 1, 0, 0, 0, 0, 0, 0, 0, 0], 'I': [0, 0, 0, 0, 0, 0, 0, 1, 0, 0], 'J': [0, 0, 0, 0, 0, 0, 0, 1, 1, 0]}, '校医院西': {'A': [0, 1, 0, 1, 1, 1, 1, 1, 1, 0], 'B': [1, 0, 1, 0, 0, 0, 0, 1, 1, 1], 'C': [0, 1, 0, 1, 1, 0, 1, 1, 1, 1], 'D': [1, 1, 1, 1, 1, 0, 1, 1, 1, 1], 'E': [1, 1, 0, 1, 1, 1, 1, 1, 1, 1], 'F': [1, 1, 1, 1, 1, 0, 1, 1, 1, 1], 'G': [1, 0, 0, 0, 0, 1, 0, 1, 1, 1], 'H': [0, 0, 1, 0, 0, 0, 0, 0, 0, 0], 'I': [0, 0, 1, 0, 0, 0, 0, 0, 0, 0]}}
624297	2024-07-13 22:23:21.731000+08:00	2024-07-13 22:23:21.731000+08:00	{'东门北侧': {'A': [1, 1, 1, 1, 1, 0, 1, 0, 1, 1], 'B': [1, 1, 1, 1, 1, 1, 1, 1, 1, 1], 'C': [0, 1, 0, 1, 1, 0, 1, 0, 1, 0], 'D': [1, 0, 1, 1, 1, 1, 0, 1, 1, 1], 'E': [1, 0, 1, 1, 1, 0, 1, 1, 1, 1], 'F': [1, 1, 1, 1, 1, 1, 1, 1, 1, 1], 'G': [1, 1, 1, 1, 1, 0, 1, 1, 0, 1], 'H': [1, 1, 1, 1, 1, 0, 0, 1, 0, 1], 'I': [0, 1, 0, 1, 1, 1, 1, 1, 1, 1], 'J': [1, 1, 0, 1, 0, 0, 1, 1, 1, 0], 'K': [0, 1, 1, 0, 1, 1, 1, 1, 1, 0]}, '东门南侧': {'A': [0, 0, 1, 1, 0, 0, 1, 0, 0, 0], 'B': [0, 0, 0, 0, 0, 0, 0, 0, 0, 0]}, '西门北侧': {'A': [1, 1, 0, 1, 1, 1, 0, 1, 1, 1], 'B': [1, 1, 1, 1, 0, 1, 1, 1, 1, 0], 'C': [1, 1, 1, 1, 0, 1, 1, 0, 0, 1]}, '西门南侧': {'A': [0, 1, 1, 1, 1, 1, 1, 0, 1, 1], 'B': [1, 1, 1, 1, 1, 1, 1, 1, 0, 1], 'C': [1, 1, 0, 1, 0, 0, 1, 1, 1, 1]}, '南门西侧': {'A': [1, 1, 1, 1, 1, 1, 1, 1, 1, 1], 'B': [1, 0, 0, 0, 0, 1, 0, 1, 1, 1]}, '南门东侧': {'A': [1, 0, 0, 1, 0, 1, 1, 1, 1, 1], 'B': [1, 1, 1, 1, 1, 1, 1, 1, 1, 1]}, '北门东北侧': {'A': [1, 1, 1, 1, 1, 1, 1, 1, 1, 1], 'B': [0, 0, 0, 1, 1, 0, 0, 1, 0, 0], 'C': [1, 1, 0, 1, 0, 0, 0, 1, 1, 0], 'D': [1, 0, 0, 0, 0, 0, 0, 0, 0, 0]}, '北门东南侧': {'A': [1, 1, 1, 0, 1, 0, 1, 1, 0, 1], 'B': [0, 1, 0, 1, 1, 0, 0, 1, 0, 1], 'C': [1, 0, 1, 0, 0, 0, 0, 0, 1, 1], 'D': [0, 0, 0, 0, 0, 1, 1, 0, 0, 0], 'E': [1, 0, 0, 1, 0, 0, 1, 0, 0, 0], 'F': [1, 1, 1, 1, 0, 1, 1, 0, 1, 1]}, '橘园北侧南': {'A': [0, 1, 1, 0, 1, 0, 0, 1, 0, 1], 'B': [0, 1, 1, 1, 1, 0, 0, 0, 1, 1], 'C': [1, 0, 0, 1, 1, 1, 0, 0, 0, 0], 'D': [1, 1, 1, 1, 1, 0, 0, 0, 0, 1], 'E': [0, 1, 1, 0, 1, 0, 1, 1, 0, 0], 'F': [0, 0, 0, 0, 1, 0, 0, 0, 0, 1], 'G': [0, 1, 0, 0, 0, 0, 1, 1, 1, 0], 'H': [1, 1, 0, 0, 1, 0, 0, 0, 0, 0], 'I': [0, 0, 0, 0, 0, 0, 0, 1, 0, 0], 'J': [0, 0, 0, 0, 0, 0, 0, 1, 1, 0]}, '校医院西': {'A': [0, 1, 0, 1, 1, 1, 1, 1, 1, 0], 'B': [1, 0, 1, 0, 0, 0, 0, 1, 1, 1], 'C': [0, 1, 0, 1, 1, 0, 1, 1, 1, 1], 'D': [1, 1, 1, 1, 1, 0, 1, 1, 1, 1], 'E': [1, 1, 0, 1, 1, 1, 1, 1, 1, 1], 'F': [1, 1, 1, 1, 1, 0, 1, 1, 1, 1], 'G': [1, 0, 0, 0, 0, 1, 0, 1, 1, 1], 'H': [0, 0, 1, 0, 0, 0, 0, 0, 0, 0], 'I': [0, 0, 1, 0, 0, 0, 0, 0, 0, 0]}}
624298	2024-07-13 22:24:22.493000+08:00	2024-07-13 22:24:22.493000+08:00	{'东门北侧': {'A': [1, 1, 1, 1, 1, 0, 1, 0, 1, 1], 'B': [1, 1, 1, 1, 1, 1, 1, 1, 1, 1], 'C': [0, 1, 0, 1, 1, 0, 1, 0, 1, 0], 'D': [1, 0, 1, 1, 1, 1, 0, 1, 1, 1], 'E': [1, 0, 1, 1, 1, 0, 1, 1, 1, 1], 'F': [1, 1, 1, 1, 1, 1, 1, 1, 1, 1], 'G': [1, 1, 1, 1, 1, 0, 1, 1, 0, 1], 'H': [1, 1, 1, 1, 1, 0, 0, 1, 0, 1], 'I': [0, 1, 0, 1, 1, 1, 1, 1, 1, 1], 'J': [1, 1, 1, 1, 0, 0, 1, 1, 1, 0], 'K': [0, 1, 1, 0, 1, 1, 1, 1, 1, 0]}, '东门南侧': {'A': [0, 0, 1, 1, 0, 0, 1, 0, 0, 0], 'B': [0, 0, 0, 0, 0, 0, 0, 0, 0, 0]}, '西门北侧': {'A': [1, 1, 0, 1, 1, 1, 0, 1, 1, 1], 'B': [1, 1, 1, 1, 0, 1, 1, 1, 1, 0], 'C': [1, 1, 1, 1, 0, 1, 1, 0, 0, 1]}, '西门南侧': {'A': [0, 1, 1, 1, 1, 1, 1, 0, 1, 1], 'B': [1, 1, 1, 1, 1, 1, 1, 1, 0, 1], 'C': [1, 1, 0, 1, 0, 0, 1, 1, 1, 1]}, '南门西侧': {'A': [1, 1, 1, 1, 1, 1, 1, 1, 1, 1], 'B': [1, 0, 0, 0, 0, 1, 0, 1, 1, 1]}, '南门东侧': {'A': [1, 0, 0, 1, 0, 1, 1, 1, 1, 1], 'B': [1, 1, 1, 1, 1, 1, 1, 1, 1, 1]}, '北门东北侧': {'A': [1, 1, 1, 1, 1, 1, 1, 1, 1, 1], 'B': [0, 0, 0, 1, 1, 0, 0, 1, 0, 0], 'C': [1, 1, 0, 1, 0, 0, 0, 1, 1, 0], 'D': [1, 0, 0, 0, 0, 0, 0, 0, 0, 0]}, '北门东南侧': {'A': [1, 1, 1, 0, 1, 0, 1, 1, 0, 1], 'B': [0, 1, 0, 1, 1, 0, 0, 1, 0, 1], 'C': [1, 0, 1, 0, 0, 0, 0, 0, 1, 1], 'D': [0, 0, 0, 0, 0, 1, 1, 0, 0, 0], 'E': [1, 0, 0, 1, 0, 0, 1, 0, 0, 0], 'F': [1, 1, 1, 1, 0, 1, 1, 0, 1, 1]}, '橘园北侧南': {'A': [0, 1, 1, 0, 1, 0, 0, 1, 0, 1], 'B': [0, 1, 0, 1, 1, 0, 0, 0, 1, 1], 'C': [1, 0, 0, 1, 1, 1, 0, 0, 0, 0], 'D': [1, 1, 1, 1, 1, 0, 0, 0, 0, 1], 'E': [0, 1, 1, 0, 1, 0, 1, 1, 0, 0], 'F': [0, 0, 0, 0, 1, 0, 0, 0, 0, 1], 'G': [0, 1, 0, 0, 0, 0, 1, 1, 1, 0], 'H': [1, 1, 0, 0, 1, 0, 0, 0, 0, 0], 'I': [0, 0, 0, 0, 0, 0, 0, 1, 0, 0], 'J': [0, 0, 0, 0, 0, 0, 0, 1, 1, 0]}, '校医院西': {'A': [0, 1, 0, 1, 1, 1, 1, 1, 1, 0], 'B': [1, 0, 1, 0, 0, 0, 0, 1, 1, 1], 'C': [0, 1, 0, 1, 1, 0, 1, 1, 1, 1], 'D': [1, 1, 1, 1, 1, 0, 1, 1, 1, 1], 'E': [1, 1, 0, 1, 1, 1, 1, 1, 1, 1], 'F': [1, 1, 1, 1, 1, 0, 1, 1, 1, 1], 'G': [1, 0, 0, 0, 0, 1, 0, 1, 1, 1], 'H': [0, 0, 1, 0, 0, 0, 0, 0, 0, 0], 'I': [0, 0, 1, 0, 0, 0, 0, 0, 0, 0]}}
624299	2024-07-13 22:25:22.700000+08:00	2024-07-13 22:25:22.700000+08:00	{'东门北侧': {'A': [1, 1, 1, 1, 1, 0, 1, 0, 1, 1], 'B': [1, 1, 1, 1, 1, 1, 1, 1, 1, 1], 'C': [0, 1, 0, 1, 1, 0, 1, 0, 1, 0], 'D': [1, 0, 1, 1, 1, 1, 0, 1, 1, 1], 'E': [1, 0, 1, 1, 1, 0, 1, 1, 1, 1], 'F': [1, 1, 1, 1, 1, 1, 1, 1, 1, 1], 'G': [1, 1, 1, 1, 1, 0, 1, 1, 0, 1], 'H': [1, 1, 1, 1, 1, 0, 0, 1, 0, 1], 'I': [0, 1, 0, 1, 1, 1, 1, 1, 1, 1], 'J': [1, 1, 1, 1, 0, 0, 1, 1, 1, 0], 'K': [0, 1, 1, 0, 1, 1, 1, 1, 1, 0]}, '东门南侧': {'A': [0, 0, 1, 1, 0, 0, 1, 0, 0, 0], 'B': [0, 0, 0, 0, 0, 0, 0, 0, 0, 0]}, '西门北侧': {'A': [1, 1, 0, 1, 1, 1, 0, 1, 1, 1], 'B': [1, 1, 1, 1, 0, 1, 1, 1, 1, 0], 'C': [1, 1, 1, 1, 0, 1, 1, 0, 0, 1]}, '西门南侧': {'A': [0, 1, 1, 1, 1, 1, 1, 0, 1, 1], 'B': [1, 1, 1, 1, 1, 1, 1, 1, 0, 1], 'C': [1, 1, 0, 1, 0, 0, 1, 1, 1, 1]}, '南门西侧': {'A': [1, 1, 1, 1, 1, 1, 1, 1, 1, 1], 'B': [1, 0, 0, 0, 0, 1, 0, 1, 1, 1]}, '南门东侧': {'A': [1, 0, 0, 1, 0, 1, 1, 1, 1, 1], 'B': [1, 1, 1, 1, 1, 1, 1, 1, 1, 1]}, '北门东北侧': {'A': [1, 1, 1, 1, 1, 1, 1, 1, 1, 1], 'B': [0, 0, 0, 1, 1, 0, 0, 1, 0, 0], 'C': [1, 1, 0, 1, 0, 0, 0, 1, 1, 0], 'D': [1, 0, 0, 0, 0, 0, 0, 0, 0, 0]}, '北门东南侧': {'A': [1, 1, 1, 0, 1, 0, 1, 1, 0, 1], 'B': [0, 1, 0, 1, 1, 0, 0, 1, 0, 1], 'C': [1, 0, 1, 0, 0, 0, 0, 0, 1, 1], 'D': [0, 0, 0, 0, 0, 1, 1, 0, 0, 0], 'E': [1, 0, 0, 1, 0, 0, 1, 0, 0, 0], 'F': [1, 1, 1, 1, 0, 1, 1, 0, 1, 1]}, '橘园北侧南': {'A': [0, 1, 1, 0, 1, 0, 0, 1, 0, 1], 'B': [0, 1, 0, 1, 1, 0, 0, 0, 1, 1], 'C': [1, 0, 0, 1, 1, 1, 0, 0, 0, 0], 'D': [1, 1, 1, 1, 1, 0, 0, 0, 0, 1], 'E': [0, 1, 1, 0, 1, 0, 1, 1, 0, 0], 'F': [0, 0, 0, 0, 1, 0, 0, 0, 0, 1], 'G': [0, 1, 0, 0, 0, 0, 1, 1, 1, 0], 'H': [1, 0, 0, 0, 1, 0, 0, 0, 0, 0], 'I': [0, 0, 0, 0, 0, 0, 0, 1, 0, 0], 'J': [0, 0, 0, 0, 0, 0, 0, 0, 1, 0]}, '校医院西': {'A': [0, 1, 0, 1, 1, 1, 1, 1, 1, 0], 'B': [1, 0, 1, 0, 0, 0, 0, 1, 1, 1], 'C': [0, 1, 0, 1, 1, 0, 1, 1, 1, 1], 'D': [1, 1, 1, 1, 1, 0, 1, 1, 1, 1], 'E': [1, 1, 0, 1, 1, 1, 1, 1, 1, 1], 'F': [1, 1, 1, 1, 1, 0, 1, 1, 1, 1], 'G': [1, 0, 0, 0, 0, 1, 0, 1, 1, 1], 'H': [0, 0, 1, 0, 0, 0, 0, 0, 0, 0], 'I': [0, 0, 1, 0, 0, 0, 0, 0, 0, 0]}}
624300	2024-07-13 22:26:19.956000+08:00	2024-07-13 22:26:19.956000+08:00	{'东门北侧': {'A': [1, 1, 1, 1, 1, 0, 1, 0, 1, 1], 'B': [1, 1, 1, 1, 1, 1, 1, 1, 1, 1], 'C': [0, 1, 0, 1, 1, 0, 1, 0, 1, 0], 'D': [1, 0, 1, 1, 1, 1, 0, 1, 1, 1], 'E': [1, 0, 1, 1, 1, 0, 1, 1, 1, 1], 'F': [1, 1, 1, 1, 1, 1, 1, 1, 1, 1], 'G': [1, 1, 1, 1, 1, 0, 1, 1, 0, 1], 'H': [1, 1, 1, 1, 1, 0, 0, 1, 0, 1], 'I': [0, 1, 0, 1, 1, 1, 1, 1, 1, 1], 'J': [1, 1, 1, 1, 0, 0, 1, 1, 1, 0], 'K': [0, 1, 1, 0, 1, 1, 1, 1, 1, 0]}, '东门南侧': {'A': [0, 0, 1, 1, 0, 0, 1, 0, 0, 0], 'B': [0, 0, 0, 0, 0, 0, 0, 0, 0, 0]}, '西门北侧': {'A': [1, 1, 0, 1, 1, 1, 0, 1, 1, 1], 'B': [1, 1, 1, 1, 0, 1, 1, 1, 1, 0], 'C': [1, 1, 1, 1, 0, 1, 1, 0, 0, 1]}, '西门南侧': {'A': [0, 1, 1, 1, 1, 1, 1, 0, 1, 1], 'B': [1, 1, 1, 1, 1, 1, 1, 1, 0, 1], 'C': [1, 1, 0, 1, 0, 0, 1, 1, 1, 1]}, '南门西侧': {'A': [1, 1, 1, 1, 1, 1, 1, 1, 1, 1], 'B': [1, 0, 0, 0, 0, 1, 0, 1, 1, 1]}, '南门东侧': {'A': [1, 0, 0, 1, 0, 1, 1, 1, 1, 1], 'B': [1, 1, 1, 1, 1, 1, 1, 1, 1, 1]}, '北门东北侧': {'A': [1, 1, 1, 1, 1, 1, 1, 1, 1, 1], 'B': [0, 0, 0, 1, 1, 0, 0, 1, 0, 0], 'C': [1, 1, 0, 1, 0, 0, 0, 1, 1, 0], 'D': [1, 0, 0, 0, 0, 0, 0, 0, 0, 0]}, '北门东南侧': {'A': [1, 1, 1, 0, 1, 0, 1, 1, 0, 1], 'B': [0, 1, 0, 1, 1, 0, 0, 1, 0, 1], 'C': [1, 0, 1, 0, 0, 0, 0, 0, 1, 1], 'D': [0, 0, 0, 0, 0, 1, 1, 0, 0, 0], 'E': [1, 0, 0, 1, 0, 0, 1, 0, 0, 0], 'F': [1, 1, 1, 1, 0, 1, 1, 0, 1, 1]}, '橘园北侧南': {'A': [0, 1, 1, 0, 1, 0, 0, 1, 0, 1], 'B': [0, 1, 0, 1, 1, 0, 0, 0, 1, 1], 'C': [1, 0, 0, 1, 1, 1, 0, 0, 0, 0], 'D': [1, 1, 1, 1, 1, 0, 0, 0, 0, 1], 'E': [0, 1, 1, 0, 1, 0, 1, 1, 0, 0], 'F': [0, 0, 0, 0, 1, 0, 0, 0, 0, 1], 'G': [0, 1, 0, 0, 0, 0, 1, 1, 1, 0], 'H': [1, 0, 0, 0, 1, 0, 0, 0, 0, 0], 'I': [0, 0, 0, 0, 0, 0, 0, 1, 0, 0], 'J': [0, 0, 0, 0, 0, 0, 0, 0, 1, 0]}, '校医院西': {'A': [0, 1, 0, 1, 1, 1, 1, 1, 1, 0], 'B': [1, 0, 1, 0, 0, 0, 0, 1, 1, 1], 'C': [0, 1, 0, 1, 1, 0, 1, 1, 1, 1], 'D': [1, 1, 1, 1, 1, 0, 1, 1, 1, 1], 'E': [1, 1, 0, 1, 1, 1, 1, 1, 1, 1], 'F': [1, 1, 1, 1, 1, 0, 1, 1, 1, 1], 'G': [1, 0, 0, 0, 0, 1, 0, 1, 1, 1], 'H': [0, 0, 1, 0, 0, 0, 0, 0, 0, 0], 'I': [0, 0, 1, 0, 0, 0, 0, 0, 0, 0]}}
624301	2024-07-13 22:27:18.723000+08:00	2024-07-13 22:27:18.723000+08:00	{'东门北侧': {'A': [1, 1, 1, 1, 1, 0, 1, 0, 1, 1], 'B': [1, 1, 1, 1, 1, 1, 1, 1, 1, 1], 'C': [0, 1, 0, 1, 1, 0, 1, 0, 1, 0], 'D': [1, 0, 1, 1, 1, 1, 0, 1, 1, 1], 'E': [1, 0, 1, 1, 1, 0, 1, 1, 1, 1], 'F': [1, 1, 1, 1, 1, 1, 1, 1, 1, 1], 'G': [1, 1, 1, 1, 1, 0, 1, 1, 0, 1], 'H': [1, 1, 1, 1, 1, 0, 0, 1, 0, 1], 'I': [0, 1, 0, 1, 1, 1, 1, 1, 1, 1], 'J': [1, 1, 1, 1, 0, 0, 1, 1, 1, 0], 'K': [0, 1, 1, 0, 1, 1, 1, 1, 1, 0]}, '东门南侧': {'A': [0, 0, 1, 1, 0, 0, 1, 0, 0, 0], 'B': [0, 0, 0, 0, 0, 0, 0, 0, 0, 0]}, '西门北侧': {'A': [1, 1, 0, 1, 1, 1, 0, 1, 1, 1], 'B': [1, 1, 1, 1, 0, 1, 1, 1, 1, 0], 'C': [1, 1, 1, 1, 0, 1, 1, 0, 0, 1]}, '西门南侧': {'A': [0, 1, 1, 1, 1, 1, 1, 0, 1, 1], 'B': [1, 1, 1, 1, 1, 1, 1, 1, 0, 1], 'C': [1, 1, 0, 1, 0, 0, 1, 1, 1, 1]}, '南门西侧': {'A': [1, 1, 1, 1, 1, 1, 1, 1, 1, 1], 'B': [1, 0, 0, 0, 0, 1, 0, 1, 1, 1]}, '南门东侧': {'A': [1, 0, 0, 1, 0, 1, 1, 1, 1, 1], 'B': [1, 1, 1, 1, 1, 1, 1, 1, 1, 1]}, '北门东北侧': {'A': [1, 1, 1, 1, 1, 1, 1, 1, 1, 1], 'B': [0, 0, 0, 1, 1, 0, 0, 1, 0, 0], 'C': [1, 1, 0, 1, 0, 0, 0, 1, 1, 0], 'D': [1, 0, 0, 0, 0, 0, 0, 0, 0, 0]}, '北门东南侧': {'A': [1, 1, 1, 0, 1, 0, 1, 1, 0, 1], 'B': [0, 1, 0, 1, 1, 0, 0, 1, 0, 1], 'C': [1, 0, 1, 0, 0, 0, 0, 0, 1, 1], 'D': [0, 0, 0, 0, 0, 1, 1, 0, 0, 0], 'E': [1, 0, 0, 1, 0, 0, 1, 0, 0, 1], 'F': [1, 1, 1, 1, 0, 1, 1, 0, 1, 1]}, '橘园北侧南': {'A': [0, 1, 1, 0, 1, 0, 0, 1, 0, 1], 'B': [0, 1, 0, 1, 1, 0, 0, 0, 1, 1], 'C': [1, 0, 0, 1, 1, 1, 0, 0, 0, 0], 'D': [1, 1, 1, 1, 1, 0, 0, 0, 0, 1], 'E': [0, 1, 1, 0, 1, 0, 1, 1, 0, 0], 'F': [0, 0, 0, 0, 1, 0, 0, 0, 0, 1], 'G': [0, 1, 0, 0, 0, 0, 1, 1, 1, 0], 'H': [1, 0, 0, 0, 1, 0, 0, 0, 0, 0], 'I': [0, 0, 0, 0, 0, 0, 0, 1, 0, 0], 'J': [0, 0, 0, 0, 0, 0, 0, 0, 1, 0]}, '校医院西': {'A': [0, 1, 0, 1, 1, 1, 1, 1, 1, 0], 'B': [1, 0, 1, 0, 0, 0, 0, 1, 1, 1], 'C': [0, 1, 0, 1, 1, 0, 1, 1, 1, 1], 'D': [1, 1, 1, 1, 1, 0, 1, 1, 1, 1], 'E': [1, 1, 0, 1, 1, 1, 1, 1, 1, 1], 'F': [1, 1, 1, 1, 1, 0, 1, 1, 1, 1], 'G': [1, 0, 0, 0, 0, 1, 0, 1, 1, 1], 'H': [0, 0, 1, 0, 0, 0, 0, 0, 0, 0], 'I': [0, 0, 1, 0, 0, 0, 0, 0, 0, 0]}}
624302	2024-07-13 22:28:19.252000+08:00	2024-07-13 22:28:19.252000+08:00	{'东门北侧': {'A': [1, 1, 1, 1, 1, 0, 1, 0, 1, 1], 'B': [1, 1, 1, 1, 1, 1, 1, 1, 1, 1], 'C': [0, 1, 0, 1, 1, 0, 1, 0, 1, 0], 'D': [1, 0, 1, 1, 1, 1, 0, 1, 1, 1], 'E': [1, 0, 1, 1, 1, 0, 1, 1, 1, 1], 'F': [1, 1, 1, 1, 1, 1, 1, 1, 1, 1], 'G': [1, 1, 1, 1, 1, 0, 1, 1, 0, 1], 'H': [1, 1, 1, 1, 1, 0, 0, 1, 0, 1], 'I': [0, 1, 0, 1, 1, 1, 1, 1, 1, 1], 'J': [1, 1, 1, 1, 0, 0, 1, 1, 1, 0], 'K': [0, 1, 1, 0, 1, 1, 1, 1, 1, 0]}, '东门南侧': {'A': [0, 0, 1, 1, 0, 0, 0, 0, 0, 0], 'B': [0, 0, 0, 0, 0, 0, 0, 0, 0, 0]}, '西门北侧': {'A': [1, 1, 0, 1, 1, 1, 0, 1, 1, 1], 'B': [1, 1, 1, 1, 0, 1, 1, 1, 1, 0], 'C': [1, 1, 1, 1, 0, 1, 1, 0, 0, 1]}, '西门南侧': {'A': [0, 1, 1, 1, 1, 1, 1, 0, 1, 1], 'B': [1, 1, 1, 1, 1, 1, 1, 1, 0, 1], 'C': [1, 1, 0, 1, 0, 0, 1, 1, 1, 1]}, '南门西侧': {'A': [1, 1, 1, 1, 1, 1, 1, 1, 1, 1], 'B': [1, 0, 0, 0, 0, 1, 0, 1, 1, 1]}, '南门东侧': {'A': [1, 0, 0, 1, 0, 1, 1, 1, 1, 1], 'B': [1, 1, 1, 1, 1, 1, 1, 1, 1, 1]}, '北门东北侧': {'A': [1, 1, 1, 1, 1, 1, 1, 1, 1, 1], 'B': [0, 0, 0, 1, 1, 0, 0, 1, 0, 0], 'C': [1, 1, 0, 1, 0, 0, 0, 1, 1, 0], 'D': [1, 0, 0, 0, 0, 0, 0, 0, 0, 0]}, '北门东南侧': {'A': [1, 1, 1, 0, 1, 0, 1, 1, 0, 1], 'B': [0, 1, 0, 1, 1, 0, 0, 1, 0, 1], 'C': [1, 0, 1, 0, 0, 0, 0, 0, 1, 1], 'D': [0, 0, 0, 0, 0, 1, 1, 0, 0, 0], 'E': [1, 0, 0, 1, 0, 0, 1, 0, 0, 1], 'F': [1, 1, 1, 1, 0, 1, 1, 0, 1, 1]}, '橘园北侧南': {'A': [0, 1, 1, 0, 1, 0, 0, 1, 0, 1], 'B': [0, 1, 0, 1, 1, 0, 0, 0, 1, 1], 'C': [1, 0, 0, 1, 1, 1, 0, 0, 0, 0], 'D': [1, 1, 1, 1, 1, 0, 0, 0, 0, 1], 'E': [0, 1, 1, 0, 1, 0, 1, 1, 0, 0], 'F': [0, 0, 0, 0, 1, 0, 0, 0, 0, 0], 'G': [0, 1, 0, 0, 0, 0, 1, 1, 1, 0], 'H': [1, 0, 0, 0, 1, 0, 0, 0, 0, 0], 'I': [0, 0, 0, 1, 0, 0, 0, 1, 0, 0], 'J': [0, 0, 0, 0, 0, 0, 0, 0, 0, 0]}, '校医院西': {'A': [0, 1, 0, 1, 1, 1, 1, 1, 1, 0], 'B': [1, 0, 1, 0, 0, 0, 0, 1, 1, 1], 'C': [0, 1, 0, 1, 1, 0, 1, 1, 1, 1], 'D': [1, 1, 1, 1, 1, 0, 1, 1, 1, 1], 'E': [1, 1, 0, 1, 1, 1, 1, 1, 1, 1], 'F': [1, 1, 1, 1, 1, 0, 1, 1, 1, 1], 'G': [1, 0, 0, 0, 0, 1, 0, 1, 1, 1], 'H': [0, 0, 1, 0, 0, 0, 0, 0, 0, 0], 'I': [0, 0, 1, 0, 0, 0, 0, 0, 0, 0]}}
624303	2024-07-13 22:29:21.717000+08:00	2024-07-13 22:29:21.717000+08:00	{'东门北侧': {'A': [1, 1, 1, 1, 1, 0, 1, 0, 1, 1], 'B': [1, 1, 1, 1, 1, 1, 1, 1, 1, 1], 'C': [0, 1, 0, 1, 1, 0, 1, 0, 1, 0], 'D': [1, 0, 1, 1, 1, 1, 0, 1, 1, 1], 'E': [1, 0, 1, 1, 1, 0, 1, 1, 1, 1], 'F': [1, 1, 1, 1, 1, 1, 1, 1, 1, 1], 'G': [1, 1, 1, 1, 1, 0, 1, 1, 0, 1], 'H': [1, 1, 1, 1, 1, 0, 0, 1, 0, 1], 'I': [0, 1, 0, 1, 1, 1, 1, 1, 1, 1], 'J': [1, 1, 1, 1, 0, 0, 1, 1, 1, 0], 'K': [0, 1, 1, 0, 1, 1, 1, 1, 1, 0]}, '东门南侧': {'A': [0, 0, 1, 1, 0, 0, 0, 0, 0, 0], 'B': [0, 0, 0, 0, 0, 0, 0, 0, 0, 0]}, '西门北侧': {'A': [1, 1, 0, 1, 1, 1, 0, 1, 1, 1], 'B': [1, 1, 1, 1, 0, 1, 1, 1, 1, 0], 'C': [1, 1, 1, 1, 0, 1, 1, 0, 0, 1]}, '西门南侧': {'A': [0, 1, 1, 1, 1, 1, 1, 0, 1, 1], 'B': [1, 1, 1, 1, 1, 1, 1, 1, 0, 1], 'C': [1, 1, 0, 1, 0, 0, 1, 1, 1, 1]}, '南门西侧': {'A': [1, 1, 1, 1, 1, 1, 1, 1, 1, 1], 'B': [1, 0, 0, 0, 0, 1, 0, 1, 1, 1]}, '南门东侧': {'A': [1, 0, 0, 1, 0, 1, 1, 1, 1, 1], 'B': [1, 1, 1, 1, 1, 1, 1, 1, 1, 1]}, '北门东北侧': {'A': [1, 1, 1, 1, 1, 1, 1, 1, 1, 1], 'B': [0, 0, 0, 1, 1, 0, 0, 1, 0, 0], 'C': [1, 1, 0, 1, 0, 0, 0, 1, 1, 0], 'D': [1, 0, 0, 0, 0, 0, 0, 0, 0, 0]}, '北门东南侧': {'A': [1, 1, 1, 0, 1, 0, 1, 1, 0, 1], 'B': [0, 1, 0, 1, 1, 0, 0, 1, 0, 1], 'C': [1, 0, 1, 0, 0, 0, 0, 0, 1, 1], 'D': [0, 0, 0, 0, 0, 1, 1, 0, 0, 0], 'E': [1, 0, 0, 1, 0, 0, 1, 0, 0, 1], 'F': [1, 1, 1, 1, 0, 1, 1, 0, 1, 1]}, '橘园北侧南': {'A': [0, 1, 1, 0, 1, 0, 0, 1, 0, 1], 'B': [0, 1, 0, 1, 1, 0, 0, 0, 1, 1], 'C': [1, 0, 0, 1, 1, 1, 0, 0, 0, 0], 'D': [1, 1, 1, 1, 1, 0, 0, 0, 0, 1], 'E': [0, 1, 1, 0, 1, 0, 1, 1, 0, 0], 'F': [0, 0, 0, 0, 1, 0, 0, 0, 0, 0], 'G': [0, 1, 0, 0, 0, 0, 1, 1, 1, 0], 'H': [1, 0, 0, 0, 1, 0, 0, 0, 0, 0], 'I': [0, 0, 0, 1, 0, 0, 0, 1, 0, 0], 'J': [0, 0, 0, 0, 0, 0, 0, 0, 0, 0]}, '校医院西': {'A': [0, 1, 0, 1, 1, 1, 1, 1, 1, 0], 'B': [1, 0, 1, 0, 0, 0, 0, 1, 1, 1], 'C': [0, 1, 0, 1, 1, 0, 1, 1, 1, 1], 'D': [1, 1, 1, 1, 1, 0, 1, 1, 1, 1], 'E': [1, 1, 0, 1, 1, 1, 1, 1, 1, 1], 'F': [1, 1, 1, 1, 1, 0, 1, 1, 1, 1], 'G': [1, 0, 0, 0, 0, 1, 0, 1, 1, 1], 'H': [0, 0, 1, 0, 0, 0, 0, 0, 0, 0], 'I': [0, 0, 1, 0, 0, 0, 0, 0, 0, 0]}}
624304	2024-07-13 22:30:22.720000+08:00	2024-07-13 22:30:22.720000+08:00	{'东门北侧': {'A': [1, 1, 1, 1, 1, 0, 1, 0, 1, 1], 'B': [1, 1, 1, 1, 1, 1, 1, 1, 1, 1], 'C': [0, 1, 0, 1, 1, 0, 1, 0, 1, 0], 'D': [1, 0, 1, 1, 1, 1, 0, 1, 1, 1], 'E': [1, 0, 1, 1, 1, 0, 1, 1, 1, 1], 'F': [1, 1, 1, 1, 1, 1, 1, 1, 1, 1], 'G': [1, 1, 1, 1, 1, 0, 1, 1, 0, 1], 'H': [1, 1, 1, 1, 1, 0, 0, 1, 0, 1], 'I': [0, 1, 0, 1, 1, 1, 1, 1, 1, 1], 'J': [1, 1, 1, 1, 0, 0, 1, 1, 1, 0], 'K': [0, 1, 1, 0, 1, 1, 1, 1, 1, 0]}, '东门南侧': {'A': [0, 0, 1, 1, 0, 0, 0, 0, 0, 0], 'B': [0, 0, 0, 0, 0, 0, 0, 0, 0, 0]}, '西门北侧': {'A': [1, 1, 0, 1, 1, 1, 0, 1, 1, 1], 'B': [1, 1, 1, 1, 0, 1, 1, 1, 1, 0], 'C': [1, 1, 1, 1, 0, 1, 1, 0, 0, 1]}, '西门南侧': {'A': [0, 1, 1, 1, 1, 1, 1, 0, 1, 1], 'B': [1, 1, 1, 1, 1, 1, 1, 1, 0, 1], 'C': [1, 1, 0, 1, 0, 0, 1, 1, 1, 1]}, '南门西侧': {'A': [1, 1, 1, 1, 1, 1, 1, 1, 1, 1], 'B': [1, 0, 0, 0, 0, 1, 0, 1, 1, 1]}, '南门东侧': {'A': [1, 0, 0, 1, 0, 1, 1, 1, 1, 1], 'B': [1, 1, 1, 1, 1, 1, 1, 1, 1, 1]}, '北门东北侧': {'A': [1, 1, 1, 1, 1, 1, 1, 1, 1, 1], 'B': [0, 0, 0, 1, 1, 0, 0, 1, 0, 0], 'C': [1, 1, 0, 1, 0, 0, 0, 1, 1, 0], 'D': [1, 0, 0, 0, 0, 0, 0, 0, 0, 0]}, '北门东南侧': {'A': [1, 1, 1, 0, 1, 0, 1, 1, 0, 1], 'B': [0, 1, 0, 1, 1, 0, 0, 1, 0, 1], 'C': [1, 0, 1, 0, 0, 0, 0, 0, 1, 1], 'D': [0, 0, 0, 0, 0, 1, 1, 0, 0, 0], 'E': [1, 0, 0, 1, 0, 0, 1, 0, 0, 1], 'F': [1, 1, 1, 1, 0, 1, 1, 0, 1, 1]}, '橘园北侧南': {'A': [0, 1, 1, 0, 1, 0, 0, 1, 0, 1], 'B': [0, 1, 0, 1, 1, 0, 0, 0, 1, 1], 'C': [1, 0, 0, 1, 1, 1, 0, 0, 0, 0], 'D': [1, 1, 1, 1, 1, 0, 0, 0, 0, 1], 'E': [0, 1, 1, 0, 1, 0, 1, 1, 0, 0], 'F': [0, 0, 0, 0, 1, 0, 0, 0, 0, 0], 'G': [0, 1, 0, 0, 0, 0, 1, 1, 1, 0], 'H': [1, 0, 0, 0, 1, 0, 0, 0, 0, 0], 'I': [0, 0, 0, 1, 0, 0, 0, 1, 0, 0], 'J': [0, 0, 0, 0, 0, 0, 0, 0, 0, 0]}, '校医院西': {'A': [0, 1, 0, 1, 1, 1, 1, 1, 1, 0], 'B': [1, 0, 1, 0, 0, 0, 0, 1, 1, 1], 'C': [0, 1, 0, 1, 1, 0, 1, 1, 1, 1], 'D': [1, 1, 1, 1, 1, 0, 1, 1, 1, 1], 'E': [1, 1, 0, 1, 1, 1, 1, 1, 1, 1], 'F': [1, 1, 1, 1, 1, 0, 1, 1, 1, 1], 'G': [1, 0, 0, 0, 0, 1, 0, 1, 1, 1], 'H': [0, 0, 1, 0, 0, 0, 0, 0, 0, 0], 'I': [0, 0, 1, 0, 0, 0, 0, 0, 0, 0]}}
624305	2024-07-13 22:31:21.197000+08:00	2024-07-13 22:31:21.197000+08:00	{'东门北侧': {'A': [1, 1, 1, 1, 1, 0, 1, 0, 1, 1], 'B': [1, 1, 1, 1, 1, 1, 1, 1, 1, 1], 'C': [0, 1, 0, 1, 1, 0, 1, 0, 1, 0], 'D': [1, 0, 1, 1, 1, 1, 0, 1, 1, 1], 'E': [1, 0, 1, 1, 1, 0, 1, 1, 1, 1], 'F': [1, 1, 1, 1, 1, 1, 1, 1, 1, 1], 'G': [1, 1, 1, 1, 1, 0, 1, 1, 0, 1], 'H': [1, 1, 1, 1, 1, 0, 0, 1, 0, 1], 'I': [0, 1, 0, 1, 1, 1, 1, 1, 1, 1], 'J': [1, 1, 1, 1, 0, 0, 1, 1, 1, 0], 'K': [0, 1, 1, 0, 1, 1, 1, 1, 1, 0]}, '东门南侧': {'A': [0, 0, 1, 1, 0, 0, 0, 0, 0, 0], 'B': [0, 0, 0, 0, 0, 0, 0, 0, 0, 0]}, '西门北侧': {'A': [1, 1, 0, 1, 1, 1, 0, 1, 1, 1], 'B': [1, 1, 1, 1, 0, 1, 1, 1, 1, 0], 'C': [1, 1, 1, 1, 0, 1, 1, 0, 0, 1]}, '西门南侧': {'A': [0, 1, 1, 1, 1, 1, 1, 0, 1, 1], 'B': [1, 1, 1, 1, 1, 1, 1, 1, 0, 1], 'C': [1, 1, 0, 1, 0, 0, 1, 1, 1, 1]}, '南门西侧': {'A': [1, 1, 1, 1, 1, 1, 1, 1, 1, 1], 'B': [1, 0, 0, 0, 0, 1, 0, 1, 1, 1]}, '南门东侧': {'A': [1, 0, 0, 1, 0, 1, 1, 1, 1, 1], 'B': [1, 1, 1, 1, 1, 1, 1, 1, 1, 1]}, '北门东北侧': {'A': [1, 1, 1, 1, 1, 1, 1, 1, 1, 1], 'B': [0, 0, 0, 1, 1, 0, 0, 1, 0, 0], 'C': [1, 1, 0, 1, 0, 0, 0, 1, 1, 0], 'D': [1, 0, 0, 0, 0, 0, 0, 0, 0, 0]}, '北门东南侧': {'A': [1, 1, 1, 0, 1, 0, 1, 1, 0, 1], 'B': [0, 1, 0, 1, 1, 0, 0, 1, 0, 1], 'C': [1, 0, 1, 0, 0, 0, 0, 0, 1, 1], 'D': [0, 0, 0, 0, 0, 1, 1, 0, 0, 0], 'E': [1, 0, 0, 1, 0, 0, 1, 0, 0, 1], 'F': [1, 1, 1, 1, 0, 1, 1, 0, 1, 1]}, '橘园北侧南': {'A': [0, 1, 1, 0, 1, 0, 0, 1, 0, 1], 'B': [1, 1, 0, 1, 1, 0, 0, 0, 1, 1], 'C': [1, 0, 0, 1, 1, 1, 0, 0, 0, 0], 'D': [1, 1, 1, 1, 1, 0, 0, 0, 0, 1], 'E': [0, 1, 1, 0, 1, 0, 1, 1, 0, 0], 'F': [0, 0, 0, 0, 1, 0, 0, 0, 0, 0], 'G': [0, 1, 0, 0, 0, 0, 1, 1, 1, 0], 'H': [1, 0, 0, 0, 1, 0, 0, 0, 0, 0], 'I': [0, 0, 0, 1, 0, 0, 0, 1, 0, 0], 'J': [0, 0, 0, 0, 0, 0, 0, 0, 0, 0]}, '校医院西': {'A': [0, 1, 0, 1, 1, 1, 1, 1, 1, 0], 'B': [1, 0, 1, 0, 0, 0, 0, 1, 1, 1], 'C': [0, 1, 0, 1, 1, 0, 1, 1, 1, 1], 'D': [1, 1, 1, 1, 1, 0, 1, 1, 1, 1], 'E': [1, 1, 0, 1, 1, 1, 1, 1, 1, 1], 'F': [1, 1, 1, 1, 1, 0, 1, 1, 1, 1], 'G': [1, 0, 0, 0, 0, 1, 0, 1, 1, 1], 'H': [0, 0, 1, 0, 0, 0, 0, 0, 0, 0], 'I': [0, 0, 1, 0, 0, 0, 0, 0, 0, 0]}}
624306	2024-07-13 22:32:18.731000+08:00	2024-07-13 22:32:18.731000+08:00	{'东门北侧': {'A': [1, 1, 1, 1, 1, 0, 1, 0, 1, 1], 'B': [1, 1, 1, 1, 1, 1, 1, 1, 1, 1], 'C': [0, 1, 0, 1, 1, 0, 1, 0, 1, 0], 'D': [1, 0, 1, 1, 1, 1, 0, 1, 1, 1], 'E': [1, 0, 1, 1, 1, 0, 1, 1, 1, 1], 'F': [1, 1, 1, 1, 1, 1, 1, 1, 1, 1], 'G': [1, 1, 1, 1, 1, 0, 1, 1, 0, 1], 'H': [1, 1, 1, 1, 1, 0, 0, 1, 0, 1], 'I': [0, 1, 0, 1, 1, 1, 1, 1, 1, 1], 'J': [1, 1, 1, 1, 0, 0, 1, 1, 1, 0], 'K': [0, 1, 1, 0, 1, 1, 1, 1, 1, 0]}, '东门南侧': {'A': [0, 0, 1, 1, 0, 0, 0, 0, 0, 0], 'B': [0, 0, 0, 0, 0, 0, 0, 0, 0, 0]}, '西门北侧': {'A': [1, 1, 0, 1, 1, 1, 0, 1, 1, 1], 'B': [1, 1, 1, 1, 0, 1, 1, 1, 1, 0], 'C': [1, 1, 1, 1, 0, 1, 1, 0, 0, 1]}, '西门南侧': {'A': [0, 1, 1, 1, 1, 1, 1, 0, 1, 1], 'B': [1, 1, 1, 1, 1, 1, 1, 1, 0, 1], 'C': [1, 1, 0, 1, 0, 0, 1, 1, 1, 1]}, '南门西侧': {'A': [1, 1, 1, 1, 1, 1, 1, 1, 1, 1], 'B': [1, 0, 0, 0, 0, 1, 0, 1, 1, 1]}, '南门东侧': {'A': [1, 0, 0, 1, 0, 1, 1, 1, 1, 1], 'B': [1, 1, 1, 1, 1, 1, 1, 1, 1, 1]}, '北门东北侧': {'A': [1, 1, 1, 1, 1, 1, 1, 1, 1, 1], 'B': [0, 0, 0, 1, 1, 0, 0, 1, 0, 0], 'C': [1, 1, 0, 1, 0, 0, 0, 1, 1, 0], 'D': [1, 0, 0, 0, 0, 0, 0, 0, 0, 0]}, '北门东南侧': {'A': [1, 1, 1, 0, 1, 0, 1, 1, 0, 1], 'B': [0, 1, 0, 1, 1, 0, 0, 1, 0, 1], 'C': [1, 0, 1, 0, 0, 0, 0, 0, 1, 1], 'D': [0, 0, 0, 0, 0, 1, 1, 0, 0, 0], 'E': [1, 0, 0, 1, 0, 0, 1, 0, 0, 1], 'F': [1, 1, 1, 1, 0, 1, 1, 0, 1, 1]}, '橘园北侧南': {'A': [0, 1, 1, 0, 1, 0, 0, 1, 0, 1], 'B': [1, 1, 0, 1, 1, 0, 0, 0, 1, 1], 'C': [1, 0, 0, 1, 1, 1, 0, 0, 0, 0], 'D': [1, 0, 1, 1, 1, 0, 0, 0, 0, 1], 'E': [0, 1, 1, 0, 1, 0, 1, 1, 0, 0], 'F': [0, 0, 0, 0, 1, 0, 0, 0, 0, 0], 'G': [0, 1, 0, 0, 0, 0, 1, 1, 1, 0], 'H': [1, 0, 0, 0, 1, 0, 0, 0, 0, 0], 'I': [0, 0, 0, 1, 0, 0, 0, 1, 0, 0], 'J': [0, 0, 0, 0, 0, 0, 0, 0, 0, 0]}, '校医院西': {'A': [0, 1, 0, 1, 1, 1, 1, 1, 1, 0], 'B': [1, 0, 1, 0, 0, 0, 0, 1, 1, 1], 'C': [0, 1, 0, 1, 1, 0, 1, 1, 1, 1], 'D': [1, 1, 1, 1, 1, 0, 1, 1, 1, 1], 'E': [1, 1, 0, 1, 1, 1, 1, 1, 1, 1], 'F': [1, 1, 1, 1, 1, 0, 1, 1, 1, 1], 'G': [1, 0, 0, 0, 0, 1, 0, 1, 1, 1], 'H': [0, 0, 1, 0, 0, 0, 1, 0, 0, 0], 'I': [0, 0, 1, 0, 0, 0, 0, 0, 0, 0]}}
624307	2024-07-13 22:33:19.245000+08:00	2024-07-13 22:33:19.245000+08:00	{'东门北侧': {'A': [1, 1, 1, 1, 1, 0, 1, 1, 1, 1], 'B': [1, 1, 1, 1, 1, 1, 1, 1, 1, 1], 'C': [0, 1, 0, 1, 1, 0, 1, 0, 1, 0], 'D': [1, 0, 1, 1, 1, 1, 0, 1, 1, 1], 'E': [1, 0, 1, 1, 1, 0, 1, 1, 1, 1], 'F': [1, 1, 1, 1, 1, 1, 1, 1, 1, 1], 'G': [1, 1, 1, 1, 1, 0, 1, 1, 0, 1], 'H': [1, 1, 1, 1, 1, 0, 0, 1, 0, 1], 'I': [0, 1, 0, 1, 1, 1, 1, 1, 1, 1], 'J': [1, 1, 1, 1, 0, 0, 1, 1, 1, 0], 'K': [0, 1, 1, 0, 1, 1, 1, 1, 1, 0]}, '东门南侧': {'A': [0, 0, 1, 1, 0, 0, 0, 0, 0, 0], 'B': [0, 0, 0, 0, 0, 0, 0, 0, 0, 0]}, '西门北侧': {'A': [1, 1, 0, 1, 1, 1, 0, 1, 1, 1], 'B': [1, 1, 1, 1, 0, 1, 1, 1, 1, 0], 'C': [1, 1, 1, 1, 0, 1, 1, 0, 0, 1]}, '西门南侧': {'A': [0, 1, 1, 1, 1, 1, 1, 0, 1, 1], 'B': [1, 1, 1, 1, 1, 1, 1, 1, 0, 1], 'C': [1, 1, 0, 1, 0, 0, 1, 1, 1, 1]}, '南门西侧': {'A': [1, 1, 1, 1, 1, 1, 1, 1, 1, 1], 'B': [1, 0, 0, 0, 0, 1, 0, 1, 1, 1]}, '南门东侧': {'A': [1, 0, 0, 1, 0, 1, 1, 1, 1, 1], 'B': [1, 1, 1, 1, 1, 1, 1, 1, 1, 1]}, '北门东北侧': {'A': [1, 1, 1, 1, 1, 1, 1, 1, 1, 1], 'B': [0, 0, 0, 1, 1, 0, 0, 1, 0, 0], 'C': [1, 1, 0, 1, 0, 0, 0, 1, 1, 0], 'D': [1, 0, 0, 0, 0, 0, 0, 0, 0, 0]}, '北门东南侧': {'A': [1, 1, 1, 0, 1, 0, 1, 1, 0, 1], 'B': [0, 1, 0, 1, 1, 0, 0, 1, 0, 1], 'C': [1, 0, 1, 0, 0, 0, 0, 0, 1, 1], 'D': [0, 0, 0, 0, 0, 1, 1, 0, 0, 0], 'E': [1, 0, 0, 1, 0, 0, 1, 0, 0, 1], 'F': [1, 1, 1, 1, 0, 1, 1, 0, 1, 1]}, '橘园北侧南': {'A': [0, 1, 1, 0, 1, 0, 0, 1, 0, 1], 'B': [1, 1, 0, 1, 1, 0, 0, 0, 1, 1], 'C': [1, 0, 0, 1, 1, 1, 0, 0, 0, 0], 'D': [1, 0, 1, 1, 1, 0, 0, 0, 0, 1], 'E': [0, 1, 1, 0, 1, 0, 1, 1, 0, 0], 'F': [0, 0, 0, 0, 1, 0, 0, 0, 0, 0], 'G': [0, 1, 0, 0, 0, 0, 1, 1, 1, 0], 'H': [1, 0, 0, 0, 1, 0, 0, 0, 0, 0], 'I': [0, 0, 0, 1, 0, 1, 0, 1, 0, 0], 'J': [0, 0, 0, 0, 0, 0, 0, 0, 0, 0]}, '校医院西': {'A': [0, 1, 0, 1, 1, 1, 1, 1, 1, 0], 'B': [1, 0, 1, 0, 0, 0, 0, 1, 1, 1], 'C': [0, 1, 0, 1, 1, 0, 1, 1, 1, 1], 'D': [1, 1, 1, 1, 1, 0, 1, 1, 1, 1], 'E': [1, 1, 0, 1, 1, 1, 1, 1, 1, 1], 'F': [1, 1, 1, 1, 1, 0, 1, 1, 1, 1], 'G': [1, 0, 0, 0, 0, 1, 0, 1, 1, 1], 'H': [0, 0, 1, 0, 0, 0, 1, 0, 0, 0], 'I': [0, 0, 1, 0, 0, 0, 0, 0, 0, 0]}}
624308	2024-07-13 22:34:18.947000+08:00	2024-07-13 22:34:18.947000+08:00	{'东门北侧': {'A': [1, 1, 1, 1, 1, 0, 1, 1, 1, 1], 'B': [1, 1, 1, 1, 1, 1, 1, 1, 1, 1], 'C': [0, 1, 0, 1, 1, 0, 1, 0, 1, 0], 'D': [1, 0, 1, 1, 1, 1, 0, 1, 1, 1], 'E': [1, 0, 1, 1, 1, 0, 1, 1, 1, 1], 'F': [1, 1, 1, 1, 1, 1, 1, 1, 1, 1], 'G': [1, 1, 1, 1, 1, 0, 1, 1, 0, 1], 'H': [1, 1, 1, 1, 1, 0, 0, 1, 0, 1], 'I': [0, 1, 0, 1, 1, 1, 1, 1, 1, 1], 'J': [1, 1, 1, 1, 0, 0, 1, 1, 1, 0], 'K': [0, 1, 1, 0, 1, 1, 1, 1, 1, 0]}, '东门南侧': {'A': [0, 0, 1, 1, 0, 0, 0, 0, 0, 0], 'B': [0, 0, 0, 0, 0, 0, 0, 0, 0, 0]}, '西门北侧': {'A': [1, 1, 0, 1, 1, 1, 0, 1, 1, 1], 'B': [1, 1, 1, 1, 0, 1, 1, 1, 1, 0], 'C': [1, 1, 1, 1, 0, 1, 1, 0, 0, 1]}, '西门南侧': {'A': [0, 1, 1, 1, 1, 1, 1, 0, 1, 1], 'B': [1, 1, 1, 1, 1, 1, 1, 1, 0, 1], 'C': [1, 1, 0, 1, 0, 0, 1, 1, 1, 1]}, '南门西侧': {'A': [1, 1, 1, 1, 1, 1, 1, 1, 1, 1], 'B': [1, 0, 0, 1, 0, 1, 0, 1, 1, 1]}, '南门东侧': {'A': [1, 0, 0, 1, 0, 1, 1, 1, 1, 1], 'B': [1, 1, 1, 1, 1, 1, 1, 1, 1, 1]}, '北门东北侧': {'A': [1, 1, 1, 1, 1, 1, 1, 1, 1, 1], 'B': [0, 0, 0, 1, 1, 0, 0, 1, 0, 0], 'C': [1, 1, 0, 1, 0, 0, 0, 1, 1, 0], 'D': [1, 0, 0, 0, 0, 0, 0, 0, 0, 0]}, '北门东南侧': {'A': [1, 1, 1, 0, 1, 0, 1, 1, 0, 1], 'B': [0, 1, 0, 1, 1, 0, 0, 1, 0, 1], 'C': [1, 0, 1, 0, 0, 0, 0, 0, 1, 1], 'D': [0, 0, 0, 0, 0, 1, 1, 0, 0, 0], 'E': [1, 0, 0, 1, 0, 0, 1, 0, 0, 1], 'F': [1, 1, 1, 1, 0, 1, 1, 0, 1, 1]}, '橘园北侧南': {'A': [0, 1, 1, 1, 1, 0, 0, 1, 0, 1], 'B': [1, 1, 0, 1, 1, 0, 0, 0, 1, 1], 'C': [1, 0, 0, 1, 1, 1, 0, 0, 0, 0], 'D': [1, 0, 1, 1, 1, 0, 0, 0, 0, 1], 'E': [0, 1, 1, 0, 1, 0, 1, 1, 0, 0], 'F': [0, 0, 0, 0, 1, 0, 0, 0, 0, 0], 'G': [0, 1, 0, 0, 0, 0, 1, 1, 1, 0], 'H': [1, 0, 0, 0, 1, 0, 0, 0, 0, 0], 'I': [0, 0, 0, 1, 0, 1, 0, 1, 0, 0], 'J': [0, 0, 0, 0, 0, 0, 0, 0, 0, 0]}, '校医院西': {'A': [0, 1, 0, 1, 1, 1, 1, 1, 1, 0], 'B': [1, 0, 1, 0, 0, 0, 0, 1, 1, 1], 'C': [0, 1, 0, 1, 1, 0, 1, 1, 1, 1], 'D': [1, 1, 1, 1, 1, 0, 1, 1, 1, 1], 'E': [1, 1, 0, 1, 1, 1, 1, 1, 1, 1], 'F': [1, 1, 1, 1, 1, 0, 1, 1, 1, 1], 'G': [1, 0, 0, 0, 0, 1, 0, 1, 1, 1], 'H': [0, 0, 1, 0, 0, 0, 1, 0, 0, 0], 'I': [0, 0, 1, 0, 0, 1, 0, 0, 0, 0]}}
624309	2024-07-13 22:35:23.746000+08:00	2024-07-13 22:35:23.746000+08:00	{'东门北侧': {'A': [1, 1, 1, 1, 1, 0, 1, 1, 1, 1], 'B': [1, 1, 1, 1, 1, 1, 1, 1, 1, 1], 'C': [0, 1, 0, 1, 1, 0, 1, 0, 1, 0], 'D': [1, 0, 1, 1, 1, 1, 0, 1, 1, 1], 'E': [1, 0, 1, 1, 1, 0, 1, 1, 1, 1], 'F': [1, 1, 1, 1, 1, 1, 1, 1, 1, 1], 'G': [1, 1, 1, 1, 1, 0, 1, 1, 0, 1], 'H': [1, 1, 1, 1, 1, 0, 0, 1, 0, 1], 'I': [0, 1, 0, 1, 1, 1, 1, 1, 1, 1], 'J': [1, 1, 1, 1, 0, 0, 1, 1, 1, 0], 'K': [0, 1, 1, 0, 1, 1, 1, 1, 1, 0]}, '东门南侧': {'A': [0, 0, 1, 1, 0, 0, 0, 0, 0, 0], 'B': [0, 0, 0, 0, 0, 0, 0, 0, 0, 0]}, '西门北侧': {'A': [1, 1, 0, 1, 1, 1, 0, 1, 1, 1], 'B': [1, 1, 1, 1, 0, 1, 1, 1, 1, 0], 'C': [1, 1, 1, 1, 0, 1, 1, 0, 0, 1]}, '西门南侧': {'A': [0, 1, 1, 1, 1, 1, 1, 0, 1, 1], 'B': [1, 1, 1, 1, 1, 1, 1, 1, 0, 1], 'C': [1, 1, 0, 1, 0, 0, 1, 1, 1, 1]}, '南门西侧': {'A': [1, 1, 1, 1, 1, 1, 1, 1, 1, 1], 'B': [1, 0, 0, 1, 0, 1, 0, 1, 1, 1]}, '南门东侧': {'A': [1, 0, 0, 1, 0, 1, 1, 1, 1, 1], 'B': [1, 1, 1, 1, 1, 1, 1, 1, 1, 1]}, '北门东北侧': {'A': [1, 1, 1, 1, 1, 1, 1, 1, 1, 1], 'B': [0, 0, 0, 1, 1, 0, 0, 1, 0, 0], 'C': [1, 1, 0, 1, 0, 0, 0, 1, 1, 0], 'D': [1, 0, 0, 0, 0, 0, 0, 0, 0, 0]}, '北门东南侧': {'A': [1, 1, 1, 0, 1, 0, 1, 1, 0, 1], 'B': [0, 1, 0, 1, 1, 0, 0, 1, 0, 1], 'C': [1, 0, 1, 0, 0, 0, 0, 0, 1, 1], 'D': [0, 0, 0, 0, 0, 1, 1, 0, 0, 0], 'E': [1, 0, 0, 1, 0, 0, 1, 0, 0, 1], 'F': [1, 1, 1, 1, 0, 1, 1, 0, 1, 1]}, '橘园北侧南': {'A': [0, 1, 1, 1, 1, 0, 0, 1, 0, 1], 'B': [1, 1, 0, 1, 1, 0, 0, 0, 1, 1], 'C': [1, 0, 0, 1, 1, 1, 0, 0, 0, 0], 'D': [1, 0, 1, 1, 1, 0, 0, 0, 0, 1], 'E': [0, 1, 1, 0, 1, 0, 1, 1, 0, 0], 'F': [0, 0, 0, 0, 1, 0, 0, 0, 0, 0], 'G': [0, 1, 0, 0, 0, 0, 1, 1, 1, 0], 'H': [1, 0, 0, 0, 1, 0, 0, 0, 0, 0], 'I': [0, 0, 0, 1, 0, 1, 0, 1, 0, 0], 'J': [0, 0, 0, 0, 0, 0, 0, 0, 0, 0]}, '校医院西': {'A': [0, 1, 0, 1, 1, 1, 1, 1, 1, 0], 'B': [1, 0, 1, 0, 0, 0, 0, 1, 1, 1], 'C': [0, 1, 0, 1, 1, 0, 1, 1, 1, 1], 'D': [1, 1, 1, 1, 1, 0, 1, 1, 1, 1], 'E': [1, 1, 0, 1, 1, 1, 1, 1, 1, 1], 'F': [1, 1, 1, 1, 1, 0, 1, 1, 1, 1], 'G': [1, 0, 0, 0, 0, 1, 0, 1, 1, 1], 'H': [0, 0, 1, 0, 0, 0, 1, 0, 0, 0], 'I': [0, 0, 1, 0, 0, 1, 0, 0, 0, 0]}}
624310	2024-07-13 22:36:20.392000+08:00	2024-07-13 22:36:20.392000+08:00	{'东门北侧': {'A': [1, 1, 1, 1, 1, 0, 1, 1, 1, 1], 'B': [1, 1, 1, 1, 1, 1, 1, 1, 1, 1], 'C': [0, 1, 0, 1, 1, 0, 1, 0, 1, 0], 'D': [1, 0, 1, 1, 1, 1, 0, 1, 1, 1], 'E': [1, 0, 1, 1, 1, 0, 1, 1, 1, 1], 'F': [1, 1, 1, 1, 1, 1, 1, 1, 1, 1], 'G': [1, 1, 1, 1, 1, 0, 1, 1, 0, 1], 'H': [1, 1, 1, 1, 1, 0, 0, 1, 0, 1], 'I': [0, 1, 0, 1, 1, 1, 1, 1, 1, 1], 'J': [1, 1, 1, 1, 0, 0, 1, 1, 1, 0], 'K': [0, 1, 1, 0, 1, 1, 1, 1, 1, 0]}, '东门南侧': {'A': [0, 0, 1, 1, 0, 0, 0, 0, 0, 0], 'B': [0, 0, 0, 0, 0, 0, 0, 0, 0, 0]}, '西门北侧': {'A': [1, 1, 0, 1, 1, 1, 0, 1, 1, 1], 'B': [1, 1, 1, 1, 0, 1, 1, 1, 1, 0], 'C': [1, 1, 1, 1, 0, 1, 1, 0, 0, 1]}, '西门南侧': {'A': [0, 1, 1, 1, 1, 1, 1, 0, 1, 1], 'B': [1, 1, 1, 1, 1, 1, 1, 1, 0, 1], 'C': [1, 1, 0, 1, 0, 0, 1, 1, 1, 1]}, '南门西侧': {'A': [1, 1, 1, 1, 1, 1, 1, 1, 1, 1], 'B': [1, 0, 0, 1, 0, 1, 0, 1, 1, 1]}, '南门东侧': {'A': [1, 0, 0, 1, 0, 1, 1, 1, 1, 1], 'B': [1, 1, 1, 1, 1, 1, 1, 1, 1, 1]}, '北门东北侧': {'A': [1, 1, 1, 1, 1, 1, 1, 1, 1, 1], 'B': [0, 0, 0, 1, 1, 0, 0, 1, 0, 0], 'C': [1, 1, 0, 1, 0, 0, 0, 1, 1, 0], 'D': [1, 0, 0, 0, 0, 0, 0, 0, 0, 0]}, '北门东南侧': {'A': [1, 1, 1, 0, 1, 0, 1, 1, 0, 1], 'B': [0, 1, 0, 1, 1, 0, 0, 1, 0, 1], 'C': [1, 0, 1, 0, 0, 0, 0, 0, 1, 1], 'D': [0, 0, 0, 0, 0, 1, 1, 0, 0, 0], 'E': [1, 0, 0, 1, 0, 0, 1, 0, 0, 1], 'F': [1, 1, 1, 1, 0, 1, 1, 0, 1, 1]}, '橘园北侧南': {'A': [0, 1, 1, 1, 1, 0, 0, 1, 0, 1], 'B': [1, 1, 0, 1, 1, 0, 0, 0, 1, 1], 'C': [1, 0, 0, 1, 1, 1, 0, 0, 0, 0], 'D': [1, 0, 1, 1, 1, 0, 0, 0, 0, 1], 'E': [0, 1, 1, 0, 1, 0, 1, 1, 0, 0], 'F': [0, 0, 0, 0, 1, 0, 0, 0, 0, 0], 'G': [0, 1, 0, 0, 0, 0, 1, 1, 1, 0], 'H': [1, 0, 0, 0, 1, 0, 0, 0, 0, 0], 'I': [0, 0, 0, 1, 0, 0, 0, 1, 0, 0], 'J': [0, 0, 0, 0, 0, 0, 0, 0, 0, 0]}, '校医院西': {'A': [0, 1, 0, 1, 1, 1, 1, 1, 1, 0], 'B': [1, 0, 1, 0, 0, 0, 0, 1, 1, 1], 'C': [0, 1, 0, 1, 1, 0, 1, 1, 1, 1], 'D': [1, 1, 1, 1, 1, 0, 1, 1, 1, 1], 'E': [1, 1, 0, 1, 1, 1, 1, 1, 1, 1], 'F': [1, 1, 1, 1, 1, 0, 1, 1, 1, 1], 'G': [1, 0, 0, 0, 0, 1, 0, 1, 1, 1], 'H': [0, 0, 1, 0, 0, 0, 1, 0, 0, 0], 'I': [0, 0, 1, 0, 0, 1, 0, 0, 0, 0]}}
624311	2024-07-13 22:37:23.031000+08:00	2024-07-13 22:37:23.031000+08:00	{'东门北侧': {'A': [1, 1, 1, 1, 1, 0, 1, 1, 1, 1], 'B': [1, 1, 1, 1, 1, 1, 1, 1, 1, 1], 'C': [0, 1, 0, 1, 1, 0, 1, 0, 1, 0], 'D': [1, 0, 1, 1, 1, 1, 0, 1, 1, 1], 'E': [1, 0, 1, 1, 1, 0, 1, 1, 1, 1], 'F': [1, 1, 1, 1, 1, 1, 1, 1, 1, 1], 'G': [1, 1, 1, 1, 1, 0, 1, 1, 0, 1], 'H': [1, 1, 1, 1, 1, 0, 0, 1, 0, 1], 'I': [0, 1, 0, 1, 1, 1, 1, 1, 1, 1], 'J': [1, 1, 1, 1, 0, 0, 1, 1, 1, 0], 'K': [0, 1, 1, 0, 1, 1, 1, 1, 1, 0]}, '东门南侧': {'A': [0, 0, 1, 1, 0, 0, 0, 0, 0, 0], 'B': [0, 0, 0, 0, 0, 0, 0, 0, 0, 0]}, '西门北侧': {'A': [1, 1, 0, 1, 1, 1, 0, 1, 1, 1], 'B': [1, 1, 1, 1, 0, 1, 1, 1, 1, 0], 'C': [1, 1, 1, 1, 0, 1, 1, 0, 0, 1]}, '西门南侧': {'A': [0, 1, 1, 1, 1, 1, 1, 0, 1, 1], 'B': [1, 1, 1, 1, 1, 1, 1, 1, 0, 1], 'C': [1, 1, 0, 1, 0, 0, 1, 1, 1, 1]}, '南门西侧': {'A': [1, 1, 1, 1, 1, 1, 1, 1, 1, 1], 'B': [1, 0, 0, 1, 0, 1, 0, 1, 1, 1]}, '南门东侧': {'A': [1, 0, 0, 1, 0, 1, 1, 1, 1, 1], 'B': [1, 1, 1, 1, 1, 1, 1, 1, 1, 1]}, '北门东北侧': {'A': [1, 1, 1, 1, 1, 1, 1, 1, 1, 1], 'B': [0, 0, 0, 1, 1, 0, 0, 1, 0, 0], 'C': [1, 1, 0, 1, 0, 0, 0, 1, 1, 0], 'D': [1, 0, 0, 0, 0, 0, 0, 0, 0, 0]}, '北门东南侧': {'A': [1, 1, 1, 0, 1, 0, 1, 1, 0, 1], 'B': [0, 1, 0, 1, 1, 0, 0, 1, 0, 1], 'C': [1, 0, 1, 0, 0, 0, 0, 0, 1, 1], 'D': [0, 0, 0, 0, 0, 1, 1, 0, 0, 0], 'E': [1, 0, 0, 1, 0, 0, 1, 0, 0, 1], 'F': [1, 1, 1, 1, 0, 1, 1, 0, 1, 1]}, '橘园北侧南': {'A': [0, 1, 1, 1, 1, 0, 0, 1, 0, 1], 'B': [1, 1, 0, 1, 1, 0, 0, 0, 1, 1], 'C': [1, 0, 0, 1, 1, 1, 0, 0, 0, 0], 'D': [1, 0, 1, 1, 1, 0, 0, 0, 0, 1], 'E': [0, 1, 1, 0, 1, 0, 1, 1, 0, 0], 'F': [0, 0, 0, 0, 1, 0, 0, 0, 0, 0], 'G': [0, 1, 0, 0, 0, 0, 1, 1, 1, 0], 'H': [1, 0, 0, 0, 1, 0, 0, 0, 0, 0], 'I': [0, 0, 0, 1, 0, 0, 0, 1, 0, 0], 'J': [0, 0, 0, 0, 0, 0, 0, 0, 0, 0]}, '校医院西': {'A': [0, 1, 0, 1, 1, 1, 1, 1, 1, 0], 'B': [1, 0, 1, 0, 0, 0, 0, 1, 1, 1], 'C': [0, 1, 0, 1, 1, 0, 1, 1, 1, 1], 'D': [1, 1, 1, 1, 1, 0, 1, 1, 1, 1], 'E': [1, 1, 0, 1, 1, 1, 1, 1, 1, 1], 'F': [1, 1, 1, 1, 1, 0, 1, 1, 1, 1], 'G': [1, 0, 0, 0, 0, 1, 0, 1, 1, 1], 'H': [0, 0, 1, 0, 0, 0, 1, 0, 0, 0], 'I': [0, 0, 1, 0, 0, 0, 0, 0, 0, 0]}}
624312	2024-07-13 22:38:19.762000+08:00	2024-07-13 22:38:19.762000+08:00	{'东门北侧': {'A': [1, 1, 1, 1, 1, 0, 1, 1, 1, 1], 'B': [1, 1, 1, 1, 1, 1, 1, 1, 1, 1], 'C': [0, 1, 0, 1, 1, 0, 1, 0, 1, 0], 'D': [1, 0, 1, 1, 1, 1, 0, 1, 1, 1], 'E': [1, 0, 1, 1, 1, 0, 1, 1, 1, 1], 'F': [1, 1, 1, 1, 1, 1, 1, 1, 1, 1], 'G': [1, 1, 1, 1, 1, 0, 1, 1, 0, 1], 'H': [1, 1, 1, 1, 1, 0, 0, 1, 0, 1], 'I': [0, 1, 0, 1, 1, 1, 1, 1, 1, 1], 'J': [1, 1, 1, 1, 0, 0, 1, 1, 1, 0], 'K': [0, 1, 1, 0, 1, 1, 1, 1, 1, 0]}, '东门南侧': {'A': [0, 0, 1, 1, 0, 0, 0, 0, 0, 0], 'B': [0, 0, 0, 0, 0, 0, 0, 0, 0, 0]}, '西门北侧': {'A': [1, 1, 0, 1, 1, 1, 0, 1, 1, 1], 'B': [1, 1, 1, 1, 0, 1, 1, 1, 1, 0], 'C': [1, 1, 1, 1, 0, 1, 1, 0, 0, 1]}, '西门南侧': {'A': [0, 1, 1, 1, 1, 1, 1, 0, 1, 1], 'B': [1, 1, 1, 1, 1, 1, 1, 1, 0, 1], 'C': [1, 1, 0, 1, 0, 0, 1, 1, 1, 1]}, '南门西侧': {'A': [1, 1, 1, 1, 1, 1, 1, 1, 1, 1], 'B': [1, 0, 0, 1, 0, 1, 0, 1, 1, 0]}, '南门东侧': {'A': [1, 0, 0, 1, 0, 1, 1, 1, 1, 1], 'B': [1, 1, 1, 1, 1, 1, 1, 1, 1, 1]}, '北门东北侧': {'A': [1, 1, 1, 1, 1, 1, 1, 1, 1, 1], 'B': [0, 0, 0, 1, 1, 0, 0, 1, 0, 0], 'C': [1, 1, 0, 1, 0, 0, 0, 1, 1, 0], 'D': [1, 0, 0, 0, 0, 0, 0, 0, 0, 0]}, '北门东南侧': {'A': [1, 1, 1, 0, 1, 0, 1, 1, 0, 1], 'B': [0, 1, 0, 1, 1, 0, 0, 1, 0, 1], 'C': [1, 0, 1, 0, 0, 0, 0, 0, 1, 1], 'D': [0, 0, 0, 0, 0, 1, 1, 0, 0, 0], 'E': [1, 0, 0, 1, 0, 0, 1, 0, 0, 1], 'F': [1, 1, 1, 1, 0, 1, 1, 0, 1, 1]}, '橘园北侧南': {'A': [0, 1, 1, 1, 1, 0, 0, 1, 0, 1], 'B': [1, 1, 0, 1, 1, 0, 0, 0, 1, 1], 'C': [1, 0, 0, 1, 1, 1, 0, 0, 0, 0], 'D': [1, 0, 1, 1, 1, 0, 0, 0, 0, 1], 'E': [0, 0, 1, 0, 1, 0, 1, 1, 0, 0], 'F': [0, 0, 0, 0, 1, 0, 0, 0, 0, 0], 'G': [0, 1, 0, 0, 0, 0, 1, 1, 1, 0], 'H': [1, 0, 0, 0, 1, 0, 0, 0, 0, 0], 'I': [0, 0, 0, 1, 0, 0, 0, 1, 0, 0], 'J': [0, 0, 0, 0, 0, 0, 0, 0, 0, 0]}, '校医院西': {'A': [0, 1, 0, 1, 1, 1, 1, 1, 1, 0], 'B': [1, 0, 1, 0, 0, 0, 0, 1, 1, 1], 'C': [0, 1, 0, 1, 1, 0, 1, 1, 1, 1], 'D': [1, 1, 1, 1, 1, 0, 1, 1, 1, 1], 'E': [1, 1, 0, 1, 1, 1, 1, 1, 1, 1], 'F': [1, 1, 1, 1, 1, 0, 1, 1, 1, 1], 'G': [1, 0, 0, 0, 0, 1, 0, 1, 1, 1], 'H': [0, 0, 1, 0, 0, 0, 1, 0, 0, 0], 'I': [0, 0, 1, 0, 0, 0, 0, 0, 0, 0]}}
624313	2024-07-13 22:39:31.727000+08:00	2024-07-13 22:39:31.727000+08:00	{'东门北侧': {'A': [1, 1, 1, 1, 1, 0, 1, 1, 1, 1], 'B': [1, 1, 1, 1, 1, 1, 1, 1, 1, 1], 'C': [0, 1, 0, 1, 1, 0, 1, 0, 1, 0], 'D': [1, 0, 1, 1, 1, 1, 0, 1, 1, 1], 'E': [1, 0, 1, 1, 1, 0, 1, 1, 1, 1], 'F': [1, 1, 1, 1, 1, 1, 1, 1, 1, 1], 'G': [1, 1, 1, 1, 1, 0, 1, 1, 0, 1], 'H': [1, 1, 1, 1, 1, 0, 0, 1, 0, 1], 'I': [0, 1, 0, 1, 1, 1, 1, 1, 1, 1], 'J': [1, 1, 1, 1, 0, 0, 1, 1, 1, 0], 'K': [0, 1, 1, 0, 1, 1, 1, 1, 1, 0]}, '东门南侧': {'A': [0, 0, 1, 1, 0, 0, 0, 0, 0, 0], 'B': [0, 0, 0, 0, 0, 0, 0, 0, 0, 0]}, '西门北侧': {'A': [1, 1, 0, 1, 1, 1, 0, 1, 1, 1], 'B': [1, 1, 1, 1, 0, 1, 1, 1, 1, 0], 'C': [1, 1, 1, 1, 0, 1, 1, 0, 0, 1]}, '西门南侧': {'A': [0, 1, 1, 1, 1, 1, 1, 0, 1, 1], 'B': [1, 1, 1, 1, 1, 1, 1, 1, 0, 1], 'C': [1, 1, 0, 1, 0, 0, 1, 1, 1, 1]}, '南门西侧': {'A': [1, 1, 1, 1, 1, 1, 1, 1, 1, 1], 'B': [1, 0, 0, 1, 0, 1, 0, 1, 1, 0]}, '南门东侧': {'A': [1, 0, 0, 1, 0, 1, 1, 1, 1, 1], 'B': [1, 1, 1, 1, 1, 1, 1, 1, 1, 1]}, '北门东北侧': {'A': [1, 1, 1, 1, 1, 1, 1, 1, 1, 1], 'B': [0, 0, 0, 1, 1, 0, 0, 1, 0, 0], 'C': [1, 1, 0, 1, 0, 0, 0, 1, 1, 0], 'D': [1, 0, 0, 0, 0, 0, 0, 0, 0, 0]}, '北门东南侧': {'A': [1, 1, 1, 0, 1, 0, 1, 1, 0, 1], 'B': [0, 1, 0, 1, 1, 0, 0, 1, 0, 1], 'C': [1, 0, 1, 0, 0, 0, 0, 0, 1, 1], 'D': [0, 0, 0, 0, 0, 1, 1, 0, 0, 0], 'E': [1, 0, 0, 1, 0, 0, 1, 0, 0, 1], 'F': [1, 1, 1, 1, 0, 1, 1, 0, 1, 1]}, '橘园北侧南': {'A': [0, 1, 1, 1, 0, 0, 0, 1, 0, 1], 'B': [1, 1, 0, 1, 1, 0, 0, 0, 1, 1], 'C': [1, 0, 0, 1, 1, 1, 0, 0, 0, 0], 'D': [1, 0, 1, 1, 1, 0, 0, 0, 0, 1], 'E': [0, 0, 1, 0, 1, 0, 1, 1, 0, 0], 'F': [0, 0, 0, 0, 1, 0, 0, 0, 0, 0], 'G': [0, 1, 0, 0, 0, 0, 1, 1, 1, 0], 'H': [1, 0, 0, 0, 1, 0, 0, 0, 0, 0], 'I': [0, 0, 0, 0, 0, 0, 0, 1, 0, 0], 'J': [0, 0, 0, 0, 0, 0, 0, 0, 0, 0]}, '校医院西': {'A': [0, 1, 0, 1, 1, 1, 1, 1, 1, 0], 'B': [1, 0, 1, 0, 0, 0, 0, 1, 1, 1], 'C': [0, 1, 0, 1, 1, 0, 1, 1, 1, 1], 'D': [1, 1, 1, 1, 1, 0, 1, 1, 1, 1], 'E': [1, 1, 0, 1, 1, 1, 1, 1, 1, 1], 'F': [1, 1, 1, 1, 1, 0, 1, 1, 1, 1], 'G': [1, 0, 0, 0, 0, 1, 0, 1, 1, 1], 'H': [0, 0, 1, 0, 0, 0, 1, 0, 0, 0], 'I': [0, 0, 1, 0, 0, 0, 0, 0, 0, 0]}}
624314	2024-07-13 22:40:19.769000+08:00	2024-07-13 22:40:19.769000+08:00	{'东门北侧': {'A': [1, 1, 1, 1, 1, 0, 1, 1, 1, 1], 'B': [1, 1, 1, 1, 1, 1, 1, 1, 1, 1], 'C': [0, 1, 0, 1, 1, 0, 1, 0, 1, 0], 'D': [1, 0, 1, 1, 1, 1, 0, 1, 1, 1], 'E': [1, 0, 1, 1, 1, 0, 1, 1, 1, 1], 'F': [1, 1, 1, 1, 1, 1, 1, 1, 1, 1], 'G': [1, 1, 1, 1, 1, 0, 1, 1, 0, 1], 'H': [1, 1, 1, 1, 1, 0, 0, 1, 0, 1], 'I': [0, 1, 0, 1, 1, 1, 1, 1, 1, 1], 'J': [1, 1, 1, 1, 0, 0, 1, 1, 1, 0], 'K': [0, 1, 1, 0, 1, 1, 1, 1, 1, 0]}, '东门南侧': {'A': [0, 0, 1, 1, 0, 0, 0, 0, 0, 0], 'B': [0, 0, 0, 0, 0, 0, 0, 0, 0, 0]}, '西门北侧': {'A': [1, 1, 0, 1, 1, 1, 0, 1, 1, 1], 'B': [1, 1, 1, 1, 0, 1, 1, 1, 1, 0], 'C': [1, 1, 1, 1, 0, 1, 1, 0, 0, 1]}, '西门南侧': {'A': [0, 1, 1, 1, 1, 1, 1, 0, 1, 1], 'B': [1, 1, 1, 1, 1, 1, 1, 1, 0, 1], 'C': [1, 1, 0, 1, 0, 0, 1, 1, 1, 1]}, '南门西侧': {'A': [1, 1, 1, 1, 1, 1, 1, 1, 1, 1], 'B': [1, 0, 0, 1, 0, 1, 0, 1, 1, 0]}, '南门东侧': {'A': [1, 0, 0, 1, 0, 1, 1, 1, 1, 1], 'B': [1, 1, 1, 1, 1, 1, 1, 1, 1, 1]}, '北门东北侧': {'A': [1, 1, 1, 1, 1, 1, 1, 1, 1, 1], 'B': [0, 0, 0, 1, 1, 0, 0, 1, 0, 0], 'C': [1, 1, 0, 1, 0, 0, 0, 1, 1, 0], 'D': [1, 0, 0, 0, 0, 0, 0, 0, 0, 0]}, '北门东南侧': {'A': [1, 1, 1, 0, 1, 0, 1, 1, 0, 1], 'B': [0, 1, 0, 1, 1, 0, 0, 1, 0, 1], 'C': [1, 0, 1, 0, 0, 0, 0, 0, 0, 1], 'D': [0, 0, 0, 0, 0, 1, 1, 0, 0, 0], 'E': [1, 0, 0, 1, 0, 0, 1, 0, 0, 1], 'F': [1, 1, 1, 1, 0, 1, 1, 0, 1, 1]}, '橘园北侧南': {'A': [0, 1, 1, 1, 0, 0, 0, 1, 0, 1], 'B': [1, 1, 0, 1, 1, 0, 0, 0, 1, 1], 'C': [1, 0, 0, 1, 1, 1, 0, 0, 0, 0], 'D': [1, 0, 1, 1, 1, 0, 0, 0, 0, 1], 'E': [0, 0, 1, 0, 1, 0, 1, 1, 0, 0], 'F': [0, 0, 0, 0, 1, 0, 0, 0, 0, 0], 'G': [0, 1, 0, 0, 0, 0, 1, 1, 1, 0], 'H': [1, 0, 0, 0, 1, 0, 0, 0, 0, 0], 'I': [0, 0, 0, 0, 0, 0, 0, 1, 0, 0], 'J': [0, 0, 0, 0, 0, 0, 0, 0, 0, 0]}, '校医院西': {'A': [0, 1, 0, 1, 1, 1, 1, 1, 1, 0], 'B': [1, 0, 1, 0, 0, 0, 0, 1, 1, 1], 'C': [0, 1, 0, 1, 1, 0, 1, 1, 1, 1], 'D': [1, 1, 1, 1, 1, 0, 1, 1, 1, 1], 'E': [1, 1, 0, 1, 1, 1, 1, 1, 1, 1], 'F': [1, 1, 1, 1, 1, 0, 1, 1, 1, 1], 'G': [1, 0, 0, 0, 0, 1, 0, 1, 1, 1], 'H': [0, 0, 1, 0, 0, 0, 1, 0, 0, 0], 'I': [0, 0, 1, 0, 0, 0, 0, 0, 0, 0]}}
624315	2024-07-13 22:41:21.779000+08:00	2024-07-13 22:41:21.779000+08:00	{'东门北侧': {'A': [1, 1, 1, 1, 1, 0, 1, 1, 1, 1], 'B': [1, 1, 1, 1, 1, 1, 1, 1, 1, 1], 'C': [0, 1, 0, 1, 1, 0, 1, 0, 1, 0], 'D': [1, 0, 1, 1, 1, 1, 0, 1, 1, 1], 'E': [1, 0, 1, 1, 1, 0, 1, 1, 1, 1], 'F': [1, 1, 1, 1, 1, 1, 1, 1, 1, 1], 'G': [1, 1, 1, 1, 1, 0, 1, 1, 0, 1], 'H': [1, 1, 1, 1, 1, 0, 0, 1, 0, 1], 'I': [0, 1, 0, 1, 1, 1, 1, 1, 1, 1], 'J': [1, 1, 1, 1, 0, 0, 1, 1, 1, 0], 'K': [0, 1, 1, 0, 1, 1, 1, 1, 1, 0]}, '东门南侧': {'A': [0, 0, 1, 1, 0, 0, 0, 0, 0, 0], 'B': [0, 0, 0, 0, 0, 0, 0, 0, 0, 0]}, '西门北侧': {'A': [1, 1, 0, 1, 1, 1, 0, 1, 1, 1], 'B': [1, 1, 1, 1, 0, 1, 1, 1, 1, 0], 'C': [1, 1, 1, 1, 0, 1, 1, 0, 0, 1]}, '西门南侧': {'A': [0, 1, 1, 1, 1, 1, 1, 0, 1, 1], 'B': [1, 1, 1, 1, 1, 1, 1, 1, 0, 1], 'C': [1, 1, 0, 1, 0, 0, 1, 1, 1, 1]}, '南门西侧': {'A': [1, 1, 1, 1, 1, 1, 1, 1, 1, 1], 'B': [1, 0, 0, 1, 0, 1, 0, 1, 1, 0]}, '南门东侧': {'A': [1, 0, 0, 1, 0, 1, 1, 1, 1, 1], 'B': [1, 1, 1, 1, 1, 1, 1, 1, 1, 1]}, '北门东北侧': {'A': [1, 1, 1, 1, 1, 1, 1, 1, 1, 1], 'B': [0, 0, 0, 1, 1, 0, 0, 1, 0, 0], 'C': [1, 1, 0, 1, 0, 0, 0, 1, 1, 0], 'D': [1, 0, 0, 0, 0, 0, 0, 0, 0, 0]}, '北门东南侧': {'A': [1, 1, 1, 0, 1, 0, 1, 1, 0, 1], 'B': [0, 1, 0, 1, 1, 0, 0, 1, 0, 1], 'C': [1, 0, 1, 0, 0, 0, 0, 0, 0, 1], 'D': [0, 0, 0, 0, 0, 1, 1, 0, 0, 0], 'E': [1, 0, 0, 1, 0, 0, 1, 0, 0, 1], 'F': [1, 1, 1, 1, 0, 1, 1, 0, 1, 1]}, '橘园北侧南': {'A': [0, 1, 1, 1, 0, 0, 0, 1, 0, 1], 'B': [1, 1, 0, 1, 1, 0, 0, 0, 1, 1], 'C': [1, 0, 0, 1, 1, 1, 0, 0, 0, 0], 'D': [1, 0, 1, 1, 1, 0, 0, 0, 0, 1], 'E': [0, 0, 1, 0, 1, 0, 1, 1, 0, 0], 'F': [0, 0, 0, 0, 1, 0, 0, 0, 0, 0], 'G': [0, 1, 0, 0, 0, 0, 1, 1, 1, 0], 'H': [1, 0, 0, 0, 1, 0, 0, 0, 0, 0], 'I': [0, 0, 0, 0, 0, 0, 0, 1, 0, 0], 'J': [0, 0, 0, 0, 0, 0, 0, 0, 0, 0]}, '校医院西': {'A': [0, 1, 0, 1, 1, 1, 1, 1, 1, 0], 'B': [1, 0, 1, 0, 0, 0, 0, 1, 1, 1], 'C': [0, 1, 0, 1, 1, 0, 1, 1, 1, 1], 'D': [1, 1, 1, 1, 1, 0, 1, 1, 1, 1], 'E': [1, 1, 0, 1, 1, 1, 1, 1, 1, 1], 'F': [1, 1, 1, 1, 1, 0, 1, 1, 1, 1], 'G': [1, 0, 0, 0, 0, 1, 0, 1, 1, 1], 'H': [0, 0, 1, 0, 0, 0, 1, 0, 0, 0], 'I': [0, 0, 1, 0, 0, 0, 0, 0, 0, 0]}}
624316	2024-07-13 22:42:21.735000+08:00	2024-07-13 22:42:21.735000+08:00	{'东门北侧': {'A': [1, 1, 1, 1, 1, 0, 1, 1, 1, 1], 'B': [1, 1, 1, 1, 1, 1, 1, 1, 1, 1], 'C': [0, 1, 0, 1, 1, 1, 1, 0, 1, 0], 'D': [1, 0, 1, 1, 1, 1, 0, 1, 1, 1], 'E': [1, 0, 1, 1, 1, 0, 1, 1, 1, 1], 'F': [1, 1, 1, 1, 1, 1, 1, 1, 1, 1], 'G': [1, 1, 1, 1, 1, 0, 1, 1, 0, 1], 'H': [1, 1, 1, 1, 1, 0, 0, 1, 0, 1], 'I': [0, 1, 0, 1, 1, 1, 1, 1, 1, 1], 'J': [1, 1, 1, 1, 0, 0, 1, 1, 1, 0], 'K': [0, 1, 1, 0, 1, 1, 1, 1, 1, 0]}, '东门南侧': {'A': [0, 0, 1, 1, 0, 0, 0, 0, 0, 0], 'B': [0, 0, 0, 0, 0, 0, 0, 0, 0, 0]}, '西门北侧': {'A': [1, 1, 0, 1, 1, 1, 0, 1, 1, 1], 'B': [1, 1, 1, 1, 0, 1, 1, 1, 1, 0], 'C': [1, 1, 1, 1, 0, 1, 1, 0, 0, 1]}, '西门南侧': {'A': [0, 1, 1, 1, 1, 1, 1, 0, 1, 1], 'B': [1, 1, 1, 1, 1, 1, 1, 1, 0, 1], 'C': [1, 1, 0, 1, 0, 0, 1, 1, 1, 1]}, '南门西侧': {'A': [1, 1, 1, 1, 1, 1, 1, 1, 1, 1], 'B': [1, 0, 0, 1, 0, 1, 0, 1, 1, 0]}, '南门东侧': {'A': [1, 0, 0, 1, 0, 1, 1, 1, 1, 1], 'B': [1, 1, 1, 1, 1, 1, 1, 1, 1, 1]}, '北门东北侧': {'A': [1, 1, 1, 1, 1, 1, 1, 1, 1, 1], 'B': [0, 0, 0, 1, 1, 0, 0, 1, 0, 0], 'C': [1, 1, 0, 1, 0, 0, 0, 1, 1, 0], 'D': [1, 0, 0, 0, 0, 0, 0, 0, 0, 0]}, '北门东南侧': {'A': [1, 1, 1, 0, 1, 0, 1, 1, 0, 1], 'B': [0, 1, 0, 1, 1, 0, 0, 1, 0, 1], 'C': [1, 0, 1, 0, 0, 0, 0, 0, 0, 1], 'D': [0, 0, 0, 0, 0, 1, 1, 0, 0, 0], 'E': [1, 0, 0, 1, 0, 0, 1, 0, 0, 1], 'F': [1, 1, 1, 1, 0, 1, 1, 0, 1, 1]}, '橘园北侧南': {'A': [0, 1, 1, 1, 0, 0, 0, 1, 0, 1], 'B': [1, 1, 0, 1, 1, 0, 0, 0, 1, 1], 'C': [1, 0, 0, 1, 1, 1, 0, 0, 0, 0], 'D': [1, 0, 1, 1, 1, 0, 0, 0, 0, 1], 'E': [0, 0, 1, 0, 1, 0, 1, 1, 0, 0], 'F': [0, 0, 0, 0, 1, 0, 0, 0, 0, 0], 'G': [0, 1, 0, 0, 0, 0, 1, 1, 1, 0], 'H': [1, 0, 0, 0, 1, 0, 0, 0, 0, 0], 'I': [0, 0, 0, 0, 0, 0, 0, 1, 0, 0], 'J': [0, 0, 0, 0, 0, 0, 0, 0, 0, 0]}, '校医院西': {'A': [0, 1, 0, 1, 1, 1, 1, 1, 1, 0], 'B': [1, 0, 1, 0, 0, 0, 0, 1, 1, 1], 'C': [0, 1, 0, 1, 1, 0, 1, 1, 1, 1], 'D': [1, 1, 1, 1, 1, 0, 1, 1, 1, 1], 'E': [1, 1, 0, 1, 1, 1, 1, 1, 1, 1], 'F': [1, 1, 1, 1, 1, 0, 1, 1, 1, 1], 'G': [1, 0, 0, 0, 0, 1, 0, 1, 1, 1], 'H': [0, 0, 1, 0, 0, 0, 1, 0, 0, 0], 'I': [0, 0, 1, 0, 0, 0, 0, 0, 0, 0]}}
624317	2024-07-13 22:43:20.712000+08:00	2024-07-13 22:43:20.712000+08:00	{'东门北侧': {'A': [1, 1, 1, 1, 1, 0, 1, 1, 1, 1], 'B': [1, 1, 1, 1, 1, 1, 1, 1, 1, 1], 'C': [0, 1, 0, 1, 1, 1, 1, 0, 1, 0], 'D': [1, 0, 1, 1, 1, 1, 0, 1, 1, 1], 'E': [1, 0, 1, 1, 1, 0, 1, 1, 1, 1], 'F': [1, 1, 1, 1, 1, 1, 1, 1, 1, 1], 'G': [1, 1, 1, 1, 1, 0, 1, 1, 0, 1], 'H': [1, 1, 1, 1, 1, 0, 0, 1, 0, 1], 'I': [0, 1, 0, 1, 1, 1, 1, 1, 1, 1], 'J': [1, 1, 1, 1, 0, 0, 1, 1, 1, 0], 'K': [0, 1, 1, 0, 1, 1, 1, 1, 1, 0]}, '东门南侧': {'A': [0, 0, 1, 1, 0, 0, 0, 0, 0, 0], 'B': [0, 0, 0, 0, 0, 0, 0, 0, 0, 0]}, '西门北侧': {'A': [1, 1, 0, 1, 1, 1, 0, 1, 1, 1], 'B': [1, 1, 1, 1, 0, 1, 1, 1, 1, 0], 'C': [1, 1, 1, 1, 0, 1, 1, 0, 0, 1]}, '西门南侧': {'A': [0, 1, 1, 1, 1, 1, 1, 0, 1, 1], 'B': [1, 1, 1, 1, 1, 1, 1, 1, 0, 1], 'C': [1, 1, 0, 1, 0, 0, 1, 1, 1, 1]}, '南门西侧': {'A': [1, 1, 1, 1, 1, 1, 1, 1, 1, 1], 'B': [1, 0, 0, 1, 0, 1, 0, 1, 1, 0]}, '南门东侧': {'A': [1, 0, 0, 1, 0, 1, 1, 1, 1, 1], 'B': [1, 1, 1, 1, 1, 1, 1, 1, 1, 1]}, '北门东北侧': {'A': [1, 1, 1, 1, 1, 1, 1, 1, 1, 1], 'B': [0, 0, 0, 1, 1, 0, 0, 1, 0, 0], 'C': [1, 1, 0, 1, 0, 0, 0, 1, 1, 0], 'D': [1, 0, 0, 0, 0, 0, 0, 0, 0, 0]}, '北门东南侧': {'A': [1, 1, 1, 0, 1, 0, 1, 1, 0, 1], 'B': [0, 1, 0, 1, 1, 0, 0, 1, 0, 1], 'C': [1, 0, 1, 0, 0, 0, 0, 0, 0, 1], 'D': [0, 0, 0, 0, 0, 1, 1, 0, 0, 0], 'E': [1, 0, 0, 1, 0, 0, 1, 0, 0, 1], 'F': [1, 1, 1, 1, 0, 1, 1, 0, 1, 1]}, '橘园北侧南': {'A': [0, 1, 1, 1, 0, 0, 0, 1, 0, 1], 'B': [1, 1, 0, 1, 1, 0, 0, 0, 1, 1], 'C': [1, 0, 0, 1, 1, 1, 0, 0, 0, 0], 'D': [1, 0, 1, 1, 1, 0, 0, 0, 0, 1], 'E': [0, 0, 1, 0, 1, 0, 1, 1, 0, 0], 'F': [0, 0, 0, 0, 1, 0, 0, 0, 0, 0], 'G': [0, 1, 0, 0, 0, 0, 1, 1, 1, 0], 'H': [1, 0, 0, 0, 1, 0, 0, 0, 0, 0], 'I': [0, 0, 0, 0, 0, 0, 0, 1, 0, 0], 'J': [0, 0, 0, 0, 0, 0, 0, 0, 0, 0]}, '校医院西': {'A': [0, 1, 0, 1, 1, 1, 1, 1, 1, 0], 'B': [1, 0, 1, 0, 0, 0, 0, 1, 1, 1], 'C': [0, 1, 0, 1, 1, 0, 1, 1, 1, 1], 'D': [1, 1, 1, 1, 1, 0, 1, 1, 1, 1], 'E': [1, 1, 0, 1, 1, 1, 1, 1, 1, 1], 'F': [1, 1, 1, 1, 1, 0, 1, 1, 1, 1], 'G': [1, 0, 0, 0, 0, 1, 0, 1, 1, 1], 'H': [0, 0, 1, 0, 0, 0, 1, 0, 0, 0], 'I': [0, 0, 1, 0, 0, 0, 0, 0, 0, 0]}}
624318	2024-07-13 22:44:32.495000+08:00	2024-07-13 22:44:32.495000+08:00	{'东门北侧': {'A': [1, 1, 1, 1, 1, 0, 1, 1, 1, 1], 'B': [1, 1, 1, 1, 1, 1, 1, 1, 1, 1], 'C': [0, 1, 0, 1, 1, 1, 1, 0, 1, 0], 'D': [1, 0, 1, 1, 1, 1, 0, 1, 1, 1], 'E': [1, 0, 1, 1, 1, 0, 1, 1, 1, 1], 'F': [1, 1, 1, 1, 1, 1, 1, 1, 1, 1], 'G': [1, 1, 1, 1, 1, 0, 1, 1, 0, 1], 'H': [1, 1, 1, 1, 1, 0, 0, 1, 0, 1], 'I': [0, 1, 0, 1, 1, 1, 1, 1, 1, 1], 'J': [1, 1, 1, 1, 0, 0, 1, 1, 1, 0], 'K': [0, 1, 1, 0, 1, 1, 1, 1, 1, 0]}, '东门南侧': {'A': [0, 0, 1, 1, 0, 0, 0, 0, 0, 0], 'B': [0, 0, 0, 0, 0, 0, 0, 0, 0, 0]}, '西门北侧': {'A': [1, 1, 0, 1, 1, 1, 0, 1, 1, 1], 'B': [1, 1, 1, 1, 0, 1, 1, 1, 1, 0], 'C': [1, 1, 1, 1, 0, 1, 1, 0, 0, 1]}, '西门南侧': {'A': [0, 1, 1, 1, 1, 1, 1, 0, 1, 1], 'B': [1, 1, 1, 1, 1, 1, 1, 1, 0, 1], 'C': [1, 1, 0, 1, 0, 0, 1, 1, 1, 1]}, '南门西侧': {'A': [1, 1, 1, 1, 1, 1, 1, 1, 1, 1], 'B': [1, 0, 0, 1, 0, 1, 0, 1, 1, 0]}, '南门东侧': {'A': [1, 0, 0, 1, 0, 1, 1, 1, 1, 1], 'B': [1, 1, 1, 1, 1, 1, 1, 1, 1, 1]}, '北门东北侧': {'A': [1, 1, 1, 1, 1, 1, 1, 1, 1, 1], 'B': [0, 0, 0, 1, 1, 0, 0, 1, 0, 0], 'C': [1, 1, 0, 1, 0, 0, 0, 1, 1, 0], 'D': [1, 0, 0, 0, 0, 0, 0, 0, 0, 0]}, '北门东南侧': {'A': [1, 1, 1, 0, 1, 0, 1, 1, 0, 1], 'B': [0, 1, 0, 1, 1, 0, 0, 1, 0, 1], 'C': [1, 0, 1, 0, 0, 0, 0, 0, 0, 1], 'D': [0, 0, 0, 0, 0, 1, 1, 0, 0, 0], 'E': [1, 0, 0, 1, 0, 0, 1, 0, 0, 1], 'F': [1, 1, 1, 1, 0, 1, 1, 0, 1, 1]}, '橘园北侧南': {'A': [0, 1, 1, 1, 0, 0, 0, 1, 0, 1], 'B': [1, 1, 0, 1, 1, 0, 0, 0, 1, 1], 'C': [1, 0, 0, 1, 1, 1, 0, 0, 0, 0], 'D': [1, 0, 1, 1, 1, 0, 0, 0, 0, 1], 'E': [0, 0, 1, 0, 1, 0, 1, 1, 0, 0], 'F': [0, 0, 0, 0, 1, 0, 0, 0, 0, 0], 'G': [0, 1, 0, 0, 0, 0, 1, 1, 1, 0], 'H': [1, 0, 0, 0, 1, 1, 0, 0, 0, 0], 'I': [0, 0, 0, 0, 0, 0, 0, 1, 0, 0], 'J': [0, 0, 0, 0, 0, 0, 0, 0, 0, 0]}, '校医院西': {'A': [0, 1, 0, 1, 1, 1, 1, 1, 1, 0], 'B': [1, 0, 1, 0, 0, 0, 0, 1, 1, 1], 'C': [0, 1, 0, 1, 1, 0, 1, 1, 1, 1], 'D': [1, 1, 1, 1, 1, 0, 1, 1, 1, 1], 'E': [1, 1, 0, 1, 1, 1, 1, 1, 1, 1], 'F': [1, 1, 1, 1, 1, 0, 1, 1, 1, 1], 'G': [1, 0, 0, 0, 0, 1, 0, 1, 1, 1], 'H': [0, 0, 0, 0, 0, 0, 1, 0, 0, 0], 'I': [0, 0, 1, 0, 0, 0, 0, 0, 0, 0]}}
624319	2024-07-13 22:45:21.041000+08:00	2024-07-13 22:45:21.041000+08:00	{'东门北侧': {'A': [1, 1, 1, 1, 1, 0, 1, 1, 1, 1], 'B': [1, 1, 1, 1, 1, 1, 1, 1, 1, 1], 'C': [0, 1, 0, 1, 1, 1, 1, 0, 1, 0], 'D': [1, 0, 1, 1, 1, 1, 0, 1, 1, 1], 'E': [1, 0, 1, 1, 1, 0, 1, 1, 1, 1], 'F': [1, 1, 1, 1, 1, 1, 1, 1, 1, 1], 'G': [1, 1, 1, 1, 1, 0, 1, 1, 0, 1], 'H': [1, 1, 1, 1, 1, 0, 0, 1, 0, 1], 'I': [0, 1, 0, 1, 1, 1, 1, 1, 1, 1], 'J': [1, 1, 1, 1, 0, 0, 1, 1, 1, 0], 'K': [0, 1, 1, 0, 1, 1, 1, 1, 1, 0]}, '东门南侧': {'A': [0, 0, 1, 1, 0, 0, 0, 0, 0, 0], 'B': [0, 0, 0, 0, 0, 0, 0, 0, 0, 0]}, '西门北侧': {'A': [1, 1, 0, 1, 1, 1, 0, 1, 1, 1], 'B': [1, 1, 1, 1, 0, 1, 1, 1, 1, 0], 'C': [1, 1, 1, 1, 0, 1, 1, 0, 0, 1]}, '西门南侧': {'A': [0, 1, 1, 1, 1, 1, 1, 0, 1, 1], 'B': [1, 1, 1, 1, 1, 1, 1, 1, 0, 1], 'C': [1, 1, 0, 1, 0, 0, 1, 1, 1, 1]}, '南门西侧': {'A': [1, 1, 1, 1, 1, 1, 1, 1, 1, 1], 'B': [1, 0, 0, 1, 0, 1, 0, 1, 1, 0]}, '南门东侧': {'A': [1, 1, 0, 1, 0, 1, 1, 1, 1, 1], 'B': [1, 1, 1, 1, 1, 1, 1, 1, 1, 1]}, '北门东北侧': {'A': [1, 1, 1, 1, 1, 1, 1, 1, 1, 1], 'B': [0, 0, 0, 1, 1, 0, 0, 1, 0, 0], 'C': [1, 1, 0, 1, 0, 0, 0, 1, 1, 0], 'D': [1, 0, 0, 0, 0, 0, 0, 0, 0, 0]}, '北门东南侧': {'A': [1, 1, 1, 0, 1, 0, 1, 1, 0, 1], 'B': [0, 1, 0, 1, 1, 0, 0, 1, 0, 1], 'C': [1, 0, 1, 0, 0, 0, 0, 0, 0, 1], 'D': [0, 0, 0, 0, 0, 1, 1, 0, 0, 0], 'E': [1, 0, 0, 1, 0, 0, 1, 0, 0, 1], 'F': [1, 1, 1, 1, 0, 1, 1, 0, 1, 1]}, '橘园北侧南': {'A': [0, 1, 1, 1, 0, 0, 0, 1, 0, 1], 'B': [1, 1, 0, 1, 1, 0, 0, 0, 1, 1], 'C': [1, 0, 0, 1, 1, 1, 0, 0, 0, 0], 'D': [1, 0, 1, 1, 1, 0, 0, 0, 0, 1], 'E': [0, 0, 1, 0, 1, 0, 1, 1, 0, 0], 'F': [0, 0, 0, 0, 1, 0, 0, 0, 0, 0], 'G': [0, 1, 0, 0, 0, 0, 1, 1, 1, 0], 'H': [1, 0, 0, 0, 1, 1, 0, 0, 0, 0], 'I': [0, 0, 0, 0, 0, 0, 0, 1, 0, 0], 'J': [0, 0, 0, 0, 0, 0, 0, 0, 0, 0]}, '校医院西': {'A': [0, 1, 0, 1, 1, 1, 1, 1, 1, 0], 'B': [1, 0, 1, 0, 0, 0, 0, 1, 1, 1], 'C': [0, 1, 0, 1, 1, 0, 1, 1, 1, 1], 'D': [1, 1, 1, 1, 1, 0, 1, 1, 1, 1], 'E': [1, 1, 0, 1, 1, 1, 1, 1, 1, 1], 'F': [1, 1, 1, 1, 1, 0, 1, 1, 1, 1], 'G': [1, 0, 0, 0, 0, 1, 0, 1, 1, 1], 'H': [0, 0, 0, 0, 0, 0, 1, 0, 0, 0], 'I': [0, 0, 1, 0, 0, 0, 0, 0, 0, 0]}}
624320	2024-07-13 22:46:18.740000+08:00	2024-07-13 22:46:18.740000+08:00	{'东门北侧': {'A': [1, 1, 1, 1, 1, 0, 1, 1, 1, 1], 'B': [1, 1, 1, 1, 1, 1, 1, 1, 1, 1], 'C': [0, 1, 0, 1, 1, 1, 1, 0, 1, 0], 'D': [1, 0, 1, 1, 1, 1, 0, 1, 1, 1], 'E': [1, 0, 1, 1, 1, 0, 1, 1, 1, 1], 'F': [1, 1, 1, 1, 1, 1, 1, 1, 1, 1], 'G': [1, 1, 1, 1, 1, 0, 1, 1, 0, 1], 'H': [1, 1, 1, 1, 1, 0, 0, 1, 0, 1], 'I': [0, 1, 0, 1, 1, 1, 1, 1, 1, 1], 'J': [1, 1, 1, 1, 0, 0, 1, 1, 1, 0], 'K': [0, 1, 1, 0, 1, 1, 1, 1, 1, 0]}, '东门南侧': {'A': [0, 0, 1, 1, 0, 0, 0, 0, 0, 0], 'B': [0, 0, 0, 0, 0, 0, 0, 0, 0, 0]}, '西门北侧': {'A': [1, 1, 0, 1, 1, 1, 0, 1, 1, 1], 'B': [1, 1, 1, 1, 0, 1, 1, 1, 1, 0], 'C': [1, 1, 1, 1, 0, 1, 1, 0, 0, 1]}, '西门南侧': {'A': [0, 1, 1, 1, 1, 1, 1, 0, 1, 1], 'B': [1, 1, 1, 1, 1, 1, 1, 1, 0, 1], 'C': [1, 0, 0, 1, 0, 0, 1, 1, 1, 1]}, '南门西侧': {'A': [1, 1, 1, 1, 1, 1, 1, 1, 1, 1], 'B': [1, 0, 0, 1, 0, 1, 0, 1, 1, 0]}, '南门东侧': {'A': [1, 1, 0, 1, 0, 1, 1, 1, 1, 1], 'B': [1, 1, 1, 1, 1, 1, 1, 1, 1, 1]}, '北门东北侧': {'A': [1, 1, 1, 1, 1, 1, 1, 1, 1, 1], 'B': [0, 0, 0, 1, 1, 0, 0, 1, 0, 0], 'C': [1, 1, 0, 1, 0, 0, 0, 1, 1, 0], 'D': [1, 0, 0, 0, 0, 0, 0, 0, 0, 0]}, '北门东南侧': {'A': [1, 1, 1, 0, 1, 0, 1, 1, 0, 1], 'B': [0, 1, 0, 1, 1, 0, 0, 1, 0, 1], 'C': [1, 0, 1, 0, 0, 0, 0, 0, 0, 1], 'D': [0, 0, 0, 0, 0, 1, 1, 0, 0, 0], 'E': [1, 0, 0, 1, 0, 0, 1, 0, 0, 1], 'F': [1, 1, 1, 1, 0, 1, 1, 0, 1, 1]}, '橘园北侧南': {'A': [0, 1, 1, 1, 0, 0, 0, 1, 0, 1], 'B': [1, 1, 0, 1, 1, 0, 0, 0, 1, 1], 'C': [1, 0, 0, 1, 1, 1, 0, 0, 0, 0], 'D': [1, 0, 1, 1, 1, 0, 0, 0, 0, 1], 'E': [0, 0, 1, 0, 1, 0, 1, 1, 0, 0], 'F': [0, 0, 0, 0, 1, 0, 0, 0, 0, 0], 'G': [0, 1, 0, 0, 0, 0, 1, 1, 1, 0], 'H': [1, 0, 0, 0, 1, 1, 0, 0, 0, 0], 'I': [0, 0, 0, 0, 0, 0, 0, 1, 0, 0], 'J': [0, 0, 0, 0, 0, 0, 0, 0, 0, 0]}, '校医院西': {'A': [0, 1, 0, 1, 1, 1, 1, 1, 1, 0], 'B': [1, 0, 1, 0, 0, 0, 0, 1, 1, 1], 'C': [0, 1, 0, 1, 1, 0, 1, 1, 1, 1], 'D': [1, 1, 1, 1, 1, 0, 1, 1, 1, 1], 'E': [1, 1, 0, 1, 1, 1, 1, 1, 1, 1], 'F': [1, 1, 1, 1, 1, 0, 1, 1, 1, 1], 'G': [1, 0, 0, 0, 0, 1, 0, 1, 1, 1], 'H': [0, 0, 0, 0, 0, 0, 1, 0, 0, 0], 'I': [0, 0, 1, 0, 0, 0, 0, 0, 0, 0]}}
624321	2024-07-13 22:47:20.165000+08:00	2024-07-13 22:47:20.165000+08:00	{'东门北侧': {'A': [1, 1, 1, 1, 1, 0, 1, 1, 1, 1], 'B': [1, 1, 1, 1, 1, 1, 1, 1, 1, 1], 'C': [0, 1, 0, 1, 0, 1, 1, 0, 1, 0], 'D': [1, 0, 1, 1, 1, 1, 0, 1, 1, 1], 'E': [1, 0, 1, 1, 1, 0, 1, 1, 1, 1], 'F': [1, 1, 1, 1, 1, 1, 1, 1, 1, 1], 'G': [1, 1, 1, 1, 1, 0, 1, 1, 0, 1], 'H': [1, 1, 1, 1, 1, 0, 0, 1, 0, 1], 'I': [0, 1, 0, 1, 1, 1, 1, 1, 1, 1], 'J': [1, 1, 1, 1, 0, 0, 1, 1, 1, 0], 'K': [0, 1, 1, 0, 1, 1, 1, 1, 1, 0]}, '东门南侧': {'A': [0, 0, 1, 1, 0, 0, 0, 0, 0, 0], 'B': [0, 0, 0, 0, 0, 0, 0, 0, 0, 0]}, '西门北侧': {'A': [1, 1, 0, 1, 1, 1, 0, 1, 1, 1], 'B': [1, 1, 1, 1, 0, 1, 1, 1, 1, 0], 'C': [1, 1, 1, 1, 0, 1, 1, 0, 0, 1]}, '西门南侧': {'A': [0, 1, 1, 1, 1, 1, 1, 0, 1, 1], 'B': [1, 1, 1, 1, 1, 1, 1, 1, 0, 1], 'C': [1, 0, 0, 1, 0, 0, 1, 1, 1, 1]}, '南门西侧': {'A': [1, 1, 1, 1, 1, 1, 1, 1, 1, 1], 'B': [1, 0, 0, 1, 0, 1, 0, 1, 1, 0]}, '南门东侧': {'A': [1, 1, 0, 1, 0, 1, 1, 1, 1, 1], 'B': [1, 1, 1, 1, 1, 1, 1, 1, 1, 1]}, '北门东北侧': {'A': [1, 1, 1, 1, 1, 1, 1, 1, 1, 1], 'B': [0, 0, 0, 1, 1, 0, 0, 1, 0, 0], 'C': [1, 1, 0, 1, 0, 0, 0, 1, 1, 0], 'D': [1, 0, 0, 0, 0, 0, 0, 0, 0, 0]}, '北门东南侧': {'A': [1, 1, 1, 0, 1, 0, 1, 1, 0, 1], 'B': [0, 1, 0, 1, 1, 0, 0, 1, 0, 1], 'C': [1, 0, 1, 0, 0, 0, 0, 0, 0, 1], 'D': [0, 0, 0, 0, 0, 1, 1, 0, 0, 0], 'E': [1, 0, 0, 1, 0, 0, 1, 0, 0, 1], 'F': [1, 1, 1, 1, 0, 1, 1, 0, 1, 1]}, '橘园北侧南': {'A': [0, 1, 1, 1, 0, 0, 0, 1, 0, 1], 'B': [1, 1, 0, 1, 1, 0, 0, 0, 1, 1], 'C': [1, 0, 0, 1, 1, 1, 0, 0, 0, 0], 'D': [1, 0, 1, 1, 1, 0, 0, 0, 0, 1], 'E': [0, 0, 1, 0, 1, 0, 1, 1, 0, 0], 'F': [0, 0, 0, 0, 1, 0, 0, 0, 0, 0], 'G': [0, 1, 0, 0, 0, 0, 1, 0, 1, 0], 'H': [1, 0, 0, 0, 1, 1, 0, 0, 0, 0], 'I': [0, 0, 0, 0, 0, 0, 0, 1, 0, 0], 'J': [0, 0, 0, 0, 0, 0, 0, 0, 0, 0]}, '校医院西': {'A': [0, 1, 0, 1, 1, 1, 1, 1, 1, 0], 'B': [1, 0, 1, 0, 0, 0, 0, 1, 1, 1], 'C': [0, 1, 0, 1, 1, 0, 1, 1, 1, 1], 'D': [1, 1, 1, 1, 1, 0, 1, 1, 1, 1], 'E': [1, 1, 0, 1, 1, 1, 1, 1, 1, 1], 'F': [1, 1, 1, 1, 1, 0, 1, 1, 1, 1], 'G': [1, 0, 0, 0, 0, 1, 0, 1, 1, 1], 'H': [0, 0, 0, 0, 0, 0, 1, 0, 0, 0], 'I': [0, 0, 0, 0, 0, 0, 0, 0, 0, 0]}}
624322	2024-07-13 22:48:21.505000+08:00	2024-07-13 22:48:21.505000+08:00	{'东门北侧': {'A': [1, 1, 1, 1, 1, 0, 1, 1, 1, 1], 'B': [1, 1, 1, 1, 1, 1, 1, 1, 1, 1], 'C': [0, 1, 0, 1, 0, 1, 1, 0, 1, 0], 'D': [1, 0, 1, 1, 1, 1, 0, 1, 1, 1], 'E': [1, 0, 1, 1, 1, 0, 1, 1, 1, 1], 'F': [1, 1, 1, 1, 1, 1, 1, 1, 1, 1], 'G': [1, 1, 1, 1, 1, 0, 1, 1, 0, 1], 'H': [1, 1, 1, 1, 1, 0, 0, 1, 0, 1], 'I': [0, 1, 0, 1, 1, 1, 1, 1, 1, 1], 'J': [1, 1, 1, 1, 0, 0, 1, 1, 1, 0], 'K': [0, 1, 1, 0, 1, 1, 1, 1, 1, 0]}, '东门南侧': {'A': [0, 0, 1, 1, 0, 0, 0, 0, 0, 0], 'B': [0, 0, 0, 0, 0, 0, 0, 0, 0, 0]}, '西门北侧': {'A': [1, 1, 0, 1, 1, 1, 0, 1, 1, 1], 'B': [1, 1, 1, 1, 0, 1, 1, 1, 1, 0], 'C': [1, 1, 1, 1, 0, 1, 1, 0, 0, 1]}, '西门南侧': {'A': [0, 1, 1, 1, 1, 1, 1, 0, 1, 1], 'B': [1, 1, 1, 1, 1, 1, 1, 1, 0, 1], 'C': [1, 0, 0, 1, 0, 0, 1, 1, 1, 1]}, '南门西侧': {'A': [1, 1, 1, 1, 1, 1, 1, 1, 1, 1], 'B': [1, 0, 0, 1, 0, 1, 0, 1, 1, 0]}, '南门东侧': {'A': [1, 1, 0, 1, 0, 1, 1, 1, 1, 1], 'B': [1, 1, 1, 1, 1, 1, 1, 1, 1, 1]}, '北门东北侧': {'A': [1, 1, 1, 1, 1, 1, 1, 1, 1, 1], 'B': [0, 0, 0, 1, 1, 0, 0, 1, 0, 0], 'C': [1, 1, 0, 1, 0, 0, 0, 1, 1, 0], 'D': [1, 0, 0, 0, 0, 0, 0, 0, 0, 0]}, '北门东南侧': {'A': [1, 1, 1, 0, 1, 0, 1, 1, 0, 1], 'B': [0, 1, 0, 1, 1, 0, 0, 1, 0, 1], 'C': [1, 0, 1, 0, 0, 0, 0, 0, 0, 1], 'D': [0, 0, 0, 0, 0, 1, 1, 0, 0, 0], 'E': [1, 0, 0, 1, 0, 0, 1, 0, 0, 1], 'F': [1, 1, 1, 1, 0, 1, 1, 0, 1, 1]}, '橘园北侧南': {'A': [0, 1, 1, 1, 0, 0, 0, 1, 0, 1], 'B': [1, 1, 0, 1, 1, 0, 0, 0, 1, 1], 'C': [1, 0, 0, 1, 1, 1, 0, 0, 0, 0], 'D': [1, 0, 1, 1, 1, 0, 0, 0, 0, 1], 'E': [0, 0, 1, 0, 1, 0, 1, 1, 0, 0], 'F': [0, 0, 0, 0, 1, 0, 0, 0, 0, 0], 'G': [0, 1, 0, 0, 0, 0, 1, 0, 0, 0], 'H': [1, 0, 0, 0, 1, 1, 0, 0, 0, 0], 'I': [0, 0, 0, 0, 0, 0, 0, 1, 0, 0], 'J': [0, 0, 0, 0, 0, 0, 0, 0, 0, 0]}, '校医院西': {'A': [0, 1, 0, 1, 1, 1, 1, 1, 1, 0], 'B': [1, 0, 1, 0, 0, 0, 0, 1, 1, 1], 'C': [0, 1, 0, 1, 1, 0, 1, 1, 1, 1], 'D': [1, 1, 1, 1, 1, 0, 1, 1, 1, 1], 'E': [1, 1, 0, 1, 1, 1, 1, 1, 1, 1], 'F': [1, 1, 1, 1, 1, 0, 1, 1, 1, 1], 'G': [1, 0, 0, 0, 0, 1, 0, 1, 1, 1], 'H': [0, 0, 0, 0, 0, 0, 1, 0, 0, 0], 'I': [0, 0, 0, 0, 0, 0, 0, 0, 0, 0]}}
624323	2024-07-13 22:49:19.441000+08:00	2024-07-13 22:49:19.441000+08:00	{'东门北侧': {'A': [1, 1, 1, 1, 1, 0, 1, 1, 1, 1], 'B': [1, 1, 1, 1, 1, 1, 1, 1, 1, 1], 'C': [0, 1, 0, 1, 0, 1, 1, 0, 1, 0], 'D': [1, 0, 1, 1, 1, 1, 0, 1, 1, 1], 'E': [1, 0, 1, 1, 1, 0, 1, 1, 1, 1], 'F': [1, 1, 1, 1, 1, 1, 1, 1, 1, 1], 'G': [1, 1, 1, 1, 1, 0, 1, 1, 0, 1], 'H': [1, 1, 1, 1, 1, 0, 0, 1, 0, 1], 'I': [0, 1, 0, 1, 1, 1, 1, 1, 1, 1], 'J': [1, 1, 1, 1, 0, 0, 1, 1, 1, 0], 'K': [0, 1, 1, 0, 1, 1, 1, 1, 1, 0]}, '东门南侧': {'A': [0, 0, 1, 1, 0, 0, 0, 0, 0, 0], 'B': [0, 0, 0, 0, 0, 0, 0, 0, 0, 0]}, '西门北侧': {'A': [1, 1, 0, 1, 1, 1, 0, 1, 1, 1], 'B': [1, 1, 1, 1, 0, 1, 1, 1, 1, 0], 'C': [1, 1, 1, 1, 0, 1, 1, 0, 0, 1]}, '西门南侧': {'A': [0, 1, 1, 1, 1, 1, 1, 0, 1, 1], 'B': [1, 1, 1, 1, 1, 1, 1, 1, 0, 1], 'C': [1, 0, 0, 1, 0, 0, 1, 1, 1, 1]}, '南门西侧': {'A': [1, 1, 1, 1, 1, 1, 1, 1, 1, 1], 'B': [1, 0, 0, 1, 0, 1, 0, 1, 1, 0]}, '南门东侧': {'A': [1, 1, 0, 1, 0, 1, 1, 1, 1, 1], 'B': [1, 1, 1, 1, 1, 1, 1, 1, 1, 1]}, '北门东北侧': {'A': [1, 1, 1, 1, 1, 1, 1, 1, 1, 1], 'B': [0, 0, 0, 1, 1, 0, 0, 1, 0, 0], 'C': [1, 1, 0, 1, 0, 0, 0, 1, 1, 0], 'D': [1, 0, 0, 0, 0, 0, 0, 0, 0, 0]}, '北门东南侧': {'A': [1, 1, 1, 0, 1, 0, 1, 1, 0, 1], 'B': [0, 1, 0, 1, 1, 0, 0, 1, 0, 1], 'C': [1, 0, 1, 0, 0, 0, 0, 0, 0, 1], 'D': [0, 0, 0, 0, 0, 1, 1, 0, 0, 0], 'E': [1, 0, 0, 1, 0, 0, 1, 0, 0, 1], 'F': [1, 1, 1, 1, 0, 1, 1, 0, 1, 1]}, '橘园北侧南': {'A': [0, 1, 1, 1, 0, 0, 0, 1, 0, 1], 'B': [1, 1, 0, 1, 1, 0, 0, 0, 1, 1], 'C': [1, 0, 0, 1, 1, 1, 0, 0, 0, 0], 'D': [1, 0, 1, 1, 1, 0, 0, 0, 0, 0], 'E': [0, 0, 1, 0, 1, 0, 1, 1, 0, 0], 'F': [0, 0, 0, 0, 1, 0, 0, 0, 0, 0], 'G': [0, 1, 0, 0, 0, 0, 1, 0, 0, 0], 'H': [1, 0, 0, 0, 1, 1, 0, 0, 0, 0], 'I': [0, 0, 0, 0, 0, 0, 0, 1, 0, 0], 'J': [0, 0, 0, 0, 0, 0, 0, 0, 0, 0]}, '校医院西': {'A': [0, 1, 0, 1, 1, 1, 1, 1, 1, 0], 'B': [1, 0, 1, 0, 0, 0, 0, 1, 1, 1], 'C': [0, 1, 0, 1, 1, 0, 1, 1, 1, 1], 'D': [1, 1, 1, 1, 1, 0, 1, 1, 1, 1], 'E': [1, 1, 0, 1, 1, 1, 1, 1, 1, 1], 'F': [1, 1, 1, 1, 1, 0, 1, 1, 0, 1], 'G': [1, 0, 0, 0, 0, 1, 0, 1, 1, 1], 'H': [0, 0, 0, 0, 0, 0, 1, 0, 0, 0], 'I': [0, 0, 0, 0, 0, 0, 0, 0, 0, 0]}}
624324	2024-07-13 22:50:23.624000+08:00	2024-07-13 22:50:23.624000+08:00	{'东门北侧': {'A': [1, 1, 1, 1, 1, 0, 1, 1, 1, 1], 'B': [1, 1, 1, 1, 1, 1, 1, 1, 1, 1], 'C': [0, 1, 0, 1, 0, 1, 1, 0, 1, 0], 'D': [1, 0, 1, 1, 1, 1, 0, 1, 1, 1], 'E': [1, 0, 1, 1, 1, 0, 1, 1, 1, 1], 'F': [1, 1, 1, 1, 1, 1, 1, 1, 1, 1], 'G': [1, 1, 1, 1, 1, 0, 1, 1, 0, 1], 'H': [1, 1, 1, 1, 1, 0, 0, 1, 0, 1], 'I': [0, 1, 0, 1, 1, 1, 1, 1, 1, 1], 'J': [1, 1, 1, 1, 0, 0, 1, 1, 1, 0], 'K': [0, 1, 1, 0, 1, 1, 1, 1, 1, 0]}, '东门南侧': {'A': [0, 0, 1, 1, 0, 0, 0, 0, 0, 0], 'B': [0, 0, 0, 0, 0, 0, 0, 0, 0, 0]}, '西门北侧': {'A': [1, 1, 0, 1, 1, 1, 0, 1, 1, 1], 'B': [1, 1, 1, 1, 0, 1, 1, 1, 1, 0], 'C': [1, 1, 1, 1, 0, 1, 1, 0, 0, 1]}, '西门南侧': {'A': [0, 1, 1, 1, 1, 1, 1, 0, 1, 1], 'B': [1, 1, 1, 1, 1, 1, 1, 1, 0, 1], 'C': [1, 0, 0, 1, 0, 0, 1, 1, 1, 1]}, '南门西侧': {'A': [1, 1, 1, 1, 1, 1, 1, 1, 1, 1], 'B': [1, 0, 0, 1, 0, 1, 0, 1, 1, 0]}, '南门东侧': {'A': [1, 1, 0, 1, 0, 1, 1, 1, 1, 1], 'B': [1, 1, 1, 1, 1, 1, 1, 1, 1, 1]}, '北门东北侧': {'A': [1, 1, 1, 1, 1, 1, 1, 1, 1, 1], 'B': [0, 0, 0, 1, 1, 0, 0, 1, 0, 0], 'C': [1, 1, 0, 1, 0, 0, 0, 1, 1, 0], 'D': [1, 0, 0, 0, 0, 0, 0, 0, 0, 0]}, '北门东南侧': {'A': [1, 1, 1, 0, 1, 0, 1, 1, 0, 1], 'B': [0, 1, 0, 1, 1, 0, 0, 1, 0, 1], 'C': [1, 0, 1, 0, 0, 0, 0, 0, 0, 1], 'D': [0, 0, 0, 0, 0, 1, 1, 0, 0, 0], 'E': [1, 0, 0, 1, 0, 0, 1, 0, 0, 1], 'F': [1, 1, 1, 1, 0, 1, 1, 0, 1, 1]}, '橘园北侧南': {'A': [0, 1, 1, 1, 0, 0, 0, 1, 0, 1], 'B': [1, 1, 0, 1, 1, 0, 0, 0, 1, 1], 'C': [1, 0, 0, 1, 1, 1, 0, 0, 0, 0], 'D': [1, 0, 1, 1, 1, 0, 0, 0, 0, 0], 'E': [0, 0, 1, 0, 1, 0, 1, 1, 0, 0], 'F': [0, 0, 0, 0, 1, 0, 0, 0, 0, 0], 'G': [0, 1, 0, 0, 0, 0, 1, 0, 0, 0], 'H': [1, 0, 0, 0, 1, 1, 0, 0, 0, 0], 'I': [0, 0, 0, 0, 0, 0, 0, 1, 0, 0], 'J': [0, 0, 0, 0, 0, 0, 0, 0, 0, 0]}, '校医院西': {'A': [0, 1, 0, 1, 1, 1, 1, 1, 1, 0], 'B': [1, 0, 1, 0, 0, 0, 0, 1, 1, 1], 'C': [0, 1, 0, 1, 1, 0, 1, 1, 1, 1], 'D': [1, 1, 1, 1, 1, 0, 1, 1, 1, 1], 'E': [1, 1, 0, 1, 1, 1, 1, 1, 1, 1], 'F': [1, 1, 1, 1, 1, 0, 1, 1, 0, 1], 'G': [1, 0, 0, 0, 0, 1, 0, 1, 1, 1], 'H': [0, 0, 0, 0, 0, 0, 1, 0, 0, 0], 'I': [0, 0, 0, 0, 0, 0, 0, 0, 0, 0]}}
624325	2024-07-13 22:51:19.867000+08:00	2024-07-13 22:51:19.867000+08:00	{'东门北侧': {'A': [1, 1, 1, 1, 1, 0, 1, 1, 1, 1], 'B': [1, 1, 1, 1, 1, 1, 1, 1, 1, 1], 'C': [0, 1, 0, 1, 0, 1, 1, 0, 1, 0], 'D': [1, 0, 1, 1, 1, 1, 0, 1, 1, 1], 'E': [1, 0, 1, 1, 1, 0, 1, 1, 1, 1], 'F': [1, 1, 1, 1, 1, 1, 1, 1, 1, 1], 'G': [1, 1, 1, 1, 1, 0, 1, 1, 0, 1], 'H': [1, 1, 1, 1, 1, 0, 0, 1, 0, 1], 'I': [0, 1, 0, 1, 1, 1, 1, 1, 1, 1], 'J': [1, 1, 1, 1, 0, 0, 1, 1, 1, 0], 'K': [0, 1, 1, 0, 1, 1, 1, 1, 1, 0]}, '东门南侧': {'A': [0, 0, 1, 1, 0, 0, 0, 0, 0, 0], 'B': [0, 0, 0, 0, 0, 0, 0, 0, 0, 0]}, '西门北侧': {'A': [1, 1, 0, 1, 1, 1, 0, 1, 1, 1], 'B': [1, 1, 1, 1, 0, 1, 1, 1, 1, 0], 'C': [1, 1, 1, 1, 0, 1, 1, 0, 0, 1]}, '西门南侧': {'A': [0, 1, 1, 1, 1, 0, 1, 0, 1, 1], 'B': [1, 1, 1, 1, 1, 1, 1, 1, 0, 1], 'C': [1, 0, 0, 1, 0, 0, 1, 1, 1, 1]}, '南门西侧': {'A': [1, 1, 1, 1, 1, 1, 1, 1, 1, 1], 'B': [1, 0, 0, 1, 0, 1, 0, 1, 1, 0]}, '南门东侧': {'A': [1, 1, 0, 1, 0, 1, 1, 1, 1, 1], 'B': [1, 1, 1, 1, 1, 1, 1, 1, 1, 1]}, '北门东北侧': {'A': [1, 1, 1, 1, 1, 1, 1, 1, 1, 1], 'B': [0, 0, 0, 1, 1, 0, 0, 1, 0, 0], 'C': [1, 1, 0, 1, 0, 0, 0, 1, 1, 0], 'D': [1, 0, 0, 0, 0, 0, 0, 0, 0, 0]}, '北门东南侧': {'A': [1, 1, 1, 0, 1, 0, 1, 1, 0, 1], 'B': [0, 1, 0, 1, 1, 0, 0, 1, 0, 1], 'C': [1, 0, 1, 0, 0, 0, 0, 0, 0, 1], 'D': [0, 0, 0, 0, 0, 1, 1, 0, 0, 0], 'E': [1, 0, 0, 1, 0, 0, 1, 0, 0, 1], 'F': [1, 1, 1, 1, 0, 1, 1, 0, 1, 1]}, '橘园北侧南': {'A': [0, 1, 1, 1, 0, 0, 0, 1, 0, 1], 'B': [1, 1, 0, 1, 1, 0, 0, 0, 1, 1], 'C': [1, 0, 0, 1, 1, 1, 0, 0, 0, 0], 'D': [1, 0, 1, 1, 1, 0, 0, 0, 0, 0], 'E': [0, 0, 1, 0, 1, 0, 1, 1, 0, 0], 'F': [0, 0, 0, 0, 1, 0, 0, 0, 0, 0], 'G': [0, 1, 0, 0, 0, 0, 1, 0, 0, 0], 'H': [1, 0, 0, 0, 1, 1, 0, 0, 0, 0], 'I': [0, 0, 0, 0, 0, 0, 0, 1, 0, 0], 'J': [0, 0, 0, 0, 0, 0, 0, 0, 0, 0]}, '校医院西': {'A': [0, 1, 0, 1, 1, 1, 1, 1, 1, 0], 'B': [1, 0, 1, 0, 0, 0, 0, 1, 1, 1], 'C': [0, 1, 1, 1, 1, 1, 1, 1, 1, 1], 'D': [1, 1, 1, 1, 1, 0, 1, 1, 1, 1], 'E': [1, 1, 0, 1, 1, 1, 1, 1, 1, 1], 'F': [1, 1, 1, 1, 1, 0, 1, 1, 0, 1], 'G': [1, 0, 0, 0, 0, 1, 0, 1, 1, 1], 'H': [0, 0, 0, 0, 0, 0, 1, 0, 0, 0], 'I': [0, 0, 0, 0, 0, 0, 0, 0, 0, 0]}}
624326	2024-07-13 22:52:25.294000+08:00	2024-07-13 22:52:25.294000+08:00	{'东门北侧': {'A': [1, 1, 1, 1, 1, 0, 1, 1, 1, 1], 'B': [1, 1, 1, 1, 1, 1, 1, 1, 1, 1], 'C': [0, 1, 0, 1, 0, 1, 1, 0, 1, 0], 'D': [1, 0, 1, 1, 1, 1, 0, 1, 1, 1], 'E': [1, 0, 1, 1, 1, 0, 1, 1, 1, 1], 'F': [1, 1, 1, 1, 1, 1, 1, 1, 1, 1], 'G': [1, 1, 1, 1, 1, 0, 1, 1, 0, 1], 'H': [1, 1, 1, 1, 1, 0, 0, 1, 0, 1], 'I': [0, 1, 0, 1, 1, 1, 1, 1, 1, 1], 'J': [1, 1, 1, 1, 0, 0, 1, 1, 1, 0], 'K': [0, 1, 1, 0, 1, 1, 1, 1, 1, 0]}, '东门南侧': {'A': [0, 0, 1, 1, 0, 0, 0, 0, 0, 0], 'B': [0, 0, 0, 0, 0, 0, 0, 0, 0, 0]}, '西门北侧': {'A': [1, 1, 0, 1, 1, 1, 0, 1, 1, 1], 'B': [1, 1, 1, 1, 0, 1, 1, 1, 1, 0], 'C': [1, 1, 1, 1, 0, 1, 1, 0, 0, 1]}, '西门南侧': {'A': [0, 1, 1, 1, 1, 0, 1, 0, 1, 1], 'B': [1, 1, 1, 1, 1, 1, 1, 1, 0, 1], 'C': [1, 0, 0, 1, 0, 0, 1, 1, 1, 1]}, '南门西侧': {'A': [1, 1, 1, 1, 1, 1, 1, 1, 1, 1], 'B': [1, 0, 0, 1, 0, 1, 0, 1, 1, 0]}, '南门东侧': {'A': [1, 1, 0, 1, 0, 1, 1, 1, 1, 1], 'B': [1, 1, 1, 1, 1, 1, 1, 1, 1, 1]}, '北门东北侧': {'A': [1, 1, 1, 1, 1, 1, 1, 1, 1, 1], 'B': [0, 1, 0, 1, 1, 0, 0, 1, 0, 0], 'C': [1, 1, 0, 1, 0, 0, 0, 1, 1, 0], 'D': [1, 0, 0, 0, 0, 0, 0, 0, 0, 0]}, '北门东南侧': {'A': [1, 1, 1, 0, 1, 0, 1, 1, 0, 1], 'B': [0, 1, 0, 1, 1, 0, 0, 1, 0, 1], 'C': [1, 0, 1, 0, 0, 0, 0, 0, 0, 1], 'D': [0, 0, 0, 0, 0, 1, 1, 0, 0, 1], 'E': [1, 0, 0, 1, 0, 0, 1, 0, 0, 1], 'F': [1, 1, 1, 1, 0, 1, 1, 0, 1, 1]}, '橘园北侧南': {'A': [0, 1, 1, 1, 0, 0, 0, 1, 0, 1], 'B': [1, 1, 0, 1, 1, 0, 0, 0, 1, 1], 'C': [1, 0, 0, 1, 1, 1, 0, 0, 0, 0], 'D': [1, 0, 1, 1, 1, 0, 0, 0, 0, 0], 'E': [0, 0, 1, 0, 1, 0, 1, 1, 0, 0], 'F': [0, 0, 0, 0, 1, 0, 0, 0, 0, 0], 'G': [0, 1, 0, 0, 0, 0, 1, 0, 0, 0], 'H': [1, 0, 0, 0, 1, 1, 0, 0, 0, 0], 'I': [0, 0, 0, 0, 0, 0, 0, 1, 0, 0], 'J': [0, 0, 0, 0, 0, 0, 0, 0, 0, 0]}, '校医院西': {'A': [0, 1, 0, 1, 1, 1, 1, 1, 1, 0], 'B': [1, 0, 1, 0, 0, 0, 0, 1, 1, 1], 'C': [0, 1, 1, 1, 1, 1, 1, 1, 1, 1], 'D': [1, 1, 1, 1, 1, 0, 1, 1, 1, 1], 'E': [1, 1, 0, 1, 1, 1, 1, 1, 1, 1], 'F': [1, 1, 1, 1, 1, 0, 1, 1, 0, 1], 'G': [1, 0, 0, 0, 0, 1, 0, 1, 1, 1], 'H': [0, 0, 0, 0, 0, 0, 1, 0, 0, 0], 'I': [0, 0, 0, 0, 0, 0, 0, 0, 0, 0]}}
624327	2024-07-13 22:53:19.825000+08:00	2024-07-13 22:53:19.825000+08:00	{'东门北侧': {'A': [1, 1, 1, 1, 1, 0, 1, 1, 1, 1], 'B': [1, 1, 1, 1, 1, 1, 1, 1, 1, 1], 'C': [0, 1, 0, 1, 0, 1, 1, 0, 1, 0], 'D': [1, 0, 1, 1, 1, 1, 0, 1, 1, 1], 'E': [1, 0, 1, 1, 1, 0, 1, 1, 1, 1], 'F': [1, 1, 1, 1, 1, 1, 1, 1, 1, 1], 'G': [1, 1, 1, 1, 1, 0, 1, 1, 0, 1], 'H': [1, 1, 1, 1, 1, 0, 0, 1, 0, 1], 'I': [0, 1, 0, 1, 1, 1, 1, 1, 1, 1], 'J': [1, 1, 1, 1, 0, 0, 1, 1, 1, 0], 'K': [0, 1, 1, 0, 1, 1, 1, 1, 1, 0]}, '东门南侧': {'A': [0, 0, 1, 1, 0, 0, 0, 0, 0, 0], 'B': [0, 0, 0, 0, 0, 0, 0, 0, 0, 0]}, '西门北侧': {'A': [1, 1, 0, 1, 1, 1, 0, 1, 1, 1], 'B': [1, 1, 1, 1, 0, 1, 1, 1, 1, 0], 'C': [1, 1, 1, 1, 0, 1, 1, 0, 0, 1]}, '西门南侧': {'A': [0, 1, 1, 1, 1, 0, 1, 0, 1, 1], 'B': [1, 1, 1, 1, 1, 1, 1, 1, 0, 1], 'C': [1, 0, 0, 1, 0, 0, 1, 1, 1, 1]}, '南门西侧': {'A': [1, 1, 1, 1, 1, 1, 1, 1, 1, 1], 'B': [1, 0, 0, 1, 0, 1, 0, 1, 1, 0]}, '南门东侧': {'A': [1, 1, 0, 1, 0, 1, 1, 1, 1, 1], 'B': [1, 1, 1, 1, 1, 1, 1, 1, 1, 1]}, '北门东北侧': {'A': [1, 1, 1, 1, 1, 1, 1, 1, 1, 1], 'B': [0, 1, 0, 1, 1, 0, 0, 1, 0, 0], 'C': [1, 1, 0, 1, 0, 0, 0, 1, 1, 0], 'D': [1, 0, 0, 0, 0, 0, 0, 0, 0, 0]}, '北门东南侧': {'A': [1, 1, 1, 0, 1, 0, 1, 1, 0, 1], 'B': [0, 1, 0, 1, 1, 0, 0, 1, 0, 1], 'C': [1, 0, 1, 0, 0, 0, 0, 0, 0, 1], 'D': [0, 0, 0, 0, 0, 1, 1, 0, 0, 1], 'E': [1, 0, 0, 1, 0, 0, 1, 0, 0, 1], 'F': [1, 1, 1, 1, 0, 1, 1, 0, 1, 1]}, '橘园北侧南': {'A': [0, 1, 1, 1, 0, 1, 1, 1, 0, 1], 'B': [1, 1, 0, 1, 1, 0, 0, 0, 1, 1], 'C': [1, 0, 0, 1, 1, 1, 0, 0, 0, 0], 'D': [1, 0, 1, 1, 1, 0, 0, 0, 0, 0], 'E': [0, 0, 1, 0, 1, 0, 1, 1, 0, 0], 'F': [0, 0, 0, 0, 1, 0, 0, 0, 0, 0], 'G': [0, 1, 0, 0, 0, 0, 1, 0, 0, 0], 'H': [1, 0, 0, 0, 1, 1, 0, 0, 0, 0], 'I': [0, 0, 0, 0, 0, 0, 0, 0, 0, 0], 'J': [0, 0, 0, 0, 0, 0, 0, 0, 0, 0]}, '校医院西': {'A': [0, 1, 0, 1, 1, 1, 1, 1, 1, 0], 'B': [1, 0, 1, 0, 0, 0, 0, 1, 1, 1], 'C': [0, 1, 1, 1, 1, 1, 1, 1, 1, 1], 'D': [1, 1, 1, 1, 1, 0, 1, 1, 1, 1], 'E': [1, 1, 0, 1, 1, 1, 1, 1, 1, 1], 'F': [1, 1, 1, 1, 1, 0, 1, 1, 0, 1], 'G': [1, 0, 0, 0, 0, 1, 0, 1, 1, 1], 'H': [0, 0, 0, 0, 0, 0, 1, 0, 0, 0], 'I': [0, 0, 0, 0, 0, 0, 0, 0, 0, 0]}}
624328	2024-07-13 22:54:22.859000+08:00	2024-07-13 22:54:22.859000+08:00	{'东门北侧': {'A': [1, 1, 1, 1, 1, 0, 1, 1, 1, 1], 'B': [1, 1, 1, 1, 1, 1, 1, 1, 1, 1], 'C': [0, 1, 0, 1, 0, 1, 1, 0, 1, 0], 'D': [1, 0, 1, 1, 1, 1, 0, 1, 1, 1], 'E': [1, 0, 1, 1, 1, 0, 1, 1, 1, 1], 'F': [1, 1, 1, 1, 1, 1, 1, 1, 1, 1], 'G': [1, 1, 1, 1, 1, 0, 1, 1, 0, 1], 'H': [1, 1, 1, 1, 1, 0, 0, 1, 0, 1], 'I': [0, 1, 0, 1, 1, 1, 1, 1, 1, 1], 'J': [1, 1, 1, 1, 0, 0, 1, 1, 1, 0], 'K': [0, 1, 1, 0, 1, 1, 1, 1, 1, 0]}, '东门南侧': {'A': [0, 0, 1, 1, 0, 0, 0, 0, 0, 0], 'B': [0, 0, 0, 0, 0, 0, 0, 0, 0, 0]}, '西门北侧': {'A': [1, 1, 0, 1, 1, 1, 0, 1, 1, 1], 'B': [1, 1, 1, 1, 0, 1, 1, 1, 1, 0], 'C': [1, 1, 1, 1, 0, 1, 1, 0, 0, 1]}, '西门南侧': {'A': [0, 1, 1, 1, 1, 0, 1, 0, 1, 1], 'B': [1, 1, 1, 1, 1, 1, 1, 1, 0, 1], 'C': [1, 0, 0, 1, 0, 0, 1, 1, 1, 1]}, '南门西侧': {'A': [1, 1, 1, 1, 1, 1, 1, 1, 1, 1], 'B': [1, 0, 0, 1, 0, 1, 0, 1, 1, 0]}, '南门东侧': {'A': [1, 1, 0, 1, 0, 1, 1, 1, 1, 1], 'B': [1, 1, 1, 1, 1, 1, 1, 1, 1, 1]}, '北门东北侧': {'A': [1, 1, 1, 1, 1, 1, 1, 1, 1, 1], 'B': [0, 1, 0, 1, 1, 0, 0, 1, 0, 0], 'C': [1, 1, 0, 1, 0, 0, 0, 1, 1, 0], 'D': [1, 0, 0, 0, 0, 0, 0, 0, 0, 0]}, '北门东南侧': {'A': [1, 1, 1, 0, 1, 0, 1, 1, 0, 1], 'B': [0, 1, 0, 1, 1, 0, 0, 1, 0, 1], 'C': [1, 0, 1, 0, 0, 0, 0, 0, 0, 1], 'D': [0, 0, 0, 0, 0, 1, 1, 0, 0, 1], 'E': [1, 0, 0, 1, 0, 0, 1, 0, 0, 1], 'F': [1, 1, 1, 1, 0, 1, 1, 0, 1, 1]}, '橘园北侧南': {'A': [0, 1, 1, 1, 0, 1, 1, 1, 0, 1], 'B': [1, 1, 0, 1, 1, 0, 0, 0, 1, 1], 'C': [1, 0, 0, 1, 1, 1, 0, 0, 0, 0], 'D': [1, 0, 1, 1, 1, 0, 0, 0, 0, 0], 'E': [0, 0, 1, 0, 1, 0, 1, 1, 0, 0], 'F': [0, 0, 0, 0, 1, 0, 0, 0, 0, 0], 'G': [0, 1, 0, 0, 0, 0, 1, 0, 0, 0], 'H': [1, 0, 0, 0, 1, 1, 0, 0, 0, 0], 'I': [0, 0, 0, 0, 0, 0, 0, 0, 0, 0], 'J': [0, 0, 0, 0, 0, 0, 0, 0, 0, 0]}, '校医院西': {'A': [0, 1, 0, 1, 1, 1, 1, 1, 0, 0], 'B': [1, 0, 1, 0, 0, 0, 0, 1, 1, 1], 'C': [0, 1, 1, 1, 1, 1, 1, 1, 1, 1], 'D': [1, 1, 1, 1, 1, 0, 1, 1, 1, 1], 'E': [1, 1, 0, 1, 1, 1, 1, 1, 1, 1], 'F': [1, 1, 1, 1, 1, 0, 1, 1, 0, 1], 'G': [1, 0, 0, 0, 0, 1, 0, 1, 1, 1], 'H': [0, 0, 0, 0, 0, 0, 1, 0, 0, 0], 'I': [0, 0, 0, 0, 0, 0, 0, 0, 0, 0]}}
624329	2024-07-13 22:55:25.965000+08:00	2024-07-13 22:55:25.965000+08:00	{'东门北侧': {'A': [1, 1, 1, 1, 1, 0, 1, 1, 1, 1], 'B': [1, 1, 1, 1, 1, 1, 1, 1, 1, 1], 'C': [0, 1, 0, 1, 0, 1, 1, 0, 1, 0], 'D': [1, 0, 1, 1, 1, 1, 0, 1, 1, 1], 'E': [1, 0, 1, 1, 1, 0, 1, 1, 1, 1], 'F': [1, 1, 1, 1, 1, 1, 1, 1, 1, 1], 'G': [1, 1, 1, 1, 1, 0, 1, 1, 0, 1], 'H': [1, 1, 1, 1, 1, 0, 0, 1, 0, 1], 'I': [0, 1, 0, 1, 1, 1, 1, 1, 1, 1], 'J': [1, 1, 1, 1, 0, 0, 1, 1, 1, 0], 'K': [0, 1, 1, 0, 1, 1, 1, 1, 1, 0]}, '东门南侧': {'A': [0, 0, 1, 1, 0, 0, 0, 0, 0, 0], 'B': [0, 0, 0, 0, 0, 0, 0, 0, 0, 0]}, '西门北侧': {'A': [1, 1, 0, 1, 1, 1, 0, 1, 1, 1], 'B': [1, 1, 1, 1, 0, 1, 1, 1, 1, 0], 'C': [1, 1, 1, 1, 0, 1, 1, 0, 0, 1]}, '西门南侧': {'A': [0, 1, 1, 1, 1, 0, 1, 0, 1, 1], 'B': [1, 1, 1, 1, 1, 1, 1, 1, 0, 1], 'C': [1, 0, 0, 1, 0, 0, 1, 1, 1, 1]}, '南门西侧': {'A': [1, 1, 1, 1, 1, 1, 1, 1, 1, 1], 'B': [1, 0, 0, 1, 0, 1, 0, 1, 1, 0]}, '南门东侧': {'A': [1, 1, 0, 1, 0, 1, 1, 1, 1, 1], 'B': [1, 1, 1, 1, 1, 1, 1, 1, 1, 1]}, '北门东北侧': {'A': [1, 1, 1, 1, 1, 1, 1, 1, 1, 1], 'B': [0, 1, 0, 1, 1, 0, 0, 1, 0, 0], 'C': [1, 1, 0, 1, 0, 0, 0, 1, 1, 0], 'D': [1, 0, 0, 0, 0, 0, 0, 0, 0, 0]}, '北门东南侧': {'A': [1, 1, 1, 0, 1, 0, 1, 1, 0, 1], 'B': [0, 1, 0, 1, 1, 0, 0, 1, 0, 1], 'C': [1, 0, 1, 0, 0, 0, 0, 0, 0, 1], 'D': [0, 0, 0, 0, 0, 1, 1, 0, 0, 1], 'E': [1, 0, 0, 1, 0, 1, 1, 0, 0, 1], 'F': [1, 1, 1, 1, 0, 1, 1, 0, 1, 1]}, '橘园北侧南': {'A': [0, 1, 1, 1, 0, 1, 1, 1, 0, 1], 'B': [1, 1, 0, 1, 1, 0, 0, 0, 1, 1], 'C': [1, 0, 0, 1, 1, 1, 0, 0, 0, 0], 'D': [1, 0, 1, 1, 1, 0, 0, 0, 0, 0], 'E': [0, 0, 1, 0, 1, 0, 1, 1, 0, 0], 'F': [0, 0, 0, 0, 1, 0, 0, 0, 0, 0], 'G': [0, 1, 0, 0, 0, 0, 1, 0, 0, 0], 'H': [1, 0, 0, 0, 1, 1, 0, 0, 0, 0], 'I': [0, 0, 0, 0, 0, 0, 0, 0, 0, 0], 'J': [0, 0, 0, 1, 0, 0, 0, 0, 0, 0]}, '校医院西': {'A': [0, 1, 0, 1, 1, 1, 1, 1, 0, 0], 'B': [1, 0, 1, 0, 0, 0, 0, 1, 1, 1], 'C': [0, 1, 1, 1, 1, 1, 1, 1, 1, 1], 'D': [1, 1, 1, 1, 1, 0, 1, 1, 1, 1], 'E': [1, 1, 0, 1, 1, 1, 1, 1, 1, 1], 'F': [1, 1, 1, 1, 1, 0, 1, 1, 0, 1], 'G': [1, 0, 0, 0, 0, 1, 0, 1, 1, 1], 'H': [0, 0, 0, 0, 0, 0, 1, 0, 0, 0], 'I': [0, 0, 0, 0, 0, 0, 0, 0, 0, 0]}}
624330	2024-07-13 22:56:19.639000+08:00	2024-07-13 22:56:19.639000+08:00	{'东门北侧': {'A': [1, 1, 1, 1, 1, 0, 1, 1, 1, 1], 'B': [1, 1, 1, 1, 1, 1, 1, 1, 1, 1], 'C': [0, 1, 0, 1, 0, 1, 1, 0, 1, 0], 'D': [1, 0, 1, 1, 1, 1, 0, 1, 1, 1], 'E': [1, 0, 1, 1, 1, 0, 1, 1, 1, 1], 'F': [1, 1, 1, 1, 1, 1, 1, 1, 1, 1], 'G': [1, 1, 1, 1, 1, 0, 1, 1, 0, 1], 'H': [1, 1, 1, 1, 1, 0, 0, 1, 0, 1], 'I': [0, 1, 0, 1, 1, 1, 1, 1, 1, 1], 'J': [1, 1, 1, 1, 0, 0, 1, 1, 1, 0], 'K': [0, 1, 1, 0, 1, 1, 1, 1, 1, 0]}, '东门南侧': {'A': [0, 0, 1, 1, 0, 0, 0, 0, 0, 0], 'B': [0, 0, 0, 0, 0, 0, 0, 0, 0, 0]}, '西门北侧': {'A': [1, 1, 0, 1, 1, 1, 0, 1, 1, 1], 'B': [1, 1, 1, 1, 0, 1, 1, 1, 1, 0], 'C': [1, 1, 1, 1, 0, 1, 1, 0, 0, 1]}, '西门南侧': {'A': [0, 1, 1, 1, 1, 1, 1, 0, 1, 1], 'B': [1, 1, 1, 1, 1, 1, 1, 1, 0, 1], 'C': [1, 0, 0, 1, 0, 0, 1, 1, 1, 1]}, '南门西侧': {'A': [1, 1, 1, 1, 1, 1, 1, 1, 1, 1], 'B': [1, 0, 0, 1, 0, 1, 0, 1, 1, 0]}, '南门东侧': {'A': [1, 1, 0, 1, 0, 1, 1, 1, 1, 1], 'B': [1, 1, 1, 1, 1, 1, 1, 1, 1, 1]}, '北门东北侧': {'A': [1, 1, 1, 1, 1, 1, 1, 1, 1, 1], 'B': [0, 1, 0, 1, 1, 0, 0, 1, 0, 0], 'C': [1, 1, 0, 1, 0, 0, 0, 1, 1, 0], 'D': [1, 0, 0, 0, 0, 0, 0, 0, 0, 0]}, '北门东南侧': {'A': [1, 1, 1, 0, 1, 0, 1, 1, 0, 1], 'B': [0, 1, 0, 1, 1, 0, 0, 1, 0, 1], 'C': [1, 0, 1, 0, 0, 0, 0, 0, 0, 1], 'D': [0, 0, 0, 0, 0, 1, 1, 0, 0, 1], 'E': [1, 0, 0, 1, 0, 1, 1, 0, 0, 1], 'F': [1, 1, 1, 1, 0, 1, 1, 1, 1, 1]}, '橘园北侧南': {'A': [0, 1, 1, 1, 0, 1, 1, 1, 0, 1], 'B': [1, 1, 0, 1, 1, 0, 0, 0, 1, 1], 'C': [1, 0, 0, 1, 1, 1, 0, 0, 0, 0], 'D': [1, 0, 1, 1, 1, 0, 0, 0, 0, 0], 'E': [0, 0, 1, 0, 1, 0, 1, 1, 0, 0], 'F': [0, 0, 0, 0, 1, 0, 0, 0, 0, 0], 'G': [0, 1, 0, 0, 0, 0, 1, 0, 0, 0], 'H': [1, 0, 0, 0, 1, 1, 0, 0, 0, 0], 'I': [0, 0, 0, 0, 0, 0, 0, 0, 0, 0], 'J': [0, 0, 0, 1, 0, 0, 0, 0, 0, 0]}, '校医院西': {'A': [0, 1, 0, 1, 1, 1, 1, 1, 0, 0], 'B': [1, 0, 1, 0, 0, 0, 0, 1, 1, 1], 'C': [0, 1, 1, 1, 1, 1, 1, 1, 1, 1], 'D': [1, 1, 1, 1, 1, 0, 1, 1, 1, 1], 'E': [1, 1, 0, 1, 1, 1, 1, 1, 1, 1], 'F': [1, 1, 1, 1, 1, 0, 1, 1, 0, 1], 'G': [1, 0, 0, 0, 0, 1, 0, 1, 1, 1], 'H': [0, 0, 0, 0, 0, 0, 1, 0, 0, 0], 'I': [0, 0, 0, 0, 0, 0, 0, 0, 0, 0]}}
624331	2024-07-13 22:57:20.229000+08:00	2024-07-13 22:57:20.229000+08:00	{'东门北侧': {'A': [1, 1, 1, 1, 1, 0, 1, 1, 1, 1], 'B': [1, 1, 1, 1, 1, 1, 1, 1, 1, 1], 'C': [0, 1, 0, 1, 0, 1, 1, 0, 1, 0], 'D': [1, 0, 1, 1, 1, 1, 0, 1, 1, 1], 'E': [1, 0, 1, 1, 1, 0, 1, 1, 1, 1], 'F': [1, 1, 1, 1, 1, 1, 1, 1, 1, 1], 'G': [1, 1, 1, 1, 1, 0, 1, 1, 0, 1], 'H': [1, 1, 1, 1, 1, 0, 0, 1, 0, 1], 'I': [0, 1, 0, 1, 1, 1, 1, 1, 1, 1], 'J': [1, 1, 1, 1, 0, 0, 1, 1, 1, 0], 'K': [0, 1, 1, 0, 1, 1, 1, 1, 1, 0]}, '东门南侧': {'A': [0, 0, 1, 1, 0, 0, 0, 0, 0, 0], 'B': [0, 0, 0, 0, 0, 0, 0, 0, 0, 0]}, '西门北侧': {'A': [1, 1, 0, 1, 1, 1, 0, 1, 1, 1], 'B': [1, 1, 1, 1, 0, 1, 1, 1, 1, 0], 'C': [1, 1, 1, 1, 0, 1, 1, 0, 0, 1]}, '西门南侧': {'A': [0, 1, 1, 1, 1, 1, 1, 0, 1, 1], 'B': [1, 1, 1, 1, 1, 1, 1, 1, 0, 1], 'C': [1, 0, 0, 1, 0, 0, 1, 1, 1, 1]}, '南门西侧': {'A': [1, 1, 1, 1, 1, 1, 1, 1, 1, 1], 'B': [1, 0, 0, 1, 0, 1, 0, 1, 1, 0]}, '南门东侧': {'A': [1, 1, 0, 1, 0, 1, 1, 1, 1, 1], 'B': [1, 1, 1, 1, 1, 1, 1, 1, 1, 1]}, '北门东北侧': {'A': [1, 1, 1, 1, 1, 1, 1, 1, 1, 1], 'B': [0, 1, 0, 1, 1, 0, 0, 1, 0, 0], 'C': [1, 1, 0, 1, 0, 0, 0, 1, 1, 0], 'D': [1, 0, 0, 0, 0, 0, 0, 0, 0, 0]}, '北门东南侧': {'A': [1, 1, 1, 0, 1, 0, 1, 1, 0, 1], 'B': [0, 1, 0, 1, 1, 0, 0, 1, 0, 1], 'C': [1, 0, 1, 0, 0, 0, 0, 0, 0, 1], 'D': [0, 0, 0, 0, 0, 1, 1, 0, 0, 1], 'E': [1, 0, 0, 1, 0, 1, 1, 0, 0, 1], 'F': [1, 1, 1, 1, 0, 1, 1, 1, 1, 1]}, '橘园北侧南': {'A': [0, 1, 1, 1, 0, 1, 1, 1, 0, 1], 'B': [1, 0, 0, 1, 1, 0, 0, 0, 1, 1], 'C': [1, 0, 0, 1, 1, 1, 0, 0, 0, 0], 'D': [1, 0, 1, 1, 1, 0, 0, 0, 0, 0], 'E': [0, 0, 1, 0, 1, 0, 1, 1, 0, 0], 'F': [0, 0, 0, 0, 1, 0, 0, 0, 0, 0], 'G': [0, 1, 0, 0, 0, 0, 1, 0, 0, 0], 'H': [1, 0, 0, 0, 1, 1, 0, 0, 0, 0], 'I': [0, 0, 0, 0, 0, 0, 0, 0, 0, 0], 'J': [0, 0, 0, 1, 0, 0, 0, 0, 0, 0]}, '校医院西': {'A': [0, 1, 0, 1, 1, 1, 1, 1, 0, 0], 'B': [1, 0, 1, 0, 0, 0, 0, 1, 1, 1], 'C': [0, 1, 1, 1, 1, 1, 1, 1, 1, 1], 'D': [1, 1, 1, 1, 1, 0, 1, 1, 1, 1], 'E': [1, 1, 0, 1, 1, 1, 1, 1, 1, 1], 'F': [1, 1, 1, 1, 1, 0, 1, 1, 0, 1], 'G': [1, 0, 0, 0, 0, 1, 0, 1, 1, 1], 'H': [0, 0, 0, 0, 0, 0, 1, 0, 0, 0], 'I': [0, 0, 0, 0, 0, 0, 0, 0, 0, 0]}}
624332	2024-07-13 22:58:21.919000+08:00	2024-07-13 22:58:21.919000+08:00	{'东门北侧': {'A': [1, 1, 1, 1, 1, 0, 1, 1, 1, 1], 'B': [1, 1, 1, 1, 1, 1, 1, 1, 1, 1], 'C': [0, 1, 0, 1, 0, 1, 1, 0, 1, 0], 'D': [1, 0, 1, 1, 1, 1, 0, 1, 1, 1], 'E': [1, 0, 1, 1, 1, 0, 1, 1, 1, 1], 'F': [1, 1, 1, 1, 1, 1, 1, 1, 1, 1], 'G': [1, 1, 1, 1, 1, 0, 1, 1, 0, 1], 'H': [1, 1, 1, 1, 1, 0, 0, 1, 0, 1], 'I': [0, 1, 0, 1, 1, 1, 1, 1, 1, 1], 'J': [1, 1, 1, 1, 0, 0, 1, 1, 1, 0], 'K': [0, 1, 1, 0, 1, 1, 1, 1, 1, 0]}, '东门南侧': {'A': [0, 0, 1, 1, 0, 0, 0, 0, 0, 0], 'B': [0, 0, 0, 0, 0, 0, 0, 0, 0, 0]}, '西门北侧': {'A': [1, 1, 0, 1, 1, 1, 0, 1, 1, 1], 'B': [1, 1, 1, 1, 0, 1, 1, 1, 1, 0], 'C': [1, 1, 1, 1, 0, 1, 1, 0, 0, 1]}, '西门南侧': {'A': [0, 1, 1, 1, 1, 1, 1, 0, 1, 1], 'B': [1, 1, 1, 1, 1, 1, 1, 1, 0, 1], 'C': [1, 0, 0, 1, 0, 0, 1, 1, 1, 1]}, '南门西侧': {'A': [1, 1, 1, 1, 1, 1, 1, 1, 1, 1], 'B': [1, 0, 0, 1, 1, 1, 0, 1, 1, 0]}, '南门东侧': {'A': [1, 1, 0, 1, 0, 1, 1, 1, 1, 1], 'B': [1, 1, 1, 1, 1, 1, 1, 1, 1, 1]}, '北门东北侧': {'A': [1, 1, 1, 1, 1, 1, 1, 1, 1, 1], 'B': [0, 1, 0, 1, 1, 0, 0, 1, 0, 0], 'C': [1, 1, 0, 1, 0, 0, 0, 1, 1, 0], 'D': [1, 0, 0, 0, 0, 0, 0, 0, 0, 0]}, '北门东南侧': {'A': [1, 1, 1, 0, 1, 0, 1, 1, 0, 1], 'B': [0, 1, 0, 1, 1, 0, 0, 1, 0, 0], 'C': [1, 0, 1, 0, 0, 0, 0, 0, 0, 1], 'D': [0, 0, 0, 0, 0, 1, 1, 0, 0, 1], 'E': [1, 0, 0, 1, 0, 1, 1, 0, 0, 1], 'F': [1, 1, 1, 1, 0, 1, 1, 1, 1, 1]}, '橘园北侧南': {'A': [0, 1, 1, 1, 0, 1, 1, 1, 0, 1], 'B': [1, 0, 0, 1, 1, 0, 0, 0, 1, 1], 'C': [1, 0, 0, 1, 1, 1, 0, 0, 0, 0], 'D': [1, 0, 1, 1, 1, 0, 0, 0, 0, 0], 'E': [0, 0, 1, 0, 1, 0, 1, 1, 0, 0], 'F': [0, 0, 0, 0, 1, 0, 0, 0, 0, 0], 'G': [0, 1, 0, 0, 0, 0, 1, 0, 0, 0], 'H': [1, 0, 0, 0, 1, 1, 0, 0, 0, 0], 'I': [0, 0, 0, 0, 0, 0, 0, 0, 0, 0], 'J': [0, 0, 0, 1, 0, 0, 0, 0, 0, 0]}, '校医院西': {'A': [0, 1, 0, 1, 1, 1, 1, 1, 0, 0], 'B': [1, 0, 1, 0, 0, 0, 0, 1, 1, 1], 'C': [0, 1, 1, 1, 1, 1, 1, 1, 1, 1], 'D': [1, 1, 1, 1, 1, 0, 1, 1, 1, 1], 'E': [1, 1, 0, 1, 1, 1, 1, 1, 1, 1], 'F': [1, 1, 1, 1, 1, 0, 1, 1, 0, 1], 'G': [1, 0, 0, 0, 0, 1, 0, 1, 1, 1], 'H': [0, 0, 0, 0, 0, 0, 1, 0, 0, 0], 'I': [0, 0, 0, 0, 0, 0, 0, 0, 0, 0]}}
624333	2024-07-13 22:59:19.839000+08:00	2024-07-13 22:59:19.839000+08:00	{'东门北侧': {'A': [1, 1, 1, 1, 1, 0, 1, 1, 1, 1], 'B': [1, 1, 1, 1, 1, 1, 1, 1, 1, 1], 'C': [0, 1, 0, 1, 0, 1, 1, 0, 1, 0], 'D': [1, 0, 1, 1, 1, 1, 0, 1, 1, 1], 'E': [1, 0, 1, 1, 1, 0, 1, 1, 1, 1], 'F': [1, 1, 1, 1, 1, 1, 1, 1, 1, 1], 'G': [1, 1, 1, 1, 1, 0, 1, 1, 0, 1], 'H': [1, 1, 1, 1, 1, 0, 0, 1, 0, 1], 'I': [0, 1, 0, 1, 1, 1, 1, 1, 1, 1], 'J': [1, 1, 1, 1, 0, 0, 1, 1, 1, 0], 'K': [0, 1, 1, 0, 1, 1, 1, 1, 1, 0]}, '东门南侧': {'A': [0, 0, 1, 1, 0, 0, 0, 0, 0, 0], 'B': [0, 0, 0, 0, 0, 0, 0, 0, 0, 0]}, '西门北侧': {'A': [1, 1, 0, 1, 1, 1, 0, 1, 1, 1], 'B': [1, 1, 1, 1, 0, 1, 1, 1, 1, 0], 'C': [1, 1, 1, 1, 0, 1, 1, 0, 0, 1]}, '西门南侧': {'A': [0, 1, 1, 1, 1, 1, 1, 0, 1, 1], 'B': [1, 1, 1, 1, 1, 1, 1, 1, 0, 1], 'C': [1, 0, 0, 1, 0, 0, 1, 1, 1, 1]}, '南门西侧': {'A': [1, 1, 1, 1, 1, 1, 1, 1, 1, 1], 'B': [1, 0, 0, 1, 1, 1, 0, 1, 1, 0]}, '南门东侧': {'A': [1, 1, 0, 1, 0, 1, 1, 1, 1, 1], 'B': [1, 1, 1, 1, 1, 1, 1, 1, 1, 1]}, '北门东北侧': {'A': [1, 1, 1, 1, 1, 1, 1, 1, 1, 1], 'B': [0, 1, 0, 1, 1, 0, 0, 1, 0, 0], 'C': [1, 1, 0, 1, 0, 0, 0, 1, 1, 0], 'D': [1, 0, 0, 0, 0, 0, 0, 0, 0, 0]}, '北门东南侧': {'A': [1, 1, 1, 0, 1, 0, 1, 1, 0, 1], 'B': [0, 1, 0, 1, 1, 0, 0, 1, 0, 0], 'C': [1, 0, 1, 0, 0, 0, 0, 0, 0, 1], 'D': [0, 1, 0, 0, 0, 1, 1, 0, 0, 1], 'E': [1, 0, 0, 1, 0, 1, 1, 0, 0, 1], 'F': [1, 1, 1, 1, 0, 1, 1, 1, 1, 1]}, '橘园北侧南': {'A': [0, 1, 1, 1, 0, 1, 1, 1, 0, 1], 'B': [1, 0, 0, 1, 1, 0, 0, 0, 1, 1], 'C': [1, 0, 0, 1, 1, 1, 0, 0, 0, 0], 'D': [1, 0, 1, 1, 1, 0, 0, 0, 0, 0], 'E': [0, 0, 1, 0, 1, 0, 1, 1, 0, 0], 'F': [0, 0, 0, 0, 1, 0, 0, 0, 0, 0], 'G': [0, 1, 0, 0, 0, 0, 1, 0, 0, 0], 'H': [1, 0, 0, 0, 1, 1, 0, 0, 0, 0], 'I': [0, 0, 0, 0, 0, 0, 0, 0, 0, 0], 'J': [0, 0, 0, 1, 0, 0, 0, 0, 0, 0]}, '校医院西': {'A': [0, 1, 0, 1, 1, 1, 1, 1, 0, 0], 'B': [1, 0, 1, 0, 0, 0, 0, 1, 1, 1], 'C': [0, 1, 1, 1, 1, 1, 1, 1, 1, 1], 'D': [1, 1, 1, 1, 1, 0, 1, 1, 1, 1], 'E': [1, 1, 0, 1, 1, 1, 1, 1, 1, 1], 'F': [1, 1, 1, 1, 1, 0, 1, 1, 0, 1], 'G': [1, 0, 0, 0, 0, 1, 0, 1, 1, 1], 'H': [0, 0, 0, 0, 0, 0, 1, 0, 0, 0], 'I': [0, 0, 0, 0, 0, 0, 0, 0, 0, 0]}}
624334	2024-07-13 23:00:20.416000+08:00	2024-07-13 23:00:20.416000+08:00	{'东门北侧': {'A': [1, 1, 1, 1, 1, 0, 1, 1, 1, 1], 'B': [1, 1, 1, 1, 1, 1, 1, 1, 1, 1], 'C': [0, 1, 0, 1, 0, 1, 1, 0, 1, 0], 'D': [1, 0, 1, 1, 1, 1, 0, 1, 1, 1], 'E': [1, 0, 1, 1, 1, 0, 1, 1, 1, 1], 'F': [1, 1, 1, 1, 1, 1, 1, 1, 1, 1], 'G': [1, 1, 1, 1, 1, 0, 1, 1, 0, 1], 'H': [1, 1, 1, 1, 1, 0, 0, 1, 0, 1], 'I': [0, 1, 0, 1, 1, 1, 1, 1, 1, 1], 'J': [1, 1, 1, 1, 0, 0, 1, 1, 1, 0], 'K': [0, 1, 1, 0, 1, 1, 1, 1, 1, 0]}, '东门南侧': {'A': [0, 0, 1, 1, 0, 0, 0, 0, 0, 0], 'B': [0, 0, 0, 0, 0, 0, 0, 0, 0, 0]}, '西门北侧': {'A': [1, 1, 0, 1, 1, 1, 0, 1, 1, 1], 'B': [1, 1, 1, 1, 0, 1, 1, 1, 1, 0], 'C': [1, 1, 1, 1, 0, 1, 1, 0, 0, 1]}, '西门南侧': {'A': [0, 1, 1, 1, 1, 1, 1, 0, 1, 1], 'B': [1, 1, 1, 1, 1, 1, 1, 1, 0, 1], 'C': [1, 0, 0, 1, 0, 0, 1, 1, 1, 1]}, '南门西侧': {'A': [1, 1, 1, 1, 1, 1, 1, 1, 1, 1], 'B': [1, 0, 0, 1, 1, 1, 0, 1, 1, 0]}, '南门东侧': {'A': [1, 1, 0, 1, 0, 1, 1, 1, 1, 1], 'B': [1, 1, 1, 1, 1, 1, 1, 1, 1, 1]}, '北门东北侧': {'A': [1, 1, 1, 1, 1, 1, 1, 1, 1, 1], 'B': [0, 1, 0, 1, 1, 0, 0, 1, 0, 0], 'C': [1, 1, 0, 1, 0, 0, 0, 1, 1, 0], 'D': [1, 0, 0, 0, 0, 0, 0, 0, 0, 0]}, '北门东南侧': {'A': [1, 1, 1, 0, 1, 0, 1, 1, 0, 1], 'B': [0, 1, 0, 1, 1, 0, 0, 1, 0, 0], 'C': [1, 0, 1, 0, 0, 0, 0, 0, 0, 1], 'D': [0, 1, 0, 0, 0, 1, 1, 0, 0, 1], 'E': [1, 0, 0, 1, 0, 1, 1, 0, 0, 1], 'F': [1, 1, 1, 1, 0, 1, 1, 1, 1, 1]}, '橘园北侧南': {'A': [0, 1, 1, 1, 0, 1, 1, 0, 0, 1], 'B': [1, 0, 0, 1, 1, 0, 0, 0, 1, 1], 'C': [1, 0, 0, 1, 1, 1, 0, 0, 0, 0], 'D': [1, 0, 1, 1, 1, 0, 0, 0, 0, 0], 'E': [0, 0, 1, 0, 1, 0, 1, 1, 0, 0], 'F': [0, 0, 0, 0, 1, 0, 0, 0, 0, 0], 'G': [0, 1, 0, 0, 0, 0, 1, 0, 0, 0], 'H': [1, 0, 0, 0, 1, 1, 0, 0, 0, 0], 'I': [0, 0, 0, 0, 0, 0, 0, 0, 0, 0], 'J': [0, 0, 0, 1, 0, 0, 0, 0, 0, 0]}, '校医院西': {'A': [0, 1, 0, 1, 1, 1, 1, 1, 0, 0], 'B': [1, 0, 1, 0, 0, 0, 0, 1, 1, 1], 'C': [0, 1, 1, 1, 1, 1, 1, 1, 1, 1], 'D': [1, 1, 1, 1, 1, 0, 1, 1, 1, 1], 'E': [1, 1, 0, 1, 1, 1, 1, 1, 1, 1], 'F': [1, 1, 1, 1, 1, 0, 1, 1, 0, 1], 'G': [1, 0, 0, 0, 0, 1, 0, 1, 1, 1], 'H': [0, 0, 0, 0, 0, 0, 1, 0, 0, 0], 'I': [0, 0, 0, 0, 0, 0, 0, 0, 0, 0]}}
624335	2024-07-13 23:01:25.060000+08:00	2024-07-13 23:01:25.060000+08:00	{'东门北侧': {'A': [1, 1, 1, 1, 1, 0, 1, 1, 1, 1], 'B': [1, 1, 1, 1, 1, 1, 1, 1, 1, 1], 'C': [0, 1, 0, 1, 0, 1, 1, 0, 1, 0], 'D': [1, 0, 1, 1, 1, 1, 0, 1, 1, 1], 'E': [1, 0, 1, 1, 1, 0, 1, 1, 1, 1], 'F': [1, 1, 1, 1, 1, 1, 1, 1, 1, 1], 'G': [1, 1, 1, 1, 1, 0, 1, 1, 0, 1], 'H': [1, 1, 1, 1, 1, 0, 0, 1, 0, 1], 'I': [0, 1, 0, 1, 1, 1, 1, 1, 1, 1], 'J': [1, 1, 1, 1, 0, 0, 1, 1, 1, 0], 'K': [0, 1, 1, 0, 1, 1, 1, 1, 1, 0]}, '东门南侧': {'A': [0, 0, 1, 1, 0, 0, 0, 0, 0, 0], 'B': [0, 0, 0, 0, 0, 0, 0, 0, 0, 0]}, '西门北侧': {'A': [1, 1, 0, 1, 1, 1, 0, 1, 1, 1], 'B': [1, 1, 1, 1, 0, 1, 1, 1, 1, 0], 'C': [1, 1, 1, 1, 0, 1, 1, 0, 0, 1]}, '西门南侧': {'A': [0, 1, 1, 1, 1, 1, 1, 0, 1, 1], 'B': [1, 1, 1, 1, 1, 1, 1, 1, 0, 1], 'C': [1, 0, 0, 1, 0, 0, 1, 1, 1, 1]}, '南门西侧': {'A': [1, 1, 1, 1, 1, 1, 1, 1, 1, 1], 'B': [1, 0, 0, 1, 1, 1, 0, 1, 1, 0]}, '南门东侧': {'A': [1, 1, 0, 1, 0, 1, 1, 1, 1, 1], 'B': [1, 1, 1, 1, 1, 1, 1, 1, 1, 1]}, '北门东北侧': {'A': [1, 1, 1, 1, 1, 1, 1, 1, 1, 1], 'B': [0, 1, 0, 1, 1, 0, 0, 1, 0, 0], 'C': [1, 1, 0, 1, 0, 0, 0, 1, 1, 0], 'D': [1, 0, 0, 0, 0, 0, 0, 0, 0, 0]}, '北门东南侧': {'A': [1, 1, 1, 0, 1, 0, 1, 1, 0, 1], 'B': [0, 1, 0, 1, 1, 0, 0, 1, 0, 0], 'C': [1, 0, 1, 0, 0, 0, 0, 0, 0, 1], 'D': [0, 1, 0, 0, 0, 1, 1, 0, 0, 1], 'E': [1, 0, 0, 1, 0, 1, 1, 0, 0, 1], 'F': [1, 1, 1, 1, 0, 1, 1, 1, 1, 1]}, '橘园北侧南': {'A': [0, 1, 1, 1, 0, 1, 1, 0, 0, 1], 'B': [1, 0, 0, 1, 1, 0, 0, 0, 1, 1], 'C': [1, 0, 0, 1, 1, 1, 0, 0, 0, 0], 'D': [1, 0, 1, 1, 1, 0, 0, 0, 0, 0], 'E': [0, 0, 1, 0, 1, 0, 1, 1, 0, 0], 'F': [0, 0, 0, 0, 1, 0, 0, 0, 0, 0], 'G': [0, 1, 0, 0, 0, 0, 1, 0, 0, 0], 'H': [1, 0, 0, 0, 1, 1, 0, 0, 0, 0], 'I': [0, 0, 0, 0, 0, 0, 0, 0, 0, 0], 'J': [0, 0, 0, 1, 0, 0, 0, 0, 0, 0]}, '校医院西': {'A': [0, 1, 0, 1, 1, 1, 1, 1, 0, 0], 'B': [1, 0, 1, 0, 0, 0, 0, 1, 1, 1], 'C': [0, 1, 1, 1, 1, 1, 1, 1, 1, 1], 'D': [1, 1, 1, 1, 1, 0, 1, 1, 1, 1], 'E': [1, 1, 0, 1, 1, 1, 1, 1, 1, 1], 'F': [1, 1, 1, 1, 1, 0, 1, 1, 0, 1], 'G': [1, 0, 0, 0, 0, 1, 0, 1, 1, 1], 'H': [0, 0, 0, 0, 0, 0, 1, 0, 0, 0], 'I': [0, 0, 0, 0, 0, 0, 0, 0, 0, 0]}}
624336	2024-07-13 23:02:19.487000+08:00	2024-07-13 23:02:19.487000+08:00	{'东门北侧': {'A': [1, 1, 1, 1, 1, 0, 1, 1, 1, 1], 'B': [1, 1, 1, 1, 1, 1, 1, 1, 1, 1], 'C': [0, 1, 0, 1, 0, 1, 1, 0, 1, 0], 'D': [1, 0, 1, 1, 1, 1, 0, 1, 1, 1], 'E': [1, 0, 1, 1, 1, 0, 1, 1, 1, 1], 'F': [1, 1, 1, 1, 1, 1, 1, 1, 1, 1], 'G': [1, 1, 1, 1, 1, 0, 1, 1, 0, 1], 'H': [1, 1, 1, 1, 1, 0, 0, 1, 0, 1], 'I': [0, 1, 0, 1, 1, 1, 1, 1, 1, 1], 'J': [1, 1, 1, 1, 0, 0, 1, 1, 1, 0], 'K': [0, 1, 1, 0, 1, 1, 1, 1, 1, 0]}, '东门南侧': {'A': [0, 0, 1, 1, 0, 0, 0, 0, 0, 0], 'B': [0, 0, 0, 0, 0, 0, 0, 0, 0, 0]}, '西门北侧': {'A': [1, 1, 0, 1, 1, 1, 0, 1, 1, 1], 'B': [1, 1, 1, 1, 0, 1, 1, 1, 1, 0], 'C': [1, 1, 1, 1, 0, 1, 1, 0, 0, 1]}, '西门南侧': {'A': [0, 1, 1, 1, 1, 1, 1, 0, 1, 1], 'B': [1, 1, 1, 1, 1, 1, 1, 1, 0, 1], 'C': [1, 0, 0, 1, 0, 0, 1, 1, 1, 1]}, '南门西侧': {'A': [1, 1, 1, 1, 1, 1, 1, 1, 1, 1], 'B': [1, 0, 0, 1, 1, 1, 0, 1, 1, 0]}, '南门东侧': {'A': [1, 1, 0, 1, 0, 1, 1, 1, 1, 1], 'B': [1, 1, 1, 1, 1, 1, 1, 1, 1, 1]}, '北门东北侧': {'A': [1, 1, 1, 1, 1, 1, 1, 1, 1, 1], 'B': [0, 1, 0, 1, 1, 0, 0, 1, 0, 0], 'C': [1, 1, 0, 1, 0, 0, 0, 1, 1, 0], 'D': [1, 0, 0, 0, 0, 0, 0, 0, 0, 0]}, '北门东南侧': {'A': [1, 1, 1, 0, 1, 0, 1, 1, 0, 1], 'B': [0, 1, 0, 1, 1, 0, 0, 1, 0, 0], 'C': [1, 0, 1, 0, 0, 0, 0, 0, 0, 1], 'D': [0, 1, 0, 0, 0, 1, 1, 0, 0, 1], 'E': [1, 0, 0, 1, 0, 1, 1, 0, 0, 1], 'F': [1, 1, 1, 1, 0, 1, 1, 1, 1, 1]}, '橘园北侧南': {'A': [0, 1, 1, 1, 0, 1, 1, 0, 0, 1], 'B': [1, 0, 0, 1, 1, 0, 0, 0, 1, 1], 'C': [1, 0, 0, 1, 1, 1, 0, 0, 0, 0], 'D': [1, 0, 1, 1, 1, 0, 0, 0, 0, 0], 'E': [0, 0, 1, 0, 1, 0, 1, 1, 0, 0], 'F': [0, 0, 0, 0, 1, 0, 0, 0, 0, 0], 'G': [0, 1, 0, 0, 0, 0, 1, 0, 0, 0], 'H': [1, 0, 0, 0, 1, 1, 0, 0, 0, 0], 'I': [0, 0, 0, 0, 0, 0, 0, 0, 0, 0], 'J': [0, 0, 0, 1, 0, 0, 0, 0, 0, 0]}, '校医院西': {'A': [0, 1, 0, 1, 1, 1, 1, 1, 0, 0], 'B': [1, 0, 1, 0, 0, 0, 0, 1, 1, 1], 'C': [0, 1, 1, 1, 1, 1, 1, 1, 1, 1], 'D': [1, 1, 1, 1, 1, 0, 1, 1, 1, 1], 'E': [1, 1, 0, 1, 1, 1, 1, 1, 1, 1], 'F': [1, 1, 1, 1, 1, 0, 1, 1, 0, 1], 'G': [1, 0, 0, 0, 0, 1, 0, 1, 1, 1], 'H': [0, 0, 0, 0, 0, 0, 1, 0, 0, 0], 'I': [0, 0, 0, 0, 0, 0, 0, 0, 0, 0]}}
624337	2024-07-13 23:03:21.759000+08:00	2024-07-13 23:03:21.759000+08:00	{'东门北侧': {'A': [1, 1, 1, 1, 1, 0, 1, 1, 1, 1], 'B': [1, 1, 1, 1, 1, 1, 1, 1, 1, 1], 'C': [0, 1, 0, 1, 0, 1, 1, 0, 1, 0], 'D': [1, 0, 1, 1, 1, 1, 0, 1, 1, 1], 'E': [1, 0, 1, 1, 1, 0, 1, 1, 1, 1], 'F': [1, 1, 1, 1, 1, 1, 1, 1, 1, 1], 'G': [1, 1, 1, 1, 1, 0, 1, 1, 0, 1], 'H': [1, 1, 1, 1, 1, 0, 0, 1, 0, 1], 'I': [0, 1, 0, 1, 1, 1, 1, 1, 1, 1], 'J': [1, 1, 1, 1, 0, 0, 1, 1, 1, 0], 'K': [0, 1, 1, 0, 1, 1, 1, 1, 1, 0]}, '东门南侧': {'A': [0, 0, 1, 1, 0, 0, 0, 0, 0, 0], 'B': [0, 0, 0, 0, 0, 0, 0, 0, 0, 0]}, '西门北侧': {'A': [1, 1, 0, 1, 1, 1, 0, 1, 1, 1], 'B': [1, 1, 1, 1, 0, 1, 1, 1, 1, 0], 'C': [1, 1, 1, 1, 0, 1, 1, 0, 0, 1]}, '西门南侧': {'A': [0, 1, 1, 1, 1, 1, 1, 0, 1, 1], 'B': [1, 1, 1, 1, 1, 1, 1, 1, 0, 1], 'C': [1, 0, 0, 1, 0, 0, 1, 1, 1, 1]}, '南门西侧': {'A': [1, 1, 1, 1, 1, 1, 1, 1, 1, 1], 'B': [1, 0, 0, 1, 1, 1, 0, 1, 1, 0]}, '南门东侧': {'A': [1, 1, 0, 1, 0, 1, 1, 1, 1, 1], 'B': [1, 1, 1, 1, 1, 1, 1, 1, 1, 1]}, '北门东北侧': {'A': [1, 1, 1, 1, 1, 1, 1, 1, 1, 1], 'B': [0, 1, 0, 1, 1, 0, 0, 1, 0, 0], 'C': [1, 1, 0, 1, 0, 0, 0, 1, 1, 0], 'D': [1, 0, 0, 0, 0, 0, 0, 0, 0, 0]}, '北门东南侧': {'A': [1, 1, 1, 0, 1, 0, 1, 1, 0, 1], 'B': [0, 1, 0, 1, 1, 0, 0, 1, 0, 0], 'C': [1, 0, 1, 0, 0, 0, 0, 0, 0, 1], 'D': [0, 1, 0, 0, 0, 1, 1, 0, 0, 1], 'E': [1, 0, 0, 1, 0, 1, 1, 0, 0, 1], 'F': [1, 1, 1, 1, 0, 1, 1, 1, 1, 1]}, '橘园北侧南': {'A': [0, 1, 1, 1, 0, 1, 1, 0, 0, 1], 'B': [1, 0, 0, 1, 1, 0, 0, 0, 1, 1], 'C': [1, 0, 0, 1, 1, 1, 0, 0, 0, 0], 'D': [1, 0, 1, 1, 1, 0, 0, 0, 0, 0], 'E': [0, 0, 1, 0, 1, 0, 1, 1, 0, 0], 'F': [0, 0, 0, 0, 1, 0, 0, 0, 0, 0], 'G': [0, 1, 0, 0, 0, 0, 1, 0, 0, 0], 'H': [1, 0, 0, 0, 1, 1, 0, 0, 0, 0], 'I': [0, 0, 0, 0, 0, 0, 0, 0, 0, 0], 'J': [1, 0, 0, 1, 0, 0, 0, 0, 0, 0]}, '校医院西': {'A': [0, 1, 0, 1, 1, 1, 1, 1, 0, 0], 'B': [1, 0, 1, 0, 0, 0, 0, 1, 1, 1], 'C': [0, 1, 1, 1, 1, 1, 1, 1, 1, 1], 'D': [1, 1, 1, 1, 1, 0, 1, 1, 1, 1], 'E': [1, 1, 0, 1, 1, 1, 1, 1, 1, 1], 'F': [1, 1, 1, 1, 1, 0, 1, 1, 0, 1], 'G': [1, 0, 0, 0, 0, 1, 0, 1, 1, 1], 'H': [0, 0, 0, 0, 0, 0, 1, 0, 0, 0], 'I': [0, 0, 0, 0, 0, 0, 0, 0, 0, 0]}}
624338	2024-07-13 23:04:21.195000+08:00	2024-07-13 23:04:21.195000+08:00	{'东门北侧': {'A': [1, 1, 1, 1, 1, 0, 1, 1, 1, 1], 'B': [1, 1, 1, 1, 1, 1, 1, 1, 1, 1], 'C': [0, 1, 0, 1, 0, 1, 1, 0, 1, 0], 'D': [1, 0, 1, 1, 1, 1, 0, 1, 1, 1], 'E': [1, 0, 1, 1, 1, 0, 1, 1, 1, 1], 'F': [1, 1, 1, 1, 1, 1, 1, 1, 1, 1], 'G': [1, 1, 1, 1, 1, 0, 1, 1, 0, 1], 'H': [1, 1, 1, 1, 1, 0, 0, 1, 0, 1], 'I': [0, 1, 0, 1, 1, 1, 1, 1, 1, 1], 'J': [1, 1, 1, 1, 0, 0, 1, 1, 1, 0], 'K': [0, 1, 1, 0, 1, 1, 1, 1, 1, 0]}, '东门南侧': {'A': [0, 0, 1, 1, 0, 0, 0, 0, 0, 0], 'B': [0, 0, 0, 0, 0, 0, 0, 0, 0, 0]}, '西门北侧': {'A': [1, 1, 0, 1, 1, 1, 0, 1, 1, 1], 'B': [1, 1, 1, 1, 0, 1, 1, 1, 1, 0], 'C': [1, 1, 1, 1, 0, 1, 1, 0, 0, 1]}, '西门南侧': {'A': [0, 1, 1, 1, 1, 1, 1, 0, 1, 1], 'B': [1, 1, 1, 1, 1, 1, 1, 1, 0, 1], 'C': [1, 0, 0, 1, 0, 0, 1, 1, 1, 1]}, '南门西侧': {'A': [1, 1, 1, 1, 1, 1, 1, 1, 1, 1], 'B': [1, 0, 0, 1, 1, 1, 0, 1, 1, 0]}, '南门东侧': {'A': [1, 1, 0, 1, 0, 1, 1, 1, 1, 1], 'B': [1, 1, 1, 1, 1, 1, 1, 1, 1, 1]}, '北门东北侧': {'A': [1, 1, 1, 1, 1, 1, 1, 1, 1, 1], 'B': [0, 1, 0, 1, 1, 0, 0, 1, 0, 0], 'C': [1, 1, 0, 1, 0, 0, 0, 1, 1, 0], 'D': [1, 0, 0, 0, 0, 0, 0, 0, 0, 0]}, '北门东南侧': {'A': [1, 1, 1, 0, 1, 0, 1, 1, 0, 1], 'B': [0, 1, 0, 1, 1, 0, 0, 1, 0, 0], 'C': [1, 0, 1, 0, 0, 0, 0, 0, 0, 1], 'D': [0, 1, 0, 0, 0, 1, 1, 0, 0, 1], 'E': [1, 0, 0, 1, 0, 1, 1, 0, 0, 1], 'F': [1, 1, 1, 1, 0, 1, 1, 1, 1, 1]}, '橘园北侧南': {'A': [0, 1, 1, 1, 0, 1, 1, 0, 0, 1], 'B': [1, 0, 0, 1, 1, 0, 0, 0, 1, 1], 'C': [1, 0, 0, 1, 1, 1, 0, 0, 0, 0], 'D': [1, 0, 1, 1, 1, 0, 0, 0, 0, 0], 'E': [0, 0, 1, 0, 1, 0, 1, 1, 0, 0], 'F': [0, 0, 0, 0, 1, 0, 0, 0, 0, 0], 'G': [0, 1, 0, 0, 0, 0, 1, 0, 0, 0], 'H': [1, 0, 0, 0, 1, 1, 0, 0, 0, 0], 'I': [0, 0, 0, 0, 0, 0, 0, 0, 0, 0], 'J': [1, 0, 0, 1, 0, 0, 0, 0, 0, 0]}, '校医院西': {'A': [0, 1, 0, 1, 1, 1, 1, 1, 0, 0], 'B': [1, 0, 1, 0, 0, 0, 0, 1, 1, 1], 'C': [0, 1, 1, 1, 1, 1, 1, 1, 1, 1], 'D': [1, 1, 1, 1, 1, 0, 1, 1, 1, 1], 'E': [1, 1, 0, 1, 1, 1, 1, 1, 1, 1], 'F': [1, 1, 1, 1, 1, 0, 1, 1, 0, 1], 'G': [1, 0, 0, 0, 0, 1, 0, 1, 1, 1], 'H': [0, 0, 0, 0, 0, 0, 1, 0, 0, 0], 'I': [0, 0, 0, 0, 0, 0, 0, 0, 0, 0]}}
624339	2024-07-13 23:05:19.777000+08:00	2024-07-13 23:05:19.777000+08:00	{'东门北侧': {'A': [1, 1, 1, 1, 1, 0, 1, 1, 1, 1], 'B': [1, 1, 1, 1, 1, 1, 1, 1, 1, 1], 'C': [0, 1, 0, 1, 0, 1, 1, 0, 1, 0], 'D': [1, 0, 1, 1, 1, 1, 0, 1, 1, 1], 'E': [1, 0, 1, 1, 1, 0, 1, 1, 1, 1], 'F': [1, 1, 1, 1, 1, 1, 1, 1, 1, 1], 'G': [1, 1, 1, 1, 1, 0, 1, 1, 0, 1], 'H': [1, 1, 1, 1, 1, 0, 0, 1, 0, 1], 'I': [0, 1, 0, 1, 1, 1, 1, 1, 1, 1], 'J': [1, 1, 1, 1, 0, 0, 1, 1, 1, 0], 'K': [0, 1, 1, 0, 1, 1, 1, 1, 1, 0]}, '东门南侧': {'A': [0, 0, 1, 1, 0, 0, 0, 0, 0, 0], 'B': [0, 0, 0, 0, 0, 0, 0, 0, 0, 0]}, '西门北侧': {'A': [1, 1, 0, 1, 1, 1, 0, 1, 1, 1], 'B': [1, 1, 1, 1, 0, 1, 1, 1, 1, 0], 'C': [1, 1, 1, 1, 0, 1, 1, 0, 0, 1]}, '西门南侧': {'A': [0, 1, 1, 1, 1, 1, 1, 0, 1, 1], 'B': [1, 1, 1, 1, 1, 1, 1, 1, 0, 1], 'C': [1, 0, 0, 1, 0, 0, 1, 1, 1, 1]}, '南门西侧': {'A': [1, 1, 1, 1, 1, 1, 1, 1, 1, 1], 'B': [1, 0, 0, 1, 1, 1, 0, 1, 1, 0]}, '南门东侧': {'A': [1, 1, 0, 1, 0, 1, 1, 1, 1, 1], 'B': [1, 1, 1, 1, 1, 1, 1, 1, 1, 1]}, '北门东北侧': {'A': [1, 1, 1, 1, 1, 1, 1, 1, 1, 1], 'B': [0, 1, 0, 1, 1, 0, 0, 1, 0, 0], 'C': [1, 1, 0, 1, 0, 0, 0, 1, 1, 0], 'D': [1, 0, 0, 0, 0, 0, 0, 0, 0, 0]}, '北门东南侧': {'A': [1, 1, 1, 0, 1, 0, 1, 1, 0, 1], 'B': [0, 1, 0, 1, 1, 0, 0, 1, 0, 0], 'C': [1, 0, 1, 0, 0, 0, 0, 0, 0, 1], 'D': [0, 1, 0, 0, 0, 1, 1, 0, 0, 1], 'E': [1, 0, 0, 1, 0, 1, 1, 0, 0, 1], 'F': [1, 1, 1, 1, 0, 1, 1, 1, 1, 1]}, '橘园北侧南': {'A': [0, 1, 1, 1, 0, 1, 1, 0, 0, 1], 'B': [1, 0, 0, 1, 1, 0, 0, 0, 1, 1], 'C': [1, 0, 0, 1, 1, 1, 0, 0, 0, 0], 'D': [1, 0, 1, 1, 1, 0, 0, 0, 0, 0], 'E': [0, 0, 1, 0, 1, 0, 1, 1, 0, 0], 'F': [0, 0, 0, 0, 1, 0, 0, 0, 0, 0], 'G': [0, 1, 0, 0, 0, 0, 1, 0, 0, 0], 'H': [1, 0, 0, 0, 1, 1, 0, 0, 0, 0], 'I': [0, 0, 0, 0, 0, 0, 0, 0, 0, 0], 'J': [1, 0, 0, 1, 0, 0, 0, 0, 0, 0]}, '校医院西': {'A': [0, 1, 0, 1, 1, 1, 1, 1, 0, 0], 'B': [1, 0, 1, 0, 0, 0, 0, 1, 1, 1], 'C': [0, 1, 1, 1, 1, 1, 1, 1, 1, 1], 'D': [1, 1, 1, 1, 1, 0, 1, 1, 1, 1], 'E': [1, 1, 0, 1, 1, 1, 1, 1, 1, 1], 'F': [1, 1, 1, 1, 1, 0, 1, 1, 0, 1], 'G': [1, 0, 0, 0, 0, 1, 0, 1, 1, 1], 'H': [0, 0, 0, 0, 0, 0, 1, 0, 0, 0], 'I': [0, 0, 0, 0, 0, 0, 0, 0, 0, 0]}}
624340	2024-07-13 23:06:21.564000+08:00	2024-07-13 23:06:21.564000+08:00	{'东门北侧': {'A': [1, 1, 1, 1, 1, 0, 1, 1, 1, 1], 'B': [1, 1, 1, 1, 1, 1, 1, 1, 1, 1], 'C': [0, 1, 0, 1, 0, 1, 1, 0, 1, 0], 'D': [1, 0, 1, 1, 1, 1, 0, 1, 1, 1], 'E': [1, 0, 1, 1, 1, 0, 1, 1, 1, 1], 'F': [1, 1, 1, 1, 1, 1, 1, 1, 1, 1], 'G': [1, 1, 1, 1, 1, 0, 1, 1, 0, 1], 'H': [1, 1, 1, 1, 1, 0, 0, 1, 0, 1], 'I': [0, 1, 0, 1, 1, 1, 1, 1, 1, 1], 'J': [1, 1, 1, 1, 0, 0, 1, 1, 1, 0], 'K': [0, 1, 1, 0, 1, 1, 1, 1, 1, 0]}, '东门南侧': {'A': [0, 0, 1, 1, 0, 0, 0, 0, 0, 0], 'B': [0, 0, 0, 0, 0, 0, 0, 0, 0, 0]}, '西门北侧': {'A': [1, 1, 0, 1, 1, 1, 0, 1, 1, 1], 'B': [1, 1, 1, 1, 0, 1, 1, 1, 1, 0], 'C': [1, 1, 1, 1, 0, 1, 1, 0, 0, 1]}, '西门南侧': {'A': [0, 1, 1, 1, 1, 1, 1, 0, 1, 1], 'B': [1, 1, 1, 1, 1, 1, 1, 1, 0, 1], 'C': [1, 0, 0, 1, 0, 0, 1, 1, 1, 1]}, '南门西侧': {'A': [1, 1, 1, 1, 1, 1, 1, 1, 1, 1], 'B': [1, 0, 0, 1, 1, 1, 0, 1, 1, 0]}, '南门东侧': {'A': [1, 1, 0, 1, 0, 1, 1, 1, 1, 1], 'B': [1, 1, 1, 1, 1, 1, 1, 1, 1, 1]}, '北门东北侧': {'A': [1, 1, 1, 1, 1, 1, 1, 1, 1, 1], 'B': [0, 1, 0, 1, 1, 0, 0, 1, 0, 0], 'C': [1, 1, 0, 1, 0, 0, 0, 1, 1, 0], 'D': [1, 0, 0, 0, 0, 0, 0, 0, 0, 0]}, '北门东南侧': {'A': [1, 1, 1, 0, 1, 0, 1, 1, 0, 1], 'B': [0, 1, 0, 1, 1, 0, 0, 1, 0, 0], 'C': [1, 0, 1, 0, 0, 0, 0, 0, 0, 1], 'D': [0, 1, 0, 0, 0, 1, 1, 0, 0, 1], 'E': [1, 0, 0, 1, 0, 1, 1, 0, 0, 1], 'F': [1, 1, 1, 1, 0, 1, 1, 1, 1, 1]}, '橘园北侧南': {'A': [0, 1, 1, 1, 0, 1, 1, 0, 0, 1], 'B': [1, 0, 0, 1, 1, 0, 0, 0, 1, 1], 'C': [1, 0, 0, 1, 1, 1, 0, 0, 0, 0], 'D': [1, 0, 1, 1, 1, 0, 0, 0, 0, 0], 'E': [0, 0, 1, 0, 1, 0, 1, 1, 0, 0], 'F': [0, 0, 0, 0, 1, 0, 0, 0, 0, 0], 'G': [0, 1, 0, 0, 0, 0, 1, 0, 0, 0], 'H': [1, 0, 0, 0, 1, 1, 0, 0, 0, 0], 'I': [0, 0, 0, 0, 0, 0, 0, 0, 0, 0], 'J': [1, 0, 0, 1, 0, 0, 0, 0, 0, 0]}, '校医院西': {'A': [0, 1, 0, 1, 1, 1, 1, 1, 0, 0], 'B': [1, 0, 1, 0, 0, 0, 0, 1, 1, 1], 'C': [0, 1, 1, 1, 1, 1, 1, 1, 1, 1], 'D': [1, 1, 1, 1, 1, 0, 1, 1, 1, 1], 'E': [1, 1, 0, 1, 1, 1, 1, 1, 1, 1], 'F': [1, 1, 1, 1, 1, 0, 1, 1, 0, 1], 'G': [1, 0, 0, 0, 0, 1, 0, 1, 1, 1], 'H': [0, 0, 0, 0, 0, 0, 1, 0, 0, 0], 'I': [0, 0, 0, 0, 0, 0, 0, 0, 0, 0]}}
624341	2024-07-13 23:07:20.674000+08:00	2024-07-13 23:07:20.674000+08:00	{'东门北侧': {'A': [1, 1, 1, 1, 1, 0, 1, 1, 1, 1], 'B': [1, 1, 1, 1, 1, 1, 1, 1, 1, 1], 'C': [0, 1, 0, 1, 0, 1, 1, 0, 1, 0], 'D': [1, 0, 1, 1, 1, 1, 0, 1, 1, 1], 'E': [1, 0, 1, 1, 1, 0, 1, 1, 1, 1], 'F': [1, 1, 1, 1, 1, 1, 1, 1, 1, 1], 'G': [1, 1, 1, 1, 1, 0, 1, 1, 0, 1], 'H': [1, 1, 1, 1, 1, 0, 0, 1, 0, 1], 'I': [0, 1, 0, 1, 1, 1, 1, 1, 1, 1], 'J': [1, 1, 1, 1, 0, 0, 1, 1, 1, 0], 'K': [0, 1, 1, 0, 1, 1, 1, 1, 1, 0]}, '东门南侧': {'A': [0, 0, 1, 1, 0, 0, 0, 0, 0, 0], 'B': [0, 0, 0, 0, 0, 0, 0, 0, 0, 0]}, '西门北侧': {'A': [1, 1, 0, 1, 1, 1, 0, 1, 1, 1], 'B': [1, 1, 1, 1, 0, 1, 1, 1, 1, 0], 'C': [1, 1, 1, 1, 0, 1, 1, 0, 0, 1]}, '西门南侧': {'A': [0, 1, 1, 1, 1, 1, 1, 0, 1, 1], 'B': [1, 1, 1, 1, 1, 1, 1, 1, 0, 1], 'C': [1, 0, 0, 1, 0, 0, 1, 1, 1, 1]}, '南门西侧': {'A': [1, 1, 1, 1, 1, 1, 1, 1, 1, 1], 'B': [1, 0, 0, 1, 1, 1, 0, 1, 1, 0]}, '南门东侧': {'A': [1, 1, 0, 1, 0, 1, 1, 1, 1, 1], 'B': [1, 1, 1, 1, 1, 1, 1, 1, 1, 1]}, '北门东北侧': {'A': [1, 1, 1, 1, 1, 1, 1, 1, 1, 1], 'B': [0, 1, 0, 1, 1, 0, 0, 1, 0, 0], 'C': [1, 1, 0, 1, 0, 0, 0, 1, 1, 0], 'D': [1, 0, 0, 0, 0, 0, 0, 0, 0, 0]}, '北门东南侧': {'A': [1, 1, 1, 0, 1, 0, 1, 1, 0, 1], 'B': [0, 1, 0, 1, 1, 0, 0, 1, 0, 0], 'C': [1, 0, 1, 0, 0, 0, 0, 0, 0, 1], 'D': [0, 1, 0, 0, 0, 1, 1, 0, 0, 1], 'E': [1, 0, 0, 1, 0, 1, 1, 0, 0, 1], 'F': [1, 1, 1, 1, 0, 1, 1, 1, 1, 1]}, '橘园北侧南': {'A': [0, 1, 1, 1, 0, 1, 1, 0, 0, 1], 'B': [1, 0, 0, 1, 1, 0, 0, 0, 1, 1], 'C': [1, 0, 0, 1, 1, 1, 0, 0, 0, 0], 'D': [1, 0, 1, 1, 1, 0, 0, 0, 0, 0], 'E': [0, 0, 1, 0, 1, 0, 1, 1, 0, 0], 'F': [0, 0, 0, 0, 0, 0, 0, 0, 0, 0], 'G': [0, 1, 0, 0, 0, 0, 1, 0, 0, 0], 'H': [1, 0, 0, 0, 1, 1, 0, 0, 0, 0], 'I': [0, 0, 0, 0, 0, 0, 0, 0, 0, 0], 'J': [1, 0, 0, 1, 0, 0, 0, 0, 0, 0]}, '校医院西': {'A': [0, 1, 0, 1, 1, 1, 1, 1, 0, 0], 'B': [1, 0, 1, 0, 0, 0, 0, 1, 1, 1], 'C': [1, 1, 1, 1, 1, 1, 1, 1, 1, 1], 'D': [1, 1, 1, 1, 1, 0, 1, 1, 1, 1], 'E': [1, 1, 0, 1, 1, 1, 1, 1, 1, 1], 'F': [1, 1, 1, 1, 1, 0, 1, 1, 0, 1], 'G': [1, 0, 0, 0, 0, 1, 0, 1, 1, 1], 'H': [0, 0, 0, 0, 0, 0, 1, 0, 0, 0], 'I': [0, 0, 0, 0, 0, 0, 0, 0, 0, 0]}}
624342	2024-07-13 23:08:21.569000+08:00	2024-07-13 23:08:21.569000+08:00	{'东门北侧': {'A': [1, 1, 1, 1, 1, 0, 1, 1, 1, 1], 'B': [1, 1, 1, 1, 1, 1, 1, 1, 1, 1], 'C': [0, 1, 0, 1, 0, 1, 1, 0, 1, 0], 'D': [1, 0, 1, 1, 1, 1, 0, 1, 1, 1], 'E': [1, 0, 1, 1, 1, 0, 1, 1, 1, 1], 'F': [1, 1, 1, 1, 1, 1, 1, 1, 1, 1], 'G': [1, 1, 1, 1, 1, 0, 1, 1, 0, 1], 'H': [1, 1, 1, 1, 1, 0, 0, 1, 0, 1], 'I': [0, 1, 0, 1, 1, 1, 1, 1, 1, 1], 'J': [1, 1, 1, 1, 0, 0, 1, 1, 1, 0], 'K': [0, 1, 1, 0, 1, 1, 1, 1, 1, 0]}, '东门南侧': {'A': [0, 0, 1, 1, 0, 0, 0, 0, 0, 0], 'B': [0, 0, 0, 0, 0, 0, 0, 0, 0, 0]}, '西门北侧': {'A': [1, 1, 0, 1, 1, 1, 0, 1, 1, 1], 'B': [1, 1, 1, 1, 0, 1, 1, 1, 1, 0], 'C': [1, 1, 1, 1, 0, 1, 1, 0, 0, 1]}, '西门南侧': {'A': [0, 1, 1, 1, 1, 1, 1, 0, 1, 1], 'B': [1, 1, 1, 1, 1, 1, 1, 1, 0, 1], 'C': [1, 0, 0, 1, 0, 0, 1, 1, 1, 1]}, '南门西侧': {'A': [1, 1, 1, 1, 1, 1, 1, 1, 1, 1], 'B': [1, 0, 0, 1, 1, 1, 0, 1, 1, 0]}, '南门东侧': {'A': [1, 1, 0, 1, 0, 1, 1, 1, 1, 1], 'B': [1, 1, 1, 1, 1, 1, 1, 1, 1, 1]}, '北门东北侧': {'A': [1, 1, 1, 1, 1, 1, 1, 1, 1, 1], 'B': [0, 1, 0, 1, 1, 0, 0, 1, 0, 0], 'C': [1, 1, 0, 1, 0, 0, 0, 1, 1, 0], 'D': [1, 0, 0, 0, 0, 0, 0, 0, 0, 0]}, '北门东南侧': {'A': [1, 1, 1, 0, 1, 0, 1, 1, 0, 1], 'B': [0, 1, 0, 1, 1, 0, 0, 1, 0, 0], 'C': [1, 0, 1, 0, 0, 0, 0, 0, 0, 1], 'D': [0, 1, 0, 0, 0, 1, 1, 0, 0, 1], 'E': [1, 0, 0, 1, 0, 1, 1, 0, 0, 1], 'F': [1, 1, 1, 1, 0, 1, 1, 1, 1, 1]}, '橘园北侧南': {'A': [0, 1, 1, 1, 0, 1, 1, 0, 0, 1], 'B': [1, 0, 0, 1, 1, 0, 0, 0, 1, 1], 'C': [1, 0, 0, 1, 1, 1, 0, 0, 0, 0], 'D': [1, 0, 1, 1, 1, 0, 0, 0, 0, 0], 'E': [0, 0, 1, 0, 1, 0, 1, 1, 0, 0], 'F': [0, 0, 0, 0, 0, 0, 0, 0, 0, 0], 'G': [0, 1, 0, 0, 0, 0, 1, 0, 0, 0], 'H': [1, 0, 0, 0, 1, 1, 0, 0, 0, 0], 'I': [0, 0, 0, 0, 0, 0, 0, 0, 0, 0], 'J': [1, 0, 0, 1, 0, 0, 0, 0, 0, 0]}, '校医院西': {'A': [0, 1, 0, 1, 1, 1, 1, 1, 0, 0], 'B': [1, 0, 1, 0, 0, 0, 0, 1, 1, 1], 'C': [1, 1, 1, 1, 1, 1, 1, 1, 1, 1], 'D': [1, 1, 1, 1, 1, 0, 1, 1, 1, 1], 'E': [1, 1, 0, 1, 1, 1, 1, 1, 1, 1], 'F': [1, 1, 1, 1, 1, 0, 1, 1, 0, 1], 'G': [1, 0, 0, 0, 0, 1, 0, 1, 1, 1], 'H': [0, 0, 0, 0, 0, 0, 0, 0, 0, 0], 'I': [0, 0, 0, 0, 0, 0, 0, 0, 0, 0]}}
624343	2024-07-13 23:09:19.703000+08:00	2024-07-13 23:09:19.703000+08:00	{'东门北侧': {'A': [1, 1, 1, 1, 1, 0, 1, 1, 1, 1], 'B': [1, 1, 1, 1, 1, 1, 1, 1, 1, 1], 'C': [0, 1, 0, 1, 0, 1, 1, 0, 1, 0], 'D': [1, 0, 1, 1, 1, 1, 0, 1, 1, 1], 'E': [1, 0, 1, 1, 1, 0, 1, 1, 1, 1], 'F': [1, 1, 1, 1, 1, 1, 1, 1, 1, 1], 'G': [1, 1, 1, 1, 1, 0, 1, 1, 0, 1], 'H': [1, 1, 1, 1, 1, 0, 0, 1, 0, 1], 'I': [0, 1, 0, 1, 1, 1, 1, 1, 1, 1], 'J': [1, 1, 1, 1, 0, 0, 1, 1, 1, 0], 'K': [0, 1, 1, 0, 1, 1, 1, 1, 1, 0]}, '东门南侧': {'A': [0, 0, 1, 1, 0, 0, 0, 0, 0, 0], 'B': [0, 0, 0, 0, 0, 0, 0, 0, 0, 0]}, '西门北侧': {'A': [1, 1, 0, 1, 1, 1, 0, 1, 1, 1], 'B': [1, 1, 1, 1, 0, 1, 1, 1, 1, 0], 'C': [1, 1, 1, 1, 0, 1, 1, 0, 0, 1]}, '西门南侧': {'A': [0, 1, 1, 1, 1, 1, 1, 0, 1, 1], 'B': [1, 1, 1, 1, 1, 1, 1, 1, 0, 1], 'C': [1, 0, 0, 1, 0, 0, 1, 1, 1, 1]}, '南门西侧': {'A': [1, 1, 1, 1, 1, 1, 1, 1, 1, 1], 'B': [1, 0, 0, 1, 1, 1, 0, 1, 1, 0]}, '南门东侧': {'A': [1, 1, 0, 1, 0, 1, 1, 1, 1, 1], 'B': [1, 1, 1, 1, 1, 1, 1, 1, 1, 1]}, '北门东北侧': {'A': [1, 1, 1, 1, 1, 1, 1, 1, 1, 1], 'B': [0, 1, 0, 1, 1, 0, 0, 1, 0, 0], 'C': [1, 1, 0, 1, 0, 0, 0, 1, 1, 0], 'D': [1, 0, 0, 0, 0, 0, 0, 0, 0, 0]}, '北门东南侧': {'A': [1, 1, 1, 0, 1, 0, 1, 1, 0, 1], 'B': [0, 1, 0, 1, 1, 0, 0, 1, 0, 0], 'C': [1, 0, 1, 0, 0, 0, 0, 0, 0, 1], 'D': [0, 1, 0, 0, 0, 1, 1, 0, 0, 1], 'E': [1, 0, 0, 1, 0, 1, 1, 0, 0, 1], 'F': [1, 1, 1, 1, 0, 1, 1, 1, 1, 1]}, '橘园北侧南': {'A': [0, 1, 1, 0, 0, 1, 1, 0, 0, 1], 'B': [1, 0, 0, 1, 1, 0, 0, 0, 1, 1], 'C': [1, 0, 0, 1, 1, 1, 0, 0, 0, 0], 'D': [1, 0, 1, 1, 1, 0, 0, 0, 0, 0], 'E': [0, 0, 1, 0, 0, 0, 1, 1, 0, 0], 'F': [0, 0, 0, 0, 0, 0, 0, 0, 0, 0], 'G': [0, 1, 0, 0, 0, 0, 1, 0, 0, 0], 'H': [1, 0, 0, 0, 1, 1, 0, 0, 0, 0], 'I': [0, 0, 0, 0, 0, 0, 0, 0, 0, 0], 'J': [1, 0, 0, 1, 0, 0, 0, 0, 0, 0]}, '校医院西': {'A': [0, 1, 0, 1, 1, 1, 1, 1, 0, 0], 'B': [1, 0, 1, 0, 0, 0, 0, 1, 1, 1], 'C': [1, 1, 1, 1, 1, 1, 1, 1, 1, 1], 'D': [1, 1, 1, 1, 1, 0, 1, 1, 1, 1], 'E': [1, 1, 0, 1, 1, 1, 1, 1, 1, 1], 'F': [1, 1, 1, 1, 1, 0, 1, 1, 0, 1], 'G': [1, 0, 0, 0, 0, 1, 0, 1, 1, 0], 'H': [0, 0, 0, 0, 0, 0, 0, 0, 0, 0], 'I': [0, 0, 0, 0, 0, 0, 0, 0, 0, 0]}}
624344	2024-07-13 23:10:18.977000+08:00	2024-07-13 23:10:18.977000+08:00	{'东门北侧': {'A': [1, 1, 1, 1, 1, 0, 1, 1, 1, 1], 'B': [1, 1, 1, 1, 1, 1, 1, 1, 1, 1], 'C': [0, 1, 0, 1, 0, 1, 1, 0, 1, 0], 'D': [1, 0, 1, 1, 1, 1, 0, 1, 1, 1], 'E': [1, 0, 1, 1, 1, 0, 1, 1, 1, 1], 'F': [1, 1, 1, 1, 1, 1, 1, 1, 1, 1], 'G': [1, 1, 1, 1, 1, 0, 1, 1, 0, 1], 'H': [1, 1, 1, 1, 1, 0, 0, 1, 0, 1], 'I': [0, 1, 0, 1, 1, 1, 1, 1, 1, 1], 'J': [1, 1, 1, 1, 0, 0, 1, 1, 1, 0], 'K': [0, 1, 1, 0, 1, 1, 1, 1, 1, 0]}, '东门南侧': {'A': [0, 0, 1, 1, 0, 0, 0, 0, 0, 0], 'B': [0, 0, 0, 0, 0, 0, 0, 0, 0, 0]}, '西门北侧': {'A': [1, 1, 0, 1, 1, 1, 0, 1, 1, 1], 'B': [1, 1, 1, 1, 0, 1, 1, 1, 1, 0], 'C': [1, 1, 1, 1, 0, 1, 1, 0, 0, 1]}, '西门南侧': {'A': [0, 1, 1, 1, 1, 1, 1, 0, 1, 1], 'B': [1, 1, 1, 1, 1, 1, 1, 1, 0, 1], 'C': [1, 0, 0, 1, 0, 0, 1, 1, 1, 1]}, '南门西侧': {'A': [1, 1, 1, 1, 1, 1, 1, 1, 1, 1], 'B': [1, 0, 0, 1, 1, 1, 0, 1, 1, 0]}, '南门东侧': {'A': [1, 1, 0, 1, 0, 1, 1, 1, 1, 1], 'B': [1, 1, 1, 1, 1, 1, 1, 1, 1, 1]}, '北门东北侧': {'A': [1, 1, 1, 1, 1, 1, 1, 1, 1, 1], 'B': [0, 1, 0, 1, 1, 0, 0, 1, 0, 0], 'C': [1, 1, 0, 1, 0, 0, 0, 1, 1, 0], 'D': [1, 0, 0, 0, 0, 0, 0, 0, 0, 0]}, '北门东南侧': {'A': [1, 1, 1, 0, 1, 0, 1, 1, 0, 1], 'B': [0, 1, 0, 1, 1, 0, 0, 1, 0, 0], 'C': [1, 0, 1, 0, 0, 0, 0, 0, 0, 1], 'D': [0, 1, 0, 0, 0, 1, 1, 0, 0, 1], 'E': [1, 0, 0, 1, 0, 1, 0, 0, 0, 1], 'F': [1, 1, 1, 1, 0, 1, 1, 1, 1, 1]}, '橘园北侧南': {'A': [0, 1, 1, 0, 0, 1, 1, 0, 0, 1], 'B': [1, 0, 0, 1, 1, 0, 0, 0, 1, 1], 'C': [1, 0, 0, 1, 1, 1, 0, 0, 0, 0], 'D': [1, 0, 1, 1, 1, 0, 0, 0, 0, 0], 'E': [0, 0, 1, 0, 0, 0, 1, 1, 0, 0], 'F': [0, 0, 0, 0, 0, 0, 0, 0, 0, 0], 'G': [0, 1, 0, 0, 0, 0, 1, 0, 0, 0], 'H': [1, 0, 0, 0, 1, 1, 0, 0, 0, 0], 'I': [0, 0, 0, 0, 0, 0, 0, 0, 0, 0], 'J': [1, 0, 0, 1, 0, 0, 0, 0, 0, 0]}, '校医院西': {'A': [0, 1, 0, 1, 1, 1, 1, 1, 0, 0], 'B': [1, 0, 1, 0, 0, 0, 0, 1, 1, 1], 'C': [1, 1, 1, 1, 1, 1, 1, 1, 1, 1], 'D': [1, 1, 1, 1, 1, 0, 1, 1, 1, 1], 'E': [1, 1, 0, 1, 1, 1, 1, 1, 1, 1], 'F': [1, 1, 1, 1, 1, 0, 1, 1, 0, 1], 'G': [1, 0, 0, 0, 0, 1, 0, 1, 1, 0], 'H': [0, 0, 0, 0, 0, 0, 0, 0, 0, 0], 'I': [0, 0, 0, 0, 0, 0, 0, 0, 0, 0]}}
624345	2024-07-13 23:11:21.965000+08:00	2024-07-13 23:11:21.965000+08:00	{'东门北侧': {'A': [1, 1, 1, 1, 1, 0, 1, 1, 1, 1], 'B': [1, 1, 1, 1, 1, 1, 1, 1, 1, 1], 'C': [0, 1, 0, 1, 0, 1, 1, 0, 1, 0], 'D': [1, 0, 1, 1, 1, 1, 0, 1, 1, 1], 'E': [1, 0, 1, 1, 1, 0, 1, 1, 1, 1], 'F': [1, 1, 1, 1, 1, 1, 1, 1, 1, 1], 'G': [1, 1, 1, 1, 1, 0, 1, 1, 0, 1], 'H': [1, 1, 1, 1, 1, 0, 0, 1, 0, 1], 'I': [0, 1, 0, 1, 1, 1, 1, 1, 1, 1], 'J': [1, 1, 1, 1, 0, 1, 1, 1, 1, 0], 'K': [0, 1, 1, 0, 1, 1, 1, 1, 1, 0]}, '东门南侧': {'A': [0, 0, 1, 1, 0, 0, 0, 0, 0, 0], 'B': [0, 0, 0, 0, 0, 0, 0, 0, 0, 0]}, '西门北侧': {'A': [1, 1, 0, 1, 1, 1, 0, 1, 1, 1], 'B': [1, 1, 1, 1, 0, 1, 1, 1, 1, 0], 'C': [1, 1, 1, 1, 0, 1, 1, 0, 0, 1]}, '西门南侧': {'A': [0, 1, 1, 1, 1, 1, 1, 0, 1, 1], 'B': [1, 1, 1, 1, 1, 1, 1, 1, 0, 1], 'C': [1, 0, 0, 1, 0, 0, 1, 1, 1, 1]}, '南门西侧': {'A': [1, 1, 1, 1, 1, 1, 1, 1, 1, 1], 'B': [1, 0, 0, 1, 1, 1, 0, 1, 1, 0]}, '南门东侧': {'A': [1, 1, 0, 1, 0, 1, 1, 1, 1, 1], 'B': [1, 1, 1, 1, 1, 1, 1, 1, 1, 1]}, '北门东北侧': {'A': [1, 1, 1, 1, 1, 1, 1, 1, 1, 1], 'B': [0, 1, 0, 1, 1, 0, 0, 1, 0, 0], 'C': [1, 1, 0, 1, 0, 0, 0, 1, 1, 0], 'D': [1, 0, 0, 0, 0, 0, 0, 0, 0, 0]}, '北门东南侧': {'A': [1, 1, 1, 0, 1, 0, 1, 1, 0, 1], 'B': [0, 1, 0, 1, 1, 0, 0, 1, 0, 0], 'C': [1, 0, 1, 0, 0, 0, 0, 0, 0, 1], 'D': [0, 1, 0, 0, 0, 1, 1, 0, 0, 1], 'E': [1, 0, 0, 1, 0, 1, 0, 0, 0, 1], 'F': [1, 1, 1, 1, 0, 1, 1, 1, 1, 1]}, '橘园北侧南': {'A': [0, 1, 1, 0, 0, 1, 1, 0, 0, 1], 'B': [1, 0, 0, 1, 1, 0, 0, 0, 1, 1], 'C': [1, 0, 0, 1, 1, 1, 0, 0, 0, 0], 'D': [1, 0, 1, 1, 0, 0, 0, 0, 0, 0], 'E': [0, 0, 1, 0, 0, 0, 1, 1, 0, 0], 'F': [0, 0, 0, 0, 0, 0, 0, 0, 0, 0], 'G': [0, 1, 0, 0, 0, 0, 1, 0, 0, 0], 'H': [1, 0, 0, 0, 1, 1, 0, 0, 0, 0], 'I': [0, 0, 0, 0, 0, 0, 0, 0, 0, 0], 'J': [1, 0, 0, 1, 0, 0, 0, 0, 0, 0]}, '校医院西': {'A': [0, 1, 0, 1, 1, 1, 1, 1, 0, 0], 'B': [1, 0, 1, 0, 0, 0, 0, 1, 1, 1], 'C': [1, 1, 1, 1, 1, 1, 1, 1, 1, 1], 'D': [1, 1, 1, 1, 1, 0, 1, 1, 1, 1], 'E': [1, 1, 0, 1, 1, 1, 1, 1, 1, 1], 'F': [1, 1, 1, 1, 1, 0, 1, 1, 0, 1], 'G': [1, 0, 0, 0, 0, 1, 0, 1, 1, 0], 'H': [0, 0, 0, 0, 0, 0, 0, 0, 0, 0], 'I': [0, 0, 0, 0, 0, 0, 0, 0, 0, 0]}}
624346	2024-07-13 23:12:23.193000+08:00	2024-07-13 23:12:23.193000+08:00	{'东门北侧': {'A': [1, 1, 1, 1, 1, 0, 1, 1, 1, 1], 'B': [1, 1, 1, 1, 1, 1, 1, 1, 1, 1], 'C': [0, 1, 0, 1, 0, 1, 1, 0, 1, 0], 'D': [1, 0, 1, 1, 1, 1, 0, 1, 1, 1], 'E': [1, 0, 1, 1, 1, 0, 1, 1, 1, 1], 'F': [1, 1, 1, 1, 1, 1, 1, 1, 1, 1], 'G': [1, 1, 1, 1, 1, 0, 1, 1, 0, 1], 'H': [1, 1, 1, 1, 1, 0, 0, 1, 0, 1], 'I': [0, 1, 0, 1, 1, 1, 1, 1, 1, 1], 'J': [1, 1, 1, 1, 0, 1, 1, 1, 1, 0], 'K': [0, 1, 1, 0, 1, 1, 1, 1, 1, 0]}, '东门南侧': {'A': [0, 0, 1, 1, 0, 0, 0, 0, 0, 0], 'B': [0, 0, 0, 0, 0, 0, 0, 0, 0, 0]}, '西门北侧': {'A': [1, 1, 0, 1, 1, 1, 0, 1, 1, 1], 'B': [1, 1, 1, 1, 0, 1, 1, 1, 1, 0], 'C': [1, 1, 1, 1, 0, 1, 1, 0, 0, 1]}, '西门南侧': {'A': [0, 1, 1, 1, 1, 1, 1, 0, 1, 1], 'B': [1, 1, 1, 1, 1, 1, 1, 1, 0, 1], 'C': [1, 0, 0, 1, 0, 0, 1, 1, 1, 1]}, '南门西侧': {'A': [1, 1, 1, 1, 1, 1, 1, 1, 1, 1], 'B': [1, 0, 0, 1, 1, 1, 0, 1, 1, 0]}, '南门东侧': {'A': [1, 1, 0, 1, 0, 1, 1, 1, 1, 1], 'B': [1, 1, 1, 1, 1, 1, 1, 1, 1, 1]}, '北门东北侧': {'A': [1, 1, 1, 1, 1, 1, 1, 1, 1, 1], 'B': [0, 1, 0, 1, 1, 0, 0, 1, 0, 0], 'C': [1, 1, 0, 1, 0, 0, 0, 1, 1, 0], 'D': [1, 0, 0, 0, 0, 0, 0, 0, 0, 0]}, '北门东南侧': {'A': [1, 1, 1, 0, 1, 0, 1, 1, 0, 1], 'B': [0, 1, 0, 1, 1, 0, 0, 1, 0, 0], 'C': [1, 0, 1, 0, 0, 0, 0, 0, 0, 1], 'D': [0, 1, 0, 0, 0, 1, 1, 0, 0, 1], 'E': [1, 0, 0, 1, 0, 1, 0, 0, 0, 1], 'F': [1, 1, 1, 1, 0, 1, 1, 1, 1, 1]}, '橘园北侧南': {'A': [0, 1, 1, 0, 0, 1, 1, 0, 0, 1], 'B': [1, 0, 0, 1, 1, 0, 0, 0, 1, 1], 'C': [1, 0, 0, 1, 1, 1, 0, 0, 0, 0], 'D': [1, 0, 1, 1, 0, 0, 0, 0, 0, 0], 'E': [0, 0, 1, 0, 0, 0, 1, 1, 0, 0], 'F': [0, 0, 0, 0, 0, 0, 0, 0, 0, 0], 'G': [0, 1, 0, 0, 0, 0, 1, 0, 0, 0], 'H': [1, 0, 0, 0, 1, 1, 0, 0, 0, 0], 'I': [0, 0, 0, 0, 0, 0, 0, 0, 0, 0], 'J': [1, 0, 0, 1, 0, 0, 0, 0, 0, 0]}, '校医院西': {'A': [0, 1, 0, 1, 1, 1, 1, 1, 0, 0], 'B': [1, 0, 1, 0, 0, 0, 0, 1, 1, 1], 'C': [1, 1, 1, 1, 1, 1, 1, 1, 1, 1], 'D': [1, 1, 1, 1, 1, 0, 1, 1, 1, 1], 'E': [1, 1, 0, 1, 1, 1, 1, 1, 1, 1], 'F': [1, 1, 1, 1, 1, 0, 1, 1, 0, 1], 'G': [1, 0, 0, 0, 0, 1, 0, 1, 1, 0], 'H': [0, 0, 0, 0, 0, 0, 0, 0, 0, 0], 'I': [0, 0, 0, 0, 0, 0, 0, 0, 0, 0]}}
624347	2024-07-13 23:13:19.731000+08:00	2024-07-13 23:13:19.731000+08:00	{'东门北侧': {'A': [1, 1, 1, 1, 1, 0, 1, 1, 1, 1], 'B': [1, 1, 1, 1, 1, 1, 1, 1, 1, 1], 'C': [0, 1, 0, 1, 0, 1, 1, 0, 1, 0], 'D': [1, 0, 1, 1, 1, 1, 0, 1, 1, 1], 'E': [1, 0, 1, 1, 1, 0, 1, 1, 1, 1], 'F': [1, 1, 1, 1, 1, 1, 1, 1, 1, 1], 'G': [1, 1, 1, 1, 1, 0, 1, 1, 0, 1], 'H': [1, 1, 1, 1, 1, 0, 0, 1, 0, 1], 'I': [0, 1, 0, 1, 1, 1, 1, 1, 1, 1], 'J': [1, 1, 1, 1, 0, 1, 1, 1, 1, 0], 'K': [0, 1, 1, 0, 1, 1, 1, 1, 1, 0]}, '东门南侧': {'A': [0, 0, 1, 1, 0, 0, 0, 0, 0, 0], 'B': [0, 0, 0, 0, 0, 0, 0, 0, 0, 0]}, '西门北侧': {'A': [1, 1, 0, 1, 1, 1, 0, 1, 1, 1], 'B': [1, 1, 1, 1, 0, 1, 1, 1, 1, 0], 'C': [1, 1, 1, 1, 0, 1, 1, 0, 0, 1]}, '西门南侧': {'A': [0, 1, 1, 1, 1, 1, 1, 0, 1, 1], 'B': [1, 1, 1, 1, 1, 1, 1, 1, 0, 1], 'C': [1, 0, 0, 1, 0, 0, 1, 1, 1, 1]}, '南门西侧': {'A': [1, 1, 1, 1, 1, 1, 1, 1, 1, 1], 'B': [1, 0, 0, 1, 1, 1, 0, 1, 1, 0]}, '南门东侧': {'A': [1, 1, 0, 1, 0, 1, 1, 1, 1, 1], 'B': [1, 1, 1, 1, 1, 1, 1, 1, 1, 1]}, '北门东北侧': {'A': [1, 1, 1, 1, 1, 1, 1, 1, 1, 1], 'B': [0, 1, 0, 1, 1, 0, 0, 1, 0, 0], 'C': [1, 1, 0, 1, 0, 0, 0, 1, 1, 0], 'D': [1, 0, 0, 0, 0, 0, 0, 0, 0, 0]}, '北门东南侧': {'A': [1, 1, 1, 0, 1, 0, 1, 1, 0, 1], 'B': [0, 1, 0, 1, 1, 0, 0, 1, 0, 0], 'C': [1, 0, 1, 0, 0, 0, 0, 0, 0, 1], 'D': [0, 1, 0, 0, 0, 1, 1, 0, 0, 1], 'E': [1, 0, 0, 1, 0, 1, 0, 0, 0, 1], 'F': [1, 1, 1, 1, 0, 1, 1, 1, 1, 1]}, '橘园北侧南': {'A': [0, 1, 1, 0, 0, 1, 1, 0, 0, 1], 'B': [1, 0, 0, 1, 1, 0, 0, 0, 1, 1], 'C': [1, 0, 0, 1, 1, 1, 0, 0, 0, 0], 'D': [1, 0, 1, 1, 0, 0, 0, 0, 0, 0], 'E': [0, 0, 1, 0, 0, 0, 1, 1, 0, 0], 'F': [0, 0, 0, 0, 0, 0, 0, 0, 0, 0], 'G': [0, 1, 0, 0, 0, 0, 1, 0, 0, 0], 'H': [1, 0, 0, 0, 1, 1, 0, 0, 0, 0], 'I': [0, 0, 0, 0, 0, 0, 0, 0, 0, 0], 'J': [1, 0, 0, 1, 0, 0, 0, 0, 0, 0]}, '校医院西': {'A': [0, 1, 0, 1, 1, 1, 1, 1, 0, 0], 'B': [1, 0, 1, 0, 0, 0, 0, 1, 1, 1], 'C': [1, 1, 1, 1, 1, 1, 1, 1, 1, 1], 'D': [1, 1, 1, 1, 1, 0, 1, 1, 1, 1], 'E': [1, 1, 0, 1, 1, 1, 1, 1, 1, 1], 'F': [1, 1, 1, 1, 1, 0, 1, 1, 0, 1], 'G': [1, 0, 0, 0, 0, 1, 0, 1, 1, 0], 'H': [0, 0, 0, 0, 0, 0, 0, 0, 0, 0], 'I': [0, 0, 0, 0, 0, 0, 0, 0, 0, 0]}}
624348	2024-07-13 23:14:22.559000+08:00	2024-07-13 23:14:22.559000+08:00	{'东门北侧': {'A': [1, 1, 1, 1, 1, 0, 1, 1, 1, 1], 'B': [1, 1, 1, 1, 1, 1, 1, 1, 1, 1], 'C': [0, 1, 0, 1, 0, 1, 1, 0, 1, 0], 'D': [1, 0, 1, 1, 1, 1, 0, 1, 1, 1], 'E': [1, 0, 1, 1, 1, 0, 1, 1, 1, 1], 'F': [1, 1, 1, 1, 1, 1, 1, 1, 1, 1], 'G': [1, 1, 1, 1, 1, 0, 1, 1, 0, 1], 'H': [1, 1, 1, 1, 1, 0, 0, 1, 0, 1], 'I': [0, 1, 0, 1, 1, 1, 1, 1, 1, 1], 'J': [1, 1, 1, 1, 0, 1, 1, 1, 1, 0], 'K': [0, 1, 1, 0, 1, 1, 1, 1, 1, 0]}, '东门南侧': {'A': [0, 0, 1, 1, 0, 0, 0, 0, 0, 0], 'B': [0, 0, 0, 0, 0, 0, 0, 0, 0, 0]}, '西门北侧': {'A': [1, 1, 0, 1, 1, 1, 0, 1, 1, 1], 'B': [1, 1, 1, 1, 0, 1, 1, 1, 1, 0], 'C': [1, 1, 1, 1, 0, 1, 1, 0, 0, 1]}, '西门南侧': {'A': [0, 1, 1, 1, 1, 1, 1, 0, 1, 1], 'B': [1, 1, 1, 1, 1, 1, 1, 1, 0, 1], 'C': [1, 0, 0, 1, 0, 0, 1, 1, 1, 1]}, '南门西侧': {'A': [1, 1, 1, 1, 1, 1, 1, 1, 1, 1], 'B': [1, 0, 0, 1, 1, 1, 0, 1, 1, 0]}, '南门东侧': {'A': [1, 1, 0, 1, 0, 1, 1, 1, 1, 1], 'B': [1, 1, 1, 1, 1, 1, 1, 1, 1, 1]}, '北门东北侧': {'A': [1, 1, 1, 1, 1, 1, 1, 1, 1, 1], 'B': [0, 1, 0, 1, 1, 0, 0, 1, 0, 0], 'C': [1, 1, 0, 1, 0, 0, 0, 1, 1, 0], 'D': [1, 0, 0, 0, 0, 0, 0, 0, 0, 0]}, '北门东南侧': {'A': [1, 1, 1, 0, 1, 0, 1, 1, 0, 1], 'B': [0, 1, 0, 1, 1, 0, 0, 1, 0, 0], 'C': [1, 0, 1, 0, 0, 0, 0, 0, 0, 1], 'D': [0, 1, 0, 0, 0, 1, 1, 0, 0, 1], 'E': [1, 0, 0, 1, 0, 1, 0, 0, 0, 1], 'F': [1, 1, 1, 1, 0, 1, 1, 1, 1, 1]}, '橘园北侧南': {'A': [0, 1, 1, 0, 0, 1, 1, 0, 0, 1], 'B': [0, 0, 0, 1, 1, 0, 0, 0, 1, 1], 'C': [1, 0, 0, 1, 1, 1, 0, 0, 0, 0], 'D': [1, 0, 1, 1, 0, 0, 0, 0, 0, 0], 'E': [0, 0, 1, 0, 0, 0, 1, 1, 0, 0], 'F': [0, 0, 0, 0, 0, 0, 0, 0, 0, 0], 'G': [0, 1, 0, 0, 0, 0, 1, 0, 0, 0], 'H': [1, 0, 0, 0, 1, 1, 0, 0, 0, 0], 'I': [0, 0, 0, 0, 0, 0, 0, 0, 0, 0], 'J': [1, 0, 0, 1, 0, 0, 0, 0, 0, 0]}, '校医院西': {'A': [0, 1, 0, 1, 1, 1, 1, 1, 0, 0], 'B': [1, 0, 1, 0, 0, 0, 0, 1, 1, 1], 'C': [1, 1, 1, 1, 1, 1, 1, 1, 1, 1], 'D': [1, 1, 1, 1, 1, 0, 1, 1, 1, 1], 'E': [1, 1, 0, 1, 1, 1, 1, 1, 1, 1], 'F': [1, 1, 1, 1, 1, 0, 1, 1, 0, 1], 'G': [1, 0, 1, 0, 0, 1, 0, 1, 1, 0], 'H': [0, 0, 0, 0, 0, 0, 0, 0, 0, 0], 'I': [0, 0, 0, 0, 0, 0, 0, 0, 0, 0]}}
624349	2024-07-13 23:15:20.950000+08:00	2024-07-13 23:15:20.950000+08:00	{'东门北侧': {'A': [1, 1, 1, 1, 1, 0, 1, 1, 1, 1], 'B': [1, 1, 1, 1, 1, 1, 1, 1, 1, 1], 'C': [0, 1, 0, 1, 0, 1, 1, 0, 1, 0], 'D': [1, 0, 1, 1, 1, 1, 0, 1, 1, 1], 'E': [1, 0, 1, 1, 1, 0, 1, 1, 1, 1], 'F': [1, 1, 1, 1, 1, 1, 1, 1, 1, 1], 'G': [1, 1, 1, 1, 1, 0, 1, 1, 0, 1], 'H': [1, 1, 1, 1, 1, 0, 0, 1, 0, 1], 'I': [0, 1, 0, 1, 1, 1, 1, 1, 1, 1], 'J': [1, 1, 1, 1, 0, 1, 1, 1, 1, 0], 'K': [0, 1, 1, 0, 1, 1, 1, 1, 1, 0]}, '东门南侧': {'A': [0, 0, 1, 1, 0, 0, 0, 0, 0, 0], 'B': [0, 0, 0, 0, 0, 0, 0, 0, 0, 0]}, '西门北侧': {'A': [1, 1, 0, 1, 1, 1, 0, 1, 1, 1], 'B': [1, 1, 1, 1, 0, 1, 1, 1, 1, 0], 'C': [1, 1, 1, 1, 0, 1, 1, 0, 0, 1]}, '西门南侧': {'A': [0, 1, 1, 1, 1, 1, 1, 0, 1, 1], 'B': [1, 1, 1, 1, 1, 1, 1, 1, 0, 1], 'C': [1, 0, 0, 1, 0, 0, 1, 1, 1, 1]}, '南门西侧': {'A': [1, 1, 1, 1, 1, 1, 1, 1, 1, 1], 'B': [1, 0, 0, 1, 1, 1, 0, 1, 1, 0]}, '南门东侧': {'A': [1, 1, 0, 1, 0, 1, 1, 1, 1, 1], 'B': [1, 1, 1, 1, 1, 1, 1, 1, 1, 1]}, '北门东北侧': {'A': [1, 1, 1, 1, 1, 1, 1, 1, 1, 1], 'B': [0, 1, 0, 1, 1, 0, 0, 1, 0, 0], 'C': [1, 1, 0, 1, 0, 0, 0, 1, 1, 0], 'D': [1, 0, 0, 0, 0, 0, 0, 0, 0, 0]}, '北门东南侧': {'A': [1, 1, 1, 0, 1, 0, 1, 1, 0, 1], 'B': [0, 1, 0, 1, 1, 0, 0, 1, 0, 0], 'C': [1, 0, 1, 0, 0, 0, 0, 0, 0, 1], 'D': [0, 1, 0, 0, 0, 1, 1, 0, 0, 1], 'E': [1, 0, 0, 1, 0, 1, 0, 0, 0, 1], 'F': [1, 1, 1, 1, 0, 1, 1, 1, 1, 1]}, '橘园北侧南': {'A': [0, 1, 1, 0, 0, 1, 1, 0, 0, 1], 'B': [0, 0, 0, 1, 1, 0, 0, 0, 1, 1], 'C': [1, 0, 0, 1, 1, 1, 0, 0, 0, 0], 'D': [1, 0, 1, 1, 0, 0, 0, 0, 0, 0], 'E': [0, 0, 1, 0, 0, 0, 1, 1, 0, 0], 'F': [0, 0, 0, 0, 0, 0, 0, 0, 0, 0], 'G': [0, 1, 0, 0, 0, 0, 1, 0, 0, 0], 'H': [1, 0, 0, 0, 1, 1, 0, 0, 0, 0], 'I': [0, 0, 0, 0, 0, 0, 0, 0, 0, 0], 'J': [1, 0, 0, 1, 0, 0, 0, 0, 0, 0]}, '校医院西': {'A': [0, 1, 0, 1, 1, 1, 1, 1, 0, 0], 'B': [1, 0, 1, 0, 0, 0, 0, 1, 1, 1], 'C': [1, 1, 1, 1, 1, 1, 1, 1, 1, 1], 'D': [1, 1, 1, 1, 1, 0, 1, 1, 1, 1], 'E': [1, 1, 0, 1, 1, 1, 1, 1, 1, 1], 'F': [1, 1, 1, 1, 1, 0, 1, 1, 0, 1], 'G': [1, 0, 1, 0, 0, 1, 0, 1, 1, 0], 'H': [0, 0, 0, 0, 0, 0, 0, 0, 0, 0], 'I': [0, 0, 0, 0, 0, 0, 0, 0, 0, 0]}}
624350	2024-07-13 23:16:22.183000+08:00	2024-07-13 23:16:22.183000+08:00	{'东门北侧': {'A': [1, 1, 1, 1, 1, 0, 1, 1, 1, 1], 'B': [1, 1, 1, 1, 1, 1, 1, 1, 1, 1], 'C': [0, 1, 0, 1, 0, 1, 1, 0, 1, 0], 'D': [1, 0, 1, 1, 1, 1, 0, 1, 1, 1], 'E': [1, 0, 1, 1, 1, 0, 1, 1, 1, 1], 'F': [1, 1, 1, 1, 1, 1, 1, 1, 1, 1], 'G': [1, 1, 1, 1, 1, 0, 1, 1, 0, 1], 'H': [1, 1, 1, 1, 1, 0, 0, 1, 0, 1], 'I': [0, 1, 0, 1, 1, 1, 1, 1, 1, 1], 'J': [1, 1, 1, 1, 0, 1, 1, 1, 1, 0], 'K': [0, 1, 1, 0, 1, 1, 1, 1, 1, 0]}, '东门南侧': {'A': [0, 0, 1, 1, 0, 0, 0, 0, 0, 0], 'B': [0, 0, 0, 0, 0, 0, 0, 0, 0, 0]}, '西门北侧': {'A': [1, 1, 0, 1, 1, 1, 0, 1, 1, 1], 'B': [1, 1, 1, 1, 0, 1, 1, 1, 1, 0], 'C': [1, 1, 1, 1, 0, 1, 1, 0, 0, 1]}, '西门南侧': {'A': [0, 1, 1, 1, 1, 1, 1, 0, 1, 1], 'B': [1, 1, 1, 1, 1, 1, 1, 1, 0, 1], 'C': [1, 0, 0, 1, 0, 0, 1, 1, 1, 1]}, '南门西侧': {'A': [1, 1, 1, 1, 1, 1, 1, 1, 1, 1], 'B': [1, 0, 0, 1, 1, 1, 0, 1, 1, 0]}, '南门东侧': {'A': [1, 1, 0, 1, 0, 1, 1, 1, 1, 1], 'B': [1, 1, 1, 1, 1, 1, 1, 1, 1, 1]}, '北门东北侧': {'A': [1, 1, 1, 1, 1, 1, 1, 1, 1, 1], 'B': [0, 1, 0, 1, 1, 0, 0, 1, 0, 0], 'C': [1, 1, 0, 1, 0, 0, 0, 1, 1, 0], 'D': [1, 0, 0, 0, 0, 0, 0, 0, 0, 0]}, '北门东南侧': {'A': [1, 1, 1, 0, 1, 0, 1, 1, 0, 1], 'B': [0, 1, 0, 1, 1, 0, 0, 1, 0, 0], 'C': [1, 0, 1, 0, 0, 0, 0, 0, 0, 1], 'D': [0, 1, 0, 0, 0, 1, 1, 0, 0, 1], 'E': [1, 0, 0, 1, 0, 1, 0, 0, 0, 1], 'F': [1, 1, 1, 1, 0, 1, 1, 1, 1, 1]}, '橘园北侧南': {'A': [0, 1, 1, 0, 0, 1, 1, 0, 0, 1], 'B': [0, 0, 0, 1, 1, 0, 0, 0, 1, 1], 'C': [1, 0, 0, 1, 1, 1, 0, 0, 0, 0], 'D': [1, 0, 1, 1, 0, 0, 0, 0, 0, 0], 'E': [0, 0, 1, 0, 0, 0, 1, 1, 0, 0], 'F': [0, 0, 0, 0, 0, 0, 0, 0, 0, 0], 'G': [0, 1, 0, 0, 0, 0, 1, 0, 0, 0], 'H': [1, 0, 0, 0, 1, 1, 0, 0, 0, 0], 'I': [0, 0, 0, 0, 0, 0, 0, 0, 0, 0], 'J': [1, 0, 0, 1, 0, 0, 0, 0, 0, 0]}, '校医院西': {'A': [0, 1, 0, 1, 1, 1, 1, 1, 0, 0], 'B': [1, 0, 1, 0, 0, 0, 0, 1, 1, 1], 'C': [1, 1, 1, 1, 1, 1, 1, 1, 1, 1], 'D': [1, 1, 1, 1, 1, 0, 1, 1, 1, 1], 'E': [1, 1, 0, 1, 1, 1, 1, 1, 1, 1], 'F': [1, 1, 1, 1, 1, 0, 1, 1, 0, 1], 'G': [1, 0, 1, 0, 0, 1, 0, 1, 1, 0], 'H': [0, 0, 0, 0, 0, 0, 0, 0, 0, 0], 'I': [0, 0, 0, 0, 0, 0, 0, 0, 0, 0]}}
624351	2024-07-13 23:17:22.801000+08:00	2024-07-13 23:17:22.801000+08:00	{'东门北侧': {'A': [1, 1, 1, 1, 1, 0, 1, 1, 1, 1], 'B': [1, 1, 1, 1, 1, 1, 1, 1, 1, 1], 'C': [0, 1, 0, 1, 0, 1, 1, 0, 1, 0], 'D': [1, 0, 1, 1, 1, 1, 0, 1, 1, 1], 'E': [1, 0, 1, 1, 1, 0, 1, 1, 1, 1], 'F': [1, 1, 1, 1, 1, 1, 1, 1, 1, 1], 'G': [1, 1, 1, 1, 1, 0, 1, 1, 0, 1], 'H': [1, 1, 1, 1, 1, 0, 0, 1, 0, 1], 'I': [0, 1, 0, 1, 1, 1, 1, 1, 1, 1], 'J': [1, 1, 1, 1, 0, 1, 1, 1, 1, 0], 'K': [0, 1, 1, 0, 1, 1, 1, 1, 1, 0]}, '东门南侧': {'A': [0, 0, 1, 1, 0, 0, 0, 0, 0, 0], 'B': [0, 0, 0, 0, 0, 0, 0, 0, 0, 0]}, '西门北侧': {'A': [1, 1, 0, 1, 1, 1, 0, 1, 1, 1], 'B': [1, 1, 1, 1, 0, 1, 1, 1, 1, 0], 'C': [1, 1, 1, 1, 0, 1, 1, 0, 0, 1]}, '西门南侧': {'A': [0, 1, 1, 1, 1, 1, 1, 0, 1, 1], 'B': [1, 1, 1, 1, 1, 1, 1, 1, 0, 1], 'C': [1, 0, 0, 1, 0, 0, 1, 1, 1, 1]}, '南门西侧': {'A': [1, 1, 1, 1, 1, 1, 1, 1, 1, 1], 'B': [1, 0, 0, 1, 1, 1, 0, 1, 1, 0]}, '南门东侧': {'A': [1, 1, 0, 1, 0, 1, 1, 1, 1, 1], 'B': [1, 1, 1, 1, 1, 1, 1, 1, 1, 1]}, '北门东北侧': {'A': [1, 1, 1, 1, 1, 1, 1, 1, 1, 1], 'B': [0, 1, 0, 1, 1, 0, 0, 1, 0, 0], 'C': [1, 1, 0, 1, 0, 0, 0, 1, 1, 0], 'D': [1, 0, 0, 0, 0, 0, 0, 0, 0, 0]}, '北门东南侧': {'A': [1, 1, 1, 0, 1, 0, 1, 1, 0, 1], 'B': [0, 1, 0, 1, 1, 0, 0, 1, 0, 0], 'C': [1, 0, 1, 0, 0, 0, 0, 0, 0, 1], 'D': [0, 1, 0, 0, 0, 1, 1, 0, 0, 1], 'E': [1, 0, 0, 1, 0, 1, 0, 0, 0, 1], 'F': [1, 1, 1, 1, 0, 1, 1, 1, 1, 1]}, '橘园北侧南': {'A': [0, 1, 1, 0, 0, 1, 1, 0, 0, 1], 'B': [0, 0, 0, 1, 1, 0, 0, 0, 1, 1], 'C': [1, 0, 0, 1, 1, 1, 0, 0, 0, 0], 'D': [1, 0, 1, 1, 0, 0, 0, 0, 0, 0], 'E': [0, 0, 1, 0, 0, 0, 1, 1, 0, 0], 'F': [0, 0, 0, 0, 0, 0, 0, 0, 0, 0], 'G': [0, 1, 0, 0, 0, 0, 1, 0, 0, 0], 'H': [1, 0, 0, 0, 1, 1, 0, 0, 0, 0], 'I': [0, 0, 0, 0, 0, 0, 0, 0, 0, 0], 'J': [1, 0, 0, 1, 0, 0, 0, 0, 0, 0]}, '校医院西': {'A': [0, 1, 1, 1, 1, 1, 1, 1, 0, 0], 'B': [1, 0, 1, 0, 0, 0, 0, 1, 1, 1], 'C': [1, 1, 1, 1, 1, 1, 1, 1, 1, 1], 'D': [1, 1, 1, 1, 1, 0, 1, 1, 1, 1], 'E': [1, 1, 0, 1, 1, 1, 1, 1, 1, 1], 'F': [1, 1, 1, 1, 1, 0, 1, 1, 0, 1], 'G': [1, 0, 1, 0, 0, 1, 0, 1, 1, 0], 'H': [0, 0, 0, 0, 0, 0, 0, 0, 0, 0], 'I': [0, 0, 0, 0, 0, 0, 0, 0, 0, 0]}}
624352	2024-07-13 23:18:21.010000+08:00	2024-07-13 23:18:21.010000+08:00	{'东门北侧': {'A': [1, 1, 1, 1, 1, 0, 1, 1, 1, 1], 'B': [1, 1, 1, 1, 1, 1, 1, 1, 1, 1], 'C': [0, 1, 0, 1, 0, 1, 1, 0, 1, 0], 'D': [1, 0, 1, 1, 1, 1, 0, 1, 1, 1], 'E': [1, 0, 1, 1, 1, 0, 1, 0, 1, 1], 'F': [1, 1, 1, 1, 1, 1, 1, 1, 1, 1], 'G': [1, 1, 1, 1, 1, 0, 1, 1, 0, 1], 'H': [1, 1, 1, 1, 1, 0, 0, 1, 0, 1], 'I': [0, 1, 0, 1, 1, 1, 1, 1, 1, 1], 'J': [1, 1, 1, 1, 0, 1, 1, 1, 1, 0], 'K': [0, 1, 1, 0, 1, 1, 1, 1, 1, 0]}, '东门南侧': {'A': [0, 0, 1, 1, 0, 0, 0, 0, 0, 0], 'B': [0, 0, 0, 0, 0, 0, 0, 0, 0, 0]}, '西门北侧': {'A': [1, 1, 0, 1, 1, 1, 0, 1, 1, 1], 'B': [1, 1, 1, 1, 0, 1, 1, 1, 1, 0], 'C': [1, 1, 1, 1, 0, 1, 1, 0, 0, 1]}, '西门南侧': {'A': [0, 1, 1, 1, 1, 1, 1, 0, 1, 1], 'B': [1, 1, 1, 1, 1, 1, 1, 1, 0, 1], 'C': [1, 0, 0, 1, 0, 0, 1, 1, 1, 1]}, '南门西侧': {'A': [1, 1, 1, 1, 1, 1, 1, 1, 1, 1], 'B': [1, 0, 0, 1, 1, 1, 0, 1, 1, 0]}, '南门东侧': {'A': [1, 1, 0, 1, 0, 1, 1, 1, 1, 1], 'B': [1, 1, 1, 1, 1, 1, 1, 1, 1, 1]}, '北门东北侧': {'A': [1, 1, 1, 1, 1, 1, 1, 1, 1, 1], 'B': [0, 1, 0, 1, 1, 0, 0, 1, 0, 0], 'C': [1, 1, 0, 1, 0, 0, 0, 1, 1, 0], 'D': [1, 0, 0, 0, 0, 0, 0, 0, 0, 0]}, '北门东南侧': {'A': [1, 1, 1, 0, 1, 0, 1, 1, 0, 1], 'B': [0, 1, 0, 1, 1, 0, 0, 1, 0, 0], 'C': [1, 0, 1, 0, 0, 0, 0, 0, 0, 1], 'D': [0, 1, 0, 0, 0, 1, 1, 0, 0, 1], 'E': [1, 0, 0, 1, 0, 1, 0, 0, 0, 1], 'F': [1, 1, 1, 1, 0, 1, 1, 1, 1, 1]}, '橘园北侧南': {'A': [0, 1, 1, 0, 0, 1, 1, 0, 0, 1], 'B': [0, 0, 0, 1, 1, 0, 0, 0, 1, 1], 'C': [1, 0, 0, 1, 1, 1, 0, 0, 0, 0], 'D': [1, 0, 1, 1, 0, 0, 0, 0, 0, 0], 'E': [0, 0, 1, 0, 0, 0, 1, 1, 0, 0], 'F': [0, 0, 0, 0, 0, 0, 0, 0, 0, 0], 'G': [0, 1, 0, 0, 0, 0, 1, 0, 0, 0], 'H': [1, 0, 0, 0, 1, 1, 0, 0, 0, 0], 'I': [0, 0, 0, 0, 0, 0, 0, 0, 0, 0], 'J': [1, 0, 0, 1, 0, 0, 0, 0, 0, 0]}, '校医院西': {'A': [0, 1, 1, 1, 1, 1, 1, 1, 0, 0], 'B': [1, 0, 1, 0, 0, 0, 0, 1, 1, 1], 'C': [1, 1, 1, 1, 1, 1, 1, 1, 1, 1], 'D': [1, 1, 1, 1, 1, 0, 1, 1, 1, 1], 'E': [1, 1, 0, 1, 1, 1, 1, 1, 1, 1], 'F': [1, 1, 1, 1, 1, 0, 1, 1, 0, 1], 'G': [1, 0, 1, 0, 0, 1, 0, 1, 1, 0], 'H': [0, 0, 0, 0, 0, 0, 0, 0, 0, 0], 'I': [0, 0, 0, 0, 0, 0, 0, 0, 0, 0]}}
624353	2024-07-13 23:19:20.611000+08:00	2024-07-13 23:19:20.611000+08:00	{'东门北侧': {'A': [1, 1, 1, 1, 1, 0, 1, 1, 1, 1], 'B': [1, 1, 1, 1, 1, 1, 1, 1, 1, 1], 'C': [0, 1, 0, 1, 0, 1, 1, 0, 1, 0], 'D': [1, 0, 1, 1, 1, 1, 0, 1, 1, 1], 'E': [1, 0, 1, 1, 1, 0, 1, 0, 1, 1], 'F': [1, 1, 1, 1, 1, 1, 1, 1, 1, 1], 'G': [1, 1, 1, 1, 1, 0, 1, 1, 0, 1], 'H': [1, 1, 1, 1, 1, 0, 0, 1, 0, 1], 'I': [0, 1, 0, 1, 1, 1, 1, 1, 1, 1], 'J': [1, 1, 1, 1, 0, 1, 1, 1, 1, 0], 'K': [0, 1, 1, 0, 1, 1, 1, 1, 1, 0]}, '东门南侧': {'A': [0, 0, 1, 1, 0, 0, 0, 0, 0, 0], 'B': [0, 0, 0, 0, 0, 0, 0, 0, 0, 0]}, '西门北侧': {'A': [1, 1, 0, 1, 1, 1, 0, 1, 1, 1], 'B': [1, 1, 1, 1, 0, 1, 1, 0, 1, 0], 'C': [1, 1, 1, 1, 0, 1, 1, 0, 0, 1]}, '西门南侧': {'A': [0, 1, 1, 1, 1, 1, 1, 0, 1, 1], 'B': [1, 1, 1, 1, 1, 1, 1, 1, 0, 1], 'C': [1, 0, 0, 1, 0, 0, 1, 1, 1, 1]}, '南门西侧': {'A': [1, 1, 1, 1, 1, 1, 1, 1, 1, 1], 'B': [1, 0, 0, 1, 1, 1, 0, 1, 1, 0]}, '南门东侧': {'A': [1, 1, 0, 1, 0, 1, 1, 1, 1, 1], 'B': [1, 1, 1, 1, 1, 1, 1, 1, 1, 1]}, '北门东北侧': {'A': [1, 1, 1, 1, 1, 1, 1, 1, 1, 1], 'B': [0, 1, 0, 1, 1, 0, 0, 1, 0, 0], 'C': [1, 1, 0, 1, 0, 0, 0, 1, 1, 0], 'D': [1, 0, 0, 0, 0, 0, 0, 0, 0, 0]}, '北门东南侧': {'A': [1, 1, 1, 0, 1, 0, 1, 1, 0, 1], 'B': [0, 1, 0, 1, 1, 0, 0, 1, 0, 0], 'C': [1, 0, 1, 0, 0, 0, 0, 0, 0, 1], 'D': [0, 1, 0, 0, 0, 1, 1, 0, 0, 1], 'E': [1, 0, 0, 1, 0, 1, 0, 0, 0, 1], 'F': [1, 1, 1, 1, 0, 1, 1, 1, 1, 1]}, '橘园北侧南': {'A': [0, 1, 1, 0, 0, 1, 1, 0, 0, 1], 'B': [0, 0, 0, 1, 1, 0, 0, 0, 1, 1], 'C': [1, 0, 0, 1, 1, 1, 0, 0, 0, 0], 'D': [1, 0, 1, 1, 0, 0, 0, 0, 0, 0], 'E': [0, 0, 1, 0, 0, 0, 1, 1, 0, 0], 'F': [0, 0, 0, 0, 0, 0, 0, 0, 0, 0], 'G': [0, 1, 0, 0, 0, 0, 1, 0, 0, 0], 'H': [1, 0, 0, 0, 1, 0, 0, 0, 0, 0], 'I': [0, 0, 0, 0, 0, 0, 0, 0, 0, 0], 'J': [1, 0, 0, 1, 0, 0, 0, 0, 0, 0]}, '校医院西': {'A': [0, 1, 1, 1, 1, 1, 1, 1, 0, 0], 'B': [1, 0, 1, 0, 0, 0, 0, 1, 1, 1], 'C': [1, 1, 1, 1, 1, 1, 1, 1, 1, 1], 'D': [1, 1, 1, 1, 1, 0, 1, 1, 1, 1], 'E': [1, 1, 0, 1, 1, 1, 1, 1, 1, 1], 'F': [1, 1, 1, 1, 1, 0, 1, 1, 0, 1], 'G': [1, 0, 1, 0, 0, 1, 0, 1, 1, 0], 'H': [0, 0, 0, 0, 0, 0, 0, 0, 0, 0], 'I': [0, 0, 0, 0, 0, 0, 0, 0, 0, 0]}}
624354	2024-07-13 23:20:21.606000+08:00	2024-07-13 23:20:21.606000+08:00	{'东门北侧': {'A': [1, 1, 1, 1, 1, 0, 1, 1, 1, 1], 'B': [1, 1, 1, 1, 1, 1, 1, 1, 1, 1], 'C': [0, 1, 0, 1, 0, 1, 1, 0, 1, 0], 'D': [1, 0, 1, 1, 1, 1, 0, 1, 1, 1], 'E': [1, 0, 1, 1, 1, 0, 1, 0, 1, 1], 'F': [1, 1, 1, 1, 1, 1, 1, 1, 1, 1], 'G': [1, 1, 1, 1, 1, 0, 1, 1, 0, 1], 'H': [1, 1, 1, 1, 1, 0, 0, 1, 0, 1], 'I': [0, 1, 0, 1, 1, 1, 1, 1, 1, 1], 'J': [1, 1, 1, 1, 0, 1, 1, 1, 1, 0], 'K': [0, 1, 1, 0, 1, 1, 1, 1, 1, 0]}, '东门南侧': {'A': [0, 0, 1, 1, 0, 0, 0, 0, 0, 0], 'B': [0, 0, 0, 0, 0, 0, 0, 0, 0, 0]}, '西门北侧': {'A': [1, 1, 0, 1, 1, 1, 0, 1, 1, 1], 'B': [1, 1, 1, 1, 0, 1, 1, 0, 1, 0], 'C': [1, 1, 1, 1, 0, 1, 1, 0, 0, 1]}, '西门南侧': {'A': [0, 1, 1, 1, 1, 1, 1, 0, 1, 1], 'B': [1, 1, 1, 1, 1, 1, 1, 1, 0, 1], 'C': [1, 0, 0, 1, 0, 0, 1, 1, 1, 1]}, '南门西侧': {'A': [1, 1, 1, 1, 1, 1, 1, 1, 1, 1], 'B': [1, 0, 0, 1, 1, 1, 0, 1, 1, 0]}, '南门东侧': {'A': [1, 1, 0, 1, 0, 1, 1, 1, 1, 1], 'B': [1, 1, 1, 1, 1, 1, 1, 1, 1, 1]}, '北门东北侧': {'A': [1, 1, 1, 1, 1, 1, 1, 1, 1, 1], 'B': [0, 1, 0, 1, 1, 0, 0, 1, 0, 0], 'C': [1, 1, 0, 1, 0, 0, 0, 1, 1, 0], 'D': [1, 0, 0, 0, 0, 0, 0, 0, 0, 0]}, '北门东南侧': {'A': [1, 1, 1, 0, 1, 0, 1, 1, 0, 1], 'B': [0, 1, 0, 1, 0, 0, 0, 1, 0, 0], 'C': [1, 0, 1, 0, 0, 0, 0, 0, 0, 1], 'D': [0, 1, 0, 0, 0, 0, 1, 0, 0, 1], 'E': [1, 0, 0, 1, 0, 1, 0, 0, 0, 1], 'F': [1, 1, 1, 1, 0, 1, 1, 1, 1, 1]}, '橘园北侧南': {'A': [0, 1, 1, 0, 0, 1, 1, 0, 0, 1], 'B': [0, 0, 0, 1, 1, 0, 0, 0, 1, 1], 'C': [1, 0, 0, 1, 1, 1, 0, 0, 0, 0], 'D': [1, 0, 1, 1, 0, 0, 0, 0, 0, 0], 'E': [0, 0, 1, 0, 0, 0, 1, 1, 0, 0], 'F': [0, 0, 0, 0, 0, 0, 0, 0, 0, 0], 'G': [0, 1, 0, 0, 0, 0, 1, 0, 0, 0], 'H': [1, 0, 0, 0, 1, 0, 0, 0, 0, 0], 'I': [0, 0, 0, 0, 0, 0, 0, 0, 0, 0], 'J': [1, 0, 0, 1, 0, 0, 0, 0, 0, 0]}, '校医院西': {'A': [0, 1, 1, 1, 1, 1, 1, 1, 0, 0], 'B': [1, 0, 1, 0, 0, 0, 0, 1, 1, 1], 'C': [1, 1, 1, 1, 1, 1, 1, 1, 1, 1], 'D': [1, 1, 1, 1, 1, 0, 1, 1, 1, 1], 'E': [1, 1, 0, 1, 1, 1, 1, 1, 1, 1], 'F': [1, 1, 1, 1, 1, 0, 1, 1, 0, 1], 'G': [1, 0, 1, 0, 0, 1, 0, 1, 1, 0], 'H': [0, 0, 0, 0, 0, 0, 0, 0, 0, 0], 'I': [0, 0, 0, 0, 0, 0, 0, 0, 0, 0]}}
624355	2024-07-13 23:21:21.526000+08:00	2024-07-13 23:21:21.526000+08:00	{'东门北侧': {'A': [1, 1, 1, 1, 1, 0, 1, 1, 1, 1], 'B': [1, 1, 1, 1, 1, 1, 1, 1, 1, 1], 'C': [0, 1, 0, 1, 0, 1, 1, 0, 1, 0], 'D': [1, 0, 1, 1, 1, 1, 0, 1, 1, 1], 'E': [1, 0, 1, 1, 1, 0, 1, 0, 1, 1], 'F': [1, 1, 1, 1, 1, 1, 1, 1, 1, 1], 'G': [1, 1, 1, 1, 1, 0, 1, 1, 0, 1], 'H': [1, 1, 1, 1, 1, 0, 0, 1, 0, 1], 'I': [0, 1, 0, 1, 1, 1, 1, 1, 1, 1], 'J': [1, 1, 1, 1, 0, 1, 1, 1, 1, 0], 'K': [0, 1, 1, 0, 1, 1, 1, 1, 1, 0]}, '东门南侧': {'A': [0, 0, 1, 1, 0, 0, 0, 0, 0, 0], 'B': [0, 0, 0, 0, 0, 0, 0, 0, 0, 0]}, '西门北侧': {'A': [1, 1, 0, 1, 1, 1, 0, 1, 1, 1], 'B': [1, 1, 1, 1, 0, 1, 1, 0, 1, 0], 'C': [1, 1, 1, 1, 0, 1, 1, 0, 0, 1]}, '西门南侧': {'A': [0, 1, 1, 1, 1, 1, 1, 0, 1, 1], 'B': [1, 1, 1, 1, 1, 1, 1, 1, 0, 1], 'C': [1, 0, 0, 1, 0, 0, 1, 1, 1, 1]}, '南门西侧': {'A': [1, 1, 1, 1, 1, 1, 1, 1, 1, 1], 'B': [1, 0, 0, 1, 1, 1, 0, 1, 1, 0]}, '南门东侧': {'A': [1, 1, 0, 1, 0, 1, 1, 1, 1, 1], 'B': [1, 1, 1, 1, 1, 1, 1, 1, 1, 1]}, '北门东北侧': {'A': [1, 1, 1, 1, 1, 1, 1, 1, 1, 1], 'B': [0, 1, 0, 1, 1, 0, 0, 1, 0, 0], 'C': [1, 1, 0, 1, 0, 0, 0, 1, 1, 0], 'D': [1, 0, 0, 0, 0, 0, 0, 0, 0, 0]}, '北门东南侧': {'A': [1, 1, 1, 0, 1, 0, 1, 1, 0, 1], 'B': [0, 1, 0, 1, 0, 0, 0, 1, 0, 0], 'C': [1, 0, 1, 0, 0, 0, 0, 0, 0, 1], 'D': [0, 1, 0, 0, 0, 0, 1, 0, 0, 1], 'E': [1, 0, 0, 1, 0, 1, 0, 0, 0, 1], 'F': [1, 1, 1, 1, 0, 1, 1, 1, 1, 1]}, '橘园北侧南': {'A': [0, 1, 1, 0, 0, 1, 1, 0, 0, 1], 'B': [0, 0, 0, 1, 1, 0, 0, 0, 1, 1], 'C': [1, 0, 0, 1, 1, 1, 0, 0, 0, 0], 'D': [1, 0, 1, 1, 0, 0, 0, 0, 0, 0], 'E': [0, 0, 1, 0, 0, 0, 1, 1, 0, 0], 'F': [0, 0, 0, 0, 0, 0, 0, 0, 0, 0], 'G': [0, 1, 0, 0, 0, 0, 1, 0, 0, 0], 'H': [1, 0, 0, 0, 1, 0, 0, 0, 0, 0], 'I': [0, 0, 0, 0, 0, 0, 0, 0, 0, 0], 'J': [1, 0, 0, 1, 0, 0, 0, 0, 0, 0]}, '校医院西': {'A': [0, 1, 1, 1, 1, 1, 1, 1, 0, 0], 'B': [1, 0, 1, 0, 0, 0, 0, 1, 1, 1], 'C': [1, 1, 1, 1, 1, 1, 1, 1, 1, 1], 'D': [1, 1, 1, 1, 1, 0, 1, 1, 1, 1], 'E': [1, 1, 0, 1, 1, 1, 1, 1, 1, 1], 'F': [1, 1, 1, 1, 1, 0, 1, 1, 0, 1], 'G': [1, 1, 1, 0, 0, 1, 0, 1, 1, 0], 'H': [0, 0, 0, 0, 0, 0, 0, 0, 0, 0], 'I': [0, 0, 0, 0, 0, 0, 0, 0, 0, 0]}}
624356	2024-07-13 23:22:23.103000+08:00	2024-07-13 23:22:23.103000+08:00	{'东门北侧': {'A': [1, 1, 1, 1, 1, 0, 1, 1, 1, 1], 'B': [1, 1, 1, 1, 1, 1, 1, 1, 1, 1], 'C': [0, 1, 0, 1, 0, 1, 1, 0, 1, 0], 'D': [1, 0, 1, 1, 1, 1, 0, 1, 1, 1], 'E': [1, 0, 1, 1, 1, 0, 1, 0, 1, 1], 'F': [1, 1, 1, 1, 1, 1, 1, 1, 1, 1], 'G': [1, 1, 1, 1, 1, 0, 1, 1, 0, 1], 'H': [1, 1, 1, 1, 1, 0, 0, 1, 0, 1], 'I': [0, 1, 0, 1, 1, 1, 1, 1, 1, 1], 'J': [1, 1, 1, 1, 0, 1, 1, 1, 1, 0], 'K': [0, 1, 1, 0, 1, 1, 1, 1, 1, 0]}, '东门南侧': {'A': [0, 0, 1, 1, 0, 0, 0, 0, 0, 0], 'B': [0, 0, 0, 0, 0, 0, 0, 0, 0, 0]}, '西门北侧': {'A': [1, 1, 0, 1, 1, 1, 0, 1, 1, 1], 'B': [1, 1, 1, 1, 0, 1, 1, 0, 1, 0], 'C': [1, 1, 1, 1, 0, 1, 1, 0, 0, 1]}, '西门南侧': {'A': [0, 1, 1, 1, 1, 1, 1, 0, 1, 1], 'B': [1, 1, 1, 1, 1, 1, 1, 1, 0, 1], 'C': [1, 0, 0, 1, 0, 0, 1, 1, 1, 1]}, '南门西侧': {'A': [1, 1, 1, 1, 1, 1, 1, 1, 1, 1], 'B': [1, 0, 0, 1, 1, 1, 0, 1, 1, 0]}, '南门东侧': {'A': [1, 1, 0, 1, 0, 1, 1, 1, 1, 1], 'B': [1, 1, 1, 1, 1, 1, 1, 1, 1, 1]}, '北门东北侧': {'A': [1, 1, 1, 1, 1, 1, 1, 1, 1, 1], 'B': [0, 1, 0, 1, 1, 0, 0, 1, 0, 0], 'C': [1, 1, 0, 1, 0, 0, 0, 1, 1, 0], 'D': [1, 0, 0, 0, 0, 0, 0, 0, 0, 0]}, '北门东南侧': {'A': [1, 1, 1, 0, 1, 0, 1, 1, 0, 1], 'B': [0, 1, 0, 1, 0, 0, 0, 1, 0, 0], 'C': [1, 0, 1, 0, 0, 0, 0, 0, 0, 1], 'D': [0, 1, 0, 0, 0, 0, 1, 0, 0, 1], 'E': [1, 0, 0, 1, 0, 1, 0, 0, 0, 1], 'F': [1, 1, 1, 1, 0, 1, 1, 1, 1, 1]}, '橘园北侧南': {'A': [0, 1, 1, 0, 0, 1, 1, 0, 0, 1], 'B': [0, 0, 0, 1, 1, 0, 0, 0, 1, 1], 'C': [1, 0, 0, 1, 1, 1, 0, 0, 0, 0], 'D': [1, 0, 1, 1, 0, 0, 0, 0, 0, 0], 'E': [0, 0, 1, 0, 0, 0, 1, 1, 0, 0], 'F': [0, 0, 0, 0, 0, 0, 0, 0, 0, 0], 'G': [0, 1, 0, 1, 0, 0, 1, 0, 0, 0], 'H': [1, 0, 0, 0, 1, 0, 0, 0, 0, 0], 'I': [0, 0, 0, 0, 0, 0, 0, 0, 0, 0], 'J': [1, 0, 0, 1, 0, 0, 0, 0, 0, 0]}, '校医院西': {'A': [0, 1, 1, 1, 1, 1, 1, 1, 0, 0], 'B': [1, 0, 1, 0, 0, 0, 0, 1, 1, 1], 'C': [1, 1, 1, 1, 1, 1, 1, 1, 1, 1], 'D': [1, 1, 1, 1, 1, 0, 1, 1, 1, 1], 'E': [1, 1, 0, 1, 1, 1, 1, 1, 1, 1], 'F': [1, 1, 1, 1, 1, 0, 1, 1, 0, 1], 'G': [1, 1, 1, 0, 0, 1, 0, 1, 1, 0], 'H': [0, 0, 0, 0, 0, 0, 0, 0, 0, 0], 'I': [0, 0, 0, 0, 0, 0, 0, 0, 0, 0]}}
624357	2024-07-13 23:23:19.763000+08:00	2024-07-13 23:23:19.763000+08:00	{'东门北侧': {'A': [1, 1, 1, 1, 1, 0, 1, 1, 1, 1], 'B': [1, 1, 1, 1, 1, 1, 1, 1, 1, 1], 'C': [0, 1, 0, 1, 0, 1, 1, 0, 1, 0], 'D': [1, 0, 1, 1, 1, 1, 0, 1, 1, 1], 'E': [1, 0, 1, 1, 1, 0, 1, 0, 1, 1], 'F': [1, 1, 1, 1, 1, 1, 1, 1, 1, 1], 'G': [1, 1, 1, 1, 1, 0, 1, 1, 0, 1], 'H': [1, 1, 1, 1, 1, 0, 0, 1, 0, 1], 'I': [0, 1, 0, 1, 1, 1, 1, 1, 1, 1], 'J': [1, 1, 1, 1, 0, 1, 1, 1, 1, 0], 'K': [0, 1, 1, 0, 1, 1, 1, 1, 1, 0]}, '东门南侧': {'A': [0, 0, 1, 1, 0, 0, 0, 0, 0, 0], 'B': [0, 0, 0, 0, 0, 0, 0, 0, 0, 0]}, '西门北侧': {'A': [1, 1, 0, 1, 1, 1, 0, 1, 1, 1], 'B': [1, 1, 1, 1, 0, 1, 1, 0, 1, 0], 'C': [1, 1, 1, 1, 0, 1, 1, 0, 0, 1]}, '西门南侧': {'A': [0, 1, 1, 1, 1, 1, 1, 0, 1, 1], 'B': [1, 1, 1, 1, 1, 1, 1, 1, 0, 1], 'C': [1, 0, 0, 1, 0, 0, 1, 1, 1, 1]}, '南门西侧': {'A': [1, 1, 1, 1, 1, 1, 1, 1, 1, 1], 'B': [1, 0, 0, 1, 1, 1, 0, 1, 1, 0]}, '南门东侧': {'A': [1, 1, 0, 1, 0, 1, 1, 1, 1, 1], 'B': [1, 1, 1, 1, 1, 1, 1, 1, 1, 1]}, '北门东北侧': {'A': [1, 1, 1, 1, 1, 1, 1, 1, 1, 1], 'B': [0, 1, 0, 1, 1, 0, 0, 1, 0, 0], 'C': [1, 1, 0, 1, 0, 0, 0, 1, 1, 0], 'D': [1, 0, 0, 0, 0, 0, 0, 0, 0, 0]}, '北门东南侧': {'A': [1, 1, 1, 0, 1, 0, 1, 1, 0, 1], 'B': [0, 1, 0, 1, 0, 0, 0, 1, 0, 0], 'C': [1, 0, 1, 0, 0, 0, 0, 0, 0, 1], 'D': [0, 1, 0, 0, 0, 0, 1, 0, 0, 1], 'E': [1, 0, 0, 1, 0, 1, 0, 0, 0, 1], 'F': [1, 1, 1, 1, 0, 1, 1, 1, 1, 1]}, '橘园北侧南': {'A': [0, 1, 1, 0, 0, 1, 1, 0, 0, 1], 'B': [0, 0, 0, 1, 1, 0, 0, 0, 1, 1], 'C': [1, 0, 0, 1, 1, 1, 0, 0, 0, 0], 'D': [1, 0, 1, 1, 0, 0, 0, 0, 0, 0], 'E': [0, 0, 1, 0, 0, 0, 1, 1, 0, 0], 'F': [0, 0, 0, 0, 0, 0, 0, 0, 0, 0], 'G': [0, 1, 0, 1, 0, 0, 1, 0, 0, 0], 'H': [1, 0, 0, 0, 1, 0, 0, 0, 0, 0], 'I': [0, 0, 0, 0, 0, 0, 0, 0, 0, 0], 'J': [1, 0, 0, 1, 0, 0, 0, 0, 0, 0]}, '校医院西': {'A': [0, 1, 1, 1, 1, 1, 1, 1, 0, 0], 'B': [1, 0, 1, 0, 0, 0, 0, 1, 1, 1], 'C': [1, 1, 1, 1, 1, 1, 1, 1, 1, 1], 'D': [1, 1, 1, 1, 1, 0, 1, 1, 1, 1], 'E': [1, 1, 0, 1, 1, 1, 1, 1, 1, 1], 'F': [1, 1, 1, 1, 1, 0, 1, 1, 0, 1], 'G': [1, 1, 1, 0, 0, 1, 0, 1, 1, 0], 'H': [0, 0, 0, 0, 0, 0, 0, 0, 0, 0], 'I': [0, 0, 0, 0, 0, 0, 0, 0, 0, 0]}}
624358	2024-07-13 23:24:20.628000+08:00	2024-07-13 23:24:20.628000+08:00	{'东门北侧': {'A': [1, 1, 1, 1, 1, 0, 1, 1, 1, 1], 'B': [1, 1, 1, 1, 1, 1, 1, 1, 1, 1], 'C': [0, 1, 0, 1, 0, 1, 1, 0, 1, 0], 'D': [1, 0, 1, 1, 1, 1, 0, 1, 1, 1], 'E': [1, 0, 1, 1, 1, 0, 1, 0, 1, 1], 'F': [1, 1, 1, 1, 1, 1, 1, 1, 1, 1], 'G': [1, 1, 1, 1, 1, 0, 1, 1, 0, 1], 'H': [1, 1, 1, 1, 1, 0, 0, 1, 0, 1], 'I': [0, 1, 0, 1, 1, 1, 1, 1, 1, 1], 'J': [1, 1, 1, 1, 0, 1, 1, 1, 1, 0], 'K': [0, 1, 1, 0, 1, 1, 1, 1, 1, 0]}, '东门南侧': {'A': [0, 0, 1, 1, 0, 0, 0, 0, 0, 0], 'B': [0, 0, 0, 0, 0, 0, 0, 0, 0, 0]}, '西门北侧': {'A': [1, 1, 0, 1, 1, 1, 0, 1, 1, 1], 'B': [1, 1, 1, 1, 0, 1, 1, 0, 1, 0], 'C': [1, 1, 1, 1, 0, 1, 1, 0, 0, 1]}, '西门南侧': {'A': [0, 1, 1, 1, 1, 1, 1, 0, 1, 1], 'B': [1, 1, 1, 1, 1, 1, 1, 1, 0, 1], 'C': [1, 0, 0, 1, 0, 0, 1, 1, 1, 1]}, '南门西侧': {'A': [1, 1, 1, 1, 1, 1, 1, 1, 1, 1], 'B': [1, 0, 0, 1, 1, 1, 0, 1, 1, 0]}, '南门东侧': {'A': [1, 1, 0, 1, 0, 1, 1, 1, 1, 1], 'B': [1, 1, 1, 1, 1, 1, 1, 1, 1, 1]}, '北门东北侧': {'A': [1, 1, 1, 1, 1, 1, 1, 1, 1, 1], 'B': [0, 1, 0, 1, 1, 0, 0, 1, 0, 0], 'C': [1, 1, 0, 1, 0, 0, 0, 1, 1, 0], 'D': [1, 0, 0, 0, 0, 0, 0, 0, 0, 0]}, '北门东南侧': {'A': [1, 1, 1, 0, 1, 1, 1, 1, 0, 1], 'B': [0, 1, 0, 1, 0, 0, 0, 1, 0, 0], 'C': [1, 0, 1, 0, 0, 0, 0, 0, 0, 1], 'D': [0, 1, 0, 0, 0, 0, 1, 0, 0, 1], 'E': [1, 0, 0, 1, 0, 1, 0, 0, 0, 1], 'F': [1, 1, 1, 1, 0, 1, 1, 1, 1, 1]}, '橘园北侧南': {'A': [0, 1, 1, 0, 0, 1, 1, 0, 0, 1], 'B': [0, 0, 0, 1, 1, 0, 0, 0, 1, 1], 'C': [1, 0, 0, 1, 1, 1, 0, 0, 0, 0], 'D': [1, 0, 1, 1, 0, 0, 0, 0, 0, 0], 'E': [0, 0, 1, 0, 0, 0, 1, 1, 0, 0], 'F': [0, 0, 0, 0, 0, 0, 0, 0, 0, 0], 'G': [0, 1, 0, 1, 0, 0, 1, 0, 0, 0], 'H': [1, 0, 0, 0, 1, 0, 0, 0, 0, 0], 'I': [0, 0, 0, 0, 0, 0, 0, 0, 0, 0], 'J': [1, 0, 0, 1, 0, 0, 0, 0, 0, 0]}, '校医院西': {'A': [0, 1, 1, 1, 1, 1, 1, 1, 0, 0], 'B': [1, 0, 1, 0, 0, 0, 0, 1, 1, 1], 'C': [1, 1, 1, 1, 1, 1, 1, 1, 1, 1], 'D': [1, 1, 1, 1, 1, 0, 1, 1, 1, 1], 'E': [1, 1, 0, 1, 1, 1, 1, 1, 1, 1], 'F': [1, 1, 1, 1, 1, 0, 1, 1, 0, 1], 'G': [1, 1, 1, 0, 0, 1, 0, 1, 1, 0], 'H': [0, 0, 0, 0, 0, 0, 0, 0, 0, 0], 'I': [0, 0, 0, 0, 0, 0, 0, 0, 0, 0]}}
624359	2024-07-13 23:25:19.415000+08:00	2024-07-13 23:25:19.415000+08:00	{'东门北侧': {'A': [1, 1, 1, 1, 1, 0, 1, 1, 1, 1], 'B': [1, 1, 1, 1, 1, 1, 1, 1, 1, 1], 'C': [0, 1, 0, 1, 0, 1, 1, 0, 1, 0], 'D': [1, 0, 1, 1, 1, 1, 0, 1, 1, 1], 'E': [1, 0, 1, 1, 1, 0, 1, 0, 1, 1], 'F': [1, 1, 1, 1, 1, 1, 1, 1, 1, 1], 'G': [1, 1, 1, 1, 1, 0, 1, 1, 0, 1], 'H': [1, 1, 1, 1, 1, 0, 0, 1, 0, 1], 'I': [0, 1, 0, 1, 1, 1, 1, 1, 1, 1], 'J': [1, 1, 1, 1, 0, 1, 1, 1, 1, 0], 'K': [0, 1, 1, 0, 1, 1, 1, 1, 1, 0]}, '东门南侧': {'A': [0, 0, 1, 1, 0, 0, 0, 0, 0, 0], 'B': [0, 0, 0, 0, 0, 0, 0, 0, 0, 0]}, '西门北侧': {'A': [1, 1, 0, 1, 1, 1, 0, 1, 1, 1], 'B': [1, 1, 1, 1, 0, 1, 1, 0, 1, 0], 'C': [1, 1, 1, 1, 0, 1, 1, 0, 0, 1]}, '西门南侧': {'A': [0, 1, 1, 1, 1, 1, 1, 0, 1, 1], 'B': [1, 1, 1, 1, 1, 1, 1, 1, 0, 1], 'C': [1, 0, 0, 1, 0, 0, 1, 1, 1, 1]}, '南门西侧': {'A': [1, 1, 1, 1, 1, 1, 1, 1, 1, 1], 'B': [1, 0, 0, 1, 1, 1, 0, 1, 1, 0]}, '南门东侧': {'A': [1, 1, 0, 1, 0, 1, 1, 1, 1, 1], 'B': [1, 1, 1, 1, 1, 1, 1, 1, 1, 1]}, '北门东北侧': {'A': [1, 1, 1, 1, 1, 1, 1, 1, 1, 1], 'B': [0, 1, 0, 1, 1, 0, 0, 1, 0, 0], 'C': [1, 1, 0, 1, 0, 0, 0, 1, 1, 0], 'D': [1, 0, 0, 0, 0, 0, 0, 0, 0, 0]}, '北门东南侧': {'A': [1, 1, 1, 0, 1, 1, 1, 1, 0, 1], 'B': [0, 1, 0, 1, 0, 0, 0, 1, 0, 0], 'C': [1, 0, 1, 0, 0, 0, 0, 0, 0, 1], 'D': [0, 1, 0, 0, 0, 0, 1, 0, 0, 1], 'E': [1, 0, 0, 1, 0, 1, 0, 0, 0, 1], 'F': [1, 1, 1, 1, 0, 1, 1, 1, 1, 1]}, '橘园北侧南': {'A': [0, 1, 1, 0, 0, 1, 1, 0, 0, 1], 'B': [0, 0, 0, 1, 1, 0, 0, 0, 1, 1], 'C': [1, 0, 0, 1, 1, 1, 0, 0, 0, 0], 'D': [1, 0, 1, 1, 0, 0, 0, 0, 0, 0], 'E': [0, 0, 1, 0, 0, 0, 1, 1, 0, 0], 'F': [0, 0, 0, 0, 0, 0, 0, 0, 0, 0], 'G': [0, 1, 0, 1, 0, 0, 1, 0, 0, 0], 'H': [1, 0, 0, 0, 1, 0, 0, 0, 0, 0], 'I': [0, 0, 0, 0, 0, 0, 0, 0, 0, 0], 'J': [1, 0, 0, 1, 0, 0, 0, 0, 0, 0]}, '校医院西': {'A': [0, 1, 1, 1, 1, 1, 1, 1, 0, 0], 'B': [1, 0, 1, 0, 0, 0, 0, 1, 1, 1], 'C': [1, 1, 1, 1, 1, 1, 1, 1, 1, 1], 'D': [1, 1, 1, 1, 1, 0, 1, 1, 1, 1], 'E': [1, 1, 0, 1, 1, 1, 1, 1, 1, 1], 'F': [1, 1, 1, 1, 1, 0, 1, 1, 0, 1], 'G': [1, 1, 1, 0, 0, 1, 0, 1, 1, 0], 'H': [0, 0, 0, 0, 0, 0, 0, 0, 0, 0], 'I': [0, 0, 0, 0, 0, 0, 0, 0, 0, 0]}}
624360	2024-07-13 23:26:19.999000+08:00	2024-07-13 23:26:19.999000+08:00	{'东门北侧': {'A': [1, 1, 1, 1, 1, 0, 1, 1, 1, 1], 'B': [1, 1, 1, 1, 1, 1, 1, 1, 1, 1], 'C': [0, 1, 0, 1, 0, 1, 1, 0, 1, 0], 'D': [1, 0, 1, 1, 1, 1, 0, 1, 1, 1], 'E': [1, 0, 1, 1, 1, 0, 1, 0, 1, 1], 'F': [1, 1, 1, 1, 1, 1, 1, 1, 1, 1], 'G': [1, 1, 1, 1, 1, 0, 1, 1, 0, 1], 'H': [1, 1, 1, 1, 1, 0, 0, 1, 0, 1], 'I': [0, 1, 0, 1, 1, 1, 1, 1, 1, 1], 'J': [1, 1, 1, 1, 0, 1, 1, 1, 1, 0], 'K': [0, 1, 1, 0, 1, 1, 1, 1, 1, 0]}, '东门南侧': {'A': [0, 0, 1, 1, 0, 0, 0, 0, 0, 0], 'B': [0, 0, 0, 0, 0, 0, 0, 0, 0, 0]}, '西门北侧': {'A': [1, 1, 0, 1, 1, 1, 0, 1, 1, 1], 'B': [1, 1, 1, 1, 0, 1, 1, 0, 1, 0], 'C': [1, 1, 1, 1, 0, 1, 1, 0, 0, 1]}, '西门南侧': {'A': [0, 1, 1, 1, 1, 1, 1, 0, 1, 1], 'B': [1, 1, 1, 1, 1, 1, 1, 1, 0, 1], 'C': [1, 0, 0, 1, 0, 0, 1, 1, 1, 1]}, '南门西侧': {'A': [1, 1, 1, 1, 1, 1, 1, 1, 1, 1], 'B': [1, 0, 0, 1, 1, 1, 0, 1, 1, 0]}, '南门东侧': {'A': [1, 1, 0, 1, 0, 1, 1, 1, 1, 1], 'B': [1, 1, 1, 1, 1, 1, 1, 1, 1, 1]}, '北门东北侧': {'A': [1, 1, 1, 1, 1, 1, 1, 1, 1, 1], 'B': [0, 1, 0, 1, 1, 0, 0, 1, 0, 0], 'C': [1, 1, 0, 1, 0, 0, 0, 1, 1, 0], 'D': [1, 0, 0, 0, 0, 0, 0, 0, 0, 0]}, '北门东南侧': {'A': [1, 1, 1, 0, 1, 1, 1, 1, 0, 1], 'B': [0, 1, 0, 1, 0, 0, 0, 1, 0, 0], 'C': [1, 0, 1, 0, 0, 0, 0, 0, 0, 1], 'D': [0, 1, 0, 0, 0, 0, 1, 0, 0, 1], 'E': [1, 0, 0, 1, 0, 1, 0, 0, 0, 1], 'F': [1, 1, 1, 1, 0, 1, 1, 1, 1, 1]}, '橘园北侧南': {'A': [0, 0, 1, 0, 0, 1, 1, 0, 0, 1], 'B': [0, 0, 0, 1, 1, 0, 0, 0, 1, 1], 'C': [1, 0, 0, 1, 1, 1, 0, 0, 0, 0], 'D': [1, 0, 1, 1, 0, 0, 0, 0, 0, 0], 'E': [0, 0, 1, 0, 0, 0, 1, 1, 0, 0], 'F': [0, 0, 0, 0, 0, 0, 0, 0, 0, 0], 'G': [0, 1, 0, 1, 0, 0, 1, 0, 0, 0], 'H': [1, 0, 0, 0, 1, 0, 0, 0, 0, 0], 'I': [0, 0, 0, 0, 0, 0, 0, 0, 0, 0], 'J': [1, 0, 0, 1, 0, 0, 0, 0, 0, 0]}, '校医院西': {'A': [0, 1, 1, 1, 1, 1, 1, 1, 0, 0], 'B': [1, 0, 1, 0, 0, 0, 0, 1, 1, 1], 'C': [1, 1, 1, 1, 1, 1, 1, 1, 1, 1], 'D': [1, 1, 1, 1, 1, 0, 1, 1, 1, 1], 'E': [1, 1, 0, 1, 1, 1, 1, 1, 1, 1], 'F': [1, 1, 1, 1, 1, 0, 1, 1, 0, 1], 'G': [1, 1, 1, 0, 0, 1, 0, 1, 1, 0], 'H': [0, 0, 0, 0, 0, 0, 0, 0, 0, 0], 'I': [0, 0, 0, 0, 0, 0, 0, 0, 0, 0]}}
624361	2024-07-13 23:27:22.964000+08:00	2024-07-13 23:27:22.964000+08:00	{'东门北侧': {'A': [1, 1, 1, 1, 1, 0, 1, 1, 1, 1], 'B': [1, 1, 1, 1, 1, 1, 1, 1, 1, 1], 'C': [0, 1, 0, 1, 0, 1, 1, 0, 1, 0], 'D': [1, 0, 1, 1, 1, 1, 0, 1, 1, 1], 'E': [1, 0, 1, 1, 1, 0, 1, 0, 1, 1], 'F': [1, 1, 1, 1, 1, 1, 1, 1, 1, 1], 'G': [1, 1, 1, 1, 1, 0, 1, 1, 0, 1], 'H': [1, 1, 1, 1, 1, 0, 0, 1, 0, 1], 'I': [0, 1, 0, 1, 1, 1, 1, 1, 1, 1], 'J': [1, 1, 1, 1, 0, 1, 1, 1, 1, 0], 'K': [0, 1, 1, 0, 1, 1, 1, 1, 1, 0]}, '东门南侧': {'A': [0, 0, 1, 1, 0, 0, 0, 0, 0, 0], 'B': [0, 0, 0, 0, 0, 0, 0, 0, 0, 0]}, '西门北侧': {'A': [1, 1, 0, 1, 1, 1, 0, 1, 1, 1], 'B': [1, 1, 1, 1, 0, 1, 1, 0, 1, 0], 'C': [1, 1, 1, 1, 0, 1, 1, 0, 0, 1]}, '西门南侧': {'A': [0, 1, 1, 1, 1, 1, 1, 0, 1, 1], 'B': [1, 1, 1, 1, 1, 1, 1, 1, 0, 1], 'C': [1, 0, 0, 1, 0, 0, 1, 1, 0, 1]}, '南门西侧': {'A': [1, 1, 1, 1, 1, 1, 1, 1, 1, 1], 'B': [1, 0, 0, 1, 1, 1, 0, 1, 1, 0]}, '南门东侧': {'A': [1, 1, 0, 1, 0, 1, 1, 1, 1, 1], 'B': [1, 1, 1, 1, 1, 1, 1, 1, 1, 1]}, '北门东北侧': {'A': [1, 1, 1, 1, 1, 1, 1, 1, 1, 1], 'B': [0, 1, 0, 1, 1, 0, 0, 1, 0, 0], 'C': [1, 1, 0, 1, 0, 0, 0, 1, 1, 0], 'D': [1, 0, 0, 0, 0, 0, 0, 0, 0, 0]}, '北门东南侧': {'A': [1, 1, 1, 0, 1, 1, 1, 1, 0, 1], 'B': [0, 1, 0, 1, 0, 0, 0, 1, 0, 0], 'C': [1, 0, 1, 0, 0, 0, 0, 0, 0, 1], 'D': [0, 1, 0, 0, 0, 0, 1, 0, 0, 1], 'E': [1, 1, 0, 1, 0, 1, 0, 0, 0, 1], 'F': [1, 1, 1, 1, 0, 1, 1, 1, 1, 1]}, '橘园北侧南': {'A': [0, 0, 1, 0, 0, 1, 1, 0, 0, 1], 'B': [0, 0, 0, 1, 1, 0, 0, 0, 1, 1], 'C': [1, 0, 0, 1, 1, 1, 0, 0, 0, 0], 'D': [1, 0, 1, 1, 0, 0, 0, 0, 0, 0], 'E': [0, 0, 1, 0, 0, 0, 1, 1, 0, 0], 'F': [0, 0, 0, 0, 0, 0, 0, 0, 0, 0], 'G': [0, 1, 0, 1, 0, 0, 1, 0, 0, 0], 'H': [1, 0, 0, 0, 1, 0, 0, 0, 0, 0], 'I': [0, 0, 0, 0, 0, 0, 0, 0, 0, 0], 'J': [1, 0, 0, 1, 0, 0, 0, 0, 0, 0]}, '校医院西': {'A': [0, 1, 1, 1, 1, 1, 1, 1, 0, 0], 'B': [1, 0, 1, 0, 0, 0, 0, 1, 1, 1], 'C': [1, 1, 1, 1, 1, 1, 1, 1, 1, 1], 'D': [1, 1, 1, 1, 1, 0, 1, 1, 1, 1], 'E': [1, 1, 0, 1, 1, 1, 1, 1, 1, 1], 'F': [1, 1, 1, 1, 1, 0, 1, 1, 0, 1], 'G': [1, 1, 1, 0, 0, 1, 0, 1, 1, 0], 'H': [0, 0, 0, 0, 0, 0, 0, 0, 0, 0], 'I': [0, 0, 0, 0, 0, 0, 0, 0, 0, 0]}}
624362	2024-07-13 23:28:21.946000+08:00	2024-07-13 23:28:21.946000+08:00	{'东门北侧': {'A': [1, 1, 1, 1, 1, 0, 1, 1, 1, 1], 'B': [1, 1, 1, 1, 1, 1, 1, 1, 1, 1], 'C': [0, 1, 0, 1, 0, 1, 1, 0, 1, 0], 'D': [1, 0, 1, 1, 1, 1, 0, 1, 1, 1], 'E': [1, 0, 1, 1, 1, 0, 1, 0, 1, 1], 'F': [1, 1, 1, 1, 1, 1, 1, 1, 1, 1], 'G': [1, 1, 1, 1, 1, 0, 1, 1, 0, 1], 'H': [1, 1, 1, 1, 1, 0, 0, 1, 0, 1], 'I': [0, 1, 0, 1, 1, 1, 1, 1, 1, 1], 'J': [1, 1, 1, 1, 0, 1, 1, 1, 1, 0], 'K': [0, 1, 1, 0, 1, 1, 1, 1, 1, 0]}, '东门南侧': {'A': [0, 0, 1, 1, 0, 0, 0, 0, 0, 0], 'B': [0, 0, 0, 0, 0, 0, 0, 0, 0, 0]}, '西门北侧': {'A': [1, 1, 0, 1, 1, 1, 0, 1, 1, 1], 'B': [1, 1, 1, 1, 0, 1, 1, 0, 1, 0], 'C': [1, 1, 1, 1, 0, 1, 1, 1, 0, 1]}, '西门南侧': {'A': [0, 1, 1, 1, 1, 1, 1, 0, 1, 1], 'B': [1, 1, 1, 1, 1, 1, 1, 1, 0, 1], 'C': [1, 0, 0, 1, 0, 0, 1, 1, 0, 1]}, '南门西侧': {'A': [1, 1, 1, 1, 1, 1, 1, 1, 1, 1], 'B': [1, 0, 0, 1, 1, 1, 0, 1, 1, 0]}, '南门东侧': {'A': [1, 1, 0, 1, 0, 1, 1, 1, 1, 1], 'B': [1, 1, 1, 1, 1, 1, 1, 1, 1, 1]}, '北门东北侧': {'A': [1, 1, 1, 1, 1, 1, 1, 1, 1, 1], 'B': [0, 1, 0, 1, 1, 0, 0, 1, 0, 0], 'C': [1, 1, 0, 1, 0, 0, 0, 1, 1, 0], 'D': [0, 0, 0, 0, 0, 0, 0, 0, 0, 0]}, '北门东南侧': {'A': [1, 1, 1, 0, 1, 1, 1, 1, 0, 1], 'B': [0, 1, 0, 1, 0, 0, 0, 1, 0, 0], 'C': [1, 0, 1, 0, 0, 0, 0, 0, 0, 1], 'D': [0, 1, 0, 0, 0, 0, 1, 0, 0, 1], 'E': [1, 1, 0, 1, 0, 1, 0, 0, 0, 1], 'F': [1, 1, 1, 1, 0, 1, 1, 1, 1, 1]}, '橘园北侧南': {'A': [0, 0, 1, 0, 0, 1, 1, 0, 0, 1], 'B': [0, 0, 0, 1, 1, 0, 0, 0, 1, 1], 'C': [1, 0, 0, 1, 1, 1, 0, 0, 0, 0], 'D': [1, 0, 1, 1, 0, 0, 0, 0, 0, 0], 'E': [0, 0, 1, 0, 0, 0, 1, 1, 0, 0], 'F': [0, 0, 0, 0, 0, 0, 0, 0, 0, 0], 'G': [0, 1, 0, 1, 0, 0, 1, 0, 0, 0], 'H': [1, 0, 0, 0, 1, 0, 0, 0, 0, 0], 'I': [0, 0, 0, 0, 0, 0, 0, 0, 0, 0], 'J': [1, 1, 0, 1, 0, 0, 0, 0, 0, 0]}, '校医院西': {'A': [0, 1, 1, 1, 1, 1, 1, 1, 0, 0], 'B': [1, 0, 1, 0, 0, 0, 0, 1, 1, 1], 'C': [1, 1, 1, 1, 1, 1, 1, 1, 1, 1], 'D': [1, 1, 1, 1, 1, 0, 1, 1, 1, 1], 'E': [1, 1, 0, 1, 1, 1, 1, 1, 1, 1], 'F': [1, 1, 1, 1, 1, 0, 1, 1, 0, 1], 'G': [1, 1, 1, 0, 0, 1, 0, 1, 1, 0], 'H': [0, 0, 0, 0, 0, 0, 0, 0, 0, 0], 'I': [0, 0, 0, 0, 0, 0, 0, 0, 0, 0]}}
624363	2024-07-13 23:29:20.763000+08:00	2024-07-13 23:29:20.763000+08:00	{'东门北侧': {'A': [1, 1, 1, 1, 1, 0, 1, 1, 1, 1], 'B': [1, 1, 1, 1, 1, 1, 1, 1, 1, 1], 'C': [0, 1, 0, 1, 0, 1, 1, 0, 1, 0], 'D': [1, 0, 1, 1, 1, 1, 0, 1, 1, 1], 'E': [1, 0, 1, 1, 1, 0, 1, 0, 1, 1], 'F': [1, 1, 1, 1, 1, 1, 1, 1, 1, 1], 'G': [1, 1, 1, 1, 1, 0, 1, 1, 0, 1], 'H': [1, 1, 1, 1, 1, 0, 0, 1, 0, 1], 'I': [0, 1, 0, 1, 1, 1, 1, 1, 1, 1], 'J': [1, 1, 1, 1, 0, 1, 1, 1, 1, 0], 'K': [0, 1, 1, 0, 1, 1, 1, 1, 1, 0]}, '东门南侧': {'A': [0, 0, 1, 0, 0, 0, 0, 0, 0, 0], 'B': [0, 0, 0, 0, 0, 0, 0, 0, 0, 0]}, '西门北侧': {'A': [1, 1, 0, 1, 1, 1, 0, 1, 1, 1], 'B': [1, 1, 1, 1, 0, 1, 1, 0, 1, 0], 'C': [1, 1, 1, 1, 0, 1, 1, 1, 0, 1]}, '西门南侧': {'A': [0, 1, 1, 1, 1, 1, 1, 0, 1, 1], 'B': [1, 1, 1, 1, 1, 1, 1, 1, 0, 1], 'C': [1, 0, 0, 1, 0, 0, 1, 1, 0, 1]}, '南门西侧': {'A': [1, 1, 1, 1, 1, 1, 1, 1, 1, 1], 'B': [1, 1, 0, 1, 1, 1, 0, 1, 1, 0]}, '南门东侧': {'A': [1, 1, 0, 1, 0, 1, 1, 1, 1, 1], 'B': [1, 1, 1, 1, 1, 1, 1, 1, 1, 1]}, '北门东北侧': {'A': [1, 1, 1, 1, 1, 1, 1, 1, 1, 1], 'B': [0, 1, 0, 1, 1, 0, 0, 1, 0, 0], 'C': [1, 1, 0, 1, 0, 0, 0, 1, 1, 0], 'D': [0, 0, 0, 0, 0, 0, 0, 0, 0, 0]}, '北门东南侧': {'A': [1, 1, 1, 0, 1, 1, 1, 1, 0, 1], 'B': [0, 1, 0, 1, 0, 0, 0, 1, 0, 0], 'C': [1, 0, 1, 0, 0, 0, 0, 0, 0, 1], 'D': [0, 1, 0, 0, 0, 0, 1, 0, 0, 1], 'E': [1, 1, 0, 1, 0, 1, 0, 0, 0, 1], 'F': [1, 1, 1, 1, 0, 1, 1, 1, 1, 1]}, '橘园北侧南': {'A': [0, 0, 1, 0, 0, 0, 1, 0, 0, 1], 'B': [0, 0, 0, 1, 1, 0, 0, 0, 1, 1], 'C': [1, 0, 0, 1, 1, 1, 0, 0, 0, 0], 'D': [1, 0, 1, 1, 0, 0, 0, 0, 0, 0], 'E': [0, 0, 1, 0, 0, 0, 1, 1, 0, 0], 'F': [0, 0, 0, 0, 0, 0, 0, 0, 0, 0], 'G': [0, 1, 0, 1, 0, 0, 1, 0, 0, 0], 'H': [1, 0, 0, 0, 1, 0, 0, 0, 0, 0], 'I': [0, 0, 0, 0, 0, 0, 0, 0, 0, 0], 'J': [1, 1, 0, 1, 0, 0, 0, 0, 0, 0]}, '校医院西': {'A': [0, 1, 1, 1, 1, 1, 1, 1, 0, 0], 'B': [1, 0, 1, 0, 0, 0, 0, 1, 1, 1], 'C': [1, 1, 1, 1, 1, 1, 1, 1, 1, 1], 'D': [1, 1, 1, 1, 1, 0, 1, 1, 1, 1], 'E': [1, 1, 0, 1, 1, 1, 1, 1, 1, 1], 'F': [1, 1, 1, 1, 1, 0, 1, 1, 0, 1], 'G': [1, 1, 1, 0, 0, 1, 0, 1, 1, 0], 'H': [0, 0, 0, 0, 0, 0, 0, 0, 0, 0], 'I': [0, 0, 0, 0, 0, 0, 0, 0, 0, 0]}}
624364	2024-07-13 23:30:21.447000+08:00	2024-07-13 23:30:21.447000+08:00	{'东门北侧': {'A': [1, 1, 1, 1, 1, 0, 1, 1, 1, 1], 'B': [1, 1, 1, 1, 1, 1, 1, 1, 1, 1], 'C': [0, 1, 0, 1, 0, 1, 1, 0, 1, 0], 'D': [1, 0, 1, 1, 1, 1, 0, 1, 1, 1], 'E': [1, 0, 1, 1, 1, 0, 1, 0, 1, 1], 'F': [1, 1, 1, 1, 1, 1, 1, 1, 1, 1], 'G': [1, 1, 1, 1, 1, 0, 1, 1, 0, 1], 'H': [1, 1, 1, 1, 1, 0, 0, 1, 0, 1], 'I': [0, 1, 0, 1, 1, 1, 1, 1, 1, 1], 'J': [1, 1, 1, 1, 0, 1, 1, 1, 1, 0], 'K': [0, 1, 1, 0, 1, 1, 1, 1, 1, 0]}, '东门南侧': {'A': [0, 0, 1, 0, 0, 0, 0, 0, 0, 0], 'B': [0, 0, 0, 0, 0, 0, 0, 0, 0, 0]}, '西门北侧': {'A': [1, 1, 0, 1, 1, 1, 0, 1, 1, 1], 'B': [1, 1, 1, 1, 0, 1, 1, 0, 1, 0], 'C': [1, 1, 1, 1, 0, 1, 1, 1, 0, 1]}, '西门南侧': {'A': [0, 1, 1, 1, 1, 1, 1, 0, 1, 1], 'B': [1, 1, 1, 1, 1, 1, 1, 1, 0, 1], 'C': [1, 0, 0, 1, 0, 0, 1, 1, 0, 1]}, '南门西侧': {'A': [1, 1, 1, 1, 1, 1, 1, 1, 1, 1], 'B': [1, 1, 0, 1, 1, 1, 0, 1, 1, 0]}, '南门东侧': {'A': [1, 1, 0, 1, 0, 1, 1, 1, 1, 1], 'B': [1, 1, 1, 1, 1, 1, 1, 1, 1, 1]}, '北门东北侧': {'A': [1, 1, 1, 1, 1, 1, 1, 1, 1, 1], 'B': [0, 1, 0, 1, 1, 0, 0, 1, 0, 0], 'C': [1, 1, 0, 1, 0, 0, 0, 1, 1, 0], 'D': [0, 0, 0, 0, 0, 0, 0, 0, 0, 0]}, '北门东南侧': {'A': [1, 1, 1, 0, 1, 1, 1, 1, 0, 1], 'B': [0, 1, 0, 1, 0, 0, 0, 1, 0, 0], 'C': [1, 0, 1, 0, 0, 0, 0, 0, 0, 1], 'D': [0, 1, 0, 0, 0, 0, 1, 0, 0, 1], 'E': [1, 1, 0, 1, 0, 1, 0, 0, 0, 1], 'F': [1, 1, 1, 1, 0, 1, 1, 1, 1, 1]}, '橘园北侧南': {'A': [0, 0, 1, 0, 0, 0, 1, 0, 0, 1], 'B': [0, 0, 0, 1, 1, 0, 0, 0, 1, 1], 'C': [1, 0, 0, 1, 1, 1, 0, 0, 0, 0], 'D': [1, 0, 1, 1, 0, 0, 0, 0, 0, 0], 'E': [0, 0, 1, 0, 0, 0, 1, 1, 0, 0], 'F': [0, 0, 0, 0, 0, 0, 0, 0, 0, 0], 'G': [0, 1, 0, 1, 0, 0, 1, 0, 0, 0], 'H': [1, 0, 0, 0, 1, 0, 0, 0, 0, 0], 'I': [0, 0, 0, 0, 0, 0, 0, 0, 0, 0], 'J': [1, 1, 0, 1, 0, 0, 0, 0, 0, 0]}, '校医院西': {'A': [0, 1, 1, 1, 1, 1, 1, 1, 0, 0], 'B': [1, 0, 1, 0, 0, 0, 0, 1, 1, 1], 'C': [1, 1, 1, 1, 1, 1, 1, 1, 1, 1], 'D': [1, 1, 1, 1, 1, 0, 1, 1, 1, 1], 'E': [1, 1, 0, 1, 1, 1, 1, 1, 1, 1], 'F': [1, 1, 1, 1, 1, 0, 1, 1, 0, 1], 'G': [1, 1, 1, 0, 0, 1, 0, 1, 1, 0], 'H': [0, 0, 0, 0, 0, 0, 0, 0, 0, 0], 'I': [0, 0, 0, 0, 0, 0, 0, 0, 0, 0]}}
624365	2024-07-13 23:31:22.679000+08:00	2024-07-13 23:31:22.679000+08:00	{'东门北侧': {'A': [1, 1, 1, 1, 1, 0, 1, 1, 1, 1], 'B': [1, 1, 1, 1, 1, 1, 1, 1, 1, 1], 'C': [0, 1, 0, 1, 0, 1, 1, 0, 1, 0], 'D': [1, 0, 1, 1, 1, 1, 0, 1, 1, 1], 'E': [1, 0, 1, 1, 1, 0, 1, 0, 1, 1], 'F': [1, 1, 1, 1, 1, 1, 1, 1, 1, 1], 'G': [1, 1, 1, 1, 1, 0, 1, 1, 0, 1], 'H': [1, 1, 1, 1, 1, 0, 0, 1, 0, 1], 'I': [0, 1, 0, 1, 1, 1, 1, 1, 1, 1], 'J': [1, 1, 1, 1, 0, 1, 1, 1, 1, 0], 'K': [0, 1, 1, 0, 1, 1, 1, 1, 1, 0]}, '东门南侧': {'A': [0, 0, 1, 0, 0, 0, 0, 0, 0, 0], 'B': [0, 0, 0, 0, 0, 0, 0, 0, 0, 0]}, '西门北侧': {'A': [1, 1, 0, 1, 1, 1, 0, 1, 1, 1], 'B': [1, 1, 1, 1, 0, 1, 1, 0, 1, 0], 'C': [1, 1, 1, 1, 0, 1, 1, 1, 0, 1]}, '西门南侧': {'A': [0, 1, 1, 1, 1, 1, 1, 0, 1, 1], 'B': [1, 1, 1, 1, 1, 1, 1, 1, 0, 1], 'C': [1, 0, 0, 1, 0, 0, 1, 1, 0, 1]}, '南门西侧': {'A': [1, 1, 1, 1, 1, 1, 1, 1, 1, 1], 'B': [1, 1, 0, 0, 1, 1, 0, 1, 1, 0]}, '南门东侧': {'A': [1, 1, 0, 1, 0, 1, 1, 1, 1, 1], 'B': [1, 1, 1, 1, 1, 1, 1, 1, 1, 1]}, '北门东北侧': {'A': [1, 1, 1, 1, 1, 1, 1, 1, 1, 1], 'B': [0, 1, 0, 1, 1, 0, 0, 1, 0, 0], 'C': [1, 1, 0, 1, 0, 0, 0, 1, 1, 0], 'D': [0, 0, 0, 0, 0, 0, 0, 0, 0, 0]}, '北门东南侧': {'A': [1, 1, 1, 0, 1, 1, 1, 1, 0, 1], 'B': [0, 1, 0, 1, 0, 0, 0, 1, 0, 0], 'C': [1, 0, 1, 0, 0, 0, 0, 0, 0, 1], 'D': [0, 1, 0, 0, 0, 0, 1, 0, 0, 1], 'E': [1, 1, 0, 1, 0, 1, 0, 0, 0, 1], 'F': [1, 1, 1, 1, 0, 1, 1, 1, 1, 1]}, '橘园北侧南': {'A': [0, 0, 1, 0, 0, 0, 1, 0, 0, 1], 'B': [0, 0, 0, 1, 1, 0, 0, 0, 1, 1], 'C': [1, 0, 0, 1, 1, 1, 0, 0, 0, 0], 'D': [1, 0, 1, 1, 0, 0, 0, 0, 0, 0], 'E': [0, 0, 1, 0, 0, 0, 1, 1, 0, 0], 'F': [0, 0, 0, 0, 0, 0, 0, 0, 0, 0], 'G': [0, 1, 0, 1, 0, 0, 1, 0, 0, 0], 'H': [1, 0, 0, 0, 1, 0, 0, 0, 0, 0], 'I': [0, 0, 0, 0, 0, 0, 0, 0, 0, 0], 'J': [1, 1, 0, 1, 0, 0, 0, 0, 0, 0]}, '校医院西': {'A': [0, 1, 1, 1, 1, 1, 1, 1, 0, 0], 'B': [1, 0, 1, 0, 0, 0, 0, 1, 1, 1], 'C': [1, 1, 1, 1, 1, 1, 1, 1, 1, 1], 'D': [1, 1, 1, 1, 1, 0, 1, 1, 1, 1], 'E': [1, 1, 0, 1, 1, 1, 1, 1, 1, 1], 'F': [1, 1, 1, 1, 1, 0, 1, 1, 0, 1], 'G': [1, 1, 1, 0, 0, 1, 0, 1, 1, 0], 'H': [0, 0, 0, 0, 0, 0, 0, 0, 0, 0], 'I': [0, 0, 0, 0, 0, 0, 0, 0, 0, 0]}}
624366	2024-07-13 23:32:20.811000+08:00	2024-07-13 23:32:20.811000+08:00	{'东门北侧': {'A': [1, 1, 1, 1, 1, 0, 1, 1, 1, 1], 'B': [1, 1, 1, 1, 1, 1, 1, 1, 1, 1], 'C': [0, 1, 0, 1, 0, 1, 1, 0, 1, 0], 'D': [1, 0, 1, 1, 1, 1, 0, 1, 1, 1], 'E': [1, 0, 1, 1, 1, 0, 1, 0, 1, 1], 'F': [1, 1, 1, 1, 1, 1, 1, 1, 1, 1], 'G': [1, 1, 1, 1, 1, 0, 1, 1, 0, 1], 'H': [1, 1, 1, 1, 1, 0, 0, 1, 0, 1], 'I': [0, 1, 0, 1, 1, 1, 1, 1, 1, 1], 'J': [1, 1, 1, 1, 0, 1, 1, 1, 1, 0], 'K': [0, 1, 1, 0, 1, 1, 1, 1, 1, 0]}, '东门南侧': {'A': [0, 0, 0, 0, 0, 0, 0, 0, 0, 0], 'B': [0, 0, 0, 0, 0, 0, 0, 0, 0, 0]}, '西门北侧': {'A': [1, 1, 0, 1, 1, 1, 0, 1, 1, 1], 'B': [1, 1, 1, 1, 0, 1, 1, 0, 1, 0], 'C': [1, 1, 1, 1, 0, 1, 1, 1, 0, 1]}, '西门南侧': {'A': [0, 1, 1, 1, 1, 1, 1, 0, 1, 1], 'B': [1, 1, 1, 1, 1, 1, 1, 1, 0, 1], 'C': [1, 0, 0, 1, 0, 0, 1, 1, 0, 1]}, '南门西侧': {'A': [1, 1, 1, 1, 1, 1, 1, 1, 1, 1], 'B': [1, 1, 0, 0, 1, 1, 0, 1, 1, 0]}, '南门东侧': {'A': [1, 1, 0, 1, 0, 1, 1, 1, 1, 1], 'B': [1, 1, 1, 1, 1, 1, 1, 1, 1, 1]}, '北门东北侧': {'A': [1, 1, 1, 1, 1, 1, 1, 1, 1, 1], 'B': [0, 1, 0, 1, 1, 1, 0, 1, 0, 0], 'C': [1, 1, 0, 1, 0, 0, 0, 1, 1, 0], 'D': [0, 0, 0, 0, 0, 0, 0, 1, 0, 0]}, '北门东南侧': {'A': [1, 1, 1, 0, 1, 1, 1, 1, 0, 1], 'B': [0, 1, 0, 1, 0, 0, 0, 1, 0, 0], 'C': [1, 0, 1, 0, 0, 0, 0, 0, 0, 1], 'D': [0, 1, 0, 0, 0, 0, 1, 0, 0, 1], 'E': [1, 1, 1, 1, 0, 1, 0, 0, 0, 1], 'F': [1, 1, 1, 1, 0, 1, 1, 1, 1, 1]}, '橘园北侧南': {'A': [0, 0, 1, 0, 0, 0, 1, 0, 0, 1], 'B': [0, 0, 0, 1, 1, 0, 0, 0, 1, 1], 'C': [1, 0, 0, 1, 1, 1, 0, 0, 0, 0], 'D': [1, 0, 1, 1, 0, 0, 0, 0, 0, 0], 'E': [0, 0, 1, 0, 0, 0, 1, 1, 0, 0], 'F': [0, 0, 0, 0, 0, 0, 0, 0, 0, 0], 'G': [0, 1, 0, 1, 0, 0, 1, 0, 0, 0], 'H': [1, 0, 0, 0, 1, 0, 0, 0, 0, 0], 'I': [0, 0, 0, 0, 0, 0, 0, 0, 0, 0], 'J': [1, 1, 0, 1, 0, 0, 0, 0, 0, 0]}, '校医院西': {'A': [0, 1, 1, 1, 1, 1, 1, 1, 0, 0], 'B': [1, 0, 1, 0, 0, 0, 0, 1, 1, 1], 'C': [1, 1, 1, 1, 1, 1, 1, 1, 1, 1], 'D': [1, 1, 1, 1, 1, 0, 1, 1, 1, 1], 'E': [1, 1, 0, 1, 1, 1, 1, 1, 1, 1], 'F': [1, 1, 1, 1, 1, 0, 1, 1, 0, 1], 'G': [1, 1, 1, 0, 0, 1, 0, 1, 1, 0], 'H': [0, 0, 0, 0, 0, 0, 0, 0, 0, 0], 'I': [0, 0, 0, 0, 0, 0, 0, 0, 0, 0]}}
624367	2024-07-13 23:33:21.024000+08:00	2024-07-13 23:33:21.024000+08:00	{'东门北侧': {'A': [1, 1, 1, 1, 1, 0, 1, 1, 1, 1], 'B': [1, 1, 1, 1, 1, 1, 1, 1, 1, 1], 'C': [0, 1, 0, 1, 0, 1, 1, 0, 1, 0], 'D': [1, 0, 1, 1, 1, 1, 0, 1, 1, 1], 'E': [1, 0, 1, 1, 1, 0, 1, 0, 1, 1], 'F': [1, 1, 1, 1, 1, 1, 1, 1, 1, 1], 'G': [1, 1, 1, 1, 1, 0, 1, 1, 0, 1], 'H': [1, 1, 1, 1, 1, 0, 0, 1, 0, 1], 'I': [0, 1, 0, 1, 1, 1, 1, 1, 1, 1], 'J': [1, 1, 1, 1, 0, 1, 1, 1, 1, 0], 'K': [0, 1, 1, 0, 1, 1, 1, 1, 1, 0]}, '东门南侧': {'A': [0, 0, 0, 0, 0, 0, 0, 0, 0, 0], 'B': [0, 0, 0, 0, 0, 0, 0, 0, 0, 0]}, '西门北侧': {'A': [1, 1, 0, 1, 1, 1, 0, 1, 1, 1], 'B': [1, 1, 1, 1, 0, 1, 1, 0, 1, 0], 'C': [1, 1, 1, 1, 0, 1, 1, 1, 0, 1]}, '西门南侧': {'A': [0, 1, 1, 1, 1, 1, 1, 0, 1, 1], 'B': [1, 1, 1, 1, 1, 1, 1, 1, 0, 1], 'C': [1, 0, 0, 1, 0, 0, 1, 1, 0, 1]}, '南门西侧': {'A': [1, 1, 1, 1, 1, 1, 1, 1, 1, 1], 'B': [1, 1, 0, 0, 1, 1, 0, 1, 1, 0]}, '南门东侧': {'A': [1, 1, 0, 1, 0, 1, 1, 1, 1, 1], 'B': [1, 1, 1, 1, 1, 1, 1, 1, 1, 1]}, '北门东北侧': {'A': [1, 1, 1, 1, 1, 1, 1, 1, 1, 1], 'B': [0, 1, 0, 1, 1, 1, 0, 1, 0, 0], 'C': [1, 1, 0, 1, 0, 0, 0, 1, 1, 0], 'D': [0, 0, 0, 0, 0, 0, 0, 1, 0, 0]}, '北门东南侧': {'A': [1, 1, 1, 0, 1, 1, 1, 1, 0, 1], 'B': [0, 1, 0, 1, 0, 0, 0, 1, 0, 0], 'C': [1, 0, 1, 0, 0, 0, 0, 0, 0, 1], 'D': [0, 1, 0, 0, 0, 0, 1, 0, 0, 1], 'E': [1, 1, 1, 1, 0, 1, 0, 0, 0, 1], 'F': [1, 1, 1, 1, 0, 1, 1, 1, 1, 1]}, '橘园北侧南': {'A': [0, 0, 1, 0, 0, 0, 1, 0, 0, 1], 'B': [0, 0, 0, 1, 1, 0, 0, 0, 1, 1], 'C': [1, 0, 0, 1, 1, 1, 0, 0, 0, 0], 'D': [0, 0, 1, 1, 0, 0, 0, 0, 0, 0], 'E': [0, 0, 1, 0, 0, 0, 1, 1, 0, 0], 'F': [0, 0, 0, 0, 0, 0, 0, 0, 0, 0], 'G': [0, 1, 0, 1, 0, 0, 1, 0, 0, 0], 'H': [1, 0, 0, 0, 1, 0, 0, 0, 0, 0], 'I': [0, 0, 0, 0, 0, 0, 0, 0, 0, 0], 'J': [1, 1, 0, 1, 0, 0, 0, 0, 0, 0]}, '校医院西': {'A': [0, 1, 1, 1, 1, 1, 1, 1, 0, 0], 'B': [1, 0, 1, 0, 0, 0, 0, 1, 1, 1], 'C': [1, 1, 1, 1, 1, 1, 1, 1, 1, 1], 'D': [1, 1, 1, 1, 1, 0, 1, 1, 1, 1], 'E': [1, 1, 0, 1, 1, 1, 1, 1, 1, 1], 'F': [1, 1, 1, 1, 1, 0, 1, 1, 0, 1], 'G': [1, 1, 1, 0, 0, 1, 0, 1, 1, 0], 'H': [0, 0, 0, 0, 0, 0, 0, 0, 0, 0], 'I': [0, 0, 0, 0, 0, 0, 0, 0, 0, 0]}}
624368	2024-07-13 23:34:18.594000+08:00	2024-07-13 23:34:18.594000+08:00	{'东门北侧': {'A': [1, 1, 1, 1, 1, 0, 1, 1, 1, 1], 'B': [1, 1, 1, 1, 1, 1, 1, 1, 1, 1], 'C': [0, 1, 0, 1, 0, 1, 1, 0, 1, 0], 'D': [1, 0, 1, 1, 1, 1, 0, 1, 1, 1], 'E': [1, 0, 1, 1, 1, 0, 1, 0, 1, 1], 'F': [1, 1, 1, 1, 1, 1, 1, 1, 1, 1], 'G': [1, 1, 1, 1, 1, 0, 1, 1, 0, 1], 'H': [1, 1, 1, 1, 1, 0, 0, 1, 0, 1], 'I': [0, 1, 0, 1, 1, 1, 1, 1, 1, 1], 'J': [1, 1, 1, 1, 0, 1, 1, 1, 1, 0], 'K': [0, 1, 1, 0, 1, 1, 1, 1, 1, 0]}, '东门南侧': {'A': [0, 0, 0, 0, 0, 0, 0, 0, 0, 0], 'B': [0, 0, 0, 0, 0, 0, 0, 0, 0, 0]}, '西门北侧': {'A': [1, 1, 0, 1, 1, 1, 0, 1, 1, 1], 'B': [1, 1, 1, 1, 0, 1, 1, 0, 1, 0], 'C': [1, 1, 1, 1, 0, 1, 1, 1, 0, 1]}, '西门南侧': {'A': [0, 1, 1, 1, 1, 1, 1, 0, 1, 1], 'B': [1, 1, 1, 1, 1, 1, 1, 1, 0, 1], 'C': [1, 0, 0, 1, 0, 0, 1, 1, 0, 1]}, '南门西侧': {'A': [1, 1, 1, 1, 1, 1, 1, 1, 1, 1], 'B': [1, 1, 0, 0, 1, 1, 0, 1, 1, 0]}, '南门东侧': {'A': [1, 1, 0, 1, 0, 1, 1, 1, 1, 1], 'B': [1, 1, 1, 1, 1, 1, 1, 1, 1, 1]}, '北门东北侧': {'A': [1, 1, 1, 1, 1, 1, 1, 1, 1, 1], 'B': [0, 1, 0, 1, 1, 1, 0, 1, 0, 0], 'C': [1, 1, 0, 1, 0, 0, 0, 1, 1, 0], 'D': [0, 0, 0, 0, 0, 0, 0, 1, 0, 0]}, '北门东南侧': {'A': [1, 1, 1, 0, 1, 1, 1, 1, 0, 1], 'B': [0, 1, 0, 1, 0, 0, 0, 1, 0, 0], 'C': [1, 0, 1, 0, 0, 0, 0, 0, 0, 1], 'D': [0, 1, 0, 0, 0, 0, 1, 0, 0, 1], 'E': [1, 1, 1, 1, 0, 1, 0, 0, 0, 1], 'F': [1, 1, 1, 1, 0, 1, 1, 1, 1, 1]}, '橘园北侧南': {'A': [0, 0, 1, 0, 0, 0, 1, 0, 0, 1], 'B': [0, 0, 0, 1, 1, 0, 0, 0, 1, 1], 'C': [0, 0, 0, 1, 1, 1, 0, 0, 0, 0], 'D': [1, 0, 1, 1, 0, 0, 0, 0, 0, 0], 'E': [0, 0, 1, 0, 0, 0, 1, 1, 0, 0], 'F': [0, 0, 0, 0, 0, 0, 0, 0, 0, 0], 'G': [0, 1, 0, 1, 0, 0, 1, 0, 0, 0], 'H': [1, 0, 0, 0, 1, 0, 0, 0, 0, 0], 'I': [0, 0, 0, 0, 0, 0, 0, 0, 0, 0], 'J': [1, 1, 0, 1, 0, 0, 0, 0, 0, 0]}, '校医院西': {'A': [0, 1, 1, 1, 1, 1, 1, 1, 0, 0], 'B': [1, 0, 1, 0, 0, 0, 0, 1, 1, 1], 'C': [1, 1, 1, 1, 1, 1, 1, 1, 1, 1], 'D': [1, 1, 1, 1, 1, 0, 1, 1, 1, 1], 'E': [1, 1, 0, 1, 1, 1, 1, 1, 1, 1], 'F': [1, 1, 1, 1, 1, 0, 1, 1, 0, 1], 'G': [1, 1, 1, 0, 0, 1, 0, 1, 1, 0], 'H': [0, 0, 0, 0, 0, 0, 0, 0, 0, 0], 'I': [0, 0, 0, 0, 0, 0, 0, 0, 0, 0]}}
624369	2024-07-13 23:35:19.692000+08:00	2024-07-13 23:35:19.692000+08:00	{'东门北侧': {'A': [1, 1, 1, 1, 1, 0, 1, 1, 1, 1], 'B': [1, 1, 1, 1, 1, 1, 1, 1, 1, 1], 'C': [0, 1, 0, 1, 0, 1, 1, 0, 1, 0], 'D': [1, 0, 1, 1, 1, 1, 0, 1, 1, 1], 'E': [1, 0, 1, 1, 1, 0, 1, 0, 1, 1], 'F': [1, 1, 1, 1, 1, 1, 1, 1, 1, 1], 'G': [1, 1, 1, 1, 1, 0, 1, 1, 0, 1], 'H': [1, 1, 1, 1, 1, 0, 0, 1, 0, 1], 'I': [0, 1, 0, 1, 1, 1, 1, 1, 1, 1], 'J': [1, 1, 1, 1, 0, 1, 1, 1, 1, 0], 'K': [0, 1, 1, 0, 1, 1, 1, 1, 1, 0]}, '东门南侧': {'A': [0, 0, 0, 0, 0, 0, 0, 0, 0, 0], 'B': [0, 0, 0, 0, 0, 0, 0, 0, 0, 0]}, '西门北侧': {'A': [1, 1, 0, 1, 1, 1, 0, 1, 1, 1], 'B': [1, 1, 1, 1, 0, 1, 1, 0, 1, 0], 'C': [1, 1, 1, 1, 0, 1, 1, 1, 0, 1]}, '西门南侧': {'A': [0, 1, 1, 1, 1, 1, 1, 0, 1, 1], 'B': [1, 1, 1, 1, 1, 1, 1, 1, 0, 1], 'C': [1, 0, 0, 1, 0, 0, 1, 1, 0, 1]}, '南门西侧': {'A': [1, 1, 1, 1, 1, 1, 1, 1, 1, 1], 'B': [1, 1, 0, 0, 1, 1, 0, 1, 1, 0]}, '南门东侧': {'A': [1, 1, 0, 1, 0, 1, 1, 1, 1, 1], 'B': [1, 1, 1, 1, 1, 1, 1, 1, 1, 1]}, '北门东北侧': {'A': [1, 1, 1, 1, 1, 1, 1, 1, 1, 1], 'B': [0, 1, 0, 1, 1, 1, 0, 1, 0, 0], 'C': [1, 1, 0, 1, 0, 0, 0, 1, 1, 0], 'D': [0, 0, 0, 0, 0, 0, 0, 1, 0, 0]}, '北门东南侧': {'A': [1, 1, 1, 0, 1, 1, 1, 1, 0, 1], 'B': [0, 1, 0, 1, 0, 0, 0, 1, 0, 0], 'C': [1, 0, 1, 0, 0, 0, 0, 0, 0, 1], 'D': [0, 1, 0, 0, 0, 0, 1, 0, 0, 1], 'E': [0, 1, 1, 1, 0, 1, 0, 0, 0, 1], 'F': [1, 1, 1, 1, 0, 1, 1, 1, 1, 1]}, '橘园北侧南': {'A': [0, 0, 1, 0, 0, 0, 1, 0, 0, 1], 'B': [0, 0, 0, 1, 1, 0, 0, 0, 1, 1], 'C': [0, 0, 0, 1, 1, 1, 0, 0, 0, 0], 'D': [1, 0, 1, 1, 0, 0, 0, 0, 0, 0], 'E': [0, 0, 1, 0, 0, 0, 1, 1, 0, 0], 'F': [0, 0, 0, 0, 0, 0, 0, 0, 0, 0], 'G': [0, 1, 0, 1, 0, 0, 1, 0, 0, 0], 'H': [1, 0, 0, 0, 1, 0, 0, 0, 0, 0], 'I': [0, 0, 0, 0, 0, 0, 0, 0, 0, 0], 'J': [1, 1, 0, 1, 0, 0, 0, 0, 0, 0]}, '校医院西': {'A': [0, 1, 1, 1, 1, 1, 1, 1, 0, 0], 'B': [1, 0, 1, 0, 0, 0, 0, 1, 1, 1], 'C': [1, 1, 1, 1, 1, 1, 1, 1, 1, 1], 'D': [1, 1, 1, 1, 1, 0, 1, 1, 1, 1], 'E': [1, 1, 0, 1, 1, 1, 1, 1, 1, 1], 'F': [1, 1, 1, 1, 1, 0, 1, 1, 0, 1], 'G': [0, 1, 1, 0, 0, 1, 0, 1, 1, 0], 'H': [0, 0, 0, 0, 0, 0, 0, 0, 0, 0], 'I': [0, 0, 0, 0, 0, 0, 0, 0, 0, 0]}}
624370	2024-07-13 23:36:22.390000+08:00	2024-07-13 23:36:22.390000+08:00	{'东门北侧': {'A': [1, 1, 1, 1, 1, 0, 1, 1, 1, 1], 'B': [1, 1, 1, 1, 1, 1, 1, 1, 1, 1], 'C': [0, 1, 0, 1, 0, 1, 1, 0, 1, 0], 'D': [1, 0, 1, 1, 1, 1, 0, 1, 1, 1], 'E': [1, 0, 1, 1, 1, 0, 1, 0, 1, 1], 'F': [1, 1, 1, 1, 1, 1, 1, 1, 1, 1], 'G': [1, 1, 1, 1, 1, 0, 1, 1, 0, 1], 'H': [1, 1, 1, 1, 1, 0, 0, 1, 0, 1], 'I': [0, 1, 0, 1, 1, 1, 1, 1, 1, 1], 'J': [1, 1, 1, 1, 0, 1, 1, 1, 1, 0], 'K': [0, 1, 1, 0, 1, 1, 1, 1, 1, 0]}, '东门南侧': {'A': [0, 0, 0, 0, 0, 0, 0, 0, 0, 0], 'B': [0, 0, 0, 0, 0, 0, 0, 0, 0, 0]}, '西门北侧': {'A': [1, 1, 0, 1, 1, 1, 0, 1, 1, 1], 'B': [1, 1, 1, 1, 0, 1, 1, 0, 1, 0], 'C': [1, 1, 1, 1, 0, 1, 1, 1, 0, 1]}, '西门南侧': {'A': [0, 1, 1, 1, 1, 1, 1, 0, 1, 1], 'B': [1, 1, 1, 1, 1, 1, 1, 1, 0, 1], 'C': [1, 0, 0, 1, 0, 0, 1, 1, 0, 1]}, '南门西侧': {'A': [1, 1, 1, 1, 1, 1, 1, 1, 1, 1], 'B': [1, 1, 0, 0, 1, 1, 0, 1, 1, 0]}, '南门东侧': {'A': [1, 1, 0, 1, 0, 1, 1, 1, 1, 1], 'B': [1, 1, 1, 1, 1, 1, 1, 1, 1, 1]}, '北门东北侧': {'A': [1, 1, 1, 1, 1, 1, 1, 1, 1, 1], 'B': [0, 1, 0, 1, 1, 1, 0, 1, 0, 0], 'C': [1, 1, 0, 1, 0, 0, 0, 1, 1, 0], 'D': [0, 0, 0, 0, 0, 0, 0, 1, 0, 0]}, '北门东南侧': {'A': [1, 1, 1, 0, 1, 1, 1, 1, 0, 1], 'B': [0, 1, 0, 1, 0, 0, 0, 1, 0, 0], 'C': [1, 0, 1, 0, 0, 0, 0, 0, 0, 1], 'D': [0, 1, 0, 0, 0, 0, 1, 0, 0, 1], 'E': [0, 1, 1, 1, 0, 1, 0, 0, 0, 1], 'F': [1, 1, 1, 1, 0, 1, 1, 1, 1, 1]}, '橘园北侧南': {'A': [0, 0, 1, 0, 0, 0, 1, 0, 0, 1], 'B': [0, 0, 0, 1, 1, 0, 0, 0, 1, 1], 'C': [0, 0, 0, 1, 1, 1, 0, 0, 0, 0], 'D': [1, 0, 1, 1, 0, 0, 0, 0, 0, 0], 'E': [0, 0, 1, 0, 0, 0, 1, 1, 0, 0], 'F': [0, 0, 0, 0, 0, 0, 0, 0, 0, 0], 'G': [0, 1, 0, 1, 1, 0, 1, 0, 0, 0], 'H': [1, 0, 0, 0, 1, 0, 0, 0, 0, 0], 'I': [0, 0, 0, 0, 0, 0, 0, 0, 0, 0], 'J': [1, 1, 0, 1, 0, 0, 0, 0, 0, 0]}, '校医院西': {'A': [0, 1, 1, 1, 1, 1, 1, 1, 0, 0], 'B': [1, 0, 1, 0, 0, 0, 0, 1, 1, 1], 'C': [1, 1, 1, 1, 1, 1, 1, 1, 1, 1], 'D': [1, 1, 1, 1, 1, 0, 1, 1, 1, 1], 'E': [1, 1, 0, 1, 1, 1, 1, 1, 1, 1], 'F': [1, 1, 1, 1, 1, 0, 1, 1, 0, 1], 'G': [0, 1, 1, 0, 0, 1, 0, 1, 1, 0], 'H': [0, 0, 0, 0, 0, 0, 0, 0, 0, 0], 'I': [0, 0, 0, 0, 0, 0, 0, 0, 0, 0]}}
624371	2024-07-13 23:37:19.717000+08:00	2024-07-13 23:37:19.717000+08:00	{'东门北侧': {'A': [1, 1, 1, 1, 1, 0, 1, 1, 1, 1], 'B': [1, 1, 1, 1, 1, 1, 1, 1, 1, 1], 'C': [0, 1, 0, 1, 0, 1, 1, 0, 1, 0], 'D': [1, 0, 1, 1, 1, 1, 0, 1, 1, 1], 'E': [1, 0, 1, 1, 1, 0, 1, 0, 1, 1], 'F': [1, 1, 1, 1, 1, 1, 1, 1, 1, 1], 'G': [1, 1, 1, 1, 1, 0, 1, 1, 0, 1], 'H': [1, 1, 1, 1, 1, 0, 0, 1, 0, 1], 'I': [0, 1, 0, 1, 1, 1, 1, 1, 1, 1], 'J': [1, 1, 1, 1, 0, 1, 1, 1, 1, 0], 'K': [0, 1, 1, 0, 1, 1, 1, 1, 1, 0]}, '东门南侧': {'A': [0, 0, 0, 0, 0, 0, 0, 0, 0, 0], 'B': [0, 0, 0, 0, 0, 0, 0, 0, 0, 0]}, '西门北侧': {'A': [1, 1, 0, 1, 1, 1, 0, 1, 1, 1], 'B': [1, 1, 1, 1, 0, 1, 1, 0, 1, 0], 'C': [1, 1, 1, 1, 0, 1, 1, 1, 0, 1]}, '西门南侧': {'A': [0, 1, 1, 1, 1, 1, 1, 0, 1, 1], 'B': [1, 1, 1, 1, 1, 1, 1, 1, 0, 1], 'C': [1, 0, 0, 1, 0, 0, 1, 1, 0, 1]}, '南门西侧': {'A': [1, 1, 1, 1, 1, 1, 1, 1, 1, 1], 'B': [1, 1, 0, 0, 1, 1, 0, 1, 1, 0]}, '南门东侧': {'A': [1, 1, 0, 1, 0, 1, 1, 1, 1, 1], 'B': [1, 1, 1, 1, 1, 1, 1, 1, 1, 1]}, '北门东北侧': {'A': [1, 1, 1, 1, 1, 1, 1, 1, 1, 1], 'B': [0, 1, 0, 1, 1, 1, 0, 1, 0, 0], 'C': [1, 1, 0, 1, 0, 0, 0, 1, 1, 0], 'D': [0, 0, 0, 0, 0, 0, 0, 1, 0, 0]}, '北门东南侧': {'A': [1, 1, 1, 0, 1, 1, 1, 1, 0, 1], 'B': [0, 1, 0, 1, 0, 0, 0, 1, 0, 0], 'C': [1, 0, 1, 0, 0, 0, 0, 0, 0, 1], 'D': [0, 1, 0, 0, 0, 0, 1, 0, 0, 1], 'E': [0, 1, 1, 1, 0, 1, 0, 0, 0, 1], 'F': [1, 1, 1, 1, 0, 1, 1, 1, 1, 1]}, '橘园北侧南': {'A': [0, 0, 1, 0, 0, 0, 1, 0, 0, 1], 'B': [0, 0, 0, 1, 1, 0, 0, 0, 1, 1], 'C': [0, 0, 0, 1, 1, 1, 0, 0, 0, 0], 'D': [1, 0, 1, 1, 0, 0, 0, 0, 0, 0], 'E': [0, 0, 1, 0, 0, 0, 1, 1, 0, 0], 'F': [0, 0, 0, 0, 0, 0, 0, 0, 0, 0], 'G': [0, 1, 0, 1, 1, 0, 1, 0, 0, 0], 'H': [1, 0, 0, 0, 1, 0, 0, 0, 0, 0], 'I': [0, 0, 0, 0, 0, 0, 0, 0, 0, 0], 'J': [1, 1, 0, 1, 0, 0, 0, 0, 0, 0]}, '校医院西': {'A': [0, 1, 1, 1, 1, 1, 1, 1, 0, 0], 'B': [1, 0, 1, 0, 0, 0, 0, 1, 1, 1], 'C': [1, 1, 1, 1, 1, 1, 1, 1, 1, 1], 'D': [1, 1, 1, 1, 1, 0, 1, 1, 1, 1], 'E': [1, 1, 0, 1, 1, 1, 1, 1, 1, 1], 'F': [1, 1, 1, 1, 1, 0, 1, 1, 0, 1], 'G': [0, 1, 1, 0, 0, 1, 0, 1, 1, 0], 'H': [0, 0, 0, 0, 0, 0, 0, 0, 0, 0], 'I': [0, 0, 0, 0, 0, 0, 0, 0, 0, 0]}}
624372	2024-07-13 23:38:21.582000+08:00	2024-07-13 23:38:21.582000+08:00	{'东门北侧': {'A': [1, 1, 1, 1, 1, 0, 1, 1, 1, 1], 'B': [1, 1, 1, 1, 1, 1, 1, 1, 1, 1], 'C': [0, 1, 0, 1, 0, 1, 1, 0, 1, 0], 'D': [1, 0, 1, 1, 1, 1, 0, 1, 1, 1], 'E': [1, 0, 1, 1, 1, 0, 1, 0, 1, 1], 'F': [1, 1, 1, 1, 1, 1, 1, 1, 1, 1], 'G': [1, 1, 1, 1, 1, 0, 1, 1, 0, 1], 'H': [1, 1, 1, 1, 1, 0, 0, 1, 0, 1], 'I': [0, 1, 0, 1, 1, 1, 1, 1, 1, 1], 'J': [1, 1, 1, 1, 0, 1, 1, 1, 1, 0], 'K': [0, 1, 1, 0, 1, 1, 1, 1, 1, 0]}, '东门南侧': {'A': [0, 0, 0, 0, 0, 0, 0, 0, 0, 0], 'B': [0, 0, 0, 0, 0, 0, 0, 0, 0, 0]}, '西门北侧': {'A': [1, 1, 0, 1, 1, 1, 0, 1, 1, 1], 'B': [1, 1, 1, 1, 0, 1, 1, 0, 1, 0], 'C': [1, 1, 1, 1, 0, 1, 1, 1, 0, 1]}, '西门南侧': {'A': [0, 1, 1, 1, 1, 1, 1, 0, 1, 1], 'B': [1, 1, 1, 1, 1, 1, 1, 1, 0, 1], 'C': [1, 0, 0, 1, 0, 0, 1, 1, 0, 1]}, '南门西侧': {'A': [1, 1, 1, 1, 1, 1, 1, 1, 1, 1], 'B': [1, 1, 0, 0, 1, 1, 0, 1, 1, 0]}, '南门东侧': {'A': [1, 1, 0, 1, 0, 1, 1, 1, 1, 1], 'B': [1, 1, 1, 1, 1, 1, 1, 1, 1, 1]}, '北门东北侧': {'A': [1, 1, 1, 1, 1, 1, 1, 1, 1, 1], 'B': [0, 1, 0, 1, 1, 1, 0, 1, 0, 0], 'C': [1, 1, 0, 1, 0, 0, 0, 1, 1, 0], 'D': [0, 0, 0, 0, 0, 0, 0, 1, 0, 0]}, '北门东南侧': {'A': [1, 1, 1, 0, 1, 1, 1, 1, 0, 1], 'B': [0, 1, 0, 1, 0, 0, 0, 1, 0, 0], 'C': [1, 0, 1, 0, 0, 0, 0, 0, 0, 1], 'D': [0, 1, 0, 0, 0, 0, 1, 0, 0, 1], 'E': [0, 1, 1, 1, 0, 1, 0, 0, 0, 1], 'F': [1, 1, 1, 1, 0, 1, 1, 1, 1, 1]}, '橘园北侧南': {'A': [0, 0, 1, 0, 0, 0, 1, 0, 0, 1], 'B': [0, 0, 0, 1, 1, 0, 0, 0, 1, 1], 'C': [0, 0, 0, 1, 1, 1, 0, 0, 0, 0], 'D': [1, 0, 1, 1, 0, 0, 0, 0, 0, 0], 'E': [0, 0, 1, 0, 0, 0, 1, 1, 0, 0], 'F': [0, 0, 0, 0, 0, 0, 0, 0, 0, 0], 'G': [0, 1, 0, 1, 1, 0, 1, 0, 0, 0], 'H': [1, 0, 0, 0, 1, 0, 0, 0, 0, 0], 'I': [0, 0, 0, 0, 0, 0, 0, 0, 0, 0], 'J': [1, 1, 0, 1, 0, 1, 0, 0, 0, 0]}, '校医院西': {'A': [0, 1, 1, 1, 1, 1, 1, 1, 0, 0], 'B': [1, 0, 1, 0, 0, 0, 0, 1, 1, 1], 'C': [1, 1, 1, 1, 1, 1, 1, 1, 1, 1], 'D': [1, 1, 1, 1, 1, 0, 1, 1, 1, 1], 'E': [1, 1, 0, 1, 1, 1, 1, 1, 1, 1], 'F': [1, 1, 1, 1, 1, 0, 1, 1, 0, 1], 'G': [0, 1, 1, 0, 0, 1, 0, 1, 1, 0], 'H': [0, 0, 0, 0, 0, 0, 0, 0, 1, 0], 'I': [0, 0, 0, 0, 0, 0, 0, 0, 0, 0]}}
624373	2024-07-13 23:39:22.402000+08:00	2024-07-13 23:39:22.402000+08:00	{'东门北侧': {'A': [1, 1, 1, 1, 1, 0, 1, 1, 1, 1], 'B': [1, 1, 1, 1, 1, 1, 1, 1, 1, 1], 'C': [0, 1, 0, 1, 0, 1, 1, 0, 1, 0], 'D': [1, 0, 1, 1, 1, 1, 0, 1, 1, 1], 'E': [1, 0, 1, 1, 1, 0, 1, 0, 1, 1], 'F': [1, 1, 1, 1, 1, 1, 1, 1, 1, 1], 'G': [1, 1, 1, 1, 1, 0, 1, 1, 0, 1], 'H': [1, 1, 1, 1, 1, 0, 0, 1, 0, 1], 'I': [0, 1, 0, 1, 1, 1, 1, 1, 1, 1], 'J': [1, 1, 1, 1, 0, 1, 1, 1, 1, 0], 'K': [0, 1, 1, 0, 1, 1, 1, 1, 1, 0]}, '东门南侧': {'A': [0, 0, 0, 0, 0, 0, 0, 0, 0, 0], 'B': [0, 0, 0, 0, 0, 0, 0, 0, 0, 0]}, '西门北侧': {'A': [1, 1, 0, 1, 1, 1, 0, 1, 1, 1], 'B': [1, 1, 1, 1, 0, 1, 1, 0, 1, 0], 'C': [1, 1, 1, 1, 0, 1, 1, 1, 0, 1]}, '西门南侧': {'A': [0, 1, 1, 1, 1, 1, 1, 0, 1, 1], 'B': [1, 1, 1, 1, 1, 1, 1, 1, 0, 1], 'C': [1, 0, 0, 1, 0, 0, 1, 1, 0, 1]}, '南门西侧': {'A': [1, 1, 1, 1, 1, 1, 1, 1, 1, 1], 'B': [1, 1, 0, 0, 1, 1, 0, 1, 1, 0]}, '南门东侧': {'A': [1, 1, 0, 1, 0, 1, 1, 1, 1, 1], 'B': [1, 1, 1, 1, 1, 1, 1, 1, 1, 1]}, '北门东北侧': {'A': [1, 1, 1, 1, 1, 1, 1, 1, 1, 1], 'B': [0, 1, 0, 1, 1, 1, 0, 1, 0, 0], 'C': [1, 1, 0, 1, 0, 0, 0, 1, 1, 0], 'D': [0, 0, 0, 0, 0, 0, 0, 1, 0, 0]}, '北门东南侧': {'A': [1, 1, 1, 0, 1, 1, 1, 1, 0, 1], 'B': [0, 1, 0, 1, 0, 0, 0, 1, 0, 0], 'C': [1, 0, 1, 0, 0, 0, 0, 0, 0, 1], 'D': [0, 1, 0, 0, 0, 0, 1, 0, 0, 1], 'E': [0, 1, 1, 1, 0, 1, 0, 0, 0, 1], 'F': [1, 1, 1, 1, 0, 1, 1, 1, 1, 1]}, '橘园北侧南': {'A': [0, 0, 1, 0, 0, 0, 1, 0, 0, 1], 'B': [0, 0, 0, 1, 1, 0, 0, 0, 1, 1], 'C': [0, 0, 0, 1, 1, 1, 0, 0, 0, 0], 'D': [1, 0, 1, 1, 0, 0, 0, 0, 0, 0], 'E': [0, 0, 1, 0, 0, 0, 1, 1, 0, 0], 'F': [0, 0, 0, 0, 0, 0, 0, 0, 0, 0], 'G': [0, 1, 0, 1, 1, 0, 1, 0, 0, 0], 'H': [1, 0, 0, 0, 1, 0, 0, 0, 0, 0], 'I': [0, 0, 0, 0, 0, 0, 0, 0, 0, 0], 'J': [1, 1, 0, 0, 1, 1, 0, 0, 0, 0]}, '校医院西': {'A': [0, 1, 1, 1, 1, 1, 1, 1, 0, 0], 'B': [1, 0, 1, 0, 0, 0, 0, 1, 1, 1], 'C': [1, 1, 1, 1, 1, 1, 1, 1, 1, 1], 'D': [1, 1, 1, 1, 1, 0, 1, 1, 1, 1], 'E': [1, 1, 0, 1, 1, 1, 1, 1, 1, 1], 'F': [1, 1, 1, 1, 1, 0, 1, 1, 0, 1], 'G': [0, 1, 1, 0, 0, 1, 0, 1, 1, 0], 'H': [0, 0, 0, 0, 0, 0, 0, 0, 1, 0], 'I': [0, 0, 0, 0, 0, 0, 0, 0, 0, 0]}}
624374	2024-07-13 23:40:20.787000+08:00	2024-07-13 23:40:20.787000+08:00	{'东门北侧': {'A': [1, 1, 1, 1, 1, 0, 1, 1, 1, 1], 'B': [1, 1, 1, 1, 1, 1, 1, 1, 1, 1], 'C': [0, 1, 0, 1, 0, 1, 1, 0, 1, 0], 'D': [1, 0, 1, 1, 1, 1, 0, 1, 1, 1], 'E': [1, 0, 1, 1, 1, 0, 1, 0, 1, 1], 'F': [1, 1, 1, 1, 1, 1, 1, 1, 1, 1], 'G': [1, 1, 1, 1, 1, 0, 1, 1, 0, 1], 'H': [1, 1, 1, 1, 1, 0, 0, 1, 0, 1], 'I': [0, 1, 0, 1, 1, 1, 1, 1, 1, 1], 'J': [1, 1, 1, 1, 0, 1, 1, 1, 1, 0], 'K': [0, 1, 1, 0, 1, 1, 1, 1, 1, 0]}, '东门南侧': {'A': [0, 0, 0, 0, 0, 0, 0, 0, 0, 0], 'B': [0, 0, 0, 0, 0, 0, 0, 0, 0, 0]}, '西门北侧': {'A': [1, 1, 0, 1, 1, 1, 0, 1, 1, 1], 'B': [1, 1, 1, 1, 0, 1, 1, 0, 1, 0], 'C': [1, 1, 1, 1, 0, 1, 1, 1, 0, 1]}, '西门南侧': {'A': [0, 1, 1, 1, 1, 1, 1, 0, 1, 1], 'B': [1, 1, 1, 1, 1, 1, 1, 1, 0, 1], 'C': [1, 0, 0, 1, 0, 0, 1, 1, 0, 1]}, '南门西侧': {'A': [1, 1, 1, 1, 1, 1, 1, 1, 1, 1], 'B': [1, 1, 0, 0, 1, 1, 0, 1, 1, 0]}, '南门东侧': {'A': [1, 1, 0, 1, 0, 1, 1, 1, 1, 1], 'B': [1, 1, 1, 1, 1, 1, 1, 1, 1, 1]}, '北门东北侧': {'A': [1, 1, 1, 1, 1, 1, 1, 1, 1, 1], 'B': [0, 1, 0, 1, 1, 1, 0, 1, 0, 0], 'C': [1, 1, 0, 1, 0, 0, 0, 1, 1, 0], 'D': [0, 0, 0, 0, 0, 0, 0, 1, 0, 0]}, '北门东南侧': {'A': [1, 1, 1, 0, 1, 1, 1, 1, 0, 1], 'B': [0, 1, 0, 1, 0, 0, 0, 1, 0, 0], 'C': [1, 0, 1, 0, 0, 0, 0, 0, 0, 1], 'D': [0, 1, 0, 0, 0, 0, 1, 0, 0, 1], 'E': [0, 1, 1, 1, 0, 1, 0, 0, 0, 1], 'F': [1, 1, 1, 1, 0, 1, 1, 1, 1, 1]}, '橘园北侧南': {'A': [0, 0, 1, 0, 0, 0, 1, 0, 0, 1], 'B': [0, 0, 0, 1, 1, 0, 0, 0, 1, 1], 'C': [0, 0, 0, 1, 1, 1, 0, 0, 0, 0], 'D': [1, 0, 1, 1, 0, 0, 0, 0, 0, 0], 'E': [0, 0, 1, 0, 0, 0, 1, 1, 0, 0], 'F': [0, 0, 0, 0, 0, 0, 0, 0, 0, 0], 'G': [0, 1, 0, 1, 1, 0, 1, 0, 0, 0], 'H': [1, 0, 0, 0, 1, 0, 0, 0, 0, 0], 'I': [0, 0, 0, 0, 0, 0, 0, 0, 0, 0], 'J': [1, 1, 0, 0, 1, 1, 0, 0, 0, 0]}, '校医院西': {'A': [0, 1, 1, 1, 1, 1, 1, 1, 0, 0], 'B': [1, 0, 1, 0, 0, 0, 0, 1, 1, 1], 'C': [1, 1, 1, 1, 1, 1, 1, 1, 1, 1], 'D': [1, 1, 1, 1, 1, 0, 1, 1, 1, 1], 'E': [1, 1, 0, 1, 1, 1, 1, 1, 1, 1], 'F': [1, 1, 1, 1, 1, 0, 1, 1, 0, 1], 'G': [0, 1, 1, 0, 0, 1, 0, 1, 1, 0], 'H': [0, 0, 0, 0, 0, 0, 0, 0, 1, 0], 'I': [0, 0, 0, 0, 0, 0, 0, 0, 0, 0]}}
624375	2024-07-13 23:41:18.560000+08:00	2024-07-13 23:41:18.560000+08:00	{'东门北侧': {'A': [1, 1, 1, 1, 1, 0, 1, 1, 1, 1], 'B': [1, 1, 1, 1, 1, 1, 1, 1, 1, 1], 'C': [0, 1, 0, 1, 0, 1, 1, 0, 0, 0], 'D': [1, 0, 1, 1, 1, 1, 0, 1, 1, 1], 'E': [1, 0, 1, 1, 1, 0, 1, 0, 1, 1], 'F': [1, 1, 1, 1, 1, 1, 1, 1, 1, 1], 'G': [1, 1, 1, 1, 1, 0, 1, 1, 0, 1], 'H': [1, 1, 1, 1, 1, 0, 0, 1, 0, 1], 'I': [0, 1, 0, 1, 1, 1, 1, 1, 1, 1], 'J': [1, 1, 1, 1, 0, 0, 1, 1, 1, 0], 'K': [0, 1, 0, 0, 1, 1, 1, 1, 1, 0]}, '东门南侧': {'A': [0, 0, 0, 0, 0, 0, 0, 0, 0, 0], 'B': [0, 0, 0, 0, 0, 0, 0, 0, 0, 0]}, '西门北侧': {'A': [1, 1, 0, 1, 1, 1, 0, 1, 1, 1], 'B': [1, 1, 1, 1, 0, 1, 1, 0, 1, 0], 'C': [1, 1, 1, 1, 0, 1, 1, 1, 0, 1]}, '西门南侧': {'A': [0, 1, 1, 1, 1, 1, 1, 0, 1, 1], 'B': [1, 1, 1, 1, 1, 1, 1, 1, 0, 1], 'C': [1, 0, 0, 1, 0, 0, 1, 1, 0, 1]}, '南门西侧': {'A': [1, 1, 1, 1, 1, 1, 1, 1, 1, 1], 'B': [1, 1, 0, 0, 1, 1, 0, 1, 1, 0]}, '南门东侧': {'A': [1, 1, 0, 1, 0, 1, 1, 1, 1, 1], 'B': [1, 1, 1, 1, 1, 1, 1, 1, 1, 1]}, '北门东北侧': {'A': [1, 1, 1, 1, 1, 1, 1, 1, 1, 1], 'B': [0, 1, 0, 1, 1, 1, 0, 1, 0, 0], 'C': [1, 1, 0, 1, 0, 0, 0, 1, 1, 0], 'D': [0, 0, 0, 0, 0, 0, 0, 1, 0, 0]}, '北门东南侧': {'A': [1, 1, 1, 0, 1, 1, 1, 1, 0, 1], 'B': [0, 1, 0, 1, 0, 0, 0, 1, 0, 0], 'C': [1, 0, 1, 0, 0, 0, 0, 0, 0, 1], 'D': [0, 1, 0, 0, 0, 0, 1, 0, 0, 1], 'E': [0, 1, 1, 1, 0, 1, 0, 0, 0, 1], 'F': [1, 1, 1, 1, 0, 1, 1, 1, 1, 1]}, '橘园北侧南': {'A': [0, 0, 1, 0, 0, 0, 1, 0, 0, 1], 'B': [0, 0, 0, 1, 1, 0, 0, 0, 1, 1], 'C': [0, 0, 0, 1, 1, 1, 0, 0, 0, 0], 'D': [1, 0, 1, 1, 0, 0, 0, 0, 0, 0], 'E': [0, 0, 1, 0, 0, 0, 1, 1, 0, 0], 'F': [0, 0, 0, 0, 0, 0, 0, 0, 0, 0], 'G': [0, 1, 0, 1, 1, 0, 1, 0, 0, 0], 'H': [1, 0, 0, 0, 1, 0, 0, 0, 0, 0], 'I': [0, 0, 0, 0, 0, 0, 0, 0, 0, 0], 'J': [1, 1, 0, 0, 1, 1, 0, 0, 0, 0]}, '校医院西': {'A': [0, 1, 1, 1, 1, 1, 1, 1, 0, 0], 'B': [1, 0, 1, 0, 0, 0, 0, 1, 1, 1], 'C': [1, 1, 1, 1, 1, 1, 1, 1, 1, 1], 'D': [1, 1, 1, 1, 1, 0, 1, 1, 1, 1], 'E': [1, 1, 0, 1, 1, 1, 1, 1, 1, 1], 'F': [1, 1, 1, 1, 1, 0, 1, 1, 0, 1], 'G': [0, 1, 1, 0, 0, 1, 0, 1, 1, 0], 'H': [0, 0, 0, 0, 0, 0, 0, 0, 1, 0], 'I': [0, 0, 0, 0, 0, 0, 0, 0, 0, 0]}}
624376	2024-07-13 23:42:22.225000+08:00	2024-07-13 23:42:22.225000+08:00	{'东门北侧': {'A': [1, 1, 1, 1, 1, 0, 1, 1, 1, 1], 'B': [1, 1, 1, 1, 1, 1, 1, 1, 1, 1], 'C': [0, 1, 0, 1, 0, 1, 1, 0, 0, 0], 'D': [1, 0, 1, 1, 1, 1, 0, 1, 1, 1], 'E': [1, 0, 1, 1, 1, 0, 1, 0, 1, 1], 'F': [1, 1, 1, 1, 1, 1, 1, 1, 1, 1], 'G': [1, 1, 1, 1, 1, 0, 1, 1, 0, 1], 'H': [1, 1, 1, 1, 1, 0, 0, 1, 0, 1], 'I': [0, 1, 0, 1, 1, 1, 1, 1, 1, 1], 'J': [1, 1, 1, 1, 0, 0, 1, 1, 1, 0], 'K': [0, 1, 0, 0, 1, 1, 1, 1, 1, 0]}, '东门南侧': {'A': [0, 0, 0, 0, 1, 0, 0, 0, 0, 0], 'B': [0, 0, 0, 0, 0, 0, 0, 0, 0, 0]}, '西门北侧': {'A': [1, 1, 0, 1, 1, 1, 0, 1, 1, 1], 'B': [1, 1, 1, 1, 0, 1, 1, 0, 1, 0], 'C': [1, 1, 1, 1, 0, 1, 1, 1, 0, 1]}, '西门南侧': {'A': [0, 1, 1, 1, 1, 1, 1, 0, 1, 1], 'B': [1, 1, 1, 1, 1, 1, 1, 1, 0, 1], 'C': [1, 0, 0, 1, 0, 0, 1, 1, 0, 1]}, '南门西侧': {'A': [1, 1, 1, 1, 1, 1, 1, 1, 1, 1], 'B': [1, 1, 0, 0, 1, 1, 0, 1, 1, 0]}, '南门东侧': {'A': [1, 1, 0, 1, 0, 1, 1, 1, 1, 1], 'B': [1, 1, 1, 1, 1, 1, 1, 1, 1, 1]}, '北门东北侧': {'A': [1, 1, 1, 1, 1, 1, 1, 1, 1, 1], 'B': [0, 1, 0, 1, 1, 1, 0, 1, 0, 0], 'C': [1, 1, 0, 1, 0, 0, 0, 1, 1, 0], 'D': [0, 0, 0, 0, 0, 0, 0, 1, 0, 0]}, '北门东南侧': {'A': [1, 1, 1, 0, 1, 1, 1, 1, 0, 1], 'B': [1, 1, 0, 1, 0, 0, 0, 1, 0, 0], 'C': [1, 0, 1, 0, 0, 0, 0, 0, 0, 1], 'D': [0, 1, 0, 0, 0, 0, 1, 0, 0, 1], 'E': [0, 1, 1, 1, 0, 1, 0, 0, 0, 1], 'F': [1, 1, 1, 1, 0, 1, 1, 1, 1, 1]}, '橘园北侧南': {'A': [0, 0, 1, 0, 0, 0, 1, 0, 0, 1], 'B': [0, 0, 0, 1, 1, 0, 0, 0, 1, 1], 'C': [0, 0, 0, 1, 1, 1, 0, 0, 0, 0], 'D': [1, 0, 1, 1, 0, 0, 0, 0, 0, 0], 'E': [0, 0, 1, 0, 0, 0, 1, 1, 0, 0], 'F': [0, 0, 0, 0, 0, 0, 0, 0, 0, 0], 'G': [0, 1, 0, 1, 1, 0, 1, 0, 0, 0], 'H': [1, 0, 0, 0, 1, 0, 0, 0, 0, 0], 'I': [0, 0, 0, 0, 0, 0, 0, 0, 0, 0], 'J': [1, 1, 0, 0, 1, 1, 0, 0, 0, 0]}, '校医院西': {'A': [0, 1, 1, 1, 1, 1, 1, 1, 0, 0], 'B': [1, 0, 1, 0, 0, 0, 0, 1, 1, 1], 'C': [1, 1, 1, 1, 1, 1, 1, 1, 1, 1], 'D': [1, 1, 1, 1, 1, 0, 1, 1, 1, 1], 'E': [1, 1, 0, 1, 1, 1, 1, 1, 1, 1], 'F': [1, 1, 1, 1, 1, 0, 1, 1, 0, 1], 'G': [0, 1, 1, 0, 0, 1, 0, 1, 1, 0], 'H': [0, 0, 0, 0, 0, 0, 0, 0, 1, 0], 'I': [0, 0, 0, 0, 0, 0, 0, 0, 0, 0]}}
624377	2024-07-13 23:43:19.580000+08:00	2024-07-13 23:43:19.580000+08:00	{'东门北侧': {'A': [1, 1, 1, 1, 1, 0, 1, 1, 1, 1], 'B': [1, 1, 1, 1, 1, 1, 1, 1, 1, 1], 'C': [0, 1, 0, 1, 0, 1, 1, 0, 0, 0], 'D': [1, 0, 1, 1, 1, 1, 0, 1, 1, 1], 'E': [1, 0, 1, 1, 1, 0, 1, 0, 1, 1], 'F': [1, 1, 1, 1, 1, 1, 1, 1, 1, 1], 'G': [1, 1, 1, 1, 1, 0, 1, 1, 0, 1], 'H': [1, 1, 1, 1, 1, 0, 0, 1, 0, 1], 'I': [0, 1, 0, 1, 1, 1, 1, 1, 1, 1], 'J': [1, 1, 1, 1, 0, 0, 1, 1, 1, 0], 'K': [0, 1, 0, 0, 1, 1, 1, 1, 1, 0]}, '东门南侧': {'A': [0, 0, 0, 0, 1, 0, 0, 0, 0, 0], 'B': [0, 0, 0, 0, 0, 0, 0, 0, 0, 0]}, '西门北侧': {'A': [1, 1, 0, 1, 1, 1, 0, 1, 1, 1], 'B': [1, 1, 1, 1, 0, 1, 1, 0, 1, 0], 'C': [1, 1, 1, 1, 0, 1, 1, 1, 0, 1]}, '西门南侧': {'A': [0, 1, 1, 1, 1, 1, 1, 0, 1, 1], 'B': [1, 1, 1, 1, 1, 1, 1, 1, 0, 1], 'C': [1, 0, 0, 1, 0, 0, 1, 1, 0, 1]}, '南门西侧': {'A': [1, 1, 1, 1, 1, 1, 1, 1, 1, 1], 'B': [1, 1, 0, 0, 1, 1, 0, 1, 1, 0]}, '南门东侧': {'A': [1, 1, 0, 1, 0, 1, 1, 1, 1, 1], 'B': [1, 1, 1, 1, 1, 1, 1, 1, 1, 1]}, '北门东北侧': {'A': [1, 1, 1, 1, 1, 1, 1, 1, 1, 1], 'B': [0, 1, 0, 1, 1, 1, 0, 1, 0, 0], 'C': [1, 1, 0, 1, 0, 0, 0, 1, 1, 0], 'D': [0, 0, 0, 0, 0, 0, 0, 1, 0, 0]}, '北门东南侧': {'A': [1, 1, 1, 0, 1, 1, 1, 1, 0, 1], 'B': [1, 1, 0, 1, 0, 0, 0, 1, 0, 0], 'C': [1, 0, 1, 0, 0, 0, 0, 0, 0, 1], 'D': [0, 1, 0, 0, 0, 0, 1, 0, 0, 1], 'E': [0, 1, 1, 1, 0, 1, 0, 0, 0, 1], 'F': [1, 1, 1, 1, 0, 1, 1, 1, 1, 1]}, '橘园北侧南': {'A': [0, 0, 1, 0, 0, 0, 1, 0, 0, 1], 'B': [0, 0, 0, 1, 1, 0, 0, 0, 1, 1], 'C': [0, 0, 0, 1, 1, 1, 0, 0, 0, 0], 'D': [1, 0, 1, 1, 0, 0, 0, 0, 0, 0], 'E': [0, 0, 1, 0, 0, 0, 1, 1, 0, 0], 'F': [0, 0, 0, 0, 0, 0, 0, 0, 0, 0], 'G': [0, 1, 0, 1, 1, 0, 1, 0, 0, 0], 'H': [1, 0, 0, 0, 1, 0, 0, 0, 0, 0], 'I': [0, 0, 0, 0, 0, 0, 0, 0, 0, 0], 'J': [1, 1, 0, 0, 1, 1, 0, 0, 0, 0]}, '校医院西': {'A': [0, 1, 1, 1, 1, 1, 1, 1, 0, 0], 'B': [1, 0, 1, 0, 0, 0, 0, 1, 1, 1], 'C': [1, 1, 1, 1, 1, 1, 1, 1, 1, 1], 'D': [1, 1, 1, 1, 1, 0, 1, 1, 1, 1], 'E': [1, 1, 0, 1, 1, 1, 1, 1, 1, 1], 'F': [1, 1, 1, 1, 1, 0, 1, 1, 0, 1], 'G': [0, 1, 1, 0, 0, 1, 0, 1, 1, 0], 'H': [0, 0, 0, 0, 0, 0, 0, 0, 1, 0], 'I': [0, 0, 0, 0, 0, 0, 0, 0, 0, 0]}}
624378	2024-07-13 23:45:04.632000+08:00	2024-07-13 23:45:04.632000+08:00	{'东门北侧': {'A': [1, 1, 1, 1, 1, 0, 1, 1, 1, 1], 'B': [1, 1, 1, 1, 1, 1, 1, 1, 1, 1], 'C': [0, 1, 0, 1, 0, 1, 1, 0, 0, 0], 'D': [1, 0, 1, 1, 1, 1, 0, 1, 1, 1], 'E': [1, 0, 1, 1, 1, 0, 1, 0, 1, 1], 'F': [1, 1, 1, 1, 1, 1, 1, 1, 1, 1], 'G': [1, 1, 1, 1, 1, 0, 1, 1, 0, 1], 'H': [1, 1, 1, 1, 1, 0, 0, 1, 0, 1], 'I': [0, 1, 0, 1, 1, 1, 1, 1, 1, 1], 'J': [1, 1, 1, 1, 0, 0, 1, 1, 1, 0], 'K': [0, 1, 0, 0, 1, 1, 1, 1, 1, 0]}, '东门南侧': {'A': [0, 0, 0, 0, 1, 0, 0, 0, 0, 0], 'B': [0, 0, 0, 0, 0, 0, 0, 0, 0, 0]}, '西门北侧': {'A': [1, 1, 0, 1, 1, 1, 0, 1, 1, 1], 'B': [1, 1, 1, 1, 0, 1, 1, 0, 1, 0], 'C': [1, 1, 1, 1, 0, 1, 1, 1, 0, 1]}, '西门南侧': {'A': [0, 1, 1, 1, 1, 1, 1, 0, 1, 1], 'B': [1, 1, 1, 1, 1, 1, 1, 1, 0, 1], 'C': [1, 0, 0, 1, 0, 0, 1, 1, 0, 1]}, '南门西侧': {'A': [1, 1, 1, 1, 1, 1, 1, 1, 1, 1], 'B': [1, 1, 0, 0, 1, 1, 0, 1, 1, 0]}, '南门东侧': {'A': [1, 1, 0, 1, 0, 1, 1, 1, 1, 1], 'B': [1, 1, 1, 1, 1, 1, 1, 1, 1, 1]}, '北门东北侧': {'A': [1, 1, 1, 1, 1, 1, 1, 1, 1, 1], 'B': [0, 1, 0, 1, 1, 1, 0, 1, 0, 0], 'C': [1, 1, 0, 1, 0, 0, 0, 1, 1, 0], 'D': [0, 0, 0, 0, 0, 0, 0, 1, 0, 0]}, '北门东南侧': {'A': [1, 1, 1, 0, 1, 1, 1, 1, 0, 1], 'B': [1, 1, 0, 1, 0, 0, 0, 1, 0, 0], 'C': [1, 0, 1, 0, 0, 0, 0, 0, 0, 1], 'D': [0, 1, 0, 0, 0, 0, 1, 0, 0, 1], 'E': [0, 1, 1, 1, 0, 1, 0, 0, 0, 1], 'F': [1, 1, 1, 1, 0, 1, 1, 1, 1, 1]}, '橘园北侧南': {'A': [0, 0, 1, 0, 0, 0, 1, 0, 0, 1], 'B': [0, 0, 0, 1, 1, 0, 0, 0, 1, 1], 'C': [0, 0, 0, 1, 1, 1, 0, 0, 0, 0], 'D': [1, 0, 1, 1, 0, 0, 0, 0, 0, 0], 'E': [0, 0, 1, 0, 0, 0, 1, 1, 0, 0], 'F': [0, 0, 0, 0, 0, 0, 0, 0, 0, 0], 'G': [0, 1, 0, 1, 1, 0, 1, 0, 0, 0], 'H': [1, 0, 0, 0, 1, 0, 0, 0, 0, 0], 'I': [0, 0, 0, 0, 0, 0, 0, 0, 0, 0], 'J': [1, 1, 0, 0, 1, 1, 0, 0, 0, 0]}, '校医院西': {'A': [0, 1, 1, 1, 1, 1, 1, 1, 0, 0], 'B': [1, 0, 1, 0, 0, 0, 0, 1, 1, 1], 'C': [1, 1, 1, 1, 1, 1, 1, 1, 1, 1], 'D': [1, 1, 1, 1, 1, 0, 1, 1, 1, 1], 'E': [1, 1, 0, 1, 1, 1, 1, 1, 1, 1], 'F': [1, 1, 1, 1, 1, 0, 1, 1, 0, 1], 'G': [0, 1, 1, 0, 0, 1, 0, 1, 1, 0], 'H': [0, 0, 0, 0, 0, 0, 0, 0, 1, 0], 'I': [0, 0, 0, 0, 0, 0, 0, 0, 0, 0]}}
624379	2024-07-13 23:45:22.031000+08:00	2024-07-13 23:45:22.031000+08:00	{'东门北侧': {'A': [1, 1, 1, 1, 1, 0, 1, 1, 1, 1], 'B': [1, 1, 1, 1, 1, 1, 1, 1, 1, 1], 'C': [0, 1, 0, 1, 0, 1, 1, 0, 0, 0], 'D': [1, 0, 1, 1, 1, 1, 0, 1, 1, 1], 'E': [1, 0, 1, 1, 1, 0, 1, 0, 1, 1], 'F': [1, 1, 1, 1, 1, 1, 1, 1, 1, 1], 'G': [1, 1, 1, 1, 1, 0, 1, 1, 0, 1], 'H': [1, 1, 1, 1, 1, 0, 0, 1, 0, 1], 'I': [0, 1, 0, 1, 1, 1, 1, 1, 1, 1], 'J': [1, 1, 1, 1, 1, 0, 1, 1, 1, 0], 'K': [0, 1, 0, 0, 1, 1, 1, 1, 1, 0]}, '东门南侧': {'A': [0, 0, 0, 0, 1, 0, 0, 0, 0, 0], 'B': [0, 0, 0, 0, 0, 0, 0, 0, 0, 0]}, '西门北侧': {'A': [1, 1, 0, 1, 1, 1, 0, 1, 1, 1], 'B': [1, 1, 1, 1, 0, 1, 1, 0, 1, 0], 'C': [1, 1, 1, 1, 0, 1, 1, 1, 0, 1]}, '西门南侧': {'A': [0, 1, 1, 1, 1, 1, 1, 0, 1, 1], 'B': [1, 1, 1, 1, 1, 1, 1, 1, 0, 1], 'C': [1, 0, 0, 1, 0, 0, 1, 1, 0, 1]}, '南门西侧': {'A': [1, 1, 1, 1, 1, 1, 1, 1, 1, 1], 'B': [1, 1, 0, 0, 1, 1, 0, 1, 1, 0]}, '南门东侧': {'A': [1, 1, 0, 1, 0, 1, 1, 1, 1, 1], 'B': [1, 1, 1, 1, 1, 1, 1, 1, 1, 1]}, '北门东北侧': {'A': [1, 1, 1, 1, 1, 1, 1, 1, 1, 1], 'B': [0, 1, 0, 1, 1, 1, 0, 1, 0, 0], 'C': [1, 1, 0, 1, 0, 0, 0, 1, 1, 0], 'D': [0, 0, 0, 0, 0, 0, 0, 1, 0, 0]}, '北门东南侧': {'A': [1, 1, 1, 0, 1, 1, 1, 1, 0, 1], 'B': [1, 1, 0, 1, 0, 0, 0, 1, 0, 0], 'C': [1, 0, 1, 0, 0, 0, 0, 0, 0, 1], 'D': [0, 1, 0, 0, 0, 0, 1, 0, 0, 1], 'E': [0, 1, 1, 1, 0, 1, 0, 0, 0, 1], 'F': [1, 1, 1, 1, 0, 1, 1, 1, 1, 1]}, '橘园北侧南': {'A': [0, 0, 1, 0, 0, 0, 1, 0, 0, 1], 'B': [0, 0, 0, 1, 1, 0, 0, 0, 1, 1], 'C': [0, 0, 0, 1, 1, 1, 0, 0, 0, 0], 'D': [1, 0, 1, 1, 0, 0, 0, 0, 0, 0], 'E': [0, 0, 1, 0, 0, 0, 1, 1, 0, 0], 'F': [0, 0, 0, 0, 0, 0, 0, 0, 0, 0], 'G': [0, 1, 0, 0, 1, 0, 1, 0, 0, 0], 'H': [1, 0, 0, 0, 1, 0, 0, 0, 0, 0], 'I': [0, 0, 0, 0, 0, 0, 0, 0, 0, 0], 'J': [1, 1, 0, 0, 1, 1, 0, 0, 0, 0]}, '校医院西': {'A': [0, 1, 1, 1, 1, 1, 1, 1, 0, 0], 'B': [1, 0, 1, 0, 0, 0, 0, 1, 1, 1], 'C': [1, 1, 1, 1, 1, 1, 1, 1, 1, 1], 'D': [1, 1, 1, 1, 1, 0, 1, 1, 1, 1], 'E': [1, 1, 0, 1, 1, 1, 1, 1, 1, 1], 'F': [1, 1, 1, 1, 1, 0, 1, 1, 0, 1], 'G': [0, 1, 1, 0, 0, 1, 0, 1, 1, 0], 'H': [0, 0, 0, 0, 0, 0, 0, 0, 1, 0], 'I': [0, 0, 0, 0, 0, 0, 0, 0, 0, 0]}}
624380	2024-07-13 23:46:19.635000+08:00	2024-07-13 23:46:19.635000+08:00	{'东门北侧': {'A': [1, 1, 1, 1, 1, 0, 1, 1, 1, 1], 'B': [1, 1, 1, 1, 1, 1, 1, 1, 1, 1], 'C': [0, 1, 0, 1, 0, 1, 1, 0, 0, 0], 'D': [1, 0, 1, 1, 1, 1, 0, 1, 1, 1], 'E': [1, 0, 1, 1, 1, 0, 1, 0, 1, 1], 'F': [1, 1, 1, 1, 1, 1, 1, 1, 1, 1], 'G': [1, 1, 1, 1, 1, 0, 1, 1, 0, 1], 'H': [1, 1, 1, 1, 1, 0, 0, 1, 0, 1], 'I': [0, 1, 0, 1, 1, 1, 1, 1, 1, 1], 'J': [1, 1, 1, 1, 1, 0, 1, 1, 1, 0], 'K': [0, 1, 0, 0, 1, 1, 1, 1, 1, 0]}, '东门南侧': {'A': [0, 0, 0, 0, 1, 0, 0, 0, 0, 0], 'B': [0, 0, 0, 0, 0, 0, 0, 0, 0, 0]}, '西门北侧': {'A': [1, 1, 0, 1, 1, 1, 0, 1, 1, 1], 'B': [1, 1, 1, 1, 0, 1, 1, 0, 1, 0], 'C': [1, 1, 1, 1, 0, 1, 1, 1, 0, 1]}, '西门南侧': {'A': [0, 1, 1, 1, 1, 1, 1, 0, 1, 1], 'B': [1, 1, 1, 1, 1, 1, 1, 1, 0, 1], 'C': [1, 0, 0, 1, 0, 0, 1, 1, 0, 1]}, '南门西侧': {'A': [1, 1, 1, 1, 1, 1, 1, 1, 1, 1], 'B': [1, 1, 0, 0, 1, 1, 0, 1, 1, 0]}, '南门东侧': {'A': [1, 1, 0, 1, 0, 1, 1, 1, 1, 1], 'B': [1, 1, 1, 1, 1, 1, 1, 1, 1, 1]}, '北门东北侧': {'A': [1, 1, 1, 1, 1, 1, 1, 1, 1, 1], 'B': [0, 1, 1, 1, 1, 1, 0, 1, 0, 0], 'C': [1, 1, 0, 1, 0, 0, 0, 1, 1, 1], 'D': [0, 0, 0, 0, 0, 0, 0, 1, 0, 0]}, '北门东南侧': {'A': [1, 1, 1, 0, 1, 1, 1, 1, 0, 1], 'B': [1, 1, 0, 1, 0, 0, 0, 1, 0, 0], 'C': [1, 0, 1, 0, 0, 0, 0, 0, 0, 1], 'D': [0, 1, 0, 0, 0, 0, 1, 0, 0, 1], 'E': [0, 1, 1, 1, 0, 1, 0, 0, 0, 1], 'F': [1, 1, 1, 1, 0, 1, 1, 1, 1, 1]}, '橘园北侧南': {'A': [0, 0, 1, 0, 0, 0, 1, 0, 0, 1], 'B': [0, 0, 0, 1, 1, 0, 0, 0, 1, 1], 'C': [0, 0, 0, 1, 1, 1, 0, 0, 0, 0], 'D': [1, 0, 1, 1, 0, 0, 0, 0, 0, 0], 'E': [0, 0, 1, 0, 0, 0, 1, 1, 0, 0], 'F': [0, 0, 0, 0, 0, 0, 0, 0, 0, 0], 'G': [0, 1, 0, 0, 1, 0, 1, 0, 0, 0], 'H': [1, 0, 0, 0, 1, 0, 0, 0, 0, 0], 'I': [0, 0, 0, 0, 0, 0, 0, 0, 0, 0], 'J': [1, 1, 0, 0, 1, 1, 0, 0, 0, 0]}, '校医院西': {'A': [0, 1, 1, 1, 1, 1, 1, 1, 0, 0], 'B': [1, 0, 1, 0, 0, 0, 0, 1, 1, 1], 'C': [1, 1, 1, 1, 1, 1, 1, 1, 1, 1], 'D': [1, 1, 1, 1, 1, 0, 1, 1, 1, 1], 'E': [1, 1, 0, 1, 1, 1, 1, 1, 1, 1], 'F': [1, 1, 1, 1, 1, 0, 1, 1, 0, 1], 'G': [0, 1, 1, 0, 0, 1, 0, 1, 1, 0], 'H': [0, 0, 0, 0, 0, 0, 0, 0, 1, 0], 'I': [0, 0, 0, 0, 0, 0, 0, 0, 0, 0]}}
624381	2024-07-13 23:47:20.585000+08:00	2024-07-13 23:47:20.585000+08:00	{'东门北侧': {'A': [1, 1, 1, 1, 1, 0, 1, 1, 1, 1], 'B': [1, 1, 1, 1, 1, 1, 1, 1, 1, 1], 'C': [0, 1, 0, 1, 0, 1, 1, 0, 0, 0], 'D': [1, 0, 1, 1, 1, 1, 0, 1, 1, 1], 'E': [1, 0, 1, 1, 1, 0, 1, 0, 1, 1], 'F': [1, 1, 1, 1, 1, 1, 1, 1, 1, 1], 'G': [1, 1, 1, 1, 1, 0, 1, 1, 0, 1], 'H': [1, 1, 1, 1, 1, 0, 0, 1, 0, 1], 'I': [0, 1, 0, 1, 1, 1, 1, 1, 1, 1], 'J': [1, 1, 1, 1, 1, 0, 1, 1, 1, 0], 'K': [0, 1, 0, 0, 1, 1, 1, 1, 1, 0]}, '东门南侧': {'A': [0, 0, 0, 0, 1, 0, 0, 0, 0, 0], 'B': [0, 0, 0, 0, 0, 0, 0, 0, 0, 0]}, '西门北侧': {'A': [1, 1, 0, 1, 1, 1, 0, 1, 1, 1], 'B': [1, 1, 1, 1, 0, 1, 1, 0, 1, 0], 'C': [1, 1, 1, 1, 0, 1, 1, 1, 0, 1]}, '西门南侧': {'A': [0, 1, 1, 1, 1, 1, 1, 0, 1, 1], 'B': [1, 1, 1, 1, 1, 1, 1, 1, 0, 1], 'C': [1, 0, 0, 1, 0, 0, 1, 1, 0, 1]}, '南门西侧': {'A': [1, 1, 1, 1, 1, 1, 1, 1, 1, 1], 'B': [1, 1, 0, 0, 1, 1, 0, 1, 1, 0]}, '南门东侧': {'A': [1, 1, 0, 1, 0, 1, 1, 1, 1, 1], 'B': [1, 1, 1, 1, 1, 1, 1, 1, 1, 1]}, '北门东北侧': {'A': [1, 1, 1, 1, 1, 1, 1, 1, 1, 1], 'B': [0, 1, 1, 1, 1, 1, 0, 1, 0, 0], 'C': [1, 1, 0, 1, 0, 0, 0, 1, 1, 1], 'D': [0, 0, 0, 0, 0, 0, 0, 1, 0, 0]}, '北门东南侧': {'A': [1, 1, 1, 0, 1, 1, 1, 1, 0, 1], 'B': [1, 1, 0, 1, 0, 0, 0, 1, 0, 0], 'C': [1, 0, 1, 0, 0, 0, 0, 0, 0, 1], 'D': [0, 1, 0, 0, 0, 0, 1, 0, 0, 1], 'E': [0, 1, 1, 1, 0, 1, 0, 0, 0, 1], 'F': [1, 1, 1, 1, 0, 1, 1, 1, 1, 1]}, '橘园北侧南': {'A': [0, 0, 1, 0, 0, 0, 1, 0, 0, 1], 'B': [0, 0, 0, 1, 1, 0, 0, 0, 1, 1], 'C': [0, 0, 0, 1, 1, 1, 0, 0, 0, 0], 'D': [1, 0, 1, 1, 0, 0, 0, 0, 0, 0], 'E': [0, 0, 1, 0, 0, 0, 1, 1, 0, 0], 'F': [0, 0, 0, 0, 0, 0, 0, 0, 0, 0], 'G': [0, 1, 0, 0, 1, 0, 0, 0, 0, 0], 'H': [1, 0, 0, 0, 1, 0, 0, 0, 0, 0], 'I': [0, 0, 0, 0, 0, 0, 0, 0, 0, 0], 'J': [1, 1, 0, 0, 1, 1, 0, 0, 0, 0]}, '校医院西': {'A': [0, 1, 1, 1, 1, 1, 1, 1, 0, 0], 'B': [1, 0, 1, 0, 0, 0, 0, 1, 1, 1], 'C': [1, 1, 1, 1, 1, 1, 1, 1, 1, 1], 'D': [1, 1, 1, 1, 1, 0, 1, 1, 1, 1], 'E': [1, 1, 0, 1, 1, 1, 1, 1, 1, 1], 'F': [1, 1, 1, 1, 1, 0, 1, 1, 0, 1], 'G': [0, 1, 1, 0, 0, 1, 0, 1, 1, 0], 'H': [0, 0, 0, 0, 0, 0, 0, 0, 1, 0], 'I': [0, 0, 0, 0, 0, 0, 0, 0, 0, 0]}}
624382	2024-07-13 23:48:30.735000+08:00	2024-07-13 23:48:30.735000+08:00	{'东门北侧': {'A': [1, 1, 1, 1, 1, 0, 1, 1, 1, 1], 'B': [1, 1, 1, 1, 1, 1, 1, 1, 1, 1], 'C': [0, 1, 0, 1, 0, 1, 1, 0, 0, 0], 'D': [1, 0, 1, 1, 1, 1, 0, 1, 1, 1], 'E': [1, 0, 1, 1, 1, 0, 1, 0, 1, 1], 'F': [1, 1, 1, 1, 1, 1, 1, 1, 1, 1], 'G': [1, 1, 1, 1, 1, 0, 1, 1, 0, 1], 'H': [1, 1, 1, 1, 1, 0, 0, 1, 0, 1], 'I': [0, 1, 0, 1, 1, 1, 1, 1, 1, 1], 'J': [1, 1, 1, 1, 1, 0, 1, 1, 1, 0], 'K': [0, 1, 0, 0, 1, 1, 1, 1, 1, 0]}, '东门南侧': {'A': [0, 0, 0, 0, 1, 0, 0, 0, 0, 0], 'B': [0, 0, 0, 0, 0, 0, 0, 0, 0, 0]}, '西门北侧': {'A': [1, 1, 0, 1, 1, 1, 0, 1, 1, 1], 'B': [1, 1, 1, 1, 0, 1, 1, 0, 1, 0], 'C': [1, 1, 1, 1, 0, 1, 1, 1, 0, 1]}, '西门南侧': {'A': [0, 1, 1, 1, 1, 1, 1, 0, 1, 1], 'B': [1, 1, 1, 1, 1, 1, 1, 1, 0, 1], 'C': [1, 0, 0, 1, 0, 0, 1, 1, 0, 1]}, '南门西侧': {'A': [1, 1, 1, 1, 1, 1, 1, 1, 1, 1], 'B': [1, 1, 0, 0, 1, 1, 0, 1, 1, 0]}, '南门东侧': {'A': [1, 1, 0, 1, 0, 1, 1, 1, 1, 1], 'B': [1, 1, 1, 1, 1, 1, 1, 1, 1, 1]}, '北门东北侧': {'A': [1, 1, 1, 1, 1, 1, 1, 1, 1, 1], 'B': [0, 1, 1, 1, 1, 1, 0, 1, 0, 0], 'C': [1, 1, 0, 1, 0, 0, 0, 1, 1, 1], 'D': [0, 0, 0, 0, 0, 0, 0, 1, 0, 0]}, '北门东南侧': {'A': [1, 1, 1, 0, 1, 1, 1, 1, 0, 1], 'B': [1, 1, 0, 1, 0, 0, 0, 1, 0, 0], 'C': [1, 0, 1, 0, 0, 0, 0, 0, 0, 1], 'D': [0, 1, 0, 0, 0, 0, 1, 0, 0, 1], 'E': [0, 1, 1, 1, 0, 1, 0, 0, 0, 1], 'F': [1, 1, 1, 1, 0, 1, 1, 1, 1, 1]}, '橘园北侧南': {'A': [0, 0, 1, 0, 0, 0, 1, 0, 0, 1], 'B': [0, 0, 0, 1, 1, 0, 0, 0, 1, 1], 'C': [0, 0, 0, 1, 1, 1, 0, 0, 0, 0], 'D': [1, 0, 1, 1, 0, 0, 0, 0, 0, 0], 'E': [0, 0, 1, 0, 0, 0, 1, 1, 0, 0], 'F': [0, 0, 0, 0, 0, 0, 0, 0, 0, 0], 'G': [0, 1, 0, 0, 1, 0, 0, 0, 0, 0], 'H': [1, 0, 0, 0, 1, 0, 0, 0, 0, 0], 'I': [0, 0, 0, 0, 0, 0, 0, 0, 0, 0], 'J': [1, 1, 0, 0, 1, 1, 0, 0, 0, 0]}, '校医院西': {'A': [0, 1, 1, 1, 1, 1, 1, 1, 0, 0], 'B': [1, 0, 1, 0, 0, 0, 0, 1, 1, 1], 'C': [1, 1, 1, 1, 1, 1, 1, 1, 1, 1], 'D': [1, 1, 1, 1, 1, 0, 1, 1, 1, 1], 'E': [1, 1, 0, 1, 1, 1, 1, 1, 1, 1], 'F': [1, 1, 1, 1, 1, 0, 1, 1, 0, 1], 'G': [0, 1, 1, 0, 0, 1, 0, 1, 1, 0], 'H': [0, 0, 0, 0, 0, 0, 0, 0, 1, 0], 'I': [0, 0, 0, 0, 0, 0, 0, 0, 0, 0]}}
624383	2024-07-13 23:49:20.051000+08:00	2024-07-13 23:49:20.051000+08:00	{'东门北侧': {'A': [1, 1, 1, 1, 1, 0, 1, 1, 1, 1], 'B': [1, 1, 1, 1, 1, 1, 1, 1, 1, 1], 'C': [0, 1, 0, 1, 0, 1, 1, 0, 0, 0], 'D': [1, 0, 1, 1, 1, 1, 0, 1, 1, 1], 'E': [1, 0, 1, 1, 1, 0, 1, 0, 1, 1], 'F': [1, 1, 1, 1, 1, 1, 1, 1, 1, 1], 'G': [1, 1, 1, 1, 1, 0, 1, 1, 0, 1], 'H': [1, 1, 1, 1, 1, 0, 0, 1, 0, 1], 'I': [0, 1, 0, 1, 1, 1, 1, 1, 1, 1], 'J': [1, 1, 1, 1, 1, 0, 1, 1, 1, 0], 'K': [0, 1, 0, 0, 1, 1, 1, 1, 1, 0]}, '东门南侧': {'A': [0, 0, 0, 0, 1, 0, 0, 0, 0, 0], 'B': [0, 0, 0, 0, 0, 0, 0, 0, 0, 0]}, '西门北侧': {'A': [1, 1, 0, 1, 1, 1, 0, 1, 1, 1], 'B': [1, 1, 1, 1, 0, 1, 1, 0, 1, 0], 'C': [1, 1, 1, 1, 0, 1, 1, 1, 0, 1]}, '西门南侧': {'A': [0, 1, 1, 1, 1, 1, 1, 0, 1, 1], 'B': [1, 1, 1, 1, 1, 1, 1, 1, 0, 1], 'C': [1, 0, 0, 1, 0, 0, 1, 1, 0, 1]}, '南门西侧': {'A': [1, 1, 1, 1, 1, 1, 1, 1, 1, 1], 'B': [1, 1, 0, 0, 1, 1, 0, 1, 1, 0]}, '南门东侧': {'A': [1, 1, 0, 1, 0, 1, 1, 1, 1, 1], 'B': [1, 1, 1, 1, 1, 1, 1, 1, 1, 1]}, '北门东北侧': {'A': [1, 1, 1, 1, 1, 1, 1, 1, 1, 1], 'B': [0, 1, 1, 1, 1, 1, 0, 1, 0, 0], 'C': [1, 1, 0, 1, 0, 0, 0, 1, 1, 1], 'D': [0, 0, 0, 0, 0, 0, 0, 1, 0, 0]}, '北门东南侧': {'A': [1, 1, 1, 0, 1, 1, 1, 1, 0, 1], 'B': [1, 1, 0, 1, 0, 0, 0, 1, 0, 0], 'C': [1, 0, 1, 0, 0, 0, 0, 0, 0, 1], 'D': [0, 1, 0, 0, 0, 0, 1, 0, 0, 1], 'E': [0, 1, 1, 1, 0, 1, 0, 0, 0, 1], 'F': [1, 1, 1, 1, 0, 1, 1, 1, 1, 1]}, '橘园北侧南': {'A': [0, 0, 1, 0, 0, 0, 0, 0, 0, 1], 'B': [0, 0, 0, 1, 1, 0, 0, 0, 1, 1], 'C': [0, 0, 0, 1, 1, 1, 0, 0, 0, 0], 'D': [1, 0, 1, 1, 0, 0, 0, 0, 0, 0], 'E': [0, 0, 1, 0, 0, 0, 1, 1, 0, 0], 'F': [0, 0, 0, 0, 0, 0, 0, 0, 0, 0], 'G': [0, 1, 0, 0, 1, 0, 0, 0, 0, 0], 'H': [1, 0, 0, 0, 1, 0, 0, 0, 0, 0], 'I': [0, 0, 0, 0, 0, 0, 0, 0, 0, 0], 'J': [1, 1, 0, 0, 1, 1, 0, 0, 0, 0]}, '校医院西': {'A': [0, 1, 1, 1, 1, 1, 1, 1, 0, 0], 'B': [1, 0, 1, 0, 0, 0, 1, 1, 1, 1], 'C': [1, 1, 1, 1, 1, 1, 1, 1, 1, 1], 'D': [1, 1, 1, 1, 1, 0, 1, 1, 1, 1], 'E': [1, 1, 0, 1, 1, 1, 1, 1, 1, 1], 'F': [1, 1, 1, 1, 1, 0, 1, 1, 0, 1], 'G': [0, 1, 1, 0, 0, 1, 0, 1, 1, 0], 'H': [0, 0, 0, 0, 0, 0, 0, 0, 1, 0], 'I': [0, 0, 0, 0, 0, 0, 0, 0, 0, 0]}}
624384	2024-07-13 23:50:20.005000+08:00	2024-07-13 23:50:20.005000+08:00	{'东门北侧': {'A': [1, 1, 1, 1, 1, 0, 1, 1, 1, 1], 'B': [1, 1, 1, 1, 1, 1, 1, 1, 1, 1], 'C': [0, 1, 0, 1, 0, 1, 1, 0, 0, 0], 'D': [1, 0, 1, 1, 1, 1, 0, 1, 1, 1], 'E': [1, 0, 1, 1, 1, 0, 1, 0, 1, 1], 'F': [1, 1, 1, 1, 1, 1, 1, 1, 1, 1], 'G': [1, 1, 1, 1, 1, 0, 1, 1, 0, 1], 'H': [1, 1, 1, 1, 1, 0, 0, 1, 0, 1], 'I': [0, 1, 0, 1, 1, 1, 1, 1, 1, 1], 'J': [1, 1, 1, 1, 1, 0, 1, 1, 1, 0], 'K': [0, 1, 0, 0, 1, 1, 1, 1, 1, 0]}, '东门南侧': {'A': [0, 0, 0, 0, 1, 0, 0, 0, 0, 0], 'B': [0, 0, 0, 0, 0, 0, 0, 0, 0, 0]}, '西门北侧': {'A': [1, 1, 0, 1, 1, 1, 0, 1, 1, 1], 'B': [1, 1, 1, 1, 0, 1, 1, 0, 1, 0], 'C': [1, 1, 1, 1, 0, 1, 1, 1, 0, 1]}, '西门南侧': {'A': [0, 1, 1, 1, 1, 1, 1, 0, 1, 1], 'B': [1, 1, 1, 1, 1, 1, 1, 1, 0, 1], 'C': [1, 0, 0, 1, 0, 0, 1, 1, 0, 1]}, '南门西侧': {'A': [1, 1, 1, 1, 1, 1, 1, 1, 1, 1], 'B': [1, 1, 0, 0, 1, 1, 0, 1, 1, 0]}, '南门东侧': {'A': [1, 1, 0, 1, 0, 1, 1, 1, 1, 1], 'B': [1, 1, 1, 1, 1, 1, 1, 1, 1, 1]}, '北门东北侧': {'A': [1, 1, 1, 1, 1, 1, 1, 1, 1, 1], 'B': [0, 1, 1, 1, 1, 1, 0, 1, 0, 0], 'C': [1, 1, 0, 1, 0, 0, 0, 1, 1, 1], 'D': [0, 0, 0, 0, 0, 0, 0, 1, 0, 0]}, '北门东南侧': {'A': [1, 1, 1, 0, 1, 1, 1, 1, 0, 1], 'B': [1, 1, 0, 1, 0, 0, 0, 1, 0, 0], 'C': [1, 0, 1, 0, 0, 0, 0, 0, 0, 1], 'D': [0, 1, 0, 0, 0, 0, 1, 0, 0, 1], 'E': [0, 1, 1, 1, 0, 1, 0, 0, 0, 1], 'F': [1, 1, 1, 1, 0, 1, 1, 1, 1, 1]}, '橘园北侧南': {'A': [0, 0, 1, 0, 0, 0, 0, 0, 0, 1], 'B': [0, 0, 0, 1, 1, 0, 0, 0, 1, 1], 'C': [0, 0, 0, 1, 1, 1, 0, 0, 0, 0], 'D': [1, 0, 1, 1, 0, 0, 0, 0, 0, 0], 'E': [0, 0, 1, 0, 0, 0, 1, 1, 0, 0], 'F': [0, 0, 0, 0, 0, 0, 0, 0, 0, 0], 'G': [0, 1, 0, 0, 1, 0, 0, 0, 0, 0], 'H': [1, 0, 0, 0, 0, 0, 0, 0, 0, 0], 'I': [0, 0, 0, 0, 0, 0, 0, 0, 0, 0], 'J': [1, 1, 0, 0, 1, 1, 0, 0, 0, 0]}, '校医院西': {'A': [0, 1, 1, 1, 1, 1, 1, 1, 0, 0], 'B': [1, 0, 1, 0, 0, 0, 1, 1, 1, 1], 'C': [1, 1, 1, 1, 1, 1, 1, 1, 1, 1], 'D': [1, 1, 1, 1, 1, 0, 1, 1, 1, 1], 'E': [1, 1, 0, 1, 1, 1, 1, 1, 1, 1], 'F': [1, 1, 1, 1, 1, 0, 1, 1, 0, 1], 'G': [0, 1, 1, 0, 0, 1, 0, 1, 1, 0], 'H': [0, 0, 0, 0, 0, 0, 0, 0, 1, 0], 'I': [0, 0, 0, 0, 0, 0, 0, 0, 0, 0]}}
624385	2024-07-13 23:51:21.431000+08:00	2024-07-13 23:51:21.431000+08:00	{'东门北侧': {'A': [1, 1, 1, 1, 1, 0, 1, 1, 1, 1], 'B': [1, 1, 1, 1, 1, 1, 1, 1, 1, 1], 'C': [0, 1, 0, 1, 0, 1, 1, 0, 0, 0], 'D': [1, 0, 1, 1, 1, 1, 0, 1, 1, 1], 'E': [1, 0, 1, 1, 1, 0, 1, 0, 1, 1], 'F': [1, 1, 1, 1, 1, 1, 1, 1, 1, 1], 'G': [1, 1, 1, 1, 1, 0, 1, 1, 0, 1], 'H': [1, 1, 1, 1, 1, 0, 0, 1, 0, 1], 'I': [0, 1, 0, 1, 1, 1, 1, 1, 1, 1], 'J': [1, 1, 1, 1, 1, 0, 1, 1, 1, 0], 'K': [0, 1, 0, 0, 1, 1, 1, 1, 1, 0]}, '东门南侧': {'A': [0, 0, 0, 0, 1, 0, 0, 0, 0, 0], 'B': [0, 0, 0, 0, 0, 0, 0, 0, 0, 0]}, '西门北侧': {'A': [1, 1, 0, 1, 1, 1, 0, 1, 1, 1], 'B': [1, 1, 1, 1, 0, 1, 1, 0, 1, 0], 'C': [1, 1, 1, 1, 0, 1, 1, 1, 0, 1]}, '西门南侧': {'A': [0, 1, 1, 1, 1, 1, 1, 0, 1, 1], 'B': [1, 1, 1, 1, 1, 1, 1, 1, 0, 1], 'C': [1, 0, 0, 1, 0, 0, 1, 1, 0, 1]}, '南门西侧': {'A': [1, 1, 1, 1, 1, 1, 1, 1, 1, 1], 'B': [1, 1, 0, 0, 1, 1, 0, 1, 1, 0]}, '南门东侧': {'A': [1, 1, 0, 1, 0, 1, 1, 1, 1, 1], 'B': [1, 1, 1, 1, 1, 1, 1, 1, 1, 1]}, '北门东北侧': {'A': [1, 1, 1, 1, 1, 1, 1, 1, 1, 1], 'B': [0, 1, 1, 1, 1, 1, 0, 1, 0, 0], 'C': [1, 1, 0, 1, 0, 0, 0, 1, 1, 1], 'D': [0, 0, 0, 0, 0, 0, 0, 1, 0, 0]}, '北门东南侧': {'A': [1, 1, 1, 0, 1, 1, 1, 1, 0, 1], 'B': [1, 1, 0, 1, 0, 0, 0, 1, 0, 0], 'C': [1, 0, 1, 0, 0, 0, 0, 0, 0, 1], 'D': [0, 1, 0, 0, 0, 0, 1, 0, 0, 1], 'E': [0, 1, 1, 1, 0, 1, 0, 0, 0, 1], 'F': [1, 1, 1, 1, 0, 1, 1, 1, 1, 1]}, '橘园北侧南': {'A': [0, 0, 1, 0, 0, 0, 0, 0, 0, 1], 'B': [0, 0, 0, 1, 1, 0, 0, 0, 1, 1], 'C': [0, 0, 0, 1, 1, 1, 0, 0, 0, 0], 'D': [1, 0, 1, 1, 0, 0, 0, 0, 0, 0], 'E': [0, 0, 1, 0, 0, 0, 1, 1, 0, 0], 'F': [0, 0, 0, 0, 0, 0, 0, 0, 0, 0], 'G': [0, 1, 0, 0, 1, 0, 0, 0, 0, 0], 'H': [1, 0, 0, 0, 0, 0, 0, 0, 0, 0], 'I': [0, 0, 1, 0, 0, 0, 0, 0, 0, 0], 'J': [1, 1, 0, 0, 1, 1, 0, 0, 0, 0]}, '校医院西': {'A': [0, 1, 1, 1, 1, 1, 1, 1, 0, 0], 'B': [1, 0, 1, 0, 0, 0, 1, 1, 1, 1], 'C': [1, 1, 1, 1, 1, 1, 1, 1, 1, 1], 'D': [1, 1, 1, 1, 1, 0, 1, 1, 1, 1], 'E': [1, 1, 0, 1, 1, 1, 1, 1, 1, 1], 'F': [1, 1, 1, 1, 1, 0, 1, 1, 0, 1], 'G': [0, 1, 1, 0, 0, 1, 0, 1, 1, 0], 'H': [0, 0, 0, 0, 0, 0, 0, 0, 1, 0], 'I': [0, 0, 0, 0, 0, 0, 0, 0, 0, 0]}}
624386	2024-07-13 23:52:20.652000+08:00	2024-07-13 23:52:20.652000+08:00	{'东门北侧': {'A': [1, 1, 1, 1, 1, 0, 1, 1, 1, 1], 'B': [1, 1, 1, 1, 1, 1, 1, 1, 1, 1], 'C': [0, 1, 0, 1, 0, 1, 1, 0, 0, 0], 'D': [1, 0, 1, 1, 1, 1, 0, 1, 1, 1], 'E': [1, 0, 1, 1, 1, 0, 1, 0, 1, 1], 'F': [1, 1, 1, 1, 1, 1, 1, 1, 1, 1], 'G': [1, 1, 1, 1, 1, 0, 1, 1, 0, 1], 'H': [1, 1, 1, 1, 1, 0, 0, 1, 0, 1], 'I': [0, 1, 0, 1, 1, 1, 1, 1, 1, 1], 'J': [1, 1, 1, 1, 1, 0, 1, 1, 1, 0], 'K': [0, 1, 0, 0, 1, 1, 1, 1, 1, 0]}, '东门南侧': {'A': [0, 0, 0, 0, 1, 0, 0, 0, 0, 0], 'B': [0, 0, 0, 0, 0, 0, 0, 0, 0, 0]}, '西门北侧': {'A': [1, 1, 0, 1, 1, 1, 0, 1, 1, 1], 'B': [1, 1, 1, 1, 0, 1, 1, 0, 1, 0], 'C': [1, 1, 1, 1, 0, 1, 1, 1, 0, 1]}, '西门南侧': {'A': [0, 1, 1, 1, 1, 1, 1, 0, 1, 1], 'B': [1, 1, 1, 1, 1, 1, 1, 1, 0, 1], 'C': [1, 0, 0, 1, 0, 0, 1, 1, 0, 1]}, '南门西侧': {'A': [1, 1, 1, 1, 1, 1, 1, 1, 1, 1], 'B': [1, 1, 0, 0, 1, 1, 0, 1, 1, 0]}, '南门东侧': {'A': [1, 1, 0, 1, 0, 1, 1, 1, 1, 1], 'B': [1, 1, 1, 1, 1, 1, 1, 1, 1, 1]}, '北门东北侧': {'A': [1, 1, 1, 1, 1, 1, 1, 1, 1, 1], 'B': [0, 1, 1, 1, 1, 1, 0, 1, 1, 0], 'C': [1, 1, 0, 1, 0, 0, 0, 1, 1, 1], 'D': [0, 0, 0, 0, 0, 0, 0, 1, 0, 0]}, '北门东南侧': {'A': [1, 1, 1, 0, 1, 1, 1, 1, 0, 1], 'B': [1, 1, 0, 1, 0, 0, 0, 1, 0, 0], 'C': [1, 0, 1, 0, 0, 0, 0, 0, 0, 1], 'D': [0, 1, 0, 0, 0, 0, 1, 0, 0, 1], 'E': [0, 1, 1, 1, 0, 1, 0, 0, 0, 1], 'F': [1, 1, 1, 1, 0, 1, 1, 1, 1, 1]}, '橘园北侧南': {'A': [0, 0, 1, 0, 0, 0, 0, 0, 0, 1], 'B': [0, 0, 0, 1, 1, 0, 0, 0, 1, 1], 'C': [0, 0, 0, 1, 1, 1, 0, 0, 0, 0], 'D': [1, 0, 1, 1, 0, 0, 0, 0, 0, 0], 'E': [0, 0, 1, 0, 0, 0, 1, 1, 0, 0], 'F': [0, 0, 0, 0, 0, 0, 0, 0, 0, 0], 'G': [0, 1, 0, 0, 1, 0, 1, 0, 0, 0], 'H': [1, 0, 0, 0, 0, 0, 0, 0, 0, 0], 'I': [0, 0, 1, 0, 0, 0, 0, 0, 0, 0], 'J': [1, 1, 0, 0, 1, 1, 0, 0, 0, 0]}, '校医院西': {'A': [0, 1, 1, 1, 1, 1, 1, 1, 0, 0], 'B': [1, 0, 1, 0, 0, 0, 1, 1, 1, 1], 'C': [1, 1, 1, 1, 1, 1, 1, 1, 1, 1], 'D': [1, 1, 1, 1, 1, 0, 1, 1, 1, 1], 'E': [1, 1, 0, 1, 1, 1, 1, 1, 1, 1], 'F': [1, 1, 1, 1, 1, 0, 1, 1, 0, 1], 'G': [0, 1, 1, 0, 0, 1, 0, 1, 1, 0], 'H': [0, 0, 0, 0, 0, 0, 0, 0, 1, 0], 'I': [0, 0, 0, 0, 0, 0, 0, 0, 1, 0]}}
624387	2024-07-13 23:53:21.789000+08:00	2024-07-13 23:53:21.789000+08:00	{'东门北侧': {'A': [1, 1, 1, 1, 1, 0, 1, 1, 1, 1], 'B': [1, 1, 1, 1, 1, 1, 1, 1, 1, 1], 'C': [0, 1, 0, 1, 0, 1, 1, 0, 0, 0], 'D': [1, 0, 1, 1, 1, 1, 0, 1, 1, 1], 'E': [1, 0, 1, 1, 1, 0, 1, 0, 1, 1], 'F': [1, 1, 1, 1, 1, 1, 1, 1, 1, 1], 'G': [1, 1, 1, 1, 1, 0, 1, 1, 0, 1], 'H': [1, 1, 1, 1, 1, 0, 0, 1, 0, 1], 'I': [0, 1, 0, 1, 1, 1, 1, 1, 1, 1], 'J': [1, 1, 1, 1, 1, 0, 1, 1, 1, 0], 'K': [0, 1, 0, 0, 1, 1, 1, 1, 1, 0]}, '东门南侧': {'A': [0, 0, 0, 0, 1, 0, 0, 0, 0, 0], 'B': [0, 0, 0, 0, 0, 0, 0, 0, 0, 0]}, '西门北侧': {'A': [1, 1, 0, 1, 1, 1, 0, 1, 1, 1], 'B': [1, 1, 1, 1, 0, 1, 1, 0, 1, 0], 'C': [1, 1, 1, 1, 0, 1, 1, 1, 0, 1]}, '西门南侧': {'A': [0, 1, 1, 1, 1, 1, 1, 0, 1, 1], 'B': [1, 1, 1, 1, 1, 1, 1, 1, 0, 1], 'C': [1, 0, 0, 1, 0, 0, 1, 1, 0, 1]}, '南门西侧': {'A': [1, 1, 1, 1, 1, 1, 1, 1, 1, 1], 'B': [1, 1, 0, 0, 1, 1, 0, 1, 1, 0]}, '南门东侧': {'A': [1, 1, 0, 1, 0, 1, 1, 1, 1, 1], 'B': [1, 1, 1, 1, 1, 1, 1, 1, 1, 1]}, '北门东北侧': {'A': [1, 1, 1, 1, 1, 1, 1, 1, 1, 1], 'B': [0, 1, 1, 1, 1, 1, 0, 1, 1, 0], 'C': [1, 1, 0, 1, 0, 0, 0, 1, 1, 1], 'D': [0, 0, 0, 0, 0, 0, 0, 1, 0, 0]}, '北门东南侧': {'A': [1, 1, 1, 0, 1, 1, 1, 1, 0, 1], 'B': [1, 1, 0, 1, 0, 0, 0, 1, 0, 0], 'C': [1, 0, 1, 0, 0, 0, 0, 0, 0, 1], 'D': [0, 1, 0, 0, 0, 0, 1, 0, 0, 1], 'E': [0, 1, 1, 1, 0, 1, 0, 0, 0, 1], 'F': [1, 1, 1, 1, 0, 1, 1, 1, 1, 1]}, '橘园北侧南': {'A': [0, 0, 1, 0, 0, 0, 0, 0, 0, 1], 'B': [0, 0, 0, 1, 1, 0, 0, 0, 1, 1], 'C': [0, 0, 0, 1, 1, 1, 0, 0, 0, 0], 'D': [1, 0, 1, 1, 0, 0, 0, 0, 0, 0], 'E': [0, 0, 1, 0, 0, 0, 1, 1, 0, 0], 'F': [0, 0, 0, 0, 0, 0, 0, 0, 0, 0], 'G': [0, 1, 0, 0, 1, 0, 1, 0, 0, 0], 'H': [1, 0, 0, 0, 0, 0, 0, 0, 0, 0], 'I': [0, 0, 1, 0, 0, 0, 0, 0, 0, 0], 'J': [1, 1, 0, 0, 1, 1, 0, 0, 0, 0]}, '校医院西': {'A': [0, 1, 1, 1, 1, 1, 1, 1, 0, 0], 'B': [1, 0, 1, 0, 0, 0, 1, 1, 1, 1], 'C': [1, 1, 1, 1, 1, 1, 1, 1, 1, 1], 'D': [1, 1, 1, 1, 1, 0, 1, 1, 1, 1], 'E': [1, 1, 0, 1, 1, 1, 1, 1, 1, 1], 'F': [1, 1, 1, 1, 1, 0, 1, 1, 0, 1], 'G': [0, 1, 1, 0, 0, 1, 0, 1, 1, 0], 'H': [0, 0, 0, 0, 0, 0, 0, 0, 1, 0], 'I': [0, 0, 0, 0, 0, 0, 0, 0, 1, 0]}}
624388	2024-07-13 23:54:19.612000+08:00	2024-07-13 23:54:19.612000+08:00	{'东门北侧': {'A': [1, 1, 1, 1, 1, 0, 1, 1, 1, 1], 'B': [1, 1, 1, 1, 1, 1, 1, 1, 1, 1], 'C': [0, 1, 0, 1, 0, 1, 1, 0, 0, 0], 'D': [1, 0, 1, 1, 1, 1, 0, 1, 1, 1], 'E': [1, 0, 1, 1, 1, 0, 1, 0, 1, 1], 'F': [1, 1, 1, 1, 1, 1, 1, 1, 1, 1], 'G': [1, 1, 1, 1, 1, 0, 1, 1, 0, 1], 'H': [1, 1, 1, 1, 1, 0, 0, 1, 0, 1], 'I': [0, 1, 0, 1, 1, 1, 1, 1, 1, 1], 'J': [1, 1, 1, 1, 1, 0, 1, 1, 1, 0], 'K': [0, 1, 0, 0, 1, 1, 1, 1, 1, 0]}, '东门南侧': {'A': [0, 0, 0, 0, 1, 0, 0, 0, 0, 0], 'B': [0, 0, 0, 0, 0, 0, 0, 0, 0, 0]}, '西门北侧': {'A': [1, 1, 0, 1, 1, 1, 0, 1, 1, 1], 'B': [1, 1, 1, 1, 0, 1, 1, 0, 1, 1], 'C': [1, 1, 1, 1, 0, 1, 1, 1, 0, 1]}, '西门南侧': {'A': [0, 1, 1, 1, 1, 1, 1, 0, 1, 1], 'B': [1, 1, 1, 1, 1, 1, 1, 1, 0, 1], 'C': [1, 0, 0, 1, 0, 0, 1, 1, 0, 1]}, '南门西侧': {'A': [1, 1, 1, 1, 1, 1, 1, 1, 1, 1], 'B': [1, 1, 0, 0, 1, 1, 0, 1, 1, 0]}, '南门东侧': {'A': [1, 1, 0, 1, 0, 1, 1, 1, 1, 1], 'B': [1, 1, 1, 1, 1, 1, 1, 1, 1, 1]}, '北门东北侧': {'A': [1, 1, 1, 1, 1, 1, 1, 1, 1, 1], 'B': [0, 1, 1, 1, 1, 1, 0, 1, 1, 0], 'C': [1, 1, 0, 1, 0, 0, 0, 1, 1, 1], 'D': [0, 0, 0, 0, 0, 0, 0, 1, 0, 0]}, '北门东南侧': {'A': [1, 1, 1, 0, 1, 1, 1, 1, 0, 1], 'B': [1, 1, 0, 1, 0, 0, 0, 1, 0, 0], 'C': [1, 0, 1, 0, 0, 0, 0, 0, 0, 1], 'D': [0, 1, 0, 0, 1, 0, 1, 0, 0, 1], 'E': [0, 1, 1, 1, 0, 1, 0, 0, 0, 1], 'F': [1, 1, 1, 1, 0, 1, 1, 1, 1, 1]}, '橘园北侧南': {'A': [0, 0, 1, 0, 0, 0, 0, 0, 0, 1], 'B': [0, 0, 0, 1, 1, 0, 0, 0, 1, 1], 'C': [0, 0, 0, 1, 1, 1, 0, 0, 0, 0], 'D': [1, 0, 1, 1, 0, 0, 0, 0, 0, 0], 'E': [0, 0, 1, 0, 0, 0, 1, 1, 0, 0], 'F': [0, 0, 0, 0, 0, 0, 0, 0, 0, 0], 'G': [0, 1, 0, 0, 1, 0, 1, 0, 0, 0], 'H': [1, 0, 0, 0, 0, 0, 0, 0, 0, 0], 'I': [0, 0, 1, 0, 0, 0, 0, 0, 0, 0], 'J': [1, 1, 0, 0, 1, 1, 0, 0, 0, 0]}, '校医院西': {'A': [0, 1, 1, 1, 1, 1, 1, 1, 0, 0], 'B': [1, 0, 1, 0, 0, 0, 1, 1, 1, 1], 'C': [1, 1, 1, 1, 1, 1, 1, 1, 1, 1], 'D': [1, 1, 1, 1, 1, 0, 1, 1, 1, 1], 'E': [1, 1, 0, 1, 1, 1, 1, 1, 1, 1], 'F': [1, 1, 1, 1, 1, 0, 1, 1, 0, 1], 'G': [0, 1, 1, 0, 0, 1, 0, 1, 1, 0], 'H': [0, 0, 0, 0, 0, 0, 0, 0, 1, 0], 'I': [0, 0, 0, 0, 0, 0, 0, 0, 1, 0]}}
624389	2024-07-13 23:55:20.189000+08:00	2024-07-13 23:55:20.189000+08:00	{'东门北侧': {'A': [1, 1, 1, 1, 1, 0, 1, 1, 1, 1], 'B': [1, 1, 1, 1, 1, 1, 1, 1, 1, 1], 'C': [0, 1, 0, 1, 0, 1, 1, 0, 0, 0], 'D': [1, 0, 1, 1, 1, 1, 0, 1, 1, 1], 'E': [1, 0, 1, 1, 1, 0, 1, 0, 1, 1], 'F': [1, 1, 1, 1, 1, 1, 1, 1, 1, 1], 'G': [1, 1, 1, 1, 1, 0, 1, 1, 0, 1], 'H': [1, 1, 1, 1, 1, 0, 0, 1, 0, 1], 'I': [0, 1, 0, 1, 1, 1, 1, 1, 1, 1], 'J': [1, 1, 1, 1, 1, 0, 1, 1, 1, 0], 'K': [0, 1, 0, 0, 1, 1, 1, 1, 1, 0]}, '东门南侧': {'A': [0, 0, 0, 0, 1, 0, 0, 0, 0, 0], 'B': [0, 0, 0, 0, 0, 0, 0, 0, 0, 0]}, '西门北侧': {'A': [1, 1, 0, 1, 1, 1, 0, 1, 1, 1], 'B': [1, 1, 1, 1, 0, 1, 1, 0, 1, 1], 'C': [1, 1, 1, 1, 0, 1, 1, 1, 0, 1]}, '西门南侧': {'A': [0, 1, 1, 1, 1, 1, 1, 0, 1, 1], 'B': [1, 1, 1, 1, 1, 1, 1, 1, 0, 1], 'C': [1, 0, 0, 1, 0, 0, 1, 1, 0, 1]}, '南门西侧': {'A': [1, 1, 1, 1, 1, 1, 1, 1, 1, 1], 'B': [1, 1, 0, 0, 1, 1, 0, 1, 1, 0]}, '南门东侧': {'A': [1, 1, 0, 1, 0, 1, 1, 1, 1, 1], 'B': [1, 1, 1, 1, 1, 1, 1, 1, 1, 1]}, '北门东北侧': {'A': [1, 1, 1, 1, 1, 1, 1, 1, 1, 1], 'B': [0, 1, 1, 1, 1, 1, 0, 1, 1, 0], 'C': [1, 1, 0, 1, 0, 0, 0, 1, 1, 1], 'D': [0, 0, 0, 0, 0, 0, 0, 1, 0, 0]}, '北门东南侧': {'A': [1, 1, 1, 0, 1, 1, 1, 1, 0, 1], 'B': [1, 1, 0, 1, 0, 0, 0, 1, 0, 0], 'C': [1, 0, 1, 0, 0, 0, 0, 0, 0, 1], 'D': [0, 1, 0, 0, 1, 0, 1, 0, 0, 1], 'E': [0, 1, 1, 1, 0, 1, 0, 0, 0, 1], 'F': [1, 1, 1, 1, 0, 1, 1, 1, 1, 1]}, '橘园北侧南': {'A': [0, 0, 1, 0, 0, 0, 0, 0, 0, 1], 'B': [0, 0, 0, 1, 1, 0, 0, 0, 1, 1], 'C': [0, 0, 0, 1, 1, 1, 0, 0, 0, 0], 'D': [1, 0, 1, 1, 0, 0, 0, 0, 0, 0], 'E': [0, 0, 1, 0, 0, 0, 1, 1, 0, 0], 'F': [0, 0, 0, 0, 0, 0, 0, 0, 0, 0], 'G': [0, 1, 0, 0, 1, 0, 1, 0, 0, 0], 'H': [1, 0, 0, 0, 0, 0, 0, 0, 0, 0], 'I': [0, 0, 1, 0, 0, 0, 0, 0, 0, 0], 'J': [1, 1, 0, 0, 1, 1, 0, 0, 0, 0]}, '校医院西': {'A': [0, 1, 1, 1, 1, 1, 1, 1, 0, 0], 'B': [1, 0, 1, 0, 0, 0, 1, 1, 1, 1], 'C': [1, 1, 1, 1, 1, 1, 1, 1, 1, 1], 'D': [1, 1, 1, 1, 1, 0, 1, 1, 1, 1], 'E': [1, 1, 0, 1, 1, 1, 1, 1, 1, 1], 'F': [1, 1, 1, 1, 1, 0, 1, 1, 0, 1], 'G': [0, 1, 1, 0, 0, 1, 0, 1, 1, 0], 'H': [0, 0, 0, 0, 0, 0, 0, 0, 1, 0], 'I': [0, 0, 0, 0, 0, 0, 0, 0, 1, 0]}}
624390	2024-07-13 23:56:20.647000+08:00	2024-07-13 23:56:20.647000+08:00	{'东门北侧': {'A': [1, 1, 1, 1, 1, 0, 1, 1, 1, 1], 'B': [1, 1, 1, 1, 1, 1, 1, 1, 1, 1], 'C': [0, 1, 0, 1, 0, 1, 1, 0, 0, 0], 'D': [1, 0, 1, 1, 1, 1, 0, 1, 1, 1], 'E': [1, 0, 1, 1, 1, 0, 1, 0, 1, 1], 'F': [1, 1, 1, 1, 1, 1, 1, 1, 1, 1], 'G': [1, 1, 1, 1, 1, 0, 1, 1, 0, 1], 'H': [1, 1, 1, 1, 1, 0, 0, 1, 0, 1], 'I': [0, 1, 0, 1, 1, 1, 1, 1, 1, 1], 'J': [1, 1, 1, 1, 1, 0, 1, 1, 1, 0], 'K': [0, 1, 0, 0, 1, 1, 1, 1, 1, 0]}, '东门南侧': {'A': [0, 0, 0, 0, 1, 0, 0, 0, 0, 0], 'B': [0, 0, 0, 0, 0, 0, 0, 0, 0, 0]}, '西门北侧': {'A': [1, 1, 0, 1, 1, 1, 0, 1, 1, 1], 'B': [1, 1, 1, 1, 0, 1, 1, 0, 1, 1], 'C': [1, 1, 1, 1, 0, 1, 1, 1, 0, 1]}, '西门南侧': {'A': [0, 1, 1, 1, 1, 1, 1, 0, 1, 1], 'B': [1, 1, 1, 1, 1, 1, 1, 1, 0, 1], 'C': [1, 0, 0, 1, 0, 0, 1, 1, 0, 1]}, '南门西侧': {'A': [1, 1, 1, 1, 1, 1, 1, 1, 1, 1], 'B': [1, 1, 0, 0, 1, 1, 0, 1, 1, 0]}, '南门东侧': {'A': [1, 1, 0, 1, 0, 1, 1, 1, 1, 1], 'B': [1, 1, 1, 1, 1, 1, 1, 1, 1, 1]}, '北门东北侧': {'A': [1, 1, 1, 1, 1, 1, 1, 1, 1, 1], 'B': [0, 1, 1, 1, 1, 1, 0, 1, 1, 0], 'C': [1, 1, 0, 1, 0, 0, 0, 1, 1, 1], 'D': [0, 0, 0, 0, 0, 0, 0, 1, 0, 0]}, '北门东南侧': {'A': [1, 1, 1, 0, 1, 1, 1, 1, 0, 1], 'B': [1, 1, 0, 1, 0, 0, 0, 1, 0, 0], 'C': [1, 0, 1, 0, 0, 0, 0, 0, 0, 1], 'D': [0, 1, 0, 0, 1, 0, 1, 0, 0, 1], 'E': [0, 1, 1, 1, 0, 1, 0, 0, 0, 1], 'F': [1, 1, 1, 1, 0, 1, 1, 1, 1, 1]}, '橘园北侧南': {'A': [0, 0, 1, 0, 0, 0, 0, 0, 0, 1], 'B': [0, 0, 0, 1, 1, 0, 0, 0, 1, 1], 'C': [0, 0, 0, 1, 1, 1, 0, 0, 0, 0], 'D': [1, 0, 1, 1, 0, 0, 0, 0, 0, 0], 'E': [0, 0, 1, 0, 0, 0, 1, 1, 0, 0], 'F': [0, 0, 0, 0, 0, 0, 0, 0, 0, 0], 'G': [0, 1, 0, 0, 1, 0, 1, 0, 0, 0], 'H': [1, 0, 0, 0, 0, 0, 0, 0, 0, 0], 'I': [0, 0, 1, 0, 0, 0, 0, 0, 0, 0], 'J': [1, 1, 0, 0, 1, 1, 0, 0, 0, 0]}, '校医院西': {'A': [0, 1, 1, 1, 1, 1, 1, 1, 0, 0], 'B': [1, 0, 1, 0, 0, 0, 1, 1, 1, 1], 'C': [1, 1, 1, 1, 1, 1, 1, 1, 1, 1], 'D': [1, 1, 1, 1, 1, 0, 1, 1, 1, 1], 'E': [1, 1, 0, 1, 1, 1, 1, 1, 1, 1], 'F': [1, 1, 1, 1, 1, 0, 1, 1, 0, 1], 'G': [0, 1, 1, 0, 0, 1, 0, 1, 1, 0], 'H': [0, 0, 0, 0, 0, 0, 0, 0, 1, 0], 'I': [1, 0, 0, 0, 0, 0, 0, 0, 1, 0]}}
624391	2024-07-13 23:57:21.429000+08:00	2024-07-13 23:57:21.429000+08:00	{'东门北侧': {'A': [1, 1, 1, 1, 1, 0, 1, 1, 1, 1], 'B': [1, 1, 1, 1, 1, 1, 1, 1, 1, 1], 'C': [0, 1, 0, 1, 0, 1, 1, 0, 0, 0], 'D': [1, 0, 1, 1, 1, 1, 0, 1, 1, 1], 'E': [1, 0, 1, 1, 1, 0, 1, 0, 1, 1], 'F': [1, 1, 1, 1, 1, 1, 1, 1, 1, 1], 'G': [1, 1, 1, 1, 1, 0, 1, 1, 0, 1], 'H': [1, 1, 1, 1, 1, 0, 0, 1, 0, 1], 'I': [0, 1, 0, 1, 1, 1, 1, 1, 1, 1], 'J': [1, 1, 1, 1, 1, 0, 1, 1, 1, 0], 'K': [0, 1, 0, 0, 1, 1, 1, 1, 1, 0]}, '东门南侧': {'A': [0, 0, 0, 0, 1, 0, 0, 0, 0, 0], 'B': [0, 0, 0, 0, 0, 0, 0, 0, 0, 0]}, '西门北侧': {'A': [1, 1, 0, 1, 1, 1, 0, 1, 1, 1], 'B': [1, 1, 1, 1, 0, 1, 1, 0, 1, 1], 'C': [1, 1, 1, 1, 0, 1, 1, 1, 0, 1]}, '西门南侧': {'A': [0, 1, 1, 1, 1, 1, 1, 0, 1, 1], 'B': [1, 1, 1, 1, 1, 1, 1, 1, 0, 1], 'C': [1, 0, 0, 1, 0, 0, 1, 1, 0, 1]}, '南门西侧': {'A': [1, 1, 1, 1, 1, 1, 1, 1, 1, 1], 'B': [1, 1, 0, 0, 1, 1, 0, 1, 1, 0]}, '南门东侧': {'A': [1, 1, 0, 1, 0, 1, 1, 1, 1, 1], 'B': [1, 1, 1, 1, 1, 1, 1, 1, 1, 1]}, '北门东北侧': {'A': [1, 1, 1, 1, 1, 1, 1, 1, 1, 1], 'B': [0, 1, 1, 1, 1, 1, 0, 1, 1, 0], 'C': [1, 1, 0, 1, 0, 0, 0, 1, 1, 1], 'D': [0, 0, 0, 0, 0, 0, 0, 1, 0, 0]}, '北门东南侧': {'A': [1, 1, 1, 0, 1, 1, 1, 1, 0, 1], 'B': [1, 1, 0, 1, 0, 0, 0, 1, 0, 0], 'C': [1, 0, 1, 0, 0, 0, 0, 0, 0, 1], 'D': [0, 1, 0, 0, 1, 0, 1, 0, 0, 1], 'E': [0, 1, 1, 1, 0, 1, 0, 0, 0, 1], 'F': [1, 1, 1, 1, 0, 1, 1, 1, 1, 1]}, '橘园北侧南': {'A': [0, 0, 1, 0, 0, 0, 0, 0, 0, 1], 'B': [0, 0, 0, 1, 1, 0, 0, 0, 1, 1], 'C': [0, 0, 0, 1, 1, 1, 0, 0, 0, 0], 'D': [1, 0, 1, 1, 0, 0, 0, 0, 0, 0], 'E': [0, 0, 1, 0, 0, 0, 1, 1, 0, 0], 'F': [0, 0, 0, 0, 0, 0, 0, 0, 0, 0], 'G': [0, 1, 0, 0, 1, 0, 1, 0, 0, 0], 'H': [1, 0, 0, 0, 0, 0, 0, 0, 0, 0], 'I': [0, 0, 1, 0, 0, 0, 0, 0, 0, 0], 'J': [1, 1, 0, 0, 1, 1, 0, 0, 0, 0]}, '校医院西': {'A': [0, 1, 1, 1, 1, 1, 1, 1, 0, 0], 'B': [1, 0, 1, 0, 0, 0, 1, 1, 1, 1], 'C': [1, 1, 1, 1, 1, 1, 1, 1, 1, 1], 'D': [1, 1, 1, 1, 1, 0, 1, 1, 1, 1], 'E': [1, 1, 0, 1, 1, 1, 1, 1, 1, 1], 'F': [1, 1, 1, 1, 1, 0, 1, 1, 0, 1], 'G': [0, 1, 1, 0, 0, 1, 0, 1, 1, 0], 'H': [0, 0, 0, 0, 0, 0, 0, 0, 1, 0], 'I': [1, 0, 0, 0, 0, 0, 0, 0, 1, 0]}}
624392	2024-07-13 23:58:20.583000+08:00	2024-07-13 23:58:20.583000+08:00	{'东门北侧': {'A': [1, 1, 1, 1, 1, 0, 1, 1, 1, 1], 'B': [1, 1, 1, 1, 1, 1, 1, 1, 1, 1], 'C': [0, 1, 0, 1, 0, 1, 1, 0, 0, 0], 'D': [1, 0, 1, 1, 1, 1, 0, 1, 1, 1], 'E': [1, 0, 1, 1, 1, 0, 1, 0, 1, 1], 'F': [1, 1, 1, 1, 1, 1, 1, 1, 1, 1], 'G': [1, 1, 1, 1, 1, 0, 1, 1, 0, 1], 'H': [1, 1, 1, 1, 1, 0, 0, 1, 0, 1], 'I': [0, 1, 0, 1, 1, 1, 1, 1, 1, 1], 'J': [1, 1, 1, 1, 1, 0, 1, 1, 1, 0], 'K': [0, 1, 0, 0, 1, 1, 1, 1, 1, 0]}, '东门南侧': {'A': [0, 0, 0, 0, 1, 0, 0, 0, 0, 0], 'B': [0, 0, 0, 0, 0, 0, 0, 0, 0, 0]}, '西门北侧': {'A': [1, 1, 0, 1, 1, 1, 0, 1, 1, 1], 'B': [1, 1, 1, 1, 0, 1, 1, 0, 1, 1], 'C': [1, 1, 1, 1, 0, 1, 1, 1, 0, 1]}, '西门南侧': {'A': [0, 1, 1, 1, 1, 1, 1, 0, 1, 1], 'B': [1, 1, 1, 1, 1, 1, 1, 1, 0, 1], 'C': [1, 0, 0, 1, 0, 0, 1, 1, 0, 1]}, '南门西侧': {'A': [1, 1, 1, 1, 1, 1, 1, 1, 1, 1], 'B': [1, 1, 0, 0, 1, 1, 0, 1, 1, 0]}, '南门东侧': {'A': [1, 1, 0, 1, 0, 1, 1, 1, 1, 1], 'B': [1, 1, 1, 1, 1, 1, 1, 1, 1, 1]}, '北门东北侧': {'A': [1, 1, 1, 1, 1, 1, 1, 1, 1, 1], 'B': [0, 1, 1, 1, 1, 1, 0, 1, 1, 0], 'C': [1, 1, 0, 1, 0, 0, 0, 1, 1, 1], 'D': [0, 0, 0, 0, 0, 0, 0, 1, 0, 0]}, '北门东南侧': {'A': [1, 1, 1, 0, 1, 1, 1, 1, 0, 1], 'B': [1, 1, 0, 1, 0, 0, 0, 1, 0, 0], 'C': [1, 0, 1, 0, 0, 0, 0, 0, 0, 1], 'D': [0, 1, 0, 0, 1, 0, 1, 0, 0, 1], 'E': [0, 1, 1, 1, 0, 1, 0, 0, 0, 1], 'F': [1, 1, 1, 1, 0, 1, 1, 1, 1, 1]}, '橘园北侧南': {'A': [0, 0, 1, 0, 0, 0, 0, 0, 0, 1], 'B': [0, 0, 0, 1, 1, 0, 0, 0, 1, 1], 'C': [0, 0, 0, 1, 1, 1, 0, 0, 0, 0], 'D': [1, 0, 1, 1, 0, 0, 0, 0, 0, 0], 'E': [0, 0, 1, 0, 0, 0, 1, 1, 0, 0], 'F': [0, 0, 0, 0, 0, 0, 0, 0, 0, 0], 'G': [0, 1, 0, 0, 1, 0, 1, 0, 0, 0], 'H': [1, 0, 0, 0, 0, 0, 0, 0, 0, 0], 'I': [0, 0, 0, 0, 0, 0, 0, 0, 0, 0], 'J': [1, 1, 0, 0, 1, 1, 0, 0, 0, 0]}, '校医院西': {'A': [0, 1, 1, 1, 1, 1, 1, 1, 0, 0], 'B': [1, 0, 1, 0, 0, 0, 1, 1, 1, 1], 'C': [1, 1, 1, 1, 1, 1, 1, 1, 1, 1], 'D': [1, 1, 1, 1, 1, 0, 1, 1, 1, 1], 'E': [1, 1, 0, 1, 1, 1, 1, 1, 1, 1], 'F': [1, 1, 1, 1, 1, 0, 1, 1, 0, 1], 'G': [0, 1, 1, 0, 0, 1, 0, 1, 1, 0], 'H': [0, 0, 0, 0, 0, 0, 0, 0, 1, 0], 'I': [1, 0, 0, 0, 0, 0, 0, 0, 1, 0]}}
624393	2024-07-13 23:59:20.989000+08:00	2024-07-13 23:59:20.989000+08:00	{'东门北侧': {'A': [1, 1, 1, 1, 1, 0, 1, 1, 1, 1], 'B': [1, 1, 1, 1, 1, 1, 1, 1, 1, 1], 'C': [0, 1, 0, 1, 0, 1, 1, 0, 0, 0], 'D': [1, 0, 1, 1, 1, 1, 0, 1, 1, 1], 'E': [1, 0, 1, 1, 1, 0, 1, 0, 1, 1], 'F': [1, 1, 1, 1, 1, 1, 1, 1, 1, 1], 'G': [1, 1, 1, 1, 1, 0, 1, 1, 0, 1], 'H': [1, 1, 1, 1, 1, 0, 0, 1, 0, 1], 'I': [0, 1, 0, 1, 1, 1, 1, 1, 1, 1], 'J': [1, 1, 1, 1, 1, 0, 1, 1, 1, 0], 'K': [0, 1, 0, 0, 1, 1, 1, 1, 1, 0]}, '东门南侧': {'A': [0, 0, 0, 0, 1, 0, 0, 0, 0, 0], 'B': [0, 0, 0, 0, 0, 0, 0, 0, 0, 0]}, '西门北侧': {'A': [1, 1, 0, 1, 1, 1, 0, 1, 1, 1], 'B': [1, 1, 1, 1, 0, 1, 1, 0, 1, 1], 'C': [1, 1, 1, 1, 0, 1, 1, 1, 0, 1]}, '西门南侧': {'A': [0, 1, 1, 1, 1, 1, 1, 0, 1, 1], 'B': [1, 1, 1, 1, 1, 1, 1, 1, 0, 1], 'C': [1, 0, 0, 1, 0, 0, 1, 1, 0, 1]}, '南门西侧': {'A': [1, 1, 1, 1, 1, 1, 1, 1, 1, 1], 'B': [1, 1, 0, 0, 1, 1, 0, 1, 1, 0]}, '南门东侧': {'A': [1, 1, 0, 1, 0, 1, 1, 1, 1, 1], 'B': [1, 1, 1, 1, 1, 1, 1, 1, 1, 1]}, '北门东北侧': {'A': [1, 1, 1, 1, 1, 1, 1, 1, 1, 1], 'B': [0, 1, 1, 1, 1, 1, 0, 1, 1, 0], 'C': [1, 1, 0, 1, 0, 0, 0, 1, 1, 1], 'D': [0, 0, 0, 0, 0, 0, 0, 1, 0, 0]}, '北门东南侧': {'A': [1, 1, 1, 0, 1, 1, 1, 1, 0, 1], 'B': [1, 1, 0, 1, 0, 0, 0, 1, 0, 0], 'C': [1, 0, 1, 0, 0, 0, 0, 0, 0, 1], 'D': [0, 1, 0, 0, 1, 0, 1, 0, 0, 1], 'E': [0, 1, 1, 1, 0, 1, 0, 0, 0, 1], 'F': [1, 1, 1, 1, 0, 1, 1, 1, 1, 1]}, '橘园北侧南': {'A': [0, 0, 1, 0, 0, 0, 0, 0, 0, 1], 'B': [0, 0, 0, 1, 1, 0, 0, 0, 1, 1], 'C': [0, 0, 0, 1, 1, 1, 0, 0, 0, 0], 'D': [1, 0, 1, 1, 0, 0, 0, 0, 0, 0], 'E': [0, 0, 1, 0, 0, 0, 1, 1, 0, 0], 'F': [0, 0, 0, 0, 0, 0, 0, 0, 0, 0], 'G': [0, 1, 0, 0, 1, 0, 1, 0, 0, 0], 'H': [1, 0, 0, 0, 0, 0, 0, 0, 0, 0], 'I': [0, 0, 0, 0, 0, 0, 0, 0, 0, 0], 'J': [1, 1, 0, 0, 1, 1, 0, 0, 0, 0]}, '校医院西': {'A': [0, 1, 1, 1, 1, 1, 1, 1, 0, 0], 'B': [1, 0, 1, 0, 0, 0, 1, 1, 1, 1], 'C': [1, 1, 1, 1, 1, 1, 1, 1, 1, 1], 'D': [1, 1, 1, 1, 1, 0, 1, 1, 1, 1], 'E': [1, 1, 0, 1, 1, 1, 1, 1, 1, 1], 'F': [1, 1, 1, 1, 1, 0, 1, 1, 0, 1], 'G': [0, 1, 1, 0, 0, 1, 0, 1, 1, 0], 'H': [0, 0, 0, 0, 0, 0, 0, 0, 1, 0], 'I': [1, 0, 0, 0, 0, 0, 0, 0, 1, 0]}}
